# scores for worst/random/best/smart move selector strategies. 
# scores are 50% and 95% quantiles (based on 40 games) of: 
# game score, #destroyed, #unlocked, #stripes, #bombs, #zappers
3 3 0 0 0 0 0 0 0 0 0 0 0 14 14 0 0 0 0 0 0 0 0 0 0 0
7 7 0 0 0 0 0 0 0 0 0 0 0 34 22 0 0 0 0 0 0 0 0 0 0 0
12 12 0 0 0 0 0 0 0 0 0 0 0 65 27 0 1 0 0 0 0 0 0 0 0 0
17 17 0 0 0 0 0 0 0 0 0 0 0 78 32 0 1 0 0 0 0 0 0 0 0 0
24 24 0 0 0 0 0 0 0 0 0 0 0 81 34 4 2 1 0 0 0 0 0 0 0 0
29 28 0 0 0 0 0 0 0 0 0 0 0 89 40 4 2 1 1 0 0 0 0 0 0 0
33 31 0 0 0 0 0 0 0 0 0 0 0 126 50 4 2 1 1 0 0 0 0 0 0 0
42 34 0 0 0 0 0 0 0 0 0 0 0 524 84 6 7 5 1 1 0 0 0 0 0 0
54 40 0 0 0 0 0 0 0 0 0 0 0 558 88 6 8 5 1 1 0 0 0 0 0 0
59 45 0 0 0 0 0 0 0 0 0 0 0 666 105 8 13 5 1 1 0 0 0 0 0 0
63 49 0 0 0 0 0 0 0 0 0 0 0 679 111 8 16 5 1 1 0 0 0 0 0 0
75 55 0 0 0 0 0 0 0 0 0 0 0 683 117 8 16 5 1 1 0 0 1 0 0 0
90 62 0 1 0 0 0 0 0 0 0 0 0 687 126 9 16 5 1 1 0 0 1 0 0 0
115 70 0 1 0 0 0 0 0 0 0 0 0 704 143 9 16 8 1 1 1 0 1 0 1 0
123 76 1 2 0 0 0 0 0 0 0 0 0 707 146 10 16 8 1 2 1 0 1 0 1 0
131 80 1 2 0 0 0 0 0 0 0 0 0 716 149 10 16 8 1 2 1 0 1 0 1 0
146 85 1 3 0 0 0 0 0 0 0 0 0 719 153 10 16 8 2 2 1 0 1 0 1 0
161 91 1 3 0 0 0 0 0 0 0 0 0 723 158 10 18 8 2 2 1 0 1 1 1 0
204 105 2 4 0 0 0 0 0 0 0 0 0 726 162 10 18 8 2 2 1 0 1 1 1 0
225 108 2 4 0 0 0 0 0 0 0 0 0 749 167 10 18 8 2 2 1 0 1 1 1 0
388 121 4 8 1 1 0 0 0 0 0 0 0 754 171 10 18 8 2 2 1 0 1 1 1 0
394 125 4 8 1 1 0 0 0 0 0 0 0 757 176 10 18 8 2 2 1 0 1 1 1 0
403 132 5 8 1 1 0 0 0 0 0 0 0 763 181 10 18 8 2 2 1 0 1 1 1 0
406 135 5 8 1 1 0 0 0 0 0 0 0 766 187 10 18 8 2 2 1 0 1 1 1 0
422 143 5 8 1 1 0 0 0 0 0 0 0 801 190 10 18 8 2 2 1 0 1 1 1 0
433 146 5 8 1 1 0 0 0 0 0 0 0 804 193 10 18 8 2 2 1 0 2 1 1 0
445 152 5 8 1 1 0 0 0 0 0 0 0 809 204 10 19 8 2 2 1 0 2 1 1 0
499 165 5 9 1 1 0 0 0 0 0 0 0 823 218 10 21 9 2 2 1 0 2 1 1 0
506 170 6 9 1 1 1 0 0 0 0 0 0 856 222 10 21 9 2 2 1 0 2 1 1 0
524 176 6 9 1 1 1 0 0 0 0 0 0 869 227 10 21 9 2 2 1 0 2 1 1 0
544 180 6 9 1 1 1 0 0 0 0 0 0 872 238 10 21 9 2 2 1 0 2 1 1 0
548 185 7 10 1 1 1 0 0 0 0 0 0 876 243 10 22 9 2 2 1 0 2 1 1 0
555 191 7 10 1 1 1 0 0 0 0 0 0 893 250 10 22 9 2 2 1 0 2 1 1 0
572 196 7 10 1 1 1 0 0 0 0 0 0 900 256 10 23 10 2 3 1 0 2 1 1 0
623 206 7 10 1 1 1 0 0 0 0 0 0 955 262 10 24 10 2 3 1 0 2 1 1 0
642 210 7 11 1 1 1 0 0 0 0 0 0 979 269 10 24 10 2 3 1 0 2 1 1 0
646 215 7 11 1 1 1 0 0 0 0 0 0 997 283 10 24 10 2 3 1 0 2 1 1 0
649 218 7 12 1 1 1 0 0 0 0 0 0 1000 286 10 24 10 2 3 1 0 2 1 1 0
652 221 7 12 1 1 1 0 0 0 0 0 0 1003 289 10 24 10 2 3 1 0 2 1 1 0
667 225 7 12 1 1 1 0 0 0 0 0 0 1006 292 10 24 10 2 3 1 0 2 1 1 0
670 229 7 12 1 1 1 0 0 0 0 0 0 1009 295 10 24 10 2 3 1 0 2 1 1 0
