# scores for worst/random/best/smart move selector strategies. 
# scores are 50% and 95% quantiles (based on 40 games) of: 
# game score, #destroyed, #unlocked, #stripes, #bombs, #zappers
3 3 0 0 0 0 0 0 0 0 0 0 0 14 14 0 0 0 0 0 0 0 0 0 0 0
6 6 0 0 0 0 0 0 0 0 0 0 0 17 17 0 0 0 0 0 0 0 0 0 0 0
10 10 0 0 0 0 0 0 0 0 0 0 0 20 20 0 0 0 0 0 0 0 0 0 0 0
13 13 0 0 0 0 0 0 0 0 0 0 0 23 23 0 0 0 0 0 0 0 0 0 0 0
17 17 0 0 0 0 0 0 0 0 0 0 0 65 29 0 0 0 0 0 0 0 0 0 0 0
21 21 0 0 0 0 0 0 0 0 0 0 0 68 33 0 1 0 0 0 0 0 0 0 0 0
24 24 0 0 0 0 0 0 0 0 0 0 0 71 36 0 1 0 0 0 0 0 0 0 0 0
28 28 0 0 0 0 0 0 0 0 0 0 0 78 42 0 1 0 0 0 0 0 0 0 0 0
32 32 0 0 0 0 0 0 0 0 0 0 0 82 47 0 1 0 0 0 0 0 0 0 0 0
37 37 0 0 0 0 0 0 0 0 0 0 0 204 57 2 3 0 1 0 0 0 1 0 0 0
42 41 0 0 0 0 0 0 0 0 0 0 0 299 67 6 6 1 1 0 0 0 1 0 0 0
45 45 0 0 0 0 0 0 0 0 0 0 0 321 86 6 6 1 1 0 0 0 1 0 0 0
50 48 0 0 0 0 0 0 0 0 0 0 0 324 89 6 6 1 1 0 0 0 1 0 0 0
57 51 0 0 0 0 0 0 0 0 0 0 0 327 93 6 6 1 1 0 0 0 1 0 0 0
60 54 0 0 0 0 0 0 0 0 0 0 0 330 99 6 6 1 1 0 0 0 1 0 0 0
64 59 0 0 0 0 0 0 0 0 0 0 0 333 102 6 6 1 1 0 0 0 1 0 0 0
69 62 0 0 0 0 0 0 0 0 0 0 0 365 109 6 7 1 1 0 0 0 1 0 0 0
74 67 0 0 0 0 0 0 0 0 0 0 0 368 112 6 7 1 1 0 0 0 1 0 0 0
77 70 0 0 0 0 0 0 0 0 0 0 0 371 115 6 7 1 1 0 0 0 1 0 0 0
80 73 0 0 0 0 0 0 0 0 0 0 0 402 122 6 8 1 1 1 0 0 1 0 0 0
85 76 0 0 0 0 0 0 0 0 0 0 0 405 125 8 8 1 1 1 0 0 1 0 0 0
94 79 0 0 0 0 0 0 0 0 0 0 0 412 128 9 8 1 1 1 0 0 1 0 0 0
97 83 0 0 0 0 0 0 0 0 0 0 0 415 131 9 8 1 1 1 0 0 1 0 0 0
104 92 0 1 0 0 0 0 0 0 0 0 0 550 140 9 8 6 1 1 1 0 1 0 0 0
126 97 0 1 0 0 0 0 0 0 0 0 0 553 143 9 8 6 1 1 1 0 1 0 0 0
139 101 0 1 0 0 0 0 0 0 0 0 0 558 149 9 8 6 1 1 1 0 1 0 0 0
145 106 0 1 0 0 0 0 0 0 0 0 0 561 154 9 8 6 1 1 1 0 1 0 0 0
172 114 0 2 0 0 0 0 0 0 0 0 0 564 157 9 8 6 1 1 1 0 1 0 0 0
175 116 0 2 0 0 0 0 0 0 0 0 0 567 167 9 8 6 1 1 1 0 1 0 0 0
179 120 0 2 0 0 0 0 0 0 0 0 0 579 170 9 8 7 1 1 1 0 1 0 0 0
182 127 0 2 0 0 0 0 0 0 0 0 0 583 175 9 8 7 1 1 1 0 1 0 0 0
186 130 0 2 0 0 0 0 0 0 0 0 0 586 178 9 8 7 1 1 1 0 1 0 0 0
191 135 1 2 0 0 0 0 0 0 0 0 0 587 183 9 8 7 1 1 1 0 1 0 0 0
233 141 1 2 0 0 0 0 0 0 0 0 0 644 186 9 8 9 1 1 1 0 1 0 1 0
310 151 1 3 0 1 0 0 0 0 0 0 0 649 192 9 8 9 1 1 1 0 1 0 1 0
364 155 1 4 1 1 0 0 0 0 0 0 0 714 197 9 8 9 1 1 1 0 1 0 1 0
392 159 1 5 1 1 0 0 0 0 0 0 0 717 202 9 9 9 1 1 1 0 1 0 1 0
397 163 1 5 1 1 0 0 0 0 0 0 0 720 205 9 9 9 1 1 1 0 1 0 1 0
415 173 2 6 1 1 0 0 0 0 0 0 0 723 218 9 9 9 1 1 1 0 1 0 1 0
421 177 4 6 1 1 0 0 0 0 0 0 0 729 221 9 9 9 1 1 1 0 1 0 1 0
436 185 4 7 1 1 0 0 0 0 0 0 0 733 224 9 11 9 1 1 1 0 1 0 1 0
