# scores for worst/random/best/smart move selector strategies. 
# scores are 50% and 95% quantiles (based on 40 games) of: 
# game score, #destroyed, #unlocked, #stripes, #bombs, #zappers
3 3 0 0 0 0 0 0 0 0 0 0 0 6 6 0 0 0 0 0 0 0 0 0 0 0
7 7 0 0 0 0 0 0 0 0 0 0 0 32 21 1 0 0 0 0 0 0 0 0 0 0
11 11 0 0 0 0 0 0 0 0 0 0 0 72 29 2 1 0 0 0 0 0 0 0 0 0
18 18 0 0 0 0 0 0 0 0 0 0 0 111 43 4 2 1 0 1 0 0 0 0 0 0
27 24 0 0 0 0 0 0 0 0 0 0 0 117 48 4 2 1 0 1 0 0 0 0 0 0
32 30 0 0 0 0 0 0 0 0 0 0 0 131 55 9 2 1 0 1 0 0 0 0 0 0
43 33 0 0 0 0 0 0 0 0 0 0 0 175 64 9 2 1 0 1 0 0 0 0 0 0
48 40 0 0 0 0 0 0 0 0 0 0 0 195 73 9 2 1 0 1 0 0 0 0 0 0
54 45 0 0 0 0 0 0 0 0 0 0 0 202 81 9 2 1 0 1 0 0 0 0 0 0
73 54 0 0 0 0 0 0 0 0 0 0 0 239 88 9 2 1 1 1 0 0 1 0 0 0
82 59 0 1 0 0 0 0 0 0 0 0 0 284 102 9 2 2 1 1 0 0 1 0 0 0
102 68 1 1 0 0 0 0 0 0 0 0 0 290 109 9 3 2 1 1 0 0 1 0 0 0
106 72 1 1 0 0 0 0 0 0 0 0 0 308 116 9 4 2 1 1 1 0 1 0 0 0
116 79 1 1 0 0 0 0 0 0 0 0 0 334 125 9 4 2 1 1 1 0 1 0 0 0
144 85 1 1 0 0 0 0 0 0 0 0 0 338 133 9 4 2 1 1 1 0 1 0 0 0
167 91 1 2 0 0 0 0 0 0 0 0 0 380 155 10 5 2 1 1 1 0 1 0 0 0
170 97 1 2 0 0 0 0 0 0 0 0 0 385 161 10 5 2 1 1 1 0 1 0 0 0
183 105 1 2 0 0 0 0 0 0 0 0 0 389 165 10 5 2 1 1 1 0 1 0 0 0
203 114 1 2 0 0 0 0 0 0 0 0 0 404 173 10 6 2 1 1 1 0 1 0 0 0
240 128 1 2 0 0 0 0 0 0 0 0 0 408 177 10 6 2 1 1 1 0 1 0 0 0
249 138 1 3 0 0 0 0 0 0 0 0 0 425 180 10 6 2 1 1 1 0 1 0 0 0
266 148 1 3 0 0 0 0 0 0 0 0 0 430 195 10 6 2 1 1 1 0 1 0 0 0
279 155 3 4 0 0 0 0 0 0 0 0 0 453 200 10 7 2 1 1 1 0 1 0 0 0
284 160 3 4 0 0 0 0 0 0 0 0 0 472 206 10 7 2 1 1 1 0 1 0 0 0
311 163 3 4 0 0 0 0 0 0 0 0 0 493 217 10 7 2 1 2 1 0 1 0 0 0
320 168 3 4 0 0 0 0 0 0 0 0 0 507 222 10 8 2 1 2 1 0 1 0 0 0
351 178 3 5 0 0 1 0 0 0 0 0 0 512 229 10 8 2 1 2 1 0 1 0 0 0
384 187 3 5 0 0 1 0 0 0 0 0 0 589 255 10 9 3 2 2 1 0 2 0 0 0
399 198 3 6 1 0 1 0 0 0 0 0 0 593 262 10 9 3 2 2 1 0 2 0 0 0
410 205 3 6 1 0 1 0 0 0 0 0 0 596 265 11 10 3 2 2 1 0 2 0 0 0
439 215 3 6 1 0 1 0 0 0 0 0 0 755 269 11 12 3 2 2 1 0 2 0 0 0
455 221 4 6 1 0 1 0 0 0 0 0 0 762 290 11 12 3 2 2 1 0 2 0 0 0
468 228 4 6 1 0 1 0 0 0 0 0 0 802 313 11 12 3 2 2 1 0 2 0 0 0
490 234 4 7 1 0 1 0 0 0 0 0 0 809 319 11 12 3 2 2 1 0 2 0 0 0
517 239 4 7 1 0 1 0 0 0 0 0 0 814 324 11 13 3 2 2 1 0 2 0 0 0
521 247 4 8 1 0 1 0 0 0 0 0 0 818 330 11 13 3 2 2 1 0 2 0 0 0
542 253 4 8 1 0 1 0 0 0 0 0 0 983 334 11 19 3 2 2 1 0 2 0 0 0
554 262 4 8 1 0 1 0 0 0 0 0 0 987 347 11 19 3 2 2 1 0 2 0 0 0
558 270 4 8 1 0 1 0 0 0 0 0 0 993 355 11 20 3 2 2 1 0 2 0 0 0
578 279 4 8 1 1 1 0 0 0 0 0 0 1099 363 11 20 9 2 2 1 0 2 0 0 0
592 287 4 9 1 1 1 0 0 0 0 0 0 1105 370 11 20 9 2 3 1 0 2 0 0 0
