# scores for worst/random/best/smart move selector strategies. 
# scores are 50% and 95% quantiles (based on 40 games) of: 
# game score, #destroyed, #unlocked, #stripes, #bombs, #zappers
3 3 0 0 0 0 0 0 0 0 0 0 0 6 6 0 0 0 0 0 0 0 0 0 0 0
6 6 0 0 0 0 0 0 0 0 0 0 0 14 14 0 0 0 0 0 0 0 0 0 0 0
10 10 0 0 0 0 0 0 0 0 0 0 0 60 29 0 1 0 0 0 0 0 0 0 0 0
16 16 0 0 0 0 0 0 0 0 0 0 0 86 34 1 1 0 0 0 0 0 0 0 0 0
21 21 0 0 0 0 0 0 0 0 0 0 0 111 50 2 1 1 0 0 0 0 0 0 0 0
24 24 0 0 0 0 0 0 0 0 0 0 0 114 55 2 1 1 0 0 0 0 0 0 0 0
30 29 0 0 0 0 0 0 0 0 0 0 0 128 64 2 1 1 0 0 0 0 0 0 0 0
33 33 0 0 0 0 0 0 0 0 0 0 0 134 69 2 1 1 0 0 0 0 0 0 0 0
38 36 0 0 0 0 0 0 0 0 0 0 0 139 73 2 1 1 0 0 0 0 0 0 0 0
48 42 0 0 0 0 0 0 0 0 0 0 0 145 79 2 2 1 0 0 0 0 0 0 0 0
55 49 0 0 0 0 0 0 0 0 0 0 0 153 83 2 2 1 0 0 0 0 0 0 0 0
61 53 0 0 0 0 0 0 0 0 0 0 0 159 86 2 2 1 0 0 0 0 0 0 0 0
72 60 0 0 0 0 0 0 0 0 0 0 0 183 96 3 2 1 0 0 0 0 0 0 0 0
85 66 0 0 0 0 0 0 0 0 0 0 0 186 99 3 2 1 1 0 0 0 1 0 0 0
95 72 0 1 0 0 0 0 0 0 0 0 0 224 108 3 2 1 1 1 0 0 1 0 0 0
100 76 0 1 0 0 0 0 0 0 0 0 0 227 111 3 2 1 1 1 0 0 1 0 0 0
105 81 0 1 0 0 0 0 0 0 0 0 0 230 115 3 2 1 1 1 0 0 1 0 0 0
109 90 0 1 0 0 0 0 0 0 0 0 0 252 119 3 2 1 1 1 0 0 1 0 0 0
115 97 0 1 0 0 0 0 0 0 0 0 0 255 122 4 2 1 1 1 0 0 1 0 0 0
118 100 0 1 0 0 0 0 0 0 0 0 0 260 125 4 2 1 1 1 0 0 1 0 0 0
125 104 0 1 0 0 0 0 0 0 0 0 0 263 129 6 2 1 1 1 0 0 1 0 0 0
129 109 0 1 0 0 0 0 0 0 0 0 0 269 135 6 2 1 1 1 0 0 1 0 0 0
151 115 0 1 0 0 0 0 0 0 0 0 0 277 146 6 3 1 1 1 0 0 1 0 0 0
157 120 0 1 0 0 0 0 0 0 0 0 0 282 149 6 3 1 1 1 0 0 1 0 0 0
163 128 0 1 0 0 0 0 0 0 0 0 0 295 155 6 3 1 1 1 0 0 1 0 0 0
169 131 0 1 0 0 0 0 0 0 0 0 0 298 158 6 3 1 1 1 0 0 1 0 0 0
177 138 0 1 0 0 0 0 0 0 0 0 0 301 170 6 3 1 1 1 0 0 1 0 0 0
183 146 0 1 0 0 0 0 0 0 0 0 0 304 175 6 3 1 1 1 0 0 1 0 0 0
188 149 0 1 0 0 0 0 0 0 0 0 0 307 178 6 3 1 1 1 0 0 1 0 0 0
193 153 0 1 0 0 0 0 0 0 0 0 0 313 187 6 3 1 1 1 0 0 1 0 0 0
202 160 1 1 0 0 0 0 0 0 0 0 0 318 192 6 3 1 1 1 0 0 1 0 0 0
209 164 1 1 0 0 0 0 0 0 0 0 0 368 208 6 4 1 1 1 1 0 1 0 0 0
213 167 1 2 0 0 0 0 0 0 0 0 0 384 217 6 4 1 1 1 1 0 1 0 0 0
220 171 1 2 0 0 0 0 0 0 0 0 0 387 223 6 4 1 1 1 1 0 1 0 0 0
249 180 1 2 0 0 0 0 0 0 0 0 0 390 227 6 4 1 1 1 1 0 1 0 0 0
258 185 1 2 0 0 0 0 0 0 0 0 0 402 234 6 4 1 1 1 1 0 1 0 0 0
277 190 1 2 0 0 0 0 0 0 0 0 0 423 246 6 4 1 1 1 1 0 1 0 0 0
283 195 1 2 0 0 0 0 0 0 0 0 0 431 249 6 4 2 1 1 1 0 1 0 0 0
287 200 1 2 0 0 0 0 0 0 0 0 0 436 258 6 5 2 1 1 1 0 1 0 0 0
290 207 1 2 0 0 0 0 0 0 0 0 0 442 264 7 5 2 1 1 1 0 1 0 0 0
303 210 1 2 0 0 0 0 0 0 0 0 0 458 267 7 5 2 1 1 1 0 1 0 0 0
