# scores for worst/random/best/smart move selector strategies. 
# scores are 50% and 95% quantiles (based on 40 games) of: 
# game score, #destroyed, #unlocked, #stripes, #bombs, #zappers
3 3 0 0 0 0 0 0 0 0 0 0 0 6 6 0 0 0 0 0 0 0 0 0 0 0
6 6 0 0 0 0 0 0 0 0 0 0 0 32 20 0 0 0 0 0 0 0 0 0 0 0
12 12 0 0 0 0 0 0 0 0 0 0 0 46 32 0 1 0 0 0 0 0 0 0 0 0
18 18 0 0 0 0 0 0 0 0 0 0 0 77 37 1 1 0 0 0 0 0 0 0 0 0
29 25 0 0 0 0 0 0 0 0 0 0 0 87 49 2 2 0 0 1 0 0 0 0 0 0
36 31 0 0 0 0 0 0 0 0 0 0 0 130 59 2 3 0 1 1 0 0 0 0 0 0
62 39 0 1 0 0 0 0 0 0 0 0 0 146 67 4 3 1 1 1 0 0 0 0 0 0
98 47 1 1 0 0 0 0 0 0 0 0 0 175 84 7 3 1 1 1 0 0 1 0 0 0
110 57 1 1 0 0 0 0 0 0 0 0 0 233 92 8 4 1 1 1 1 0 1 0 0 0
123 69 1 2 0 0 0 0 0 0 0 0 0 280 114 9 5 2 1 1 1 0 1 0 0 0
164 78 1 2 0 0 0 0 0 0 0 0 0 295 122 9 6 2 1 1 1 0 1 0 0 0
183 90 2 2 0 0 0 0 0 0 0 0 0 347 138 9 7 2 1 1 1 0 1 0 0 0
197 98 2 3 0 0 0 0 0 0 0 0 0 355 142 9 8 2 1 1 1 0 1 0 0 0
214 109 2 3 0 0 0 0 0 0 0 0 0 384 150 9 8 2 1 1 1 0 1 0 0 0
249 117 2 3 0 0 0 0 0 0 0 0 0 413 186 11 8 2 2 1 2 0 1 0 0 0
277 126 2 4 1 0 0 0 0 0 0 0 0 463 196 11 8 2 2 1 2 0 2 0 0 0
306 140 2 4 1 1 0 0 0 1 0 0 0 481 202 11 8 2 2 2 2 0 2 0 0 0
347 155 2 4 1 1 0 0 0 1 0 0 0 538 221 11 8 3 2 2 2 1 2 0 0 0
372 166 2 5 1 1 0 0 0 1 0 0 0 549 231 11 8 3 2 2 2 1 2 0 0 0
400 177 2 5 1 1 0 0 0 1 0 0 0 557 242 11 8 3 3 2 2 1 3 0 0 0
422 189 2 5 1 1 1 0 0 1 0 0 0 615 258 11 9 3 3 2 2 1 3 0 0 0
445 200 2 5 1 1 1 0 0 1 0 0 0 623 265 11 10 3 3 2 2 1 3 0 0 0
465 208 2 6 1 1 1 0 0 1 0 0 0 714 280 11 10 3 4 2 2 1 4 0 0 0
491 223 2 6 1 1 1 0 0 1 0 0 0 724 293 11 11 3 4 2 2 1 4 0 0 0
501 230 2 6 1 1 1 0 0 1 0 0 0 1009 312 11 19 3 4 2 2 1 4 1 0 0
526 238 2 7 1 1 1 0 0 1 0 0 0 1021 319 11 19 3 4 2 2 1 4 1 0 0
577 250 2 7 1 1 1 0 0 1 0 0 0 1093 339 11 21 4 4 2 2 1 4 1 0 0
593 264 2 7 1 1 1 0 0 1 0 0 0 1099 348 11 21 4 4 2 2 1 4 1 0 0
620 277 2 8 1 1 1 0 0 1 0 0 0 1109 356 11 21 4 5 2 2 1 4 1 0 0
658 291 2 8 1 2 1 0 0 2 0 0 0 1140 370 11 22 4 5 2 2 1 4 1 0 0
680 298 2 9 1 2 1 0 0 2 0 0 0 1191 395 11 22 4 5 2 2 1 5 1 0 0
711 308 3 9 1 2 1 0 0 2 0 0 0 1195 405 11 22 4 5 2 2 1 5 1 0 0
749 331 3 10 2 2 1 0 0 2 0 0 0 1234 423 11 22 4 5 2 2 1 5 1 0 0
772 350 3 10 2 2 1 0 0 2 0 0 0 1250 440 11 22 4 5 3 2 1 5 1 0 0
785 356 3 11 2 2 1 0 0 2 0 0 0 1261 447 11 23 4 5 3 2 1 5 1 0 0
812 362 3 12 2 2 1 0 0 2 0 0 0 1299 469 11 24 4 5 3 2 1 5 1 0 0
824 372 3 12 2 2 1 0 0 2 0 0 0 1310 477 11 24 4 5 3 2 1 5 1 0 0
831 377 3 12 2 2 1 0 0 2 0 0 0 1382 484 11 24 5 5 3 2 1 5 1 0 0
884 390 3 12 2 2 1 0 0 2 0 0 0 1423 503 11 24 5 5 3 2 1 5 1 0 0
927 404 3 14 2 2 1 0 0 2 0 0 0 1448 508 11 25 5 5 3 2 1 5 1 0 0
964 415 3 14 2 2 1 0 0 2 0 0 0 1466 533 11 26 5 6 3 2 1 5 1 0 0
