# scores for worst/random/best/smart move selector strategies. 
# scores are 50% and 95% quantiles (based on 40 games) of: 
# game score, #destroyed, #unlocked, #stripes, #bombs, #zappers
3 3 0 0 0 0 0 0 0 0 0 0 0 6 6 0 0 0 0 0 0 0 0 0 0 0
6 6 0 0 0 0 0 0 0 0 0 0 0 13 13 0 0 0 0 0 0 0 0 0 0 0
9 9 0 0 0 0 0 0 0 0 0 0 0 18 18 0 0 0 0 0 0 0 0 0 0 0
15 15 0 0 0 0 0 0 0 0 0 0 0 31 23 0 0 0 0 0 0 0 0 0 0 0
21 20 0 0 0 0 0 0 0 0 0 0 0 47 28 0 1 0 0 0 0 0 0 0 0 0
24 24 0 0 0 0 0 0 0 0 0 0 0 53 38 1 1 0 0 0 0 0 0 0 0 0
27 27 0 0 0 0 0 0 0 0 0 0 0 65 49 1 1 0 0 0 0 0 0 0 0 0
33 33 0 0 0 0 0 0 0 0 0 0 0 74 55 1 1 0 0 0 0 0 0 0 0 0
39 36 0 0 0 0 0 0 0 0 0 0 0 80 58 1 1 0 0 0 0 0 0 0 0 0
45 42 0 0 0 0 0 0 0 0 0 0 0 92 68 1 1 0 0 0 0 0 0 0 0 0
51 47 0 0 0 0 0 0 0 0 0 0 0 102 75 1 1 0 0 0 0 0 0 0 0 0
55 51 0 0 0 0 0 0 0 0 0 0 0 105 80 1 1 0 0 0 0 0 0 0 0 0
61 58 0 0 0 0 0 0 0 0 0 0 0 111 86 1 1 0 0 0 0 0 0 0 0 0
68 64 0 0 0 0 0 0 0 0 0 0 0 122 92 1 1 1 0 0 0 0 0 0 0 0
72 68 0 0 0 0 0 0 0 0 0 0 0 125 96 1 1 1 0 0 0 0 0 0 0 0
75 73 0 0 0 0 0 0 0 0 0 0 0 149 101 2 1 1 0 0 0 0 0 0 0 0
84 76 0 0 0 0 0 0 0 0 0 0 0 152 105 2 1 1 0 0 0 0 0 0 0 0
91 84 0 0 0 0 0 0 0 0 0 0 0 155 108 2 1 1 0 0 0 0 0 0 0 0
98 88 0 0 0 0 0 0 0 0 0 0 0 160 111 2 2 1 0 0 0 0 0 0 0 0
102 94 0 0 0 0 0 0 0 0 0 0 0 170 115 2 2 1 0 0 0 0 0 0 0 0
105 97 0 0 0 0 0 0 0 0 0 0 0 173 121 2 2 1 0 0 0 0 0 0 0 0
119 103 0 0 0 0 0 0 0 0 0 0 0 176 126 2 2 1 0 0 0 0 0 0 0 0
122 106 0 0 0 0 0 0 0 0 0 0 0 181 132 3 2 1 0 0 0 0 0 0 0 0
130 109 0 0 0 0 0 0 0 0 0 0 0 223 141 3 2 1 0 0 0 0 0 0 0 0
133 118 0 0 0 0 0 0 0 0 0 0 0 244 145 3 2 1 0 0 0 0 0 0 0 0
152 124 0 1 0 0 0 0 0 0 0 0 0 247 148 3 2 1 0 0 0 0 0 0 0 0
155 127 0 1 0 0 0 0 0 0 0 0 0 273 154 3 2 1 0 0 0 0 0 0 0 0
159 130 0 1 0 0 0 0 0 0 0 0 0 276 160 3 2 1 0 0 0 0 0 0 0 0
162 135 0 1 0 0 0 0 0 0 0 0 0 281 167 3 2 1 0 0 0 0 0 0 0 0
165 138 0 1 0 0 0 0 0 0 0 0 0 285 170 3 2 1 0 0 0 0 0 0 0 0
168 143 0 1 0 0 0 0 0 0 0 0 0 293 177 3 2 1 0 0 0 0 0 0 0 0
171 148 0 1 0 0 0 0 0 0 0 0 0 298 180 3 2 1 0 0 0 0 0 0 0 0
178 153 0 1 0 0 0 0 0 0 0 0 0 301 183 3 2 1 0 0 0 0 0 0 0 0
181 156 0 1 0 0 0 0 0 0 0 0 0 306 186 3 2 1 0 0 0 0 0 0 0 0
185 160 0 1 0 0 0 0 0 0 0 0 0 311 190 3 2 1 0 0 0 0 0 0 0 0
190 167 0 1 0 0 0 0 0 0 0 0 0 315 198 3 2 1 0 0 0 0 0 0 0 0
197 172 0 1 0 0 0 0 0 0 0 0 0 318 202 3 2 1 0 0 0 0 0 0 0 0
201 177 0 1 0 0 0 0 0 0 0 0 0 321 209 3 2 1 0 0 0 0 0 0 0 0
205 182 0 1 0 0 0 0 0 0 0 0 0 326 214 3 2 1 0 0 0 0 0 0 0 0
210 186 0 1 0 0 0 0 0 0 0 0 0 336 219 3 2 1 0 0 0 0 0 0 0 0
217 190 0 1 0 0 0 0 0 0 0 0 0 344 222 3 3 1 0 0 0 0 0 0 0 0
