# scores for worst/random/best/smart move selector strategies. 
# scores are 50% and 95% quantiles (based on 40 games) of: 
# game score, #destroyed, #unlocked, #stripes, #bombs, #zappers
28 28 0 0 0 0 0 0 0 0 0 0 0 333 147 0 4 2 0 0 0 0 0 0 0 0
189 94 0 1 0 0 0 0 0 0 0 0 0 1200 344 0 20 16 2 0 0 0 1 1 0 0
417 189 0 4 3 1 0 0 0 0 0 0 0 1919 496 0 28 27 7 1 1 0 1 1 1 0
798 279 0 6 4 1 0 0 0 0 0 0 0 3542 889 0 36 33 12 1 1 1 2 1 1 0
1125 327 0 9 5 2 0 0 0 1 0 0 0 4112 986 0 47 58 13 1 1 1 2 1 1 1
1399 431 0 12 9 3 0 0 0 1 0 0 0 5469 1283 0 49 62 20 1 2 1 3 1 2 1
1863 546 0 15 12 4 0 0 0 1 0 0 0 5637 1345 0 51 75 21 2 2 1 3 1 2 1
2333 607 0 18 16 5 0 0 0 2 0 0 0 5881 1475 0 53 80 23 2 2 1 4 1 2 1
2585 711 0 30 22 5 0 0 0 2 0 0 0 6382 1543 0 53 82 24 2 2 1 4 1 2 1
3125 832 0 33 31 6 0 0 0 2 0 0 0 6408 1722 0 56 83 25 2 2 2 4 1 2 1
3314 925 0 35 33 7 0 1 0 2 1 0 0 6498 1808 0 58 83 25 3 2 2 5 1 2 1
3737 1005 0 37 35 9 0 1 0 3 1 1 0 6919 1906 0 78 87 25 3 3 2 5 2 2 1
4017 1115 0 39 37 9 0 1 0 3 1 1 0 7224 1989 0 85 88 26 3 3 2 5 2 2 1
4526 1254 0 45 40 12 1 1 1 3 1 1 0 8083 2011 0 92 97 27 3 3 2 5 2 2 1
4765 1314 0 45 41 12 1 1 1 4 1 1 0 8760 2060 0 98 97 28 3 3 2 6 2 2 1
5338 1380 0 49 47 15 1 1 1 4 1 1 0 9095 2215 0 103 100 29 3 3 2 6 2 2 1
5650 1514 0 50 52 15 1 1 1 4 1 1 0 9264 2344 0 107 100 30 3 3 2 6 2 2 2
6109 1554 0 53 57 15 1 1 1 4 1 1 0 9330 2429 0 108 102 31 3 3 2 6 3 2 2
6540 1735 0 55 59 17 1 1 1 4 1 1 0 10115 2590 0 115 105 32 3 4 2 7 3 3 2
7116 1814 0 57 68 18 1 1 1 4 1 1 0 10934 2628 0 115 107 32 3 4 2 8 3 3 2
7438 1951 0 61 70 19 1 1 1 4 1 1 0 11078 2808 0 115 114 32 3 4 3 8 3 3 2
7583 2028 0 64 75 20 1 1 1 4 1 1 1 11587 2944 0 127 119 34 3 4 3 8 3 3 2
7671 2093 0 66 77 20 1 1 1 5 1 1 1 11629 3111 0 127 121 34 3 4 3 9 3 3 2
7852 2249 0 69 77 21 1 2 1 5 1 1 1 11805 3153 0 142 126 34 3 4 3 9 4 3 2
8328 2297 0 74 78 22 1 2 1 5 1 1 1 12149 3189 0 143 129 35 4 4 3 9 4 3 2
8537 2328 0 76 82 23 1 2 1 5 1 1 1 13534 3315 0 147 141 38 4 4 4 9 4 3 2
8667 2404 0 77 83 24 1 2 2 6 1 1 1 13864 3349 0 150 144 41 4 4 4 9 4 3 2
9294 2541 0 81 93 26 1 2 2 6 1 1 1 14057 3579 0 153 147 43 4 4 4 10 4 3 2
9745 2607 0 85 95 28 1 2 2 7 1 2 1 14427 3776 0 155 155 44 4 4 4 10 4 3 2
10209 2762 0 89 98 29 1 2 2 7 1 2 1 15033 3943 0 161 157 45 4 4 4 10 4 3 2
10457 2833 0 91 99 29 1 2 2 7 1 2 1 15603 4073 0 165 159 46 4 4 4 10 4 3 2
10835 2895 0 94 102 31 1 2 2 7 1 2 1 16589 4165 0 168 168 48 5 5 4 11 4 3 3
11533 3008 0 94 105 32 1 2 2 8 1 2 1 17701 4332 0 169 177 52 5 5 4 11 4 4 3
11771 3149 0 96 109 33 2 2 2 8 2 2 1 18279 4405 0 186 179 52 5 5 4 12 5 4 3
12296 3278 0 106 114 34 2 2 2 8 2 2 1 18946 4429 0 190 191 55 5 5 4 12 5 4 3
13094 3421 0 113 117 34 2 2 2 8 2 2 1 20019 4902 0 190 202 61 5 5 4 13 5 4 3
13178 3452 0 113 118 35 2 2 2 8 2 2 1 20590 5012 0 191 209 64 5 5 5 13 5 5 3
13601 3601 0 117 120 37 2 2 2 9 2 2 1 20968 5092 0 203 211 66 5 5 5 14 5 5 3
13732 3652 0 118 121 38 2 2 2 9 2 2 1 21493 5286 0 206 213 69 5 5 5 14 6 5 3
14028 3778 0 120 128 39 2 3 2 9 2 2 1 22432 5522 0 207 224 71 5 5 5 14 6 5 3
14278 3988 0 123 133 40 2 3 2 9 2 2 1 22638 5597 0 210 224 71 6 5 5 15 6 5 3
