# scores for worst/random/best/smart move selector strategies. 
# scores are 50% and 95% quantiles (based on 40 games) of: 
# game score, #destroyed, #unlocked, #stripes, #bombs, #zappers
28 28 0 0 0 0 0 0 0 0 0 0 0 333 147 0 4 2 0 0 0 0 0 0 0 0
53 43 0 0 0 0 0 0 0 0 0 0 0 342 153 0 4 2 1 0 0 0 0 0 0 0
88 54 0 0 0 0 0 0 0 0 0 0 0 679 239 0 7 4 1 0 0 0 1 0 0 0
128 69 0 1 1 0 0 0 0 0 0 0 0 772 265 0 10 7 2 0 0 0 1 0 0 0
190 111 0 2 1 0 0 0 0 0 0 0 0 1265 407 0 13 10 3 0 0 0 1 0 0 0
327 142 0 3 2 0 0 0 0 0 0 0 0 1814 601 0 16 12 7 0 0 0 1 0 0 0
418 197 0 4 3 0 0 0 0 0 0 0 0 1857 620 0 17 13 7 0 0 0 2 0 0 0
515 258 0 4 4 0 0 0 0 0 0 0 0 1866 643 0 17 14 7 0 0 0 2 0 0 0
717 312 0 7 4 1 0 0 0 0 0 0 0 1934 678 0 17 16 7 0 0 0 2 0 0 0
849 352 0 9 5 1 0 0 0 0 0 0 0 2691 872 0 20 18 11 0 0 0 2 0 0 0
1173 450 0 11 7 2 0 0 0 0 0 0 0 3163 956 0 20 23 12 0 0 0 2 0 0 0
1323 480 0 11 9 2 0 0 0 0 0 0 0 3192 968 0 21 24 12 1 0 0 2 0 0 0
1541 520 0 13 11 3 0 0 0 0 0 0 0 3529 1105 0 29 31 17 1 0 0 2 0 0 0
1708 568 0 13 12 3 0 0 0 0 0 0 0 3533 1120 0 29 32 17 1 0 0 2 0 0 0
1742 579 0 14 12 3 0 0 0 1 0 0 0 3824 1244 0 32 39 17 1 0 0 2 0 0 0
1813 619 0 15 13 4 0 0 0 1 0 0 0 4280 1267 0 34 40 19 1 0 0 3 0 0 0
1909 650 0 17 15 4 0 0 0 1 0 0 0 5216 1740 0 38 44 22 1 0 0 3 0 0 0
1913 658 0 17 15 4 0 0 0 1 0 0 0 5242 1750 0 47 45 22 1 0 0 3 0 0 0
2089 707 0 19 16 4 0 0 0 1 0 0 0 5501 1779 0 48 49 23 1 0 0 3 0 0 0
2277 797 0 20 18 5 0 0 0 1 0 0 0 5814 1786 0 56 52 24 1 1 0 4 1 0 0
2454 861 0 21 19 5 0 0 0 1 0 0 0 6138 1921 0 56 54 26 1 1 0 4 1 0 0
2681 932 0 22 19 6 0 0 0 1 0 0 0 6876 2038 0 60 56 29 1 1 0 4 1 0 0
2686 937 0 22 19 6 0 0 0 1 0 0 0 7491 2307 0 60 61 29 1 1 0 4 1 0 0
3002 983 0 24 20 6 0 0 0 1 0 0 0 7499 2316 0 63 61 29 1 1 0 4 1 0 0
3260 1126 0 27 21 8 0 0 0 2 0 0 0 7987 2533 0 63 61 32 1 1 0 4 1 0 0
3264 1129 0 29 23 9 0 0 0 2 0 0 0 7991 2537 0 64 61 32 1 1 0 4 1 1 0
3280 1142 0 29 24 9 0 0 0 2 0 0 0 7994 2540 0 64 61 32 1 1 0 4 1 1 0
3394 1207 0 31 26 11 0 0 0 2 0 0 0 8009 2555 0 76 61 32 1 1 0 4 1 1 0
3522 1223 0 31 28 11 0 0 0 2 0 0 0 8158 2600 0 76 61 32 1 1 0 5 1 1 0
3779 1309 0 34 28 11 0 0 0 2 0 0 0 8237 2670 0 76 61 32 1 1 0 5 1 1 0
3831 1323 0 39 30 11 0 0 0 2 0 0 0 8364 2731 0 77 62 33 1 1 0 5 1 1 0
3906 1398 0 40 30 11 0 0 0 2 0 0 0 8368 2736 0 82 62 33 1 1 0 5 1 1 0
4089 1421 0 40 31 11 0 0 0 2 0 0 0 8548 2795 0 83 66 34 1 1 0 5 1 1 0
4158 1443 0 40 31 13 0 0 0 2 0 0 0 8594 2810 0 83 66 34 1 1 0 5 1 1 0
4442 1509 0 42 34 13 0 0 0 2 0 0 0 8655 2830 0 83 67 37 1 1 0 6 1 1 0
4447 1515 0 44 34 13 0 0 0 2 0 0 0 8841 2905 0 84 70 37 1 1 0 6 1 1 0
4787 1628 0 45 34 13 0 0 0 2 0 0 0 8851 2915 0 85 70 37 1 1 0 6 1 1 0
4934 1737 0 47 35 13 0 0 0 2 0 0 0 9012 2967 0 85 71 37 1 1 0 6 1 1 0
5160 1776 0 47 36 13 0 0 0 2 0 0 0 9232 3002 0 85 73 37 1 1 0 6 1 1 0
5171 1794 0 50 40 14 0 0 0 2 0 0 0 10087 3262 0 93 75 41 1 1 0 6 1 1 0
5279 1829 0 50 41 14 0 0 0 2 0 0 0 10414 3377 0 94 88 41 1 1 0 6 1 1 0
