# scores for worst/random/best/smart move selector strategies. 
# scores are 50% and 95% quantiles (based on 40 games) of: 
# game score, #destroyed, #unlocked, #stripes, #bombs, #zappers
28 28 0 0 0 0 0 0 0 0 0 0 0 333 147 0 4 2 0 0 0 0 0 0 0 0
222 85 0 2 0 0 0 0 0 0 0 0 0 1001 295 0 20 7 2 0 0 0 1 1 0 0
408 157 0 3 3 1 0 0 0 0 0 0 0 1934 547 0 34 28 5 0 1 1 1 1 1 0
871 309 0 6 6 2 0 0 0 1 0 0 0 2424 614 0 42 29 8 1 1 1 2 1 1 0
1236 429 0 8 10 3 0 0 0 1 0 0 0 3156 808 0 47 39 9 1 1 1 2 1 1 1
1531 494 0 12 12 4 0 0 0 1 0 0 0 4077 1025 0 61 49 14 1 2 1 3 1 1 1
1916 552 0 18 14 4 0 0 0 1 0 0 0 5065 1230 0 63 55 16 1 2 1 4 1 2 1
2227 623 0 21 19 4 0 0 0 2 0 0 0 5645 1381 0 67 57 17 1 2 2 4 2 2 1
2899 794 0 23 22 6 0 0 0 2 0 0 0 6110 1479 0 71 66 18 1 2 2 4 2 2 1
3257 872 0 27 28 8 0 0 0 2 0 1 0 6347 1551 0 75 68 19 1 2 2 4 2 2 1
3856 1011 0 36 35 9 0 0 0 3 0 1 0 6804 1691 0 78 75 23 1 2 2 4 2 2 1
4406 1154 0 38 40 10 0 1 0 3 1 1 0 8155 2055 0 82 78 27 1 2 2 5 2 2 1
5195 1343 0 40 47 11 0 1 0 3 1 1 0 8584 2263 0 85 94 29 1 2 2 5 2 2 1
5761 1568 0 43 51 14 0 1 0 3 1 1 0 8910 2458 0 92 98 30 1 2 2 5 3 2 1
6347 1666 0 53 57 16 0 1 0 4 1 1 0 9378 2608 0 100 109 31 1 2 2 6 3 3 1
6967 1809 0 58 61 18 0 1 0 4 1 1 0 10269 2732 0 107 129 33 2 2 2 6 3 4 1
7203 1887 0 60 61 19 0 1 0 4 1 1 0 10914 2779 0 109 133 33 2 3 2 7 3 4 1
7559 1950 0 62 65 19 0 1 0 4 1 1 0 12051 2948 0 113 136 34 2 3 2 7 3 4 1
8253 2081 0 66 73 20 0 1 0 5 1 1 0 13528 3167 0 114 149 40 2 3 2 8 3 4 1
8734 2291 0 68 80 21 0 1 1 5 1 1 0 14206 3252 0 118 170 46 2 3 2 9 3 4 1
9069 2433 0 84 85 22 0 1 1 5 1 1 0 14339 3562 0 120 172 49 2 3 2 9 3 4 1
9837 2508 0 88 89 23 0 1 1 5 1 1 0 14452 3592 0 122 173 49 2 3 3 10 3 4 1
9969 2608 0 90 95 26 0 1 1 6 1 2 0 14949 3690 0 128 177 49 2 3 3 10 3 4 1
10341 2676 0 92 101 27 0 2 1 6 2 2 0 15726 3866 0 130 185 50 2 3 3 10 3 4 1
10537 2791 0 95 104 27 0 2 1 6 2 2 0 16546 3970 0 151 188 52 2 3 3 11 4 4 1
11177 2942 0 99 112 29 0 2 1 6 2 2 0 16815 4110 0 169 188 53 2 3 3 11 4 4 2
11519 3029 0 99 117 30 0 2 1 7 2 2 0 16866 4261 0 173 190 55 2 3 3 11 4 4 2
12302 3159 0 105 121 32 0 2 1 7 2 2 1 17533 4353 0 175 206 56 2 3 3 11 4 5 2
12501 3280 0 115 125 33 0 2 1 7 2 2 1 18501 4450 0 181 212 56 2 3 3 11 4 5 2
13172 3361 0 121 129 34 0 2 1 8 2 2 1 18638 4666 0 184 213 57 2 3 3 12 4 5 2
13411 3447 0 125 130 35 0 2 1 8 2 2 1 18903 4768 0 196 218 58 3 3 3 12 5 5 2
14052 3569 0 128 137 37 1 2 1 8 2 2 1 19017 4815 0 197 218 58 3 3 4 12 5 5 2
14434 3772 0 131 142 39 1 2 1 8 2 3 1 19442 4884 0 197 227 59 3 4 4 12 5 5 2
14652 3833 0 132 151 40 1 2 1 9 2 3 1 20555 5270 0 208 234 61 3 4 4 13 5 5 2
15452 3928 0 139 152 42 1 2 1 9 2 3 1 21457 5389 0 214 250 62 3 4 4 13 5 6 2
16305 4083 0 143 156 42 1 2 1 9 2 3 1 21830 5485 0 215 253 64 3 5 4 14 5 6 2
16425 4183 0 146 157 43 1 3 1 9 2 3 1 22478 5654 0 218 258 66 3 5 4 14 5 6 2
16952 4283 0 148 163 44 1 3 1 10 3 3 1 22610 5776 0 221 259 67 3 5 4 15 5 6 2
17194 4486 0 149 166 44 1 3 1 10 3 3 1 23899 5976 0 221 273 69 4 5 4 15 5 6 2
17828 4618 0 150 171 45 1 3 1 10 3 3 1 24066 6034 0 226 274 73 4 5 4 16 5 6 2
17874 4731 0 154 175 46 1 3 1 11 3 4 1 24845 6124 0 229 277 73 4 5 4 16 5 7 2
