# scores for worst/random/best/smart move selector strategies. 
# scores are 50% and 95% quantiles (based on 40 games) of: 
# game score, #destroyed, #unlocked, #stripes, #bombs, #zappers
28 28 0 0 0 0 0 0 0 0 0 0 0 333 147 0 4 2 0 0 0 0 0 0 0 0
50 43 0 0 0 0 0 0 0 0 0 0 0 347 161 0 4 2 0 0 0 0 0 0 0 0
67 50 0 0 0 0 0 0 0 0 0 0 0 385 185 0 4 3 0 0 0 0 0 0 0 0
94 64 0 1 0 0 0 0 0 0 0 0 0 463 201 0 4 4 1 0 0 0 0 0 0 0
111 77 0 1 0 0 0 0 0 0 0 0 0 585 247 0 6 4 1 0 0 0 0 0 0 0
175 93 0 1 1 0 0 0 0 0 0 0 0 897 324 0 9 7 1 0 0 0 0 0 0 0
197 107 0 1 1 0 0 0 0 0 0 0 0 900 327 0 9 7 1 0 0 0 0 0 0 0
224 119 0 2 1 0 0 0 0 0 0 0 0 992 375 0 9 7 2 0 0 0 0 0 0 0
257 135 0 2 1 0 0 0 0 0 0 0 0 1095 414 0 9 8 3 0 0 0 0 0 0 0
279 142 0 2 2 0 0 0 0 0 0 0 0 1145 436 0 9 9 3 0 0 0 0 0 0 0
298 161 0 2 2 0 0 0 0 0 0 0 0 1149 439 0 10 9 3 0 0 0 0 0 0 0
306 168 0 3 2 0 0 0 0 0 0 0 0 1388 534 0 12 10 5 0 0 0 0 0 0 0
310 171 0 3 2 0 0 0 0 0 0 0 0 1742 650 0 13 12 5 0 0 0 0 0 0 0
315 183 0 3 2 0 0 0 0 0 0 0 0 1753 663 0 13 12 5 0 0 0 0 0 0 0
357 208 0 3 3 0 0 0 0 0 0 0 0 1832 700 0 16 13 5 0 0 0 0 0 0 0
506 263 0 3 3 0 0 0 0 0 0 0 0 1971 731 0 19 13 6 0 0 0 0 0 0 0
575 280 0 4 3 0 0 0 0 0 0 0 0 1977 738 0 19 13 6 0 0 0 0 0 0 0
603 290 0 4 3 0 0 0 0 0 0 0 0 2444 862 0 21 18 8 0 0 0 0 0 0 0
646 331 0 5 3 0 0 0 0 0 0 0 0 2729 921 0 21 23 8 0 0 0 0 0 0 0
676 351 0 5 3 0 0 0 0 0 0 0 0 2753 929 0 21 24 8 0 0 0 0 0 0 0
685 357 0 5 4 0 0 0 0 0 0 0 0 2756 932 0 21 24 8 0 0 0 0 0 0 0
688 362 0 6 4 0 0 0 0 0 0 0 0 3354 1182 0 22 28 10 0 0 0 0 0 0 0
753 381 0 6 4 0 0 0 0 0 0 0 0 4248 1467 0 27 32 16 0 0 0 0 0 0 0
881 425 0 8 7 1 0 0 0 0 0 0 0 4286 1470 0 28 32 16 0 0 0 0 0 0 0
961 436 0 8 7 1 0 0 0 0 0 0 0 4289 1473 0 28 32 16 0 0 0 0 0 0 0
1060 463 0 8 8 1 0 0 0 0 0 0 0 4328 1480 0 28 32 16 0 0 0 0 0 0 0
1075 470 0 10 8 1 0 0 0 0 0 0 0 4585 1537 0 32 34 18 0 0 0 0 0 0 0
1151 504 0 10 8 1 0 0 0 0 0 0 0 4588 1540 0 32 34 18 0 0 0 0 0 0 0
1171 537 0 10 9 1 0 0 0 0 0 0 0 4593 1545 0 32 34 18 0 0 0 0 0 0 0
1201 548 0 11 9 1 0 0 0 0 0 0 0 4599 1550 0 32 34 18 0 0 0 0 0 0 0
1259 559 0 11 9 1 0 0 0 0 0 0 0 4602 1553 0 33 34 18 0 0 0 0 0 0 0
1300 603 0 11 10 1 0 0 0 0 0 0 0 4617 1567 0 33 34 18 0 0 0 0 0 0 0
1412 633 0 11 10 1 0 0 0 0 0 0 0 4621 1572 0 33 34 18 0 0 0 0 0 0 0
1415 636 0 12 10 1 0 0 0 0 0 0 0 4908 1626 0 34 36 18 0 0 0 0 0 0 0
1424 641 0 13 10 1 0 0 0 0 0 0 0 4911 1631 0 36 39 18 0 0 0 0 0 0 0
1427 646 0 14 11 1 0 0 0 0 0 0 0 4921 1647 0 36 39 18 0 0 0 0 0 0 0
1645 702 0 14 12 2 0 0 0 0 0 0 0 4924 1650 0 36 39 18 0 0 0 0 0 0 0
1650 707 0 14 12 2 0 0 0 0 0 0 0 4930 1656 0 36 39 18 0 0 0 0 0 0 0
1725 718 0 14 13 2 0 0 0 0 0 0 0 4933 1659 0 36 39 18 0 0 0 0 0 0 0
1760 725 0 14 13 2 0 0 0 0 0 0 0 4938 1664 0 38 39 18 0 0 0 0 0 0 0
1765 730 0 14 13 2 0 0 0 0 0 0 0 5781 1911 0 40 47 20 0 0 0 0 0 0 0
