# scores for worst/random/best/smart move selector strategies. 
# scores are 50% and 95% quantiles (based on 40 games) of: 
# game score, #destroyed, #unlocked, #stripes, #bombs, #zappers
3 3 0 0 0 0 0 0 0 0 0 0 0 11 11 0 0 0 0 0 0 0 0 0 0 0
7 7 0 0 0 0 0 0 0 0 0 0 0 60 23 0 0 0 0 0 0 0 0 0 0 0
12 12 0 0 0 0 0 0 0 0 0 0 0 73 27 0 0 0 1 0 0 0 1 0 0 0
15 15 0 0 0 0 0 0 0 0 0 0 0 83 32 0 1 0 1 0 0 0 1 0 0 0
21 21 0 0 0 0 0 0 0 0 0 0 0 92 35 0 2 0 1 0 0 0 1 0 0 0
30 28 0 0 0 0 0 0 0 0 0 0 0 129 43 0 2 0 1 0 0 0 1 0 0 0
43 33 0 0 0 0 0 0 0 0 0 0 0 132 47 0 2 0 1 0 0 0 1 0 0 0
66 37 0 0 0 0 0 0 0 0 0 0 0 159 53 0 2 0 1 0 0 0 1 0 0 0
77 44 0 1 0 0 0 0 0 0 0 0 0 162 60 0 2 0 1 0 0 0 1 0 0 0
89 49 0 1 0 0 0 0 0 0 0 0 0 215 65 0 4 0 1 0 0 0 1 0 0 0
107 54 0 1 0 0 0 0 0 0 0 0 0 219 74 0 5 0 1 1 0 0 1 0 0 0
116 58 0 1 0 0 0 0 0 0 0 0 0 224 77 0 5 0 1 1 0 0 1 0 0 0
120 63 0 1 0 0 0 0 0 0 0 0 0 235 85 0 5 0 1 1 0 0 1 0 0 0
127 68 0 2 0 0 0 0 0 0 0 0 0 257 89 0 5 0 2 1 0 0 1 0 0 0
134 71 0 2 0 0 0 0 0 0 0 0 0 273 94 0 5 0 2 1 0 0 1 0 0 0
141 75 0 2 0 0 0 0 0 0 0 0 0 278 99 0 5 0 2 1 0 0 1 0 0 0
163 82 0 2 0 0 0 0 0 0 0 0 0 285 110 0 5 0 2 1 0 0 1 0 0 0
167 86 0 2 0 0 0 0 0 0 0 0 0 313 119 0 6 0 2 1 0 0 1 0 0 0
187 93 0 2 0 0 0 0 0 0 0 0 0 333 129 0 6 0 2 1 0 0 2 0 0 0
201 99 0 3 0 0 0 0 0 0 0 0 0 354 133 0 7 0 2 1 0 0 2 0 0 0
204 102 0 3 0 0 0 0 0 0 0 0 0 383 138 0 8 0 2 1 0 0 2 0 0 0
210 105 0 3 0 0 0 0 0 0 0 0 0 400 147 0 8 0 2 1 0 0 2 0 0 0
230 109 0 3 0 0 0 0 0 0 0 0 0 424 152 0 9 0 2 1 0 0 2 0 0 0
238 115 0 3 0 0 0 0 0 0 0 0 0 455 162 0 9 0 2 1 0 0 2 0 0 0
249 121 0 3 0 0 0 0 0 0 0 0 0 461 165 0 9 0 2 1 0 0 2 0 0 0
258 126 0 4 0 0 0 0 0 0 0 0 0 469 168 0 9 0 2 1 0 0 2 0 0 0
264 132 0 4 0 0 0 0 0 0 0 0 0 474 175 0 9 0 2 1 0 0 2 0 0 0
277 135 0 4 0 0 0 0 0 0 0 0 0 477 178 0 9 0 2 1 0 0 2 0 0 0
287 138 0 4 0 0 0 0 0 0 0 0 0 495 183 0 11 0 2 1 0 0 2 1 0 0
300 144 0 4 0 0 1 0 0 0 0 0 0 526 186 0 12 0 2 2 0 0 2 1 0 0
306 147 0 4 0 0 1 0 0 0 0 0 0 531 191 0 12 0 2 2 0 0 2 1 0 0
326 155 0 5 0 0 1 0 0 0 0 0 0 536 207 0 12 0 2 2 0 0 2 1 0 0
332 159 0 5 0 0 1 0 0 0 0 0 0 539 212 0 12 0 2 2 0 0 2 1 0 0
335 163 0 5 0 0 1 0 0 0 0 0 0 603 220 0 13 0 2 2 0 0 2 1 0 0
345 171 0 5 0 0 1 0 0 0 0 0 0 607 235 0 13 0 2 2 0 0 2 1 0 0
361 175 0 5 0 0 1 0 0 0 0 0 0 610 249 0 13 0 2 2 0 0 2 1 0 0
365 180 0 5 0 0 1 0 0 0 0 0 0 615 256 0 13 0 2 2 0 0 2 1 0 0
378 184 0 5 0 0 1 0 0 0 0 0 0 619 265 0 13 0 2 2 0 0 2 1 0 0
386 189 0 5 0 0 1 0 0 0 0 0 0 662 270 0 15 1 2 2 0 0 2 1 0 0
407 194 0 6 0 0 1 0 0 0 0 0 0 675 277 0 15 1 2 2 0 0 2 1 0 0
416 199 0 6 0 0 1 0 0 0 0 0 0 681 285 0 15 1 2 2 0 0 2 1 0 0
