# scores for worst/random/best/smart move selector strategies. 
# scores are 50% and 95% quantiles (based on 40 games) of: 
# game score, #destroyed, #unlocked, #stripes, #bombs, #zappers
3 3 0 0 0 0 0 0 0 0 0 0 0 11 11 0 0 0 0 0 0 0 0 0 0 0
6 6 0 0 0 0 0 0 0 0 0 0 0 14 14 0 0 0 0 0 0 0 0 0 0 0
10 10 0 0 0 0 0 0 0 0 0 0 0 19 19 0 0 0 0 0 0 0 0 0 0 0
15 15 0 0 0 0 0 0 0 0 0 0 0 56 26 0 0 0 0 0 0 0 0 0 0 0
18 18 0 0 0 0 0 0 0 0 0 0 0 59 30 0 1 0 0 0 0 0 0 0 0 0
22 22 0 0 0 0 0 0 0 0 0 0 0 76 35 0 1 0 0 0 0 0 0 0 0 0
28 28 0 0 0 0 0 0 0 0 0 0 0 88 40 0 1 0 0 0 0 0 0 0 0 0
33 33 0 0 0 0 0 0 0 0 0 0 0 100 46 0 1 0 0 0 0 0 0 0 0 0
38 38 0 0 0 0 0 0 0 0 0 0 0 109 49 0 2 0 0 0 0 0 0 0 0 0
43 42 0 0 0 0 0 0 0 0 0 0 0 112 57 0 2 0 0 0 0 0 0 0 0 0
49 47 0 0 0 0 0 0 0 0 0 0 0 125 61 0 2 0 0 0 0 0 0 0 0 0
66 52 0 0 0 0 0 0 0 0 0 0 0 140 71 0 2 0 0 0 0 0 0 0 0 0
84 57 0 1 0 0 0 0 0 0 0 0 0 182 79 0 3 0 0 0 0 0 0 0 0 0
98 65 0 1 0 0 0 0 0 0 0 0 0 185 87 0 3 0 1 0 0 0 0 0 0 0
105 69 0 1 0 0 0 0 0 0 0 0 0 190 98 0 3 0 1 1 0 0 0 0 0 0
114 74 0 1 0 0 0 0 0 0 0 0 0 230 105 0 4 0 1 1 0 0 0 0 0 0
124 78 0 1 0 0 0 0 0 0 0 0 0 233 108 0 4 0 1 1 0 0 0 0 0 0
137 83 0 1 0 0 0 0 0 0 0 0 0 236 113 0 4 0 1 1 0 0 0 0 0 0
145 87 0 2 0 0 0 0 0 0 0 0 0 255 119 0 4 0 1 1 0 0 1 0 0 0
148 92 0 2 0 0 0 0 0 0 0 0 0 258 125 0 4 0 1 1 0 0 1 0 0 0
152 96 0 2 0 0 0 0 0 0 0 0 0 264 128 0 4 0 1 1 0 0 1 0 0 0
158 102 0 2 0 0 0 0 0 0 0 0 0 267 131 0 4 0 1 1 0 0 1 0 0 0
162 105 0 2 0 0 0 0 0 0 0 0 0 272 135 0 4 0 1 1 0 0 1 0 0 0
169 108 0 2 0 0 0 0 0 0 0 0 0 293 140 0 5 0 1 1 0 0 1 0 0 0
173 112 0 2 0 0 0 0 0 0 0 0 0 296 143 0 5 0 1 1 0 0 1 0 0 0
177 116 0 2 0 0 0 0 0 0 0 0 0 301 148 0 5 0 1 1 0 0 1 0 0 0
180 122 0 2 0 0 0 0 0 0 0 0 0 306 153 0 5 0 1 1 0 0 1 0 0 0
189 128 0 2 0 0 0 0 0 0 0 0 0 309 157 0 5 0 1 1 0 0 1 0 0 0
209 133 0 2 0 0 0 0 0 0 0 0 0 316 163 0 5 0 1 1 0 0 1 0 0 0
226 138 0 2 0 0 0 0 0 0 0 0 0 320 169 0 5 0 1 1 0 0 1 0 0 0
230 141 0 2 0 0 0 0 0 0 0 0 0 343 172 0 6 0 1 1 0 0 1 0 0 0
239 144 0 2 0 0 0 0 0 0 0 0 0 351 181 0 6 0 1 1 0 0 1 0 0 0
242 149 0 2 0 0 0 0 0 0 0 0 0 374 184 0 6 0 1 1 0 0 1 0 0 0
245 157 0 2 0 0 0 0 0 0 0 0 0 383 194 0 6 0 1 1 0 0 1 0 0 0
248 161 0 2 0 0 0 0 0 0 0 0 0 386 199 0 6 0 1 1 0 0 1 0 0 0
252 164 0 2 0 0 0 0 0 0 0 0 0 410 205 0 7 0 1 1 0 0 1 0 0 0
255 169 0 2 0 0 0 0 0 0 0 0 0 413 208 0 7 0 1 1 0 0 1 0 0 0
260 172 0 2 0 0 0 0 0 0 0 0 0 427 220 0 7 0 1 1 0 0 1 0 0 0
273 178 0 2 0 0 0 0 0 0 0 0 0 432 231 0 7 0 1 1 0 0 1 0 0 0
276 181 0 2 0 0 0 0 0 0 0 0 0 472 237 0 8 0 1 1 0 0 1 0 0 0
279 184 0 2 0 0 0 0 0 0 0 0 0 475 242 0 8 0 1 1 0 0 1 0 0 0
