# scores for worst/random/best/smart move selector strategies. 
# scores are 50% and 95% quantiles (based on 40 games) of: 
# game score, #destroyed, #unlocked, #stripes, #bombs, #zappers
3 3 0 0 0 0 0 0 0 0 0 0 0 11 11 0 0 0 0 0 0 0 0 0 0 0
8 8 0 0 0 0 0 0 0 0 0 0 0 60 20 0 0 0 0 0 0 0 0 0 0 0
12 12 0 0 0 0 0 0 0 0 0 0 0 73 23 0 1 0 1 0 0 0 1 0 0 0
18 18 0 0 0 0 0 0 0 0 0 0 0 85 32 0 1 0 1 0 0 0 1 0 0 0
25 23 0 0 0 0 0 0 0 0 0 0 0 90 40 0 2 0 1 0 0 0 1 0 0 0
61 30 0 0 0 0 0 0 0 0 0 0 0 131 55 0 2 0 1 0 0 0 1 0 0 0
76 34 0 1 0 0 0 0 0 0 0 0 0 151 63 0 3 0 1 1 0 0 1 0 0 0
80 38 0 1 0 0 0 0 0 0 0 0 0 161 69 0 3 0 1 1 0 0 1 0 0 0
98 42 0 1 0 0 0 0 0 0 0 0 0 181 77 0 3 0 1 1 0 0 1 0 0 0
103 48 0 1 0 0 0 0 0 0 0 0 0 201 82 0 4 0 1 1 0 0 1 0 0 0
107 56 0 1 0 0 0 0 0 0 0 0 0 240 99 0 4 0 1 1 0 0 1 0 0 0
124 60 0 2 0 0 0 0 0 0 0 0 0 245 102 0 4 0 1 1 0 0 1 0 0 0
130 65 0 2 0 0 0 0 0 0 0 0 0 269 108 0 5 0 1 1 0 0 1 0 0 0
140 70 0 2 0 0 0 0 0 0 0 0 0 289 114 0 5 0 1 1 0 0 1 0 0 0
168 75 0 2 0 0 0 0 0 0 0 0 0 292 122 0 5 0 1 1 0 0 1 0 0 0
174 80 0 3 0 0 0 0 0 0 0 0 0 295 127 0 5 0 1 1 0 0 1 0 0 0
189 86 0 3 0 0 0 0 0 0 0 0 0 315 133 0 5 0 1 1 0 0 1 0 0 0
201 91 0 3 0 0 0 0 0 0 0 0 0 342 142 0 6 0 2 1 0 0 2 0 0 0
211 96 0 3 0 0 0 0 0 0 0 0 0 357 150 0 7 0 2 1 0 0 2 0 0 0
216 101 0 3 0 0 0 0 0 0 0 0 0 360 157 0 7 0 2 1 0 0 2 0 0 0
232 107 0 4 0 0 0 0 0 0 0 0 0 384 164 0 8 0 2 1 0 0 2 0 0 0
259 114 0 4 0 0 0 0 0 0 0 0 0 401 168 0 8 0 2 2 0 0 2 0 0 0
266 120 0 4 0 0 0 0 0 0 0 0 0 412 172 0 8 0 2 2 0 0 2 0 0 0
278 125 0 4 0 0 0 0 0 0 0 0 0 468 198 0 9 0 2 2 0 0 2 0 0 0
287 129 0 4 0 0 0 0 0 0 0 0 0 473 207 0 9 0 2 2 0 0 2 0 0 0
292 136 0 5 0 0 0 0 0 0 0 0 0 477 218 0 9 0 2 2 0 0 2 0 0 0
318 140 0 5 0 0 0 0 0 0 0 0 0 557 235 0 10 1 2 2 0 0 2 0 0 0
328 144 0 5 0 0 1 0 0 0 0 0 0 652 239 0 12 1 2 2 0 0 2 1 0 0
346 150 0 5 0 0 1 0 0 0 0 0 0 682 242 0 12 1 3 2 0 0 2 1 0 0
362 160 0 6 0 1 1 0 0 0 0 0 0 686 253 0 12 1 3 2 0 0 2 1 0 0
379 164 0 6 0 1 1 0 0 0 0 0 0 696 256 0 12 1 3 2 0 0 2 1 0 0
386 171 0 6 0 1 1 0 0 0 0 0 0 726 268 0 13 1 3 2 0 0 2 1 0 0
389 174 0 6 0 1 1 0 0 0 0 0 0 758 278 0 14 1 3 2 0 0 2 1 0 0
403 178 0 6 0 1 1 0 0 0 0 0 0 782 283 0 14 1 3 2 0 0 2 1 0 0
416 183 0 6 0 1 1 0 0 0 0 0 0 787 286 0 14 1 3 2 0 0 2 1 0 0
430 188 0 7 0 1 1 0 0 0 0 0 0 827 290 0 15 1 3 2 0 0 2 1 0 0
435 193 0 7 0 1 1 0 0 0 0 0 0 865 302 0 15 1 3 2 0 0 2 1 0 0
439 199 0 7 0 1 1 0 0 0 0 0 0 869 305 0 15 1 3 2 0 0 2 1 0 0
471 203 0 7 0 1 1 0 0 0 0 0 0 875 308 0 15 1 3 3 0 0 2 1 0 0
479 208 0 7 0 1 1 0 0 1 0 0 0 908 319 0 17 1 3 3 0 0 2 1 0 0
486 211 0 7 0 1 1 0 0 1 0 0 0 912 333 0 19 1 3 3 0 0 2 1 0 0
