# scores for worst/random/best/smart move selector strategies. 
# scores are 50% and 95% quantiles (based on 40 games) of: 
# game score, #destroyed, #unlocked, #stripes, #bombs, #zappers
0 0 0 0 0 0 0 0 0 0 0 0 0 6 6 0 0 0 0 0 0 0 0 0 0 0
3 3 0 0 0 0 0 0 0 0 0 0 0 12 12 0 0 0 0 0 0 0 0 0 0 0
8 8 0 0 0 0 0 0 0 0 0 0 0 18 18 0 0 0 0 0 0 0 0 0 0 0
12 12 0 0 0 0 0 0 0 0 0 0 0 50 24 0 0 0 0 0 0 0 0 0 0 0
15 15 0 0 0 0 0 0 0 0 0 0 0 74 28 0 1 0 0 0 0 0 0 0 0 0
21 21 0 0 0 0 0 0 0 0 0 0 0 77 34 0 1 0 0 0 0 0 0 0 0 0
25 25 0 0 0 0 0 0 0 0 0 0 0 84 39 0 1 0 0 0 0 0 0 0 0 0
30 29 0 0 0 0 0 0 0 0 0 0 0 89 45 0 1 0 0 0 0 0 0 0 0 0
35 34 0 0 0 0 0 0 0 0 0 0 0 101 54 4 2 0 0 0 0 0 0 0 0 0
39 39 0 0 0 0 0 0 0 0 0 0 0 129 60 4 2 0 0 0 0 0 0 0 0 0
45 42 0 0 0 0 0 0 0 0 0 0 0 132 63 4 2 0 1 0 0 0 1 0 0 0
50 47 0 0 0 0 0 0 0 0 0 0 0 151 72 4 2 0 1 0 0 0 1 0 0 0
56 54 0 0 0 0 0 0 0 0 0 0 0 155 75 6 3 0 1 0 0 0 1 0 0 0
63 57 0 0 0 0 0 0 0 0 0 0 0 162 82 6 3 0 1 0 0 0 1 0 0 0
77 62 0 0 0 0 0 0 0 0 0 0 0 169 85 6 3 0 1 1 0 0 1 0 0 0
88 68 0 0 0 0 0 0 0 0 0 0 0 172 88 6 3 0 1 1 0 0 1 0 0 0
91 72 0 1 0 0 0 0 0 0 0 0 0 197 97 6 3 1 1 1 0 0 1 0 0 0
101 76 0 1 0 0 0 0 0 0 0 0 0 200 100 6 3 1 1 1 0 0 1 0 0 0
106 79 0 1 0 0 0 0 0 0 0 0 0 205 106 6 3 1 1 1 0 0 1 0 0 0
116 86 0 1 0 0 0 0 0 0 0 0 0 210 109 6 3 1 1 1 0 0 1 0 0 0
121 90 0 1 0 0 0 0 0 0 0 0 0 250 116 7 4 1 1 1 0 0 1 0 0 0
129 96 0 1 0 0 0 0 0 0 0 0 0 255 121 7 4 1 1 1 0 0 1 0 0 0
137 99 0 1 0 0 0 0 0 0 0 0 0 258 127 7 4 1 1 1 0 0 1 0 0 0
145 103 1 1 0 0 0 0 0 0 0 0 0 272 133 7 5 1 1 1 0 0 1 0 0 0
151 108 1 1 0 0 0 0 0 0 0 0 0 278 139 7 5 1 1 1 0 0 1 0 0 0
159 111 1 1 0 0 0 0 0 0 0 0 0 338 149 7 5 1 1 1 0 0 1 0 0 0
163 115 1 1 0 0 0 0 0 0 0 0 0 342 164 7 6 1 1 1 0 0 1 0 0 0
167 120 1 1 0 0 0 0 0 0 0 0 0 361 167 8 6 1 2 1 0 0 2 0 0 0
176 127 1 2 0 0 0 0 0 0 0 0 0 368 171 8 6 1 2 1 0 0 2 0 0 0
181 131 1 2 0 0 0 0 0 0 0 0 0 372 176 8 6 1 2 1 0 0 2 0 0 0
185 135 1 2 0 0 0 0 0 0 0 0 0 375 179 8 6 1 2 1 0 0 2 0 0 0
190 138 1 2 0 0 0 0 0 0 0 0 0 378 182 8 6 1 2 1 0 0 2 0 0 0
197 146 1 2 0 0 0 0 0 0 0 0 0 396 185 8 6 1 2 1 0 0 2 0 0 0
211 150 1 2 0 0 0 0 0 0 0 0 0 399 190 9 6 1 2 1 0 0 2 0 0 0
224 154 1 2 0 0 0 0 0 0 0 0 0 402 194 9 6 1 2 1 0 0 2 0 0 0
227 157 1 2 0 0 0 0 0 0 0 0 0 406 201 9 6 1 2 2 0 0 2 0 0 0
237 163 1 2 0 0 0 0 0 0 0 0 0 420 206 9 7 1 2 2 0 0 2 0 0 0
245 173 1 2 0 0 0 0 0 0 0 0 0 428 214 9 7 1 2 2 0 0 2 0 0 0
250 176 1 2 0 0 0 0 0 0 0 0 0 432 218 9 7 1 2 2 0 0 2 0 0 0
255 180 1 2 0 0 0 0 0 0 0 0 0 436 222 9 7 1 2 2 0 0 2 0 0 0
266 185 1 2 0 0 0 0 0 0 0 0 0 442 235 9 7 1 2 2 1 0 2 0 0 0
