# scores for worst/random/best/smart move selector strategies. 
# scores are 50% and 95% quantiles (based on 40 games) of: 
# game score, #destroyed, #unlocked, #stripes, #bombs, #zappers
0 0 0 0 0 0 0 0 0 0 0 0 0 6 6 0 0 0 0 0 0 0 0 0 0 0
3 3 0 0 0 0 0 0 0 0 0 0 0 12 12 0 0 0 0 0 0 0 0 0 0 0
9 9 0 0 0 0 0 0 0 0 0 0 0 27 18 0 0 0 0 0 0 0 0 0 0 0
12 12 0 0 0 0 0 0 0 0 0 0 0 30 21 0 0 0 0 0 0 0 0 0 0 0
15 15 0 0 0 0 0 0 0 0 0 0 0 34 27 0 0 0 0 0 0 0 0 0 0 0
19 19 0 0 0 0 0 0 0 0 0 0 0 57 34 0 1 0 0 0 0 0 0 0 0 0
24 24 0 0 0 0 0 0 0 0 0 0 0 62 40 0 1 0 0 0 0 0 0 0 0 0
27 27 0 0 0 0 0 0 0 0 0 0 0 65 43 0 1 0 0 0 0 0 0 0 0 0
33 32 0 0 0 0 0 0 0 0 0 0 0 68 48 0 1 0 0 0 0 0 0 0 0 0
36 36 0 0 0 0 0 0 0 0 0 0 0 74 54 0 1 0 0 0 0 0 0 0 0 0
40 39 0 0 0 0 0 0 0 0 0 0 0 82 58 0 1 0 0 0 0 0 0 0 0 0
45 44 0 0 0 0 0 0 0 0 0 0 0 86 62 0 1 0 0 0 0 0 0 0 0 0
51 50 0 0 0 0 0 0 0 0 0 0 0 91 65 0 1 0 0 0 0 0 0 0 0 0
54 54 0 0 0 0 0 0 0 0 0 0 0 108 74 0 1 0 0 0 0 0 0 0 0 0
61 59 0 0 0 0 0 0 0 0 0 0 0 118 79 1 1 0 0 0 0 0 0 0 0 0
66 63 0 0 0 0 0 0 0 0 0 0 0 121 83 1 1 0 0 0 0 0 0 0 0 0
71 68 0 0 0 0 0 0 0 0 0 0 0 125 88 1 1 0 0 0 0 0 0 0 0 0
79 72 0 0 0 0 0 0 0 0 0 0 0 129 92 1 1 0 0 0 0 0 0 0 0 0
85 75 0 0 0 0 0 0 0 0 0 0 0 132 97 2 1 0 0 0 0 0 0 0 0 0
89 81 0 0 0 0 0 0 0 0 0 0 0 135 103 2 1 0 0 0 0 0 0 0 0 0
95 84 0 0 0 0 0 0 0 0 0 0 0 143 115 2 2 0 0 0 0 0 0 0 0 0
99 89 0 0 0 0 0 0 0 0 0 0 0 156 118 2 2 0 0 0 0 0 0 0 0 0
102 93 0 0 0 0 0 0 0 0 0 0 0 168 121 2 2 0 0 0 0 0 0 0 0 0
107 99 0 0 0 0 0 0 0 0 0 0 0 186 130 2 2 0 0 0 0 0 0 0 0 0
111 102 0 0 0 0 0 0 0 0 0 0 0 189 134 2 2 0 0 0 0 0 0 0 0 0
114 107 0 0 0 0 0 0 0 0 0 0 0 192 137 2 2 0 0 0 0 0 0 0 0 0
119 112 0 0 0 0 0 0 0 0 0 0 0 211 141 2 3 0 0 0 0 0 0 0 0 0
126 116 0 0 0 0 0 0 0 0 0 0 0 235 146 2 3 1 0 0 0 0 0 0 0 0
130 121 0 0 0 0 0 0 0 0 0 0 0 239 157 2 4 1 0 0 0 0 0 0 0 0
137 126 0 1 0 0 0 0 0 0 0 0 0 242 164 2 4 1 0 0 0 0 0 0 0 0
141 129 0 1 0 0 0 0 0 0 0 0 0 247 167 2 4 1 0 0 0 0 0 0 0 0
148 133 0 1 0 0 0 0 0 0 0 0 0 253 172 3 4 1 0 0 0 0 0 0 0 0
151 137 0 1 0 0 0 0 0 0 0 0 0 258 175 3 4 1 0 0 0 0 0 0 0 0
155 140 0 1 0 0 0 0 0 0 0 0 0 261 178 3 4 1 0 0 0 0 0 0 0 0
162 144 0 1 0 0 0 0 0 0 0 0 0 264 183 3 4 1 0 0 0 0 0 0 0 0
170 149 0 1 0 0 0 0 0 0 0 0 0 270 186 3 4 1 0 0 0 0 0 0 0 0
175 154 0 1 0 0 0 0 0 0 0 0 0 276 189 3 4 1 0 0 0 0 0 0 0 0
182 159 0 1 0 0 0 0 0 0 0 0 0 279 194 3 4 1 1 0 0 0 1 0 0 0
188 162 0 1 0 0 0 0 0 0 0 0 0 282 201 3 4 1 1 0 0 0 1 0 0 0
199 165 0 1 0 0 0 0 0 0 0 0 0 285 204 3 4 1 1 0 0 0 1 0 0 0
207 172 0 1 0 0 0 0 0 0 0 0 0 317 212 3 4 1 1 0 0 0 1 0 0 0
