# scores for worst/random/best/smart move selector strategies. 
# scores are 50% and 95% quantiles (based on 40 games) of: 
# game score, #destroyed, #unlocked, #stripes, #bombs, #zappers
0 0 0 0 0 0 0 0 0 0 0 0 0 6 6 0 0 0 0 0 0 0 0 0 0 0
3 3 0 0 0 0 0 0 0 0 0 0 0 12 12 0 0 0 0 0 0 0 0 0 0 0
6 6 0 0 0 0 0 0 0 0 0 0 0 17 16 0 0 0 0 0 0 0 0 0 0 0
12 12 0 0 0 0 0 0 0 0 0 0 0 50 24 0 0 0 0 0 0 0 0 0 0 0
17 17 0 0 0 0 0 0 0 0 0 0 0 71 28 0 1 0 0 0 0 0 0 0 0 0
21 21 0 0 0 0 0 0 0 0 0 0 0 74 35 0 1 0 0 0 0 0 0 0 0 0
26 25 0 0 0 0 0 0 0 0 0 0 0 79 38 0 1 0 0 0 0 0 0 0 0 0
31 30 0 0 0 0 0 0 0 0 0 0 0 82 46 2 1 0 1 0 0 0 1 0 0 0
36 34 0 0 0 0 0 0 0 0 0 0 0 86 52 2 1 0 1 0 0 0 1 0 0 0
39 38 0 0 0 0 0 0 0 0 0 0 0 109 56 4 1 0 1 0 0 0 1 0 0 0
44 41 0 0 0 0 0 0 0 0 0 0 0 126 59 4 1 0 1 0 0 0 1 0 0 0
61 47 0 0 0 0 0 0 0 0 0 0 0 147 64 4 2 1 1 0 0 0 1 0 0 0
68 51 0 0 0 0 0 0 0 0 0 0 0 162 69 4 2 1 1 0 0 0 1 0 0 0
74 56 0 0 0 0 0 0 0 0 0 0 0 169 78 4 2 1 1 0 0 0 1 0 0 0
79 61 0 1 0 0 0 0 0 0 0 0 0 172 88 4 3 1 1 0 0 0 1 0 0 0
84 66 0 1 0 0 0 0 0 0 0 0 0 182 91 4 3 1 1 1 0 0 1 0 0 0
92 69 0 1 0 0 0 0 0 0 0 0 0 185 94 4 3 1 1 1 0 0 1 0 0 0
98 75 0 1 0 0 0 0 0 0 0 0 0 191 97 5 3 1 1 1 0 0 1 0 0 0
103 78 0 1 0 0 0 0 0 0 0 0 0 206 103 5 3 1 1 1 0 0 1 0 0 0
112 85 0 1 0 0 0 0 0 0 0 0 0 225 114 6 4 1 1 1 0 0 1 0 0 0
117 90 0 1 0 0 0 0 0 0 0 0 0 240 122 9 5 1 1 1 0 0 1 0 0 0
141 95 0 1 0 0 0 0 0 0 0 0 0 247 130 10 5 1 1 1 0 0 1 0 0 0
148 99 1 1 0 0 0 0 0 0 0 0 0 250 134 10 5 1 1 1 0 0 1 0 0 0
151 104 1 1 0 0 0 0 0 0 0 0 0 253 144 10 5 1 1 1 0 0 1 0 0 0
162 109 1 2 0 0 0 0 0 0 0 0 0 257 148 10 5 1 1 1 0 0 1 0 0 0
171 113 1 2 0 0 0 0 0 0 0 0 0 261 152 10 5 1 1 1 0 0 1 0 0 0
188 121 1 2 0 0 0 0 0 0 0 0 0 273 156 11 5 1 1 1 1 0 1 0 0 0
202 126 1 2 0 0 0 0 0 0 0 0 0 276 160 11 5 1 1 1 1 0 1 0 0 0
214 131 2 2 0 0 0 0 0 0 0 0 0 304 170 11 6 1 1 1 1 0 1 0 0 0
222 136 2 3 0 0 0 0 0 0 0 0 0 330 177 11 6 1 1 1 1 0 1 0 0 0
229 140 2 3 0 0 0 0 0 0 0 0 0 333 181 11 6 1 1 1 1 0 1 0 0 0
246 147 2 3 0 0 0 0 0 0 0 0 0 339 186 11 6 1 1 1 1 0 1 0 0 0
251 155 2 3 0 0 0 0 0 0 0 0 0 407 198 12 6 2 1 1 1 0 1 0 0 0
256 160 2 3 0 0 0 0 0 0 0 0 0 418 206 14 6 2 1 1 1 0 1 0 0 0
275 168 3 3 0 0 0 0 0 0 0 0 0 433 222 14 6 2 1 1 1 0 1 0 0 0
284 171 3 3 0 0 0 0 0 0 0 0 0 471 237 14 7 2 1 1 1 0 1 0 0 0
292 176 3 3 0 0 0 0 0 0 0 0 0 474 240 14 7 2 1 1 1 0 1 0 0 0
307 183 3 4 0 0 0 0 0 0 0 0 0 490 254 15 8 2 2 1 1 0 2 0 0 0
319 193 3 4 0 0 0 0 0 0 0 0 0 501 263 15 8 2 2 1 1 0 2 0 0 0
339 203 4 4 0 0 0 0 0 0 0 0 0 516 268 16 9 2 2 2 1 0 2 0 0 0
385 209 4 4 0 0 0 0 0 0 0 0 0 539 278 16 10 2 2 2 1 0 2 0 0 0
