# scores for worst/random/best/smart move selector strategies. 
# scores are 50% and 95% quantiles (based on 40 games) of: 
# game score, #destroyed, #unlocked, #stripes, #bombs, #zappers
0 0 0 0 0 0 0 0 0 0 0 0 0 6 6 0 0 0 0 0 0 0 0 0 0 0
3 3 0 0 0 0 0 0 0 0 0 0 0 12 12 0 0 0 0 0 0 0 0 0 0 0
6 6 0 0 0 0 0 0 0 0 0 0 0 15 15 0 0 0 0 0 0 0 0 0 0 0
12 12 0 0 0 0 0 0 0 0 0 0 0 20 20 0 0 0 0 0 0 0 0 0 0 0
15 15 0 0 0 0 0 0 0 0 0 0 0 26 26 0 0 0 0 0 0 0 0 0 0 0
18 18 0 0 0 0 0 0 0 0 0 0 0 33 33 0 0 0 0 0 0 0 0 0 0 0
24 24 0 0 0 0 0 0 0 0 0 0 0 36 36 0 0 0 0 0 0 0 0 0 0 0
28 28 0 0 0 0 0 0 0 0 0 0 0 43 43 0 0 0 0 0 0 0 0 0 0 0
33 33 0 0 0 0 0 0 0 0 0 0 0 53 49 0 0 0 0 0 0 0 0 0 0 0
36 36 0 0 0 0 0 0 0 0 0 0 0 56 53 0 0 0 0 0 0 0 0 0 0 0
42 42 0 0 0 0 0 0 0 0 0 0 0 77 56 0 0 0 0 0 0 0 0 0 0 0
45 45 0 0 0 0 0 0 0 0 0 0 0 83 59 0 1 0 0 0 0 0 0 0 0 0
51 50 0 0 0 0 0 0 0 0 0 0 0 96 64 0 1 0 0 0 0 0 0 0 0 0
57 55 0 0 0 0 0 0 0 0 0 0 0 101 67 0 1 0 0 0 0 0 0 0 0 0
63 61 0 0 0 0 0 0 0 0 0 0 0 108 72 3 1 0 0 0 0 0 0 0 0 0
68 64 0 0 0 0 0 0 0 0 0 0 0 114 77 3 1 0 0 0 0 0 0 0 0 0
72 69 0 0 0 0 0 0 0 0 0 0 0 124 83 3 1 0 0 0 0 0 0 0 0 0
75 75 0 0 0 0 0 0 0 0 0 0 0 142 88 4 2 0 0 0 0 0 0 0 0 0
79 78 0 0 0 0 0 0 0 0 0 0 0 146 94 4 2 0 0 0 0 0 0 0 0 0
84 82 0 0 0 0 0 0 0 0 0 0 0 153 102 4 2 0 0 0 0 0 0 0 0 0
88 86 0 0 0 0 0 0 0 0 0 0 0 157 106 4 2 0 0 0 0 0 0 0 0 0
92 90 0 0 0 0 0 0 0 0 0 0 0 161 109 4 2 1 0 0 0 0 0 0 0 0
98 95 0 0 0 0 0 0 0 0 0 0 0 164 116 4 2 1 0 0 0 0 0 0 0 0
103 100 0 0 0 0 0 0 0 0 0 0 0 167 119 4 2 1 0 0 0 0 0 0 0 0
107 103 0 0 0 0 0 0 0 0 0 0 0 171 123 4 2 1 0 0 0 0 0 0 0 0
114 108 0 0 0 0 0 0 0 0 0 0 0 175 129 4 2 1 0 0 0 0 0 0 0 0
117 111 0 0 0 0 0 0 0 0 0 0 0 179 132 4 2 1 0 0 0 0 0 0 0 0
124 116 0 0 0 0 0 0 0 0 0 0 0 184 138 4 2 1 0 0 0 0 0 0 0 0
130 120 0 0 0 0 0 0 0 0 0 0 0 190 141 4 2 1 0 0 0 0 0 0 0 0
135 124 0 0 0 0 0 0 0 0 0 0 0 198 147 4 2 1 0 0 0 0 0 0 0 0
138 127 0 0 0 0 0 0 0 0 0 0 0 203 158 4 2 1 0 0 0 0 0 0 0 0
144 133 0 0 0 0 0 0 0 0 0 0 0 206 161 4 2 1 0 0 0 0 0 0 0 0
149 137 0 0 0 0 0 0 0 0 0 0 0 211 164 4 2 1 0 0 0 0 0 0 0 0
156 141 0 0 0 0 0 0 0 0 0 0 0 214 167 4 2 1 0 0 0 0 0 0 0 0
162 144 0 0 0 0 0 0 0 0 0 0 0 217 170 4 2 1 0 0 0 0 0 0 0 0
167 149 0 0 0 0 0 0 0 0 0 0 0 239 173 4 2 1 0 0 0 0 0 0 0 0
172 153 0 0 0 0 0 0 0 0 0 0 0 245 178 4 2 1 0 0 0 0 0 0 0 0
175 156 0 0 0 0 0 0 0 0 0 0 0 263 182 4 3 1 0 0 0 0 0 0 0 0
183 163 0 0 0 0 0 0 0 0 0 0 0 268 188 4 3 1 0 0 0 0 0 0 0 0
186 166 0 0 0 0 0 0 0 0 0 0 0 271 192 4 3 1 0 0 0 0 0 0 0 0
191 169 0 0 0 0 0 0 0 0 0 0 0 274 197 4 3 1 0 0 0 0 0 0 0 0
