# scores for worst/random/best/smart move selector strategies. 
# scores are 50% and 95% quantiles (based on 40 games) of: 
# game score, #destroyed, #unlocked, #stripes, #bombs, #zappers
3 3 0 0 0 0 0 0 0 0 0 0 0 18 18 0 0 0 0 0 0 0 0 0 0 0
10 10 0 0 0 0 0 0 0 0 0 0 0 36 31 0 0 0 0 0 0 0 0 0 0 0
16 16 0 0 0 0 0 0 0 0 0 0 0 171 72 0 2 1 0 0 0 0 0 0 0 0
28 23 0 0 0 0 0 0 0 0 0 0 0 202 82 0 2 1 1 0 0 0 1 0 0 0
54 31 0 0 0 0 0 0 0 0 0 0 0 423 129 2 3 1 1 1 0 0 1 0 0 0
89 40 0 1 0 0 0 0 0 0 0 0 0 525 153 2 9 2 2 1 0 0 1 0 0 0
99 55 0 1 0 0 0 0 0 0 0 0 0 719 201 3 14 2 2 1 1 0 1 1 0 0
127 63 0 2 0 0 0 0 0 0 0 0 0 731 211 3 14 2 2 1 1 0 2 1 0 0
158 78 0 2 0 0 0 0 0 0 0 0 0 840 238 3 14 2 2 1 1 0 2 1 0 0
215 100 0 2 0 0 0 0 0 0 0 0 0 885 259 3 14 3 2 1 1 0 2 1 0 0
270 114 0 3 1 0 0 0 0 0 0 0 0 901 266 3 15 3 3 1 1 0 2 1 0 0
336 152 0 4 1 0 0 0 0 0 0 0 0 906 278 3 15 3 3 1 1 0 2 1 0 0
396 167 0 4 1 0 0 0 0 0 0 0 0 1105 290 3 21 12 3 2 1 0 2 1 0 0
419 177 0 5 1 1 0 0 0 0 0 0 0 1206 305 3 21 13 3 2 1 0 2 1 0 0
446 188 0 6 1 1 0 0 0 0 0 0 0 1278 319 3 21 13 4 2 1 0 3 1 0 0
507 215 0 7 2 1 0 0 0 0 0 0 0 1359 330 3 21 15 4 3 1 1 3 1 0 0
544 230 0 7 2 1 0 0 0 1 0 0 0 1367 337 3 22 15 4 3 1 1 3 1 0 0
577 235 0 8 2 1 0 0 0 1 0 0 0 1380 348 3 24 15 4 3 1 1 3 1 0 0
599 254 0 8 2 1 0 0 0 1 0 0 0 1401 385 3 24 15 4 3 1 1 3 1 0 0
630 267 0 8 2 1 1 0 0 1 0 0 0 1411 396 4 24 16 4 3 1 1 3 1 0 0
662 289 0 9 2 1 1 0 0 1 0 0 0 1513 433 4 25 17 4 3 1 1 3 1 0 0
729 301 0 10 2 1 1 0 0 1 0 0 0 1520 441 4 25 17 4 3 1 1 3 1 0 0
783 320 0 10 2 1 1 0 0 1 0 0 0 1597 471 4 26 17 4 3 1 1 3 1 0 0
816 333 0 11 2 1 1 0 0 1 0 0 0 1602 492 4 27 17 5 3 2 1 3 1 0 0
899 347 0 12 2 2 1 0 0 1 0 0 0 1611 518 4 29 17 5 3 2 1 3 1 0 0
908 358 0 12 3 2 1 0 0 1 0 0 0 1725 530 4 30 17 5 3 2 1 3 1 0 0
933 372 0 13 3 2 1 1 0 1 0 0 0 1757 536 4 30 19 5 4 2 1 3 1 1 0
1038 391 0 15 3 2 1 1 0 1 0 0 0 1763 574 4 32 19 5 4 2 1 3 1 1 0
1052 407 0 15 3 2 1 1 0 2 0 0 0 1771 583 4 32 19 5 4 2 1 3 1 1 0
1058 417 0 15 3 2 1 1 0 2 0 0 0 1774 612 4 32 19 5 4 2 1 3 1 1 0
1075 434 0 15 3 2 1 1 0 2 0 0 0 2000 626 4 32 19 5 4 2 1 3 1 1 0
1126 455 0 16 3 2 2 1 0 2 0 0 0 2079 664 4 34 19 6 4 2 1 4 1 1 0
1142 466 0 16 3 2 2 1 0 2 0 0 0 2103 670 4 34 19 6 5 2 1 4 1 1 0
1215 491 0 18 4 2 2 1 0 2 0 0 0 2127 688 4 35 19 6 5 3 1 4 1 1 0
1226 499 0 18 4 2 2 1 0 2 0 0 0 2196 695 4 36 19 6 5 3 1 4 1 1 0
1263 510 0 19 4 2 2 1 0 2 0 0 0 2351 735 4 36 19 6 5 3 1 4 1 1 0
1372 528 0 20 4 2 2 1 0 2 0 0 0 2405 743 4 38 19 7 5 3 1 5 1 1 0
1411 540 0 21 5 3 2 1 0 2 0 0 0 2543 779 4 38 24 7 5 3 1 5 1 1 0
1500 555 1 21 5 3 2 1 0 2 0 0 0 2552 788 4 40 24 7 5 3 1 6 1 1 0
1619 570 1 22 5 3 2 1 0 2 0 0 0 2557 801 4 40 24 7 5 3 1 6 1 1 0
1681 576 1 24 5 3 2 1 0 2 0 0 0 2572 806 4 40 24 7 5 3 1 7 1 1 0
