# scores for worst/random/best/smart move selector strategies. 
# scores are 50% and 95% quantiles (based on 40 games) of: 
# game score, #destroyed, #unlocked, #stripes, #bombs, #zappers
3 3 0 0 0 0 0 0 0 0 0 0 0 18 18 0 0 0 0 0 0 0 0 0 0 0
10 10 0 0 0 0 0 0 0 0 0 0 0 54 46 0 1 0 0 0 0 0 0 0 0 0
15 15 0 0 0 0 0 0 0 0 0 0 0 90 52 0 1 0 0 0 0 0 0 0 0 0
23 23 0 0 0 0 0 0 0 0 0 0 0 115 62 0 1 1 0 0 0 0 0 0 0 0
28 28 0 0 0 0 0 0 0 0 0 0 0 126 65 0 1 1 0 0 0 0 0 0 0 0
36 34 0 0 0 0 0 0 0 0 0 0 0 146 80 0 2 1 0 0 0 0 0 0 0 0
60 40 0 0 0 0 0 0 0 0 0 0 0 152 88 0 2 1 0 0 0 0 0 0 0 0
71 45 0 0 0 0 0 0 0 0 0 0 0 223 100 0 3 1 1 0 0 0 1 0 0 0
74 53 0 0 0 0 0 0 0 0 0 0 0 228 104 0 3 1 1 0 0 0 1 0 0 0
90 64 0 0 0 0 0 0 0 0 0 0 0 270 122 1 4 2 1 0 0 0 1 0 0 0
95 67 0 0 0 0 0 0 0 0 0 0 0 291 129 1 4 2 1 0 0 0 1 0 0 0
108 78 0 1 0 0 0 0 0 0 0 0 0 339 153 1 4 2 1 0 0 0 1 0 0 0
122 85 0 1 0 0 0 0 0 0 0 0 0 343 157 2 5 2 1 0 0 0 1 0 0 0
134 94 0 1 0 0 0 0 0 0 0 0 0 445 177 3 5 2 1 0 0 0 1 0 0 0
157 100 0 1 0 0 0 0 0 0 0 0 0 452 180 3 5 2 1 0 0 0 1 0 0 0
173 112 0 2 0 0 0 0 0 0 0 0 0 466 191 3 5 2 1 0 0 0 1 0 0 0
180 119 0 2 0 0 0 0 0 0 0 0 0 489 197 3 5 2 1 1 0 0 1 0 0 0
189 130 0 2 0 0 0 0 0 0 0 0 0 492 200 3 5 2 1 1 0 0 1 0 0 0
229 142 0 2 0 0 0 0 0 0 0 0 0 515 223 3 6 2 1 1 0 0 1 0 0 0
278 155 0 3 1 0 0 0 0 0 0 0 0 518 230 3 6 2 1 1 0 0 1 0 0 0
287 165 0 3 1 0 0 0 0 0 0 0 0 540 238 3 6 2 1 1 0 0 1 0 0 0
290 171 0 3 1 0 0 0 0 0 0 0 0 544 242 3 7 2 1 1 0 0 1 0 0 0
304 174 0 3 1 0 0 0 0 0 0 0 0 547 245 3 7 2 1 1 0 0 1 0 0 0
333 181 0 4 1 0 0 0 0 0 0 0 0 730 273 3 7 2 1 1 0 0 1 0 0 0
348 191 0 4 1 0 0 0 0 0 0 0 0 735 278 3 7 3 1 1 0 0 1 0 0 0
356 196 0 4 1 0 0 0 0 0 0 0 0 749 290 3 7 3 1 1 0 0 1 0 0 0
369 205 0 4 1 0 0 0 0 0 0 0 0 757 298 3 8 3 1 1 0 0 1 0 0 0
383 211 0 4 1 0 0 0 0 0 0 0 0 763 305 3 8 3 1 1 0 0 1 0 0 0
402 222 0 5 1 0 0 0 0 0 0 0 0 793 314 3 8 3 1 1 0 0 1 0 0 0
409 226 0 5 1 0 0 0 0 0 0 0 0 816 330 3 8 3 1 1 0 0 1 0 0 0
422 234 0 5 1 0 0 0 0 0 0 0 0 826 349 3 8 3 1 1 0 0 1 0 0 0
445 244 0 6 1 0 0 0 0 0 0 0 0 912 352 3 17 3 1 1 0 0 1 0 0 0
453 252 0 6 1 0 0 0 0 0 0 0 0 938 360 3 17 3 1 1 0 0 1 0 0 0
462 255 0 6 1 0 0 0 0 0 0 0 0 986 370 3 18 3 1 1 0 0 1 0 0 0
468 260 0 6 1 0 0 0 0 0 0 0 0 992 382 3 18 3 1 1 0 0 1 0 0 0
486 267 0 6 1 0 0 0 0 0 0 0 0 997 387 3 18 3 1 1 0 0 1 0 0 0
509 276 0 6 1 0 0 0 0 0 0 0 0 1000 392 3 18 3 1 1 0 0 1 0 0 0
534 290 0 7 1 0 0 0 0 0 0 0 0 1048 424 3 18 3 1 1 0 0 1 0 0 0
563 304 0 7 1 0 0 0 0 0 0 0 0 1057 431 3 18 3 1 1 0 0 1 0 0 0
582 312 0 7 2 0 0 0 0 0 0 0 0 1065 435 3 18 3 2 1 0 0 1 0 0 0
589 316 0 7 2 0 0 0 0 0 0 0 0 1077 452 3 18 4 2 1 1 0 1 0 0 0
