# scores for worst/random/best/smart move selector strategies. 
# scores are 50% and 95% quantiles (based on 40 games) of: 
# game score, #destroyed, #unlocked, #stripes, #bombs, #zappers
3 3 0 0 0 0 0 0 0 0 0 0 0 18 18 0 0 0 0 0 0 0 0 0 0 0
8 8 0 0 0 0 0 0 0 0 0 0 0 24 22 0 0 0 0 0 0 0 0 0 0 0
12 12 0 0 0 0 0 0 0 0 0 0 0 50 35 0 0 0 0 0 0 0 0 0 0 0
18 18 0 0 0 0 0 0 0 0 0 0 0 83 59 0 1 0 0 0 0 0 0 0 0 0
21 21 0 0 0 0 0 0 0 0 0 0 0 87 63 0 1 0 0 0 0 0 0 0 0 0
27 27 0 0 0 0 0 0 0 0 0 0 0 94 66 0 1 0 0 0 0 0 0 0 0 0
34 34 0 0 0 0 0 0 0 0 0 0 0 112 71 0 1 0 0 0 0 0 0 0 0 0
39 39 0 0 0 0 0 0 0 0 0 0 0 118 77 1 2 1 0 0 0 0 0 0 0 0
46 43 0 0 0 0 0 0 0 0 0 0 0 127 84 1 2 1 0 0 0 0 0 0 0 0
55 54 0 0 0 0 0 0 0 0 0 0 0 133 93 1 2 1 0 0 0 0 0 0 0 0
65 61 0 0 0 0 0 0 0 0 0 0 0 151 115 1 2 1 0 0 0 0 0 0 0 0
68 66 0 0 0 0 0 0 0 0 0 0 0 180 120 1 2 1 0 0 0 0 0 0 0 0
71 69 0 0 0 0 0 0 0 0 0 0 0 199 127 1 3 1 0 0 0 0 0 0 0 0
74 72 0 0 0 0 0 0 0 0 0 0 0 213 134 1 3 1 0 0 0 0 0 0 0 0
81 77 0 0 0 0 0 0 0 0 0 0 0 216 141 2 3 1 0 0 0 0 0 0 0 0
85 83 0 0 0 0 0 0 0 0 0 0 0 242 147 2 3 1 0 0 0 0 0 0 0 0
90 86 0 0 0 0 0 0 0 0 0 0 0 245 154 2 3 1 0 0 0 0 0 0 0 0
96 94 0 0 0 0 0 0 0 0 0 0 0 250 162 2 3 1 0 0 0 0 0 0 0 0
106 103 0 0 0 0 0 0 0 0 0 0 0 264 167 2 3 1 0 0 0 0 0 0 0 0
116 108 0 0 0 0 0 0 0 0 0 0 0 267 175 2 4 1 0 0 0 0 0 0 0 0
127 114 0 0 0 0 0 0 0 0 0 0 0 285 190 2 4 1 0 0 0 0 0 0 0 0
131 120 0 1 0 0 0 0 0 0 0 0 0 317 201 2 4 1 0 0 0 0 0 0 0 0
140 124 0 1 0 0 0 0 0 0 0 0 0 351 212 2 4 1 0 0 0 0 0 0 0 0
148 129 0 1 0 0 0 0 0 0 0 0 0 354 218 2 4 1 0 0 0 0 0 0 0 0
156 137 0 1 0 0 0 0 0 0 0 0 0 357 221 2 4 1 0 0 0 0 0 0 0 0
165 142 0 1 0 0 0 0 0 0 0 0 0 361 226 2 4 1 0 0 0 0 0 0 0 0
174 148 0 1 0 0 0 0 0 0 0 0 0 364 237 2 4 1 0 0 0 0 0 0 0 0
180 155 0 1 0 0 0 0 0 0 0 0 0 369 242 2 4 1 0 0 0 0 0 0 0 0
192 160 0 1 0 0 0 0 0 0 0 0 0 372 247 2 4 1 0 0 0 0 0 0 0 0
208 166 0 1 0 0 0 0 0 0 0 0 0 379 261 2 4 1 0 0 0 0 0 0 0 0
211 169 0 1 0 0 0 0 0 0 0 0 0 383 265 2 4 2 0 0 0 0 0 0 0 0
222 173 0 1 0 0 0 0 0 0 0 0 0 415 278 2 4 2 0 0 0 0 0 0 0 0
225 178 0 1 0 0 0 0 0 0 0 0 0 420 282 2 4 2 0 0 0 0 0 0 0 0
228 184 0 1 0 0 0 0 0 0 0 0 0 426 286 2 5 2 0 0 0 0 0 0 0 0
240 193 0 1 0 0 0 0 0 0 0 0 0 429 299 2 5 2 1 0 0 0 0 0 0 0
248 200 0 1 0 0 0 0 0 0 0 0 0 433 305 2 5 2 1 0 0 0 0 0 0 0
274 207 0 1 0 0 0 0 0 0 0 0 0 470 308 2 5 2 1 0 0 0 0 0 0 0
279 212 0 1 0 0 0 0 0 0 0 0 0 473 311 2 5 2 1 0 0 0 0 0 0 0
282 215 0 1 0 0 0 0 0 0 0 0 0 476 314 2 5 2 1 0 0 0 0 0 0 0
288 220 0 1 0 0 0 0 0 0 0 0 0 479 324 2 5 2 1 0 0 0 0 0 0 0
302 230 0 2 0 0 0 0 0 0 0 0 0 489 328 2 5 2 1 0 0 0 0 0 0 0
