# scores for worst/random/best/smart move selector strategies. 
# scores are 50% and 95% quantiles (based on 40 games) of: 
# game score, #destroyed, #unlocked, #stripes, #bombs, #zappers
3 3 0 0 0 0 0 0 0 0 0 0 0 9 9 0 0 0 0 0 0 0 0 0 0 0
6 6 0 0 0 0 0 0 0 0 0 0 0 13 13 0 0 0 0 0 0 0 0 0 0 0
10 10 0 0 0 0 0 0 0 0 0 0 0 43 19 0 0 0 0 0 0 0 0 0 0 0
14 14 0 0 0 0 0 0 0 0 0 0 0 47 24 0 0 0 0 0 0 0 0 0 0 0
18 18 0 0 0 0 0 0 0 0 0 0 0 71 28 0 0 0 0 0 0 0 0 0 0 0
22 22 0 0 0 0 0 0 0 0 0 0 0 77 36 0 0 0 0 0 0 0 0 0 0 0
26 26 0 0 0 0 0 0 0 0 0 0 0 88 39 0 1 0 0 0 0 0 0 0 0 0
31 30 0 0 0 0 0 0 0 0 0 0 0 104 47 0 2 1 0 0 0 0 0 0 0 0
36 34 0 0 0 0 0 0 0 0 0 0 0 107 51 0 2 1 0 0 0 0 0 0 0 0
42 39 0 0 0 0 0 0 0 0 0 0 0 116 56 0 2 1 0 0 0 0 0 0 0 0
62 45 0 0 0 0 0 0 0 0 0 0 0 120 60 0 2 1 0 1 0 0 0 0 0 0
69 49 0 0 0 0 0 0 0 0 0 0 0 128 66 0 2 1 0 1 0 0 0 0 0 0
74 52 0 0 0 0 0 0 0 0 0 0 0 135 75 0 2 1 0 1 0 0 0 0 0 0
81 57 0 1 0 0 0 0 0 0 0 0 0 159 82 0 3 1 0 1 0 0 0 0 0 0
85 61 0 1 0 0 0 0 0 0 0 0 0 181 85 0 3 1 0 1 0 0 0 0 0 0
90 66 0 1 0 0 0 0 0 0 0 0 0 198 90 0 4 1 0 1 0 0 0 0 0 0
97 69 0 1 0 0 0 0 0 0 0 0 0 201 97 0 4 1 0 1 0 0 0 0 0 0
104 73 0 1 0 0 0 0 0 0 0 0 0 205 101 0 4 1 0 1 0 0 0 0 0 0
114 80 0 1 0 0 0 0 0 0 0 0 0 210 106 0 4 1 0 1 0 0 0 0 0 0
124 85 0 1 0 0 0 0 0 0 0 0 0 213 110 0 4 1 0 1 0 0 0 0 0 0
130 90 0 1 0 0 0 0 0 0 0 0 0 231 113 0 4 1 0 1 0 0 0 0 0 0
149 93 0 1 0 0 0 0 0 0 0 0 0 234 117 0 4 1 0 1 0 0 0 0 0 0
157 98 0 1 0 0 0 0 0 0 0 0 0 269 122 0 5 1 0 1 0 0 0 0 0 0
165 102 0 2 0 0 0 0 0 0 0 0 0 277 127 0 6 1 0 1 0 0 0 0 0 0
179 109 0 2 0 0 0 0 0 0 0 0 0 301 139 0 6 1 0 1 0 0 0 0 0 0
182 114 0 2 0 0 0 0 0 0 0 0 0 304 143 0 6 1 0 1 0 0 0 0 0 0
197 118 0 2 0 0 0 0 0 0 0 0 0 308 148 0 6 1 0 1 0 0 0 0 0 0
211 124 0 2 0 0 0 0 0 0 0 0 0 320 151 0 6 1 0 1 0 0 0 0 0 0
214 127 0 2 0 0 0 0 0 0 0 0 0 326 154 0 6 1 0 1 0 0 0 0 0 0
222 130 0 2 0 0 0 0 0 0 0 0 0 337 158 0 6 1 0 1 0 0 0 0 0 0
225 135 0 2 0 0 0 0 0 0 0 0 0 340 163 0 6 1 0 1 0 0 0 0 0 0
230 140 0 2 0 0 0 0 0 0 0 0 0 348 168 0 6 1 0 1 0 0 0 0 0 0
233 143 0 2 0 0 0 0 0 0 0 0 0 351 173 0 6 1 0 1 0 0 0 0 0 0
236 146 0 2 0 0 0 0 0 0 0 0 0 354 178 0 6 1 0 1 0 0 0 0 0 0
243 152 0 2 0 0 0 0 0 0 0 0 0 357 181 0 6 1 0 1 0 0 0 0 0 0
255 157 0 3 0 0 0 0 0 0 0 0 0 374 184 0 7 1 0 1 0 0 0 0 0 0
258 162 0 3 0 0 0 0 0 0 0 0 0 377 187 0 7 1 0 1 0 0 0 0 0 0
261 166 0 3 0 0 0 0 0 0 0 0 0 385 191 0 7 1 0 1 0 0 0 0 0 0
264 169 0 3 0 0 0 0 0 0 0 0 0 388 196 0 7 1 0 1 0 0 0 0 0 0
276 174 0 3 0 0 0 0 0 0 0 0 0 391 200 0 7 1 0 1 0 0 0 0 0 0
289 178 0 3 0 0 0 0 0 0 0 0 0 394 204 0 7 1 0 1 0 0 0 0 0 0
