# scores for worst/random/best/smart move selector strategies. 
# scores are 50% and 95% quantiles (based on 40 games) of: 
# game score, #destroyed, #unlocked, #stripes, #bombs, #zappers
3 3 0 0 0 0 0 0 0 0 0 0 0 9 9 0 0 0 0 0 0 0 0 0 0 0
6 6 0 0 0 0 0 0 0 0 0 0 0 13 13 0 0 0 0 0 0 0 0 0 0 0
9 9 0 0 0 0 0 0 0 0 0 0 0 17 17 0 0 0 0 0 0 0 0 0 0 0
12 12 0 0 0 0 0 0 0 0 0 0 0 21 21 0 0 0 0 0 0 0 0 0 0 0
16 16 0 0 0 0 0 0 0 0 0 0 0 29 24 0 0 0 0 0 0 0 0 0 0 0
21 21 0 0 0 0 0 0 0 0 0 0 0 34 27 0 0 0 0 0 0 0 0 0 0 0
24 24 0 0 0 0 0 0 0 0 0 0 0 55 33 0 0 0 0 0 0 0 0 0 0 0
28 28 0 0 0 0 0 0 0 0 0 0 0 66 37 0 1 0 0 0 0 0 0 0 0 0
32 32 0 0 0 0 0 0 0 0 0 0 0 72 44 0 1 0 0 0 0 0 0 0 0 0
35 35 0 0 0 0 0 0 0 0 0 0 0 77 51 0 1 0 0 0 0 0 0 0 0 0
39 39 0 0 0 0 0 0 0 0 0 0 0 80 58 0 1 0 0 0 0 0 0 0 0 0
42 42 0 0 0 0 0 0 0 0 0 0 0 87 64 0 1 0 0 0 0 0 0 0 0 0
48 48 0 0 0 0 0 0 0 0 0 0 0 107 68 0 1 0 0 0 0 0 0 0 0 0
51 51 0 0 0 0 0 0 0 0 0 0 0 112 73 0 1 0 0 0 0 0 0 0 0 0
56 54 0 0 0 0 0 0 0 0 0 0 0 115 76 0 1 0 0 0 0 0 0 0 0 0
59 58 0 0 0 0 0 0 0 0 0 0 0 119 80 0 1 0 0 0 0 0 0 0 0 0
63 61 0 0 0 0 0 0 0 0 0 0 0 132 83 0 1 0 0 0 0 0 0 0 0 0
66 64 0 0 0 0 0 0 0 0 0 0 0 135 87 0 1 0 0 0 0 0 0 0 0 0
71 69 0 0 0 0 0 0 0 0 0 0 0 152 91 0 2 0 0 0 0 0 0 0 0 0
75 72 0 0 0 0 0 0 0 0 0 0 0 155 99 0 2 0 0 0 0 0 0 0 0 0
78 76 0 0 0 0 0 0 0 0 0 0 0 158 102 0 2 0 0 0 0 0 0 0 0 0
81 79 0 0 0 0 0 0 0 0 0 0 0 161 105 0 2 0 0 0 0 0 0 0 0 0
85 84 0 0 0 0 0 0 0 0 0 0 0 167 108 0 2 0 0 0 0 0 0 0 0 0
101 87 0 0 0 0 0 0 0 0 0 0 0 173 117 0 2 0 0 0 0 0 0 0 0 0
114 90 0 0 0 0 0 0 0 0 0 0 0 192 121 0 2 0 0 0 0 0 0 0 0 0
117 94 0 0 0 0 0 0 0 0 0 0 0 195 125 0 2 0 0 0 0 0 0 0 0 0
120 99 0 0 0 0 0 0 0 0 0 0 0 200 131 0 2 0 0 0 0 0 0 0 0 0
132 103 0 1 0 0 0 0 0 0 0 0 0 205 135 0 2 0 0 0 0 0 0 0 0 0
135 107 0 1 0 0 0 0 0 0 0 0 0 209 138 0 2 0 0 0 0 0 0 0 0 0
139 111 0 1 0 0 0 0 0 0 0 0 0 223 141 0 2 0 0 0 0 0 0 0 0 0
144 115 0 1 0 0 0 0 0 0 0 0 0 226 144 0 2 0 0 0 0 0 0 0 0 0
148 118 0 1 0 0 0 0 0 0 0 0 0 229 147 0 2 0 0 0 0 0 0 0 0 0
153 122 0 1 0 0 0 0 0 0 0 0 0 261 155 0 2 0 0 0 0 0 0 0 0 0
156 127 0 1 0 0 0 0 0 0 0 0 0 265 159 0 3 0 0 0 0 0 0 0 0 0
163 130 0 1 0 0 0 0 0 0 0 0 0 284 163 0 3 1 1 0 0 0 1 0 0 0
166 134 0 1 0 0 0 0 0 0 0 0 0 287 166 0 3 1 1 0 0 0 1 0 0 0
171 137 0 1 0 0 0 0 0 0 0 0 0 290 169 0 3 1 1 0 0 0 1 0 0 0
175 142 0 1 0 0 0 0 0 0 0 0 0 293 175 0 3 1 1 0 0 0 1 0 0 0
179 145 0 1 0 0 0 0 0 0 0 0 0 296 178 0 3 1 1 0 0 0 1 0 0 0
186 149 0 1 0 0 0 0 0 0 0 0 0 299 181 0 3 1 1 0 0 0 1 0 0 0
189 152 0 1 0 0 0 0 0 0 0 0 0 303 186 0 3 1 1 0 0 0 1 0 0 0
