# scores for worst/random/best/smart move selector strategies. 
# scores are 50% and 95% quantiles (based on 40 games) of: 
# game score, #destroyed, #unlocked, #stripes, #bombs, #zappers
3 3 0 0 0 0 0 0 0 0 0 0 0 9 9 0 0 0 0 0 0 0 0 0 0 0
6 6 0 0 0 0 0 0 0 0 0 0 0 14 14 0 0 0 0 0 0 0 0 0 0 0
9 9 0 0 0 0 0 0 0 0 0 0 0 17 17 0 0 0 0 0 0 0 0 0 0 0
12 12 0 0 0 0 0 0 0 0 0 0 0 21 21 0 0 0 0 0 0 0 0 0 0 0
15 15 0 0 0 0 0 0 0 0 0 0 0 24 24 0 0 0 0 0 0 0 0 0 0 0
18 18 0 0 0 0 0 0 0 0 0 0 0 27 27 0 0 0 0 0 0 0 0 0 0 0
21 21 0 0 0 0 0 0 0 0 0 0 0 30 30 0 0 0 0 0 0 0 0 0 0 0
27 27 0 0 0 0 0 0 0 0 0 0 0 34 34 0 0 0 0 0 0 0 0 0 0 0
30 30 0 0 0 0 0 0 0 0 0 0 0 39 39 0 0 0 0 0 0 0 0 0 0 0
33 33 0 0 0 0 0 0 0 0 0 0 0 42 42 0 0 0 0 0 0 0 0 0 0 0
36 36 0 0 0 0 0 0 0 0 0 0 0 45 45 0 0 0 0 0 0 0 0 0 0 0
39 39 0 0 0 0 0 0 0 0 0 0 0 49 49 0 0 0 0 0 0 0 0 0 0 0
45 45 0 0 0 0 0 0 0 0 0 0 0 55 55 0 0 0 0 0 0 0 0 0 0 0
48 48 0 0 0 0 0 0 0 0 0 0 0 58 58 0 0 0 0 0 0 0 0 0 0 0
51 51 0 0 0 0 0 0 0 0 0 0 0 61 61 0 0 0 0 0 0 0 0 0 0 0
54 54 0 0 0 0 0 0 0 0 0 0 0 66 66 0 0 0 0 0 0 0 0 0 0 0
59 59 0 0 0 0 0 0 0 0 0 0 0 71 71 0 0 0 0 0 0 0 0 0 0 0
63 62 0 0 0 0 0 0 0 0 0 0 0 81 76 0 0 0 0 0 0 0 0 0 0 0
66 65 0 0 0 0 0 0 0 0 0 0 0 84 79 0 0 0 0 0 0 0 0 0 0 0
69 69 0 0 0 0 0 0 0 0 0 0 0 93 83 0 0 0 0 0 0 0 0 0 0 0
72 72 0 0 0 0 0 0 0 0 0 0 0 96 86 0 0 0 0 0 0 0 0 0 0 0
76 75 0 0 0 0 0 0 0 0 0 0 0 110 91 0 0 0 0 0 0 0 0 0 0 0
79 79 0 0 0 0 0 0 0 0 0 0 0 113 96 0 0 0 0 0 0 0 0 0 0 0
83 82 0 0 0 0 0 0 0 0 0 0 0 122 99 0 1 0 0 0 0 0 0 0 0 0
86 85 0 0 0 0 0 0 0 0 0 0 0 128 104 0 1 0 0 0 0 0 0 0 0 0
90 90 0 0 0 0 0 0 0 0 0 0 0 131 107 0 1 0 0 0 0 0 0 0 0 0
93 93 0 0 0 0 0 0 0 0 0 0 0 134 110 0 1 0 0 0 0 0 0 0 0 0
96 96 0 0 0 0 0 0 0 0 0 0 0 146 115 0 1 0 0 0 0 0 0 0 0 0
101 99 0 0 0 0 0 0 0 0 0 0 0 149 120 0 1 0 0 0 0 0 0 0 0 0
104 102 0 0 0 0 0 0 0 0 0 0 0 152 123 0 1 0 0 0 0 0 0 0 0 0
108 108 0 0 0 0 0 0 0 0 0 0 0 155 126 0 1 0 0 0 0 0 0 0 0 0
112 111 0 0 0 0 0 0 0 0 0 0 0 158 129 0 1 0 0 0 0 0 0 0 0 0
117 116 0 0 0 0 0 0 0 0 0 0 0 163 132 0 1 0 0 0 0 0 0 0 0 0
120 120 0 0 0 0 0 0 0 0 0 0 0 166 135 0 1 0 0 0 0 0 0 0 0 0
124 123 0 0 0 0 0 0 0 0 0 0 0 171 141 0 1 0 0 0 0 0 0 0 0 0
128 126 0 0 0 0 0 0 0 0 0 0 0 174 144 0 1 0 0 0 0 0 0 0 0 0
131 129 0 0 0 0 0 0 0 0 0 0 0 190 147 0 1 0 0 0 0 0 0 0 0 0
135 134 0 0 0 0 0 0 0 0 0 0 0 193 150 0 1 0 0 0 0 0 0 0 0 0
138 138 0 0 0 0 0 0 0 0 0 0 0 196 157 0 1 0 0 0 0 0 0 0 0 0
141 141 0 0 0 0 0 0 0 0 0 0 0 199 161 0 1 0 0 0 0 0 0 0 0 0
144 144 0 0 0 0 0 0 0 0 0 0 0 202 164 0 1 0 0 0 0 0 0 0 0 0
