# scores for worst/random/best/smart move selector strategies. 
# scores are 50% and 95% quantiles (based on 40 games) of: 
# game score, #destroyed, #unlocked, #stripes, #bombs, #zappers
3 3 0 0 0 0 0 0 0 0 0 0 0 9 9 0 0 0 0 0 0 0 0 0 0 0
6 6 0 0 0 0 0 0 0 0 0 0 0 19 18 0 0 0 0 0 0 0 0 0 0 0
9 9 0 0 0 0 0 0 0 0 0 0 0 47 22 0 0 0 0 0 0 0 0 0 0 0
14 14 0 0 0 0 0 0 0 0 0 0 0 75 35 1 1 0 0 0 0 0 0 0 0 0
18 18 0 0 0 0 0 0 0 0 0 0 0 78 38 1 1 0 0 0 0 0 0 0 0 0
23 23 0 0 0 0 0 0 0 0 0 0 0 81 42 1 1 0 0 0 0 0 0 0 0 0
28 27 0 0 0 0 0 0 0 0 0 0 0 97 46 4 2 0 0 0 0 0 0 0 0 0
33 33 0 0 0 0 0 0 0 0 0 0 0 102 52 4 2 0 0 0 0 0 0 0 0 0
39 37 0 0 0 0 0 0 0 0 0 0 0 152 73 16 2 1 0 1 1 0 0 0 0 0
43 42 0 0 0 0 0 0 0 0 0 0 0 156 79 16 2 1 0 1 1 0 0 0 0 0
53 47 0 0 0 0 0 0 0 0 0 0 0 195 86 16 3 1 0 1 1 0 0 0 0 0
59 53 0 0 0 0 0 0 0 0 0 0 0 198 92 16 3 1 0 1 1 0 0 0 0 0
62 58 0 0 0 0 0 0 0 0 0 0 0 206 95 16 3 1 1 1 1 0 1 0 0 0
75 61 0 0 0 0 0 0 0 0 0 0 0 221 106 16 4 1 1 1 1 0 1 0 0 0
81 68 0 0 0 0 0 0 0 0 0 0 0 273 111 16 5 1 1 1 1 0 1 0 0 0
94 75 0 0 0 0 0 0 0 0 0 0 0 278 115 16 5 1 1 1 1 0 1 0 0 0
109 80 0 1 0 0 0 0 0 0 0 0 0 284 119 16 5 1 1 1 1 0 1 0 0 0
116 84 0 1 0 0 0 0 0 0 0 0 0 292 125 17 5 1 1 1 1 0 1 0 0 0
125 88 0 1 0 0 0 0 0 0 0 0 0 296 131 17 5 1 1 1 1 0 1 0 0 0
130 92 0 1 0 0 0 0 0 0 0 0 0 304 139 17 5 1 1 1 1 0 1 0 0 0
143 106 0 1 0 0 0 0 0 0 0 0 0 308 144 17 5 1 1 1 1 0 1 0 0 0
159 109 0 1 0 0 0 0 0 0 0 0 0 314 150 17 5 1 1 1 1 0 1 0 0 0
163 113 2 1 0 0 0 0 0 0 0 0 0 392 168 20 6 1 1 1 1 0 1 0 0 0
170 117 2 1 0 0 0 0 0 0 0 0 0 395 171 20 6 1 1 1 1 0 1 0 0 0
174 120 2 2 0 0 0 0 0 0 0 0 0 398 176 20 6 1 1 1 1 0 1 0 0 0
177 129 2 2 0 0 0 0 0 0 0 0 0 403 180 20 6 1 1 1 1 0 1 0 0 0
185 133 2 2 0 0 0 0 0 0 0 0 0 410 187 20 6 1 1 1 1 0 1 0 0 0
188 136 2 2 0 0 0 0 0 0 0 0 0 413 190 20 6 1 1 1 1 0 1 0 0 0
213 144 2 2 0 0 0 0 0 0 0 0 0 426 196 20 7 1 1 1 1 0 1 0 0 0
219 148 2 2 0 0 0 0 0 0 0 0 0 430 201 20 7 1 1 1 1 0 1 0 0 0
228 151 2 2 0 0 0 0 0 0 0 0 0 433 207 20 7 1 1 1 1 0 1 0 0 0
240 156 2 2 0 0 0 0 0 0 0 0 0 436 214 20 7 1 1 1 1 0 1 0 0 0
256 163 3 3 0 0 0 0 0 0 0 0 0 447 218 20 7 1 1 1 1 0 1 0 0 0
264 169 3 3 0 0 0 0 0 0 0 0 0 450 221 20 7 1 1 1 1 0 1 0 0 0
273 173 3 3 0 0 0 0 0 0 0 0 0 457 228 20 7 1 1 1 1 0 1 0 0 0
278 177 4 3 0 0 0 0 0 0 0 0 0 483 241 20 8 1 1 1 1 0 1 0 0 0
284 180 4 3 0 0 0 0 0 0 0 0 0 487 248 20 8 1 1 1 1 0 1 0 0 0
291 186 4 3 0 0 0 0 0 0 0 0 0 502 253 20 8 2 1 1 1 0 1 0 0 0
307 190 4 3 0 0 0 0 0 0 0 0 0 573 262 20 9 2 1 2 1 0 1 0 0 0
311 195 4 4 0 0 0 0 0 0 0 0 0 577 267 20 9 2 1 2 1 0 1 0 0 0
314 198 4 4 0 0 0 0 0 0 0 0 0 581 270 20 9 2 1 2 1 0 1 0 0 0
