# scores for worst/random/best/smart move selector strategies. 
# scores are 50% and 95% quantiles (based on 40 games) of: 
# game score, #destroyed, #unlocked, #stripes, #bombs, #zappers
3 3 0 0 0 0 0 0 0 0 0 0 0 9 9 0 0 0 0 0 0 0 0 0 0 0
6 6 0 0 0 0 0 0 0 0 0 0 0 14 13 0 0 0 0 0 0 0 0 0 0 0
9 9 0 0 0 0 0 0 0 0 0 0 0 18 18 0 0 0 0 0 0 0 0 0 0 0
12 12 0 0 0 0 0 0 0 0 0 0 0 28 25 0 0 0 0 0 0 0 0 0 0 0
18 18 0 0 0 0 0 0 0 0 0 0 0 38 33 0 0 0 0 0 0 0 0 0 0 0
21 21 0 0 0 0 0 0 0 0 0 0 0 41 38 0 0 0 0 0 0 0 0 0 0 0
25 25 0 0 0 0 0 0 0 0 0 0 0 65 41 0 0 0 0 0 0 0 0 0 0 0
30 30 0 0 0 0 0 0 0 0 0 0 0 70 45 0 0 0 0 0 0 0 0 0 0 0
34 34 0 0 0 0 0 0 0 0 0 0 0 89 50 0 1 0 0 0 0 0 0 0 0 0
38 38 0 0 0 0 0 0 0 0 0 0 0 92 58 0 1 0 0 0 0 0 0 0 0 0
43 43 0 0 0 0 0 0 0 0 0 0 0 95 61 0 1 1 0 0 0 0 0 0 0 0
50 49 0 0 0 0 0 0 0 0 0 0 0 100 64 0 1 1 0 0 0 0 0 0 0 0
55 54 0 0 0 0 0 0 0 0 0 0 0 103 68 0 1 1 0 0 0 0 0 0 0 0
60 60 0 0 0 0 0 0 0 0 0 0 0 106 73 0 1 1 0 0 0 0 0 0 0 0
64 63 0 0 0 0 0 0 0 0 0 0 0 114 81 0 1 1 0 0 0 0 0 0 0 0
67 66 0 0 0 0 0 0 0 0 0 0 0 119 88 0 1 1 0 0 0 0 0 0 0 0
74 71 0 0 0 0 0 0 0 0 0 0 0 125 93 0 1 1 0 0 0 0 0 0 0 0
81 75 0 0 0 0 0 0 0 0 0 0 0 128 96 0 1 1 0 0 0 0 0 0 0 0
84 78 0 0 0 0 0 0 0 0 0 0 0 138 102 2 1 1 0 0 0 0 0 0 0 0
90 82 0 0 0 0 0 0 0 0 0 0 0 148 109 2 2 1 0 0 0 0 0 0 0 0
93 85 0 0 0 0 0 0 0 0 0 0 0 153 114 2 2 1 0 0 0 0 0 0 0 0
97 92 0 0 0 0 0 0 0 0 0 0 0 179 129 2 2 1 0 0 0 0 0 0 0 0
100 96 0 0 0 0 0 0 0 0 0 0 0 187 135 2 2 1 0 0 0 0 0 0 0 0
109 100 0 0 0 0 0 0 0 0 0 0 0 190 138 2 2 1 0 0 0 0 0 0 0 0
116 104 0 0 0 0 0 0 0 0 0 0 0 194 141 2 2 1 0 0 0 0 0 0 0 0
122 108 0 0 0 0 0 0 0 0 0 0 0 211 149 2 2 1 0 0 0 0 0 0 0 0
126 111 0 0 0 0 0 0 0 0 0 0 0 243 152 2 2 1 0 0 0 0 0 0 0 0
131 114 0 0 0 0 0 0 0 0 0 0 0 246 155 2 2 1 0 0 0 0 0 0 0 0
136 117 0 0 0 0 0 0 0 0 0 0 0 249 158 2 2 1 0 0 0 0 0 0 0 0
141 123 0 0 0 0 0 0 0 0 0 0 0 255 162 2 2 1 0 0 0 0 0 0 0 0
148 126 0 1 0 0 0 0 0 0 0 0 0 282 167 2 2 1 1 0 0 0 1 0 0 0
152 136 0 1 0 0 0 0 0 0 0 0 0 285 170 2 2 1 1 0 0 0 1 0 0 0
163 139 0 1 0 0 0 0 0 0 0 0 0 297 177 4 3 1 1 0 0 0 1 0 0 0
167 146 0 1 0 0 0 0 0 0 0 0 0 301 181 4 3 1 1 0 0 0 1 0 0 0
173 151 0 1 0 0 0 0 0 0 0 0 0 316 184 4 4 1 1 0 0 0 1 0 0 0
183 154 0 1 0 0 0 0 0 0 0 0 0 344 197 5 4 1 1 0 0 0 1 0 0 0
186 159 0 1 0 0 0 0 0 0 0 0 0 347 201 6 4 1 1 0 0 0 1 0 0 0
191 162 0 1 0 0 0 0 0 0 0 0 0 353 204 6 4 1 1 0 0 0 1 0 0 0
194 165 0 1 0 0 0 0 0 0 0 0 0 358 209 6 4 1 1 0 0 0 1 0 0 0
199 172 0 1 0 0 0 0 0 0 0 0 0 361 214 6 4 1 1 0 0 0 1 0 0 0
208 177 0 1 0 0 0 0 0 0 0 0 0 368 223 6 4 1 1 0 0 0 1 0 0 0
