# scores for worst/random/best/smart move selector strategies. 
# scores are 50% and 95% quantiles (based on 40 games) of: 
# game score, #destroyed, #unlocked, #stripes, #bombs, #zappers
3 3 0 0 0 0 0 0 0 0 0 0 0 9 9 0 0 0 0 0 0 0 0 0 0 0
6 6 0 0 0 0 0 0 0 0 0 0 0 23 19 0 0 0 0 0 0 0 0 0 0 0
13 13 0 0 0 0 0 0 0 0 0 0 0 56 26 0 0 0 0 0 0 0 0 0 0 0
19 19 0 0 0 0 0 0 0 0 0 0 0 76 37 1 1 0 0 0 0 0 0 0 0 0
24 24 0 0 0 0 0 0 0 0 0 0 0 91 45 3 1 0 0 0 0 0 0 0 0 0
29 27 0 0 0 0 0 0 0 0 0 0 0 125 58 5 2 1 0 0 0 0 0 0 0 0
36 32 0 0 0 0 0 0 0 0 0 0 0 145 65 7 2 1 0 1 0 0 0 0 0 0
51 38 0 0 0 0 0 0 0 0 0 0 0 151 68 7 2 1 1 1 0 0 1 0 0 0
63 46 0 0 0 0 0 0 0 0 0 0 0 154 79 8 2 1 1 1 1 0 1 0 0 0
76 50 0 1 0 0 0 0 0 0 0 0 0 194 87 9 3 1 1 1 1 0 1 0 0 0
83 57 0 1 0 0 0 0 0 0 0 0 0 199 92 9 3 1 1 1 1 0 1 0 0 0
90 63 0 1 0 0 0 0 0 0 0 0 0 218 98 10 3 1 1 1 1 0 1 0 0 0
94 67 0 1 0 0 0 0 0 0 0 0 0 222 103 10 3 1 1 1 1 0 1 0 0 0
127 72 2 1 0 0 0 0 0 0 0 0 0 228 107 10 3 1 1 1 1 0 1 0 0 0
146 82 2 1 0 0 0 0 0 0 0 0 0 256 116 10 3 1 1 1 1 0 1 0 0 0
153 90 3 2 0 0 0 0 0 0 0 0 0 261 125 10 4 1 1 1 1 0 1 0 0 0
166 96 3 2 0 0 0 0 0 0 0 0 0 278 130 12 5 1 1 1 1 0 1 0 0 0
183 102 3 2 0 0 0 0 0 0 0 0 0 289 139 12 6 1 1 2 1 0 1 0 0 0
191 108 3 2 0 0 0 0 0 0 0 0 0 302 142 12 6 1 1 2 1 0 1 0 0 0
207 116 3 2 0 0 0 0 0 0 0 0 0 318 149 12 6 2 1 2 1 0 1 0 0 0
225 127 3 2 0 0 0 0 0 0 0 0 0 336 155 12 6 2 1 2 1 0 1 0 0 0
242 134 4 3 0 0 0 0 0 0 0 0 0 356 161 12 6 2 1 2 1 0 1 0 0 0
249 142 4 3 1 0 0 0 0 0 0 0 0 393 169 13 6 2 1 2 1 0 1 0 0 0
264 149 4 3 1 0 0 0 0 0 0 0 0 397 178 13 7 2 1 2 1 0 1 0 0 0
283 154 6 4 1 0 0 0 0 0 0 0 0 427 184 14 7 2 1 2 1 0 1 0 0 0
295 167 6 4 1 0 0 0 0 0 0 0 0 433 188 15 7 2 1 2 1 0 1 0 0 0
310 173 7 5 1 0 0 0 0 0 0 0 0 439 194 15 7 2 1 2 1 0 1 0 0 0
318 177 7 5 1 0 0 0 0 0 0 0 0 478 205 15 8 2 1 2 1 0 1 0 0 0
334 184 7 5 1 0 0 0 0 0 0 0 0 515 215 15 8 2 1 2 1 0 1 0 0 0
337 187 7 5 1 0 0 0 0 0 0 0 0 541 219 15 8 2 1 2 1 0 1 0 0 0
345 193 7 5 1 0 0 0 0 0 0 0 0 544 225 15 9 2 1 2 1 0 1 0 0 0
370 198 7 5 1 0 0 0 0 0 0 0 0 549 231 15 9 2 2 2 1 0 2 0 0 0
394 205 7 6 1 0 0 0 0 0 0 0 0 562 241 15 9 2 2 2 1 0 2 0 0 0
398 213 7 6 1 0 0 0 0 0 0 0 0 566 245 15 9 2 2 2 1 0 2 0 0 0
418 217 7 6 1 0 0 0 0 0 0 0 0 569 251 15 9 2 2 2 1 0 2 0 0 0
421 222 8 6 1 0 0 0 0 0 0 0 0 583 260 15 9 2 2 2 1 0 2 0 0 0
424 228 8 6 1 0 0 0 0 0 0 0 0 594 265 15 9 2 2 2 1 0 2 0 0 0
437 238 8 6 1 0 0 0 0 0 0 0 0 622 279 15 9 2 2 2 1 0 2 0 0 0
464 244 8 7 1 0 1 0 0 0 0 0 0 678 302 15 10 2 2 3 1 0 2 0 0 0
473 250 8 7 1 0 1 0 0 0 0 0 0 683 305 15 10 2 2 3 1 0 2 0 0 0
477 255 8 7 1 1 1 0 0 1 0 0 0 699 317 15 10 2 2 3 1 0 2 0 0 0
