# scores for worst/random/best/smart move selector strategies. 
# scores are 50% and 95% quantiles (based on 40 games) of: 
# game score, #destroyed, #unlocked, #stripes, #bombs, #zappers
3 3 0 0 0 0 0 0 0 0 0 0 0 9 9 0 0 0 0 0 0 0 0 0 0 0
6 6 0 0 0 0 0 0 0 0 0 0 0 14 14 0 0 0 0 0 0 0 0 0 0 0
9 9 0 0 0 0 0 0 0 0 0 0 0 17 17 0 0 0 0 0 0 0 0 0 0 0
12 12 0 0 0 0 0 0 0 0 0 0 0 24 24 0 0 0 0 0 0 0 0 0 0 0
15 15 0 0 0 0 0 0 0 0 0 0 0 28 28 0 0 0 0 0 0 0 0 0 0 0
21 21 0 0 0 0 0 0 0 0 0 0 0 34 32 0 0 0 0 0 0 0 0 0 0 0
27 27 0 0 0 0 0 0 0 0 0 0 0 51 40 0 0 0 0 0 0 0 0 0 0 0
30 30 0 0 0 0 0 0 0 0 0 0 0 73 45 0 0 0 0 0 0 0 0 0 0 0
33 33 0 0 0 0 0 0 0 0 0 0 0 76 51 0 1 0 0 0 0 0 0 0 0 0
39 38 0 0 0 0 0 0 0 0 0 0 0 79 57 0 1 0 0 0 0 0 0 0 0 0
43 43 0 0 0 0 0 0 0 0 0 0 0 82 60 0 1 0 0 0 0 0 0 0 0 0
47 47 0 0 0 0 0 0 0 0 0 0 0 88 64 0 1 0 0 0 0 0 0 0 0 0
54 54 0 0 0 0 0 0 0 0 0 0 0 103 69 1 1 0 0 0 0 0 0 0 0 0
57 57 0 0 0 0 0 0 0 0 0 0 0 108 76 1 1 0 0 0 0 0 0 0 0 0
60 60 0 0 0 0 0 0 0 0 0 0 0 113 82 1 1 0 0 0 0 0 0 0 0 0
63 63 0 0 0 0 0 0 0 0 0 0 0 129 89 1 1 1 0 0 0 0 0 0 0 0
68 66 0 0 0 0 0 0 0 0 0 0 0 132 92 1 1 1 0 0 0 0 0 0 0 0
71 69 0 0 0 0 0 0 0 0 0 0 0 142 95 1 1 1 0 0 0 0 0 0 0 0
75 74 0 0 0 0 0 0 0 0 0 0 0 147 98 1 1 1 0 0 0 0 0 0 0 0
81 79 0 0 0 0 0 0 0 0 0 0 0 152 103 2 1 1 0 0 0 0 0 0 0 0
87 84 0 0 0 0 0 0 0 0 0 0 0 155 106 2 1 1 0 0 0 0 0 0 0 0
91 87 0 0 0 0 0 0 0 0 0 0 0 161 120 2 1 1 0 0 0 0 0 0 0 0
96 93 0 0 0 0 0 0 0 0 0 0 0 164 123 2 1 1 0 0 0 0 0 0 0 0
99 96 0 0 0 0 0 0 0 0 0 0 0 169 127 2 2 1 0 0 0 0 0 0 0 0
104 101 0 0 0 0 0 0 0 0 0 0 0 194 130 3 2 1 0 0 0 0 0 0 0 0
108 105 0 0 0 0 0 0 0 0 0 0 0 197 138 3 2 1 0 0 0 0 0 0 0 0
112 111 0 0 0 0 0 0 0 0 0 0 0 203 146 3 2 1 0 0 0 0 0 0 0 0
120 115 0 0 0 0 0 0 0 0 0 0 0 224 155 3 2 1 0 0 0 0 0 0 0 0
124 118 0 0 0 0 0 0 0 0 0 0 0 227 158 3 2 1 0 0 0 0 0 0 0 0
131 123 0 0 0 0 0 0 0 0 0 0 0 230 161 3 2 1 0 0 0 0 0 0 0 0
136 128 0 0 0 0 0 0 0 0 0 0 0 237 167 3 2 1 0 0 0 0 0 0 0 0
142 132 0 0 0 0 0 0 0 0 0 0 0 242 174 3 2 1 0 0 0 0 0 0 0 0
154 138 0 0 0 0 0 0 0 0 0 0 0 245 177 3 2 1 0 0 0 0 0 0 0 0
159 141 0 0 0 0 0 0 0 0 0 0 0 249 185 3 2 1 0 0 0 0 0 0 0 0
162 146 0 0 0 0 0 0 0 0 0 0 0 274 188 3 2 1 0 0 0 0 0 0 0 0
167 149 0 0 0 0 0 0 0 0 0 0 0 279 194 3 2 1 0 0 0 0 0 0 0 0
178 153 0 0 0 0 0 0 0 0 0 0 0 284 198 3 2 1 0 0 0 0 0 0 0 0
181 156 0 0 0 0 0 0 0 0 0 0 0 288 202 3 2 1 0 0 0 0 0 0 0 0
185 162 0 0 0 0 0 0 0 0 0 0 0 292 207 3 2 1 0 0 0 0 0 0 0 0
188 165 0 0 0 0 0 0 0 0 0 0 0 297 214 3 2 1 0 0 0 0 0 0 0 0
195 169 0 0 0 0 0 0 0 0 0 0 0 301 220 3 2 1 0 0 0 0 0 0 0 0
