# scores for worst/random/best/smart move selector strategies. 
# scores are 50% and 95% quantiles (based on 40 games) of: 
# game score, #destroyed, #unlocked, #stripes, #bombs, #zappers
3 3 0 0 0 0 0 0 0 0 0 0 0 14 14 0 0 0 0 0 0 0 0 0 0 0
7 7 0 0 0 0 0 0 0 0 0 0 0 17 17 0 0 0 0 0 0 0 0 0 0 0
12 12 0 0 0 0 0 0 0 0 0 0 0 68 26 0 0 0 0 0 0 0 0 0 0 0
17 16 0 0 0 0 0 0 0 0 0 0 0 84 31 1 1 0 0 0 0 0 0 0 0 0
22 21 0 0 0 0 0 0 0 0 0 0 0 113 44 2 2 0 0 1 0 0 0 0 0 0
26 25 0 0 0 0 0 0 0 0 0 0 0 144 56 2 2 0 1 1 0 0 1 0 0 0
32 30 0 0 0 0 0 0 0 0 0 0 0 147 63 2 2 0 1 1 0 0 1 0 0 0
37 36 0 0 0 0 0 0 0 0 0 0 0 154 70 2 2 0 1 1 0 0 1 0 0 0
45 40 0 0 0 0 0 0 0 0 0 0 0 158 74 2 2 1 1 1 0 0 1 0 0 0
66 46 0 0 0 0 0 0 0 0 0 0 0 161 79 2 2 1 1 1 0 0 1 0 0 0
69 50 0 0 0 0 0 0 0 0 0 0 0 190 88 2 2 1 1 1 0 0 1 0 0 0
77 55 0 1 0 0 0 0 0 0 0 0 0 193 91 2 2 1 1 1 0 0 1 0 0 0
90 60 0 1 0 0 0 0 0 0 0 0 0 197 96 2 3 1 1 1 0 0 1 0 0 0
97 65 0 1 0 0 0 0 0 0 0 0 0 207 100 2 3 1 1 1 0 0 1 0 0 0
116 71 0 1 0 0 0 0 0 0 0 0 0 241 110 2 4 1 1 1 0 0 1 0 0 0
129 78 0 1 0 0 0 0 0 0 0 0 0 267 123 2 5 1 1 1 0 0 1 0 0 0
148 88 0 2 0 0 0 0 0 0 0 0 0 270 133 2 5 1 1 1 0 0 1 0 0 0
156 93 0 2 0 0 0 0 0 0 0 0 0 336 150 2 6 1 1 1 0 0 1 0 0 0
172 97 0 2 0 0 0 0 0 0 0 0 0 367 153 2 6 1 1 1 0 0 1 0 0 0
177 104 0 2 0 0 0 0 0 0 0 0 0 401 183 2 6 1 1 1 0 0 1 0 0 0
182 108 0 2 0 0 0 0 0 0 0 0 0 419 189 2 7 1 1 1 0 0 1 0 0 0
191 113 0 3 0 0 0 0 0 0 0 0 0 456 198 2 7 2 1 1 1 0 1 0 0 0
197 118 0 3 0 0 0 0 0 0 0 0 0 492 208 2 9 3 1 2 1 0 1 0 0 0
200 122 0 3 0 0 0 0 0 0 0 0 0 499 213 3 9 3 1 2 1 0 1 0 0 0
229 132 0 3 0 0 0 0 0 0 0 0 0 536 220 4 9 3 1 2 1 0 1 0 0 0
243 141 0 3 0 0 0 0 0 0 0 0 0 585 244 4 10 3 1 2 1 0 1 0 0 0
248 147 0 3 0 0 0 0 0 0 0 0 0 593 251 4 11 3 1 2 1 0 1 0 0 0
272 150 1 4 0 0 0 0 0 0 0 0 0 598 254 5 11 3 1 2 1 0 1 0 0 0
289 156 1 4 0 0 0 0 0 0 0 0 0 619 259 5 11 3 1 2 1 0 1 0 0 0
320 171 1 4 0 0 1 0 0 0 0 0 0 625 266 5 11 3 1 2 1 0 1 0 0 0
347 184 1 5 0 0 1 0 0 0 0 0 0 632 272 5 12 3 1 2 1 0 1 0 0 0
363 189 1 5 0 0 1 0 0 0 0 0 0 637 280 5 12 3 1 2 1 0 1 0 0 0
373 200 1 5 0 0 1 0 0 0 0 0 0 659 283 5 12 3 2 3 1 0 2 0 0 0
398 211 1 5 0 0 1 0 0 0 0 0 0 694 290 5 12 3 2 3 1 0 2 0 0 0
447 217 1 6 0 0 1 0 0 0 0 0 0 722 302 5 14 3 2 3 1 0 2 0 0 0
458 223 1 7 0 0 1 0 0 0 0 0 0 766 311 5 14 3 2 3 1 0 2 0 0 0
463 231 1 7 0 0 1 0 0 0 0 0 0 791 318 5 14 3 2 3 1 0 2 0 0 0
498 246 1 7 1 0 1 0 0 0 0 0 0 879 330 5 20 3 2 3 1 0 2 1 0 0
515 250 1 7 1 0 1 0 0 0 0 0 0 905 350 5 20 4 2 3 1 0 2 1 0 0
522 256 1 7 1 0 1 0 0 0 0 0 0 910 356 5 20 4 2 3 1 0 2 1 0 0
529 261 1 7 1 0 1 0 0 0 0 0 0 920 364 5 20 4 2 3 1 0 2 1 0 0
