# scores for worst/random/best/smart move selector strategies. 
# scores are 50% and 95% quantiles (based on 40 games) of: 
# game score, #destroyed, #unlocked, #stripes, #bombs, #zappers
3 3 0 0 0 0 0 0 0 0 0 0 0 14 14 0 0 0 0 0 0 0 0 0 0 0
6 6 0 0 0 0 0 0 0 0 0 0 0 18 18 0 0 0 0 0 0 0 0 0 0 0
10 10 0 0 0 0 0 0 0 0 0 0 0 43 21 0 0 0 0 0 0 0 0 0 0 0
15 15 0 0 0 0 0 0 0 0 0 0 0 47 26 0 0 0 0 0 0 0 0 0 0 0
19 19 0 0 0 0 0 0 0 0 0 0 0 53 32 0 0 0 0 0 0 0 0 0 0 0
22 22 0 0 0 0 0 0 0 0 0 0 0 56 35 0 0 0 0 0 0 0 0 0 0 0
27 27 0 0 0 0 0 0 0 0 0 0 0 76 39 0 0 0 0 0 0 0 0 0 0 0
31 30 0 0 0 0 0 0 0 0 0 0 0 79 46 0 1 0 0 0 0 0 0 0 0 0
34 34 0 0 0 0 0 0 0 0 0 0 0 93 49 0 1 0 0 0 0 0 0 0 0 0
37 37 0 0 0 0 0 0 0 0 0 0 0 98 53 0 1 0 0 0 0 0 0 0 0 0
42 41 0 0 0 0 0 0 0 0 0 0 0 107 57 0 1 0 0 0 0 0 0 0 0 0
45 45 0 0 0 0 0 0 0 0 0 0 0 121 60 0 1 0 0 0 0 0 0 0 0 0
50 48 0 0 0 0 0 0 0 0 0 0 0 124 73 0 1 0 0 0 0 0 0 0 0 0
54 53 0 0 0 0 0 0 0 0 0 0 0 133 77 0 1 0 0 0 0 0 0 0 0 0
59 57 0 0 0 0 0 0 0 0 0 0 0 141 81 0 1 0 0 0 0 0 0 0 0 0
63 61 0 0 0 0 0 0 0 0 0 0 0 144 84 0 1 0 0 0 0 0 0 0 0 0
71 66 0 0 0 0 0 0 0 0 0 0 0 147 89 0 1 0 0 0 0 0 0 0 0 0
74 72 0 0 0 0 0 0 0 0 0 0 0 159 95 0 1 0 0 0 0 0 0 0 0 0
83 75 0 0 0 0 0 0 0 0 0 0 0 162 101 0 1 0 0 0 0 0 0 0 0 0
91 79 0 0 0 0 0 0 0 0 0 0 0 168 114 0 2 1 0 0 0 0 0 0 0 0
100 83 0 0 0 0 0 0 0 0 0 0 0 172 117 0 2 1 0 0 0 0 0 0 0 0
105 88 0 0 0 0 0 0 0 0 0 0 0 194 130 0 2 1 1 0 0 0 1 0 0 0
109 95 0 0 0 0 0 0 0 0 0 0 0 211 136 1 3 1 1 0 0 0 1 0 0 0
113 101 0 0 0 0 0 0 0 0 0 0 0 214 140 1 3 1 1 0 0 0 1 0 0 0
116 105 0 0 0 0 0 0 0 0 0 0 0 224 148 2 3 1 1 0 0 0 1 0 0 0
121 109 0 0 0 0 0 0 0 0 0 0 0 230 152 2 3 1 1 0 0 0 1 0 0 0
134 115 0 1 0 0 0 0 0 0 0 0 0 235 158 2 3 1 1 0 0 0 1 0 0 0
141 121 0 1 0 0 0 0 0 0 0 0 0 247 161 2 4 1 1 0 0 0 1 0 0 0
151 126 0 1 0 0 0 0 0 0 0 0 0 250 169 2 4 1 1 0 0 0 1 0 0 0
172 133 0 1 0 0 0 0 0 0 0 0 0 270 172 2 4 1 1 0 0 0 1 0 0 0
183 137 0 1 0 0 0 0 0 0 0 0 0 282 179 2 4 1 1 0 0 0 1 0 0 0
186 143 0 1 0 0 0 0 0 0 0 0 0 285 185 2 4 1 1 0 0 0 1 0 0 0
190 148 0 1 0 0 0 0 0 0 0 0 0 317 192 2 4 1 1 0 0 0 1 0 0 0
198 152 0 1 0 0 0 0 0 0 0 0 0 331 198 2 4 1 1 0 0 0 1 0 0 0
211 161 0 1 0 0 0 0 0 0 0 0 0 360 211 2 4 2 1 0 0 0 1 0 0 0
228 168 0 1 0 0 0 0 0 0 0 0 0 368 220 3 5 2 1 0 0 0 1 0 0 0
236 173 0 1 0 0 0 0 0 0 0 0 0 395 226 3 5 2 1 0 0 0 1 0 0 0
242 178 0 1 0 0 0 0 0 0 0 0 0 398 229 3 5 2 1 0 0 0 1 0 0 0
249 184 0 1 0 0 0 0 0 0 0 0 0 410 235 3 5 2 1 0 0 0 1 0 0 0
263 189 0 2 0 0 0 0 0 0 0 0 0 413 242 3 5 2 1 0 0 0 1 0 0 0
271 195 0 2 0 0 0 0 0 0 0 0 0 442 247 3 5 2 1 0 0 0 1 0 0 0
