# scores for worst/random/best/smart move selector strategies. 
# scores are 50% and 95% quantiles (based on 40 games) of: 
# game score, #destroyed, #unlocked, #stripes, #bombs, #zappers
3 3 0 0 0 0 0 0 0 0 0 0 0 14 14 0 0 0 0 0 0 0 0 0 0 0
9 9 0 0 0 0 0 0 0 0 0 0 0 20 20 0 0 0 0 0 0 0 0 0 0 0
15 14 0 0 0 0 0 0 0 0 0 0 0 68 31 0 1 0 0 0 0 0 0 0 0 0
21 21 0 0 0 0 0 0 0 0 0 0 0 112 43 1 2 0 1 0 0 0 1 0 0 0
30 28 0 0 0 0 0 0 0 0 0 0 0 129 52 2 2 0 1 0 0 0 1 0 0 0
42 35 0 0 0 0 0 0 0 0 0 0 0 150 61 2 2 1 1 0 0 0 1 0 0 0
62 39 0 0 0 0 0 0 0 0 0 0 0 173 69 2 2 1 1 1 0 0 1 0 0 0
83 45 0 0 0 0 0 0 0 0 0 0 0 208 92 2 3 1 1 1 0 0 1 0 0 0
106 56 0 1 0 0 0 0 0 0 0 0 0 217 101 4 3 1 1 1 1 0 1 0 0 0
116 60 0 1 0 0 0 0 0 0 0 0 0 261 112 4 3 1 2 1 1 0 1 0 0 0
128 72 0 2 0 0 0 0 0 0 0 0 0 349 134 5 4 1 2 1 1 0 2 0 0 0
160 81 0 2 0 0 0 0 0 0 0 0 0 360 144 5 4 1 2 1 1 0 2 0 0 0
182 86 0 2 0 0 0 0 0 0 0 0 0 448 181 5 4 1 2 1 1 0 2 0 0 0
205 99 0 2 0 0 0 0 0 0 0 0 0 504 196 5 5 1 2 1 1 0 2 0 0 0
217 105 1 3 0 0 0 0 0 0 0 0 0 517 203 5 5 1 3 1 1 0 3 0 0 0
230 119 1 3 0 0 0 0 0 0 0 0 0 553 214 5 5 2 3 1 1 0 3 0 0 0
280 131 1 3 0 0 0 0 0 0 0 0 0 622 236 5 6 2 4 1 1 0 3 0 0 0
296 141 1 4 0 0 0 0 0 0 0 0 0 647 257 5 7 2 4 1 1 0 3 0 0 0
330 152 1 4 0 1 0 0 0 0 0 0 0 682 277 5 8 3 5 1 1 0 4 0 0 0
345 165 1 4 0 1 0 0 0 0 0 0 0 687 284 5 9 3 5 1 1 0 4 0 0 0
373 173 1 4 0 1 0 0 0 0 0 0 0 711 290 6 9 3 5 1 1 0 4 0 0 0
408 186 2 5 1 1 0 0 0 1 0 0 0 717 311 6 10 3 5 1 1 0 4 0 0 0
415 198 2 5 1 1 1 0 0 1 0 0 0 720 316 6 10 3 5 1 1 0 4 0 0 0
438 210 2 6 1 1 1 0 0 1 0 0 0 792 333 6 10 4 5 2 2 0 4 0 0 0
469 221 2 6 1 1 1 0 0 1 0 0 0 796 339 6 10 4 5 2 2 0 4 0 0 0
519 232 2 7 1 1 1 0 0 1 0 0 0 802 350 6 10 4 5 2 2 0 4 0 0 0
555 242 2 7 1 1 1 0 0 1 0 0 0 1021 361 6 11 4 5 2 2 0 4 0 0 0
587 258 2 7 1 1 1 0 0 1 0 0 0 1028 373 6 17 4 5 2 2 0 4 0 0 0
644 271 2 8 1 1 1 0 0 1 0 0 0 1033 389 6 17 4 5 2 2 0 4 0 0 0
657 284 2 8 1 1 1 0 0 1 0 0 0 1085 402 6 19 4 5 2 2 0 4 0 0 0
716 301 2 9 1 1 1 0 0 1 0 0 0 1114 415 6 22 4 5 2 2 0 4 1 0 0
726 313 2 9 1 1 1 0 0 1 0 0 0 1135 431 6 22 4 5 2 2 0 5 1 0 0
753 319 2 9 1 2 1 0 0 1 0 0 0 1138 435 6 23 4 6 2 2 0 5 1 0 0
793 332 2 10 1 2 1 0 0 1 0 0 0 1150 453 6 23 4 6 2 2 0 5 1 0 0
823 344 2 11 2 2 1 0 0 2 0 0 0 1166 458 6 23 5 6 2 2 0 6 1 0 0
851 364 2 11 2 2 1 0 0 2 0 0 0 1202 481 6 23 5 6 2 2 0 6 1 0 0
867 369 2 11 2 2 1 0 0 2 0 0 0 1420 500 6 24 5 6 2 2 0 6 1 0 0
920 381 2 12 2 2 1 0 0 2 0 0 0 1507 509 6 24 5 7 2 2 0 6 1 0 0
946 400 2 12 2 2 1 0 0 2 0 0 0 1521 513 6 24 5 7 2 2 0 6 1 0 0
977 407 2 12 2 2 1 0 0 2 0 0 0 1610 535 6 25 6 7 2 2 0 6 1 0 0
982 421 2 12 2 2 1 0 0 2 0 0 0 1615 544 6 25 6 7 2 2 0 6 1 0 0
