# scores for worst/random/best/smart move selector strategies. 
# scores are 50% and 95% quantiles (based on 40 games) of: 
# game score, #destroyed, #unlocked, #stripes, #bombs, #zappers
12 12 0 0 0 0 0 0 0 0 0 0 0 596 178 1 7 5 1 0 0 0 0 0 0 0
46 30 0 0 0 0 0 0 0 0 0 0 0 1144 331 3 11 9 2 0 1 0 1 0 0 0
389 138 1 5 2 0 0 0 0 0 0 0 0 1530 448 9 18 11 3 1 1 1 1 0 0 0
665 199 1 9 5 0 0 0 0 0 0 0 0 2457 597 9 33 28 6 1 2 1 1 1 0 0
827 253 2 11 6 1 0 0 0 0 0 0 0 3553 873 9 36 34 11 1 2 1 1 1 1 0
1144 349 2 13 7 2 0 0 0 0 0 0 0 4263 1034 10 38 47 14 1 2 1 2 1 1 1
1485 405 2 17 9 3 0 1 0 0 0 0 0 5254 1173 10 44 62 18 2 2 1 3 1 1 1
1768 489 2 19 13 3 0 1 0 1 0 0 0 5797 1343 10 46 69 20 2 3 1 4 1 2 1
2240 565 2 22 15 3 0 1 0 1 0 0 0 6250 1384 10 47 84 20 2 3 1 4 1 2 1
2374 633 2 24 19 4 0 1 0 1 0 0 0 6543 1418 10 57 84 20 2 3 1 4 1 2 1
2681 676 2 27 24 5 0 1 0 1 0 0 0 6677 1504 10 61 85 21 2 4 1 5 2 2 1
2996 791 2 34 28 6 0 1 0 1 0 0 0 7146 1612 10 62 87 22 2 4 1 5 2 2 1
3450 905 2 38 31 6 0 1 0 2 0 1 0 7410 1640 10 64 87 22 2 4 1 6 2 2 1
3811 1023 2 41 31 7 0 2 0 2 0 1 0 8348 1827 10 75 99 25 2 4 2 6 2 2 1
4049 1144 2 46 38 8 0 2 0 2 1 1 0 8979 2006 10 84 103 28 2 4 2 6 2 2 2
4563 1304 2 50 42 9 0 2 0 3 1 1 0 9300 2258 10 92 103 30 2 4 2 7 2 2 2
4743 1329 2 54 44 10 0 2 0 3 1 1 0 9929 2316 10 94 113 33 2 4 2 7 2 2 2
5306 1446 2 58 50 13 1 2 0 3 1 1 0 10083 2405 10 95 115 34 2 4 2 8 2 2 2
5914 1536 2 62 50 14 1 2 1 3 1 1 0 10812 2599 10 105 130 37 2 4 2 8 3 3 2
6341 1708 2 69 57 15 1 2 1 4 1 1 0 11377 2815 10 109 134 41 2 4 2 8 3 3 2
6574 1825 2 73 65 15 1 2 1 4 1 1 0 11546 2900 10 110 143 41 2 5 2 9 3 3 2
7292 1939 2 77 67 17 1 2 1 4 1 1 0 11844 3029 10 115 143 42 3 5 2 9 3 3 2
7636 2064 2 81 73 17 1 3 1 4 1 1 1 12003 3076 10 122 146 42 3 5 2 9 3 3 2
8072 2110 2 84 78 19 1 3 1 5 1 1 1 12036 3100 10 138 148 44 3 5 2 10 4 3 2
8188 2210 2 85 78 20 1 3 1 5 1 1 1 12355 3142 10 138 150 45 3 5 2 10 4 3 2
8858 2343 2 92 81 21 1 3 1 5 2 1 1 12498 3163 10 140 151 46 3 5 2 10 4 4 2
9360 2413 2 93 83 21 1 3 1 5 2 1 1 13025 3315 10 155 152 48 3 5 2 10 4 4 2
9783 2483 2 95 87 23 1 3 1 5 2 2 1 13665 3548 10 168 152 49 3 5 2 10 5 4 2
10088 2607 2 98 88 23 1 3 1 6 2 2 1 14119 3646 10 171 160 49 3 5 2 11 5 4 2
10455 2723 2 100 97 24 1 3 1 6 2 2 1 14751 3775 10 172 162 51 3 5 2 12 5 4 2
11007 2767 2 100 100 26 1 3 1 6 2 2 1 15117 4066 10 172 164 54 3 5 3 12 5 4 2
11142 2853 2 105 106 26 1 3 1 6 2 2 1 16094 4330 10 173 166 55 3 5 3 13 5 4 2
11448 2922 2 110 111 28 1 3 1 7 2 2 1 16545 4417 10 174 167 55 3 6 3 13 5 4 2
11937 2983 2 118 114 29 1 3 1 7 2 2 1 16996 4494 10 180 167 55 3 6 3 13 5 5 2
12158 3103 2 121 114 30 1 4 1 7 2 2 1 17425 4591 10 181 173 55 3 6 3 13 5 5 2
12731 3149 2 123 115 31 2 4 1 7 2 2 1 17830 4674 10 195 180 55 3 6 3 13 5 5 2
12919 3284 2 125 115 33 2 4 1 7 2 2 1 18493 4763 10 195 193 55 3 6 3 13 5 5 2
13085 3340 2 127 123 35 2 4 2 8 2 2 1 18505 4844 10 204 193 55 3 6 3 13 5 5 2
13304 3431 2 129 124 35 2 4 2 8 2 2 1 19277 5157 10 217 196 56 3 6 3 13 5 5 3
13940 3528 2 132 129 37 2 4 2 8 2 2 1 19955 5250 10 223 205 57 3 6 3 14 5 5 3
13983 3597 2 134 132 37 2 4 2 8 2 2 1 20507 5456 10 230 207 59 3 6 3 14 5 5 3
