# scores for worst/random/best/smart move selector strategies. 
# scores are 50% and 95% quantiles (based on 40 games) of: 
# game score, #destroyed, #unlocked, #stripes, #bombs, #zappers
12 12 0 0 0 0 0 0 0 0 0 0 0 596 178 1 7 5 1 0 0 0 0 0 0 0
24 24 0 0 0 0 0 0 0 0 0 0 0 946 305 1 10 6 2 0 0 0 0 0 0 0
66 43 0 0 0 0 0 0 0 0 0 0 0 1383 413 3 13 12 3 0 0 0 0 0 0 0
100 57 0 1 0 0 0 0 0 0 0 0 0 1457 435 3 13 13 3 0 0 0 0 0 0 0
160 83 0 1 1 0 0 0 0 0 0 0 0 1584 480 4 21 15 3 0 0 0 0 0 0 0
399 123 0 5 2 0 0 0 0 0 0 0 0 1588 484 4 21 15 3 0 0 0 0 0 0 0
576 206 1 9 4 0 0 0 0 0 0 0 0 1594 513 4 21 15 3 0 0 0 1 0 0 0
774 230 1 10 6 0 0 0 0 0 0 0 0 2062 652 4 21 17 5 0 0 0 1 0 0 0
915 264 1 12 7 0 0 0 0 0 0 0 0 2424 780 4 22 18 5 0 0 0 1 0 0 0
1163 357 1 13 8 0 0 0 0 0 0 0 0 2702 849 5 23 24 6 0 0 0 1 0 0 0
1246 376 1 15 8 1 0 0 0 0 0 0 0 2830 918 5 29 26 8 0 0 0 1 0 0 0
1294 404 1 16 9 1 0 0 0 0 0 0 0 3373 1034 5 29 32 9 1 0 0 2 0 0 0
1417 466 2 16 11 2 0 0 0 0 0 0 0 3429 1049 5 31 32 9 1 0 0 2 0 0 0
1465 481 2 17 11 2 0 0 0 0 0 0 0 3790 1212 5 33 35 10 1 0 1 2 0 0 0
1518 501 2 17 11 2 0 0 0 0 0 0 0 4040 1284 5 36 36 10 1 0 1 2 0 0 0
1690 541 2 19 12 3 0 0 0 0 0 0 0 4609 1408 5 41 39 13 1 1 1 2 0 0 0
1843 625 2 20 14 3 0 0 0 0 0 0 0 4668 1432 5 43 40 13 1 1 1 2 0 0 0
1857 658 2 21 14 3 0 0 0 0 0 0 0 4676 1440 5 43 40 14 1 1 1 2 0 0 0
2050 713 2 22 15 4 0 0 0 1 0 0 0 4890 1548 5 45 43 15 1 1 1 2 1 0 0
2239 720 2 23 15 4 0 0 0 1 0 0 0 5047 1573 5 47 43 16 1 1 1 2 1 0 0
2292 797 2 23 16 5 0 0 0 1 0 0 0 5988 1849 5 51 51 20 1 1 1 2 1 0 0
2384 839 2 24 17 5 0 0 0 1 0 0 0 6118 1926 5 54 51 20 1 1 1 3 1 0 0
2426 847 2 27 19 5 0 0 0 1 0 0 0 6448 2031 5 54 55 21 1 1 1 3 1 0 0
2487 869 2 27 20 5 0 0 0 1 0 0 0 6498 2065 5 54 55 21 1 1 1 3 1 0 0
2719 945 2 29 21 6 0 0 0 1 0 0 0 6542 2092 5 54 55 21 1 1 1 3 1 0 0
3298 1137 2 31 23 8 0 0 0 1 0 0 0 6695 2117 5 59 56 21 1 1 1 3 1 0 0
3392 1165 2 33 24 8 0 0 0 1 0 0 0 7482 2313 5 63 61 25 1 1 1 3 1 0 0
3594 1232 2 35 26 9 0 0 0 1 0 0 0 8758 2784 5 68 74 28 1 1 1 4 1 0 0
3603 1241 2 35 26 9 0 0 0 1 0 0 0 8790 2789 5 70 75 28 1 1 1 4 1 0 0
3809 1295 2 36 27 9 0 0 0 1 0 0 0 8798 2795 5 70 75 28 1 1 1 4 1 0 0
3956 1315 2 36 28 9 0 0 0 1 0 0 0 9018 2839 5 72 75 29 1 1 1 4 1 1 0
4243 1376 2 38 30 9 0 0 0 1 0 0 0 9025 2845 5 72 75 29 1 1 1 4 1 1 0
4328 1428 2 39 32 10 0 0 0 1 0 0 0 9384 2963 5 75 81 29 1 1 1 4 1 1 0
4393 1471 2 39 33 10 0 0 0 1 0 0 0 9573 3027 5 76 82 31 1 1 1 4 1 1 0
4404 1528 2 40 33 11 0 0 0 1 0 0 0 9938 3151 5 79 83 31 1 1 1 4 1 1 0
4582 1584 2 41 34 12 0 0 0 2 0 0 0 9943 3156 5 79 83 31 1 1 1 4 1 1 0
4597 1590 2 42 36 12 0 0 0 2 0 0 0 10057 3221 5 81 84 33 1 1 1 4 1 1 0
4723 1617 2 43 37 12 0 0 0 2 0 0 0 10068 3231 5 81 84 33 1 1 1 4 1 1 0
4726 1631 2 43 38 13 0 0 0 2 0 0 0 10442 3345 5 82 87 34 1 1 1 4 1 1 0
4898 1658 2 48 38 14 0 0 0 2 0 0 0 10445 3348 5 82 89 34 1 1 1 4 1 1 0
5030 1723 2 49 39 14 0 0 0 2 0 0 0 10472 3358 5 83 89 34 1 1 1 4 1 1 0
