# scores for worst/random/best/smart move selector strategies. 
# scores are 50% and 95% quantiles (based on 40 games) of: 
# game score, #destroyed, #unlocked, #stripes, #bombs, #zappers
12 12 0 0 0 0 0 0 0 0 0 0 0 596 178 1 7 5 1 0 0 0 0 0 0 0
96 49 0 1 0 0 0 0 0 0 0 0 0 1743 499 4 14 14 4 0 1 0 1 0 0 0
441 137 1 7 3 0 0 0 0 0 0 0 0 2747 760 7 27 24 8 1 1 0 1 0 0 0
700 248 2 11 6 1 0 0 0 0 0 0 0 3547 858 7 31 43 10 1 1 1 1 1 1 0
1516 418 2 15 12 2 0 1 0 0 0 0 0 4570 1028 8 40 55 13 1 1 1 2 1 1 1
1815 519 2 17 14 3 0 1 0 1 0 0 0 4887 1133 8 52 58 15 1 2 1 2 1 1 1
2063 583 2 18 17 3 0 1 0 1 0 0 0 5933 1402 8 71 65 19 1 2 1 3 1 2 1
2490 683 2 25 20 5 0 1 0 1 0 0 0 6796 1562 8 73 78 20 1 2 1 3 1 2 1
3159 931 2 33 24 7 0 1 0 1 0 0 0 7047 1711 8 74 81 21 2 3 1 4 1 2 1
3995 1040 2 35 39 8 0 1 0 2 0 1 0 7312 1814 8 78 87 23 2 3 1 5 2 3 1
4324 1170 2 43 45 10 0 1 0 2 1 1 0 7704 1866 8 81 97 24 2 3 1 5 2 3 1
5188 1360 2 47 48 12 0 1 0 2 1 1 0 8622 1959 8 84 108 25 2 3 2 5 2 3 1
5427 1464 2 52 52 13 0 1 0 3 1 1 0 8766 2047 8 85 111 25 2 3 2 5 2 3 1
6052 1622 2 54 61 14 0 1 0 3 1 1 0 9720 2206 8 100 122 26 2 3 2 5 3 3 1
6505 1664 2 59 69 15 0 1 0 3 1 1 0 10026 2258 8 106 128 28 2 3 2 6 3 4 1
6972 1763 2 68 74 16 0 1 0 4 1 1 0 10211 2490 8 109 128 29 2 3 2 6 3 4 1
7426 1883 2 72 75 16 0 1 0 4 1 1 0 11110 2554 8 112 144 31 2 3 2 6 3 4 1
8092 2065 2 75 77 18 0 1 0 4 1 2 0 11444 2781 8 121 150 34 2 3 2 6 3 4 1
8839 2237 2 78 88 22 0 1 0 4 1 2 0 12439 2850 8 124 154 35 2 4 2 7 3 5 1
9084 2401 2 85 92 22 0 2 0 5 1 2 0 13369 3051 8 136 155 39 2 4 2 8 3 5 1
9492 2471 2 85 94 23 0 2 0 5 1 2 0 15128 3246 8 145 176 44 2 4 2 8 4 5 1
9837 2665 2 93 101 25 1 2 0 5 1 2 0 15651 3435 8 147 188 46 2 4 2 8 4 5 1
10207 2733 2 96 107 27 1 2 1 6 1 2 0 17012 3614 8 148 210 48 2 4 2 8 4 6 1
10414 2791 2 99 114 27 1 2 1 6 1 2 0 17588 3992 8 150 225 51 2 4 3 9 4 6 1
11025 2889 2 103 119 28 1 2 1 6 1 2 0 18272 4124 8 155 225 54 2 4 3 10 4 6 1
11766 2937 2 107 125 29 1 2 1 7 1 2 0 18571 4205 8 161 228 55 2 4 3 10 4 6 2
12329 3018 2 112 129 31 1 2 1 7 1 2 0 19126 4374 8 166 228 58 2 4 3 10 4 6 2
12939 3303 2 118 131 32 1 2 1 7 2 2 0 19733 4585 8 176 230 59 2 4 3 11 4 6 2
13539 3435 2 121 134 32 1 2 1 7 2 2 0 20286 4709 8 177 235 62 2 4 3 11 4 7 2
13965 3519 2 128 137 35 1 3 1 8 2 2 0 20374 4766 8 179 240 62 2 5 3 12 4 7 2
14408 3582 2 133 142 36 1 3 1 8 2 2 0 20980 4853 8 190 253 64 2 5 3 12 5 7 2
14928 3687 2 136 147 36 1 3 1 8 2 3 0 22170 5147 8 201 260 64 3 5 3 12 5 7 2
15174 3809 2 139 150 38 1 3 1 8 2 3 0 23582 5471 8 203 277 70 3 5 3 13 5 7 2
15504 3996 2 145 160 42 1 3 1 9 2 3 0 24193 5789 8 208 286 73 3 6 3 13 5 8 2
16060 4119 2 154 170 42 1 3 1 9 2 3 0 24493 5950 8 208 302 74 3 6 3 14 5 8 2
17038 4366 2 157 177 44 1 3 1 9 3 4 0 24800 6068 8 213 306 74 3 6 3 14 5 8 2
17598 4503 2 162 182 48 1 3 1 9 3 4 0 24974 6114 8 223 314 74 3 6 4 14 6 8 2
18268 4616 2 165 182 49 1 3 1 10 3 4 0 25687 6207 8 228 323 74 3 6 4 14 6 8 2
18653 4675 2 169 184 50 1 3 1 10 3 4 0 25941 6243 8 229 324 76 3 6 4 14 6 8 2
19130 4868 2 172 187 52 1 3 1 10 3 4 0 26563 6338 8 231 332 78 3 6 4 14 6 8 2
19532 4978 2 177 193 53 1 3 1 11 3 4 1 27148 6430 8 232 333 79 3 6 4 15 6 8 2
