# scores for worst/random/best/smart move selector strategies. 
# scores are 50% and 95% quantiles (based on 40 games) of: 
# game score, #destroyed, #unlocked, #stripes, #bombs, #zappers
12 12 0 0 0 0 0 0 0 0 0 0 0 596 178 1 7 5 1 0 0 0 0 0 0 0
22 22 0 0 0 0 0 0 0 0 0 0 0 1042 322 1 12 7 2 0 0 0 0 0 0 0
31 30 0 0 0 0 0 0 0 0 0 0 0 1075 337 2 13 7 3 0 0 0 0 0 0 0
40 36 0 0 0 0 0 0 0 0 0 0 0 1188 384 2 14 7 3 0 0 0 0 0 0 0
66 46 0 1 0 0 0 0 0 0 0 0 0 1256 422 2 14 8 3 0 0 0 0 0 0 0
91 59 0 1 0 0 0 0 0 0 0 0 0 1261 429 3 14 8 3 0 0 0 0 0 0 0
100 71 0 1 0 0 0 0 0 0 0 0 0 1437 483 3 18 9 4 0 0 0 0 0 0 0
108 75 0 1 0 0 0 0 0 0 0 0 0 1442 488 3 18 9 4 0 0 0 0 0 0 0
220 96 0 2 1 0 0 0 0 0 0 0 0 1451 498 3 18 9 4 0 0 0 0 0 0 0
310 111 0 4 2 0 0 0 0 0 0 0 0 1869 616 3 20 13 6 0 0 0 0 0 0 0
318 115 0 4 2 0 0 0 0 0 0 0 0 2035 684 3 20 14 7 0 0 0 0 0 0 0
363 166 0 4 2 0 0 0 0 0 0 0 0 2042 691 3 20 14 7 0 0 0 0 0 0 0
492 208 0 6 3 0 0 0 0 0 0 0 0 2340 748 3 22 15 7 0 0 0 0 0 0 0
534 235 0 7 4 0 0 0 0 0 0 0 0 2534 815 3 23 17 8 0 0 0 0 0 0 0
611 261 0 8 5 0 0 0 0 0 0 0 0 2539 820 3 23 17 8 0 0 0 0 0 0 0
697 289 0 9 5 0 0 0 0 0 0 0 0 2796 871 3 23 20 8 0 0 0 0 0 0 0
745 303 0 9 5 0 0 0 0 0 0 0 0 2799 874 3 23 20 8 0 0 0 0 0 0 0
766 314 0 9 6 0 0 0 0 0 0 0 0 2830 906 3 24 20 8 0 0 0 0 0 0 0
856 335 0 10 6 0 0 0 0 0 0 0 0 2833 909 3 24 22 8 0 0 0 0 0 0 0
1110 414 1 12 8 1 0 0 0 0 0 0 0 2839 914 3 24 22 8 0 0 0 0 0 0 0
1170 420 1 13 8 1 0 0 0 0 0 0 0 2846 921 3 24 22 8 0 0 0 0 0 0 0
1358 485 1 14 10 1 0 0 0 0 0 0 0 3220 1057 3 24 26 12 0 0 0 0 0 0 0
1431 521 1 15 11 2 0 0 0 0 0 0 0 3267 1097 3 25 26 13 0 0 0 0 0 0 0
1566 548 1 15 11 2 0 0 0 0 0 0 0 4012 1334 3 33 30 16 0 0 0 0 0 0 0
1639 616 1 17 12 3 0 0 0 0 0 0 0 4025 1347 3 33 30 16 0 0 0 0 0 0 0
1642 627 1 17 12 3 0 0 0 0 0 0 0 4036 1359 3 33 30 16 0 0 0 0 0 0 0
1645 630 1 17 12 3 0 0 0 0 0 0 0 4039 1362 3 33 30 16 0 0 0 0 0 0 0
1652 642 1 17 12 3 0 0 0 0 0 0 0 4334 1468 3 33 33 16 0 0 0 0 0 0 0
1757 648 1 17 12 3 0 0 0 0 0 0 0 4729 1526 3 34 37 17 0 0 0 0 0 0 0
1793 657 1 18 13 3 0 0 0 0 0 0 0 4732 1531 3 34 37 17 0 0 0 0 0 0 0
1998 745 1 18 15 3 0 0 0 0 0 0 0 5075 1650 3 38 39 17 0 0 0 0 0 0 0
2039 757 1 18 15 3 0 0 0 0 0 0 0 5098 1653 3 38 41 17 0 0 0 0 0 0 0
2047 760 1 18 16 3 0 0 0 0 0 0 0 5104 1657 3 39 41 17 0 0 0 0 0 0 0
2189 818 1 19 16 3 0 0 0 0 0 0 0 5107 1660 3 39 41 17 0 0 0 0 0 0 0
2223 841 1 19 16 4 0 0 0 0 0 0 0 5364 1790 3 39 41 17 0 0 0 0 0 0 0
2270 855 1 20 16 4 0 0 0 0 0 0 0 5397 1806 3 39 41 17 0 0 0 0 0 0 0
2365 882 1 22 17 5 0 0 0 0 0 0 0 5402 1811 3 39 41 17 0 0 0 0 0 0 0
2370 887 1 22 17 5 0 0 0 0 0 0 0 5408 1814 3 41 41 17 0 0 0 0 0 0 0
2525 936 1 23 17 6 0 0 0 0 0 0 0 5463 1834 3 41 41 17 0 0 0 0 0 0 0
2719 982 1 25 18 6 0 0 0 0 0 0 0 5466 1837 3 41 41 17 0 0 0 0 0 0 0
2830 1050 1 25 20 6 0 0 0 0 0 0 0 5469 1840 3 41 41 17 0 0 0 0 0 0 0
