# scores for worst/random/best/smart move selector strategies. 
# scores are 50% and 95% quantiles (based on 40 games) of: 
# game score, #destroyed, #unlocked, #stripes, #bombs, #zappers
3 3 0 0 0 0 0 0 0 0 0 0 0 7 7 0 0 0 0 0 0 0 0 0 0 0
9 9 0 0 0 0 0 0 0 0 0 0 0 16 16 0 0 0 0 0 0 0 0 0 0 0
14 14 0 0 0 0 0 0 0 0 0 0 0 55 25 0 1 0 0 0 0 0 0 0 0 0
19 19 0 0 0 0 0 0 0 0 0 0 0 94 34 1 2 0 0 1 0 0 0 0 0 0
25 24 0 0 0 0 0 0 0 0 0 0 0 101 41 1 2 0 0 1 0 0 0 0 0 0
31 29 0 0 0 0 0 0 0 0 0 0 0 131 48 1 2 1 0 1 0 0 0 0 0 0
51 34 0 0 0 0 0 0 0 0 0 0 0 165 62 2 2 1 0 1 0 0 0 0 0 0
63 41 0 1 0 0 0 0 0 0 0 0 0 174 71 2 2 1 1 1 0 0 1 0 0 0
83 46 0 1 0 0 0 0 0 0 0 0 0 178 78 2 3 1 1 1 0 0 1 0 0 0
95 56 0 1 0 0 0 0 0 0 0 0 0 203 84 2 3 1 1 1 0 0 1 0 0 0
101 60 0 1 0 0 0 0 0 0 0 0 0 219 94 2 4 1 1 1 0 0 1 0 0 0
124 66 0 1 0 0 0 0 0 0 0 0 0 234 106 2 4 1 1 1 0 0 1 0 0 0
133 71 1 2 0 0 0 0 0 0 0 0 0 292 119 2 4 1 1 1 0 0 1 0 0 0
162 79 1 2 0 0 0 0 0 0 0 0 0 316 125 2 6 2 1 1 0 0 1 0 0 0
177 89 1 2 0 0 0 0 0 0 0 0 0 376 128 3 6 2 1 1 0 0 1 0 0 0
187 101 1 3 0 0 0 0 0 0 0 0 0 397 138 3 7 2 1 2 0 0 1 0 0 0
197 106 1 3 0 0 0 0 0 0 0 0 0 451 151 4 8 2 1 2 0 0 1 0 0 0
230 117 1 3 0 0 0 0 0 0 0 0 0 512 156 4 12 2 1 2 0 0 1 0 0 0
253 121 1 3 0 0 0 0 0 0 0 0 0 516 161 4 12 2 1 2 0 0 1 0 0 0
265 126 1 3 0 0 0 0 0 0 0 0 0 523 166 4 12 2 1 2 0 0 1 0 0 0
272 134 1 4 0 0 1 0 0 0 0 0 0 526 170 4 12 2 1 2 1 0 1 0 0 0
282 140 1 4 0 0 1 0 0 0 0 0 0 529 175 4 12 2 1 2 1 0 1 0 0 0
288 148 1 4 0 0 1 0 0 0 0 0 0 532 178 4 12 2 1 2 1 0 1 0 0 0
293 153 1 4 0 0 1 0 0 0 0 0 0 538 186 4 12 2 1 2 1 0 1 0 0 0
316 161 1 5 0 0 1 0 0 0 0 0 0 545 201 4 12 2 1 2 1 0 1 0 0 0
328 168 1 5 0 0 1 0 0 0 0 0 0 550 213 4 12 2 1 2 1 0 1 0 0 0
370 178 1 5 0 0 1 0 0 0 0 0 0 555 228 5 12 2 2 2 1 0 2 0 0 0
380 186 1 6 0 0 1 0 0 0 0 0 0 664 236 5 16 2 2 2 1 0 2 1 0 0
402 191 2 6 0 0 1 0 0 0 0 0 0 670 241 5 16 2 2 3 1 0 2 1 0 0
413 197 2 6 1 0 1 0 0 0 0 0 0 683 245 5 16 2 2 3 1 0 2 1 0 0
454 204 2 7 1 0 1 0 0 0 0 0 0 688 255 5 16 2 2 3 1 0 2 1 0 0
460 212 2 7 1 0 1 0 0 0 0 0 0 695 265 5 16 2 2 3 1 0 2 1 0 0
468 218 2 7 1 0 1 0 0 0 0 0 0 735 272 5 16 2 2 3 1 0 2 1 0 0
484 226 2 7 1 0 1 0 0 0 0 0 0 742 280 5 16 2 2 3 1 0 2 1 0 0
501 234 2 8 1 0 1 0 0 0 0 0 0 784 296 5 17 2 2 3 1 0 2 1 0 0
517 239 2 8 1 0 1 0 0 0 0 0 0 817 304 5 18 2 2 3 1 0 2 1 0 0
524 244 2 8 1 0 1 0 0 0 0 0 0 894 307 5 20 2 3 3 1 0 2 1 0 0
535 250 2 8 1 0 1 0 0 0 0 0 0 898 310 5 20 2 3 3 1 0 2 1 0 0
564 260 2 9 1 0 1 0 0 0 0 0 0 1040 325 5 21 3 3 3 1 0 2 1 0 0
572 263 2 9 1 0 1 0 0 0 0 0 0 1046 345 5 21 3 3 3 1 0 2 1 0 0
576 270 2 9 1 0 1 0 0 0 0 0 0 1051 361 5 22 3 3 3 1 0 2 1 0 0
