# scores for worst/random/best/smart move selector strategies. 
# scores are 50% and 95% quantiles (based on 40 games) of: 
# game score, #destroyed, #unlocked, #stripes, #bombs, #zappers
3 3 0 0 0 0 0 0 0 0 0 0 0 7 7 0 0 0 0 0 0 0 0 0 0 0
9 9 0 0 0 0 0 0 0 0 0 0 0 14 14 0 0 0 0 0 0 0 0 0 0 0
12 12 0 0 0 0 0 0 0 0 0 0 0 19 19 0 0 0 0 0 0 0 0 0 0 0
16 16 0 0 0 0 0 0 0 0 0 0 0 25 25 0 0 0 0 0 0 0 0 0 0 0
19 19 0 0 0 0 0 0 0 0 0 0 0 30 30 0 0 0 0 0 0 0 0 0 0 0
24 24 0 0 0 0 0 0 0 0 0 0 0 59 36 0 1 0 0 0 0 0 0 0 0 0
28 28 0 0 0 0 0 0 0 0 0 0 0 78 48 1 1 0 0 0 0 0 0 0 0 0
33 33 0 0 0 0 0 0 0 0 0 0 0 84 52 1 1 0 0 0 0 0 0 0 0 0
39 39 0 0 0 0 0 0 0 0 0 0 0 88 58 1 1 0 0 0 0 0 0 0 0 0
42 42 0 0 0 0 0 0 0 0 0 0 0 104 66 1 1 0 0 0 0 0 0 0 0 0
47 47 0 0 0 0 0 0 0 0 0 0 0 108 69 1 1 0 0 0 0 0 0 0 0 0
54 54 0 0 0 0 0 0 0 0 0 0 0 114 74 1 1 0 0 0 0 0 0 0 0 0
57 57 0 0 0 0 0 0 0 0 0 0 0 148 81 1 2 0 0 0 0 0 0 0 0 0
64 61 0 0 0 0 0 0 0 0 0 0 0 153 90 1 2 1 0 0 0 0 0 0 0 0
75 65 0 0 0 0 0 0 0 0 0 0 0 175 94 1 2 1 0 0 0 0 0 0 0 0
84 72 0 0 0 0 0 0 0 0 0 0 0 182 100 1 2 1 0 0 0 0 0 0 0 0
90 75 0 0 0 0 0 0 0 0 0 0 0 185 106 1 2 1 0 0 0 0 0 0 0 0
94 79 0 0 0 0 0 0 0 0 0 0 0 192 113 1 2 1 0 0 0 0 0 0 0 0
108 84 0 0 0 0 0 0 0 0 0 0 0 196 119 1 2 1 0 0 0 0 0 0 0 0
114 88 0 1 0 0 0 0 0 0 0 0 0 200 127 1 2 1 0 0 0 0 0 0 0 0
120 93 0 1 0 0 0 0 0 0 0 0 0 220 133 1 3 1 0 0 0 0 0 0 0 0
129 99 0 1 0 0 0 0 0 0 0 0 0 252 145 2 3 1 0 0 0 0 0 0 0 0
138 105 0 1 0 0 0 0 0 0 0 0 0 268 149 2 3 1 0 0 0 0 0 0 0 0
148 110 0 1 0 0 0 0 0 0 0 0 0 271 153 2 3 1 0 0 0 0 0 0 0 0
157 117 0 1 0 0 0 0 0 0 0 0 0 325 162 2 3 1 0 0 0 0 0 0 0 0
160 121 0 1 0 0 0 0 0 0 0 0 0 330 171 2 3 1 0 0 0 0 0 0 0 0
167 127 0 1 0 0 0 0 0 0 0 0 0 333 175 2 3 1 0 0 0 0 0 0 0 0
175 130 0 1 0 0 0 0 0 0 0 0 0 336 180 3 3 1 0 0 0 0 0 0 0 0
178 134 0 1 0 0 0 0 0 0 0 0 0 339 183 3 3 1 0 0 0 0 0 0 0 0
187 141 0 2 0 0 0 0 0 0 0 0 0 345 186 3 4 1 0 0 0 0 0 0 0 0
193 147 0 2 0 0 0 0 0 0 0 0 0 348 189 3 5 1 0 0 0 0 0 0 0 0
202 150 0 2 0 0 0 0 0 0 0 0 0 351 192 3 5 1 0 1 0 0 0 0 0 0
207 155 0 2 0 0 0 0 0 0 0 0 0 370 199 3 5 1 0 1 0 0 0 0 0 0
212 160 0 2 0 0 0 0 0 0 0 0 0 423 212 3 6 2 0 1 0 0 0 0 0 0
215 164 0 2 0 0 0 0 0 0 0 0 0 426 217 3 6 2 0 1 0 0 0 0 0 0
223 168 0 2 0 0 0 0 0 0 0 0 0 431 220 3 6 2 0 1 0 0 0 0 0 0
233 175 0 2 0 0 0 0 0 0 0 0 0 434 223 3 6 2 0 1 0 0 0 0 0 0
236 178 0 2 0 0 0 0 0 0 0 0 0 457 230 3 7 2 1 1 0 0 0 0 0 0
242 187 0 2 0 0 0 0 0 0 0 0 0 460 233 3 7 2 1 1 0 0 0 0 0 0
246 195 0 2 0 0 0 0 0 0 0 0 0 467 239 3 7 2 1 1 0 0 0 0 0 0
262 199 0 2 0 0 0 0 0 0 0 0 0 472 242 3 7 2 1 1 0 0 0 0 0 0
