# scores for worst/random/best/smart move selector strategies. 
# scores are 50% and 95% quantiles (based on 40 games) of: 
# game score, #destroyed, #unlocked, #stripes, #bombs, #zappers
3 3 0 0 0 0 0 0 0 0 0 0 0 7 7 0 0 0 0 0 0 0 0 0 0 0
8 8 0 0 0 0 0 0 0 0 0 0 0 12 12 0 0 0 0 0 0 0 0 0 0 0
12 12 0 0 0 0 0 0 0 0 0 0 0 22 22 0 0 0 0 0 0 0 0 0 0 0
15 15 0 0 0 0 0 0 0 0 0 0 0 25 25 0 0 0 0 0 0 0 0 0 0 0
18 18 0 0 0 0 0 0 0 0 0 0 0 35 35 0 0 0 0 0 0 0 0 0 0 0
21 21 0 0 0 0 0 0 0 0 0 0 0 44 42 0 0 0 0 0 0 0 0 0 0 0
27 27 0 0 0 0 0 0 0 0 0 0 0 57 45 0 0 0 0 0 0 0 0 0 0 0
30 30 0 0 0 0 0 0 0 0 0 0 0 62 50 0 0 0 0 0 0 0 0 0 0 0
36 36 0 0 0 0 0 0 0 0 0 0 0 76 53 0 1 0 0 0 0 0 0 0 0 0
40 39 0 0 0 0 0 0 0 0 0 0 0 79 56 0 1 0 0 0 0 0 0 0 0 0
43 42 0 0 0 0 0 0 0 0 0 0 0 82 59 0 1 0 0 0 0 0 0 0 0 0
49 48 0 0 0 0 0 0 0 0 0 0 0 86 62 0 1 0 0 0 0 0 0 0 0 0
54 54 0 0 0 0 0 0 0 0 0 0 0 98 73 0 1 0 0 0 0 0 0 0 0 0
57 57 0 0 0 0 0 0 0 0 0 0 0 103 76 1 1 0 0 0 0 0 0 0 0 0
61 60 0 0 0 0 0 0 0 0 0 0 0 108 85 1 1 0 0 0 0 0 0 0 0 0
68 66 0 0 0 0 0 0 0 0 0 0 0 111 88 1 1 0 0 0 0 0 0 0 0 0
73 69 0 0 0 0 0 0 0 0 0 0 0 125 96 1 1 0 0 0 0 0 0 0 0 0
77 75 0 0 0 0 0 0 0 0 0 0 0 128 101 1 1 0 0 0 0 0 0 0 0 0
80 78 0 0 0 0 0 0 0 0 0 0 0 137 111 1 1 0 0 0 0 0 0 0 0 0
84 82 0 0 0 0 0 0 0 0 0 0 0 144 118 1 1 0 0 0 0 0 0 0 0 0
90 86 0 0 0 0 0 0 0 0 0 0 0 157 121 1 1 1 0 0 0 0 0 0 0 0
96 90 0 0 0 0 0 0 0 0 0 0 0 163 127 1 1 1 0 0 0 0 0 0 0 0
101 94 0 0 0 0 0 0 0 0 0 0 0 166 130 1 1 1 0 0 0 0 0 0 0 0
105 100 0 0 0 0 0 0 0 0 0 0 0 170 134 1 1 1 0 0 0 0 0 0 0 0
110 104 0 0 0 0 0 0 0 0 0 0 0 174 138 1 1 1 0 0 0 0 0 0 0 0
115 108 0 0 0 0 0 0 0 0 0 0 0 195 141 1 1 1 0 0 0 0 0 0 0 0
121 115 0 0 0 0 0 0 0 0 0 0 0 198 144 1 1 1 0 0 0 0 0 0 0 0
124 121 0 0 0 0 0 0 0 0 0 0 0 201 152 1 1 1 0 0 0 0 0 0 0 0
129 124 0 0 0 0 0 0 0 0 0 0 0 204 155 1 1 1 0 0 0 0 0 0 0 0
134 128 0 0 0 0 0 0 0 0 0 0 0 212 162 1 1 1 0 0 0 0 0 0 0 0
139 134 0 0 0 0 0 0 0 0 0 0 0 215 165 1 1 1 0 0 0 0 0 0 0 0
144 137 0 0 0 0 0 0 0 0 0 0 0 218 169 1 1 1 0 0 0 0 0 0 0 0
152 140 0 0 0 0 0 0 0 0 0 0 0 223 175 1 1 1 0 0 0 0 0 0 0 0
156 146 0 0 0 0 0 0 0 0 0 0 0 227 179 1 1 1 0 0 0 0 0 0 0 0
161 150 0 0 0 0 0 0 0 0 0 0 0 234 184 1 2 1 0 0 0 0 0 0 0 0
170 154 0 0 0 0 0 0 0 0 0 0 0 237 187 1 2 1 0 0 0 0 0 0 0 0
174 158 0 0 0 0 0 0 0 0 0 0 0 242 191 1 2 1 0 0 0 0 0 0 0 0
177 161 0 0 0 0 0 0 0 0 0 0 0 245 194 1 2 1 0 0 0 0 0 0 0 0
180 164 0 0 0 0 0 0 0 0 0 0 0 249 201 1 2 1 0 0 0 0 0 0 0 0
186 171 0 0 0 0 0 0 0 0 0 0 0 253 206 1 2 1 0 0 0 0 0 0 0 0
191 176 0 0 0 0 0 0 0 0 0 0 0 259 210 1 2 1 0 0 0 0 0 0 0 0
