# scores for worst/random/best/smart move selector strategies. 
# scores are 50% and 95% quantiles (based on 40 games) of: 
# game score, #destroyed, #unlocked, #stripes, #bombs, #zappers
0 0 0 0 0 0 0 0 0 0 0 0 0 4 4 0 0 0 0 0 0 0 0 0 0 0
3 3 0 0 0 0 0 0 0 0 0 0 0 9 9 0 0 0 0 0 0 0 0 0 0 0
7 7 0 0 0 0 0 0 0 0 0 0 0 15 15 0 0 0 0 0 0 0 0 0 0 0
12 12 0 0 0 0 0 0 0 0 0 0 0 32 22 0 0 0 0 0 0 0 0 0 0 0
15 15 0 0 0 0 0 0 0 0 0 0 0 47 27 1 1 0 0 0 0 0 0 0 0 0
24 22 0 0 0 0 0 0 0 0 0 0 0 56 36 1 1 0 0 0 0 0 0 0 0 0
27 27 0 0 0 0 0 0 0 0 0 0 0 59 39 3 1 0 0 0 0 0 0 0 0 0
33 30 0 0 0 0 0 0 0 0 0 0 0 64 48 3 1 0 0 0 0 0 0 0 0 0
36 34 0 0 0 0 0 0 0 0 0 0 0 88 63 3 1 0 0 0 0 0 0 0 0 0
42 39 0 0 0 0 0 0 0 0 0 0 0 93 67 3 1 0 0 0 0 0 0 0 0 0
50 44 0 0 0 0 0 0 0 0 0 0 0 113 74 3 2 0 0 0 0 0 0 0 0 0
53 48 0 0 0 0 0 0 0 0 0 0 0 131 88 3 2 0 0 0 0 0 0 0 0 0
60 53 0 0 0 0 0 0 0 0 0 0 0 185 94 3 2 0 0 0 0 0 0 0 0 0
66 61 0 0 0 0 0 0 0 0 0 0 0 219 99 3 2 0 1 0 0 0 1 0 0 0
70 64 0 0 0 0 0 0 0 0 0 0 0 224 105 5 2 0 1 0 0 0 1 0 0 0
85 68 0 1 0 0 0 0 0 0 0 0 0 273 125 5 3 0 1 0 0 0 1 0 0 0
91 75 0 1 0 0 0 0 0 0 0 0 0 294 135 5 4 0 1 0 0 0 1 0 0 0
96 78 0 1 0 0 0 0 0 0 0 0 0 297 138 7 4 1 1 1 0 0 1 0 0 0
102 83 0 1 0 0 0 0 0 0 0 0 0 309 142 7 4 1 1 1 0 0 1 0 0 0
107 87 0 1 0 0 0 0 0 0 0 0 0 315 148 7 4 1 1 1 0 0 1 0 0 0
125 93 0 1 0 0 0 0 0 0 0 0 0 322 153 7 4 1 1 1 0 0 1 0 0 0
148 102 0 1 0 0 0 0 0 0 0 0 0 335 167 7 5 1 1 1 0 0 1 0 0 0
157 109 0 1 0 0 0 0 0 0 0 0 0 338 170 7 5 1 1 1 0 0 1 0 0 0
171 114 1 2 0 0 0 0 0 0 0 0 0 343 177 7 5 1 1 1 0 0 1 0 0 0
177 123 1 2 0 0 0 0 0 0 0 0 0 359 188 7 5 1 1 1 0 0 1 0 0 0
187 130 2 2 0 0 0 0 0 0 0 0 0 418 203 8 6 1 1 1 0 0 1 0 0 0
204 138 2 2 0 0 0 0 0 0 0 0 0 452 210 8 6 1 1 1 0 0 1 0 0 0
231 147 2 3 0 0 0 0 0 0 0 0 0 458 214 10 7 2 2 2 0 0 2 0 0 0
243 152 2 3 0 0 0 0 0 0 0 0 0 513 225 10 8 2 2 2 1 0 2 0 0 0
262 158 3 3 0 0 0 0 0 0 0 0 0 518 230 10 9 2 2 2 1 0 2 0 0 0
291 168 3 3 0 0 0 0 0 0 0 0 0 557 233 10 9 2 2 2 1 0 2 0 0 0
310 181 3 3 0 0 0 0 0 0 0 0 0 595 239 10 10 2 2 2 1 0 2 0 0 0
315 188 3 3 0 0 0 0 0 0 0 0 0 601 243 10 10 2 2 2 1 0 2 0 0 0
326 195 4 4 0 0 0 0 0 0 0 0 0 604 263 10 10 2 2 2 1 0 2 1 0 0
339 200 4 5 0 0 0 0 0 0 0 0 0 608 267 10 10 2 2 2 1 0 2 1 0 0
360 205 5 5 0 0 1 0 0 0 0 0 0 630 270 10 11 2 2 2 1 0 2 1 0 0
390 211 5 6 0 0 1 0 0 0 0 0 0 641 279 10 13 2 2 2 1 0 2 1 0 0
405 216 5 6 0 0 1 0 0 0 0 0 0 649 285 10 13 2 2 2 1 0 2 1 0 0
412 220 5 6 0 0 1 0 0 0 0 0 0 666 290 10 13 2 2 2 1 0 2 1 0 0
423 226 5 6 0 0 1 0 0 0 0 0 0 690 295 10 14 2 2 2 1 0 2 1 0 0
432 230 5 6 0 0 1 0 0 0 0 0 0 705 301 10 14 2 2 2 1 0 2 1 0 0
