# scores for worst/random/best/smart move selector strategies. 
# scores are 50% and 95% quantiles (based on 40 games) of: 
# game score, #destroyed, #unlocked, #stripes, #bombs, #zappers
0 0 0 0 0 0 0 0 0 0 0 0 0 4 4 0 0 0 0 0 0 0 0 0 0 0
3 3 0 0 0 0 0 0 0 0 0 0 0 9 9 0 0 0 0 0 0 0 0 0 0 0
9 9 0 0 0 0 0 0 0 0 0 0 0 12 12 0 0 0 0 0 0 0 0 0 0 0
12 12 0 0 0 0 0 0 0 0 0 0 0 27 21 0 0 0 0 0 0 0 0 0 0 0
15 15 0 0 0 0 0 0 0 0 0 0 0 40 26 0 0 0 0 0 0 0 0 0 0 0
20 20 0 0 0 0 0 0 0 0 0 0 0 43 29 0 0 0 0 0 0 0 0 0 0 0
24 24 0 0 0 0 0 0 0 0 0 0 0 58 38 0 1 0 0 0 0 0 0 0 0 0
28 28 0 0 0 0 0 0 0 0 0 0 0 70 45 1 1 0 0 0 0 0 0 0 0 0
33 33 0 0 0 0 0 0 0 0 0 0 0 77 49 2 1 0 0 0 0 0 0 0 0 0
39 38 0 0 0 0 0 0 0 0 0 0 0 82 54 2 1 0 0 0 0 0 0 0 0 0
45 44 0 0 0 0 0 0 0 0 0 0 0 91 57 2 1 0 0 0 0 0 0 0 0 0
49 48 0 0 0 0 0 0 0 0 0 0 0 100 63 2 1 0 0 0 0 0 0 0 0 0
57 54 0 0 0 0 0 0 0 0 0 0 0 103 70 2 1 0 0 0 0 0 0 0 0 0
60 57 0 0 0 0 0 0 0 0 0 0 0 119 79 3 1 0 0 0 0 0 0 0 0 0
71 60 0 0 0 0 0 0 0 0 0 0 0 124 84 4 2 0 0 0 0 0 0 0 0 0
79 64 0 0 0 0 0 0 0 0 0 0 0 157 97 6 2 1 0 1 0 0 0 0 0 0
87 70 0 0 0 0 0 0 0 0 0 0 0 209 107 6 2 1 1 1 0 0 0 0 0 0
94 75 0 0 0 0 0 0 0 0 0 0 0 212 110 6 3 1 1 1 0 0 0 0 0 0
100 81 0 0 0 0 0 0 0 0 0 0 0 215 115 6 3 1 1 1 0 0 0 0 0 0
103 85 0 0 0 0 0 0 0 0 0 0 0 222 120 6 3 1 1 1 0 0 0 0 0 0
107 89 0 1 0 0 0 0 0 0 0 0 0 225 123 6 3 1 1 1 0 0 0 0 0 0
116 96 0 1 0 0 0 0 0 0 0 0 0 228 126 7 3 1 1 1 0 0 1 0 0 0
122 100 0 1 0 0 0 0 0 0 0 0 0 231 131 7 3 1 1 1 0 0 1 0 0 0
129 107 0 1 0 0 0 0 0 0 0 0 0 234 134 7 3 1 1 1 0 0 1 0 0 0
134 111 0 1 0 0 0 0 0 0 0 0 0 243 147 7 3 1 1 1 0 0 1 0 0 0
141 116 0 1 0 0 0 0 0 0 0 0 0 249 150 7 3 1 1 1 0 0 1 0 0 0
147 121 0 1 0 0 0 0 0 0 0 0 0 258 156 7 3 1 1 1 0 0 1 0 0 0
154 127 0 1 0 0 0 0 0 0 0 0 0 262 164 7 3 1 1 1 0 0 1 0 0 0
157 132 0 1 0 0 0 0 0 0 0 0 0 287 180 7 3 1 1 1 0 0 1 0 0 0
165 138 0 1 0 0 0 0 0 0 0 0 0 290 189 7 4 1 1 1 0 0 1 0 0 0
175 146 0 1 0 0 0 0 0 0 0 0 0 293 194 9 4 1 1 1 0 0 1 0 0 0
190 150 0 1 0 0 0 0 0 0 0 0 0 296 197 9 4 1 1 1 0 0 1 0 0 0
197 153 0 1 0 0 0 0 0 0 0 0 0 300 206 9 4 1 1 1 0 0 1 0 0 0
201 159 0 1 0 0 0 0 0 0 0 0 0 321 211 9 5 1 1 1 0 0 1 0 0 0
204 162 0 1 0 0 0 0 0 0 0 0 0 338 221 9 5 1 1 1 0 0 1 0 0 0
207 168 0 1 0 0 0 0 0 0 0 0 0 342 224 9 5 1 1 1 0 0 1 0 0 0
217 175 0 1 0 0 0 0 0 0 0 0 0 349 229 9 5 1 1 1 0 0 1 0 0 0
221 179 0 1 0 0 0 0 0 0 0 0 0 362 241 9 5 1 1 1 0 0 1 0 0 0
228 185 0 2 0 0 0 0 0 0 0 0 0 390 249 9 5 1 1 1 0 0 1 0 0 0
235 188 1 2 0 0 0 0 0 0 0 0 0 393 253 9 5 1 1 1 0 0 1 0 0 0
240 192 1 2 0 0 0 0 0 0 0 0 0 396 256 9 5 1 1 1 0 0 1 0 0 0
