# scores for worst/random/best/smart move selector strategies. 
# scores are 50% and 95% quantiles (based on 40 games) of: 
# game score, #destroyed, #unlocked, #stripes, #bombs, #zappers
0 0 0 0 0 0 0 0 0 0 0 0 0 4 4 0 0 0 0 0 0 0 0 0 0 0
3 3 0 0 0 0 0 0 0 0 0 0 0 10 10 0 0 0 0 0 0 0 0 0 0 0
6 6 0 0 0 0 0 0 0 0 0 0 0 17 17 0 0 0 0 0 0 0 0 0 0 0
12 12 0 0 0 0 0 0 0 0 0 0 0 24 24 0 0 0 0 0 0 0 0 0 0 0
17 17 0 0 0 0 0 0 0 0 0 0 0 41 30 0 0 0 0 0 0 0 0 0 0 0
21 21 0 0 0 0 0 0 0 0 0 0 0 45 34 0 0 0 0 0 0 0 0 0 0 0
24 24 0 0 0 0 0 0 0 0 0 0 0 58 42 0 1 0 0 0 0 0 0 0 0 0
30 29 0 0 0 0 0 0 0 0 0 0 0 63 46 0 1 0 0 0 0 0 0 0 0 0
36 33 0 0 0 0 0 0 0 0 0 0 0 66 49 0 1 0 0 0 0 0 0 0 0 0
42 39 0 0 0 0 0 0 0 0 0 0 0 71 58 0 1 0 0 0 0 0 0 0 0 0
45 43 0 0 0 0 0 0 0 0 0 0 0 86 68 0 1 0 0 0 0 0 0 0 0 0
50 48 0 0 0 0 0 0 0 0 0 0 0 130 75 1 1 0 0 0 0 0 0 0 0 0
54 51 0 0 0 0 0 0 0 0 0 0 0 133 81 1 1 0 0 0 0 0 0 0 0 0
60 56 0 0 0 0 0 0 0 0 0 0 0 137 84 1 1 0 0 0 0 0 0 0 0 0
63 60 0 0 0 0 0 0 0 0 0 0 0 141 91 1 1 0 0 0 0 0 0 0 0 0
69 66 0 0 0 0 0 0 0 0 0 0 0 148 97 1 1 0 0 0 0 0 0 0 0 0
73 69 0 0 0 0 0 0 0 0 0 0 0 151 100 1 1 0 0 0 0 0 0 0 0 0
77 74 0 0 0 0 0 0 0 0 0 0 0 165 104 2 1 0 0 0 0 0 0 0 0 0
82 77 0 0 0 0 0 0 0 0 0 0 0 168 107 2 1 0 0 0 0 0 0 0 0 0
87 83 0 0 0 0 0 0 0 0 0 0 0 174 111 2 1 0 0 0 0 0 0 0 0 0
90 87 0 0 0 0 0 0 0 0 0 0 0 179 117 2 1 0 0 0 0 0 0 0 0 0
101 91 0 0 0 0 0 0 0 0 0 0 0 182 120 2 1 0 0 0 0 0 0 0 0 0
104 96 0 0 0 0 0 0 0 0 0 0 0 185 123 2 1 0 0 0 0 0 0 0 0 0
116 101 0 0 0 0 0 0 0 0 0 0 0 189 128 3 1 1 0 0 0 0 0 0 0 0
123 105 0 1 0 0 0 0 0 0 0 0 0 198 137 3 1 1 0 0 0 0 0 0 0 0
126 110 0 1 0 0 0 0 0 0 0 0 0 215 140 3 1 1 0 0 0 0 0 0 0 0
129 115 0 1 0 0 0 0 0 0 0 0 0 218 144 3 2 1 0 0 0 0 0 0 0 0
134 120 0 1 0 0 0 0 0 0 0 0 0 221 147 3 2 1 0 0 0 0 0 0 0 0
138 125 0 1 0 0 0 0 0 0 0 0 0 228 150 4 2 1 0 0 0 0 0 0 0 0
146 130 0 1 0 0 0 0 0 0 0 0 0 236 157 4 2 1 0 0 0 0 0 0 0 0
154 136 0 1 0 0 0 0 0 0 0 0 0 243 160 6 2 1 0 0 0 0 0 0 0 0
160 139 0 1 0 0 0 0 0 0 0 0 0 246 167 6 2 1 0 0 0 0 0 0 0 0
164 144 0 1 0 0 0 0 0 0 0 0 0 268 182 6 2 1 0 0 0 0 0 0 0 0
168 148 0 1 0 0 0 0 0 0 0 0 0 274 191 6 2 1 0 0 0 0 0 0 0 0
173 152 0 1 0 0 0 0 0 0 0 0 0 279 196 6 2 1 0 0 0 0 0 0 0 0
179 158 0 1 0 0 0 0 0 0 0 0 0 282 202 6 2 1 0 0 0 0 0 0 0 0
187 162 0 1 0 0 0 0 0 0 0 0 0 286 209 7 3 1 0 0 0 0 0 0 0 0
192 167 0 1 0 0 0 0 0 0 0 0 0 289 214 7 3 1 0 0 0 0 0 0 0 0
195 172 0 1 0 0 0 0 0 0 0 0 0 292 219 7 3 1 0 0 0 0 0 0 0 0
202 178 0 1 0 0 0 0 0 0 0 0 0 297 222 7 3 1 0 0 0 0 0 0 0 0
205 181 0 1 0 0 0 0 0 0 0 0 0 301 225 7 3 1 0 0 0 0 0 0 0 0
