# scores for worst/random/best/smart move selector strategies. 
# scores are 50% and 95% quantiles (based on 40 games) of: 
# game score, #destroyed, #unlocked, #stripes, #bombs, #zappers
1 1 0 0 0 0 0 0 0 0 0 0 0 29 12 0 0 0 0 0 0 0 0 0 0 0
6 6 0 0 0 0 0 0 0 0 0 0 0 56 16 0 0 0 0 0 0 0 0 0 0 0
12 12 0 0 0 0 0 0 0 0 0 0 0 80 33 0 1 0 0 0 0 0 0 0 0 0
17 17 0 0 0 0 0 0 0 0 0 0 0 109 39 0 2 0 0 0 0 0 0 0 0 0
24 24 0 0 0 0 0 0 0 0 0 0 0 160 66 2 2 1 1 0 0 0 1 0 0 0
32 31 0 0 0 0 0 0 0 0 0 0 0 202 79 4 3 1 1 0 0 0 1 0 0 0
46 38 0 0 0 0 0 0 0 0 0 0 0 213 90 4 3 1 1 0 0 0 1 0 0 0
90 45 0 0 0 0 0 0 0 0 0 0 0 360 144 5 4 2 1 1 0 0 1 0 0 0
108 60 0 1 0 0 0 0 0 0 0 0 0 434 173 9 4 2 1 1 1 0 1 0 0 0
129 72 0 1 0 0 0 0 0 0 0 0 0 515 185 9 6 2 1 1 1 0 1 0 0 0
151 80 1 1 0 0 0 0 0 0 0 0 0 608 223 9 8 3 1 1 1 0 1 0 0 0
181 90 2 2 0 0 0 0 0 0 0 0 0 640 247 9 8 3 1 1 1 0 1 0 0 0
201 112 3 3 0 0 0 0 0 0 0 0 0 680 263 11 8 3 2 1 1 0 1 0 0 0
239 122 4 3 1 0 0 0 0 0 0 0 0 760 290 12 8 3 2 1 1 0 2 0 0 0
284 142 5 3 1 0 0 0 0 0 0 0 0 1010 310 15 25 3 3 2 1 0 2 1 0 0
306 162 5 4 1 0 0 0 0 0 0 0 0 1049 325 16 25 3 3 2 1 0 2 1 0 0
359 172 6 5 1 0 0 0 0 0 0 0 0 1086 332 16 26 4 4 2 1 0 2 1 0 0
363 179 6 5 1 0 0 0 0 0 0 0 0 1142 355 16 26 4 4 2 1 0 3 1 0 0
398 190 6 6 1 0 0 0 0 0 0 0 0 1152 382 16 26 4 4 2 1 0 3 1 0 0
428 196 6 6 1 0 0 0 0 0 0 0 0 1190 390 16 26 4 5 2 1 0 3 1 0 0
470 210 7 7 1 0 0 0 0 0 0 0 0 1338 434 17 27 5 5 2 1 0 4 1 0 0
506 229 7 7 2 0 0 0 0 0 0 0 0 1346 443 17 28 6 5 2 2 0 4 1 0 0
545 246 7 8 2 0 0 0 0 0 0 0 0 1465 468 18 30 8 5 2 2 0 4 1 0 0
603 262 7 8 2 1 0 0 0 1 0 0 0 1537 480 18 30 8 5 2 2 0 4 1 0 0
645 280 9 9 3 1 0 0 0 1 0 0 0 1632 522 18 30 8 5 3 2 0 4 1 0 0
720 304 9 10 3 1 1 0 0 1 0 0 0 1691 550 18 30 8 5 3 2 0 4 1 0 0
755 314 9 10 3 1 1 1 0 1 0 0 0 1698 557 18 31 8 5 3 2 1 4 1 0 0
781 327 10 11 3 1 1 1 0 1 0 0 0 1706 565 18 32 8 5 3 2 1 4 1 0 0
813 340 10 11 3 1 1 1 0 1 0 0 0 1957 627 18 32 9 6 3 3 1 4 1 0 0
879 365 10 13 3 2 1 1 0 1 0 0 0 2060 669 18 32 14 6 3 3 1 4 1 1 0
943 381 10 13 4 2 1 1 0 1 0 0 0 2094 690 18 32 14 6 3 3 1 4 1 1 0
1009 399 10 13 4 2 1 1 0 1 0 0 0 2100 696 18 33 14 6 3 3 1 4 1 1 0
1044 414 10 15 4 2 1 1 0 1 0 0 0 2210 701 18 33 23 6 4 3 1 4 1 1 0
1114 426 10 16 4 2 1 1 0 1 0 0 0 2221 716 18 36 23 6 4 3 1 4 1 1 0
1136 432 10 16 5 2 1 1 0 1 0 0 0 2510 730 18 36 23 6 4 3 1 4 1 1 0
1175 456 10 17 5 2 1 1 0 1 0 0 0 2515 735 18 36 24 6 4 3 1 4 1 1 0
1215 472 10 17 5 2 2 1 0 1 0 0 0 2563 757 18 37 24 6 4 3 1 4 1 1 0
1243 476 10 18 5 2 2 1 0 1 0 0 0 2594 772 18 38 24 6 4 3 1 4 1 1 0
1254 499 10 18 5 2 2 1 0 1 0 0 0 2601 776 18 38 24 6 4 3 1 4 1 1 0
1264 507 10 18 5 2 2 1 0 1 0 0 0 2668 799 18 39 24 6 5 3 1 5 1 1 0
1314 518 10 19 5 2 2 1 0 1 0 0 0 2684 814 18 43 24 6 5 3 1 5 1 1 0
