# scores for worst/random/best/smart move selector strategies. 
# scores are 50% and 95% quantiles (based on 40 games) of: 
# game score, #destroyed, #unlocked, #stripes, #bombs, #zappers
1 1 0 0 0 0 0 0 0 0 0 0 0 29 12 0 0 0 0 0 0 0 0 0 0 0
6 6 0 0 0 0 0 0 0 0 0 0 0 34 16 0 0 0 0 0 0 0 0 0 0 0
12 12 0 0 0 0 0 0 0 0 0 0 0 40 23 0 0 0 0 0 0 0 0 0 0 0
15 15 0 0 0 0 0 0 0 0 0 0 0 47 30 0 0 0 0 0 0 0 0 0 0 0
21 21 0 0 0 0 0 0 0 0 0 0 0 61 35 0 1 0 0 0 0 0 0 0 0 0
26 26 0 0 0 0 0 0 0 0 0 0 0 68 43 0 1 0 0 0 0 0 0 0 0 0
34 33 0 0 0 0 0 0 0 0 0 0 0 83 49 0 1 0 0 0 0 0 0 0 0 0
39 38 0 0 0 0 0 0 0 0 0 0 0 104 65 0 1 0 0 0 0 0 0 0 0 0
45 43 0 0 0 0 0 0 0 0 0 0 0 137 80 2 1 1 0 0 0 0 0 0 0 0
55 51 0 0 0 0 0 0 0 0 0 0 0 159 84 2 1 1 0 0 0 0 0 0 0 0
59 56 0 0 0 0 0 0 0 0 0 0 0 162 87 3 1 1 0 0 0 0 0 0 0 0
78 63 0 0 0 0 0 0 0 0 0 0 0 181 104 3 2 1 0 0 0 0 0 0 0 0
87 69 0 0 0 0 0 0 0 0 0 0 0 185 110 3 2 1 0 0 0 0 0 0 0 0
92 75 0 0 0 0 0 0 0 0 0 0 0 188 113 3 2 1 0 0 0 0 0 0 0 0
99 83 0 0 0 0 0 0 0 0 0 0 0 217 119 4 3 2 0 0 0 0 0 0 0 0
109 90 0 1 0 0 0 0 0 0 0 0 0 236 129 4 3 2 0 0 0 0 0 0 0 0
116 94 0 1 0 0 0 0 0 0 0 0 0 251 141 4 3 2 0 0 0 0 0 0 0 0
135 100 0 1 0 0 0 0 0 0 0 0 0 254 145 4 3 2 0 0 0 0 0 0 0 0
152 108 0 1 0 0 0 0 0 0 0 0 0 284 164 4 3 2 0 0 0 0 0 0 0 0
168 123 1 1 0 0 0 0 0 0 0 0 0 316 171 4 3 3 0 0 0 0 0 0 0 0
172 126 1 1 0 0 0 0 0 0 0 0 0 329 178 4 3 3 0 0 0 0 0 0 0 0
182 133 1 1 0 0 0 0 0 0 0 0 0 340 185 4 3 3 0 0 0 0 0 0 0 0
195 136 1 1 1 0 0 0 0 0 0 0 0 367 191 4 3 3 0 0 0 0 0 0 0 0
208 138 1 1 1 0 0 0 0 0 0 0 0 379 202 4 3 3 0 0 0 0 0 0 0 0
218 148 1 1 1 0 0 0 0 0 0 0 0 393 210 4 3 3 0 0 0 0 0 0 0 0
232 157 2 2 1 0 0 0 0 0 0 0 0 396 232 4 3 3 0 0 0 0 0 0 0 0
245 168 2 2 1 0 0 0 0 0 0 0 0 399 241 4 3 3 0 0 0 0 0 0 0 0
258 174 2 2 1 0 0 0 0 0 0 0 0 444 248 4 4 3 0 0 0 0 0 0 0 0
269 180 2 2 1 0 0 0 0 0 0 0 0 466 274 4 4 3 1 0 0 0 0 0 0 0
279 184 2 2 1 0 0 0 0 0 0 0 0 470 279 4 4 3 1 0 0 0 0 0 0 0
282 194 2 2 1 0 0 0 0 0 0 0 0 484 285 4 4 4 1 0 0 0 0 0 0 0
289 204 2 2 1 0 0 0 0 0 0 0 0 521 301 5 4 4 1 0 0 0 0 0 0 0
302 209 2 2 1 0 0 0 0 0 0 0 0 545 306 5 4 4 1 0 0 0 0 0 0 0
309 227 2 2 1 0 0 0 0 0 0 0 0 550 311 5 4 4 1 0 0 0 0 0 0 0
315 233 2 2 1 0 0 0 0 0 0 0 0 576 318 5 4 4 1 0 0 0 0 0 0 0
318 240 2 2 1 0 0 0 0 0 0 0 0 594 328 5 5 4 1 0 0 0 0 0 0 0
339 248 2 2 1 0 0 0 0 0 0 0 0 599 343 5 6 4 1 0 0 0 0 0 0 0
345 251 2 2 1 0 0 0 0 0 0 0 0 622 346 5 6 4 1 0 0 0 0 0 0 0
355 255 2 2 1 0 0 0 0 0 0 0 0 630 349 5 6 4 1 0 0 0 0 0 0 0
367 263 2 2 1 0 0 0 0 0 0 0 0 635 354 5 6 4 1 0 0 0 0 0 0 0
370 270 2 2 1 0 0 0 0 0 0 0 0 638 358 6 6 4 1 0 0 0 0 0 0 0
