# scores for worst/random/best/smart move selector strategies. 
# scores are 50% and 95% quantiles (based on 40 games) of: 
# game score, #destroyed, #unlocked, #stripes, #bombs, #zappers
3 3 0 0 0 0 0 0 0 0 0 0 0 12 12 0 0 0 0 0 0 0 0 0 0 0
7 7 0 0 0 0 0 0 0 0 0 0 0 21 21 0 0 0 0 0 0 0 0 0 0 0
12 12 0 0 0 0 0 0 0 0 0 0 0 40 28 0 0 0 0 0 0 0 0 0 0 0
15 15 0 0 0 0 0 0 0 0 0 0 0 45 34 0 0 0 0 0 0 0 0 0 0 0
19 19 0 0 0 0 0 0 0 0 0 0 0 94 42 0 2 0 0 0 0 0 0 0 0 0
25 25 0 0 0 0 0 0 0 0 0 0 0 100 48 1 2 0 0 1 0 0 0 0 0 0
29 29 0 0 0 0 0 0 0 0 0 0 0 114 61 1 2 0 0 1 0 0 0 0 0 0
42 39 0 0 0 0 0 0 0 0 0 0 0 123 66 1 2 0 1 1 0 0 1 0 0 0
46 43 0 0 0 0 0 0 0 0 0 0 0 176 84 1 2 0 1 1 0 0 1 0 0 0
60 49 0 0 0 0 0 0 0 0 0 0 0 209 93 1 3 0 1 1 0 0 1 0 0 0
76 54 0 0 0 0 0 0 0 0 0 0 0 266 103 1 3 1 1 1 0 0 1 0 0 0
86 61 0 1 0 0 0 0 0 0 0 0 0 303 113 1 4 1 1 1 0 0 1 0 0 0
98 66 0 1 0 0 0 0 0 0 0 0 0 333 123 2 4 1 1 1 0 0 1 0 0 0
114 72 0 1 0 0 0 0 0 0 0 0 0 342 132 2 4 1 1 1 0 0 1 0 0 0
126 79 0 1 0 0 0 0 0 0 0 0 0 348 138 2 4 1 1 1 0 0 1 0 0 0
143 86 0 1 0 0 0 0 0 0 0 0 0 400 164 2 4 2 1 1 0 0 1 0 0 0
161 93 0 2 0 0 0 0 0 0 0 0 0 418 170 3 5 2 1 1 1 0 1 0 0 0
177 98 1 2 0 0 0 0 0 0 0 0 0 422 174 3 5 2 1 1 1 0 1 0 0 0
190 104 1 2 0 0 0 0 0 0 0 0 0 425 179 3 6 2 1 1 1 0 1 0 0 0
215 116 1 3 0 0 0 0 0 0 0 0 0 452 195 4 6 2 2 2 1 0 1 0 0 0
224 122 1 3 0 0 0 0 0 0 0 0 0 457 199 4 6 2 2 2 1 0 1 0 0 0
245 129 1 4 0 0 0 0 0 0 0 0 0 496 208 4 7 2 2 2 1 0 1 0 0 0
249 137 1 4 0 0 0 0 0 0 0 0 0 502 213 4 7 2 2 2 1 0 1 0 0 0
260 142 1 4 0 0 0 0 0 0 0 0 0 795 233 5 17 2 2 2 1 0 2 1 0 0
268 145 1 4 0 0 1 0 0 0 0 0 0 799 236 5 17 2 2 2 1 0 2 1 0 0
278 158 1 4 0 0 1 0 0 0 0 0 0 863 243 5 17 3 2 2 1 0 2 1 0 0
294 162 1 4 0 0 1 0 0 0 0 0 0 870 249 5 17 3 2 2 1 0 2 1 0 0
321 170 1 5 0 0 1 0 0 0 0 0 0 875 253 5 19 3 2 2 1 0 2 1 0 0
329 175 1 5 0 0 1 0 0 0 0 0 0 981 256 5 19 3 2 2 1 0 2 1 0 0
353 179 1 5 0 0 1 0 0 0 0 0 0 984 259 5 19 3 2 2 1 0 2 1 0 0
383 190 1 6 0 0 1 0 0 0 0 0 0 987 269 5 19 3 2 2 1 0 2 1 0 0
393 203 1 6 1 0 1 0 0 0 0 0 0 992 273 5 19 3 2 2 1 0 2 1 0 0
411 212 1 6 1 0 1 0 0 0 0 0 0 995 278 5 19 3 2 3 1 0 2 1 0 0
431 220 1 7 1 0 1 0 0 0 0 0 0 1004 285 5 19 3 2 3 1 0 2 1 0 0
453 226 1 7 1 0 1 0 0 0 0 0 0 1008 291 5 20 3 2 3 1 0 2 1 0 0
469 230 1 8 1 0 1 0 0 0 0 0 0 1012 297 5 20 3 2 3 1 0 2 1 0 0
473 235 1 8 1 0 1 0 0 0 0 0 0 1064 315 5 20 3 2 3 1 0 2 1 0 0
481 244 1 8 1 0 1 0 0 0 0 0 0 1069 320 5 20 3 2 3 1 0 2 1 0 0
517 256 1 9 1 0 1 0 0 0 0 0 0 1073 326 5 20 3 2 3 1 0 2 1 0 0
534 262 1 9 1 0 1 0 0 0 0 0 0 1080 336 5 21 3 3 3 1 0 2 1 0 0
540 269 1 10 1 0 1 0 0 0 0 0 0 1124 343 5 22 3 3 3 1 0 2 1 0 0
