# scores for worst/random/best/smart move selector strategies. 
# scores are 50% and 95% quantiles (based on 40 games) of: 
# game score, #destroyed, #unlocked, #stripes, #bombs, #zappers
3 3 0 0 0 0 0 0 0 0 0 0 0 12 12 0 0 0 0 0 0 0 0 0 0 0
6 6 0 0 0 0 0 0 0 0 0 0 0 15 15 0 0 0 0 0 0 0 0 0 0 0
9 9 0 0 0 0 0 0 0 0 0 0 0 24 21 0 0 0 0 0 0 0 0 0 0 0
15 15 0 0 0 0 0 0 0 0 0 0 0 43 28 0 0 0 0 0 0 0 0 0 0 0
18 18 0 0 0 0 0 0 0 0 0 0 0 46 33 0 0 0 0 0 0 0 0 0 0 0
24 24 0 0 0 0 0 0 0 0 0 0 0 49 37 0 0 0 0 0 0 0 0 0 0 0
27 27 0 0 0 0 0 0 0 0 0 0 0 53 42 0 0 0 0 0 0 0 0 0 0 0
32 31 0 0 0 0 0 0 0 0 0 0 0 59 49 0 0 0 0 0 0 0 0 0 0 0
36 36 0 0 0 0 0 0 0 0 0 0 0 66 52 0 1 0 0 0 0 0 0 0 0 0
39 39 0 0 0 0 0 0 0 0 0 0 0 76 61 0 1 0 0 0 0 0 0 0 0 0
45 43 0 0 0 0 0 0 0 0 0 0 0 79 64 0 1 0 0 0 0 0 0 0 0 0
48 48 0 0 0 0 0 0 0 0 0 0 0 82 67 0 1 0 0 0 0 0 0 0 0 0
52 51 0 0 0 0 0 0 0 0 0 0 0 112 71 0 1 0 0 0 0 0 0 0 0 0
56 54 0 0 0 0 0 0 0 0 0 0 0 115 74 0 1 0 0 0 0 0 0 0 0 0
63 59 0 0 0 0 0 0 0 0 0 0 0 126 82 0 1 1 0 0 0 0 0 0 0 0
66 63 0 0 0 0 0 0 0 0 0 0 0 129 85 0 1 1 0 0 0 0 0 0 0 0
70 67 0 0 0 0 0 0 0 0 0 0 0 133 89 0 1 1 0 0 0 0 0 0 0 0
74 72 0 0 0 0 0 0 0 0 0 0 0 136 94 0 1 1 0 0 0 0 0 0 0 0
78 77 0 0 0 0 0 0 0 0 0 0 0 139 97 0 1 1 0 0 0 0 0 0 0 0
83 81 0 0 0 0 0 0 0 0 0 0 0 142 101 0 1 1 0 0 0 0 0 0 0 0
87 86 0 0 0 0 0 0 0 0 0 0 0 158 108 0 1 1 0 0 0 0 0 0 0 0
92 90 0 0 0 0 0 0 0 0 0 0 0 161 111 0 1 1 0 0 0 0 0 0 0 0
98 93 0 0 0 0 0 0 0 0 0 0 0 164 119 1 1 1 0 0 0 0 0 0 0 0
103 99 0 0 0 0 0 0 0 0 0 0 0 173 125 1 1 1 0 0 0 0 0 0 0 0
111 102 0 0 0 0 0 0 0 0 0 0 0 180 128 1 2 1 0 0 0 0 0 0 0 0
114 105 0 0 0 0 0 0 0 0 0 0 0 183 131 1 2 1 0 0 0 0 0 0 0 0
117 110 0 0 0 0 0 0 0 0 0 0 0 187 134 1 2 1 0 0 0 0 0 0 0 0
122 114 0 0 0 0 0 0 0 0 0 0 0 197 139 1 2 1 0 0 0 0 0 0 0 0
126 121 0 0 0 0 0 0 0 0 0 0 0 202 147 1 2 1 0 0 0 0 0 0 0 0
131 126 0 0 0 0 0 0 0 0 0 0 0 209 155 1 2 1 0 0 0 0 0 0 0 0
135 129 0 0 0 0 0 0 0 0 0 0 0 214 159 1 2 1 0 0 0 0 0 0 0 0
138 134 0 0 0 0 0 0 0 0 0 0 0 218 165 1 2 1 0 0 0 0 0 0 0 0
144 137 0 0 0 0 0 0 0 0 0 0 0 223 169 1 2 1 0 0 0 0 0 0 0 0
153 143 0 0 0 0 0 0 0 0 0 0 0 243 172 1 2 1 0 0 0 0 0 0 0 0
158 147 0 0 0 0 0 0 0 0 0 0 0 248 178 1 2 1 0 0 0 0 0 0 0 0
163 150 0 0 0 0 0 0 0 0 0 0 0 251 181 1 2 1 0 0 0 0 0 0 0 0
169 157 0 0 0 0 0 0 0 0 0 0 0 254 184 1 2 1 0 0 0 0 0 0 0 0
175 164 0 0 0 0 0 0 0 0 0 0 0 257 187 1 2 1 0 0 0 0 0 0 0 0
181 168 0 0 0 0 0 0 0 0 0 0 0 260 190 1 2 1 0 0 0 0 0 0 0 0
184 171 0 0 0 0 0 0 0 0 0 0 0 270 202 1 2 1 0 0 0 0 0 0 0 0
191 176 0 0 0 0 0 0 0 0 0 0 0 279 210 1 2 1 0 0 0 0 0 0 0 0
