# scores for worst/random/best/smart move selector strategies. 
# scores are 50% and 95% quantiles (based on 40 games) of: 
# game score, #destroyed, #unlocked, #stripes, #bombs, #zappers
0 0 0 0 0 0 0 0 0 0 0 0 0 3 3 0 0 0 0 0 0 0 0 0 0 0
3 3 0 0 0 0 0 0 0 0 0 0 0 8 8 0 0 0 0 0 0 0 0 0 0 0
7 7 0 0 0 0 0 0 0 0 0 0 0 12 12 0 0 0 0 0 0 0 0 0 0 0
12 12 0 0 0 0 0 0 0 0 0 0 0 41 19 0 0 0 0 0 0 0 0 0 0 0
15 15 0 0 0 0 0 0 0 0 0 0 0 44 24 0 0 0 0 0 0 0 0 0 0 0
18 18 0 0 0 0 0 0 0 0 0 0 0 48 27 0 0 0 0 0 0 0 0 0 0 0
24 24 0 0 0 0 0 0 0 0 0 0 0 66 30 0 0 0 0 0 0 0 0 0 0 0
27 27 0 0 0 0 0 0 0 0 0 0 0 69 35 0 0 0 0 0 0 0 0 0 0 0
31 30 0 0 0 0 0 0 0 0 0 0 0 81 44 0 1 0 0 0 0 0 0 0 0 0
35 34 0 0 0 0 0 0 0 0 0 0 0 88 50 0 1 0 0 0 0 0 0 0 0 0
39 38 0 0 0 0 0 0 0 0 0 0 0 93 57 0 1 0 0 0 0 0 0 0 0 0
45 43 0 0 0 0 0 0 0 0 0 0 0 96 61 0 1 0 0 0 0 0 0 0 0 0
51 49 0 0 0 0 0 0 0 0 0 0 0 125 68 3 1 1 0 0 0 0 0 0 0 0
56 54 0 0 0 0 0 0 0 0 0 0 0 153 74 8 2 1 0 0 0 0 0 0 0 0
60 57 0 0 0 0 0 0 0 0 0 0 0 158 78 8 2 1 0 0 0 0 0 0 0 0
69 62 0 0 0 0 0 0 0 0 0 0 0 164 85 8 2 1 0 1 0 0 0 0 0 0
89 67 0 0 0 0 0 0 0 0 0 0 0 193 98 13 2 1 0 1 1 0 0 0 0 0
92 71 0 0 0 0 0 0 0 0 0 0 0 196 101 13 2 1 0 1 1 0 0 0 0 0
103 74 0 1 0 0 0 0 0 0 0 0 0 204 108 13 2 1 0 1 1 0 0 0 0 0
110 80 0 1 0 0 0 0 0 0 0 0 0 207 111 13 2 1 0 1 1 0 0 0 0 0
125 84 0 1 0 0 0 0 0 0 0 0 0 245 117 13 3 1 1 1 1 0 0 0 0 0
129 88 0 1 0 0 0 0 0 0 0 0 0 256 120 13 4 1 1 1 1 0 0 0 0 0
136 93 1 1 0 0 0 0 0 0 0 0 0 260 126 13 4 1 1 1 1 0 0 0 0 0
142 97 1 1 0 0 0 0 0 0 0 0 0 302 137 13 4 1 1 1 1 0 1 0 0 0
150 100 2 1 0 0 0 0 0 0 0 0 0 312 143 13 4 1 1 1 1 0 1 0 0 0
153 104 2 1 0 0 0 0 0 0 0 0 0 318 149 13 4 1 1 1 1 0 1 0 0 0
164 110 2 2 0 0 0 0 0 0 0 0 0 322 153 13 4 1 1 1 1 0 1 0 0 0
173 114 3 2 0 0 0 0 0 0 0 0 0 329 159 13 4 1 1 1 1 0 1 0 0 0
187 120 3 2 0 0 0 0 0 0 0 0 0 371 168 13 4 1 1 1 1 0 1 0 0 0
191 123 3 2 0 0 0 0 0 0 0 0 0 384 172 13 4 1 1 1 1 0 1 0 0 0
201 126 3 2 0 0 0 0 0 0 0 0 0 387 178 13 4 2 1 1 1 0 1 0 0 0
204 133 3 2 0 0 0 0 0 0 0 0 0 391 181 13 4 2 1 1 1 0 1 0 0 0
207 138 4 2 0 0 0 0 0 0 0 0 0 417 188 13 6 2 1 1 1 0 1 0 0 0
215 146 4 2 0 0 0 0 0 0 0 0 0 420 195 13 6 2 1 1 1 0 1 0 0 0
226 150 4 2 0 0 0 0 0 0 0 0 0 423 200 13 6 2 1 1 1 0 1 0 0 0
235 154 4 3 0 0 0 0 0 0 0 0 0 455 210 13 7 2 1 1 1 0 1 0 0 0
245 159 4 3 0 0 0 0 0 0 0 0 0 467 214 13 7 2 1 1 1 0 1 0 0 0
258 165 4 3 0 0 0 0 0 0 0 0 0 484 221 13 7 2 1 1 1 0 1 0 0 0
264 170 4 3 0 0 0 0 0 0 0 0 0 489 225 13 7 2 1 1 1 0 1 0 0 0
270 174 4 3 0 0 0 0 0 0 0 0 0 496 229 13 7 2 1 2 1 0 1 0 0 0
283 179 4 3 0 0 0 0 0 0 0 0 0 508 232 13 7 2 1 2 1 0 1 0 0 0
