# scores for worst/random/best/smart move selector strategies. 
# scores are 50% and 95% quantiles (based on 40 games) of: 
# game score, #destroyed, #unlocked, #stripes, #bombs, #zappers
0 0 0 0 0 0 0 0 0 0 0 0 0 3 3 0 0 0 0 0 0 0 0 0 0 0
3 3 0 0 0 0 0 0 0 0 0 0 0 9 9 0 0 0 0 0 0 0 0 0 0 0
7 7 0 0 0 0 0 0 0 0 0 0 0 14 14 0 0 0 0 0 0 0 0 0 0 0
12 12 0 0 0 0 0 0 0 0 0 0 0 22 19 0 0 0 0 0 0 0 0 0 0 0
15 15 0 0 0 0 0 0 0 0 0 0 0 42 26 0 0 0 0 0 0 0 0 0 0 0
20 19 0 0 0 0 0 0 0 0 0 0 0 62 35 0 0 0 0 0 0 0 0 0 0 0
23 22 0 0 0 0 0 0 0 0 0 0 0 65 38 0 0 0 0 0 0 0 0 0 0 0
27 27 0 0 0 0 0 0 0 0 0 0 0 71 42 0 0 0 0 0 0 0 0 0 0 0
31 31 0 0 0 0 0 0 0 0 0 0 0 75 47 0 1 0 0 0 0 0 0 0 0 0
36 35 0 0 0 0 0 0 0 0 0 0 0 78 50 0 1 0 0 0 0 0 0 0 0 0
39 38 0 0 0 0 0 0 0 0 0 0 0 85 56 0 1 0 0 0 0 0 0 0 0 0
45 44 0 0 0 0 0 0 0 0 0 0 0 99 62 0 1 0 0 0 0 0 0 0 0 0
48 47 0 0 0 0 0 0 0 0 0 0 0 114 67 2 1 0 0 0 0 0 0 0 0 0
51 51 0 0 0 0 0 0 0 0 0 0 0 120 71 2 1 0 0 0 0 0 0 0 0 0
57 54 0 0 0 0 0 0 0 0 0 0 0 125 74 2 1 0 0 0 0 0 0 0 0 0
61 59 0 0 0 0 0 0 0 0 0 0 0 128 77 3 1 0 0 0 0 0 0 0 0 0
67 63 0 0 0 0 0 0 0 0 0 0 0 136 82 3 1 0 0 0 0 0 0 0 0 0
72 66 0 0 0 0 0 0 0 0 0 0 0 140 90 3 1 1 0 0 0 0 0 0 0 0
84 70 0 0 0 0 0 0 0 0 0 0 0 145 93 4 2 1 0 1 0 0 0 0 0 0
87 75 0 0 0 0 0 0 0 0 0 0 0 151 100 4 2 1 0 1 0 0 0 0 0 0
95 79 0 0 0 0 0 0 0 0 0 0 0 155 105 4 2 1 0 1 0 0 0 0 0 0
98 84 0 0 0 0 0 0 0 0 0 0 0 190 113 4 2 1 0 1 0 0 0 0 0 0
105 87 0 0 0 0 0 0 0 0 0 0 0 193 116 4 2 1 0 1 0 0 0 0 0 0
108 91 0 0 0 0 0 0 0 0 0 0 0 198 120 4 2 1 0 1 0 0 0 0 0 0
119 99 0 1 0 0 0 0 0 0 0 0 0 237 126 6 2 1 0 1 0 0 0 0 0 0
124 102 0 1 0 0 0 0 0 0 0 0 0 245 129 6 2 1 0 1 0 0 0 0 0 0
135 106 0 1 0 0 0 0 0 0 0 0 0 250 135 6 3 1 0 1 0 0 0 0 0 0
140 110 0 1 0 0 0 0 0 0 0 0 0 257 141 6 3 1 0 1 0 0 0 0 0 0
143 113 0 1 0 0 0 0 0 0 0 0 0 260 145 6 3 1 0 1 0 0 0 0 0 0
146 120 0 1 0 0 0 0 0 0 0 0 0 263 148 6 3 1 0 1 0 0 0 0 0 0
151 123 0 1 0 0 0 0 0 0 0 0 0 278 154 6 3 1 0 1 0 0 0 0 0 0
158 126 0 1 0 0 0 0 0 0 0 0 0 285 158 6 3 1 0 1 0 0 0 0 0 0
165 130 0 1 0 0 0 0 0 0 0 0 0 288 164 6 3 1 0 1 0 0 0 0 0 0
168 133 0 1 0 0 0 0 0 0 0 0 0 294 171 6 3 1 0 1 0 0 0 0 0 0
171 139 1 1 0 0 0 0 0 0 0 0 0 300 177 6 3 1 0 1 0 0 0 0 0 0
174 142 1 1 0 0 0 0 0 0 0 0 0 303 180 6 3 1 0 1 0 0 0 0 0 0
186 146 1 1 0 0 0 0 0 0 0 0 0 308 184 6 3 1 0 1 0 0 0 0 0 0
197 151 1 2 0 0 0 0 0 0 0 0 0 311 187 6 3 1 0 1 0 0 0 0 0 0
204 154 1 2 0 0 0 0 0 0 0 0 0 315 191 6 3 1 0 1 0 0 0 0 0 0
209 157 2 2 0 0 0 0 0 0 0 0 0 318 194 6 3 1 0 1 0 0 0 0 0 0
215 164 2 2 0 0 0 0 0 0 0 0 0 324 201 6 3 1 0 1 0 0 0 0 0 0
