# scores for worst/random/best/smart move selector strategies. 
# scores are 50% and 95% quantiles (based on 40 games) of: 
# game score, #destroyed, #unlocked, #stripes, #bombs, #zappers
0 0 0 0 0 0 0 0 0 0 0 0 0 3 3 0 0 0 0 0 0 0 0 0 0 0
3 3 0 0 0 0 0 0 0 0 0 0 0 9 9 0 0 0 0 0 0 0 0 0 0 0
7 7 0 0 0 0 0 0 0 0 0 0 0 15 15 0 0 0 0 0 0 0 0 0 0 0
12 12 0 0 0 0 0 0 0 0 0 0 0 20 20 0 0 0 0 0 0 0 0 0 0 0
15 15 0 0 0 0 0 0 0 0 0 0 0 26 26 0 0 0 0 0 0 0 0 0 0 0
18 18 0 0 0 0 0 0 0 0 0 0 0 30 30 0 0 0 0 0 0 0 0 0 0 0
21 21 0 0 0 0 0 0 0 0 0 0 0 33 33 0 0 0 0 0 0 0 0 0 0 0
25 25 0 0 0 0 0 0 0 0 0 0 0 37 37 0 0 0 0 0 0 0 0 0 0 0
30 30 0 0 0 0 0 0 0 0 0 0 0 43 42 0 0 0 0 0 0 0 0 0 0 0
36 36 0 0 0 0 0 0 0 0 0 0 0 46 45 0 0 0 0 0 0 0 0 0 0 0
39 39 0 0 0 0 0 0 0 0 0 0 0 49 48 0 0 0 0 0 0 0 0 0 0 0
42 42 0 0 0 0 0 0 0 0 0 0 0 52 51 0 0 0 0 0 0 0 0 0 0 0
45 45 0 0 0 0 0 0 0 0 0 0 0 59 55 0 0 0 0 0 0 0 0 0 0 0
48 48 0 0 0 0 0 0 0 0 0 0 0 66 60 0 0 0 0 0 0 0 0 0 0 0
54 54 0 0 0 0 0 0 0 0 0 0 0 70 64 0 0 0 0 0 0 0 0 0 0 0
57 57 0 0 0 0 0 0 0 0 0 0 0 104 72 0 0 0 0 0 0 0 0 0 0 0
62 62 0 0 0 0 0 0 0 0 0 0 0 108 79 0 0 0 0 0 0 0 0 0 0 0
65 65 0 0 0 0 0 0 0 0 0 0 0 111 82 0 0 0 0 0 0 0 0 0 0 0
69 69 0 0 0 0 0 0 0 0 0 0 0 116 86 0 0 0 0 0 0 0 0 0 0 0
72 72 0 0 0 0 0 0 0 0 0 0 0 121 91 0 1 0 0 0 0 0 0 0 0 0
75 75 0 0 0 0 0 0 0 0 0 0 0 124 95 0 1 0 0 0 0 0 0 0 0 0
79 79 0 0 0 0 0 0 0 0 0 0 0 132 100 0 1 0 0 0 0 0 0 0 0 0
84 84 0 0 0 0 0 0 0 0 0 0 0 136 106 0 1 0 0 0 0 0 0 0 0 0
87 87 0 0 0 0 0 0 0 0 0 0 0 139 109 0 1 0 0 0 0 0 0 0 0 0
90 90 0 0 0 0 0 0 0 0 0 0 0 142 112 0 1 0 0 0 0 0 0 0 0 0
93 93 0 0 0 0 0 0 0 0 0 0 0 145 115 0 1 0 0 0 0 0 0 0 0 0
96 96 0 0 0 0 0 0 0 0 0 0 0 170 122 2 1 0 0 0 0 0 0 0 0 0
102 101 0 0 0 0 0 0 0 0 0 0 0 174 125 2 1 0 0 0 0 0 0 0 0 0
105 105 0 0 0 0 0 0 0 0 0 0 0 177 128 3 1 0 0 0 0 0 0 0 0 0
114 109 0 0 0 0 0 0 0 0 0 0 0 181 131 3 1 1 0 0 0 0 0 0 0 0
117 113 0 0 0 0 0 0 0 0 0 0 0 188 135 3 1 1 0 0 0 0 0 0 0 0
120 118 0 0 0 0 0 0 0 0 0 0 0 191 138 3 1 1 0 0 0 0 0 0 0 0
124 121 0 0 0 0 0 0 0 0 0 0 0 194 141 3 1 1 0 0 0 0 0 0 0 0
129 125 0 0 0 0 0 0 0 0 0 0 0 198 145 3 1 1 0 0 0 0 0 0 0 0
132 130 0 0 0 0 0 0 0 0 0 0 0 201 148 3 1 1 0 0 0 0 0 0 0 0
138 134 0 0 0 0 0 0 0 0 0 0 0 205 152 3 1 1 0 0 0 0 0 0 0 0
141 138 0 0 0 0 0 0 0 0 0 0 0 208 155 3 2 1 0 0 0 0 0 0 0 0
144 141 0 0 0 0 0 0 0 0 0 0 0 213 161 3 2 1 0 0 0 0 0 0 0 0
147 147 0 0 0 0 0 0 0 0 0 0 0 216 164 3 2 1 0 0 0 0 0 0 0 0
152 150 0 0 0 0 0 0 0 0 0 0 0 221 167 3 2 1 0 0 0 0 0 0 0 0
155 153 0 0 0 0 0 0 0 0 0 0 0 224 170 3 2 1 0 0 0 0 0 0 0 0
