# scores for worst/random/best/smart move selector strategies. 
# scores are 50% and 95% quantiles (based on 40 games) of: 
# game score, #destroyed, #unlocked, #stripes, #bombs, #zappers
0 0 0 0 0 0 0 0 0 0 0 0 0 7 7 0 0 0 0 0 0 0 0 0 0 0
3 3 0 0 0 0 0 0 0 0 0 0 0 1379 139 19 13 8 11 0 0 0 0 0 0 0
3 3 0 0 0 0 0 0 0 0 0 0 0 1480 162 28 16 8 11 0 0 1 0 0 0 0
5 5 0 0 0 0 0 0 0 0 0 0 0 1499 171 28 16 8 11 0 0 1 1 0 0 0
7 7 0 0 0 0 0 0 0 0 0 0 0 1567 181 28 16 10 11 0 1 1 1 0 0 0
9 9 0 0 0 0 0 0 0 0 0 0 0 1716 209 28 21 14 12 0 1 1 1 1 0 0
907 129 2 6 6 6 0 0 0 0 0 0 0 1759 214 28 22 17 12 0 1 1 1 1 1 0
1189 143 7 11 7 8 0 0 0 0 0 0 0 1779 223 28 22 17 12 0 1 1 1 1 1 0
1425 158 16 13 8 11 0 0 0 0 0 0 0 1787 229 28 23 17 12 0 1 1 1 1 1 0
1457 165 17 13 8 11 0 0 0 0 0 0 0 1790 240 28 23 17 12 0 1 1 1 1 1 1
1504 168 18 14 8 11 0 0 0 0 0 0 0 1823 248 28 23 17 12 1 1 1 1 1 1 1
1520 179 18 14 8 11 0 0 0 0 0 0 0 1831 259 28 23 17 12 1 1 1 1 1 1 1
1525 184 18 14 8 11 0 0 0 0 0 0 0 1844 268 28 23 17 12 1 1 1 1 1 1 1
1542 190 19 14 8 11 0 0 0 0 0 0 0 1903 278 28 24 17 12 1 1 1 1 1 1 1
1547 201 19 14 8 11 0 0 0 0 0 0 0 1909 281 28 24 17 12 1 1 1 1 1 1 1
1575 209 19 15 8 11 0 0 0 0 0 0 0 1913 290 28 25 17 13 1 1 1 2 1 1 1
1581 216 19 15 8 11 0 0 0 0 0 0 0 1916 295 28 25 17 13 1 1 1 2 1 1 1
1604 224 19 16 8 11 0 0 0 0 0 0 0 1920 302 28 25 17 13 1 1 1 2 1 1 1
1615 229 19 17 8 11 0 0 0 0 0 0 0 2020 315 28 26 17 13 2 1 1 2 1 1 1
1639 237 19 17 8 11 0 0 0 0 0 0 0 2025 322 28 26 17 14 2 1 1 3 1 1 1
1664 242 19 17 8 11 0 0 0 0 0 0 0 2028 333 28 27 17 14 2 1 1 3 1 1 1
1669 248 19 18 8 11 0 0 0 0 0 0 0 2062 341 28 28 17 14 2 1 1 3 1 1 1
1672 252 19 18 8 11 0 0 0 0 0 0 0 2066 348 28 28 17 14 2 1 1 3 1 1 1
1721 263 19 18 8 11 0 0 0 0 0 0 0 2069 362 28 28 17 14 2 1 1 3 1 1 1
1736 268 19 18 8 11 0 0 0 0 0 0 0 2088 372 28 28 17 14 2 1 1 3 1 1 1
1745 276 19 18 8 11 0 0 0 0 0 0 0 2092 378 28 28 17 14 2 1 1 3 1 1 1
1755 280 19 19 8 11 0 0 0 0 0 0 0 2097 387 28 29 17 14 2 1 1 3 1 1 1
1766 293 19 19 8 11 0 0 0 0 0 0 0 2100 391 28 29 17 14 2 1 1 3 1 1 1
1800 305 19 20 8 11 0 0 0 0 0 0 0 2131 396 28 30 17 14 3 1 1 3 1 1 1
1817 311 19 20 9 11 0 0 0 0 0 0 0 2215 403 28 35 17 14 3 1 1 3 1 1 1
1838 321 19 20 9 11 0 0 0 0 0 0 0 2221 419 28 35 17 14 3 1 1 3 1 1 1
1842 327 19 20 9 11 0 0 0 0 0 0 0 2275 430 28 35 17 14 3 1 1 3 1 1 1
1880 333 19 20 9 11 1 0 0 0 0 0 0 2284 440 28 35 17 14 3 1 1 3 1 1 1
1898 342 19 21 9 11 1 0 0 0 0 0 0 2287 443 28 35 17 14 3 1 1 3 1 1 1
1906 348 19 21 9 11 1 0 0 0 0 0 0 2307 447 28 35 17 14 3 1 1 3 1 1 1
1912 357 19 21 9 11 1 0 0 0 0 0 0 2310 450 28 35 17 14 3 1 1 3 1 1 1
1938 368 19 21 9 11 1 0 0 0 0 0 0 2320 455 28 36 17 14 3 1 1 3 1 1 1
1965 371 19 21 9 11 1 0 0 0 0 0 0 2332 458 28 36 17 14 3 1 1 3 1 1 1
1973 378 19 22 9 11 1 0 0 0 0 0 0 2343 463 28 37 17 14 3 1 1 3 1 1 1
1997 384 19 23 9 11 1 0 0 0 0 0 0 2377 472 28 37 17 14 3 1 1 3 1 1 1
2014 393 19 23 9 11 1 0 0 0 0 0 0 2412 494 28 37 17 14 3 1 1 3 1 1 1
