# scores for worst/random/best/smart move selector strategies. 
# scores are 50% and 95% quantiles (based on 40 games) of: 
# game score, #destroyed, #unlocked, #stripes, #bombs, #zappers
0 0 0 0 0 0 0 0 0 0 0 0 0 7 7 0 0 0 0 0 0 0 0 0 0 0
3 3 0 0 0 0 0 0 0 0 0 0 0 106 14 4 0 1 0 0 0 0 0 0 0 0
3 3 0 0 0 0 0 0 0 0 0 0 0 878 91 12 8 5 6 0 0 0 0 0 0 0
6 6 0 0 0 0 0 0 0 0 0 0 0 1462 144 19 17 8 11 0 0 0 0 0 0 0
6 6 0 0 0 0 0 0 0 0 0 0 0 1488 156 20 17 8 11 0 0 1 1 0 0 0
9 9 0 0 0 0 0 0 0 0 0 0 0 1566 174 24 19 9 12 0 0 1 1 1 0 0
12 12 0 0 0 0 0 0 0 0 0 0 0 1569 177 24 19 9 12 0 0 1 2 1 0 0
103 28 0 0 0 1 0 0 0 0 0 0 0 1573 180 24 19 9 12 0 0 1 2 1 0 0
860 126 2 7 4 6 0 0 0 0 0 0 0 1627 197 24 19 9 12 0 0 1 2 1 0 0
1357 136 11 13 8 11 0 0 0 0 0 0 0 1632 200 24 19 9 12 0 0 1 2 1 0 0
1364 143 11 13 8 11 0 0 0 0 0 0 0 1635 222 24 19 9 12 0 0 1 2 1 0 0
1378 151 13 13 8 11 0 0 0 0 0 0 0 1640 226 24 21 9 12 0 0 1 2 1 0 0
1404 161 13 13 8 11 0 0 0 0 0 0 0 1643 233 24 21 9 12 0 0 1 2 1 0 0
1411 170 13 13 8 11 0 0 0 0 0 0 0 1649 239 24 21 9 12 0 0 1 2 1 0 0
1418 175 13 13 8 11 0 0 0 0 0 0 0 1653 244 24 21 9 12 0 0 1 2 1 0 0
1427 182 13 14 8 11 0 0 0 0 0 0 0 1656 249 24 23 9 12 0 0 1 2 1 0 0
1431 188 13 14 8 11 0 0 0 0 0 0 0 1662 255 24 23 9 12 0 0 1 2 1 0 0
1436 193 14 14 8 11 0 0 0 0 0 0 0 1665 258 24 23 9 12 0 0 1 2 1 0 0
1445 196 14 14 8 11 0 0 0 0 0 0 0 1669 272 24 23 9 12 0 0 1 2 1 0 0
1450 200 14 14 8 11 0 0 0 0 0 0 0 1698 275 24 23 10 12 0 0 1 2 1 0 0
1454 204 14 14 8 11 0 0 0 0 0 0 0 1703 280 24 23 10 12 1 0 1 2 1 0 0
1463 208 14 14 8 11 0 0 0 0 0 0 0 1706 283 24 23 10 12 1 0 1 2 1 0 0
1475 212 14 14 8 11 0 0 0 0 0 0 0 1712 287 24 23 10 12 1 0 1 2 1 0 0
1480 217 14 14 8 11 0 0 0 0 0 0 0 1715 290 24 23 10 12 1 0 1 2 1 0 0
1483 224 14 14 8 11 0 0 0 0 0 0 0 1722 293 24 23 10 12 1 0 1 2 1 0 0
1501 229 14 14 8 11 0 0 0 0 0 0 0 1744 296 24 23 10 12 1 0 1 2 1 0 0
1518 237 14 14 8 11 0 0 0 0 0 0 0 1749 299 24 23 10 12 1 0 1 2 1 0 0
1523 241 14 14 8 11 0 0 0 0 0 0 0 1755 303 24 23 10 12 1 0 1 2 1 0 0
1526 247 14 14 8 11 0 0 0 0 0 0 0 1843 320 24 23 10 12 1 0 1 2 1 0 0
1530 252 14 14 8 11 0 0 0 0 0 0 0 1846 324 24 23 10 12 1 1 1 2 1 0 0
1542 258 14 15 8 11 0 0 0 0 0 0 0 1849 329 24 23 10 12 1 1 1 2 1 0 0
1545 261 14 15 8 11 0 0 0 0 0 0 0 1852 332 24 23 10 12 1 1 1 2 1 0 0
1550 264 14 15 8 11 0 0 0 0 0 0 0 1855 336 24 23 10 12 1 1 1 2 1 0 0
1555 272 14 15 8 11 0 0 0 0 0 0 0 1858 340 24 23 10 12 1 1 1 2 1 0 0
1569 275 14 15 8 11 0 0 0 0 0 0 0 1861 343 24 23 10 12 1 1 1 2 1 0 0
1573 284 14 15 8 11 0 0 0 0 0 0 0 1864 348 24 24 10 12 1 1 1 2 1 0 0
1581 293 14 15 8 11 0 0 0 0 0 0 0 1867 353 24 24 10 12 1 1 1 2 1 0 0
1584 298 14 15 8 11 0 0 0 0 0 0 0 1873 357 24 24 10 12 1 1 1 2 1 0 0
1587 303 14 15 8 11 0 0 0 0 0 0 0 1879 364 24 24 10 12 1 1 1 2 1 0 0
1602 307 14 15 8 11 0 0 0 0 0 0 0 1886 371 24 24 10 12 1 1 1 2 1 0 0
1608 313 14 15 8 11 0 0 0 0 0 0 0 1889 376 24 24 10 12 1 1 1 2 1 0 0
