# scores for worst/random/best/smart move selector strategies. 
# scores are 50% and 95% quantiles (based on 40 games) of: 
# game score, #destroyed, #unlocked, #stripes, #bombs, #zappers
0 0 0 0 0 0 0 0 0 0 0 0 0 7 7 0 0 0 0 0 0 0 0 0 0 0
3 3 0 0 0 0 0 0 0 0 0 0 0 1386 142 19 13 8 11 0 0 0 0 0 0 0
6 6 0 0 0 0 0 0 0 0 0 0 0 1468 165 28 18 8 11 0 0 0 1 1 0 0
9 9 0 0 0 0 0 0 0 0 0 0 0 1532 171 28 19 8 11 0 0 0 1 1 0 0
12 12 0 0 0 0 0 0 0 0 0 0 0 1599 183 28 19 9 11 0 0 1 2 1 0 0
850 142 2 6 4 6 0 0 0 0 0 0 0 1684 212 29 22 12 12 0 0 1 2 1 0 0
1447 159 13 14 8 11 0 0 0 0 0 0 0 1702 236 30 22 15 12 0 0 1 2 1 1 0
1454 166 14 14 8 11 0 0 0 0 0 0 0 1725 251 30 24 16 12 0 1 1 2 1 1 0
1499 177 16 14 8 11 0 0 0 0 0 0 0 1748 258 30 24 16 12 0 1 1 2 1 1 1
1544 191 18 15 8 11 0 0 0 0 0 0 0 1755 270 30 24 17 12 0 1 1 2 1 1 1
1569 203 19 15 8 11 0 0 0 0 0 0 0 1807 281 30 24 17 13 0 1 1 2 1 1 1
1640 220 19 15 8 11 0 0 0 0 0 0 0 1824 302 30 25 17 13 1 1 1 2 1 1 1
1653 229 19 16 8 11 0 0 0 0 0 0 0 1839 320 30 25 17 13 1 1 1 2 1 1 1
1666 241 19 16 8 11 0 0 0 0 0 0 0 1890 327 30 26 17 13 1 1 1 2 1 1 1
1689 253 19 16 8 11 0 0 0 0 0 0 0 1945 343 30 28 17 13 1 1 1 2 1 1 1
1732 264 19 17 9 11 0 0 0 1 0 0 0 1984 352 30 28 17 13 1 1 1 3 1 1 1
1764 277 19 17 9 12 0 0 0 1 0 0 0 2007 376 30 28 17 13 1 1 1 3 1 1 1
1806 291 19 18 9 12 0 0 0 1 0 0 0 2103 392 30 33 17 14 1 1 1 3 1 1 1
1826 301 19 18 9 12 0 0 0 1 0 0 0 2138 402 30 34 17 14 1 1 1 3 1 1 1
1834 309 19 19 9 12 0 0 0 1 0 0 0 2172 417 30 34 17 14 1 1 1 3 1 1 1
1881 320 19 19 9 12 0 0 0 1 0 0 0 2227 426 30 34 17 14 1 1 1 3 1 1 1
1916 337 19 20 9 12 0 0 0 1 0 0 0 2258 442 30 34 17 14 1 1 1 4 1 1 1
1934 351 19 20 9 12 0 0 0 1 0 0 0 2268 466 30 35 17 14 1 2 1 4 1 1 1
1950 355 19 20 10 12 0 0 0 1 0 0 0 2349 472 30 35 18 15 1 2 1 4 1 1 1
1974 370 19 20 10 12 0 0 0 1 0 0 0 2382 476 30 36 18 15 2 2 1 4 1 1 1
2005 384 19 21 10 12 0 0 0 1 0 0 0 2435 484 30 36 18 15 2 2 1 4 1 1 1
2010 389 19 21 10 12 0 0 0 1 0 0 0 2477 491 30 36 18 15 2 2 1 4 1 1 1
2037 398 19 21 10 12 1 0 0 1 0 0 0 2480 504 30 36 18 15 2 2 1 4 1 1 1
2075 414 19 22 10 13 1 0 0 2 0 0 0 2509 513 30 37 18 15 2 2 1 4 1 1 1
2090 430 19 22 10 13 1 0 0 2 0 0 0 2592 528 30 37 18 15 3 2 1 4 1 1 1
2127 440 19 22 10 13 1 0 0 2 0 0 0 2616 535 30 40 18 15 3 2 1 5 1 1 1
2147 447 19 22 10 13 1 0 0 2 0 0 0 2622 567 30 44 18 15 3 2 1 5 2 1 1
2157 458 19 23 10 13 1 0 0 2 0 0 0 2653 576 30 44 18 15 3 2 1 5 2 1 1
2170 472 19 23 10 13 1 0 0 2 0 0 0 2687 598 30 44 19 15 3 2 1 5 2 1 1
2192 483 19 23 11 13 1 0 0 2 0 0 0 2697 603 30 44 19 15 3 2 1 5 2 1 1
2238 492 19 25 11 13 1 0 0 2 0 0 0 2726 611 30 44 19 15 3 2 1 5 2 1 1
2253 506 19 25 11 13 1 0 0 2 0 0 0 2803 626 30 44 19 15 3 2 1 5 2 1 1
2280 523 19 26 11 13 1 0 0 2 0 0 0 2823 631 30 45 19 16 3 2 1 5 2 1 1
2319 530 19 26 11 13 1 0 0 2 0 0 0 2831 651 30 45 19 16 3 3 1 5 2 1 1
2327 536 19 26 11 13 1 0 0 2 0 0 0 2836 658 30 45 19 16 3 3 1 5 2 1 1
2375 542 19 26 11 13 1 0 0 2 0 0 0 2841 668 30 45 19 16 3 3 1 5 2 1 1
