# scores for worst/random/best/smart move selector strategies. 
# scores are 50% and 95% quantiles (based on 40 games) of: 
# game score, #destroyed, #unlocked, #stripes, #bombs, #zappers
0 0 0 0 0 0 0 0 0 0 0 0 0 7 7 0 0 0 0 0 0 0 0 0 0 0
3 3 0 0 0 0 0 0 0 0 0 0 0 10 10 0 0 0 0 0 0 0 0 0 0 0
3 3 0 0 0 0 0 0 0 0 0 0 0 919 95 10 7 6 6 0 0 0 0 0 0 0
5 5 0 0 0 0 0 0 0 0 0 0 0 922 98 10 7 6 6 0 0 0 0 0 0 0
6 6 0 0 0 0 0 0 0 0 0 0 0 925 109 11 8 6 7 0 0 0 0 0 0 0
9 9 0 0 0 0 0 0 0 0 0 0 0 1416 167 18 14 9 11 0 0 0 0 0 0 0
9 9 0 0 0 0 0 0 0 0 0 0 0 1419 181 18 14 9 11 0 0 0 0 0 0 0
12 12 0 0 0 0 0 0 0 0 0 0 0 1422 184 18 14 9 11 0 0 0 0 0 0 0
15 15 0 0 0 0 0 0 0 0 0 0 0 1448 199 21 14 9 11 0 0 0 0 0 0 0
419 71 1 3 2 3 0 0 0 0 0 0 0 1470 202 21 14 9 11 0 0 0 0 0 0 0
817 134 6 6 4 6 0 0 0 0 0 0 0 1492 207 21 14 9 11 0 0 0 1 0 0 0
1110 148 9 10 6 8 0 0 0 0 0 0 0 1495 212 21 14 9 11 0 0 0 1 0 0 0
1357 156 12 12 8 10 0 0 0 0 0 0 0 1521 216 21 14 9 11 0 0 0 1 0 0 0
1379 159 13 12 8 11 0 0 0 0 0 0 0 1524 219 21 14 9 11 0 0 0 1 0 0 0
1384 164 13 13 8 11 0 0 0 0 0 0 0 1527 222 21 14 9 11 0 0 0 1 0 0 0
1387 169 13 13 8 11 0 0 0 0 0 0 0 1530 225 21 14 9 11 0 0 0 1 0 0 0
1395 174 14 13 8 11 0 0 0 0 0 0 0 1537 230 21 15 9 11 0 0 0 1 0 0 0
1398 177 14 13 8 11 0 0 0 0 0 0 0 1540 233 21 15 9 11 0 0 0 1 0 0 0
1401 180 14 13 8 11 0 0 0 0 0 0 0 1545 236 21 15 9 11 0 0 0 1 0 0 0
1411 187 15 13 8 11 0 0 0 0 0 0 0 1593 240 21 15 9 11 0 0 0 1 0 0 0
1414 190 15 13 8 11 0 0 0 0 0 0 0 1598 245 21 15 9 11 0 0 0 1 0 0 0
1422 194 15 13 8 11 0 0 0 0 0 0 0 1628 253 21 15 9 11 0 0 0 1 0 0 0
1427 198 15 13 8 11 0 0 0 0 0 0 0 1635 256 21 15 9 11 0 0 0 1 0 0 0
1430 203 15 13 8 11 0 0 0 0 0 0 0 1654 259 21 16 9 11 0 0 0 1 0 0 0
1433 206 15 13 8 11 0 0 0 0 0 0 0 1657 263 21 16 10 11 0 0 0 1 0 0 0
1438 209 15 13 8 11 0 0 0 0 0 0 0 1679 267 21 16 10 11 0 0 0 1 0 0 0
1443 213 15 13 8 11 0 0 0 0 0 0 0 1687 274 21 16 10 11 0 0 0 1 0 0 0
1446 217 15 13 8 11 0 0 0 0 0 0 0 1690 277 21 16 10 11 0 0 0 1 0 0 0
1449 220 15 13 8 11 0 0 0 0 0 0 0 1693 281 21 16 10 11 0 0 0 1 0 0 0
1452 224 15 13 8 11 0 0 0 0 0 0 0 1708 289 21 16 10 11 0 0 0 1 0 0 0
1456 229 15 13 8 11 0 0 0 0 0 0 0 1712 297 21 16 10 11 0 0 0 1 0 0 0
1460 232 15 13 8 11 0 0 0 0 0 0 0 1715 301 21 16 10 11 0 0 0 1 0 0 0
1463 236 15 13 8 11 0 0 0 0 0 0 0 1718 304 21 16 10 11 0 0 0 1 0 0 0
1466 239 15 13 8 11 0 0 0 0 0 0 0 1721 307 21 16 10 11 0 0 0 1 0 0 0
1476 247 15 13 8 11 0 0 0 0 0 0 0 1724 311 21 16 10 11 0 0 0 1 0 0 0
1482 251 15 14 8 11 0 0 0 0 0 0 0 1727 318 21 16 10 11 0 0 0 1 0 0 0
1487 257 15 14 8 11 0 0 0 0 0 0 0 1742 325 21 16 10 11 0 0 0 1 0 0 0
1490 261 15 14 8 11 0 0 0 0 0 0 0 1751 331 21 16 10 11 0 0 0 1 0 0 0
1493 264 15 14 8 11 0 0 0 0 0 0 0 1755 335 21 16 10 11 0 0 0 1 0 0 0
1496 271 15 14 8 11 0 0 0 0 0 0 0 1758 341 21 16 10 11 0 0 0 1 0 0 0
1505 275 15 14 8 11 0 0 0 0 0 0 0 1762 346 21 16 10 11 0 0 0 1 0 0 0
