# scores for worst/random/best/smart move selector strategies. 
# scores are 50% and 95% quantiles (based on 40 games) of: 
# game score, #destroyed, #unlocked, #stripes, #bombs, #zappers
0 0 0 0 0 0 0 0 0 0 0 0 0 5 5 0 0 0 0 0 0 0 0 0 0 0
3 3 0 0 0 0 0 0 0 0 0 0 0 9 9 0 0 0 0 0 0 0 0 0 0 0
9 9 0 0 0 0 0 0 0 0 0 0 0 15 14 0 0 0 0 0 0 0 0 0 0 0
12 12 0 0 0 0 0 0 0 0 0 0 0 21 19 0 0 0 0 0 0 0 0 0 0 0
15 15 0 0 0 0 0 0 0 0 0 0 0 24 24 0 0 0 0 0 0 0 0 0 0 0
18 18 0 0 0 0 0 0 0 0 0 0 0 29 27 0 0 0 0 0 0 0 0 0 0 0
24 24 0 0 0 0 0 0 0 0 0 0 0 33 32 0 0 0 0 0 0 0 0 0 0 0
27 27 0 0 0 0 0 0 0 0 0 0 0 44 36 0 0 0 0 0 0 0 0 0 0 0
30 30 0 0 0 0 0 0 0 0 0 0 0 50 42 0 0 0 0 0 0 0 0 0 0 0
35 34 0 0 0 0 0 0 0 0 0 0 0 58 45 0 1 0 0 0 0 0 0 0 0 0
39 39 0 0 0 0 0 0 0 0 0 0 0 79 49 0 1 0 0 0 0 0 0 0 0 0
42 42 0 0 0 0 0 0 0 0 0 0 0 90 60 0 1 0 0 0 0 0 0 0 0 0
45 45 0 0 0 0 0 0 0 0 0 0 0 102 67 0 2 0 0 0 0 0 0 0 0 0
48 48 0 0 0 0 0 0 0 0 0 0 0 105 70 0 2 0 0 0 0 0 0 0 0 0
52 52 0 0 0 0 0 0 0 0 0 0 0 110 73 0 2 0 0 0 0 0 0 0 0 0
58 58 0 0 0 0 0 0 0 0 0 0 0 117 78 0 2 0 0 0 0 0 0 0 0 0
62 62 0 0 0 0 0 0 0 0 0 0 0 122 83 0 2 0 0 0 0 0 0 0 0 0
66 65 0 0 0 0 0 0 0 0 0 0 0 127 88 0 2 0 0 0 0 0 0 0 0 0
71 69 0 0 0 0 0 0 0 0 0 0 0 130 93 0 2 0 0 0 0 0 0 0 0 0
76 72 0 0 0 0 0 0 0 0 0 0 0 145 96 0 2 0 0 0 0 0 0 0 0 0
83 76 0 0 0 0 0 0 0 0 0 0 0 151 103 0 2 0 0 0 0 0 0 0 0 0
86 82 0 0 0 0 0 0 0 0 0 0 0 155 106 0 2 0 0 0 0 0 0 0 0 0
89 85 0 0 0 0 0 0 0 0 0 0 0 160 110 0 2 0 0 0 0 0 0 0 0 0
101 90 0 0 0 0 0 0 0 0 0 0 0 168 115 0 2 0 0 0 0 0 0 0 0 0
105 93 0 0 0 0 0 0 0 0 0 0 0 171 118 0 2 0 0 0 0 0 0 0 0 0
115 98 0 1 0 0 0 0 0 0 0 0 0 174 121 0 2 0 0 0 0 0 0 0 0 0
119 102 0 1 0 0 0 0 0 0 0 0 0 182 126 0 3 0 0 0 0 0 0 0 0 0
122 106 0 1 0 0 0 0 0 0 0 0 0 185 132 0 3 0 0 0 0 0 0 0 0 0
128 109 0 1 0 0 0 0 0 0 0 0 0 190 135 0 3 0 0 0 0 0 0 0 0 0
134 113 0 1 0 0 0 0 0 0 0 0 0 197 138 0 3 0 0 0 0 0 0 0 0 0
137 116 0 1 0 0 0 0 0 0 0 0 0 202 145 0 3 0 0 1 0 0 0 0 0 0
142 120 0 1 0 0 0 0 0 0 0 0 0 207 149 0 3 0 0 1 0 0 0 0 0 0
147 124 0 1 0 0 0 0 0 0 0 0 0 210 152 0 3 0 0 1 0 0 0 0 0 0
154 130 0 1 0 0 0 0 0 0 0 0 0 213 155 0 3 0 0 1 0 0 0 0 0 0
157 133 0 1 0 0 0 0 0 0 0 0 0 216 158 0 3 0 0 1 0 0 0 0 0 0
160 137 0 1 0 0 0 0 0 0 0 0 0 225 164 0 3 0 0 1 0 0 0 0 0 0
163 142 0 1 0 0 0 0 0 0 0 0 0 230 167 0 3 0 0 1 0 0 0 0 0 0
173 146 0 1 0 0 0 0 0 0 0 0 0 233 170 0 3 0 0 1 0 0 0 0 0 0
179 149 0 1 0 0 0 0 0 0 0 0 0 250 173 0 4 0 1 1 0 0 1 0 0 0
185 152 0 1 0 0 0 0 0 0 0 0 0 254 176 0 4 0 1 1 0 0 1 0 0 0
192 156 0 1 0 0 0 0 0 0 0 0 0 257 186 0 4 0 1 1 0 0 1 0 0 0
