# scores for worst/random/best/smart move selector strategies. 
# scores are 50% and 95% quantiles (based on 40 games) of: 
# game score, #destroyed, #unlocked, #stripes, #bombs, #zappers
0 0 0 0 0 0 0 0 0 0 0 0 0 5 5 0 0 0 0 0 0 0 0 0 0 0
3 3 0 0 0 0 0 0 0 0 0 0 0 9 9 0 0 0 0 0 0 0 0 0 0 0
9 9 0 0 0 0 0 0 0 0 0 0 0 20 15 0 0 0 0 0 0 0 0 0 0 0
12 12 0 0 0 0 0 0 0 0 0 0 0 32 23 0 0 0 0 0 0 0 0 0 0 0
18 18 0 0 0 0 0 0 0 0 0 0 0 40 27 0 1 0 0 0 0 0 0 0 0 0
21 21 0 0 0 0 0 0 0 0 0 0 0 64 36 0 1 0 0 0 0 0 0 0 0 0
25 25 0 0 0 0 0 0 0 0 0 0 0 81 45 0 1 0 0 0 0 0 0 0 0 0
30 29 0 0 0 0 0 0 0 0 0 0 0 84 48 0 1 0 0 0 0 0 0 0 0 0
34 33 0 0 0 0 0 0 0 0 0 0 0 90 54 0 1 0 0 0 0 0 0 0 0 0
39 36 0 0 0 0 0 0 0 0 0 0 0 98 61 0 1 0 0 0 0 0 0 0 0 0
44 39 0 0 0 0 0 0 0 0 0 0 0 104 68 0 1 0 0 0 0 0 0 0 0 0
53 45 0 0 0 0 0 0 0 0 0 0 0 120 72 0 2 0 0 0 0 0 0 0 0 0
62 48 0 0 0 0 0 0 0 0 0 0 0 123 75 0 2 0 0 0 0 0 0 0 0 0
70 52 0 0 0 0 0 0 0 0 0 0 0 126 79 0 2 0 0 0 0 0 0 0 0 0
74 56 0 0 0 0 0 0 0 0 0 0 0 135 85 0 2 1 0 0 0 0 0 0 0 0
79 61 0 0 0 0 0 0 0 0 0 0 0 139 92 0 3 1 0 0 0 0 0 0 0 0
83 65 0 1 0 0 0 0 0 0 0 0 0 143 101 0 3 1 0 0 0 0 0 0 0 0
88 68 0 1 0 0 0 0 0 0 0 0 0 159 107 0 3 1 0 0 0 0 0 0 0 0
94 74 0 1 0 0 0 0 0 0 0 0 0 172 110 0 3 1 0 0 0 0 0 0 0 0
97 77 0 1 0 0 0 0 0 0 0 0 0 184 115 0 3 1 0 0 0 0 0 0 0 0
102 80 0 1 0 0 0 0 0 0 0 0 0 188 119 0 3 1 0 0 0 0 0 0 0 0
109 86 0 1 0 0 0 0 0 0 0 0 0 193 123 0 3 1 0 0 0 0 0 0 0 0
115 90 0 1 0 0 0 0 0 0 0 0 0 196 126 0 3 1 0 0 0 0 0 0 0 0
126 95 0 1 0 0 0 0 0 0 0 0 0 208 129 0 3 1 1 0 0 0 1 0 0 0
130 98 0 1 0 0 0 0 0 0 0 0 0 211 135 0 3 1 1 0 0 0 1 0 0 0
133 102 0 1 0 0 0 0 0 0 0 0 0 215 139 0 3 1 1 0 0 0 1 0 0 0
138 105 0 1 0 0 0 0 0 0 0 0 0 218 142 0 3 1 1 0 0 0 1 0 0 0
147 111 0 1 0 0 0 0 0 0 0 0 0 223 150 0 3 1 1 0 0 0 1 0 0 0
152 116 0 2 0 0 0 0 0 0 0 0 0 249 155 0 4 1 1 0 0 0 1 0 0 0
159 120 0 2 0 0 0 0 0 0 0 0 0 253 165 0 4 1 1 0 0 0 1 0 0 0
162 123 0 2 0 0 0 0 0 0 0 0 0 265 175 0 4 1 1 0 0 0 1 0 0 0
169 127 0 2 0 0 0 0 0 0 0 0 0 286 178 0 4 1 1 1 0 0 1 0 0 0
176 131 0 2 0 0 0 0 0 0 0 0 0 289 184 0 4 1 1 1 0 0 1 0 0 0
179 137 0 2 0 0 0 0 0 0 0 0 0 294 187 0 4 1 1 1 0 0 1 0 0 0
185 142 0 2 0 0 0 0 0 0 0 0 0 298 197 0 4 1 1 1 0 0 1 0 0 0
188 146 0 2 0 0 0 0 0 0 0 0 0 302 200 0 5 1 1 1 0 0 1 0 0 0
192 150 0 2 0 0 0 0 0 0 0 0 0 307 204 0 5 1 1 1 0 0 1 0 0 0
201 155 0 2 0 0 0 0 0 0 0 0 0 310 207 0 5 1 1 1 0 0 1 0 0 0
210 159 0 2 0 0 0 0 0 0 0 0 0 342 218 0 5 1 1 1 0 0 1 0 0 0
220 162 0 2 0 0 0 0 0 0 0 0 0 345 223 0 5 1 1 1 0 0 1 0 0 0
224 167 0 2 0 0 0 0 0 0 0 0 0 348 227 0 5 1 1 1 0 0 1 0 0 0
