# scores for worst/random/best/smart move selector strategies. 
# scores are 50% and 95% quantiles (based on 40 games) of: 
# game score, #destroyed, #unlocked, #stripes, #bombs, #zappers
0 0 0 0 0 0 0 0 0 0 0 0 0 5 5 0 0 0 0 0 0 0 0 0 0 0
3 3 0 0 0 0 0 0 0 0 0 0 0 8 8 0 0 0 0 0 0 0 0 0 0 0
9 9 0 0 0 0 0 0 0 0 0 0 0 19 16 0 0 0 0 0 0 0 0 0 0 0
12 12 0 0 0 0 0 0 0 0 0 0 0 22 19 0 0 0 0 0 0 0 0 0 0 0
18 18 0 0 0 0 0 0 0 0 0 0 0 27 25 0 0 0 0 0 0 0 0 0 0 0
21 21 0 0 0 0 0 0 0 0 0 0 0 40 30 0 0 0 0 0 0 0 0 0 0 0
24 24 0 0 0 0 0 0 0 0 0 0 0 49 33 0 1 0 0 0 0 0 0 0 0 0
29 28 0 0 0 0 0 0 0 0 0 0 0 52 37 0 1 0 0 0 0 0 0 0 0 0
33 33 0 0 0 0 0 0 0 0 0 0 0 55 42 0 1 0 0 0 0 0 0 0 0 0
36 36 0 0 0 0 0 0 0 0 0 0 0 61 46 0 1 0 0 0 0 0 0 0 0 0
39 39 0 0 0 0 0 0 0 0 0 0 0 65 51 0 1 0 0 0 0 0 0 0 0 0
44 42 0 0 0 0 0 0 0 0 0 0 0 68 54 0 1 0 0 0 0 0 0 0 0 0
48 47 0 0 0 0 0 0 0 0 0 0 0 73 57 0 1 0 0 0 0 0 0 0 0 0
51 51 0 0 0 0 0 0 0 0 0 0 0 76 63 0 1 0 0 0 0 0 0 0 0 0
54 54 0 0 0 0 0 0 0 0 0 0 0 80 66 0 1 0 0 0 0 0 0 0 0 0
57 57 0 0 0 0 0 0 0 0 0 0 0 91 71 0 1 0 0 0 0 0 0 0 0 0
63 61 0 0 0 0 0 0 0 0 0 0 0 94 74 0 1 0 0 0 0 0 0 0 0 0
66 66 0 0 0 0 0 0 0 0 0 0 0 98 80 0 1 0 0 0 0 0 0 0 0 0
69 69 0 0 0 0 0 0 0 0 0 0 0 101 85 0 1 0 0 0 0 0 0 0 0 0
72 72 0 0 0 0 0 0 0 0 0 0 0 104 88 0 1 0 0 0 0 0 0 0 0 0
77 75 0 0 0 0 0 0 0 0 0 0 0 107 92 0 1 0 0 0 0 0 0 0 0 0
81 81 0 0 0 0 0 0 0 0 0 0 0 115 95 0 1 0 0 0 0 0 0 0 0 0
87 84 0 0 0 0 0 0 0 0 0 0 0 118 98 0 1 0 0 0 0 0 0 0 0 0
90 87 0 0 0 0 0 0 0 0 0 0 0 121 101 0 1 0 0 0 0 0 0 0 0 0
93 91 0 0 0 0 0 0 0 0 0 0 0 124 104 0 1 0 0 0 0 0 0 0 0 0
96 95 0 0 0 0 0 0 0 0 0 0 0 130 110 0 1 0 0 0 0 0 0 0 0 0
101 99 0 0 0 0 0 0 0 0 0 0 0 133 113 0 1 0 0 0 0 0 0 0 0 0
105 104 0 0 0 0 0 0 0 0 0 0 0 148 118 0 1 0 0 0 0 0 0 0 0 0
108 108 0 0 0 0 0 0 0 0 0 0 0 151 123 0 1 0 0 0 0 0 0 0 0 0
111 111 0 0 0 0 0 0 0 0 0 0 0 154 129 0 1 0 0 0 0 0 0 0 0 0
115 114 0 0 0 0 0 0 0 0 0 0 0 175 138 0 2 0 0 0 0 0 0 0 0 0
120 120 0 0 0 0 0 0 0 0 0 0 0 180 143 0 2 0 0 0 0 0 0 0 0 0
124 123 0 0 0 0 0 0 0 0 0 0 0 184 148 0 2 0 0 0 0 0 0 0 0 0
128 126 0 0 0 0 0 0 0 0 0 0 0 187 151 0 2 0 0 0 0 0 0 0 0 0
132 131 0 0 0 0 0 0 0 0 0 0 0 190 154 0 2 0 0 0 0 0 0 0 0 0
135 135 0 0 0 0 0 0 0 0 0 0 0 193 157 0 2 0 0 0 0 0 0 0 0 0
138 138 0 0 0 0 0 0 0 0 0 0 0 198 160 0 2 0 0 0 0 0 0 0 0 0
141 141 0 0 0 0 0 0 0 0 0 0 0 202 166 0 2 0 0 0 0 0 0 0 0 0
145 144 0 0 0 0 0 0 0 0 0 0 0 205 171 0 2 0 0 0 0 0 0 0 0 0
150 148 0 0 0 0 0 0 0 0 0 0 0 208 174 0 2 0 0 0 0 0 0 0 0 0
156 154 0 0 0 0 0 0 0 0 0 0 0 213 177 0 2 0 0 0 0 0 0 0 0 0
