# scores for worst/random/best/smart move selector strategies. 
# scores are 50% and 95% quantiles (based on 40 games) of: 
# game score, #destroyed, #unlocked, #stripes, #bombs, #zappers
0 0 0 0 0 0 0 0 0 0 0 0 0 6 6 0 0 0 0 0 0 0 0 0 0 0
3 3 0 0 0 0 0 0 0 0 0 0 0 10 10 0 0 0 0 0 0 0 0 0 0 0
9 9 0 0 0 0 0 0 0 0 0 0 0 21 18 0 0 0 0 0 0 0 0 0 0 0
13 13 0 0 0 0 0 0 0 0 0 0 0 29 25 0 0 0 0 0 0 0 0 0 0 0
17 17 0 0 0 0 0 0 0 0 0 0 0 76 31 0 1 0 0 0 0 0 0 0 0 0
22 21 0 0 0 0 0 0 0 0 0 0 0 86 37 0 1 0 0 0 0 0 0 0 0 0
28 27 0 0 0 0 0 0 0 0 0 0 0 95 44 0 1 0 0 0 0 0 0 0 0 0
32 30 0 0 0 0 0 0 0 0 0 0 0 101 47 0 1 0 0 0 0 0 0 0 0 0
36 35 0 0 0 0 0 0 0 0 0 0 0 117 51 1 1 0 0 0 0 0 0 0 0 0
43 41 0 0 0 0 0 0 0 0 0 0 0 144 57 2 3 0 1 0 0 0 0 0 0 0
59 45 0 0 0 0 0 0 0 0 0 0 0 147 62 2 3 1 1 0 0 0 0 0 0 0
62 48 0 0 0 0 0 0 0 0 0 0 0 205 68 2 4 1 1 0 0 0 0 0 0 0
66 53 0 0 0 0 0 0 0 0 0 0 0 208 73 2 4 1 1 0 0 0 0 0 0 0
77 60 0 0 0 0 0 0 0 0 0 0 0 212 76 4 4 1 1 1 0 0 0 0 0 0
85 66 0 0 0 0 0 0 0 0 0 0 0 221 87 4 4 1 1 1 0 0 1 0 0 0
95 71 0 1 0 0 0 0 0 0 0 0 0 291 93 4 6 1 1 1 0 0 1 0 0 0
114 79 0 1 0 0 0 0 0 0 0 0 0 294 99 9 6 1 1 1 0 0 1 0 0 0
131 86 0 1 0 0 0 0 0 0 0 0 0 298 105 9 6 1 1 1 0 0 1 0 0 0
139 91 1 1 0 0 0 0 0 0 0 0 0 302 111 9 6 1 1 1 0 0 1 0 0 0
150 95 1 1 0 0 0 0 0 0 0 0 0 329 124 9 7 1 1 1 0 0 1 0 0 0
158 100 2 2 0 0 0 0 0 0 0 0 0 339 132 10 7 1 1 1 1 0 1 0 0 0
172 106 2 2 0 0 0 0 0 0 0 0 0 355 140 10 7 1 1 1 1 0 1 0 0 0
185 113 2 2 0 0 0 0 0 0 0 0 0 383 149 10 7 1 1 1 1 0 1 0 0 0
213 124 2 2 0 0 0 0 0 0 0 0 0 536 171 11 12 2 1 2 1 0 1 0 0 0
234 130 3 3 0 0 0 0 0 0 0 0 0 604 184 14 14 2 1 2 1 0 1 1 0 0
244 136 3 3 0 0 0 0 0 0 0 0 0 610 189 14 14 2 1 2 1 0 1 1 0 0
253 145 4 3 0 0 0 0 0 0 0 0 0 627 206 14 14 3 1 2 1 0 1 1 0 0
275 154 4 3 0 0 0 0 0 0 0 0 0 668 220 14 14 3 2 2 1 0 1 1 0 0
311 161 4 3 0 0 0 0 0 0 0 0 0 718 244 14 14 3 2 2 1 0 1 1 0 0
330 168 4 4 0 0 0 0 0 0 0 0 0 724 252 14 14 3 2 2 1 0 1 1 0 0
340 177 4 4 0 0 0 0 0 0 0 0 0 811 278 14 15 3 2 2 1 0 2 1 0 0
373 186 4 4 0 0 1 0 0 0 0 0 0 818 285 14 15 3 2 2 1 0 2 1 0 0
400 195 5 5 0 0 1 0 0 0 0 0 0 880 306 14 16 3 2 2 1 0 2 1 0 0
450 216 5 6 1 1 1 0 0 0 0 0 0 886 312 14 16 3 3 2 1 0 2 1 0 0
471 225 5 6 1 1 1 0 0 1 0 0 0 990 344 14 16 3 3 2 1 0 2 1 0 0
495 237 5 6 1 1 1 0 0 1 0 0 0 1010 355 14 17 3 3 2 2 0 2 1 0 0
522 250 5 7 1 1 1 0 0 1 0 0 0 1031 368 15 17 4 3 2 2 0 2 1 0 0
542 257 5 7 1 1 1 0 0 1 0 0 0 1034 371 15 17 4 3 2 2 0 2 1 0 0
561 265 5 7 1 1 1 0 0 1 0 0 0 1102 395 16 18 4 3 2 2 0 2 1 0 0
592 279 6 8 1 1 1 0 0 1 0 0 0 1107 406 16 18 4 3 2 2 0 2 1 0 0
648 291 6 9 1 1 1 0 0 1 0 0 0 1120 413 16 18 4 3 3 2 0 2 1 0 0
