# scores for worst/random/best/smart move selector strategies. 
# scores are 50% and 95% quantiles (based on 40 games) of: 
# game score, #destroyed, #unlocked, #stripes, #bombs, #zappers
0 0 0 0 0 0 0 0 0 0 0 0 0 6 6 0 0 0 0 0 0 0 0 0 0 0
3 3 0 0 0 0 0 0 0 0 0 0 0 10 10 0 0 0 0 0 0 0 0 0 0 0
9 9 0 0 0 0 0 0 0 0 0 0 0 16 16 0 0 0 0 0 0 0 0 0 0 0
12 12 0 0 0 0 0 0 0 0 0 0 0 28 28 0 0 0 0 0 0 0 0 0 0 0
16 16 0 0 0 0 0 0 0 0 0 0 0 49 32 0 0 0 0 0 0 0 0 0 0 0
21 21 0 0 0 0 0 0 0 0 0 0 0 53 36 0 0 0 0 0 0 0 0 0 0 0
24 24 0 0 0 0 0 0 0 0 0 0 0 58 42 0 0 0 0 0 0 0 0 0 0 0
27 27 0 0 0 0 0 0 0 0 0 0 0 63 49 0 0 0 0 0 0 0 0 0 0 0
33 33 0 0 0 0 0 0 0 0 0 0 0 67 53 0 0 0 0 0 0 0 0 0 0 0
36 36 0 0 0 0 0 0 0 0 0 0 0 72 56 0 0 0 0 0 0 0 0 0 0 0
39 39 0 0 0 0 0 0 0 0 0 0 0 75 60 0 0 0 0 0 0 0 0 0 0 0
42 42 0 0 0 0 0 0 0 0 0 0 0 91 64 0 0 0 0 0 0 0 0 0 0 0
48 48 0 0 0 0 0 0 0 0 0 0 0 94 67 0 0 0 0 0 0 0 0 0 0 0
51 51 0 0 0 0 0 0 0 0 0 0 0 97 72 0 0 0 0 0 0 0 0 0 0 0
57 57 0 0 0 0 0 0 0 0 0 0 0 118 79 1 1 0 0 0 0 0 0 0 0 0
60 60 0 0 0 0 0 0 0 0 0 0 0 124 84 1 1 0 0 0 0 0 0 0 0 0
68 67 0 0 0 0 0 0 0 0 0 0 0 127 87 1 1 0 0 0 0 0 0 0 0 0
72 70 0 0 0 0 0 0 0 0 0 0 0 130 94 1 1 1 0 0 0 0 0 0 0 0
75 73 0 0 0 0 0 0 0 0 0 0 0 135 99 2 1 1 0 0 0 0 0 0 0 0
79 77 0 0 0 0 0 0 0 0 0 0 0 141 105 2 1 1 0 0 0 0 0 0 0 0
82 80 0 0 0 0 0 0 0 0 0 0 0 148 111 2 1 1 0 0 0 0 0 0 0 0
87 83 0 0 0 0 0 0 0 0 0 0 0 152 114 2 1 1 0 0 0 0 0 0 0 0
92 89 0 0 0 0 0 0 0 0 0 0 0 155 117 2 1 1 0 0 0 0 0 0 0 0
99 94 0 0 0 0 0 0 0 0 0 0 0 158 125 2 1 1 0 0 0 0 0 0 0 0
102 97 0 0 0 0 0 0 0 0 0 0 0 164 128 2 1 1 0 0 0 0 0 0 0 0
106 101 0 0 0 0 0 0 0 0 0 0 0 169 131 2 1 1 0 0 0 0 0 0 0 0
110 105 0 0 0 0 0 0 0 0 0 0 0 172 134 2 1 1 0 0 0 0 0 0 0 0
115 109 0 0 0 0 0 0 0 0 0 0 0 190 141 2 1 1 0 0 0 0 0 0 0 0
120 114 0 0 0 0 0 0 0 0 0 0 0 193 144 2 1 1 0 0 0 0 0 0 0 0
126 117 0 0 0 0 0 0 0 0 0 0 0 196 147 2 1 1 0 0 0 0 0 0 0 0
131 121 0 0 0 0 0 0 0 0 0 0 0 199 151 2 1 1 0 0 0 0 0 0 0 0
137 126 0 0 0 0 0 0 0 0 0 0 0 205 163 2 1 1 0 0 0 0 0 0 0 0
140 130 0 0 0 0 0 0 0 0 0 0 0 209 168 2 1 1 0 0 0 0 0 0 0 0
144 133 0 0 0 0 0 0 0 0 0 0 0 214 172 2 1 1 0 0 0 0 0 0 0 0
150 137 0 0 0 0 0 0 0 0 0 0 0 220 177 3 1 1 0 0 0 0 0 0 0 0
155 141 0 0 0 0 0 0 0 0 0 0 0 224 184 3 1 1 0 0 0 0 0 0 0 0
160 147 0 0 0 0 0 0 0 0 0 0 0 230 190 3 1 1 0 0 0 0 0 0 0 0
163 152 0 0 0 0 0 0 0 0 0 0 0 254 196 3 1 1 0 0 0 0 0 0 0 0
168 156 0 0 0 0 0 0 0 0 0 0 0 260 202 3 1 1 0 0 0 0 0 0 0 0
171 161 0 0 0 0 0 0 0 0 0 0 0 277 206 3 2 1 0 0 0 0 0 0 0 0
177 165 0 0 0 0 0 0 0 0 0 0 0 282 211 3 2 1 0 0 0 0 0 0 0 0
