# scores for worst/random/best/smart move selector strategies. 
# scores are 50% and 95% quantiles (based on 40 games) of: 
# game score, #destroyed, #unlocked, #stripes, #bombs, #zappers
3 3 0 0 0 0 0 0 0 0 0 0 0 13 13 0 0 0 0 0 0 0 0 0 0 0
10 10 0 0 0 0 0 0 0 0 0 0 0 71 25 1 0 0 1 0 0 0 1 0 0 0
16 16 0 0 0 0 0 0 0 0 0 0 0 242 46 8 2 2 1 0 0 0 1 0 0 0
20 20 0 0 0 0 0 0 0 0 0 0 0 462 91 13 6 6 1 0 0 0 1 0 0 0
25 25 0 0 0 0 0 0 0 0 0 0 0 715 110 16 17 7 1 0 0 0 1 1 0 0
30 30 0 0 0 0 0 0 0 0 0 0 0 824 138 17 17 8 1 1 1 1 1 1 0 0
36 33 0 0 0 0 0 0 0 0 0 0 0 914 150 17 20 8 2 1 1 1 1 1 0 0
88 44 2 1 0 0 0 0 0 0 0 0 0 955 156 18 20 8 2 1 2 1 1 1 0 0
123 56 4 2 0 0 0 0 0 0 0 0 0 969 172 18 20 8 2 1 2 1 1 1 0 0
458 95 9 4 4 1 0 0 0 0 0 0 0 1046 195 19 20 9 2 1 2 1 1 1 0 0
692 126 13 9 7 1 0 0 0 0 0 0 0 1052 209 20 20 9 3 1 2 1 1 1 0 0
762 150 13 10 7 1 0 0 0 0 0 0 0 1186 218 20 21 9 3 1 2 1 1 1 0 0
766 155 13 10 7 1 0 0 0 0 0 0 0 1189 227 20 21 9 3 1 2 1 1 1 0 0
776 163 13 10 7 1 0 0 0 0 0 0 0 1194 237 20 21 9 3 2 2 1 1 1 0 0
832 177 13 11 7 1 0 0 0 0 0 0 0 1198 244 20 22 9 3 2 2 1 1 1 0 0
855 181 14 12 7 1 1 0 0 0 0 0 0 1255 254 20 23 9 3 2 2 1 1 1 0 0
916 193 14 14 7 1 1 0 0 0 0 0 0 1260 262 20 24 9 3 2 2 1 1 1 0 0
948 202 14 14 7 1 1 0 0 0 0 0 0 1374 265 20 24 9 3 2 2 1 1 1 0 0
974 209 14 14 7 1 1 0 0 0 0 0 0 1378 269 20 24 9 3 3 2 1 1 1 0 0
979 216 14 15 7 1 1 0 0 0 0 0 0 1467 281 20 24 14 3 3 2 1 1 1 0 0
989 223 14 15 7 1 1 0 0 0 0 0 0 1543 286 20 25 19 3 3 2 1 1 1 1 0
1010 234 14 15 8 1 1 1 0 0 0 0 0 1562 291 20 25 19 3 3 2 1 1 1 1 0
1038 239 14 15 8 1 1 1 0 0 0 0 0 1565 298 20 27 19 3 3 3 1 1 1 1 0
1061 249 14 16 8 1 1 1 0 0 0 0 0 1568 320 20 27 19 3 3 3 1 1 1 1 0
1111 257 14 16 8 1 1 1 0 0 0 0 0 1573 331 20 28 19 3 3 3 1 1 1 1 0
1118 266 14 17 8 1 1 1 0 0 0 0 0 1606 335 20 28 19 3 3 3 1 1 1 1 0
1126 271 14 17 8 1 1 1 0 0 0 0 0 1609 344 20 28 19 3 3 3 1 1 1 1 0
1142 277 14 17 8 1 1 1 0 0 0 0 0 1613 349 20 28 19 3 3 3 1 1 1 1 0
1163 283 14 17 8 1 1 1 0 0 0 0 0 1616 364 20 28 19 3 3 3 1 2 1 1 0
1187 288 14 17 8 1 1 1 0 0 0 0 0 1620 381 20 28 19 3 3 3 1 2 1 1 0
1209 304 14 17 8 1 1 1 0 0 0 0 0 1623 387 20 28 19 3 3 3 1 2 1 1 0
1214 310 14 18 8 1 1 1 0 0 0 0 0 1711 393 20 30 19 3 3 3 1 2 1 1 0
1232 322 14 18 8 2 1 1 0 0 0 0 0 1716 397 20 31 19 3 3 3 1 2 1 1 0
1236 327 14 18 8 2 1 1 0 0 0 0 0 1735 403 20 31 19 3 3 3 1 2 1 1 0
1241 339 14 19 8 2 1 1 0 1 0 0 0 1741 407 20 31 19 4 3 3 1 2 1 1 0
1244 347 14 19 8 2 1 1 0 1 0 0 0 1783 411 20 32 19 4 3 3 1 2 1 1 0
1289 353 14 20 8 2 2 1 0 1 0 0 0 1846 422 20 32 19 4 3 3 1 2 1 1 0
1292 358 14 20 8 2 2 1 0 1 0 0 0 1900 427 20 33 19 4 4 3 1 2 1 1 0
1320 363 14 21 8 2 2 1 0 1 0 0 0 1951 438 20 33 20 4 4 3 1 2 1 1 0
1358 370 14 21 8 2 2 1 0 1 0 0 0 1957 455 20 33 20 4 4 3 1 2 1 1 0
1387 380 14 21 8 2 2 1 0 1 0 0 0 1962 458 20 33 20 4 4 3 1 2 1 1 0
