# scores for worst/random/best/smart move selector strategies. 
# scores are 50% and 95% quantiles (based on 40 games) of: 
# game score, #destroyed, #unlocked, #stripes, #bombs, #zappers
3 3 0 0 0 0 0 0 0 0 0 0 0 13 13 0 0 0 0 0 0 0 0 0 0 0
6 6 0 0 0 0 0 0 0 0 0 0 0 22 22 0 0 0 0 0 0 0 0 0 0 0
9 9 0 0 0 0 0 0 0 0 0 0 0 61 32 0 0 0 0 0 0 0 0 0 0 0
15 14 0 0 0 0 0 0 0 0 0 0 0 143 46 6 1 1 0 0 0 0 0 0 0 0
18 18 0 0 0 0 0 0 0 0 0 0 0 145 47 6 1 1 0 0 0 0 0 0 0 0
21 21 0 0 0 0 0 0 0 0 0 0 0 154 57 6 1 1 1 0 0 0 0 0 0 0
24 24 0 0 0 0 0 0 0 0 0 0 0 318 70 12 3 3 1 0 0 0 0 0 0 0
29 29 0 0 0 0 0 0 0 0 0 0 0 393 77 12 3 5 1 0 0 0 0 0 0 0
33 33 0 0 0 0 0 0 0 0 0 0 0 628 119 13 9 7 1 0 0 0 0 0 0 0
37 37 0 0 0 0 0 0 0 0 0 0 0 631 122 13 9 7 1 0 0 0 1 0 0 0
42 41 0 0 0 0 0 0 0 0 0 0 0 821 148 16 13 7 2 0 1 0 1 1 0 0
79 50 0 0 0 0 0 0 0 0 0 0 0 967 163 16 13 8 2 0 1 0 1 1 0 0
104 60 0 0 0 0 0 0 0 0 0 0 0 972 168 16 16 9 3 0 1 0 1 1 0 0
120 66 2 1 0 0 0 0 0 0 0 0 0 975 171 16 16 9 3 1 1 0 1 1 0 0
213 71 5 2 2 0 0 0 0 0 0 0 0 978 174 18 17 9 3 1 1 0 1 1 0 0
286 83 5 2 3 0 0 0 0 0 0 0 0 1022 191 18 17 9 3 1 1 1 1 1 0 0
382 99 6 3 3 0 0 0 0 0 0 0 0 1043 203 18 18 9 3 1 1 1 1 1 0 0
387 103 6 3 3 0 0 0 0 0 0 0 0 1056 210 18 18 9 3 1 1 1 1 1 0 0
419 110 7 4 4 1 0 0 0 0 0 0 0 1083 213 18 18 9 3 1 1 1 1 1 0 0
478 123 7 5 4 1 0 0 0 0 0 0 0 1107 223 18 19 9 3 1 1 1 1 1 0 0
481 126 7 5 4 1 0 0 0 0 0 0 0 1110 226 18 19 9 3 1 1 1 1 1 0 0
559 147 9 6 5 1 0 0 0 0 0 0 0 1113 229 18 19 9 3 1 1 1 1 1 0 0
646 158 10 6 7 1 0 0 0 0 0 0 0 1118 233 18 20 9 3 1 1 1 1 1 0 0
690 162 10 7 7 1 0 0 0 0 0 0 0 1121 236 18 20 9 3 1 1 1 1 1 0 0
693 168 10 7 7 1 0 0 0 0 0 0 0 1127 242 18 20 9 3 1 1 1 1 1 0 0
703 174 11 8 7 1 0 0 0 0 0 0 0 1134 248 18 20 9 3 1 1 1 1 1 0 0
729 182 11 8 7 1 0 0 0 0 0 0 0 1141 257 18 20 9 3 1 1 1 1 1 0 0
733 186 11 8 7 1 0 0 0 0 0 0 0 1144 264 18 20 9 3 1 1 1 1 1 0 0
761 196 11 9 7 1 0 0 0 0 0 0 0 1147 267 18 20 9 3 1 1 1 1 1 0 0
790 203 11 9 7 1 0 0 0 0 0 0 0 1152 270 18 21 9 3 1 1 1 1 1 0 0
821 214 11 10 7 1 0 0 0 0 0 0 0 1155 274 18 21 9 3 1 1 1 1 1 0 0
824 217 11 10 7 1 0 0 0 0 0 0 0 1186 281 18 21 9 3 1 1 1 1 1 0 0
827 224 11 10 7 1 0 0 0 0 0 0 0 1190 286 18 21 9 3 1 1 1 1 1 0 0
830 227 11 10 7 1 0 0 0 0 0 0 0 1193 294 18 21 9 3 1 1 1 1 1 0 0
847 230 11 10 7 1 0 0 0 0 0 0 0 1199 300 18 21 9 3 1 1 1 1 1 0 0
864 236 11 10 7 1 0 0 0 0 0 0 0 1202 303 18 21 9 3 1 1 1 1 1 0 0
867 240 11 10 7 1 0 0 0 0 0 0 0 1208 309 18 21 9 3 1 1 1 1 1 0 0
881 246 11 10 7 1 0 0 0 0 0 0 0 1256 321 18 21 9 3 1 1 1 1 1 0 0
895 250 11 10 7 1 0 0 0 0 0 0 0 1261 326 18 21 9 3 1 1 1 1 1 0 0
899 259 11 10 7 1 0 0 0 0 0 0 0 1264 329 18 21 9 3 1 1 1 1 1 0 0
912 263 11 11 7 1 0 0 0 0 0 0 0 1267 332 18 21 9 3 1 1 1 1 1 0 0
