# scores for worst/random/best/smart move selector strategies. 
# scores are 50% and 95% quantiles (based on 40 games) of: 
# game score, #destroyed, #unlocked, #stripes, #bombs, #zappers
3 3 0 0 0 0 0 0 0 0 0 0 0 13 13 0 0 0 0 0 0 0 0 0 0 0
12 12 0 0 0 0 0 0 0 0 0 0 0 202 41 5 1 2 1 0 0 0 1 0 0 0
35 20 0 0 0 0 0 0 0 0 0 0 0 797 107 16 13 7 1 0 1 0 1 0 0 0
112 33 2 1 0 0 0 0 0 0 0 0 0 885 121 17 14 8 2 1 1 1 1 0 0 0
308 66 7 3 3 1 0 0 0 0 0 0 0 895 127 18 15 8 2 1 1 1 1 1 0 0
420 92 11 4 4 1 0 0 0 0 0 0 0 931 143 19 16 9 2 1 2 1 1 1 0 0
588 110 13 7 7 1 0 0 0 0 0 0 0 1018 176 19 19 9 3 1 2 2 1 1 0 0
665 127 13 8 7 1 0 0 0 0 0 0 0 1055 189 20 20 9 3 1 2 2 1 1 0 0
738 142 14 9 7 1 0 1 0 0 0 0 0 1142 214 21 21 13 3 2 2 2 2 1 0 0
779 152 14 9 7 1 1 1 0 0 0 0 0 1155 228 21 24 13 3 2 2 2 2 1 0 0
830 163 14 10 7 1 1 1 0 0 0 0 0 1171 236 21 25 13 3 2 2 2 2 1 0 0
854 176 15 10 7 1 1 1 0 0 0 0 0 1179 239 21 25 13 3 2 2 2 2 1 0 0
905 190 15 11 8 1 1 1 0 0 0 0 0 1328 246 21 25 16 3 2 2 2 2 1 1 0
923 197 15 12 8 1 1 1 0 0 0 0 0 1333 252 21 25 17 4 2 2 2 3 1 1 0
1012 208 15 13 8 1 1 1 0 0 0 0 0 1339 284 21 25 17 4 2 2 2 3 1 1 0
1025 220 15 13 8 2 1 1 0 0 0 0 0 1392 290 21 26 17 4 2 2 2 3 1 1 0
1030 230 15 13 8 2 1 1 0 1 0 0 0 1427 303 21 26 17 5 2 2 2 3 1 1 0
1046 241 15 14 8 2 1 1 0 1 0 0 0 1439 314 21 27 17 5 2 2 2 3 1 1 0
1072 250 15 14 8 2 1 1 0 1 0 0 0 1504 324 21 27 17 5 2 2 2 3 1 1 0
1147 269 15 15 8 2 1 1 0 1 0 0 0 1511 332 21 27 17 5 2 2 2 3 1 1 0
1171 280 15 15 8 2 1 1 0 1 0 0 0 1530 339 21 31 17 5 3 2 2 3 1 1 0
1203 289 15 15 8 2 1 1 0 1 0 0 0 1540 348 21 32 17 5 3 2 2 3 1 1 0
1235 305 15 15 8 2 1 1 0 1 0 0 0 1634 370 21 33 17 5 3 3 2 4 1 1 0
1243 317 15 16 8 2 2 1 0 1 0 0 0 1644 385 21 33 17 5 3 3 2 4 1 1 0
1312 324 15 16 8 3 2 1 0 1 0 0 0 1650 399 21 34 17 5 3 3 2 4 1 1 0
1323 334 15 16 8 3 2 1 0 1 0 0 0 1678 406 21 34 17 6 3 3 2 4 1 1 0
1341 348 15 17 8 3 2 1 0 1 0 0 0 1689 413 21 34 17 6 3 3 2 4 1 1 0
1367 358 15 17 8 3 2 1 0 2 0 0 0 1692 421 21 34 17 6 3 3 2 4 1 1 0
1400 374 15 17 9 3 2 1 0 2 0 0 0 1726 440 21 34 18 6 3 3 2 4 1 1 0
1430 386 15 18 9 3 2 1 0 2 0 0 0 1848 453 21 34 18 6 4 3 2 4 1 1 0
1436 390 15 18 9 3 2 1 0 2 0 0 0 1886 463 21 35 18 6 4 3 2 4 1 1 0
1454 403 15 19 9 4 2 1 0 2 0 0 0 2057 474 21 35 20 6 4 3 2 4 1 1 0
1470 416 15 19 9 4 2 1 0 2 0 0 0 2107 496 21 35 20 6 4 3 2 4 1 1 0
1529 424 15 19 9 4 2 1 0 2 0 0 0 2187 527 21 36 21 6 4 3 2 4 1 1 0
1547 447 15 20 9 4 2 1 0 2 0 0 0 2191 533 21 36 21 6 4 3 2 4 1 1 0
1591 456 15 21 9 4 2 1 0 2 0 0 0 2237 543 21 37 21 6 4 3 2 4 1 1 0
1609 464 15 21 9 4 2 1 0 2 0 0 0 2256 549 21 38 21 6 4 3 2 5 1 1 0
1640 475 15 21 9 4 2 1 0 2 0 0 0 2288 564 21 38 21 7 4 3 2 5 1 1 0
1652 483 15 21 9 4 2 1 0 2 0 0 0 2339 574 21 43 21 7 4 3 2 5 1 1 0
1676 499 15 21 9 4 2 1 0 2 0 0 0 2474 605 21 43 24 7 4 3 2 5 1 1 0
1697 513 15 22 9 4 2 1 1 2 0 0 0 2536 632 21 43 24 7 4 3 2 5 1 1 0
