# scores for worst/random/best/smart move selector strategies. 
# scores are 50% and 95% quantiles (based on 40 games) of: 
# game score, #destroyed, #unlocked, #stripes, #bombs, #zappers
0 0 0 0 0 0 0 0 0 0 0 0 0 7 7 0 0 0 0 0 0 0 0 0 0 0
6 6 0 0 0 0 0 0 0 0 0 0 0 15 15 0 0 0 0 0 0 0 0 0 0 0
9 9 0 0 0 0 0 0 0 0 0 0 0 31 21 0 0 0 0 0 0 0 0 0 0 0
13 13 0 0 0 0 0 0 0 0 0 0 0 36 28 0 0 0 0 0 0 0 0 0 0 0
18 18 0 0 0 0 0 0 0 0 0 0 0 44 32 0 1 0 0 0 0 0 0 0 0 0
22 22 0 0 0 0 0 0 0 0 0 0 0 51 38 0 1 0 0 0 0 0 0 0 0 0
27 27 0 0 0 0 0 0 0 0 0 0 0 55 46 0 1 0 0 0 0 0 0 0 0 0
33 33 0 0 0 0 0 0 0 0 0 0 0 61 51 0 1 0 0 0 0 0 0 0 0 0
37 36 0 0 0 0 0 0 0 0 0 0 0 74 56 0 1 0 0 0 0 0 0 0 0 0
44 43 0 0 0 0 0 0 0 0 0 0 0 83 61 0 1 0 0 0 0 0 0 0 0 0
50 48 0 0 0 0 0 0 0 0 0 0 0 106 64 1 1 0 0 0 0 0 0 0 0 0
54 53 0 0 0 0 0 0 0 0 0 0 0 118 67 2 2 0 0 0 0 0 0 0 0 0
62 58 0 0 0 0 0 0 0 0 0 0 0 122 76 3 2 0 0 0 0 0 0 0 0 0
72 63 0 0 0 0 0 0 0 0 0 0 0 151 82 3 3 0 0 0 0 0 0 0 0 0
78 68 0 0 0 0 0 0 0 0 0 0 0 154 87 3 3 1 0 0 0 0 0 0 0 0
82 74 0 0 0 0 0 0 0 0 0 0 0 164 90 3 3 1 0 0 0 0 0 0 0 0
87 79 0 0 0 0 0 0 0 0 0 0 0 171 102 3 3 1 0 0 0 0 0 0 0 0
95 86 0 0 0 0 0 0 0 0 0 0 0 185 111 3 3 1 0 0 0 0 0 0 0 0
98 89 0 0 0 0 0 0 0 0 0 0 0 192 114 3 3 1 0 0 0 0 0 0 0 0
108 93 0 0 0 0 0 0 0 0 0 0 0 196 119 3 3 1 0 0 0 0 0 0 0 0
113 99 0 0 0 0 0 0 0 0 0 0 0 203 122 3 3 1 0 0 0 0 0 0 0 0
122 103 0 0 0 0 0 0 0 0 0 0 0 211 128 3 3 1 0 0 0 0 0 0 0 0
139 110 0 1 0 0 0 0 0 0 0 0 0 215 135 3 3 1 0 0 0 0 0 0 0 0
149 113 0 1 0 0 0 0 0 0 0 0 0 237 140 4 3 1 0 0 0 0 0 0 0 0
154 120 0 1 0 0 0 0 0 0 0 0 0 241 143 4 3 1 0 0 0 0 0 0 0 0
158 123 0 1 0 0 0 0 0 0 0 0 0 260 153 4 3 1 0 0 0 0 0 0 0 0
162 129 0 1 0 0 0 0 0 0 0 0 0 265 168 4 3 1 0 0 0 0 0 0 0 0
172 139 0 1 0 0 0 0 0 0 0 0 0 281 177 6 4 1 0 1 0 0 0 0 0 0
181 144 0 1 0 0 0 0 0 0 0 0 0 292 185 6 4 1 0 1 0 0 0 0 0 0
191 151 2 2 0 0 0 0 0 0 0 0 0 306 188 6 4 1 0 1 0 0 0 0 0 0
199 154 2 2 0 0 0 0 0 0 0 0 0 311 197 6 4 1 0 1 0 0 0 0 0 0
202 159 2 2 0 0 0 0 0 0 0 0 0 341 201 6 4 1 0 1 0 0 0 0 0 0
217 170 2 2 0 0 0 0 0 0 0 0 0 359 204 7 4 1 0 1 0 0 0 0 0 0
226 175 2 2 0 0 0 0 0 0 0 0 0 362 210 8 5 2 0 1 0 0 0 0 0 0
240 181 2 2 0 0 0 0 0 0 0 0 0 365 222 8 5 2 1 1 0 0 1 0 0 0
246 184 2 2 0 0 0 0 0 0 0 0 0 368 232 8 5 2 1 1 0 0 1 0 0 0
262 189 2 2 0 0 0 0 0 0 0 0 0 378 247 8 5 2 1 1 0 0 1 0 0 0
270 194 2 2 0 0 0 0 0 0 0 0 0 385 253 8 5 2 1 1 0 0 1 0 0 0
276 199 2 2 0 0 0 0 0 0 0 0 0 404 258 8 5 2 1 1 0 0 1 0 0 0
280 203 2 2 0 0 0 0 0 0 0 0 0 407 262 8 5 2 1 1 0 0 1 0 0 0
283 207 2 2 0 0 0 0 0 0 0 0 0 411 267 8 5 2 1 1 0 0 1 0 0 0
