# scores for worst/random/best/smart move selector strategies. 
# scores are 50% and 95% quantiles (based on 40 games) of: 
# game score, #destroyed, #unlocked, #stripes, #bombs, #zappers
0 0 0 0 0 0 0 0 0 0 0 0 0 7 7 0 0 0 0 0 0 0 0 0 0 0
5 5 0 0 0 0 0 0 0 0 0 0 0 16 15 0 0 0 0 0 0 0 0 0 0 0
9 9 0 0 0 0 0 0 0 0 0 0 0 31 20 0 0 0 0 0 0 0 0 0 0 0
13 13 0 0 0 0 0 0 0 0 0 0 0 46 29 0 1 0 0 0 0 0 0 0 0 0
18 18 0 0 0 0 0 0 0 0 0 0 0 72 46 0 1 0 0 0 0 0 0 0 0 0
25 23 0 0 0 0 0 0 0 0 0 0 0 96 54 2 1 0 0 0 0 0 0 0 0 0
36 31 0 0 0 0 0 0 0 0 0 0 0 118 60 8 2 0 0 0 0 0 0 0 0 0
45 38 0 0 0 0 0 0 0 0 0 0 0 124 68 8 2 1 0 0 0 0 0 0 0 0
55 45 0 1 0 0 0 0 0 0 0 0 0 143 74 11 2 1 0 0 1 0 0 0 0 0
72 54 0 1 0 0 0 0 0 0 0 0 0 173 83 11 3 1 0 0 1 0 0 0 0 0
99 61 0 1 0 0 0 0 0 0 0 0 0 238 92 11 3 1 1 0 1 0 0 0 0 0
116 68 0 1 0 0 0 0 0 0 0 0 0 289 118 12 4 1 1 1 1 0 1 0 0 0
125 74 1 1 0 0 0 0 0 0 0 0 0 298 125 12 4 1 1 1 1 0 1 0 0 0
157 81 1 2 0 0 0 0 0 0 0 0 0 337 141 12 5 2 1 1 1 0 1 0 0 0
171 90 2 2 0 0 0 0 0 0 0 0 0 353 150 12 5 2 1 1 1 0 1 0 0 0
178 97 3 2 0 0 0 0 0 0 0 0 0 359 157 15 5 2 1 1 1 0 1 0 0 0
196 108 3 2 0 0 0 0 0 0 0 0 0 380 166 17 5 2 1 1 1 0 1 0 0 0
227 118 3 3 0 0 0 0 0 0 0 0 0 397 173 17 6 3 1 1 1 0 1 0 0 0
249 131 3 3 0 0 0 0 0 0 0 0 0 446 182 17 7 3 1 1 1 0 1 0 0 0
265 139 3 3 0 0 0 0 0 0 0 0 0 451 190 17 7 3 1 1 1 0 1 0 0 0
281 149 4 3 1 0 0 0 0 0 0 0 0 506 198 17 8 3 1 1 1 0 1 0 0 0
292 153 4 4 1 0 0 0 0 0 0 0 0 553 212 19 8 3 1 1 1 0 1 0 0 0
348 166 4 4 1 0 0 0 0 0 0 0 0 559 222 19 9 3 2 2 1 0 2 0 0 0
357 175 5 4 1 1 0 0 0 0 0 0 0 602 238 19 9 3 2 2 1 0 2 0 0 0
378 191 5 4 1 1 0 0 0 0 0 0 0 658 257 19 10 4 2 2 1 0 2 0 0 0
383 200 5 4 1 1 0 0 0 0 0 0 0 666 263 19 11 4 2 2 1 0 2 0 0 0
419 211 6 5 1 1 0 0 0 1 0 0 0 696 274 19 11 4 2 2 1 0 2 0 0 0
435 220 7 5 1 1 0 0 0 1 0 0 0 709 286 19 11 4 2 2 1 0 2 0 0 0
472 237 7 6 1 1 0 0 0 1 0 0 0 715 297 19 12 4 3 2 1 0 2 0 0 0
495 245 7 6 1 1 1 0 0 1 0 0 0 753 301 19 12 5 3 2 1 0 2 0 0 0
522 253 8 6 1 1 1 0 0 1 0 0 0 822 310 19 13 5 3 2 1 0 2 0 0 0
540 266 8 7 1 1 1 0 0 1 0 0 0 828 323 19 13 5 3 2 1 0 3 0 0 0
567 276 9 7 1 1 1 0 0 1 0 0 0 835 341 19 13 5 3 2 1 0 3 0 0 0
588 287 9 8 1 1 1 0 0 1 0 0 0 873 348 19 14 5 3 2 1 0 3 0 0 0
610 297 9 8 1 1 1 0 0 1 0 0 0 901 357 19 14 5 3 2 2 0 3 0 0 0
646 310 9 9 2 1 1 0 0 1 0 0 0 973 367 19 17 5 3 2 2 0 3 1 0 0
681 317 9 9 2 1 1 0 0 1 0 0 0 989 372 19 17 5 3 2 2 0 3 1 0 0
707 328 9 9 2 1 1 0 0 1 0 0 0 995 381 19 18 5 3 2 2 0 3 1 0 0
725 334 9 9 2 1 1 0 0 1 0 0 0 1062 409 19 20 5 3 2 2 0 3 1 0 0
733 339 9 10 2 1 1 0 0 1 0 0 0 1069 415 19 20 5 3 3 2 0 3 1 0 0
761 353 9 10 2 2 1 0 0 2 0 0 0 1076 422 19 20 5 3 3 2 0 3 1 0 0
