# scores for worst/random/best/smart move selector strategies. 
# scores are 50% and 95% quantiles (based on 40 games) of: 
# game score, #destroyed, #unlocked, #stripes, #bombs, #zappers
0 0 0 0 0 0 0 0 0 0 0 0 0 7 7 0 0 0 0 0 0 0 0 0 0 0
6 6 0 0 0 0 0 0 0 0 0 0 0 14 14 0 0 0 0 0 0 0 0 0 0 0
9 9 0 0 0 0 0 0 0 0 0 0 0 21 19 0 0 0 0 0 0 0 0 0 0 0
12 12 0 0 0 0 0 0 0 0 0 0 0 30 27 0 0 0 0 0 0 0 0 0 0 0
15 15 0 0 0 0 0 0 0 0 0 0 0 38 31 0 0 0 0 0 0 0 0 0 0 0
21 21 0 0 0 0 0 0 0 0 0 0 0 47 43 0 0 0 0 0 0 0 0 0 0 0
27 27 0 0 0 0 0 0 0 0 0 0 0 56 46 0 0 0 0 0 0 0 0 0 0 0
33 33 0 0 0 0 0 0 0 0 0 0 0 62 49 0 0 0 0 0 0 0 0 0 0 0
38 38 0 0 0 0 0 0 0 0 0 0 0 80 57 0 1 0 0 0 0 0 0 0 0 0
41 41 0 0 0 0 0 0 0 0 0 0 0 87 63 0 1 0 0 0 0 0 0 0 0 0
45 45 0 0 0 0 0 0 0 0 0 0 0 96 69 0 1 1 0 0 0 0 0 0 0 0
51 51 0 0 0 0 0 0 0 0 0 0 0 115 74 0 1 1 0 0 0 0 0 0 0 0
55 54 0 0 0 0 0 0 0 0 0 0 0 125 84 0 1 1 0 0 0 0 0 0 0 0
62 59 0 0 0 0 0 0 0 0 0 0 0 144 89 0 1 1 0 0 0 0 0 0 0 0
69 66 0 0 0 0 0 0 0 0 0 0 0 148 94 1 1 1 0 0 0 0 0 0 0 0
74 71 0 0 0 0 0 0 0 0 0 0 0 157 103 1 1 1 0 0 0 0 0 0 0 0
85 75 0 0 0 0 0 0 0 0 0 0 0 161 112 1 1 1 0 0 0 0 0 0 0 0
91 82 0 0 0 0 0 0 0 0 0 0 0 170 116 1 1 1 0 0 0 0 0 0 0 0
94 88 0 0 0 0 0 0 0 0 0 0 0 173 119 1 1 1 0 0 0 0 0 0 0 0
97 91 0 0 0 0 0 0 0 0 0 0 0 176 122 2 1 1 0 0 0 0 0 0 0 0
100 97 0 0 0 0 0 0 0 0 0 0 0 185 128 3 1 1 0 0 0 0 0 0 0 0
103 100 0 0 0 0 0 0 0 0 0 0 0 189 133 3 1 1 0 0 0 0 0 0 0 0
110 106 0 0 0 0 0 0 0 0 0 0 0 213 138 3 2 1 0 0 0 0 0 0 0 0
123 113 0 0 0 0 0 0 0 0 0 0 0 216 141 3 2 1 0 0 0 0 0 0 0 0
129 118 0 0 0 0 0 0 0 0 0 0 0 219 144 3 2 1 0 0 0 0 0 0 0 0
133 122 0 0 0 0 0 0 0 0 0 0 0 223 150 3 2 1 0 0 0 0 0 0 0 0
138 128 0 0 0 0 0 0 0 0 0 0 0 236 154 4 3 1 0 0 0 0 0 0 0 0
147 131 0 0 0 0 0 0 0 0 0 0 0 239 163 4 3 1 0 0 0 0 0 0 0 0
156 136 0 0 0 0 0 0 0 0 0 0 0 245 169 4 3 1 0 0 0 0 0 0 0 0
174 141 0 0 0 0 0 0 0 0 0 0 0 250 174 4 3 1 0 0 0 0 0 0 0 0
179 147 0 0 0 0 0 0 0 0 0 0 0 264 179 4 3 1 0 0 0 0 0 0 0 0
184 153 0 0 0 0 0 0 0 0 0 0 0 267 188 4 3 1 0 0 0 0 0 0 0 0
191 157 0 0 0 0 0 0 0 0 0 0 0 270 195 4 3 1 0 0 0 0 0 0 0 0
194 165 0 0 0 0 0 0 0 0 0 0 0 273 198 4 3 1 0 0 0 0 0 0 0 0
203 170 0 0 0 0 0 0 0 0 0 0 0 280 202 4 3 1 0 0 0 0 0 0 0 0
208 173 0 1 0 0 0 0 0 0 0 0 0 284 205 4 3 1 0 0 0 0 0 0 0 0
213 176 0 1 0 0 0 0 0 0 0 0 0 293 208 4 3 1 0 0 0 0 0 0 0 0
217 180 0 1 0 0 0 0 0 0 0 0 0 303 215 4 3 1 0 0 0 0 0 0 0 0
226 187 0 1 0 0 0 0 0 0 0 0 0 306 218 4 3 1 0 0 0 0 0 0 0 0
231 192 0 1 0 0 0 0 0 0 0 0 0 312 221 4 3 1 0 0 0 0 0 0 0 0
235 196 0 1 0 0 0 0 0 0 0 0 0 315 227 4 3 1 0 0 0 0 0 0 0 0
