# scores for worst/random/best/smart move selector strategies. 
# scores are 50% and 95% quantiles (based on 40 games) of: 
# game score, #destroyed, #unlocked, #stripes, #bombs, #zappers
0 0 0 0 0 0 0 0 0 0 0 0 0 9 9 0 0 0 0 0 0 0 0 0 0 0
6 6 0 0 0 0 0 0 0 0 0 0 0 23 18 0 0 0 0 0 0 0 0 0 0 0
10 10 0 0 0 0 0 0 0 0 0 0 0 36 23 0 0 0 0 0 0 0 0 0 0 0
15 15 0 0 0 0 0 0 0 0 0 0 0 46 32 0 1 0 0 0 0 0 0 0 0 0
19 19 0 0 0 0 0 0 0 0 0 0 0 61 39 1 1 0 0 0 0 0 0 0 0 0
22 22 0 0 0 0 0 0 0 0 0 0 0 75 43 1 1 0 0 0 0 0 0 0 0 0
27 27 0 0 0 0 0 0 0 0 0 0 0 82 46 1 1 0 0 0 0 0 0 0 0 0
31 31 0 0 0 0 0 0 0 0 0 0 0 87 53 1 1 0 0 0 0 0 0 0 0 0
36 36 0 0 0 0 0 0 0 0 0 0 0 99 58 2 1 0 0 0 0 0 0 0 0 0
43 43 0 0 0 0 0 0 0 0 0 0 0 108 63 2 2 0 0 0 0 0 0 0 0 0
51 49 0 0 0 0 0 0 0 0 0 0 0 115 69 2 2 0 0 0 0 0 0 0 0 0
75 53 0 0 0 0 0 0 0 0 0 0 0 122 78 2 2 0 0 0 0 0 0 0 0 0
86 58 0 1 0 0 0 0 0 0 0 0 0 146 91 4 2 1 0 0 0 0 0 0 0 0
89 64 0 1 0 0 0 0 0 0 0 0 0 177 99 4 2 1 0 1 0 0 0 0 0 0
97 69 1 1 0 0 0 0 0 0 0 0 0 193 107 6 2 1 0 1 0 0 0 0 0 0
105 73 1 1 0 0 0 0 0 0 0 0 0 214 116 7 3 1 1 1 0 0 0 0 0 0
113 79 1 1 0 0 0 0 0 0 0 0 0 217 119 7 3 1 1 1 0 0 0 0 0 0
126 84 1 1 0 0 0 0 0 0 0 0 0 228 124 7 3 1 1 1 0 0 0 0 0 0
131 88 1 1 0 0 0 0 0 0 0 0 0 232 129 7 3 1 1 1 0 0 0 0 0 0
137 94 1 1 0 0 0 0 0 0 0 0 0 257 138 7 3 1 1 1 0 0 0 0 0 0
145 98 1 1 0 0 0 0 0 0 0 0 0 306 143 8 4 1 1 1 0 0 1 0 0 0
156 108 1 2 0 0 0 0 0 0 0 0 0 309 152 8 4 1 1 1 0 0 1 0 0 0
164 111 2 2 0 0 0 0 0 0 0 0 0 336 162 8 6 1 1 1 0 0 1 0 0 0
173 120 2 2 0 0 0 0 0 0 0 0 0 345 171 8 6 1 1 1 0 0 1 0 0 0
184 126 2 2 0 0 0 0 0 0 0 0 0 350 176 8 6 2 1 1 1 0 1 0 0 0
190 130 2 2 0 0 0 0 0 0 0 0 0 353 179 8 6 2 1 1 1 0 1 0 0 0
194 136 2 2 0 0 0 0 0 0 0 0 0 376 190 8 6 2 1 1 1 0 1 0 0 0
213 139 2 2 0 0 0 0 0 0 0 0 0 421 197 8 7 2 1 1 1 0 1 0 0 0
223 146 2 2 0 0 0 0 0 0 0 0 0 473 201 8 10 2 1 1 1 0 1 1 0 0
226 149 2 2 0 0 0 0 0 0 0 0 0 476 205 8 10 2 1 1 1 0 1 1 0 0
235 156 2 2 0 0 0 0 0 0 0 0 0 479 210 8 10 2 1 1 1 0 1 1 0 0
247 162 3 2 0 0 0 0 0 0 0 0 0 497 223 8 10 2 1 1 1 0 1 1 0 0
266 167 3 3 0 0 0 0 0 0 0 0 0 526 228 8 10 2 1 1 1 0 1 1 0 0
292 176 3 3 0 0 0 0 0 0 0 0 0 535 231 9 11 2 1 1 1 0 1 1 0 0
300 183 3 3 0 0 0 0 0 0 0 0 0 538 234 9 11 2 1 1 1 0 1 1 0 0
310 189 4 4 0 0 0 0 0 0 0 0 0 545 243 11 11 2 1 1 1 0 1 1 0 0
315 193 4 4 0 0 0 0 0 0 0 0 0 591 253 11 12 2 1 1 1 0 1 1 0 0
318 199 4 4 0 0 0 0 0 0 0 0 0 595 256 11 12 2 1 2 1 0 1 1 0 0
323 204 4 4 0 0 0 0 0 0 0 0 0 601 259 11 12 2 1 2 1 0 1 1 0 0
329 207 4 4 0 0 0 0 0 0 0 0 0 615 267 11 12 2 1 2 1 0 1 1 0 0
340 213 4 4 0 0 0 0 0 0 0 0 0 619 272 11 12 2 1 2 1 0 1 1 0 0
