# scores for worst/random/best/smart move selector strategies. 
# scores are 50% and 95% quantiles (based on 40 games) of: 
# game score, #destroyed, #unlocked, #stripes, #bombs, #zappers
0 0 0 0 0 0 0 0 0 0 0 0 0 9 9 0 0 0 0 0 0 0 0 0 0 0
6 6 0 0 0 0 0 0 0 0 0 0 0 20 17 0 0 0 0 0 0 0 0 0 0 0
9 9 0 0 0 0 0 0 0 0 0 0 0 24 22 0 0 0 0 0 0 0 0 0 0 0
15 15 0 0 0 0 0 0 0 0 0 0 0 37 25 0 0 0 0 0 0 0 0 0 0 0
18 18 0 0 0 0 0 0 0 0 0 0 0 57 33 1 1 0 0 0 0 0 0 0 0 0
24 24 0 0 0 0 0 0 0 0 0 0 0 61 39 1 1 0 0 0 0 0 0 0 0 0
27 27 0 0 0 0 0 0 0 0 0 0 0 74 45 1 1 0 0 0 0 0 0 0 0 0
33 33 0 0 0 0 0 0 0 0 0 0 0 79 49 1 1 0 0 0 0 0 0 0 0 0
38 37 0 0 0 0 0 0 0 0 0 0 0 83 53 2 1 0 0 0 0 0 0 0 0 0
42 42 0 0 0 0 0 0 0 0 0 0 0 88 56 2 1 0 0 0 0 0 0 0 0 0
47 45 0 0 0 0 0 0 0 0 0 0 0 92 61 2 1 0 0 0 0 0 0 0 0 0
52 48 0 0 0 0 0 0 0 0 0 0 0 95 67 2 1 0 0 0 0 0 0 0 0 0
59 53 0 0 0 0 0 0 0 0 0 0 0 109 72 2 1 0 0 0 0 0 0 0 0 0
65 58 0 0 0 0 0 0 0 0 0 0 0 112 80 2 1 0 0 0 0 0 0 0 0 0
72 61 0 0 0 0 0 0 0 0 0 0 0 121 84 2 1 0 0 0 0 0 0 0 0 0
75 66 0 0 0 0 0 0 0 0 0 0 0 127 91 2 2 0 0 0 0 0 0 0 0 0
80 69 0 0 0 0 0 0 0 0 0 0 0 149 99 4 2 0 0 0 0 0 0 0 0 0
90 73 0 0 0 0 0 0 0 0 0 0 0 157 103 4 2 1 0 0 0 0 0 0 0 0
96 77 0 0 0 0 0 0 0 0 0 0 0 162 107 4 2 1 0 0 0 0 0 0 0 0
100 83 0 0 0 0 0 0 0 0 0 0 0 165 112 4 2 1 0 0 0 0 0 0 0 0
106 89 0 0 0 0 0 0 0 0 0 0 0 175 126 4 2 1 0 0 0 0 0 0 0 0
113 93 0 0 0 0 0 0 0 0 0 0 0 197 129 4 2 1 0 0 0 0 0 0 0 0
116 99 0 0 0 0 0 0 0 0 0 0 0 200 135 4 2 1 0 0 0 0 0 0 0 0
132 102 0 1 0 0 0 0 0 0 0 0 0 214 144 4 3 1 0 0 0 0 0 0 0 0
135 108 0 1 0 0 0 0 0 0 0 0 0 223 152 4 3 1 1 0 0 0 1 0 0 0
141 111 0 1 0 0 0 0 0 0 0 0 0 234 156 4 3 1 1 0 0 0 1 0 0 0
148 115 0 1 0 0 0 0 0 0 0 0 0 237 160 4 3 1 1 0 0 0 1 0 0 0
154 121 0 1 0 0 0 0 0 0 0 0 0 245 166 4 3 1 1 0 0 0 1 0 0 0
164 124 0 1 0 0 0 0 0 0 0 0 0 248 173 4 3 1 1 0 0 0 1 0 0 0
167 130 0 1 0 0 0 0 0 0 0 0 0 253 177 4 3 1 1 0 0 0 1 0 0 0
174 134 0 1 0 0 0 0 0 0 0 0 0 263 186 4 3 1 1 0 0 0 1 0 0 0
179 138 1 1 0 0 0 0 0 0 0 0 0 278 189 4 3 1 1 0 0 0 1 0 0 0
186 143 1 1 0 0 0 0 0 0 0 0 0 283 192 4 3 1 1 0 0 0 1 0 0 0
190 148 1 1 0 0 0 0 0 0 0 0 0 287 196 4 3 1 1 0 0 0 1 0 0 0
196 153 1 1 0 0 0 0 0 0 0 0 0 296 199 6 4 1 1 0 0 0 1 0 0 0
199 158 1 1 0 0 0 0 0 0 0 0 0 301 209 6 4 1 1 0 0 0 1 0 0 0
213 162 1 1 0 0 0 0 0 0 0 0 0 308 216 6 4 1 1 0 0 0 1 0 0 0
226 165 1 1 0 0 0 0 0 0 0 0 0 327 223 6 4 1 1 0 0 0 1 0 0 0
233 172 1 1 0 0 0 0 0 0 0 0 0 330 228 6 4 1 1 0 0 0 1 0 0 0
239 177 1 1 0 0 0 0 0 0 0 0 0 335 233 6 4 1 1 0 0 0 1 0 0 0
242 181 1 1 0 0 0 0 0 0 0 0 0 360 236 6 4 1 1 0 0 0 1 0 0 0
