# scores for worst/random/best/smart move selector strategies. 
# scores are 50% and 95% quantiles (based on 40 games) of: 
# game score, #destroyed, #unlocked, #stripes, #bombs, #zappers
0 0 0 0 0 0 0 0 0 0 0 0 0 9 9 0 0 0 0 0 0 0 0 0 0 0
6 6 0 0 0 0 0 0 0 0 0 0 0 23 18 0 0 0 0 0 0 0 0 0 0 0
10 10 0 0 0 0 0 0 0 0 0 0 0 43 24 1 1 0 0 0 0 0 0 0 0 0
15 15 0 0 0 0 0 0 0 0 0 0 0 48 28 1 1 0 0 0 0 0 0 0 0 0
19 19 0 0 0 0 0 0 0 0 0 0 0 55 33 2 1 0 0 0 0 0 0 0 0 0
25 24 0 0 0 0 0 0 0 0 0 0 0 82 41 2 1 0 0 0 0 0 0 0 0 0
30 29 0 0 0 0 0 0 0 0 0 0 0 108 48 5 2 0 0 1 0 0 0 0 0 0
37 36 0 0 0 0 0 0 0 0 0 0 0 125 56 5 2 0 0 1 0 0 0 0 0 0
54 42 0 0 0 0 0 0 0 0 0 0 0 128 64 5 2 0 0 1 0 0 0 0 0 0
63 46 0 0 0 0 0 0 0 0 0 0 0 133 70 5 2 0 0 1 0 0 0 0 0 0
77 52 1 1 0 0 0 0 0 0 0 0 0 137 77 5 3 0 0 1 0 0 0 0 0 0
85 56 1 1 0 0 0 0 0 0 0 0 0 205 89 8 3 1 0 1 0 0 0 0 0 0
100 63 1 1 0 0 0 0 0 0 0 0 0 210 98 8 3 1 0 1 0 0 0 0 0 0
112 72 1 1 0 0 0 0 0 0 0 0 0 215 103 8 3 1 0 1 0 0 0 0 0 0
122 76 2 1 0 0 0 0 0 0 0 0 0 254 109 8 3 1 0 1 1 0 0 0 0 0
129 83 2 1 0 0 0 0 0 0 0 0 0 257 112 8 3 1 0 1 1 0 0 0 0 0
137 88 2 2 0 0 0 0 0 0 0 0 0 270 122 8 3 1 1 1 1 0 0 0 0 0
144 92 2 2 0 0 0 0 0 0 0 0 0 332 132 9 5 1 1 1 1 0 1 0 0 0
158 99 2 2 0 0 0 0 0 0 0 0 0 339 137 9 5 1 1 1 1 0 1 0 0 0
180 108 2 2 0 0 0 0 0 0 0 0 0 346 140 9 5 2 1 1 1 0 1 0 0 0
193 115 3 3 0 0 0 0 0 0 0 0 0 447 157 9 5 2 1 1 1 0 1 0 0 0
200 118 3 3 0 0 0 0 0 0 0 0 0 457 165 9 6 2 1 1 1 0 1 0 0 0
216 126 3 3 0 0 0 0 0 0 0 0 0 472 168 9 6 2 1 1 1 0 1 0 0 0
228 133 3 3 0 0 0 0 0 0 0 0 0 482 179 9 6 2 1 2 1 0 1 0 0 0
234 137 3 4 0 0 0 0 0 0 0 0 0 487 186 12 6 2 1 2 1 0 1 0 0 0
263 149 4 4 0 0 0 0 0 0 0 0 0 536 190 12 7 2 1 2 1 0 1 0 0 0
283 155 4 4 0 0 0 0 0 0 0 0 0 541 196 12 7 2 1 2 1 0 1 0 0 0
291 162 4 4 0 0 0 0 0 0 0 0 0 600 220 12 10 3 1 2 1 0 1 0 0 0
296 172 4 4 0 0 0 0 0 0 0 0 0 646 224 12 11 3 1 2 1 0 1 0 0 0
300 175 4 4 0 0 0 0 0 0 0 0 0 652 229 12 11 3 1 2 1 0 1 0 0 0
303 178 4 5 0 0 0 0 0 0 0 0 0 657 239 12 11 3 1 2 1 0 1 0 0 0
336 190 5 5 1 0 0 0 0 0 0 0 0 691 248 12 11 3 1 2 1 0 1 0 0 0
357 198 5 5 1 0 0 0 0 0 0 0 0 695 255 12 11 3 1 2 1 0 1 0 0 0
370 204 5 5 1 0 0 0 0 0 0 0 0 744 263 12 11 3 2 2 1 0 1 0 0 0
375 209 5 5 1 0 0 0 0 0 0 0 0 748 275 15 11 3 2 2 1 0 2 0 0 0
380 215 5 6 1 0 1 0 0 0 0 0 0 755 281 15 13 3 2 2 1 0 2 0 0 0
438 223 5 6 1 0 1 0 0 0 0 0 0 772 290 15 13 3 2 2 1 0 2 0 0 0
450 230 5 6 1 0 1 0 0 0 0 0 0 775 295 15 13 3 2 2 1 0 2 0 0 0
458 237 6 7 1 0 1 0 0 0 0 0 0 781 301 15 13 3 2 2 1 0 2 0 0 0
473 244 6 7 1 0 1 0 0 0 0 0 0 801 310 15 13 3 3 2 1 0 3 0 0 0
492 251 6 7 1 0 1 0 0 0 0 0 0 808 317 15 13 3 3 3 1 0 3 0 0 0
