# scores for worst/random/best/smart move selector strategies. 
# scores are 50% and 95% quantiles (based on 40 games) of: 
# game score, #destroyed, #unlocked, #stripes, #bombs, #zappers
0 0 0 0 0 0 0 0 0 0 0 0 0 9 9 0 0 0 0 0 0 0 0 0 0 0
3 3 0 0 0 0 0 0 0 0 0 0 0 18 15 0 0 0 0 0 0 0 0 0 0 0
9 9 0 0 0 0 0 0 0 0 0 0 0 22 19 0 0 0 0 0 0 0 0 0 0 0
12 12 0 0 0 0 0 0 0 0 0 0 0 31 25 0 0 0 0 0 0 0 0 0 0 0
16 16 0 0 0 0 0 0 0 0 0 0 0 40 28 0 0 0 0 0 0 0 0 0 0 0
21 21 0 0 0 0 0 0 0 0 0 0 0 43 33 0 0 0 0 0 0 0 0 0 0 0
24 24 0 0 0 0 0 0 0 0 0 0 0 61 38 0 0 0 0 0 0 0 0 0 0 0
28 28 0 0 0 0 0 0 0 0 0 0 0 64 41 0 0 0 0 0 0 0 0 0 0 0
36 36 0 0 0 0 0 0 0 0 0 0 0 70 45 0 0 0 0 0 0 0 0 0 0 0
39 39 0 0 0 0 0 0 0 0 0 0 0 73 52 0 0 0 0 0 0 0 0 0 0 0
42 42 0 0 0 0 0 0 0 0 0 0 0 94 60 1 1 0 0 0 0 0 0 0 0 0
48 48 0 0 0 0 0 0 0 0 0 0 0 98 67 1 1 0 0 0 0 0 0 0 0 0
51 51 0 0 0 0 0 0 0 0 0 0 0 103 70 1 1 1 0 0 0 0 0 0 0 0
57 57 0 0 0 0 0 0 0 0 0 0 0 106 73 1 1 1 0 0 0 0 0 0 0 0
60 60 0 0 0 0 0 0 0 0 0 0 0 127 86 1 1 1 0 0 0 0 0 0 0 0
64 63 0 0 0 0 0 0 0 0 0 0 0 130 89 1 1 1 0 0 0 0 0 0 0 0
69 67 0 0 0 0 0 0 0 0 0 0 0 133 99 1 1 1 0 0 0 0 0 0 0 0
72 71 0 0 0 0 0 0 0 0 0 0 0 136 102 1 1 1 0 0 0 0 0 0 0 0
75 75 0 0 0 0 0 0 0 0 0 0 0 139 105 1 1 1 0 0 0 0 0 0 0 0
81 80 0 0 0 0 0 0 0 0 0 0 0 151 108 2 1 1 0 0 0 0 0 0 0 0
84 84 0 0 0 0 0 0 0 0 0 0 0 156 112 2 1 1 0 0 0 0 0 0 0 0
88 88 0 0 0 0 0 0 0 0 0 0 0 159 115 2 1 1 0 0 0 0 0 0 0 0
95 93 0 0 0 0 0 0 0 0 0 0 0 163 122 2 1 1 0 0 0 0 0 0 0 0
100 99 0 0 0 0 0 0 0 0 0 0 0 168 126 2 1 1 0 0 0 0 0 0 0 0
104 103 0 0 0 0 0 0 0 0 0 0 0 172 132 2 1 1 0 0 0 0 0 0 0 0
110 107 0 0 0 0 0 0 0 0 0 0 0 175 137 2 1 1 0 0 0 0 0 0 0 0
114 112 0 0 0 0 0 0 0 0 0 0 0 178 140 2 1 1 0 0 0 0 0 0 0 0
117 116 0 0 0 0 0 0 0 0 0 0 0 186 144 2 1 1 0 0 0 0 0 0 0 0
123 119 0 0 0 0 0 0 0 0 0 0 0 189 147 2 1 1 0 0 0 0 0 0 0 0
130 124 0 0 0 0 0 0 0 0 0 0 0 192 153 2 2 1 0 0 0 0 0 0 0 0
137 128 0 0 0 0 0 0 0 0 0 0 0 195 158 2 2 1 0 0 0 0 0 0 0 0
144 135 0 0 0 0 0 0 0 0 0 0 0 225 163 2 2 1 0 0 0 0 0 0 0 0
147 138 0 0 0 0 0 0 0 0 0 0 0 233 170 2 2 1 0 0 0 0 0 0 0 0
150 141 0 0 0 0 0 0 0 0 0 0 0 248 175 2 2 1 0 0 0 0 0 0 0 0
154 144 0 0 0 0 0 0 0 0 0 0 0 252 180 2 2 1 0 0 0 0 0 0 0 0
157 147 0 0 0 0 0 0 0 0 0 0 0 257 185 2 2 1 0 0 0 0 0 0 0 0
162 153 0 0 0 0 0 0 0 0 0 0 0 260 192 2 2 1 0 0 0 0 0 0 0 0
170 159 0 0 0 0 0 0 0 0 0 0 0 263 198 2 2 1 0 0 0 0 0 0 0 0
174 162 0 0 0 0 0 0 0 0 0 0 0 266 202 2 2 1 0 0 0 0 0 0 0 0
182 165 0 0 0 0 0 0 0 0 0 0 0 273 205 2 2 1 0 0 0 0 0 0 0 0
186 169 0 0 0 0 0 0 0 0 0 0 0 276 208 2 2 1 0 0 0 0 0 0 0 0
