# scores for worst/random/best/smart move selector strategies. 
# scores are 50% and 95% quantiles (based on 40 games) of: 
# game score, #destroyed, #unlocked, #stripes, #bombs, #zappers
0 0 0 0 0 0 0 0 0 0 0 0 0 9 9 0 0 0 0 0 0 0 0 0 0 0
5 5 0 0 0 0 0 0 0 0 0 0 0 34 17 0 0 0 0 0 0 0 0 0 0 0
9 9 0 0 0 0 0 0 0 0 0 0 0 52 22 0 1 0 0 0 0 0 0 0 0 0
13 13 0 0 0 0 0 0 0 0 0 0 0 56 26 0 1 0 0 0 0 0 0 0 0 0
16 16 0 0 0 0 0 0 0 0 0 0 0 60 30 0 1 0 0 0 0 0 0 0 0 0
22 22 0 0 0 0 0 0 0 0 0 0 0 85 37 0 1 0 0 0 0 0 0 0 0 0
26 26 0 0 0 0 0 0 0 0 0 0 0 102 42 0 2 0 0 0 0 0 0 0 0 0
30 30 0 0 0 0 0 0 0 0 0 0 0 106 46 1 2 0 0 0 0 0 0 0 0 0
34 34 0 0 0 0 0 0 0 0 0 0 0 109 49 1 2 0 0 0 0 0 0 0 0 0
38 37 0 0 0 0 0 0 0 0 0 0 0 120 60 1 2 0 0 0 0 0 0 0 0 0
52 43 0 0 0 0 0 0 0 0 0 0 0 142 68 1 2 0 1 1 0 0 0 0 0 0
60 47 0 0 0 0 0 0 0 0 0 0 0 178 74 1 3 0 1 1 0 0 0 0 0 0
67 51 0 0 0 0 0 0 0 0 0 0 0 181 77 1 3 0 1 1 0 0 0 0 0 0
79 56 0 0 0 0 0 0 0 0 0 0 0 189 81 1 3 0 1 1 0 0 1 0 0 0
88 62 0 1 0 0 0 0 0 0 0 0 0 204 91 1 3 0 1 1 0 0 1 0 0 0
98 65 0 1 0 0 0 0 0 0 0 0 0 208 98 3 4 0 1 1 0 0 1 0 0 0
105 71 0 1 0 0 0 0 0 0 0 0 0 247 103 3 5 0 1 1 0 0 1 0 0 0
112 75 0 1 0 0 0 0 0 0 0 0 0 250 110 3 5 0 1 1 0 0 1 0 0 0
132 84 0 2 0 0 0 0 0 0 0 0 0 256 115 3 5 0 1 1 0 0 1 0 0 0
148 93 0 2 0 0 0 0 0 0 0 0 0 281 119 3 6 0 1 1 0 0 1 0 0 0
159 97 0 2 0 0 0 0 0 0 0 0 0 284 124 3 6 0 1 1 0 0 1 0 0 0
162 102 0 2 0 0 0 0 0 0 0 0 0 287 131 3 6 0 1 1 0 0 1 0 0 0
166 105 0 2 0 0 0 0 0 0 0 0 0 300 137 3 6 0 1 1 0 0 1 0 0 0
174 109 0 2 0 0 0 0 0 0 0 0 0 315 145 3 6 0 1 1 0 0 1 0 0 0
177 114 0 2 0 0 0 0 0 0 0 0 0 339 148 3 7 0 1 1 0 0 1 0 0 0
181 117 0 2 0 0 0 0 0 0 0 0 0 345 153 3 7 0 1 1 0 0 1 0 0 0
185 125 0 2 0 0 0 0 0 0 0 0 0 348 160 3 7 0 1 1 0 0 1 0 0 0
197 131 0 2 0 0 0 0 0 0 0 0 0 367 165 3 7 0 1 1 0 0 1 0 0 0
217 139 1 3 0 0 0 0 0 0 0 0 0 372 171 3 8 0 1 1 0 0 1 0 0 0
222 143 1 3 0 0 0 0 0 0 0 0 0 375 174 3 8 1 1 1 0 0 1 0 0 0
235 147 1 3 0 0 0 0 0 0 0 0 0 380 183 3 8 1 1 1 0 0 1 0 0 0
251 154 1 4 0 0 0 0 0 0 0 0 0 383 186 3 8 1 1 1 0 0 1 0 0 0
266 159 1 4 0 0 0 0 0 0 0 0 0 386 189 3 8 1 1 1 0 0 1 0 0 0
274 166 1 4 0 0 0 0 0 0 0 0 0 391 192 3 8 1 1 1 0 0 1 0 0 0
277 171 1 4 0 0 0 0 0 0 0 0 0 396 196 3 8 1 1 1 0 0 1 0 0 0
286 174 1 4 0 0 0 0 0 0 0 0 0 399 202 3 8 1 1 1 0 0 1 0 0 0
294 177 1 4 0 0 0 0 0 0 0 0 0 437 209 3 9 1 1 1 0 0 1 0 0 0
309 180 1 4 0 0 0 0 0 0 0 0 0 440 216 3 9 1 1 1 0 0 1 0 0 0
321 193 1 5 0 0 1 0 0 0 0 0 0 447 224 4 9 1 1 1 0 0 1 0 0 0
324 197 1 5 0 0 1 0 0 0 0 0 0 493 234 4 9 1 1 1 0 0 1 0 0 0
335 200 1 5 0 0 1 0 0 0 0 0 0 537 257 4 10 1 1 2 0 0 1 0 0 0
