# scores for worst/random/best/smart move selector strategies. 
# scores are 50% and 95% quantiles (based on 40 games) of: 
# game score, #destroyed, #unlocked, #stripes, #bombs, #zappers
0 0 0 0 0 0 0 0 0 0 0 0 0 9 9 0 0 0 0 0 0 0 0 0 0 0
6 6 0 0 0 0 0 0 0 0 0 0 0 25 18 0 0 0 0 0 0 0 0 0 0 0
9 9 0 0 0 0 0 0 0 0 0 0 0 52 22 0 1 0 0 0 0 0 0 0 0 0
12 12 0 0 0 0 0 0 0 0 0 0 0 55 25 0 1 0 0 0 0 0 0 0 0 0
15 15 0 0 0 0 0 0 0 0 0 0 0 58 28 0 1 0 0 0 0 0 0 0 0 0
20 20 0 0 0 0 0 0 0 0 0 0 0 67 37 0 1 0 0 0 0 0 0 0 0 0
24 24 0 0 0 0 0 0 0 0 0 0 0 70 40 0 1 0 0 0 0 0 0 0 0 0
28 28 0 0 0 0 0 0 0 0 0 0 0 96 48 0 1 0 0 0 0 0 0 0 0 0
32 32 0 0 0 0 0 0 0 0 0 0 0 99 51 0 1 0 0 0 0 0 0 0 0 0
37 37 0 0 0 0 0 0 0 0 0 0 0 110 56 0 1 0 0 0 0 0 0 0 0 0
40 40 0 0 0 0 0 0 0 0 0 0 0 113 60 0 1 0 0 0 0 0 0 0 0 0
45 44 0 0 0 0 0 0 0 0 0 0 0 116 63 0 1 0 0 0 0 0 0 0 0 0
51 48 0 0 0 0 0 0 0 0 0 0 0 119 67 0 1 0 0 0 0 0 0 0 0 0
55 52 0 0 0 0 0 0 0 0 0 0 0 122 70 0 1 0 0 0 0 0 0 0 0 0
59 57 0 0 0 0 0 0 0 0 0 0 0 131 76 0 1 0 0 0 0 0 0 0 0 0
63 60 0 0 0 0 0 0 0 0 0 0 0 149 83 0 1 0 0 0 0 0 0 0 0 0
66 63 0 0 0 0 0 0 0 0 0 0 0 152 88 0 1 0 0 0 0 0 0 0 0 0
74 68 0 0 0 0 0 0 0 0 0 0 0 159 92 0 2 0 1 0 0 0 1 0 0 0
80 72 0 0 0 0 0 0 0 0 0 0 0 164 96 0 2 0 1 0 0 0 1 0 0 0
83 76 0 0 0 0 0 0 0 0 0 0 0 167 99 0 2 0 1 0 0 0 1 0 0 0
86 81 0 0 0 0 0 0 0 0 0 0 0 170 103 0 2 0 1 0 0 0 1 0 0 0
95 85 0 0 0 0 0 0 0 0 0 0 0 188 110 1 2 1 1 0 0 0 1 0 0 0
98 90 0 0 0 0 0 0 0 0 0 0 0 191 117 1 2 1 1 0 0 0 1 0 0 0
106 93 0 0 0 0 0 0 0 0 0 0 0 194 122 1 2 1 1 0 0 0 1 0 0 0
109 99 0 0 0 0 0 0 0 0 0 0 0 207 127 1 2 1 1 0 0 0 1 0 0 0
118 103 0 0 0 0 0 0 0 0 0 0 0 217 139 1 3 1 1 0 0 0 1 0 0 0
124 106 0 0 0 0 0 0 0 0 0 0 0 220 147 1 3 1 1 0 0 0 1 0 0 0
132 110 0 1 0 0 0 0 0 0 0 0 0 240 154 1 3 1 1 0 0 0 1 0 0 0
135 114 0 1 0 0 0 0 0 0 0 0 0 244 159 1 3 1 1 0 0 0 1 0 0 0
142 118 0 1 0 0 0 0 0 0 0 0 0 250 162 1 3 1 1 0 0 0 1 0 0 0
152 124 0 1 0 0 0 0 0 0 0 0 0 255 166 1 3 1 1 0 0 0 1 0 0 0
158 129 0 1 0 0 0 0 0 0 0 0 0 258 169 1 3 1 1 0 0 0 1 0 0 0
166 133 0 1 0 0 0 0 0 0 0 0 0 261 172 1 3 1 1 0 0 0 1 0 0 0
169 138 0 1 0 0 0 0 0 0 0 0 0 265 178 1 3 1 1 0 0 0 1 0 0 0
177 141 0 1 0 0 0 0 0 0 0 0 0 268 185 1 3 1 1 0 0 0 1 0 0 0
182 145 0 1 0 0 0 0 0 0 0 0 0 275 188 1 3 1 1 0 0 0 1 0 0 0
186 149 0 1 0 0 0 0 0 0 0 0 0 278 195 1 3 1 1 0 0 0 1 0 0 0
191 153 0 1 0 0 0 0 0 0 0 0 0 282 198 1 3 1 1 0 0 0 1 0 0 0
195 157 0 1 0 0 0 0 0 0 0 0 0 293 201 1 3 1 1 0 0 0 1 0 0 0
198 160 0 1 0 0 0 0 0 0 0 0 0 296 204 1 3 1 1 0 0 0 1 0 0 0
203 165 0 1 0 0 0 0 0 0 0 0 0 318 207 1 3 1 1 0 0 0 1 0 0 0
