# scores for worst/random/best/smart move selector strategies. 
# scores are 50% and 95% quantiles (based on 40 games) of: 
# game score, #destroyed, #unlocked, #stripes, #bombs, #zappers
0 0 0 0 0 0 0 0 0 0 0 0 0 9 9 0 0 0 0 0 0 0 0 0 0 0
3 3 0 0 0 0 0 0 0 0 0 0 0 12 12 0 0 0 0 0 0 0 0 0 0 0
9 9 0 0 0 0 0 0 0 0 0 0 0 16 16 0 0 0 0 0 0 0 0 0 0 0
12 12 0 0 0 0 0 0 0 0 0 0 0 19 19 0 0 0 0 0 0 0 0 0 0 0
15 15 0 0 0 0 0 0 0 0 0 0 0 32 30 0 0 0 0 0 0 0 0 0 0 0
19 19 0 0 0 0 0 0 0 0 0 0 0 35 33 0 0 0 0 0 0 0 0 0 0 0
24 24 0 0 0 0 0 0 0 0 0 0 0 38 37 0 0 0 0 0 0 0 0 0 0 0
27 27 0 0 0 0 0 0 0 0 0 0 0 41 40 0 0 0 0 0 0 0 0 0 0 0
33 33 0 0 0 0 0 0 0 0 0 0 0 54 44 0 0 0 0 0 0 0 0 0 0 0
36 36 0 0 0 0 0 0 0 0 0 0 0 57 48 0 0 0 0 0 0 0 0 0 0 0
39 39 0 0 0 0 0 0 0 0 0 0 0 67 52 0 1 0 0 0 0 0 0 0 0 0
45 45 0 0 0 0 0 0 0 0 0 0 0 70 57 0 1 0 0 0 0 0 0 0 0 0
51 51 0 0 0 0 0 0 0 0 0 0 0 80 61 0 1 0 0 0 0 0 0 0 0 0
56 54 0 0 0 0 0 0 0 0 0 0 0 83 64 0 1 0 0 0 0 0 0 0 0 0
60 60 0 0 0 0 0 0 0 0 0 0 0 86 67 0 1 0 0 0 0 0 0 0 0 0
63 63 0 0 0 0 0 0 0 0 0 0 0 93 72 0 1 0 0 0 0 0 0 0 0 0
67 66 0 0 0 0 0 0 0 0 0 0 0 96 76 0 1 0 0 0 0 0 0 0 0 0
72 70 0 0 0 0 0 0 0 0 0 0 0 104 79 0 1 0 0 0 0 0 0 0 0 0
75 74 0 0 0 0 0 0 0 0 0 0 0 110 89 0 1 0 0 0 0 0 0 0 0 0
78 78 0 0 0 0 0 0 0 0 0 0 0 114 92 0 1 0 0 0 0 0 0 0 0 0
84 81 0 0 0 0 0 0 0 0 0 0 0 124 95 0 1 0 0 0 0 0 0 0 0 0
87 84 0 0 0 0 0 0 0 0 0 0 0 129 102 0 1 0 0 0 0 0 0 0 0 0
90 88 0 0 0 0 0 0 0 0 0 0 0 135 105 0 1 0 0 0 0 0 0 0 0 0
94 92 0 0 0 0 0 0 0 0 0 0 0 139 110 0 1 0 0 0 0 0 0 0 0 0
98 96 0 0 0 0 0 0 0 0 0 0 0 153 113 1 1 0 0 0 0 0 0 0 0 0
102 100 0 0 0 0 0 0 0 0 0 0 0 160 117 1 1 0 0 0 0 0 0 0 0 0
107 105 0 0 0 0 0 0 0 0 0 0 0 163 120 1 1 0 0 0 0 0 0 0 0 0
111 109 0 0 0 0 0 0 0 0 0 0 0 166 123 1 1 0 0 0 0 0 0 0 0 0
115 114 0 0 0 0 0 0 0 0 0 0 0 169 131 1 1 0 0 0 0 0 0 0 0 0
118 117 0 0 0 0 0 0 0 0 0 0 0 172 134 1 1 0 0 0 0 0 0 0 0 0
121 120 0 0 0 0 0 0 0 0 0 0 0 180 137 1 1 0 0 0 0 0 0 0 0 0
125 123 0 0 0 0 0 0 0 0 0 0 0 183 144 1 1 0 0 0 0 0 0 0 0 0
130 127 0 0 0 0 0 0 0 0 0 0 0 186 147 1 1 0 0 0 0 0 0 0 0 0
134 132 0 0 0 0 0 0 0 0 0 0 0 191 150 1 1 0 0 0 0 0 0 0 0 0
138 136 0 0 0 0 0 0 0 0 0 0 0 194 154 1 1 0 0 0 0 0 0 0 0 0
142 139 0 0 0 0 0 0 0 0 0 0 0 197 157 1 1 0 0 0 0 0 0 0 0 0
146 142 0 0 0 0 0 0 0 0 0 0 0 204 160 1 1 0 0 0 0 0 0 0 0 0
149 146 0 0 0 0 0 0 0 0 0 0 0 231 163 1 1 1 0 0 0 0 0 0 0 0
153 151 0 0 0 0 0 0 0 0 0 0 0 234 168 1 1 1 0 0 0 0 0 0 0 0
156 154 0 0 0 0 0 0 0 0 0 0 0 237 176 1 1 1 0 0 0 0 0 0 0 0
161 157 0 0 0 0 0 0 0 0 0 0 0 262 190 1 2 1 0 0 0 0 0 0 0 0
