# scores for worst/random/best/smart move selector strategies. 
# scores are 50% and 95% quantiles (based on 40 games) of: 
# game score, #destroyed, #unlocked, #stripes, #bombs, #zappers
0 0 0 0 0 0 0 0 0 0 0 0 0 3 3 0 0 0 0 0 0 0 0 0 0 0
3 3 0 0 0 0 0 0 0 0 0 0 0 9 9 0 0 0 0 0 0 0 0 0 0 0
7 7 0 0 0 0 0 0 0 0 0 0 0 15 15 0 0 0 0 0 0 0 0 0 0 0
10 10 0 0 0 0 0 0 0 0 0 0 0 23 23 0 0 0 0 0 0 0 0 0 0 0
15 15 0 0 0 0 0 0 0 0 0 0 0 739 105 5 6 3 2 0 0 0 0 0 0 0
18 18 0 0 0 0 0 0 0 0 0 0 0 1155 143 14 9 8 5 0 0 0 0 0 0 0
23 22 0 0 0 0 0 0 0 0 0 0 0 1187 161 16 9 10 7 0 0 0 0 0 0 0
28 26 0 0 0 0 0 0 0 0 0 0 0 1251 174 19 12 11 7 0 0 0 1 1 0 0
43 30 0 0 0 0 0 0 0 0 0 0 0 1270 183 22 12 15 7 0 1 0 1 1 1 0
65 37 0 1 0 0 0 0 0 0 0 0 0 1422 215 22 13 16 7 0 1 1 1 1 1 0
81 44 0 1 0 0 0 0 0 0 0 0 0 1445 226 22 15 16 7 0 1 1 2 1 1 0
191 53 3 1 0 1 0 0 0 0 0 0 0 1551 241 22 17 19 8 0 1 1 2 1 1 0
295 70 3 2 1 1 0 0 0 0 0 0 0 1614 248 23 21 19 8 1 1 1 2 1 1 0
580 102 6 7 4 2 0 0 0 0 0 0 0 1651 252 26 21 19 8 1 1 1 2 1 1 0
1189 188 11 8 10 4 0 0 0 0 0 0 0 1655 260 26 21 19 8 1 1 1 2 1 1 1
1243 204 13 10 10 7 0 0 0 0 0 0 0 1669 266 26 22 20 8 1 1 1 2 1 1 1
1274 217 13 10 10 7 0 0 0 0 0 0 0 1679 290 26 22 20 8 1 1 1 2 1 1 1
1362 236 15 10 10 7 0 0 0 0 0 0 0 1687 294 26 23 20 8 1 1 1 2 1 1 1
1367 242 15 10 10 7 0 0 0 0 0 0 0 1706 307 26 23 20 8 1 1 1 2 1 1 1
1388 248 15 10 11 7 0 0 0 0 0 0 0 1711 311 26 23 21 8 1 1 1 2 1 1 1
1418 261 15 11 11 7 0 0 0 0 0 0 0 1811 338 26 26 22 9 1 1 1 2 1 1 1
1421 267 15 11 11 7 0 0 0 0 0 0 0 1818 344 26 26 22 9 1 1 1 2 1 1 1
1477 278 16 11 11 7 0 0 0 0 0 0 0 1823 356 26 26 22 9 2 1 1 2 1 1 1
1507 283 16 12 11 7 0 0 0 1 0 0 0 1864 361 26 30 22 9 2 1 1 2 1 1 1
1558 302 16 13 11 7 0 0 0 1 0 0 0 1869 372 26 30 22 9 2 1 1 2 1 1 1
1579 315 16 13 11 7 0 0 0 1 0 0 0 1899 377 26 30 22 9 2 2 1 2 1 1 1
1596 320 16 14 11 7 0 0 0 1 0 0 0 1933 383 26 30 22 9 2 2 1 2 1 1 1
1617 324 16 14 11 7 0 0 0 1 0 0 0 1975 398 26 30 22 9 2 2 1 2 1 1 1
1644 329 16 14 12 7 0 0 0 1 0 0 0 1980 403 26 30 22 9 2 2 1 2 1 1 1
1649 333 16 14 12 7 0 0 0 1 0 0 0 1983 406 26 30 22 9 2 2 1 2 1 1 1
1665 340 16 14 12 7 1 0 0 1 0 0 0 1986 409 26 30 22 9 2 2 1 2 1 1 1
1678 344 16 14 12 8 1 0 0 1 0 0 0 2156 421 26 31 24 9 2 2 1 2 1 1 1
1689 352 16 15 12 8 1 0 0 1 0 0 0 2161 427 26 31 24 9 2 2 1 2 1 1 1
1708 356 16 15 12 8 1 0 0 1 0 0 0 2177 435 26 32 24 10 2 2 1 3 1 1 1
1744 366 16 15 12 8 1 0 0 1 0 0 0 2212 449 26 34 24 10 2 2 1 3 2 1 1
1749 372 16 16 12 8 1 1 0 1 0 0 0 2216 455 26 34 24 10 2 2 1 3 2 1 1
1758 375 16 16 12 8 1 1 0 1 0 0 0 2219 459 26 34 24 10 2 2 1 3 2 1 1
1762 387 16 16 12 8 1 1 0 1 0 0 0 2267 469 26 35 24 10 2 2 1 3 2 1 1
1831 402 16 18 12 8 1 1 0 1 0 0 0 2271 476 26 35 24 10 2 2 1 3 2 1 1
1838 407 16 18 12 8 1 1 0 1 0 0 0 2276 491 26 36 24 10 2 2 1 3 2 1 1
1859 411 16 18 12 8 1 1 0 1 0 0 0 2290 506 26 37 25 10 3 2 1 3 2 1 1
