# scores for worst/random/best/smart move selector strategies. 
# scores are 50% and 95% quantiles (based on 40 games) of: 
# game score, #destroyed, #unlocked, #stripes, #bombs, #zappers
0 0 0 0 0 0 0 0 0 0 0 0 0 3 3 0 0 0 0 0 0 0 0 0 0 0
3 3 0 0 0 0 0 0 0 0 0 0 0 10 10 0 0 0 0 0 0 0 0 0 0 0
9 9 0 0 0 0 0 0 0 0 0 0 0 841 110 12 7 7 5 0 0 0 0 0 0 0
14 13 0 0 0 0 0 0 0 0 0 0 0 1198 161 13 9 10 7 0 0 0 0 0 1 0
20 20 0 0 0 0 0 0 0 0 0 0 0 1507 202 15 9 18 7 0 0 1 1 0 1 0
51 29 0 1 0 0 0 0 0 0 0 0 0 1637 221 21 14 20 7 0 1 1 1 1 1 0
142 47 2 1 0 1 0 0 0 0 0 0 0 1696 228 21 17 20 7 0 1 1 2 1 1 0
598 98 6 7 4 2 0 0 0 0 0 0 0 1710 247 23 18 20 8 1 1 1 2 1 1 0
1160 165 12 9 10 5 0 0 0 0 0 0 0 1822 271 25 18 21 8 1 1 1 2 1 1 0
1257 196 13 9 10 7 0 0 0 0 0 0 0 1917 279 25 23 24 9 1 1 1 2 1 2 0
1306 209 16 10 10 7 0 0 0 0 0 0 0 1955 292 28 26 24 9 1 1 1 2 2 2 0
1365 229 16 10 10 7 0 0 0 1 0 0 0 1963 312 28 26 24 9 1 1 1 2 2 2 1
1375 244 16 11 10 7 0 0 0 1 0 0 0 2004 345 28 26 24 9 1 1 1 3 2 2 1
1393 256 17 11 11 7 0 0 0 1 0 0 0 2017 360 28 27 24 10 1 1 1 3 2 2 1
1404 264 17 12 11 8 0 0 0 1 0 0 0 2033 366 28 27 24 10 1 1 1 3 2 2 1
1434 273 17 13 11 8 0 0 0 1 0 0 0 2146 376 28 28 26 10 1 2 1 3 2 2 1
1469 292 17 13 11 8 0 0 0 1 0 0 0 2165 387 28 28 26 10 1 2 1 3 2 2 1
1497 303 17 13 11 8 0 0 0 1 0 0 0 2187 396 28 28 26 10 1 2 1 3 2 2 1
1509 314 17 13 11 8 0 0 0 1 0 0 0 2232 403 28 28 26 10 1 2 1 3 2 2 1
1549 325 17 13 11 8 0 0 0 1 0 0 0 2268 411 28 29 26 10 2 2 1 3 2 2 1
1558 332 17 14 11 8 1 0 0 2 0 0 0 2275 424 28 29 26 10 2 2 1 3 2 2 1
1598 344 17 15 11 8 1 0 0 2 0 0 0 2301 445 28 29 26 10 2 2 1 3 2 2 1
1608 352 17 15 11 8 1 0 0 2 0 0 0 2321 454 28 29 26 10 2 2 1 3 2 2 1
1642 365 17 16 11 8 1 0 0 2 0 0 0 2346 462 28 29 26 10 2 2 1 4 2 2 1
1683 374 17 16 11 8 1 0 0 2 0 0 0 2354 474 28 31 26 10 2 2 1 4 2 2 1
1700 386 17 16 12 8 1 0 0 2 0 0 0 2381 492 28 31 26 11 2 2 1 4 2 2 1
1746 392 17 16 12 8 1 1 0 2 0 0 0 2388 499 28 31 26 11 3 2 1 4 2 2 1
1779 410 17 17 12 8 1 1 0 2 0 0 0 2397 511 28 31 26 11 3 2 1 4 2 2 1
1819 420 17 17 12 8 1 1 0 2 0 0 0 2409 522 28 32 26 11 3 2 1 4 2 2 1
1833 427 17 18 12 8 1 1 0 2 0 0 0 2611 542 28 33 27 12 3 2 1 4 2 2 1
1843 438 17 18 12 8 1 1 0 2 0 0 0 2619 549 28 33 27 12 3 2 1 4 2 2 1
1873 448 17 19 12 8 1 1 0 2 0 0 0 2647 555 28 33 27 12 3 2 1 4 2 2 1
1894 460 17 19 12 9 1 1 0 3 0 0 0 2655 565 28 34 27 12 4 2 1 5 2 2 1
1938 474 17 20 12 9 1 1 0 3 0 0 0 2675 575 28 34 27 12 4 2 1 5 2 2 1
1973 485 17 20 12 9 1 1 0 3 0 0 0 2706 581 28 34 27 12 4 2 1 5 2 2 1
2000 498 17 20 12 9 2 1 0 3 0 0 0 2713 590 28 35 27 12 4 2 1 5 2 2 1
2007 503 17 20 12 9 2 1 0 3 0 0 0 2750 605 28 35 27 12 4 2 1 5 2 2 1
2072 511 17 21 12 9 2 1 0 3 0 0 0 2756 610 28 35 27 12 4 2 1 6 2 2 1
2090 522 17 21 13 9 2 1 0 3 0 0 0 2991 652 28 36 29 12 4 2 1 6 2 2 1
2108 538 17 22 13 9 2 1 0 3 0 0 0 2997 661 28 37 29 12 4 2 1 6 2 2 1
2134 544 17 22 13 9 2 1 0 3 0 0 0 3000 665 28 37 29 12 4 3 1 6 2 2 1
