# scores for worst/random/best/smart move selector strategies. 
# scores are 50% and 95% quantiles (based on 40 games) of: 
# game score, #destroyed, #unlocked, #stripes, #bombs, #zappers
0 0 0 0 0 0 0 0 0 0 0 0 0 3 3 0 0 0 0 0 0 0 0 0 0 0
3 3 0 0 0 0 0 0 0 0 0 0 0 7 7 0 0 0 0 0 0 0 0 0 0 0
6 6 0 0 0 0 0 0 0 0 0 0 0 12 12 0 0 0 0 0 0 0 0 0 0 0
9 9 0 0 0 0 0 0 0 0 0 0 0 16 16 0 0 0 0 0 0 0 0 0 0 0
12 12 0 0 0 0 0 0 0 0 0 0 0 22 22 0 0 0 0 0 0 0 0 0 0 0
15 15 0 0 0 0 0 0 0 0 0 0 0 29 29 0 0 0 0 0 0 0 0 0 0 0
21 21 0 0 0 0 0 0 0 0 0 0 0 170 64 2 1 1 0 0 0 0 0 0 0 0
24 24 0 0 0 0 0 0 0 0 0 0 0 173 67 2 1 1 0 0 0 0 0 0 0 0
27 27 0 0 0 0 0 0 0 0 0 0 0 176 70 2 1 1 0 0 0 0 0 0 0 0
30 30 0 0 0 0 0 0 0 0 0 0 0 197 75 3 1 1 1 0 0 0 0 0 0 0
36 36 0 0 0 0 0 0 0 0 0 0 0 204 82 3 1 1 1 0 0 0 0 0 0 0
39 39 0 0 0 0 0 0 0 0 0 0 0 801 149 9 4 7 4 0 0 0 0 0 0 0
42 42 0 0 0 0 0 0 0 0 0 0 0 854 161 9 5 7 4 0 0 0 0 0 0 0
47 45 0 0 0 0 0 0 0 0 0 0 0 1163 186 13 7 10 7 0 0 0 0 0 0 0
51 50 0 0 0 0 0 0 0 0 0 0 0 1169 189 13 7 10 7 0 0 0 0 0 0 0
54 53 0 0 0 0 0 0 0 0 0 0 0 1172 192 13 7 10 7 0 0 0 0 0 0 0
59 56 0 0 0 0 0 0 0 0 0 0 0 1177 199 13 7 10 7 0 0 0 0 0 0 0
64 62 0 0 0 0 0 0 0 0 0 0 0 1181 204 13 7 10 7 0 0 0 0 0 0 0
69 66 0 0 0 0 0 0 0 0 0 0 0 1190 212 13 7 10 7 0 0 0 0 0 0 0
76 71 0 0 0 0 0 0 0 0 0 0 0 1196 218 14 8 10 7 0 0 0 0 0 0 0
82 75 0 0 0 0 0 0 0 0 0 0 0 1211 228 14 8 11 7 0 0 0 0 0 0 0
85 78 0 0 0 0 0 0 0 0 0 0 0 1214 231 14 8 11 7 0 0 0 0 0 0 0
90 81 0 0 0 0 0 0 0 0 0 0 0 1217 235 14 8 11 7 0 0 0 0 0 0 0
93 84 0 0 0 0 0 0 0 0 0 0 0 1220 238 14 8 11 7 0 0 0 0 0 0 0
102 90 0 0 0 0 0 0 0 0 0 0 0 1229 245 14 8 11 7 0 0 0 0 0 0 0
111 93 0 1 0 0 0 0 0 0 0 0 0 1247 248 14 8 11 7 0 0 0 0 0 0 0
118 98 0 1 0 0 0 0 0 0 0 0 0 1250 251 14 8 11 7 0 0 0 0 0 0 0
123 103 0 1 0 0 0 0 0 0 0 0 0 1253 254 14 8 11 7 0 0 0 0 0 0 0
126 107 0 1 0 0 0 0 0 0 0 0 0 1256 257 14 8 11 7 0 0 0 0 0 0 0
148 113 0 1 0 0 0 0 0 0 0 0 0 1263 260 15 8 11 7 0 0 0 0 0 0 0
151 116 0 1 0 0 0 0 0 0 0 0 0 1270 264 15 8 11 7 0 0 0 0 0 0 0
180 125 3 1 1 0 0 0 0 0 0 0 0 1273 268 15 8 11 7 0 0 0 0 0 0 0
228 135 3 1 2 1 0 0 0 0 0 0 0 1277 273 15 8 11 7 0 0 0 0 0 0 0
231 138 3 1 2 1 0 0 0 0 0 0 0 1280 280 15 8 11 7 0 0 0 0 0 0 0
235 141 3 1 2 1 0 0 0 0 0 0 0 1286 284 15 8 11 7 0 0 0 0 0 0 0
238 144 3 1 2 1 0 0 0 0 0 0 0 1291 288 15 8 11 7 0 0 0 0 0 0 0
274 156 4 2 2 1 0 0 0 0 0 0 0 1295 294 15 8 11 7 0 0 0 0 0 0 0
518 182 5 2 4 2 0 0 0 0 0 0 0 1330 303 15 9 12 7 0 0 0 0 0 0 0
992 245 9 6 8 4 0 0 0 0 0 0 0 1349 306 16 9 12 7 0 0 0 0 0 0 0
995 248 9 6 8 4 0 0 0 0 0 0 0 1352 311 16 9 12 7 0 0 0 0 0 0 0
998 252 9 6 8 4 0 0 0 0 0 0 0 1355 316 16 9 12 7 0 0 0 0 0 0 0
