# scores for worst/random/best/smart move selector strategies. 
# scores are 50% and 95% quantiles (based on 40 games) of: 
# game score, #destroyed, #unlocked, #stripes, #bombs, #zappers
3 3 0 0 0 0 0 0 0 0 0 0 0 10 10 0 0 0 0 0 0 0 0 0 0 0
6 6 0 0 0 0 0 0 0 0 0 0 0 14 14 0 0 0 0 0 0 0 0 0 0 0
10 10 0 0 0 0 0 0 0 0 0 0 0 61 27 0 0 0 0 0 0 0 0 0 0 0
15 15 0 0 0 0 0 0 0 0 0 0 0 66 32 0 0 0 0 0 0 0 0 0 0 0
20 20 0 0 0 0 0 0 0 0 0 0 0 69 37 0 0 0 0 0 0 0 0 0 0 0
25 25 0 0 0 0 0 0 0 0 0 0 0 72 42 0 0 0 0 0 0 0 0 0 0 0
30 30 0 0 0 0 0 0 0 0 0 0 0 75 46 0 0 0 0 0 0 0 0 0 0 0
35 34 0 0 0 0 0 0 0 0 0 0 0 89 54 0 1 0 0 0 0 0 0 0 0 0
41 39 0 0 0 0 0 0 0 0 0 0 0 131 65 6 1 1 0 0 0 0 0 0 0 0
45 45 0 0 0 0 0 0 0 0 0 0 0 134 68 6 1 1 0 0 0 0 0 0 0 0
57 50 0 0 0 0 0 0 0 0 0 0 0 138 74 6 1 1 1 0 0 0 1 0 0 0
73 56 0 0 0 0 0 0 0 0 0 0 0 143 81 6 2 1 1 0 0 0 1 0 0 0
78 60 0 0 0 0 0 0 0 0 0 0 0 168 86 7 2 1 1 0 0 0 1 0 0 0
83 67 0 0 0 0 0 0 0 0 0 0 0 194 99 7 2 1 1 0 0 0 1 0 0 0
86 73 0 0 0 0 0 0 0 0 0 0 0 206 116 7 2 1 1 0 0 0 1 0 0 0
97 79 0 0 0 0 0 0 0 0 0 0 0 209 122 7 2 1 1 0 0 0 1 0 0 0
106 86 0 1 0 0 0 0 0 0 0 0 0 215 131 7 2 1 1 0 0 0 1 0 0 0
109 91 0 1 0 0 0 0 0 0 0 0 0 218 136 7 2 1 1 0 0 0 1 0 0 0
122 96 0 1 0 0 0 0 0 0 0 0 0 221 143 7 3 1 1 0 0 0 1 0 0 0
129 100 0 1 0 0 0 0 0 0 0 0 0 228 146 7 3 1 1 0 0 0 1 0 0 0
136 106 0 1 0 0 0 0 0 0 0 0 0 252 152 7 3 1 1 0 0 0 1 0 0 0
149 114 0 1 0 0 0 0 0 0 0 0 0 285 161 7 3 1 1 0 0 0 1 0 0 0
158 119 0 1 0 0 0 0 0 0 0 0 0 291 166 7 3 1 1 0 0 0 1 0 0 0
169 124 0 1 0 0 0 0 0 0 0 0 0 299 173 7 3 1 1 0 0 0 1 0 0 0
174 130 0 1 0 0 0 0 0 0 0 0 0 305 176 7 3 1 1 0 0 0 1 0 0 0
180 136 1 1 0 0 0 0 0 0 0 0 0 336 185 7 3 1 1 0 0 0 1 0 0 0
184 139 1 1 0 0 0 0 0 0 0 0 0 341 189 7 3 1 1 0 0 0 1 0 0 0
209 144 1 1 0 0 0 0 0 0 0 0 0 344 194 7 4 2 1 1 0 0 1 0 0 0
213 149 1 1 0 0 0 0 0 0 0 0 0 348 197 7 4 2 1 1 0 0 1 0 0 0
226 156 1 1 0 0 0 0 0 0 0 0 0 362 204 7 4 2 1 1 0 0 1 0 0 0
230 163 1 2 0 0 0 0 0 0 0 0 0 365 207 7 4 2 1 1 0 0 1 0 0 0
237 169 1 2 0 0 0 0 0 0 0 0 0 380 216 7 4 2 1 1 0 0 1 0 0 0
243 172 1 2 0 0 0 0 0 0 0 0 0 397 221 7 4 2 1 1 0 0 1 0 0 0
252 178 1 2 0 0 0 0 0 0 0 0 0 401 225 7 4 2 1 1 0 0 1 0 0 0
268 183 1 2 0 0 0 0 0 0 0 0 0 404 228 7 4 2 1 1 0 0 1 0 0 0
280 187 1 2 0 0 0 0 0 0 0 0 0 407 231 7 4 2 1 1 0 0 1 0 0 0
284 193 1 2 0 0 0 0 0 0 0 0 0 410 234 7 4 2 1 1 0 0 1 0 0 0
288 197 1 2 0 0 0 0 0 0 0 0 0 424 237 7 5 2 1 1 0 0 1 0 0 0
292 201 1 2 0 0 0 0 0 0 0 0 0 446 246 7 5 2 1 1 0 0 1 0 0 0
298 205 1 2 0 0 0 0 0 0 0 0 0 449 250 7 5 2 1 1 0 0 1 0 0 0
308 210 1 2 0 0 0 0 0 0 0 0 0 455 255 7 5 2 1 1 0 0 1 0 0 0
