# scores for worst/random/best/smart move selector strategies. 
# scores are 50% and 95% quantiles (based on 40 games) of: 
# game score, #destroyed, #unlocked, #stripes, #bombs, #zappers
3 3 0 0 0 0 0 0 0 0 0 0 0 10 10 0 0 0 0 0 0 0 0 0 0 0
6 6 0 0 0 0 0 0 0 0 0 0 0 15 15 0 0 0 0 0 0 0 0 0 0 0
9 9 0 0 0 0 0 0 0 0 0 0 0 26 23 0 0 0 0 0 0 0 0 0 0 0
15 15 0 0 0 0 0 0 0 0 0 0 0 55 27 0 0 0 0 0 0 0 0 0 0 0
21 21 0 0 0 0 0 0 0 0 0 0 0 65 35 0 1 0 0 0 0 0 0 0 0 0
24 24 0 0 0 0 0 0 0 0 0 0 0 70 38 0 1 0 0 0 0 0 0 0 0 0
32 30 0 0 0 0 0 0 0 0 0 0 0 90 46 1 1 0 0 0 0 0 0 0 0 0
36 34 0 0 0 0 0 0 0 0 0 0 0 93 51 1 1 0 0 0 0 0 0 0 0 0
40 38 0 0 0 0 0 0 0 0 0 0 0 99 55 1 1 1 0 0 0 0 0 0 0 0
45 43 0 0 0 0 0 0 0 0 0 0 0 106 58 1 1 1 0 0 0 0 0 0 0 0
48 46 0 0 0 0 0 0 0 0 0 0 0 131 68 1 1 1 0 0 0 0 0 0 0 0
52 52 0 0 0 0 0 0 0 0 0 0 0 136 72 1 1 1 0 0 0 0 0 0 0 0
57 55 0 0 0 0 0 0 0 0 0 0 0 139 75 1 1 1 0 0 0 0 0 0 0 0
60 59 0 0 0 0 0 0 0 0 0 0 0 143 80 1 1 1 0 0 0 0 0 0 0 0
63 63 0 0 0 0 0 0 0 0 0 0 0 146 83 1 1 1 0 0 0 0 0 0 0 0
69 67 0 0 0 0 0 0 0 0 0 0 0 149 86 1 1 1 0 0 0 0 0 0 0 0
74 73 0 0 0 0 0 0 0 0 0 0 0 152 89 1 1 1 0 0 0 0 0 0 0 0
84 78 0 0 0 0 0 0 0 0 0 0 0 162 92 1 1 1 0 0 0 0 0 0 0 0
87 81 0 0 0 0 0 0 0 0 0 0 0 165 111 1 1 1 0 0 0 0 0 0 0 0
92 87 0 0 0 0 0 0 0 0 0 0 0 168 116 1 1 1 0 0 0 0 0 0 0 0
106 94 0 0 0 0 0 0 0 0 0 0 0 171 121 1 1 1 0 0 0 0 0 0 0 0
113 97 0 0 0 0 0 0 0 0 0 0 0 174 126 1 1 1 0 0 0 0 0 0 0 0
117 100 0 0 0 0 0 0 0 0 0 0 0 177 132 1 2 1 0 0 0 0 0 0 0 0
129 105 0 0 0 0 0 0 0 0 0 0 0 192 136 1 2 1 0 0 0 0 0 0 0 0
134 110 0 0 0 0 0 0 0 0 0 0 0 197 143 2 2 1 0 0 0 0 0 0 0 0
138 114 0 0 0 0 0 0 0 0 0 0 0 205 150 2 2 1 0 0 0 0 0 0 0 0
141 118 0 0 0 0 0 0 0 0 0 0 0 208 155 2 2 1 0 0 0 0 0 0 0 0
149 121 0 0 0 0 0 0 0 0 0 0 0 211 158 2 2 1 0 0 0 0 0 0 0 0
155 127 0 0 0 0 0 0 0 0 0 0 0 228 168 2 2 1 0 0 0 0 0 0 0 0
160 130 0 0 0 0 0 0 0 0 0 0 0 231 171 2 2 1 0 0 0 0 0 0 0 0
163 135 0 0 0 0 0 0 0 0 0 0 0 239 179 2 2 1 0 0 0 0 0 0 0 0
169 140 0 0 0 0 0 0 0 0 0 0 0 259 187 2 2 1 0 0 0 0 0 0 0 0
175 144 0 0 0 0 0 0 0 0 0 0 0 287 195 2 3 1 0 0 0 0 0 0 0 0
178 148 0 0 0 0 0 0 0 0 0 0 0 292 200 2 3 1 0 0 0 0 0 0 0 0
183 151 0 0 0 0 0 0 0 0 0 0 0 296 204 2 3 1 0 0 0 0 0 0 0 0
187 157 0 0 0 0 0 0 0 0 0 0 0 299 207 2 3 1 0 0 0 0 0 0 0 0
192 161 0 0 0 0 0 0 0 0 0 0 0 302 210 2 3 1 0 0 0 0 0 0 0 0
200 167 0 1 0 0 0 0 0 0 0 0 0 307 216 2 3 1 0 0 0 0 0 0 0 0
203 171 0 1 0 0 0 0 0 0 0 0 0 310 219 2 3 1 0 0 0 0 0 0 0 0
207 177 0 1 0 0 0 0 0 0 0 0 0 313 222 2 3 1 0 0 0 0 0 0 0 0
210 182 0 1 0 0 0 0 0 0 0 0 0 320 228 2 3 1 0 0 0 0 0 0 0 0
