# scores for worst/random/best/smart move selector strategies. 
# scores are 50% and 95% quantiles (based on 40 games) of: 
# game score, #destroyed, #unlocked, #stripes, #bombs, #zappers
0 0 0 0 0 0 0 0 0 0 0 0 0 6 6 0 0 0 0 0 0 0 0 0 0 0
6 6 0 0 0 0 0 0 0 0 0 0 0 13 13 0 0 0 0 0 0 0 0 0 0 0
10 10 0 0 0 0 0 0 0 0 0 0 0 19 18 0 0 0 0 0 0 0 0 0 0 0
15 15 0 0 0 0 0 0 0 0 0 0 0 53 25 0 0 0 0 0 0 0 0 0 0 0
19 19 0 0 0 0 0 0 0 0 0 0 0 64 34 0 1 0 0 0 0 0 0 0 0 0
24 24 0 0 0 0 0 0 0 0 0 0 0 77 38 0 1 0 0 0 0 0 0 0 0 0
28 28 0 0 0 0 0 0 0 0 0 0 0 81 47 1 1 0 0 0 0 0 0 0 0 0
33 33 0 0 0 0 0 0 0 0 0 0 0 98 55 2 1 0 0 0 0 0 0 0 0 0
39 38 0 0 0 0 0 0 0 0 0 0 0 112 61 2 2 0 1 0 0 0 1 0 0 0
45 43 0 0 0 0 0 0 0 0 0 0 0 119 65 2 2 0 1 0 0 0 1 0 0 0
51 49 0 0 0 0 0 0 0 0 0 0 0 125 69 2 2 0 1 1 0 0 1 0 0 0
56 53 0 0 0 0 0 0 0 0 0 0 0 133 77 2 2 0 1 1 0 0 1 0 0 0
68 56 0 0 0 0 0 0 0 0 0 0 0 140 80 3 2 0 1 1 0 0 1 0 0 0
75 64 0 0 0 0 0 0 0 0 0 0 0 197 87 4 2 0 1 1 0 0 1 0 0 0
93 71 0 1 0 0 0 0 0 0 0 0 0 210 93 5 3 0 1 1 0 0 1 0 0 0
98 74 1 1 0 0 0 0 0 0 0 0 0 224 100 5 3 0 1 1 0 0 1 0 0 0
107 78 1 1 0 0 0 0 0 0 0 0 0 227 106 6 3 0 1 1 0 0 1 0 0 0
112 86 1 1 0 0 0 0 0 0 0 0 0 234 111 6 4 0 1 1 0 0 1 0 0 0
126 89 1 1 0 0 0 0 0 0 0 0 0 254 121 6 4 0 1 1 0 0 1 0 0 0
132 93 1 1 0 0 0 0 0 0 0 0 0 257 124 6 4 0 1 1 0 0 1 0 0 0
142 97 1 1 0 0 0 0 0 0 0 0 0 261 129 6 4 0 1 1 0 0 1 0 0 0
148 101 1 2 0 0 0 0 0 0 0 0 0 264 132 6 4 0 1 1 0 0 1 0 0 0
156 105 1 2 0 0 0 0 0 0 0 0 0 289 147 7 5 0 1 1 0 0 1 0 0 0
167 111 2 2 0 0 0 0 0 0 0 0 0 292 150 7 5 0 1 1 0 0 1 0 0 0
171 116 2 2 0 0 0 0 0 0 0 0 0 316 155 8 6 0 1 1 0 0 1 0 0 0
175 119 2 2 0 0 0 0 0 0 0 0 0 331 161 8 6 1 1 1 0 0 1 0 0 0
187 123 2 3 0 0 0 0 0 0 0 0 0 348 171 9 6 1 1 1 0 0 1 0 0 0
192 129 3 3 0 0 0 0 0 0 0 0 0 351 175 9 6 1 1 1 0 0 1 0 0 0
195 134 3 3 0 0 0 0 0 0 0 0 0 376 180 9 7 1 1 1 0 0 1 0 0 0
216 138 3 3 0 0 0 0 0 0 0 0 0 380 184 9 7 1 1 1 0 0 1 0 0 0
226 146 3 3 0 0 0 0 0 0 0 0 0 383 188 10 8 1 1 2 0 0 1 0 0 0
236 152 3 3 0 0 0 0 0 0 0 0 0 432 192 10 8 1 1 2 0 0 1 0 0 0
242 157 3 3 0 0 0 0 0 0 0 0 0 455 207 10 8 1 1 2 0 0 1 0 0 0
246 161 3 3 0 0 0 0 0 0 0 0 0 458 210 10 8 1 1 2 0 0 1 0 0 0
249 171 3 3 0 0 0 0 0 0 0 0 0 469 214 10 8 1 1 2 0 0 1 0 0 0
275 176 4 4 0 0 0 0 0 0 0 0 0 475 217 10 8 1 1 2 0 0 1 0 0 0
284 184 4 4 0 0 0 0 0 0 0 0 0 481 225 10 8 1 1 2 0 0 1 0 0 0
289 190 4 4 0 0 1 0 0 0 0 0 0 488 229 10 8 1 1 2 0 0 1 0 0 0
297 194 4 4 0 0 1 0 0 0 0 0 0 492 232 10 9 1 1 2 0 0 1 0 0 0
305 197 4 4 0 0 1 0 0 0 0 0 0 506 241 10 9 1 1 2 0 0 1 0 0 0
323 202 4 4 0 0 1 0 0 0 0 0 0 511 247 10 9 1 1 2 0 0 1 0 0 0
