# scores for worst/random/best/smart move selector strategies. 
# scores are 50% and 95% quantiles (based on 40 games) of: 
# game score, #destroyed, #unlocked, #stripes, #bombs, #zappers
0 0 0 0 0 0 0 0 0 0 0 0 0 6 6 0 0 0 0 0 0 0 0 0 0 0
6 6 0 0 0 0 0 0 0 0 0 0 0 14 14 0 0 0 0 0 0 0 0 0 0 0
9 9 0 0 0 0 0 0 0 0 0 0 0 19 19 0 0 0 0 0 0 0 0 0 0 0
15 15 0 0 0 0 0 0 0 0 0 0 0 30 27 0 0 0 0 0 0 0 0 0 0 0
18 18 0 0 0 0 0 0 0 0 0 0 0 35 31 0 0 0 0 0 0 0 0 0 0 0
21 21 0 0 0 0 0 0 0 0 0 0 0 44 36 0 0 0 0 0 0 0 0 0 0 0
26 26 0 0 0 0 0 0 0 0 0 0 0 52 41 0 0 0 0 0 0 0 0 0 0 0
30 30 0 0 0 0 0 0 0 0 0 0 0 55 44 0 0 0 0 0 0 0 0 0 0 0
36 36 0 0 0 0 0 0 0 0 0 0 0 64 47 1 1 0 0 0 0 0 0 0 0 0
40 39 0 0 0 0 0 0 0 0 0 0 0 72 52 1 1 0 0 0 0 0 0 0 0 0
44 43 0 0 0 0 0 0 0 0 0 0 0 77 56 1 1 0 0 0 0 0 0 0 0 0
48 48 0 0 0 0 0 0 0 0 0 0 0 84 62 1 1 0 0 0 0 0 0 0 0 0
53 51 0 0 0 0 0 0 0 0 0 0 0 100 69 2 1 0 0 0 0 0 0 0 0 0
56 54 0 0 0 0 0 0 0 0 0 0 0 103 72 2 1 0 0 0 0 0 0 0 0 0
64 58 0 0 0 0 0 0 0 0 0 0 0 129 82 2 1 0 0 0 0 0 0 0 0 0
70 62 0 0 0 0 0 0 0 0 0 0 0 132 85 2 1 0 0 0 0 0 0 0 0 0
78 67 0 0 0 0 0 0 0 0 0 0 0 135 88 2 1 0 0 0 0 0 0 0 0 0
86 72 0 0 0 0 0 0 0 0 0 0 0 138 93 2 1 0 1 0 0 0 1 0 0 0
94 78 0 0 0 0 0 0 0 0 0 0 0 150 97 2 1 1 1 0 0 0 1 0 0 0
101 81 0 0 0 0 0 0 0 0 0 0 0 155 103 2 1 1 1 0 0 0 1 0 0 0
105 86 0 0 0 0 0 0 0 0 0 0 0 164 109 3 2 1 1 0 0 0 1 0 0 0
109 92 0 0 0 0 0 0 0 0 0 0 0 167 115 3 2 1 1 0 0 0 1 0 0 0
115 95 0 0 0 0 0 0 0 0 0 0 0 187 119 3 2 1 1 0 0 0 1 0 0 0
122 99 0 1 0 0 0 0 0 0 0 0 0 190 123 3 2 1 1 0 0 0 1 0 0 0
129 103 0 1 0 0 0 0 0 0 0 0 0 217 135 3 2 1 1 0 0 0 1 0 0 0
133 106 0 1 0 0 0 0 0 0 0 0 0 221 138 3 2 1 1 0 0 0 1 0 0 0
141 113 0 1 0 0 0 0 0 0 0 0 0 237 143 3 2 1 1 0 0 0 1 0 0 0
146 122 0 1 0 0 0 0 0 0 0 0 0 240 149 3 2 1 1 0 0 0 1 0 0 0
151 126 0 1 0 0 0 0 0 0 0 0 0 243 153 3 2 1 1 0 0 0 1 0 0 0
160 130 0 1 0 0 0 0 0 0 0 0 0 248 156 3 2 1 1 0 0 0 1 0 0 0
164 134 1 1 0 0 0 0 0 0 0 0 0 253 159 3 2 1 1 0 0 0 1 0 0 0
167 138 1 1 0 0 0 0 0 0 0 0 0 258 165 3 2 1 1 0 0 0 1 0 0 0
171 142 1 1 0 0 0 0 0 0 0 0 0 261 172 3 2 1 1 0 0 0 1 0 0 0
176 146 1 1 0 0 0 0 0 0 0 0 0 264 175 3 2 1 1 0 0 0 1 0 0 0
179 149 1 1 0 0 0 0 0 0 0 0 0 267 179 3 2 1 1 0 0 0 1 0 0 0
185 155 1 1 0 0 0 0 0 0 0 0 0 275 183 3 3 1 1 0 0 0 1 0 0 0
191 158 1 1 0 0 0 0 0 0 0 0 0 280 188 4 3 1 1 0 0 0 1 0 0 0
201 166 1 1 0 0 0 0 0 0 0 0 0 283 195 4 3 1 1 0 0 0 1 0 0 0
210 170 1 1 0 0 0 0 0 0 0 0 0 288 202 4 3 1 1 0 0 0 1 0 0 0
215 175 1 1 0 0 0 0 0 0 0 0 0 291 205 4 3 1 1 0 0 0 1 0 0 0
218 178 1 1 0 0 0 0 0 0 0 0 0 304 211 5 4 1 1 0 0 0 1 0 0 0
