# scores for worst/random/best/smart move selector strategies. 
# scores are 50% and 95% quantiles (based on 40 games) of: 
# game score, #destroyed, #unlocked, #stripes, #bombs, #zappers
0 0 0 0 0 0 0 0 0 0 0 0 0 6 6 0 0 0 0 0 0 0 0 0 0 0
6 6 0 0 0 0 0 0 0 0 0 0 0 12 12 0 0 0 0 0 0 0 0 0 0 0
9 9 0 0 0 0 0 0 0 0 0 0 0 19 16 0 0 0 0 0 0 0 0 0 0 0
15 14 0 0 0 0 0 0 0 0 0 0 0 50 25 0 0 0 0 0 0 0 0 0 0 0
19 19 0 0 0 0 0 0 0 0 0 0 0 68 36 1 1 0 0 0 0 0 0 0 0 0
27 25 0 0 0 0 0 0 0 0 0 0 0 104 49 3 2 0 0 0 0 0 0 0 0 0
31 29 0 0 0 0 0 0 0 0 0 0 0 118 54 3 2 0 0 0 0 0 0 0 0 0
37 35 0 0 0 0 0 0 0 0 0 0 0 125 61 3 2 0 0 0 0 0 0 0 0 0
42 40 0 0 0 0 0 0 0 0 0 0 0 138 70 3 2 0 1 0 0 0 1 0 0 0
52 45 0 0 0 0 0 0 0 0 0 0 0 160 80 3 3 0 1 0 0 0 1 0 0 0
72 50 0 1 0 0 0 0 0 0 0 0 0 178 90 5 3 1 1 0 0 0 1 0 0 0
82 57 1 1 0 0 0 0 0 0 0 0 0 202 102 6 4 1 1 1 0 0 1 0 0 0
88 61 1 1 0 0 0 0 0 0 0 0 0 207 107 6 4 1 1 1 0 0 1 0 0 0
96 71 1 1 0 0 0 0 0 0 0 0 0 221 112 7 5 1 1 1 0 0 1 0 0 0
119 77 1 1 0 0 0 0 0 0 0 0 0 290 122 11 6 1 1 1 0 0 1 0 0 0
131 83 1 1 0 0 0 0 0 0 0 0 0 305 135 11 6 1 1 1 0 0 1 0 0 0
144 89 2 2 0 0 0 0 0 0 0 0 0 313 144 11 6 1 1 1 0 0 1 0 0 0
160 96 2 2 0 0 0 0 0 0 0 0 0 321 150 11 6 1 1 1 0 0 1 0 0 0
170 103 2 2 0 0 0 0 0 0 0 0 0 325 153 11 6 1 1 1 0 0 1 0 0 0
197 110 2 2 0 0 0 0 0 0 0 0 0 333 159 12 6 1 1 1 1 0 1 0 0 0
206 115 3 3 0 0 0 0 0 0 0 0 0 356 163 12 7 1 1 1 1 0 1 0 0 0
223 121 3 3 0 0 0 0 0 0 0 0 0 361 169 12 7 1 1 1 1 0 1 0 0 0
226 131 3 3 0 0 0 0 0 0 0 0 0 380 175 12 8 1 1 2 1 0 1 0 0 0
237 135 3 3 0 0 0 0 0 0 0 0 0 414 181 12 8 1 1 2 1 0 1 0 0 0
258 142 3 3 0 0 0 0 0 0 0 0 0 424 189 12 8 1 1 2 1 0 1 0 0 0
285 148 5 4 0 0 0 0 0 0 0 0 0 452 200 13 9 1 1 2 1 0 1 0 0 0
294 153 5 4 0 0 0 0 0 0 0 0 0 474 215 13 10 1 1 3 1 0 1 0 0 0
300 161 5 4 0 0 0 0 0 0 0 0 0 478 219 13 10 1 1 3 1 0 1 0 0 0
311 167 5 4 0 0 0 0 0 0 0 0 0 509 225 13 10 1 1 3 1 0 1 0 0 0
348 177 5 5 0 0 0 0 0 0 0 0 0 578 232 13 11 1 2 3 1 0 1 1 0 0
353 181 5 5 0 0 0 0 0 0 0 0 0 586 246 13 11 1 2 3 1 0 1 1 0 0
366 188 5 5 1 0 0 0 0 0 0 0 0 637 251 13 11 1 2 3 1 0 1 1 0 0
381 196 5 5 1 0 0 0 0 0 0 0 0 641 256 13 11 2 2 3 1 0 1 1 0 0
401 202 5 6 1 0 1 0 0 0 0 0 0 657 265 13 12 2 2 3 1 0 2 1 0 0
416 207 6 6 1 0 1 0 0 0 0 0 0 663 273 13 12 2 2 3 1 0 2 1 0 0
423 213 6 6 1 0 1 0 0 0 0 0 0 717 279 13 14 2 2 3 1 0 2 1 0 0
460 221 6 6 1 0 1 0 0 0 0 0 0 723 284 13 14 2 2 3 1 0 2 1 0 0
466 229 6 7 1 0 1 0 0 0 0 0 0 732 288 13 14 2 2 3 1 0 2 1 0 0
471 234 6 7 1 0 1 0 0 0 0 0 0 736 296 14 14 2 2 3 1 0 2 1 0 0
502 240 6 8 1 0 1 0 0 0 0 0 0 742 305 14 14 2 2 3 1 0 2 1 0 0
511 246 6 8 1 1 1 0 0 0 0 0 0 746 309 14 15 2 2 3 1 0 2 1 0 0
