# scores for worst/random/best/smart move selector strategies. 
# scores are 50% and 95% quantiles (based on 40 games) of: 
# game score, #destroyed, #unlocked, #stripes, #bombs, #zappers
0 0 0 0 0 0 0 0 0 0 0 0 0 6 6 0 0 0 0 0 0 0 0 0 0 0
6 6 0 0 0 0 0 0 0 0 0 0 0 9 9 0 0 0 0 0 0 0 0 0 0 0
9 9 0 0 0 0 0 0 0 0 0 0 0 18 18 0 0 0 0 0 0 0 0 0 0 0
12 12 0 0 0 0 0 0 0 0 0 0 0 25 25 0 0 0 0 0 0 0 0 0 0 0
18 18 0 0 0 0 0 0 0 0 0 0 0 30 30 0 0 0 0 0 0 0 0 0 0 0
22 22 0 0 0 0 0 0 0 0 0 0 0 38 33 0 0 0 0 0 0 0 0 0 0 0
26 26 0 0 0 0 0 0 0 0 0 0 0 54 43 0 0 0 0 0 0 0 0 0 0 0
30 30 0 0 0 0 0 0 0 0 0 0 0 60 47 0 1 0 0 0 0 0 0 0 0 0
33 33 0 0 0 0 0 0 0 0 0 0 0 63 50 0 1 0 0 0 0 0 0 0 0 0
39 39 0 0 0 0 0 0 0 0 0 0 0 66 53 0 1 0 0 0 0 0 0 0 0 0
45 44 0 0 0 0 0 0 0 0 0 0 0 76 58 1 1 0 0 0 0 0 0 0 0 0
48 48 0 0 0 0 0 0 0 0 0 0 0 86 61 2 1 0 0 0 0 0 0 0 0 0
54 53 0 0 0 0 0 0 0 0 0 0 0 110 70 2 1 0 0 0 0 0 0 0 0 0
57 57 0 0 0 0 0 0 0 0 0 0 0 123 77 2 1 0 0 0 0 0 0 0 0 0
63 60 0 0 0 0 0 0 0 0 0 0 0 126 80 2 1 0 0 0 0 0 0 0 0 0
66 65 0 0 0 0 0 0 0 0 0 0 0 139 83 2 1 0 0 0 0 0 0 0 0 0
69 68 0 0 0 0 0 0 0 0 0 0 0 142 86 2 1 0 0 0 0 0 0 0 0 0
75 72 0 0 0 0 0 0 0 0 0 0 0 145 91 2 1 0 0 0 0 0 0 0 0 0
78 75 0 0 0 0 0 0 0 0 0 0 0 154 94 2 1 0 0 0 0 0 0 0 0 0
82 81 0 0 0 0 0 0 0 0 0 0 0 158 99 2 1 1 0 0 0 0 0 0 0 0
88 85 0 0 0 0 0 0 0 0 0 0 0 161 118 2 1 1 0 0 0 0 0 0 0 0
93 89 0 0 0 0 0 0 0 0 0 0 0 164 121 2 1 1 0 0 0 0 0 0 0 0
100 93 0 0 0 0 0 0 0 0 0 0 0 167 126 2 1 1 0 0 0 0 0 0 0 0
103 96 0 0 0 0 0 0 0 0 0 0 0 171 131 2 1 1 0 0 0 0 0 0 0 0
107 101 0 0 0 0 0 0 0 0 0 0 0 177 134 2 1 1 0 0 0 0 0 0 0 0
111 105 0 0 0 0 0 0 0 0 0 0 0 180 137 2 1 1 0 0 0 0 0 0 0 0
114 109 0 0 0 0 0 0 0 0 0 0 0 189 145 2 1 1 0 0 0 0 0 0 0 0
117 112 0 0 0 0 0 0 0 0 0 0 0 192 148 2 1 1 0 0 0 0 0 0 0 0
120 118 0 0 0 0 0 0 0 0 0 0 0 195 151 2 1 1 0 0 0 0 0 0 0 0
126 122 0 0 0 0 0 0 0 0 0 0 0 199 155 2 1 1 0 0 0 0 0 0 0 0
131 126 0 0 0 0 0 0 0 0 0 0 0 204 159 2 1 1 0 0 0 0 0 0 0 0
137 129 0 0 0 0 0 0 0 0 0 0 0 211 162 2 1 1 0 0 0 0 0 0 0 0
140 135 0 0 0 0 0 0 0 0 0 0 0 223 173 2 2 1 0 0 0 0 0 0 0 0
144 139 0 0 0 0 0 0 0 0 0 0 0 226 176 3 2 1 0 0 0 0 0 0 0 0
148 146 0 0 0 0 0 0 0 0 0 0 0 229 179 3 2 1 0 0 0 0 0 0 0 0
153 150 0 0 0 0 0 0 0 0 0 0 0 234 184 3 2 1 0 0 0 0 0 0 0 0
156 153 0 0 0 0 0 0 0 0 0 0 0 237 188 3 2 1 0 0 0 0 0 0 0 0
163 156 0 0 0 0 0 0 0 0 0 0 0 244 191 3 2 1 0 0 0 0 0 0 0 0
168 159 0 0 0 0 0 0 0 0 0 0 0 247 194 3 2 1 0 0 0 0 0 0 0 0
171 163 0 0 0 0 0 0 0 0 0 0 0 250 199 3 2 1 0 0 0 0 0 0 0 0
179 167 0 0 0 0 0 0 0 0 0 0 0 254 202 3 2 1 0 0 0 0 0 0 0 0
