# scores for worst/random/best/smart move selector strategies. 
# scores are 50% and 95% quantiles (based on 40 games) of: 
# game score, #destroyed, #unlocked, #stripes, #bombs, #zappers
0 0 0 0 0 0 0 0 0 0 0 0 0 6 6 0 0 0 0 0 0 0 0 0 0 0
4 4 0 0 0 0 0 0 0 0 0 0 0 9 9 0 0 0 0 0 0 0 0 0 0 0
9 9 0 0 0 0 0 0 0 0 0 0 0 16 16 0 0 0 0 0 0 0 0 0 0 0
12 12 0 0 0 0 0 0 0 0 0 0 0 32 21 0 0 0 0 0 0 0 0 0 0 0
17 17 0 0 0 0 0 0 0 0 0 0 0 44 27 0 0 0 0 0 0 0 0 0 0 0
21 21 0 0 0 0 0 0 0 0 0 0 0 60 34 1 1 0 0 0 0 0 0 0 0 0
26 26 0 0 0 0 0 0 0 0 0 0 0 74 39 1 1 0 0 0 0 0 0 0 0 0
30 30 0 0 0 0 0 0 0 0 0 0 0 83 43 2 1 0 0 0 0 0 0 0 0 0
36 35 0 0 0 0 0 0 0 0 0 0 0 86 53 2 1 0 0 0 0 0 0 0 0 0
39 39 0 0 0 0 0 0 0 0 0 0 0 97 58 2 1 0 0 0 0 0 0 0 0 0
45 42 0 0 0 0 0 0 0 0 0 0 0 100 61 2 1 0 0 0 0 0 0 0 0 0
50 45 0 0 0 0 0 0 0 0 0 0 0 103 67 2 1 0 0 0 0 0 0 0 0 0
57 51 0 0 0 0 0 0 0 0 0 0 0 107 71 2 1 0 0 0 0 0 0 0 0 0
60 56 0 0 0 0 0 0 0 0 0 0 0 130 78 3 2 0 0 0 0 0 0 0 0 0
66 62 0 0 0 0 0 0 0 0 0 0 0 138 81 3 2 0 0 0 0 0 0 0 0 0
72 68 0 0 0 0 0 0 0 0 0 0 0 141 85 3 2 0 0 0 0 0 0 0 0 0
77 72 0 0 0 0 0 0 0 0 0 0 0 161 92 3 2 0 0 0 0 0 0 0 0 0
83 75 0 0 0 0 0 0 0 0 0 0 0 173 99 3 2 0 0 0 0 0 0 0 0 0
97 81 0 0 0 0 0 0 0 0 0 0 0 190 106 6 3 1 1 0 0 0 1 0 0 0
103 85 0 1 0 0 0 0 0 0 0 0 0 206 114 6 3 1 1 1 0 0 1 0 0 0
115 91 0 1 0 0 0 0 0 0 0 0 0 209 119 6 3 1 1 1 0 0 1 0 0 0
120 96 0 1 0 0 0 0 0 0 0 0 0 212 123 6 3 1 1 1 0 0 1 0 0 0
123 101 0 1 0 0 0 0 0 0 0 0 0 227 135 6 3 1 1 1 0 0 1 0 0 0
130 105 0 1 0 0 0 0 0 0 0 0 0 233 139 6 3 1 1 1 0 0 1 0 0 0
139 110 0 1 0 0 0 0 0 0 0 0 0 248 147 7 3 1 1 1 0 0 1 0 0 0
146 114 0 1 0 0 0 0 0 0 0 0 0 251 151 7 3 1 1 1 0 0 1 0 0 0
153 119 0 1 0 0 0 0 0 0 0 0 0 293 165 9 3 1 1 1 0 0 1 0 0 0
162 123 0 1 0 0 0 0 0 0 0 0 0 302 172 11 4 1 1 1 0 0 1 0 0 0
175 127 0 1 0 0 0 0 0 0 0 0 0 322 182 11 4 1 1 1 0 0 1 0 0 0
178 130 1 1 0 0 0 0 0 0 0 0 0 328 189 11 4 1 1 1 0 0 1 0 0 0
197 136 1 2 0 0 0 0 0 0 0 0 0 331 192 11 4 1 1 1 0 0 1 0 0 0
207 143 2 2 0 0 0 0 0 0 0 0 0 334 195 11 4 1 1 1 0 0 1 0 0 0
210 149 2 2 0 0 0 0 0 0 0 0 0 339 200 11 4 1 1 1 0 0 1 0 0 0
224 153 2 2 0 0 0 0 0 0 0 0 0 343 204 11 4 1 1 1 0 0 1 0 0 0
227 161 2 2 0 0 0 0 0 0 0 0 0 346 209 11 4 1 1 1 0 0 1 0 0 0
231 164 2 2 0 0 0 0 0 0 0 0 0 350 214 11 4 1 1 1 0 0 1 0 0 0
235 168 2 2 0 0 0 0 0 0 0 0 0 364 217 11 4 1 1 1 0 0 1 0 0 0
240 174 2 2 0 0 0 0 0 0 0 0 0 368 220 11 5 1 1 1 0 0 1 0 0 0
246 182 2 2 0 0 0 0 0 0 0 0 0 376 223 11 5 2 1 1 0 0 1 0 0 0
251 189 2 2 0 0 0 0 0 0 0 0 0 387 231 11 6 2 1 1 0 0 1 0 0 0
258 194 2 3 0 0 0 0 0 0 0 0 0 402 234 11 6 2 1 1 0 0 1 0 0 0
