# scores for worst/random/best/smart move selector strategies. 
# scores are 50% and 95% quantiles (based on 40 games) of: 
# game score, #destroyed, #unlocked, #stripes, #bombs, #zappers
0 0 0 0 0 0 0 0 0 0 0 0 0 6 6 0 0 0 0 0 0 0 0 0 0 0
3 3 0 0 0 0 0 0 0 0 0 0 0 9 9 0 0 0 0 0 0 0 0 0 0 0
9 9 0 0 0 0 0 0 0 0 0 0 0 16 16 0 0 0 0 0 0 0 0 0 0 0
12 12 0 0 0 0 0 0 0 0 0 0 0 24 21 0 0 0 0 0 0 0 0 0 0 0
18 18 0 0 0 0 0 0 0 0 0 0 0 35 28 0 0 0 0 0 0 0 0 0 0 0
21 21 0 0 0 0 0 0 0 0 0 0 0 40 33 0 0 0 0 0 0 0 0 0 0 0
26 25 0 0 0 0 0 0 0 0 0 0 0 89 45 0 1 0 0 0 0 0 0 0 0 0
30 30 0 0 0 0 0 0 0 0 0 0 0 92 49 0 1 0 0 0 0 0 0 0 0 0
33 33 0 0 0 0 0 0 0 0 0 0 0 97 54 0 1 0 0 0 0 0 0 0 0 0
38 38 0 0 0 0 0 0 0 0 0 0 0 128 63 2 2 0 0 0 0 0 0 0 0 0
42 42 0 0 0 0 0 0 0 0 0 0 0 145 69 2 2 0 0 0 0 0 0 0 0 0
45 45 0 0 0 0 0 0 0 0 0 0 0 152 74 2 2 0 0 0 0 0 0 0 0 0
48 48 0 0 0 0 0 0 0 0 0 0 0 157 79 4 2 0 0 0 0 0 0 0 0 0
55 54 0 0 0 0 0 0 0 0 0 0 0 166 86 5 4 0 0 0 0 0 0 0 0 0
62 58 0 0 0 0 0 0 0 0 0 0 0 172 92 5 4 0 0 1 0 0 0 0 0 0
77 64 0 0 0 0 0 0 0 0 0 0 0 185 100 5 4 0 1 1 0 0 1 0 0 0
82 68 0 1 0 0 0 0 0 0 0 0 0 189 105 5 4 0 1 1 0 0 1 0 0 0
88 71 0 1 0 0 0 0 0 0 0 0 0 197 108 5 4 0 1 1 0 0 1 0 0 0
92 74 0 1 0 0 0 0 0 0 0 0 0 221 119 6 5 0 1 1 0 0 1 0 0 0
99 80 0 1 0 0 0 0 0 0 0 0 0 260 127 6 5 0 1 1 0 0 1 0 0 0
107 88 0 1 0 0 0 0 0 0 0 0 0 263 130 6 5 1 1 1 0 0 1 0 0 0
113 91 0 1 0 0 0 0 0 0 0 0 0 268 135 6 5 1 1 1 0 0 1 0 0 0
117 96 0 1 0 0 0 0 0 0 0 0 0 272 140 6 5 1 1 1 0 0 1 0 0 0
124 101 0 1 0 0 0 0 0 0 0 0 0 276 145 6 5 1 1 1 0 0 1 0 0 0
133 105 0 1 0 0 0 0 0 0 0 0 0 290 156 6 5 1 1 1 0 0 1 0 0 0
145 112 0 1 0 0 0 0 0 0 0 0 0 368 166 7 6 1 1 1 0 0 1 0 0 0
152 118 0 2 0 0 0 0 0 0 0 0 0 417 187 8 7 1 1 1 0 0 1 0 0 0
176 124 0 2 0 0 0 0 0 0 0 0 0 420 190 8 7 1 1 1 0 0 1 0 0 0
186 131 0 2 0 0 0 0 0 0 0 0 0 425 194 8 7 1 1 1 0 0 1 0 0 0
191 138 0 2 0 0 0 0 0 0 0 0 0 444 202 8 7 1 1 1 0 0 1 0 0 0
202 141 0 2 0 0 0 0 0 0 0 0 0 457 214 8 7 1 1 1 0 0 1 0 0 0
212 144 1 2 0 0 0 0 0 0 0 0 0 492 222 8 7 2 1 1 0 0 1 0 0 0
215 152 1 2 0 0 0 0 0 0 0 0 0 497 229 8 7 2 1 1 0 0 1 0 0 0
242 155 2 2 0 0 0 0 0 0 0 0 0 501 234 8 7 2 1 1 0 0 1 0 0 0
246 160 2 2 0 0 0 0 0 0 0 0 0 506 238 8 7 2 1 1 0 0 1 0 0 0
250 167 2 2 0 0 0 0 0 0 0 0 0 550 252 8 9 2 1 2 0 0 1 0 0 0
264 174 2 3 0 0 0 0 0 0 0 0 0 578 257 8 9 2 1 2 0 0 1 0 0 0
279 177 2 3 0 0 0 0 0 0 0 0 0 586 264 11 9 2 1 2 0 0 1 0 0 0
299 183 3 3 0 0 0 0 0 0 0 0 0 618 272 11 9 2 1 2 0 0 1 0 0 0
322 191 4 3 0 0 0 0 0 0 0 0 0 654 285 11 10 2 2 2 0 0 1 0 0 0
331 199 4 3 0 0 0 0 0 0 0 0 0 657 288 13 11 2 2 3 0 0 1 0 0 0
