# scores for worst/random/best/smart move selector strategies. 
# scores are 50% and 95% quantiles (based on 40 games) of: 
# game score, #destroyed, #unlocked, #stripes, #bombs, #zappers
0 0 0 0 0 0 0 0 0 0 0 0 0 6 6 0 0 0 0 0 0 0 0 0 0 0
3 3 0 0 0 0 0 0 0 0 0 0 0 9 9 0 0 0 0 0 0 0 0 0 0 0
9 9 0 0 0 0 0 0 0 0 0 0 0 15 15 0 0 0 0 0 0 0 0 0 0 0
12 12 0 0 0 0 0 0 0 0 0 0 0 20 20 0 0 0 0 0 0 0 0 0 0 0
15 15 0 0 0 0 0 0 0 0 0 0 0 26 26 0 0 0 0 0 0 0 0 0 0 0
18 18 0 0 0 0 0 0 0 0 0 0 0 35 31 0 0 0 0 0 0 0 0 0 0 0
24 24 0 0 0 0 0 0 0 0 0 0 0 39 39 0 0 0 0 0 0 0 0 0 0 0
27 27 0 0 0 0 0 0 0 0 0 0 0 42 42 0 0 0 0 0 0 0 0 0 0 0
30 30 0 0 0 0 0 0 0 0 0 0 0 56 45 0 0 0 0 0 0 0 0 0 0 0
34 34 0 0 0 0 0 0 0 0 0 0 0 59 49 0 0 0 0 0 0 0 0 0 0 0
39 39 0 0 0 0 0 0 0 0 0 0 0 68 56 0 0 0 0 0 0 0 0 0 0 0
42 42 0 0 0 0 0 0 0 0 0 0 0 74 61 0 0 0 0 0 0 0 0 0 0 0
47 47 0 0 0 0 0 0 0 0 0 0 0 77 66 0 0 0 0 0 0 0 0 0 0 0
51 51 0 0 0 0 0 0 0 0 0 0 0 99 72 0 0 0 0 0 0 0 0 0 0 0
55 55 0 0 0 0 0 0 0 0 0 0 0 102 75 0 0 0 0 0 0 0 0 0 0 0
61 61 0 0 0 0 0 0 0 0 0 0 0 116 79 0 1 0 0 0 0 0 0 0 0 0
66 66 0 0 0 0 0 0 0 0 0 0 0 121 84 0 1 0 0 0 0 0 0 0 0 0
72 70 0 0 0 0 0 0 0 0 0 0 0 125 89 0 1 0 0 0 0 0 0 0 0 0
77 75 0 0 0 0 0 0 0 0 0 0 0 130 92 0 1 0 0 0 0 0 0 0 0 0
81 80 0 0 0 0 0 0 0 0 0 0 0 133 95 0 1 0 0 0 0 0 0 0 0 0
84 84 0 0 0 0 0 0 0 0 0 0 0 136 99 0 1 0 0 0 0 0 0 0 0 0
87 87 0 0 0 0 0 0 0 0 0 0 0 139 102 0 1 0 0 0 0 0 0 0 0 0
90 90 0 0 0 0 0 0 0 0 0 0 0 147 108 1 1 0 0 0 0 0 0 0 0 0
93 93 0 0 0 0 0 0 0 0 0 0 0 150 111 1 1 0 0 0 0 0 0 0 0 0
97 96 0 0 0 0 0 0 0 0 0 0 0 159 116 1 1 0 0 0 0 0 0 0 0 0
100 99 0 0 0 0 0 0 0 0 0 0 0 162 122 1 1 0 0 0 0 0 0 0 0 0
105 105 0 0 0 0 0 0 0 0 0 0 0 165 125 1 1 0 0 0 0 0 0 0 0 0
108 108 0 0 0 0 0 0 0 0 0 0 0 168 130 1 1 0 0 0 0 0 0 0 0 0
115 114 0 0 0 0 0 0 0 0 0 0 0 172 133 1 1 0 0 0 0 0 0 0 0 0
120 118 0 0 0 0 0 0 0 0 0 0 0 177 137 1 1 0 0 0 0 0 0 0 0 0
123 123 0 0 0 0 0 0 0 0 0 0 0 180 147 2 1 0 0 0 0 0 0 0 0 0
132 126 0 0 0 0 0 0 0 0 0 0 0 185 156 2 1 0 0 0 0 0 0 0 0 0
135 129 0 0 0 0 0 0 0 0 0 0 0 190 160 2 1 0 0 0 0 0 0 0 0 0
140 135 0 0 0 0 0 0 0 0 0 0 0 194 163 2 1 0 0 0 0 0 0 0 0 0
151 138 0 0 0 0 0 0 0 0 0 0 0 197 168 2 1 0 0 0 0 0 0 0 0 0
154 145 0 0 0 0 0 0 0 0 0 0 0 201 171 2 1 0 0 0 0 0 0 0 0 0
157 148 0 0 0 0 0 0 0 0 0 0 0 222 179 2 1 1 0 0 0 0 0 0 0 0
161 155 0 0 0 0 0 0 0 0 0 0 0 225 182 2 1 1 0 0 0 0 0 0 0 0
166 160 0 0 0 0 0 0 0 0 0 0 0 257 185 2 1 1 1 0 0 0 1 0 0 0
170 165 0 0 0 0 0 0 0 0 0 0 0 262 189 2 1 1 1 0 0 0 1 0 0 0
174 168 0 0 0 0 0 0 0 0 0 0 0 267 194 2 1 1 1 0 0 0 1 0 0 0
