# scores for worst/random/best/smart move selector strategies. 
# scores are 50% and 95% quantiles (based on 40 games) of: 
# game score, #destroyed, #unlocked, #stripes, #bombs, #zappers
0 0 0 0 0 0 0 0 0 0 0 0 0 8 8 0 0 0 0 0 0 0 0 0 0 0
5 5 0 0 0 0 0 0 0 0 0 0 0 13 13 0 0 0 0 0 0 0 0 0 0 0
9 9 0 0 0 0 0 0 0 0 0 0 0 19 19 0 0 0 0 0 0 0 0 0 0 0
12 12 0 0 0 0 0 0 0 0 0 0 0 26 26 0 0 0 0 0 0 0 0 0 0 0
16 16 0 0 0 0 0 0 0 0 0 0 0 142 50 1 3 0 0 1 0 0 0 0 0 0
21 21 0 0 0 0 0 0 0 0 0 0 0 246 67 1 5 1 0 1 0 0 0 0 0 0
25 25 0 0 0 0 0 0 0 0 0 0 0 253 74 1 5 1 0 1 0 0 0 0 0 0
32 30 0 0 0 0 0 0 0 0 0 0 0 262 79 1 5 1 0 1 0 0 0 0 0 0
46 35 0 0 0 0 0 0 0 0 0 0 0 266 83 1 5 1 0 1 0 0 0 0 0 0
54 38 0 0 0 0 0 0 0 0 0 0 0 305 89 1 5 1 1 1 1 0 1 0 0 0
67 43 0 1 0 0 0 0 0 0 0 0 0 387 102 2 7 2 1 1 1 0 1 0 0 0
85 47 0 1 0 0 0 0 0 0 0 0 0 391 106 2 8 2 1 1 1 0 1 0 0 0
93 52 0 1 0 0 0 0 0 0 0 0 0 395 110 2 8 2 1 1 1 0 1 0 0 0
106 60 0 2 0 0 0 0 0 0 0 0 0 417 114 2 8 2 1 1 1 0 1 0 0 0
125 67 0 2 0 0 0 0 0 0 0 0 0 452 126 4 9 2 1 2 1 0 1 0 0 0
156 70 0 2 0 0 0 0 0 0 0 0 0 457 131 4 9 2 1 2 1 0 1 0 0 0
171 73 0 3 0 0 0 0 0 0 0 0 0 460 135 4 9 2 1 2 1 0 1 0 0 0
203 83 0 4 0 0 0 0 0 0 0 0 0 496 138 5 9 2 1 2 1 0 1 0 0 0
210 91 0 4 0 0 0 0 0 0 0 0 0 513 141 5 9 2 1 2 1 0 1 0 0 0
222 97 0 4 0 0 1 0 0 0 0 0 0 544 147 5 9 2 1 2 1 0 1 0 0 0
234 101 1 5 0 0 1 0 0 0 0 0 0 574 153 5 9 2 1 2 1 0 1 0 0 0
255 114 1 5 0 0 1 0 0 0 0 0 0 590 164 5 9 2 2 2 1 0 1 0 0 0
283 123 1 5 1 0 1 0 0 0 0 0 0 597 167 5 9 2 2 2 1 0 1 0 0 0
298 127 1 6 1 0 1 0 0 0 0 0 0 619 178 5 10 3 2 2 1 0 1 0 0 0
326 132 1 6 1 0 1 0 0 0 0 0 0 630 185 5 10 3 2 2 1 0 1 0 0 0
331 136 1 6 1 0 1 0 0 0 0 0 0 637 191 5 10 3 2 2 1 0 1 0 0 0
336 141 1 6 1 0 1 0 0 0 0 0 0 641 196 5 10 3 2 2 1 0 1 0 0 0
357 150 1 6 1 0 1 0 0 0 0 0 0 644 199 5 10 3 2 2 1 0 1 0 0 0
374 153 1 6 1 0 1 0 0 0 0 0 0 675 210 5 11 3 2 2 1 0 1 0 0 0
396 160 1 8 1 0 1 0 0 0 0 0 0 794 213 5 12 4 2 2 1 0 1 0 0 0
416 166 1 8 2 0 1 0 0 0 0 0 0 798 216 5 12 4 2 2 1 0 1 0 0 0
451 171 1 8 2 0 1 0 0 0 0 0 0 804 219 5 12 4 2 2 1 0 1 0 0 0
455 176 1 8 2 0 1 0 0 0 0 0 0 822 223 5 14 4 2 2 1 0 1 0 0 0
470 182 1 9 2 0 1 0 0 0 0 0 0 825 227 5 14 4 2 3 1 0 1 0 0 0
475 185 1 9 2 0 1 0 0 0 0 0 0 828 231 5 14 4 2 3 1 0 1 0 0 0
492 204 1 9 2 0 1 0 0 0 0 0 0 833 240 5 14 4 2 3 1 0 1 0 0 0
515 207 1 10 2 0 1 0 0 0 0 0 0 840 244 5 14 4 2 3 1 0 1 0 0 0
523 214 1 10 2 0 1 0 0 0 0 0 0 869 247 5 14 4 2 3 1 0 1 0 0 0
534 217 1 10 2 0 1 0 0 0 0 0 0 873 256 5 14 4 2 3 1 0 1 0 0 0
544 223 1 11 2 0 1 0 0 0 0 0 0 876 262 5 15 4 2 3 1 0 1 0 0 0
565 227 1 11 2 0 1 0 0 0 0 0 0 913 281 5 16 4 2 3 1 0 1 0 0 0
