# scores for worst/random/best/smart move selector strategies. 
# scores are 50% and 95% quantiles (based on 40 games) of: 
# game score, #destroyed, #unlocked, #stripes, #bombs, #zappers
3 3 0 0 0 0 0 0 0 0 0 0 0 14 14 0 0 0 0 0 0 0 0 0 0 0
6 6 0 0 0 0 0 0 0 0 0 0 0 15 15 0 0 0 0 0 0 0 0 0 0 0
9 9 0 0 0 0 0 0 0 0 0 0 0 18 18 0 0 0 0 0 0 0 0 0 0 0
12 12 0 0 0 0 0 0 0 0 0 0 0 23 23 0 0 0 0 0 0 0 0 0 0 0
17 17 0 0 0 0 0 0 0 0 0 0 0 30 30 0 0 0 0 0 0 0 0 0 0 0
21 21 0 0 0 0 0 0 0 0 0 0 0 33 33 0 0 0 0 0 0 0 0 0 0 0
24 24 0 0 0 0 0 0 0 0 0 0 0 37 37 0 0 0 0 0 0 0 0 0 0 0
27 27 0 0 0 0 0 0 0 0 0 0 0 91 42 5 2 0 0 0 0 0 0 0 0 0
31 31 0 0 0 0 0 0 0 0 0 0 0 94 45 5 2 0 0 0 0 0 0 0 0 0
35 34 0 0 0 0 0 0 0 0 0 0 0 102 49 8 2 0 0 0 0 0 0 0 0 0
39 39 0 0 0 0 0 0 0 0 0 0 0 105 53 8 2 0 0 0 0 0 0 0 0 0
45 42 0 0 0 0 0 0 0 0 0 0 0 109 58 8 2 0 0 0 0 0 0 0 0 0
48 45 0 0 0 0 0 0 0 0 0 0 0 344 91 8 7 2 0 0 0 0 0 0 0 0
52 51 0 0 0 0 0 0 0 0 0 0 0 351 96 10 7 2 0 0 0 0 0 0 0 0
57 54 0 0 0 0 0 0 0 0 0 0 0 358 100 10 7 2 0 0 0 0 0 0 0 0
62 59 0 0 0 0 0 0 0 0 0 0 0 364 103 10 7 2 0 0 0 0 0 0 0 0
69 63 0 0 0 0 0 0 0 0 0 0 0 387 111 10 7 2 0 0 0 0 0 0 0 0
79 67 0 0 0 0 0 0 0 0 0 0 0 401 116 10 8 2 0 1 0 0 0 0 0 0
82 71 0 0 0 0 0 0 0 0 0 0 0 404 119 10 8 2 0 1 0 0 0 0 0 0
94 75 0 1 0 0 0 0 0 0 0 0 0 414 122 10 8 3 0 1 0 0 0 0 0 0
100 80 0 1 0 0 0 0 0 0 0 0 0 417 125 10 8 3 0 1 0 0 0 0 0 0
103 83 0 1 0 0 0 0 0 0 0 0 0 422 131 10 8 3 0 1 0 0 0 0 0 0
109 90 0 1 0 0 0 0 0 0 0 0 0 444 145 10 8 3 0 1 0 0 0 0 0 0
122 96 0 1 0 0 0 0 0 0 0 0 0 449 149 10 8 3 0 1 0 0 0 0 0 0
125 100 0 1 0 0 0 0 0 0 0 0 0 463 162 10 8 3 0 1 0 0 0 0 0 0
143 110 1 1 0 0 0 0 0 0 0 0 0 467 167 11 8 3 0 1 1 0 0 0 0 0
170 115 2 2 0 0 0 0 0 0 0 0 0 470 173 11 8 3 0 1 1 0 0 0 0 0
173 118 2 2 0 0 0 0 0 0 0 0 0 473 177 11 8 3 0 1 1 0 0 0 0 0
175 120 2 2 0 0 0 0 0 0 0 0 0 476 181 11 8 3 0 1 1 0 0 0 0 0
203 125 2 2 0 0 0 0 0 0 0 0 0 483 186 11 9 3 0 1 1 0 0 0 0 0
269 130 3 3 1 0 0 0 0 0 0 0 0 502 191 11 9 3 0 1 1 0 0 0 0 0
273 134 3 3 1 0 0 0 0 0 0 0 0 505 194 11 9 3 0 1 1 0 0 0 0 0
276 138 3 3 1 0 0 0 0 0 0 0 0 510 198 11 9 3 0 1 1 0 0 0 0 0
279 143 3 4 1 0 0 0 0 0 0 0 0 516 204 11 9 3 0 1 1 0 0 0 0 0
282 147 3 4 1 0 0 0 0 0 0 0 0 521 209 11 9 3 0 1 1 0 0 0 0 0
341 151 4 5 2 0 0 0 0 0 0 0 0 524 212 11 9 3 0 1 1 0 0 0 0 0
344 154 4 5 2 0 0 0 0 0 0 0 0 527 215 11 9 3 0 1 1 0 0 0 0 0
390 159 5 6 2 0 0 0 0 0 0 0 0 530 218 11 9 3 0 1 1 0 0 0 0 0
394 165 5 6 2 0 0 0 0 0 0 0 0 533 221 11 9 3 0 1 1 0 0 0 0 0
397 168 5 6 2 0 0 0 0 0 0 0 0 536 224 11 9 3 0 1 1 0 0 0 0 0
406 173 5 6 2 0 0 0 0 0 0 0 0 542 231 11 9 3 0 1 1 0 0 0 0 0
