# scores for worst/random/best/smart move selector strategies. 
# scores are 50% and 95% quantiles (based on 40 games) of: 
# game score, #destroyed, #unlocked, #stripes, #bombs, #zappers
3 3 0 0 0 0 0 0 0 0 0 0 0 14 14 0 0 0 0 0 0 0 0 0 0 0
6 6 0 0 0 0 0 0 0 0 0 0 0 50 20 4 1 0 0 0 0 0 0 0 0 0
13 13 0 0 0 0 0 0 0 0 0 0 0 76 26 4 2 0 0 0 0 0 0 0 0 0
18 18 0 0 0 0 0 0 0 0 0 0 0 167 51 6 3 1 1 0 0 0 1 0 0 0
27 24 0 0 0 0 0 0 0 0 0 0 0 282 73 7 5 1 1 0 0 0 1 0 0 0
38 31 0 0 0 0 0 0 0 0 0 0 0 354 78 9 7 2 1 1 1 0 1 0 0 0
79 41 0 1 0 0 0 0 0 0 0 0 0 376 90 10 7 2 1 1 1 0 1 0 0 0
98 47 1 2 0 0 0 0 0 0 0 0 0 398 96 10 7 2 1 1 1 0 1 0 0 0
151 65 1 3 1 0 0 0 0 0 0 0 0 410 111 11 9 2 1 2 1 0 1 0 0 0
205 76 3 4 1 0 0 0 0 0 0 0 0 434 119 11 9 2 1 2 1 0 1 0 0 0
297 87 4 5 2 0 0 0 0 0 0 0 0 444 124 11 9 2 1 2 1 0 1 0 0 0
358 96 6 7 2 0 0 0 0 0 0 0 0 487 139 11 10 3 1 2 1 0 1 0 0 0
361 102 6 7 2 0 0 0 0 0 0 0 0 508 143 11 10 3 1 2 1 0 1 0 0 0
381 110 6 7 2 0 0 0 0 0 0 0 0 513 151 11 10 3 1 3 1 0 1 0 0 0
386 113 7 7 2 0 0 0 0 0 0 0 0 542 156 11 11 3 1 3 1 1 1 0 0 0
420 122 8 8 2 0 0 0 0 0 0 0 0 548 162 11 11 4 1 3 1 1 1 0 0 0
428 129 8 8 2 0 0 0 0 0 0 0 0 553 167 11 11 4 1 3 1 1 1 0 0 0
434 139 8 8 2 0 0 0 0 0 0 0 0 564 173 11 12 4 1 3 1 1 1 0 0 0
446 146 8 8 2 0 0 0 0 0 0 0 0 596 180 11 12 4 2 3 1 1 2 0 0 0
494 158 8 9 2 0 1 1 0 0 0 0 0 602 191 11 12 4 2 3 1 1 2 0 0 0
499 165 8 9 2 0 1 1 0 0 0 0 0 622 201 11 13 4 2 3 1 1 2 0 0 0
516 171 8 9 2 0 1 1 0 0 0 0 0 629 204 11 13 4 2 3 1 1 2 0 0 0
532 178 8 9 2 0 1 1 0 0 0 0 0 659 210 11 14 4 2 3 1 1 2 0 0 0
539 183 8 9 2 0 1 1 0 0 0 0 0 670 217 11 14 4 3 3 1 1 3 0 0 0
543 191 8 9 2 0 1 1 0 0 0 0 0 686 223 11 15 4 3 3 1 1 3 0 0 0
575 196 8 10 2 0 1 1 0 0 0 0 0 739 250 11 15 4 3 3 1 1 3 0 0 0
591 209 8 10 2 0 1 1 0 0 0 0 0 758 264 11 16 4 3 3 2 1 3 0 0 0
616 215 8 10 2 0 1 1 0 0 0 0 0 783 271 11 16 4 3 3 2 1 3 0 0 0
624 221 8 11 2 0 1 1 0 0 0 0 0 806 278 11 17 4 3 3 2 1 3 0 0 0
633 226 8 11 2 0 1 1 0 0 0 0 0 818 286 11 17 4 3 3 2 1 3 0 0 0
667 232 8 11 3 0 1 1 0 0 0 0 0 841 291 11 17 4 3 3 2 1 3 0 0 0
695 241 8 12 3 0 1 1 0 0 0 0 0 861 300 11 18 4 3 3 2 1 3 0 0 0
704 251 8 12 3 0 1 1 0 0 0 0 0 898 310 11 18 4 3 3 2 1 3 0 0 0
707 260 8 12 3 0 1 1 0 0 0 0 0 917 317 11 18 4 3 3 2 1 3 0 0 0
741 267 8 12 3 0 1 1 0 0 0 0 0 935 333 11 19 4 3 3 2 1 3 1 0 0
744 273 8 13 3 0 1 1 0 0 0 0 0 944 341 11 19 4 3 3 2 1 3 1 0 0
764 281 8 13 3 0 1 1 0 0 0 0 0 970 346 11 19 4 3 3 2 1 3 1 0 0
769 291 8 13 3 0 1 1 0 0 0 0 0 1146 361 11 19 5 4 3 2 1 3 1 0 0
802 296 8 13 3 0 1 1 0 0 0 0 0 1285 365 11 19 11 4 3 2 1 3 1 0 0
808 305 8 13 4 0 1 1 0 0 0 0 0 1291 374 11 20 11 4 3 2 1 3 1 0 0
832 313 8 13 4 1 1 1 0 1 0 0 0 1295 378 11 20 11 4 3 2 1 3 1 0 0
