# scores for worst/random/best/smart move selector strategies. 
# scores are 50% and 95% quantiles (based on 40 games) of: 
# game score, #destroyed, #unlocked, #stripes, #bombs, #zappers
0 0 0 0 0 0 0 0 0 0 0 0 0 8 8 0 0 0 0 0 0 0 0 0 0 0
3 3 0 0 0 0 0 0 0 0 0 0 0 14 14 0 0 0 0 0 0 0 0 0 0 0
6 6 0 0 0 0 0 0 0 0 0 0 0 15 15 0 0 0 0 0 0 0 0 0 0 0
9 9 0 0 0 0 0 0 0 0 0 0 0 21 21 0 0 0 0 0 0 0 0 0 0 0
12 12 0 0 0 0 0 0 0 0 0 0 0 28 26 0 0 0 0 0 0 0 0 0 0 0
16 16 0 0 0 0 0 0 0 0 0 0 0 29 28 0 0 0 0 0 0 0 0 0 0 0
21 21 0 0 0 0 0 0 0 0 0 0 0 64 31 0 1 0 0 0 0 0 0 0 0 0
24 24 0 0 0 0 0 0 0 0 0 0 0 67 37 0 1 0 0 0 0 0 0 0 0 0
28 28 0 0 0 0 0 0 0 0 0 0 0 70 43 0 1 0 0 0 0 0 0 0 0 0
33 33 0 0 0 0 0 0 0 0 0 0 0 90 46 0 2 0 0 0 0 0 0 0 0 0
36 36 0 0 0 0 0 0 0 0 0 0 0 93 52 0 2 0 0 0 0 0 0 0 0 0
39 39 0 0 0 0 0 0 0 0 0 0 0 96 55 0 2 0 0 0 0 0 0 0 0 0
44 42 0 0 0 0 0 0 0 0 0 0 0 119 58 0 2 0 0 0 0 0 0 0 0 0
47 45 0 0 0 0 0 0 0 0 0 0 0 121 63 0 2 0 0 0 0 0 0 0 0 0
50 49 0 0 0 0 0 0 0 0 0 0 0 133 67 0 2 0 0 0 0 0 0 0 0 0
54 54 0 0 0 0 0 0 0 0 0 0 0 142 71 0 3 0 0 0 0 0 0 0 0 0
60 57 0 0 0 0 0 0 0 0 0 0 0 246 85 1 5 1 0 0 0 0 0 0 0 0
63 63 0 0 0 0 0 0 0 0 0 0 0 249 89 2 5 1 0 0 0 0 0 0 0 0
68 66 0 0 0 0 0 0 0 0 0 0 0 297 97 2 6 2 0 0 0 0 0 0 0 0
71 69 0 0 0 0 0 0 0 0 0 0 0 300 100 2 6 2 0 0 0 0 0 0 0 0
93 75 0 1 0 0 0 0 0 0 0 0 0 303 103 4 6 2 0 0 0 0 0 0 0 0
103 78 0 1 0 0 0 0 0 0 0 0 0 307 107 4 6 2 0 0 0 0 0 0 0 0
119 83 0 1 0 0 0 0 0 0 0 0 0 312 112 4 6 2 0 0 0 0 0 0 0 0
132 87 0 1 0 0 0 0 0 0 0 0 0 317 120 4 6 2 0 0 0 0 0 0 0 0
146 92 0 1 0 0 0 0 0 0 0 0 0 357 129 4 7 2 0 0 0 0 0 0 0 0
150 97 0 1 0 0 0 0 0 0 0 0 0 360 132 4 7 2 0 0 0 0 0 0 0 0
164 103 0 2 0 0 0 0 0 0 0 0 0 363 135 4 7 2 0 0 0 0 0 0 0 0
173 106 0 2 0 0 0 0 0 0 0 0 0 367 140 4 7 2 0 0 0 0 0 0 0 0
185 113 0 2 0 0 0 0 0 0 0 0 0 382 143 4 7 2 0 0 0 0 0 0 0 0
200 117 0 2 0 0 0 0 0 0 0 0 0 385 147 4 7 2 0 0 0 0 0 0 0 0
212 120 0 3 0 0 0 0 0 0 0 0 0 388 150 4 7 2 0 0 0 0 0 0 0 0
218 123 0 3 0 0 0 0 0 0 0 0 0 391 153 4 7 2 0 0 0 0 0 0 0 0
223 131 0 3 0 0 0 0 0 0 0 0 0 394 156 4 7 2 0 0 0 0 0 0 0 0
233 134 0 3 0 0 0 0 0 0 0 0 0 397 162 4 7 2 0 0 0 0 0 0 0 0
239 139 0 3 1 0 0 0 0 0 0 0 0 400 165 4 7 2 0 0 0 0 0 0 0 0
242 142 0 3 1 0 0 0 0 0 0 0 0 403 168 4 7 2 0 0 0 0 0 0 0 0
253 146 0 3 1 0 0 0 0 0 0 0 0 406 172 4 7 2 0 0 0 0 0 0 0 0
269 149 0 4 1 0 0 0 0 0 0 0 0 409 175 4 7 2 0 0 0 0 0 0 0 0
272 153 0 4 1 0 0 0 0 0 0 0 0 412 179 4 7 2 0 0 0 0 0 0 0 0
288 158 0 4 1 0 0 0 0 0 0 0 0 416 182 4 7 2 0 0 0 0 0 0 0 0
291 161 0 4 1 0 0 0 0 0 0 0 0 419 185 4 7 2 0 0 0 0 0 0 0 0
