# scores for worst/random/best/smart move selector strategies. 
# scores are 50% and 95% quantiles (based on 40 games) of: 
# game score, #destroyed, #unlocked, #stripes, #bombs, #zappers
3 3 0 0 0 0 0 0 0 0 0 0 0 8 8 0 0 0 0 0 0 0 0 0 0 0
6 6 0 0 0 0 0 0 0 0 0 0 0 12 12 0 0 0 0 0 0 0 0 0 0 0
10 10 0 0 0 0 0 0 0 0 0 0 0 15 15 0 0 0 0 0 0 0 0 0 0 0
14 14 0 0 0 0 0 0 0 0 0 0 0 39 22 0 0 0 0 0 0 0 0 0 0 0
18 18 0 0 0 0 0 0 0 0 0 0 0 64 29 1 1 0 0 0 0 0 0 0 0 0
23 23 0 0 0 0 0 0 0 0 0 0 0 137 44 5 2 0 0 0 0 0 0 0 0 0
28 28 0 0 0 0 0 0 0 0 0 0 0 200 57 5 3 1 0 1 0 0 0 0 0 0
31 31 0 0 0 0 0 0 0 0 0 0 0 661 96 7 4 9 2 1 0 0 0 0 0 0
35 35 0 0 0 0 0 0 0 0 0 0 0 684 105 7 4 9 2 1 1 0 1 0 0 0
38 38 0 0 0 0 0 0 0 0 0 0 0 726 117 7 4 9 2 1 1 0 1 0 1 0
44 44 0 0 0 0 0 0 0 0 0 0 0 774 133 9 6 9 2 1 1 0 1 0 1 0
72 49 0 0 0 0 0 0 0 0 0 0 0 896 138 10 7 13 2 1 1 0 1 0 1 0
81 55 1 1 0 0 0 0 0 0 0 0 0 929 144 10 7 13 2 1 1 0 1 0 1 0
109 60 1 1 0 0 0 0 0 0 0 0 0 954 152 11 8 13 2 1 1 0 1 0 1 0
123 65 1 1 0 0 0 0 0 0 0 0 0 970 160 11 8 13 2 1 1 0 1 0 1 0
133 73 1 1 0 0 0 0 0 0 0 0 0 973 165 11 8 13 2 2 1 0 1 0 1 0
136 77 1 2 0 0 0 0 0 0 0 0 0 976 168 11 8 13 2 2 1 0 1 0 1 0
155 86 1 3 0 0 0 0 0 0 0 0 0 982 181 11 15 13 2 2 1 0 1 0 1 0
160 94 1 3 0 0 0 0 0 0 0 0 0 985 185 11 15 13 2 2 1 0 2 0 1 0
216 106 1 3 0 0 0 0 0 0 0 0 0 988 188 11 15 13 2 2 1 0 2 0 1 0
266 117 1 3 0 1 0 0 0 0 0 0 0 992 193 11 15 13 2 2 1 0 2 0 1 0
271 125 2 4 0 1 0 0 0 0 0 0 0 995 197 11 15 13 2 2 1 0 2 0 1 0
379 134 3 4 1 2 0 0 0 0 0 0 0 1008 203 11 15 13 2 2 1 0 2 0 1 0
444 140 3 5 1 2 0 0 0 0 0 0 0 1062 216 11 16 13 2 2 1 0 2 1 1 0
475 152 4 5 1 2 0 0 0 0 0 0 0 1065 222 11 16 13 2 2 1 0 2 1 1 0
478 155 4 6 1 2 0 0 0 0 0 0 0 1071 227 11 16 13 2 2 1 0 2 1 1 0
541 161 4 6 2 2 0 0 0 0 0 0 0 1077 231 11 16 13 3 2 1 0 2 1 1 0
559 166 4 6 2 2 0 0 0 0 0 0 0 1080 234 11 16 13 3 2 1 0 2 1 1 0
565 173 4 6 2 2 0 0 0 0 0 0 0 1112 240 11 16 13 3 2 1 0 2 1 1 0
569 184 4 7 2 2 0 0 0 0 0 0 0 1115 251 11 16 13 3 2 1 0 2 1 1 0
602 202 5 7 2 2 0 0 0 0 0 0 0 1134 255 11 18 14 3 2 1 0 2 1 1 0
625 215 5 7 2 2 1 0 0 0 0 0 0 1186 259 11 18 15 3 2 1 0 2 1 1 0
654 221 5 8 2 2 1 0 0 0 0 0 0 1189 268 11 19 16 3 2 1 0 2 1 1 0
665 231 5 8 2 2 1 0 0 0 0 0 0 1195 271 11 20 16 3 2 1 0 2 1 1 0
668 235 5 8 2 2 1 0 0 0 0 0 0 1198 278 11 21 16 3 2 1 0 2 1 1 0
697 240 5 8 2 2 1 0 0 0 0 0 0 1201 282 11 21 16 3 2 1 0 2 1 1 0
701 243 5 8 2 2 1 0 0 0 0 0 0 1219 294 11 21 16 3 2 1 0 2 1 1 0
704 247 5 8 2 2 1 0 0 0 0 0 0 1222 298 11 21 16 3 2 1 0 2 1 1 0
709 252 5 8 2 2 1 0 0 0 0 0 0 1225 301 11 21 16 3 2 1 0 2 1 1 0
732 258 5 9 2 2 1 0 0 0 0 0 0 1228 304 11 21 16 3 2 1 0 2 1 1 0
741 262 5 9 2 2 1 0 0 0 0 0 0 1245 310 11 22 16 3 2 1 0 2 1 1 0
