# scores for worst/random/best/smart move selector strategies. 
# scores are 50% and 95% quantiles (based on 40 games) of: 
# game score, #destroyed, #unlocked, #stripes, #bombs, #zappers
3 3 0 0 0 0 0 0 0 0 0 0 0 8 8 0 0 0 0 0 0 0 0 0 0 0
6 6 0 0 0 0 0 0 0 0 0 0 0 11 11 0 0 0 0 0 0 0 0 0 0 0
9 9 0 0 0 0 0 0 0 0 0 0 0 15 15 0 0 0 0 0 0 0 0 0 0 0
12 12 0 0 0 0 0 0 0 0 0 0 0 18 18 0 0 0 0 0 0 0 0 0 0 0
15 15 0 0 0 0 0 0 0 0 0 0 0 25 23 0 0 0 0 0 0 0 0 0 0 0
20 19 0 0 0 0 0 0 0 0 0 0 0 35 29 0 0 0 0 0 0 0 0 0 0 0
24 24 0 0 0 0 0 0 0 0 0 0 0 48 33 0 0 0 0 0 0 0 0 0 0 0
27 27 0 0 0 0 0 0 0 0 0 0 0 71 38 0 1 0 0 0 0 0 0 0 0 0
31 31 0 0 0 0 0 0 0 0 0 0 0 79 43 0 1 0 0 0 0 0 0 0 0 0
34 34 0 0 0 0 0 0 0 0 0 0 0 82 48 0 1 0 0 0 0 0 0 0 0 0
37 37 0 0 0 0 0 0 0 0 0 0 0 130 58 0 1 0 1 0 0 0 0 0 0 0
41 40 0 0 0 0 0 0 0 0 0 0 0 135 62 1 1 0 1 0 0 0 0 0 0 0
45 44 0 0 0 0 0 0 0 0 0 0 0 233 77 2 2 1 1 0 0 0 0 0 0 0
49 49 0 0 0 0 0 0 0 0 0 0 0 236 81 2 2 1 1 0 0 0 1 0 0 0
55 55 0 0 0 0 0 0 0 0 0 0 0 239 90 4 2 1 1 0 0 0 1 0 0 0
60 58 0 0 0 0 0 0 0 0 0 0 0 344 96 4 3 1 1 0 0 0 1 0 0 0
66 63 0 0 0 0 0 0 0 0 0 0 0 349 100 4 4 1 2 0 0 0 1 0 0 0
76 66 0 0 0 0 0 0 0 0 0 0 0 367 103 4 4 1 2 0 0 0 1 0 0 0
89 70 0 0 0 0 0 0 0 0 0 0 0 388 110 6 5 1 2 1 0 0 1 0 0 0
95 74 0 0 0 0 0 0 0 0 0 0 0 406 117 6 5 1 2 1 0 0 1 0 0 0
109 81 0 0 0 0 0 0 0 0 0 0 0 487 135 6 6 2 2 1 0 0 1 0 0 0
118 87 0 0 0 0 0 0 0 0 0 0 0 507 139 6 6 2 2 1 0 0 1 0 0 0
121 91 0 1 0 0 0 0 0 0 0 0 0 510 142 6 6 2 2 1 0 0 1 0 0 0
132 95 0 1 0 0 0 0 0 0 0 0 0 514 146 6 6 2 2 1 0 0 1 0 0 0
141 99 0 1 0 0 0 0 0 0 0 0 0 564 160 6 7 2 2 1 0 0 2 0 0 0
150 102 0 1 0 0 0 0 0 0 0 0 0 567 163 6 7 2 2 1 0 0 2 0 0 0
168 113 0 1 0 1 0 0 0 0 0 0 0 609 166 6 7 6 2 1 0 0 2 0 0 0
187 116 0 1 0 1 0 0 0 0 0 0 0 654 170 6 7 6 2 1 0 0 2 0 0 0
196 126 0 1 0 1 0 0 0 0 0 0 0 661 179 6 7 6 2 1 0 0 2 0 0 0
218 131 0 2 0 1 0 0 0 0 0 0 0 664 184 6 7 6 2 1 0 0 2 0 0 0
272 138 0 2 0 1 0 0 0 0 0 0 0 671 188 7 7 9 2 1 0 0 2 0 1 0
293 142 0 2 0 1 0 0 0 0 0 0 0 760 194 7 7 9 2 1 0 0 2 0 1 0
307 148 1 2 0 1 0 0 0 0 0 0 0 763 197 7 7 9 2 1 0 0 2 0 1 0
314 154 1 2 1 1 0 0 0 0 0 0 0 766 200 7 7 9 2 1 0 0 2 0 1 0
341 161 1 3 1 2 0 0 0 1 0 0 0 769 205 7 7 9 2 2 0 0 2 0 1 0
365 167 1 3 1 2 0 0 0 1 0 0 0 773 209 7 7 9 2 2 0 0 2 0 1 0
390 175 1 3 1 2 0 0 0 1 0 0 0 777 214 7 7 9 2 2 0 0 2 0 1 0
402 178 1 3 1 2 0 0 0 1 0 0 0 780 221 7 7 9 2 2 1 0 2 0 1 0
405 182 2 3 1 2 0 0 0 1 0 0 0 788 227 7 7 9 2 2 1 0 2 0 1 0
462 188 2 4 1 2 0 0 0 1 0 0 0 824 233 7 7 9 2 2 1 0 2 0 1 0
518 200 2 4 2 2 0 0 0 1 0 0 0 849 236 7 8 9 2 2 1 0 2 0 1 0
