# scores for worst/random/best/smart move selector strategies. 
# scores are 50% and 95% quantiles (based on 40 games) of: 
# game score, #destroyed, #unlocked, #stripes, #bombs, #zappers
3 3 0 0 0 0 0 0 0 0 0 0 0 8 8 0 0 0 0 0 0 0 0 0 0 0
6 6 0 0 0 0 0 0 0 0 0 0 0 13 13 0 0 0 0 0 0 0 0 0 0 0
12 12 0 0 0 0 0 0 0 0 0 0 0 35 19 0 0 0 0 0 0 0 0 0 0 0
17 17 0 0 0 0 0 0 0 0 0 0 0 81 32 0 1 0 1 0 0 0 1 0 0 0
24 23 0 0 0 0 0 0 0 0 0 0 0 259 60 7 3 1 1 0 0 0 1 0 0 0
54 31 0 0 0 0 0 0 0 0 0 0 0 417 86 8 7 2 2 1 1 0 1 0 0 0
81 39 0 1 0 0 0 0 0 0 0 0 0 605 105 8 7 6 2 1 1 0 1 0 0 0
128 55 0 1 0 0 0 0 0 0 0 0 0 615 116 8 9 6 2 1 1 0 1 1 0 0
224 72 1 2 0 1 0 0 0 0 0 0 0 926 135 8 10 14 2 1 1 0 2 1 1 0
284 88 1 2 0 1 0 0 0 0 0 0 0 1029 146 8 11 15 2 1 1 0 2 1 1 0
385 102 2 4 2 1 0 0 0 0 0 0 0 1078 165 8 11 16 3 1 1 0 2 1 1 0
421 114 3 4 2 2 0 0 0 0 0 0 0 1083 170 8 14 16 3 1 1 0 2 1 1 0
460 125 3 5 2 2 0 0 0 1 0 0 0 1091 181 8 16 16 3 1 1 0 2 1 1 0
491 134 3 5 2 2 0 0 0 1 0 0 0 1095 184 8 16 16 3 1 1 0 2 1 1 0
508 146 4 6 2 2 0 0 0 1 0 0 0 1122 200 8 16 16 3 1 1 0 2 1 1 0
559 159 4 6 2 2 0 0 0 1 0 0 0 1127 203 8 17 16 3 2 1 0 2 1 1 0
577 164 4 6 2 2 0 0 0 1 0 0 0 1201 213 8 17 16 3 2 1 0 2 1 1 0
605 170 4 7 2 2 0 0 0 1 0 0 0 1208 217 8 17 16 3 2 1 0 2 1 1 0
659 178 4 7 2 2 0 0 0 1 0 0 0 1215 236 8 17 16 4 2 1 0 2 1 1 0
683 190 4 7 3 2 0 1 0 1 0 0 0 1224 241 8 17 16 4 2 1 0 2 1 1 0
715 195 4 7 3 2 0 1 0 1 0 0 0 1271 250 8 17 16 4 2 1 0 3 1 1 0
744 210 4 8 3 2 0 1 0 1 0 0 0 1306 253 8 18 16 4 3 1 0 3 1 1 0
782 216 4 8 3 2 0 1 0 1 0 0 0 1342 262 8 19 16 4 3 1 1 3 1 1 0
810 223 4 8 4 2 0 1 0 1 0 0 0 1345 267 8 19 16 4 3 1 1 3 1 1 0
813 228 4 9 4 2 1 1 0 1 0 0 0 1351 274 8 19 16 4 3 1 1 3 1 1 0
830 236 4 9 4 2 1 1 0 1 0 0 0 1368 283 8 20 16 4 3 1 1 3 1 1 0
846 242 4 9 4 2 1 1 0 1 0 0 0 1374 289 8 20 16 5 3 1 1 3 1 1 0
852 248 4 10 4 2 1 1 0 1 0 0 0 1384 300 8 21 16 5 3 1 1 3 1 1 0
873 256 4 10 4 2 1 1 0 1 0 0 0 1416 318 8 21 16 5 3 2 1 3 1 1 0
879 262 4 10 4 2 1 1 0 1 0 0 0 1422 321 8 21 16 5 3 2 1 3 1 1 0
889 268 4 10 4 2 1 1 0 1 0 0 0 1431 334 8 21 16 5 3 2 1 3 1 1 0
896 276 4 10 4 2 1 1 0 1 0 0 0 1457 339 8 22 16 5 3 2 1 3 1 1 0
908 282 4 10 4 2 1 1 0 1 0 0 0 1522 354 8 22 16 5 3 2 1 3 1 1 0
925 295 5 11 4 2 1 1 0 1 0 0 0 1527 359 8 22 16 5 3 2 1 3 1 1 0
943 302 5 11 4 2 1 1 0 1 0 0 0 1557 374 8 23 16 5 3 2 1 3 1 1 0
972 309 5 11 4 2 1 1 0 1 0 0 0 1562 381 8 23 16 5 3 2 1 3 1 1 0
975 316 5 11 4 2 1 1 0 1 0 0 0 1565 387 8 23 16 5 3 2 1 3 1 1 0
994 323 5 11 4 3 1 1 0 1 0 0 0 1570 396 8 26 16 5 3 2 1 4 1 1 0
1010 331 5 12 4 3 1 1 0 1 0 0 0 1636 405 8 27 16 5 3 2 1 4 1 1 0
1035 340 5 12 4 3 1 1 0 1 0 0 0 1641 413 8 27 16 5 3 2 1 4 1 1 0
1094 346 5 13 4 3 1 1 0 1 0 0 0 1657 417 8 28 16 5 3 2 1 4 1 1 0
