# scores for worst/random/best/smart move selector strategies. 
# scores are 50% and 95% quantiles (based on 40 games) of: 
# game score, #destroyed, #unlocked, #stripes, #bombs, #zappers
3 3 0 0 0 0 0 0 0 0 0 0 0 8 8 0 0 0 0 0 0 0 0 0 0 0
6 6 0 0 0 0 0 0 0 0 0 0 0 12 12 0 0 0 0 0 0 0 0 0 0 0
9 9 0 0 0 0 0 0 0 0 0 0 0 15 15 0 0 0 0 0 0 0 0 0 0 0
12 12 0 0 0 0 0 0 0 0 0 0 0 18 18 0 0 0 0 0 0 0 0 0 0 0
15 15 0 0 0 0 0 0 0 0 0 0 0 23 23 0 0 0 0 0 0 0 0 0 0 0
18 18 0 0 0 0 0 0 0 0 0 0 0 29 27 0 0 0 0 0 0 0 0 0 0 0
21 21 0 0 0 0 0 0 0 0 0 0 0 32 30 0 0 0 0 0 0 0 0 0 0 0
24 24 0 0 0 0 0 0 0 0 0 0 0 40 34 0 0 0 0 0 0 0 0 0 0 0
27 27 0 0 0 0 0 0 0 0 0 0 0 43 37 0 0 0 0 0 0 0 0 0 0 0
30 30 0 0 0 0 0 0 0 0 0 0 0 46 41 0 0 0 0 0 0 0 0 0 0 0
36 36 0 0 0 0 0 0 0 0 0 0 0 50 46 0 0 0 0 0 0 0 0 0 0 0
39 39 0 0 0 0 0 0 0 0 0 0 0 53 51 0 0 0 0 0 0 0 0 0 0 0
42 42 0 0 0 0 0 0 0 0 0 0 0 64 57 0 0 0 0 0 0 0 0 0 0 0
45 45 0 0 0 0 0 0 0 0 0 0 0 67 60 0 0 0 0 0 0 0 0 0 0 0
48 48 0 0 0 0 0 0 0 0 0 0 0 72 63 0 1 0 0 0 0 0 0 0 0 0
54 54 0 0 0 0 0 0 0 0 0 0 0 109 68 0 1 0 0 0 0 0 0 0 0 0
57 57 0 0 0 0 0 0 0 0 0 0 0 129 71 0 2 0 0 0 0 0 0 0 0 0
60 60 0 0 0 0 0 0 0 0 0 0 0 132 77 0 2 0 0 0 0 0 0 0 0 0
63 63 0 0 0 0 0 0 0 0 0 0 0 154 85 0 2 0 0 0 0 0 0 0 0 0
67 66 0 0 0 0 0 0 0 0 0 0 0 157 88 0 2 0 0 0 0 0 0 0 0 0
72 71 0 0 0 0 0 0 0 0 0 0 0 190 94 0 2 0 0 0 0 0 0 0 0 0
75 74 0 0 0 0 0 0 0 0 0 0 0 203 100 2 3 0 0 0 0 0 0 0 0 0
79 77 0 0 0 0 0 0 0 0 0 0 0 206 105 2 3 1 0 0 0 0 0 0 0 0
82 80 0 0 0 0 0 0 0 0 0 0 0 210 108 2 3 1 0 0 0 0 0 0 0 0
87 84 0 0 0 0 0 0 0 0 0 0 0 213 111 2 3 1 0 0 0 0 0 0 0 0
90 87 0 0 0 0 0 0 0 0 0 0 0 216 114 2 3 1 0 0 0 0 0 0 0 0
93 90 0 0 0 0 0 0 0 0 0 0 0 219 122 2 3 1 0 0 0 0 0 0 0 0
96 94 0 0 0 0 0 0 0 0 0 0 0 224 125 2 3 1 0 0 0 0 0 0 0 0
99 98 0 0 0 0 0 0 0 0 0 0 0 235 134 2 3 1 1 0 0 0 0 0 0 0
102 102 0 0 0 0 0 0 0 0 0 0 0 255 137 4 3 1 1 0 0 0 0 0 0 0
107 106 0 0 0 0 0 0 0 0 0 0 0 294 140 4 3 1 1 0 0 0 0 0 0 0
111 109 0 0 0 0 0 0 0 0 0 0 0 297 143 4 3 1 1 0 0 0 0 0 0 0
116 116 0 0 0 0 0 0 0 0 0 0 0 404 150 4 3 2 2 0 0 0 0 0 0 0
119 119 0 0 0 0 0 0 0 0 0 0 0 407 153 4 3 2 2 0 0 0 0 0 0 0
123 122 0 0 0 0 0 0 0 0 0 0 0 410 156 4 4 2 2 0 0 0 0 0 0 0
127 127 0 0 0 0 0 0 0 0 0 0 0 413 157 4 4 2 2 0 0 0 0 0 0 0
131 129 0 0 0 0 0 0 0 0 0 0 0 416 160 4 4 2 2 0 0 0 0 0 0 0
135 133 0 0 0 0 0 0 0 0 0 0 0 429 165 4 4 2 2 0 0 0 0 0 0 0
141 137 0 0 0 0 0 0 0 0 0 0 0 432 170 4 4 2 2 0 0 0 0 0 0 0
155 141 0 0 0 0 0 0 0 0 0 0 0 438 174 5 4 2 2 0 0 0 0 0 0 0
158 146 0 0 0 0 0 0 0 0 0 0 0 441 176 5 4 2 2 0 0 0 0 0 0 0
