# scores for worst/random/best/smart move selector strategies. 
# scores are 50% and 95% quantiles (based on 40 games) of: 
# game score, #destroyed, #unlocked, #stripes, #bombs, #zappers
0 0 0 0 0 0 0 0 0 0 0 0 0 9 9 0 0 0 0 0 0 0 0 0 0 0
4 4 0 0 0 0 0 0 0 0 0 0 0 15 15 0 0 0 0 0 0 0 0 0 0 0
9 9 0 0 0 0 0 0 0 0 0 0 0 19 19 0 0 0 0 0 0 0 0 0 0 0
12 12 0 0 0 0 0 0 0 0 0 0 0 56 25 1 1 0 0 0 0 0 0 0 0 0
19 18 0 0 0 0 0 0 0 0 0 0 0 61 29 1 1 0 0 0 0 0 0 0 0 0
24 22 0 0 0 0 0 0 0 0 0 0 0 73 34 1 1 0 0 0 0 0 0 0 0 0
27 27 0 0 0 0 0 0 0 0 0 0 0 78 40 2 1 0 0 0 0 0 0 0 0 0
32 30 0 0 0 0 0 0 0 0 0 0 0 84 52 2 1 0 0 0 0 0 0 0 0 0
37 36 0 0 0 0 0 0 0 0 0 0 0 89 55 2 1 0 0 0 0 0 0 0 0 0
44 41 0 0 0 0 0 0 0 0 0 0 0 96 59 2 1 0 0 0 0 0 0 0 0 0
49 47 0 0 0 0 0 0 0 0 0 0 0 129 65 2 1 0 0 0 0 0 0 0 0 0
53 51 0 0 0 0 0 0 0 0 0 0 0 148 76 2 2 0 0 1 0 0 0 0 0 0
61 55 0 0 0 0 0 0 0 0 0 0 0 163 80 2 2 0 0 1 0 0 0 0 0 0
76 61 0 0 0 0 0 0 0 0 0 0 0 169 83 2 2 0 0 1 0 0 0 0 0 0
80 65 0 1 0 0 0 0 0 0 0 0 0 176 87 2 2 0 1 1 0 0 1 0 0 0
83 69 0 1 0 0 0 0 0 0 0 0 0 182 93 2 2 0 1 1 0 0 1 0 0 0
92 75 0 1 0 0 0 0 0 0 0 0 0 210 98 2 2 0 1 1 0 0 1 0 0 0
96 80 0 1 0 0 0 0 0 0 0 0 0 231 105 3 3 0 1 1 0 0 1 0 0 0
108 84 0 1 0 0 0 0 0 0 0 0 0 241 109 3 3 0 1 1 0 0 1 0 0 0
111 90 0 1 0 0 0 0 0 0 0 0 0 256 115 4 3 0 1 1 0 0 1 0 0 0
127 96 0 1 0 0 0 0 0 0 0 0 0 260 122 5 4 0 1 1 0 0 1 0 0 0
132 103 1 1 0 0 0 0 0 0 0 0 0 263 125 5 4 0 1 1 0 0 1 0 0 0
138 107 1 1 0 0 0 0 0 0 0 0 0 268 132 5 4 0 1 1 0 0 1 0 0 0
147 115 1 1 0 0 0 0 0 0 0 0 0 271 135 5 4 1 1 1 0 0 1 0 0 0
161 121 1 2 0 0 0 0 0 0 0 0 0 275 150 6 4 1 1 1 0 0 1 0 0 0
167 125 1 2 0 0 0 0 0 0 0 0 0 278 155 6 4 1 1 1 0 0 1 0 0 0
181 128 1 2 0 0 0 0 0 0 0 0 0 296 158 6 4 1 1 1 0 0 1 0 0 0
185 132 1 2 0 0 0 0 0 0 0 0 0 299 161 6 4 1 1 1 0 0 1 0 0 0
196 138 1 2 0 0 0 0 0 0 0 0 0 302 166 6 4 1 1 1 0 0 1 0 0 0
206 142 1 2 0 0 0 0 0 0 0 0 0 309 170 6 4 1 1 1 0 0 1 0 0 0
218 151 1 2 0 0 0 0 0 0 0 0 0 337 181 10 5 1 1 1 0 0 1 0 0 0
221 154 1 2 0 0 0 0 0 0 0 0 0 358 188 10 5 1 1 1 0 0 1 0 0 0
224 159 1 2 0 0 0 0 0 0 0 0 0 375 194 10 5 1 1 1 0 0 1 0 0 0
242 163 2 2 0 0 0 0 0 0 0 0 0 381 198 10 5 1 1 1 0 0 1 0 0 0
249 168 2 3 0 0 0 0 0 0 0 0 0 384 201 10 5 1 1 1 0 0 1 0 0 0
264 175 2 3 0 0 0 0 0 0 0 0 0 389 205 10 6 1 1 1 1 0 1 0 0 0
272 179 2 3 0 0 0 0 0 0 0 0 0 392 208 10 6 1 1 1 1 0 1 0 0 0
278 183 2 3 0 0 0 0 0 0 0 0 0 408 219 10 6 1 1 1 1 0 1 0 0 0
288 187 2 3 0 0 0 0 0 0 0 0 0 425 224 10 6 1 1 1 1 0 1 0 0 0
296 194 2 3 0 0 0 0 0 0 0 0 0 449 227 10 6 1 1 1 1 0 1 0 0 0
303 199 2 3 0 0 0 0 0 0 0 0 0 453 232 10 6 1 1 1 1 0 1 0 0 0
