# scores for worst/random/best/smart move selector strategies. 
# scores are 50% and 95% quantiles (based on 40 games) of: 
# game score, #destroyed, #unlocked, #stripes, #bombs, #zappers
0 0 0 0 0 0 0 0 0 0 0 0 0 9 9 0 0 0 0 0 0 0 0 0 0 0
3 3 0 0 0 0 0 0 0 0 0 0 0 13 13 0 0 0 0 0 0 0 0 0 0 0
9 9 0 0 0 0 0 0 0 0 0 0 0 17 17 0 0 0 0 0 0 0 0 0 0 0
12 12 0 0 0 0 0 0 0 0 0 0 0 40 23 0 0 0 0 0 0 0 0 0 0 0
15 15 0 0 0 0 0 0 0 0 0 0 0 43 33 0 0 0 0 0 0 0 0 0 0 0
21 21 0 0 0 0 0 0 0 0 0 0 0 49 37 0 1 0 0 0 0 0 0 0 0 0
24 24 0 0 0 0 0 0 0 0 0 0 0 52 40 0 1 0 0 0 0 0 0 0 0 0
29 29 0 0 0 0 0 0 0 0 0 0 0 57 45 0 1 0 0 0 0 0 0 0 0 0
33 32 0 0 0 0 0 0 0 0 0 0 0 68 50 0 1 0 0 0 0 0 0 0 0 0
39 37 0 0 0 0 0 0 0 0 0 0 0 80 61 0 1 0 0 0 0 0 0 0 0 0
42 41 0 0 0 0 0 0 0 0 0 0 0 93 64 0 1 0 0 0 0 0 0 0 0 0
45 45 0 0 0 0 0 0 0 0 0 0 0 103 67 1 1 0 0 0 0 0 0 0 0 0
49 49 0 0 0 0 0 0 0 0 0 0 0 106 75 1 1 0 0 0 0 0 0 0 0 0
56 54 0 0 0 0 0 0 0 0 0 0 0 133 81 2 2 0 0 0 0 0 0 0 0 0
60 58 0 0 0 0 0 0 0 0 0 0 0 136 84 2 2 0 0 0 0 0 0 0 0 0
69 62 0 0 0 0 0 0 0 0 0 0 0 151 90 2 2 0 0 0 0 0 0 0 0 0
73 68 0 0 0 0 0 0 0 0 0 0 0 154 98 2 2 0 0 0 0 0 0 0 0 0
79 72 0 0 0 0 0 0 0 0 0 0 0 161 104 2 2 0 0 0 0 0 0 0 0 0
86 76 0 0 0 0 0 0 0 0 0 0 0 164 109 2 2 0 0 0 0 0 0 0 0 0
94 82 0 0 0 0 0 0 0 0 0 0 0 168 115 2 2 0 0 0 0 0 0 0 0 0
102 86 0 0 0 0 0 0 0 0 0 0 0 180 119 2 2 0 0 0 0 0 0 0 0 0
106 90 0 1 0 0 0 0 0 0 0 0 0 200 132 2 2 0 0 0 0 0 0 0 0 0
112 94 0 1 0 0 0 0 0 0 0 0 0 206 136 2 2 1 0 0 0 0 0 0 0 0
116 98 0 1 0 0 0 0 0 0 0 0 0 209 142 2 2 1 0 0 0 0 0 0 0 0
120 104 0 1 0 0 0 0 0 0 0 0 0 214 147 2 2 1 0 0 0 0 0 0 0 0
126 108 0 1 0 0 0 0 0 0 0 0 0 217 150 2 2 1 0 0 0 0 0 0 0 0
129 113 0 1 0 0 0 0 0 0 0 0 0 220 153 2 2 1 0 0 0 0 0 0 0 0
132 116 0 1 0 0 0 0 0 0 0 0 0 235 158 2 3 1 0 1 0 0 0 0 0 0
141 122 0 1 0 0 0 0 0 0 0 0 0 238 161 2 3 1 0 1 0 0 0 0 0 0
148 128 0 1 0 0 0 0 0 0 0 0 0 241 164 2 3 1 0 1 0 0 0 0 0 0
162 132 0 1 0 0 0 0 0 0 0 0 0 258 172 3 3 1 0 1 0 0 0 0 0 0
174 135 0 1 0 0 0 0 0 0 0 0 0 283 178 5 3 1 0 1 0 0 0 0 0 0
188 140 0 1 0 0 0 0 0 0 0 0 0 298 184 5 3 1 0 1 0 0 0 0 0 0
191 143 0 1 0 0 0 0 0 0 0 0 0 302 188 5 3 1 0 1 0 0 0 0 0 0
195 147 0 1 0 0 0 0 0 0 0 0 0 305 191 5 3 1 0 1 0 0 0 0 0 0
200 151 0 1 0 0 0 0 0 0 0 0 0 310 195 5 3 1 0 1 0 0 0 0 0 0
206 156 0 1 0 0 0 0 0 0 0 0 0 313 198 5 3 1 0 1 0 0 0 0 0 0
216 164 0 1 0 0 0 0 0 0 0 0 0 317 207 5 3 1 0 1 0 0 0 0 0 0
219 167 0 1 0 0 0 0 0 0 0 0 0 339 210 5 4 1 0 1 0 0 0 0 0 0
233 173 0 1 0 0 0 0 0 0 0 0 0 343 219 5 4 1 0 1 0 0 0 0 0 0
242 178 0 1 0 0 0 0 0 0 0 0 0 346 222 5 4 1 1 1 0 0 1 0 0 0
