# scores for worst/random/best/smart move selector strategies. 
# scores are 50% and 95% quantiles (based on 40 games) of: 
# game score, #destroyed, #unlocked, #stripes, #bombs, #zappers
0 0 0 0 0 0 0 0 0 0 0 0 0 9 9 0 0 0 0 0 0 0 0 0 0 0
6 6 0 0 0 0 0 0 0 0 0 0 0 16 16 0 0 0 0 0 0 0 0 0 0 0
9 9 0 0 0 0 0 0 0 0 0 0 0 19 19 0 0 0 0 0 0 0 0 0 0 0
12 12 0 0 0 0 0 0 0 0 0 0 0 22 22 0 0 0 0 0 0 0 0 0 0 0
15 15 0 0 0 0 0 0 0 0 0 0 0 26 26 0 0 0 0 0 0 0 0 0 0 0
19 19 0 0 0 0 0 0 0 0 0 0 0 34 34 0 0 0 0 0 0 0 0 0 0 0
24 24 0 0 0 0 0 0 0 0 0 0 0 39 39 0 0 0 0 0 0 0 0 0 0 0
27 27 0 0 0 0 0 0 0 0 0 0 0 42 42 0 0 0 0 0 0 0 0 0 0 0
33 33 0 0 0 0 0 0 0 0 0 0 0 46 46 0 0 0 0 0 0 0 0 0 0 0
38 38 0 0 0 0 0 0 0 0 0 0 0 51 51 0 0 0 0 0 0 0 0 0 0 0
42 42 0 0 0 0 0 0 0 0 0 0 0 86 59 0 0 0 0 0 0 0 0 0 0 0
45 45 0 0 0 0 0 0 0 0 0 0 0 89 64 0 0 0 0 0 0 0 0 0 0 0
50 50 0 0 0 0 0 0 0 0 0 0 0 92 67 0 0 0 0 0 0 0 0 0 0 0
54 54 0 0 0 0 0 0 0 0 0 0 0 96 73 0 1 0 0 0 0 0 0 0 0 0
59 57 0 0 0 0 0 0 0 0 0 0 0 104 76 0 1 0 0 0 0 0 0 0 0 0
65 62 0 0 0 0 0 0 0 0 0 0 0 107 79 1 1 0 0 0 0 0 0 0 0 0
69 66 0 0 0 0 0 0 0 0 0 0 0 111 82 1 1 1 0 0 0 0 0 0 0 0
75 69 0 0 0 0 0 0 0 0 0 0 0 114 86 1 1 1 0 0 0 0 0 0 0 0
78 74 0 0 0 0 0 0 0 0 0 0 0 117 95 1 1 1 0 0 0 0 0 0 0 0
82 78 0 0 0 0 0 0 0 0 0 0 0 123 101 1 1 1 0 0 0 0 0 0 0 0
85 81 0 0 0 0 0 0 0 0 0 0 0 130 109 1 1 1 0 0 0 0 0 0 0 0
91 87 0 0 0 0 0 0 0 0 0 0 0 133 112 1 1 1 0 0 0 0 0 0 0 0
95 90 0 0 0 0 0 0 0 0 0 0 0 139 116 1 1 1 0 0 0 0 0 0 0 0
99 93 0 0 0 0 0 0 0 0 0 0 0 144 119 1 1 1 0 0 0 0 0 0 0 0
102 96 0 0 0 0 0 0 0 0 0 0 0 150 126 1 1 1 0 0 0 0 0 0 0 0
105 100 0 0 0 0 0 0 0 0 0 0 0 153 133 1 1 1 0 0 0 0 0 0 0 0
109 105 0 0 0 0 0 0 0 0 0 0 0 156 136 1 1 1 0 0 0 0 0 0 0 0
113 110 0 0 0 0 0 0 0 0 0 0 0 159 139 1 1 1 0 0 0 0 0 0 0 0
117 114 0 0 0 0 0 0 0 0 0 0 0 164 142 1 1 1 0 0 0 0 0 0 0 0
121 117 0 0 0 0 0 0 0 0 0 0 0 168 145 1 1 1 0 0 0 0 0 0 0 0
125 121 0 0 0 0 0 0 0 0 0 0 0 176 148 1 1 1 0 0 0 0 0 0 0 0
129 126 0 0 0 0 0 0 0 0 0 0 0 182 153 1 1 1 0 0 0 0 0 0 0 0
135 130 0 0 0 0 0 0 0 0 0 0 0 185 158 1 1 1 0 0 0 0 0 0 0 0
139 134 0 0 0 0 0 0 0 0 0 0 0 190 162 1 1 1 0 0 0 0 0 0 0 0
146 138 0 0 0 0 0 0 0 0 0 0 0 203 169 1 1 1 0 0 0 0 0 0 0 0
151 141 0 0 0 0 0 0 0 0 0 0 0 206 178 1 1 1 0 0 0 0 0 0 0 0
156 147 0 0 0 0 0 0 0 0 0 0 0 214 181 1 1 1 0 0 0 0 0 0 0 0
160 150 0 0 0 0 0 0 0 0 0 0 0 217 184 1 1 1 0 0 0 0 0 0 0 0
164 154 0 0 0 0 0 0 0 0 0 0 0 221 187 1 1 1 0 0 0 0 0 0 0 0
169 158 0 0 0 0 0 0 0 0 0 0 0 224 192 1 1 1 0 0 0 0 0 0 0 0
175 162 0 0 0 0 0 0 0 0 0 0 0 229 196 1 1 1 0 0 0 0 0 0 0 0
