# scores for worst/random/best/smart move selector strategies. 
# scores are 50% and 95% quantiles (based on 40 games) of: 
# game score, #destroyed, #unlocked, #stripes, #bombs, #zappers
0 0 0 0 0 0 0 0 0 0 0 0 0 4 4 0 0 0 0 0 0 0 0 0 0 0
4 4 0 0 0 0 0 0 0 0 0 0 0 9 9 0 0 0 0 0 0 0 0 0 0 0
9 9 0 0 0 0 0 0 0 0 0 0 0 14 14 0 0 0 0 0 0 0 0 0 0 0
15 15 0 0 0 0 0 0 0 0 0 0 0 23 23 0 0 0 0 0 0 0 0 0 0 0
18 18 0 0 0 0 0 0 0 0 0 0 0 30 28 0 0 0 0 0 0 0 0 0 0 0
21 21 0 0 0 0 0 0 0 0 0 0 0 33 33 0 0 0 0 0 0 0 0 0 0 0
27 27 0 0 0 0 0 0 0 0 0 0 0 47 39 0 1 0 0 0 0 0 0 0 0 0
30 30 0 0 0 0 0 0 0 0 0 0 0 50 42 0 1 0 0 0 0 0 0 0 0 0
35 33 0 0 0 0 0 0 0 0 0 0 0 58 48 2 1 0 0 0 0 0 0 0 0 0
39 39 0 0 0 0 0 0 0 0 0 0 0 77 52 3 1 0 0 0 0 0 0 0 0 0
47 45 0 0 0 0 0 0 0 0 0 0 0 82 57 3 1 0 0 0 0 0 0 0 0 0
52 50 0 0 0 0 0 0 0 0 0 0 0 114 65 3 1 0 0 0 0 0 0 0 0 0
57 54 0 0 0 0 0 0 0 0 0 0 0 118 78 3 1 0 0 0 0 0 0 0 0 0
62 58 0 0 0 0 0 0 0 0 0 0 0 130 82 3 1 0 0 0 0 0 0 0 0 0
67 62 0 0 0 0 0 0 0 0 0 0 0 133 86 3 1 0 0 0 0 0 0 0 0 0
73 66 0 0 0 0 0 0 0 0 0 0 0 145 94 3 1 0 0 0 0 0 0 0 0 0
79 70 0 0 0 0 0 0 0 0 0 0 0 148 99 3 1 0 0 0 0 0 0 0 0 0
83 75 0 0 0 0 0 0 0 0 0 0 0 163 103 3 2 0 0 0 0 0 0 0 0 0
92 81 0 0 0 0 0 0 0 0 0 0 0 167 107 4 2 0 0 0 0 0 0 0 0 0
97 85 0 0 0 0 0 0 0 0 0 0 0 170 114 4 2 0 0 0 0 0 0 0 0 0
104 89 0 0 0 0 0 0 0 0 0 0 0 175 118 4 2 0 0 0 0 0 0 0 0 0
108 97 0 0 0 0 0 0 0 0 0 0 0 190 121 4 2 0 0 0 0 0 0 0 0 0
113 104 0 0 0 0 0 0 0 0 0 0 0 195 130 4 2 0 0 0 0 0 0 0 0 0
119 108 0 0 0 0 0 0 0 0 0 0 0 198 133 4 2 0 0 0 0 0 0 0 0 0
130 112 0 0 0 0 0 0 0 0 0 0 0 201 136 4 2 1 0 0 0 0 0 0 0 0
136 119 0 0 0 0 0 0 0 0 0 0 0 207 145 4 2 1 0 0 0 0 0 0 0 0
143 122 0 0 0 0 0 0 0 0 0 0 0 210 152 4 2 1 0 0 0 0 0 0 0 0
147 126 0 0 0 0 0 0 0 0 0 0 0 218 155 4 2 1 0 0 0 0 0 0 0 0
163 134 0 1 0 0 0 0 0 0 0 0 0 228 166 4 2 1 0 0 0 0 0 0 0 0
166 138 0 1 0 0 0 0 0 0 0 0 0 244 171 4 2 1 0 0 0 0 0 0 0 0
170 141 0 1 0 0 0 0 0 0 0 0 0 247 176 4 2 1 0 0 0 0 0 0 0 0
173 147 0 1 0 0 0 0 0 0 0 0 0 284 185 5 2 1 0 0 0 0 0 0 0 0
176 153 0 1 0 0 0 0 0 0 0 0 0 287 190 5 2 1 0 0 0 0 0 0 0 0
189 157 0 1 0 0 0 0 0 0 0 0 0 290 197 5 2 1 0 0 0 0 0 0 0 0
194 162 0 1 0 0 0 0 0 0 0 0 0 320 207 5 3 1 0 0 0 0 0 0 0 0
199 165 0 1 0 0 0 0 0 0 0 0 0 341 214 5 3 1 0 0 0 0 0 0 0 0
203 168 0 1 0 0 0 0 0 0 0 0 0 346 228 5 4 1 0 0 0 0 0 0 0 0
211 175 0 1 0 0 0 0 0 0 0 0 0 349 236 5 4 1 0 0 0 0 0 0 0 0
220 182 0 1 0 0 0 0 0 0 0 0 0 352 241 5 4 2 0 0 0 0 0 0 0 0
228 187 0 1 0 0 0 0 0 0 0 0 0 368 246 6 4 2 0 0 0 0 0 0 0 0
231 190 0 1 0 0 0 0 0 0 0 0 0 410 255 6 4 2 0 0 0 0 0 0 0 0
