# scores for worst/random/best/smart move selector strategies. 
# scores are 50% and 95% quantiles (based on 40 games) of: 
# game score, #destroyed, #unlocked, #stripes, #bombs, #zappers
3 3 0 0 0 0 0 0 0 0 0 0 0 14 14 0 0 0 0 0 0 0 0 0 0 0
8 8 0 0 0 0 0 0 0 0 0 0 0 17 17 0 0 0 0 0 0 0 0 0 0 0
13 13 0 0 0 0 0 0 0 0 0 0 0 55 26 0 0 0 0 0 0 0 0 0 0 0
18 17 0 0 0 0 0 0 0 0 0 0 0 100 31 2 1 0 0 0 0 0 0 0 0 0
22 22 0 0 0 0 0 0 0 0 0 0 0 111 44 2 2 0 0 1 0 0 0 0 0 0
28 27 0 0 0 0 0 0 0 0 0 0 0 144 56 2 2 0 1 1 0 0 1 0 0 0
33 32 0 0 0 0 0 0 0 0 0 0 0 158 63 4 2 0 1 1 0 0 1 0 0 0
39 36 0 0 0 0 0 0 0 0 0 0 0 165 70 4 2 0 1 1 0 0 1 0 0 0
45 41 0 0 0 0 0 0 0 0 0 0 0 169 74 4 2 1 1 1 0 0 1 0 0 0
69 48 0 0 0 0 0 0 0 0 0 0 0 172 79 4 2 1 1 1 0 0 1 0 0 0
73 51 0 0 0 0 0 0 0 0 0 0 0 192 88 4 3 1 1 1 0 0 1 0 0 0
90 56 0 1 0 0 0 0 0 0 0 0 0 198 91 4 3 1 1 1 0 0 1 0 0 0
96 61 0 1 0 0 0 0 0 0 0 0 0 203 96 4 3 1 1 1 0 0 1 0 0 0
102 68 0 1 0 0 0 0 0 0 0 0 0 210 100 4 4 1 1 1 0 0 1 0 0 0
126 73 0 1 0 0 0 0 0 0 0 0 0 246 110 4 4 1 1 1 0 0 1 0 0 0
135 81 0 1 0 0 0 0 0 0 0 0 0 267 123 4 5 1 1 1 0 0 1 0 0 0
153 88 0 2 0 0 0 0 0 0 0 0 0 270 133 4 5 1 1 1 0 0 1 0 0 0
162 94 0 2 0 0 0 0 0 0 0 0 0 336 150 4 6 1 1 1 0 0 1 0 0 0
174 100 0 2 0 0 0 0 0 0 0 0 0 367 153 4 6 1 1 1 0 0 1 0 0 0
179 105 0 2 0 0 0 0 0 0 0 0 0 401 183 4 6 1 1 1 0 0 1 0 0 0
182 109 0 2 0 0 0 0 0 0 0 0 0 419 189 4 7 1 1 1 0 0 1 0 0 0
192 113 0 3 0 0 0 0 0 0 0 0 0 456 198 4 7 2 1 1 1 0 1 0 0 0
208 118 0 3 0 0 0 0 0 0 0 0 0 492 208 4 9 2 1 2 1 0 1 0 0 0
211 122 0 3 0 0 0 0 0 0 0 0 0 499 213 4 9 2 1 2 1 0 1 0 0 0
232 131 0 3 0 0 0 0 0 0 0 0 0 536 220 6 9 2 2 2 1 0 2 0 0 0
253 137 0 3 0 0 0 0 0 0 0 0 0 585 244 6 10 2 2 2 1 0 2 0 0 0
258 146 0 3 0 0 0 0 0 0 0 0 0 593 251 6 11 2 2 2 1 0 2 0 0 0
284 150 0 4 0 0 0 0 0 0 0 0 0 598 254 6 11 2 2 2 1 0 2 0 0 0
294 155 0 4 0 0 0 0 0 0 0 0 0 619 259 6 11 2 2 2 1 0 2 0 0 0
323 167 1 5 0 0 1 0 0 0 0 0 0 625 266 6 11 2 2 2 1 0 2 0 0 0
336 179 1 5 0 0 1 0 0 0 0 0 0 632 272 6 12 2 2 2 1 0 2 0 0 0
359 184 1 5 0 0 1 0 0 0 0 0 0 637 280 6 12 2 2 2 1 0 2 0 0 0
378 194 1 5 0 0 1 0 0 0 0 0 0 659 283 6 12 3 2 3 1 0 2 0 0 0
398 209 1 6 0 0 1 0 0 0 0 0 0 694 290 6 12 3 2 3 1 0 2 0 0 0
447 214 1 7 0 0 1 0 0 0 0 0 0 722 302 6 14 3 2 3 1 0 2 0 0 0
452 217 1 7 0 0 1 0 0 0 0 0 0 766 311 6 14 3 2 3 1 0 2 0 0 0
456 226 1 7 0 0 1 0 0 0 0 0 0 791 318 6 14 3 2 3 1 0 2 0 0 0
501 240 1 7 0 0 1 0 0 0 0 0 0 879 330 6 20 3 2 3 1 0 2 1 0 0
507 245 1 8 0 0 1 0 0 0 0 0 0 905 350 6 20 4 2 3 1 0 2 1 0 0
516 254 1 8 0 0 1 0 0 0 0 0 0 910 356 6 20 4 2 3 1 0 2 1 0 0
527 261 1 8 1 0 1 0 0 0 0 0 0 920 364 6 20 4 2 3 1 0 2 1 0 0
