# scores for worst/random/best/smart move selector strategies. 
# scores are 50% and 95% quantiles (based on 40 games) of: 
# game score, #destroyed, #unlocked, #stripes, #bombs, #zappers
3 3 0 0 0 0 0 0 0 0 0 0 0 14 14 0 0 0 0 0 0 0 0 0 0 0
6 6 0 0 0 0 0 0 0 0 0 0 0 18 18 0 0 0 0 0 0 0 0 0 0 0
11 11 0 0 0 0 0 0 0 0 0 0 0 43 21 0 0 0 0 0 0 0 0 0 0 0
15 15 0 0 0 0 0 0 0 0 0 0 0 47 26 0 0 0 0 0 0 0 0 0 0 0
19 19 0 0 0 0 0 0 0 0 0 0 0 53 32 0 0 0 0 0 0 0 0 0 0 0
23 23 0 0 0 0 0 0 0 0 0 0 0 68 35 0 0 0 0 0 0 0 0 0 0 0
27 27 0 0 0 0 0 0 0 0 0 0 0 76 39 0 1 0 0 0 0 0 0 0 0 0
31 31 0 0 0 0 0 0 0 0 0 0 0 79 46 0 1 0 0 0 0 0 0 0 0 0
34 34 0 0 0 0 0 0 0 0 0 0 0 93 49 0 1 0 0 0 0 0 0 0 0 0
39 37 0 0 0 0 0 0 0 0 0 0 0 98 53 0 1 0 0 0 0 0 0 0 0 0
43 42 0 0 0 0 0 0 0 0 0 0 0 107 57 0 1 0 0 0 0 0 0 0 0 0
47 46 0 0 0 0 0 0 0 0 0 0 0 121 60 0 1 0 0 0 0 0 0 0 0 0
52 51 0 0 0 0 0 0 0 0 0 0 0 124 73 0 1 0 0 0 0 0 0 0 0 0
56 55 0 0 0 0 0 0 0 0 0 0 0 133 77 0 1 0 0 0 0 0 0 0 0 0
61 58 0 0 0 0 0 0 0 0 0 0 0 141 81 0 1 0 0 0 0 0 0 0 0 0
65 63 0 0 0 0 0 0 0 0 0 0 0 144 84 0 1 0 0 0 0 0 0 0 0 0
73 67 0 0 0 0 0 0 0 0 0 0 0 147 89 0 1 0 0 0 0 0 0 0 0 0
79 72 0 0 0 0 0 0 0 0 0 0 0 159 95 1 1 0 0 0 0 0 0 0 0 0
93 77 0 0 0 0 0 0 0 0 0 0 0 162 101 1 2 0 0 0 0 0 0 0 0 0
103 80 0 0 0 0 0 0 0 0 0 0 0 168 114 1 2 1 0 0 0 0 0 0 0 0
109 87 0 0 0 0 0 0 0 0 0 0 0 172 117 1 2 1 0 0 0 0 0 0 0 0
115 91 0 0 0 0 0 0 0 0 0 0 0 194 130 1 2 1 1 0 0 0 1 0 0 0
120 98 0 0 0 0 0 0 0 0 0 0 0 211 136 3 3 1 1 0 0 0 1 0 0 0
125 102 0 0 0 0 0 0 0 0 0 0 0 214 140 3 3 1 1 0 0 0 1 0 0 0
128 106 0 0 0 0 0 0 0 0 0 0 0 224 148 3 3 1 1 0 0 0 1 0 0 0
131 111 0 1 0 0 0 0 0 0 0 0 0 230 152 3 3 1 1 0 0 0 1 0 0 0
154 117 0 1 0 0 0 0 0 0 0 0 0 235 158 3 3 1 1 0 0 0 1 0 0 0
161 122 0 1 0 0 0 0 0 0 0 0 0 247 161 3 4 1 1 0 0 0 1 0 0 0
164 126 0 1 0 0 0 0 0 0 0 0 0 250 169 3 4 1 1 0 0 0 1 0 0 0
178 135 0 1 0 0 0 0 0 0 0 0 0 270 172 3 4 1 1 0 0 0 1 0 0 0
186 138 0 1 0 0 0 0 0 0 0 0 0 282 179 3 4 1 1 0 0 0 1 0 0 0
190 143 0 1 0 0 0 0 0 0 0 0 0 285 185 3 4 1 1 0 0 0 1 0 0 0
193 149 0 1 0 0 0 0 0 0 0 0 0 317 192 3 4 1 1 0 0 0 1 0 0 0
205 152 0 1 0 0 0 0 0 0 0 0 0 331 198 3 4 1 1 0 0 0 1 0 0 0
217 159 0 1 0 0 0 0 0 0 0 0 0 360 211 3 4 2 1 0 0 0 1 0 0 0
228 168 0 1 0 0 0 0 0 0 0 0 0 368 220 3 5 2 1 0 0 0 1 0 0 0
242 174 0 2 0 0 0 0 0 0 0 0 0 395 226 3 5 2 1 0 0 0 1 0 0 0
249 178 0 2 0 0 0 0 0 0 0 0 0 398 229 3 5 2 1 0 0 0 1 0 0 0
252 184 0 2 0 0 0 0 0 0 0 0 0 410 235 3 5 2 1 0 0 0 1 0 0 0
261 188 0 2 0 0 0 0 0 0 0 0 0 413 242 4 5 2 1 0 0 0 1 0 0 0
267 193 0 2 0 0 0 0 0 0 0 0 0 442 247 4 5 2 1 0 0 0 1 0 0 0
