# scores for worst/random/best/smart move selector strategies. 
# scores are 50% and 95% quantiles (based on 40 games) of: 
# game score, #destroyed, #unlocked, #stripes, #bombs, #zappers
3 3 0 0 0 0 0 0 0 0 0 0 0 14 14 0 0 0 0 0 0 0 0 0 0 0
9 9 0 0 0 0 0 0 0 0 0 0 0 20 20 0 0 0 0 0 0 0 0 0 0 0
14 13 0 0 0 0 0 0 0 0 0 0 0 60 31 0 1 0 0 0 0 0 0 0 0 0
22 21 0 0 0 0 0 0 0 0 0 0 0 112 43 1 2 0 0 0 0 0 0 0 0 0
33 28 0 0 0 0 0 0 0 0 0 0 0 122 52 2 2 0 1 0 0 0 1 0 0 0
56 35 0 0 0 0 0 0 0 0 0 0 0 152 61 4 2 1 1 1 0 0 1 0 0 0
68 40 0 0 0 0 0 0 0 0 0 0 0 173 69 4 3 1 1 1 0 0 1 0 0 0
89 48 0 1 0 0 0 0 0 0 0 0 0 213 92 6 3 1 1 1 1 0 1 0 0 0
111 58 0 1 0 0 0 0 0 0 0 0 0 220 101 6 3 1 1 1 1 0 1 0 0 0
121 62 0 2 0 0 0 0 0 0 0 0 0 247 108 7 3 1 1 1 1 0 1 0 0 0
142 73 0 2 0 0 0 0 0 0 0 0 0 334 133 7 4 1 1 1 1 0 1 0 0 0
163 82 0 2 0 0 0 0 0 0 0 0 0 344 141 7 4 1 1 1 1 0 1 0 0 0
184 87 0 2 0 0 0 0 0 0 0 0 0 413 172 7 4 2 2 1 1 0 1 0 0 0
213 101 1 3 0 0 0 0 0 0 0 0 0 463 185 7 5 2 2 1 1 0 1 0 0 0
222 107 1 3 0 0 0 0 0 0 0 0 0 502 201 7 5 2 2 1 1 0 1 0 0 0
236 122 1 3 0 0 0 0 0 0 0 0 0 546 211 7 5 2 3 1 1 0 2 0 0 0
283 133 1 3 0 0 0 0 0 0 0 0 0 622 236 7 6 2 3 1 1 0 2 0 0 0
305 143 2 4 1 1 0 0 0 0 0 0 0 647 257 7 7 2 3 1 1 0 2 0 0 0
333 155 2 4 1 1 0 0 0 1 0 0 0 682 277 7 8 3 4 1 1 0 3 0 0 0
347 166 2 4 1 1 0 0 0 1 0 0 0 687 284 7 9 3 4 1 1 0 3 0 0 0
388 176 2 5 1 1 1 0 0 1 0 0 0 711 290 7 9 3 4 2 1 0 3 0 0 0
414 188 2 5 1 1 1 0 0 1 0 0 0 717 311 9 10 3 4 2 1 0 3 0 0 0
440 200 2 6 1 1 1 0 0 1 0 0 0 720 316 9 10 3 4 2 1 0 3 0 0 0
484 214 2 6 1 1 1 0 0 1 0 0 0 792 333 9 10 4 4 2 2 0 4 0 0 0
515 222 2 6 1 1 1 0 0 1 0 0 0 796 339 9 10 4 4 2 2 0 4 0 0 0
548 233 2 7 1 1 1 0 0 1 0 0 0 802 350 9 10 4 4 2 2 0 4 0 0 0
580 246 2 7 1 1 1 0 0 1 0 0 0 1021 361 9 11 4 4 2 2 0 4 0 0 0
615 259 2 8 1 1 1 0 0 1 0 0 0 1028 373 9 17 4 4 2 2 0 4 0 0 0
650 275 2 8 2 1 1 0 0 1 0 0 0 1033 389 9 17 4 4 2 2 0 4 0 0 0
666 286 2 8 2 1 1 0 0 1 0 0 0 1085 402 9 19 5 4 2 2 0 4 0 0 0
730 303 2 9 2 2 1 0 0 1 0 0 0 1114 415 9 22 5 5 2 2 0 4 1 0 0
744 318 2 10 2 2 1 0 0 1 0 0 0 1135 431 9 22 5 5 2 2 0 5 1 0 0
763 324 2 10 2 2 1 0 0 1 0 0 0 1138 435 9 23 5 6 2 2 0 5 1 0 0
811 335 2 10 2 2 1 0 0 1 0 0 0 1150 453 9 23 5 6 2 2 0 5 1 0 0
831 355 2 11 2 2 1 0 0 2 0 0 0 1166 458 9 23 6 6 2 2 0 6 1 0 0
858 365 2 11 2 2 1 0 0 2 0 0 0 1202 481 9 23 6 6 2 2 0 6 1 0 0
873 371 2 12 2 2 1 0 0 2 0 0 0 1485 500 11 25 6 7 2 2 0 6 1 0 0
925 390 2 12 2 2 1 1 0 2 0 0 0 1571 509 11 26 6 7 2 2 0 6 1 0 0
967 405 2 13 2 2 1 1 0 2 0 0 0 1583 513 11 26 6 7 3 2 0 6 1 0 0
1004 415 2 13 2 2 1 1 0 2 0 0 0 1662 535 11 26 6 7 3 2 0 6 1 0 0
1014 428 2 13 2 2 1 1 0 2 0 0 0 1667 544 11 26 6 7 3 2 0 6 1 0 0
