# scores for worst/random/best/smart move selector strategies. 
# scores are 50% and 95% quantiles (based on 40 games) of: 
# game score, #destroyed, #unlocked, #stripes, #bombs, #zappers
0 0 0 0 0 0 0 0 0 0 0 0 0 9 9 0 0 0 0 0 0 0 0 0 0 0
6 6 0 0 0 0 0 0 0 0 0 0 0 12 12 0 0 0 0 0 0 0 0 0 0 0
9 9 0 0 0 0 0 0 0 0 0 0 0 22 22 0 0 0 0 0 0 0 0 0 0 0
12 12 0 0 0 0 0 0 0 0 0 0 0 54 26 0 0 0 0 0 0 0 0 0 0 0
18 18 0 0 0 0 0 0 0 0 0 0 0 57 32 0 0 0 0 0 0 0 0 0 0 0
21 21 0 0 0 0 0 0 0 0 0 0 0 60 36 0 0 0 0 0 0 0 0 0 0 0
25 25 0 0 0 0 0 0 0 0 0 0 0 74 42 0 0 0 0 0 0 0 0 0 0 0
30 30 0 0 0 0 0 0 0 0 0 0 0 92 49 0 1 0 1 0 0 0 1 0 0 0
35 35 0 0 0 0 0 0 0 0 0 0 0 98 54 0 1 0 1 0 0 0 1 0 0 0
39 39 0 0 0 0 0 0 0 0 0 0 0 102 57 0 1 0 1 0 0 0 1 0 0 0
44 43 0 0 0 0 0 0 0 0 0 0 0 128 67 0 1 0 1 0 0 0 1 0 0 0
51 49 0 0 0 0 0 0 0 0 0 0 0 142 70 0 2 0 1 1 0 0 1 0 0 0
59 56 0 0 0 0 0 0 0 0 0 0 0 178 79 0 2 0 1 1 0 0 1 0 0 0
68 60 0 0 0 0 0 0 0 0 0 0 0 181 82 0 2 0 1 1 0 0 1 0 0 0
73 67 0 0 0 0 0 0 0 0 0 0 0 189 91 0 2 1 1 1 0 0 1 0 0 0
79 70 0 0 0 0 0 0 0 0 0 0 0 192 94 0 2 1 1 1 0 0 1 0 0 0
90 75 0 0 0 0 0 0 0 0 0 0 0 195 97 0 2 1 1 1 0 0 1 0 0 0
97 78 0 0 0 0 0 0 0 0 0 0 0 200 102 1 3 1 1 1 0 0 1 0 0 0
106 82 0 1 0 0 0 0 0 0 0 0 0 210 110 1 3 1 1 1 0 0 1 0 0 0
114 87 0 1 0 0 0 0 0 0 0 0 0 232 118 1 3 1 1 1 0 0 1 0 0 0
131 91 0 1 0 0 0 0 0 0 0 0 0 246 126 2 4 1 1 1 0 0 1 0 0 0
145 94 0 1 0 0 0 0 0 0 0 0 0 266 131 2 5 1 1 1 0 0 1 0 0 0
151 97 0 1 0 0 0 0 0 0 0 0 0 269 134 2 5 1 1 1 0 0 1 0 0 0
164 102 0 1 0 0 0 0 0 0 0 0 0 272 138 2 5 1 1 1 0 0 1 0 0 0
169 108 0 1 0 0 0 0 0 0 0 0 0 277 141 2 5 1 1 1 0 0 1 0 0 0
187 117 0 2 0 0 0 0 0 0 0 0 0 280 144 2 5 1 1 1 0 0 1 0 0 0
191 123 0 2 0 0 0 0 0 0 0 0 0 337 153 2 5 1 1 1 0 0 1 0 0 0
195 127 0 2 0 0 0 0 0 0 0 0 0 341 157 2 6 1 1 1 0 0 1 0 0 0
206 132 0 2 0 0 0 0 0 0 0 0 0 373 177 2 7 1 1 2 0 0 1 0 0 0
213 136 0 2 0 0 0 0 0 0 0 0 0 441 184 2 7 1 1 2 1 0 1 0 0 0
229 139 0 2 0 0 0 0 0 0 0 0 0 446 187 2 7 1 1 2 1 0 1 0 0 0
232 149 0 3 0 0 0 0 0 0 0 0 0 450 193 2 7 1 1 2 1 0 1 0 0 0
244 154 0 3 0 0 0 0 0 0 0 0 0 453 199 2 7 1 1 2 1 0 1 0 0 0
262 159 0 3 0 0 0 0 0 0 0 0 0 456 202 2 7 1 1 2 1 0 1 0 0 0
267 165 0 3 0 0 0 0 0 0 0 0 0 501 209 2 9 1 1 2 1 0 1 0 0 0
282 169 0 3 0 0 0 0 0 0 0 0 0 506 216 2 9 1 1 2 1 0 1 0 0 0
309 178 0 3 0 0 0 0 0 0 0 0 0 510 220 2 9 1 1 2 1 0 1 0 0 0
326 184 0 3 0 0 0 0 0 0 0 0 0 523 225 2 9 1 1 2 1 0 1 0 0 0
333 191 0 4 0 0 0 0 0 0 0 0 0 528 230 2 9 1 1 2 1 0 1 0 0 0
338 195 0 4 0 0 0 0 0 0 0 0 0 533 234 2 9 1 1 2 1 0 1 0 0 0
353 200 0 4 0 0 0 0 0 0 0 0 0 540 238 2 9 1 1 2 1 0 1 0 0 0
