# scores for worst/random/best/smart move selector strategies. 
# scores are 50% and 95% quantiles (based on 40 games) of: 
# game score, #destroyed, #unlocked, #stripes, #bombs, #zappers
0 0 0 0 0 0 0 0 0 0 0 0 0 9 9 0 0 0 0 0 0 0 0 0 0 0
6 6 0 0 0 0 0 0 0 0 0 0 0 16 16 0 0 0 0 0 0 0 0 0 0 0
9 9 0 0 0 0 0 0 0 0 0 0 0 22 22 0 0 0 0 0 0 0 0 0 0 0
12 12 0 0 0 0 0 0 0 0 0 0 0 38 27 0 0 0 0 0 0 0 0 0 0 0
18 18 0 0 0 0 0 0 0 0 0 0 0 46 33 0 1 0 0 0 0 0 0 0 0 0
23 22 0 0 0 0 0 0 0 0 0 0 0 97 40 0 1 1 0 0 0 0 0 0 0 0
28 27 0 0 0 0 0 0 0 0 0 0 0 110 54 0 1 1 0 0 0 0 0 0 0 0
33 32 0 0 0 0 0 0 0 0 0 0 0 140 63 1 2 1 0 0 0 0 0 0 0 0
45 39 0 0 0 0 0 0 0 0 0 0 0 147 73 2 2 1 0 0 0 0 0 0 0 0
59 44 0 0 0 0 0 0 0 0 0 0 0 177 83 2 2 1 1 0 0 0 1 0 0 0
68 49 0 1 0 0 0 0 0 0 0 0 0 218 91 2 3 1 1 1 0 0 1 0 0 0
76 55 0 1 0 0 0 0 0 0 0 0 0 221 95 2 3 1 1 1 0 0 1 0 0 0
102 64 0 1 0 0 0 0 0 0 0 0 0 230 103 3 3 1 1 1 0 0 1 0 0 0
112 69 0 1 0 0 0 0 0 0 0 0 0 284 114 3 3 1 1 1 0 0 1 0 0 0
134 77 0 2 0 0 0 0 0 0 0 0 0 289 120 3 3 1 1 1 0 0 1 0 0 0
138 82 0 2 0 0 0 0 0 0 0 0 0 327 132 3 4 1 1 1 0 0 1 0 0 0
153 89 0 2 0 0 0 0 0 0 0 0 0 359 147 3 5 1 1 1 0 0 1 0 0 0
168 97 0 2 0 0 0 0 0 0 0 0 0 369 155 3 6 1 1 1 0 0 1 0 0 0
179 102 0 2 0 0 0 0 0 0 0 0 0 418 164 3 6 2 1 1 0 0 1 0 0 0
192 110 0 3 0 0 0 0 0 0 0 0 0 481 174 4 7 2 1 1 0 0 1 0 0 0
221 115 0 3 0 0 0 0 0 0 0 0 0 484 177 4 7 2 1 2 0 0 1 0 0 0
233 122 0 3 0 0 0 0 0 0 0 0 0 496 187 4 7 2 1 2 0 0 1 0 0 0
261 133 0 3 0 0 0 0 0 0 0 0 0 505 198 4 7 2 2 2 1 0 1 0 0 0
270 140 0 4 0 0 0 0 0 0 0 0 0 542 209 4 7 2 2 2 1 0 1 0 0 0
298 150 0 4 0 0 1 0 0 0 0 0 0 545 212 4 7 2 2 2 1 0 1 0 0 0
307 158 0 5 0 0 1 0 0 0 0 0 0 585 219 4 8 2 2 2 1 0 2 0 0 0
323 165 0 5 0 0 1 0 0 0 0 0 0 592 226 4 8 2 2 2 1 0 2 0 0 0
343 173 0 5 0 0 1 0 0 0 0 0 0 595 230 4 11 2 2 2 1 0 2 1 0 0
364 178 0 6 0 0 1 0 0 0 0 0 0 601 237 4 11 2 2 2 1 0 2 1 0 0
369 181 0 6 0 0 1 0 0 0 0 0 0 630 243 4 12 2 2 2 1 0 2 1 0 0
375 186 0 6 0 0 1 0 0 0 0 0 0 643 252 4 13 2 2 2 1 0 2 1 0 0
417 201 0 6 0 0 1 0 0 0 0 0 0 651 260 4 13 2 2 2 1 0 2 1 0 0
422 207 0 6 0 0 1 0 0 0 0 0 0 685 273 4 13 3 2 2 1 0 2 1 0 0
434 213 0 6 0 1 1 0 0 0 0 0 0 764 297 4 13 3 2 2 1 0 2 1 0 0
445 221 0 7 0 1 1 0 0 0 0 0 0 769 303 4 13 3 3 2 1 0 2 1 0 0
463 226 0 7 0 1 1 0 0 0 0 0 0 801 311 4 14 3 3 3 1 0 2 1 0 0
476 230 0 8 1 1 1 0 0 0 0 0 0 820 321 4 14 3 3 3 1 0 3 1 0 0
505 238 0 8 1 1 1 0 0 1 0 0 0 829 331 4 14 3 3 3 2 0 3 1 0 0
510 243 0 8 1 1 1 0 0 1 0 0 0 833 338 4 14 3 3 3 2 0 3 1 0 0
533 253 0 8 1 1 1 0 0 1 0 0 0 911 352 4 14 4 3 3 2 0 3 1 0 0
550 260 0 8 1 1 1 0 0 1 0 0 0 921 357 4 14 4 3 3 2 0 3 1 0 0
