# scores for worst/random/best/smart move selector strategies. 
# scores are 50% and 95% quantiles (based on 40 games) of: 
# game score, #destroyed, #unlocked, #stripes, #bombs, #zappers
0 0 0 0 0 0 0 0 0 0 0 0 0 9 9 0 0 0 0 0 0 0 0 0 0 0
3 3 0 0 0 0 0 0 0 0 0 0 0 12 12 0 0 0 0 0 0 0 0 0 0 0
9 9 0 0 0 0 0 0 0 0 0 0 0 19 19 0 0 0 0 0 0 0 0 0 0 0
12 12 0 0 0 0 0 0 0 0 0 0 0 22 22 0 0 0 0 0 0 0 0 0 0 0
15 15 0 0 0 0 0 0 0 0 0 0 0 28 28 0 0 0 0 0 0 0 0 0 0 0
21 21 0 0 0 0 0 0 0 0 0 0 0 40 38 0 0 0 0 0 0 0 0 0 0 0
24 24 0 0 0 0 0 0 0 0 0 0 0 43 41 0 0 0 0 0 0 0 0 0 0 0
27 27 0 0 0 0 0 0 0 0 0 0 0 49 47 0 0 0 0 0 0 0 0 0 0 0
31 31 0 0 0 0 0 0 0 0 0 0 0 69 50 0 0 0 0 0 0 0 0 0 0 0
36 36 0 0 0 0 0 0 0 0 0 0 0 85 55 0 0 1 0 0 0 0 0 0 0 0
39 39 0 0 0 0 0 0 0 0 0 0 0 91 60 0 0 1 0 0 0 0 0 0 0 0
45 45 0 0 0 0 0 0 0 0 0 0 0 94 65 0 0 1 0 0 0 0 0 0 0 0
48 48 0 0 0 0 0 0 0 0 0 0 0 97 69 0 0 1 0 0 0 0 0 0 0 0
51 51 0 0 0 0 0 0 0 0 0 0 0 105 72 0 0 1 0 0 0 0 0 0 0 0
58 57 0 0 0 0 0 0 0 0 0 0 0 109 76 0 1 1 0 0 0 0 0 0 0 0
61 60 0 0 0 0 0 0 0 0 0 0 0 112 80 0 1 1 0 0 0 0 0 0 0 0
66 65 0 0 0 0 0 0 0 0 0 0 0 115 83 0 1 1 0 0 0 0 0 0 0 0
69 69 0 0 0 0 0 0 0 0 0 0 0 119 86 0 1 1 0 0 0 0 0 0 0 0
72 72 0 0 0 0 0 0 0 0 0 0 0 122 90 0 1 1 0 0 0 0 0 0 0 0
78 76 0 0 0 0 0 0 0 0 0 0 0 132 93 0 1 1 0 0 0 0 0 0 0 0
81 80 0 0 0 0 0 0 0 0 0 0 0 137 98 0 1 1 0 0 0 0 0 0 0 0
87 86 0 0 0 0 0 0 0 0 0 0 0 142 104 0 1 1 0 0 0 0 0 0 0 0
90 89 0 0 0 0 0 0 0 0 0 0 0 145 107 0 1 1 0 0 0 0 0 0 0 0
93 92 0 0 0 0 0 0 0 0 0 0 0 148 111 0 1 1 0 0 0 0 0 0 0 0
98 96 0 0 0 0 0 0 0 0 0 0 0 151 114 0 1 1 0 0 0 0 0 0 0 0
105 100 0 0 0 0 0 0 0 0 0 0 0 154 117 0 1 1 0 0 0 0 0 0 0 0
108 103 0 0 0 0 0 0 0 0 0 0 0 157 122 0 1 1 0 0 0 0 0 0 0 0
111 106 0 0 0 0 0 0 0 0 0 0 0 161 126 0 1 1 0 0 0 0 0 0 0 0
114 110 0 0 0 0 0 0 0 0 0 0 0 164 129 0 1 1 0 0 0 0 0 0 0 0
117 114 0 0 0 0 0 0 0 0 0 0 0 167 134 0 1 1 0 0 0 0 0 0 0 0
120 118 0 0 0 0 0 0 0 0 0 0 0 171 137 0 1 1 0 0 0 0 0 0 0 0
125 123 0 0 0 0 0 0 0 0 0 0 0 181 141 0 1 1 0 0 0 0 0 0 0 0
130 126 0 0 0 0 0 0 0 0 0 0 0 184 147 0 1 1 0 0 0 0 0 0 0 0
136 129 0 0 0 0 0 0 0 0 0 0 0 187 150 0 1 1 0 0 0 0 0 0 0 0
139 133 0 0 0 0 0 0 0 0 0 0 0 193 153 0 1 1 0 0 0 0 0 0 0 0
142 136 0 0 0 0 0 0 0 0 0 0 0 198 158 0 1 1 0 0 0 0 0 0 0 0
147 142 0 0 0 0 0 0 0 0 0 0 0 201 161 0 1 1 0 0 0 0 0 0 0 0
151 146 0 0 0 0 0 0 0 0 0 0 0 204 164 0 1 1 0 0 0 0 0 0 0 0
156 150 0 0 0 0 0 0 0 0 0 0 0 207 168 0 1 1 0 0 0 0 0 0 0 0
159 153 0 0 0 0 0 0 0 0 0 0 0 211 173 0 1 1 0 0 0 0 0 0 0 0
163 156 0 0 0 0 0 0 0 0 0 0 0 214 176 0 1 1 0 0 0 0 0 0 0 0
