# scores for worst/random/best/smart move selector strategies. 
# scores are 50% and 95% quantiles (based on 40 games) of: 
# game score, #destroyed, #unlocked, #stripes, #bombs, #zappers
0 0 0 0 0 0 0 0 0 0 0 0 0 6 6 0 0 0 0 0 0 0 0 0 0 0
4 4 0 0 0 0 0 0 0 0 0 0 0 13 13 0 0 0 0 0 0 0 0 0 0 0
9 9 0 0 0 0 0 0 0 0 0 0 0 25 20 0 0 0 0 0 0 0 0 0 0 0
14 14 0 0 0 0 0 0 0 0 0 0 0 39 27 0 0 0 0 0 0 0 0 0 0 0
18 18 0 0 0 0 0 0 0 0 0 0 0 87 32 2 2 0 0 0 0 0 0 0 0 0
24 24 0 0 0 0 0 0 0 0 0 0 0 90 41 4 2 0 0 0 0 0 0 0 0 0
28 28 0 0 0 0 0 0 0 0 0 0 0 94 47 4 2 0 0 0 0 0 0 0 0 0
35 33 0 0 0 0 0 0 0 0 0 0 0 97 50 5 2 0 0 1 0 0 0 0 0 0
39 37 0 0 0 0 0 0 0 0 0 0 0 121 54 5 2 0 0 1 0 0 0 0 0 0
46 42 0 0 0 0 0 0 0 0 0 0 0 133 59 6 3 0 0 1 0 0 0 0 0 0
63 46 0 0 0 0 0 0 0 0 0 0 0 149 69 6 3 0 0 1 0 0 0 0 0 0
81 53 0 1 0 0 0 0 0 0 0 0 0 164 78 6 3 0 0 1 0 0 0 0 0 0
88 58 0 1 0 0 0 0 0 0 0 0 0 200 88 6 4 0 0 1 0 0 0 0 0 0
96 62 0 1 0 0 0 0 0 0 0 0 0 230 94 6 5 0 0 1 0 0 0 0 0 0
108 68 1 1 0 0 0 0 0 0 0 0 0 311 117 12 6 1 0 1 0 0 0 0 0 0
117 74 2 1 0 0 0 0 0 0 0 0 0 314 124 14 6 1 0 1 0 0 0 0 0 0
126 82 3 2 0 0 0 0 0 0 0 0 0 323 128 16 6 1 0 1 1 0 0 0 0 0
138 88 3 2 0 0 0 0 0 0 0 0 0 332 135 16 6 1 1 1 1 0 0 0 0 0
167 95 3 2 0 0 0 0 0 0 0 0 0 366 140 16 8 1 1 1 1 0 0 0 0 0
178 101 3 2 0 0 0 0 0 0 0 0 0 369 143 16 8 1 1 1 1 0 0 0 0 0
184 106 4 2 0 0 0 0 0 0 0 0 0 435 154 16 10 1 1 1 1 0 0 0 0 0
193 113 4 3 0 0 0 0 0 0 0 0 0 440 158 16 10 1 1 1 1 0 0 0 0 0
202 117 4 3 0 0 0 0 0 0 0 0 0 469 163 17 11 1 1 1 1 0 1 0 0 0
222 126 5 3 0 0 0 0 0 0 0 0 0 499 168 17 12 1 1 1 1 0 1 0 0 0
245 133 5 3 0 0 0 0 0 0 0 0 0 546 179 17 13 1 1 2 1 0 1 0 0 0
254 144 6 4 0 0 0 0 0 0 0 0 0 552 185 19 13 1 1 2 1 0 1 0 0 0
265 149 6 4 0 0 0 0 0 0 0 0 0 556 191 19 13 1 1 2 1 0 1 0 0 0
291 161 6 4 0 0 0 0 0 0 0 0 0 567 220 19 13 1 1 2 1 0 1 0 0 0
315 166 7 5 0 0 0 0 0 0 0 0 0 575 226 19 13 1 1 2 1 0 1 0 0 0
320 171 7 5 0 0 0 0 0 0 0 0 0 579 231 20 13 1 1 2 1 0 1 0 0 0
328 177 7 5 0 0 1 0 0 0 0 0 0 602 239 21 13 1 1 2 1 0 1 0 0 0
343 188 7 5 0 0 1 0 0 0 0 0 0 617 261 21 13 2 1 2 1 0 1 0 0 0
354 193 7 5 0 0 1 0 0 0 0 0 0 674 279 21 13 2 1 2 1 0 1 0 0 0
361 202 7 6 0 0 1 0 0 0 0 0 0 683 282 21 13 2 1 2 1 0 1 0 0 0
370 207 7 6 0 0 1 0 0 0 0 0 0 701 294 21 14 2 1 2 1 0 1 0 0 0
381 211 8 6 0 0 1 0 0 0 0 0 0 728 300 21 15 2 1 2 1 0 1 0 0 0
391 224 10 6 0 0 1 0 0 0 0 0 0 731 303 21 15 2 1 2 1 0 1 0 0 0
400 228 10 6 0 0 1 0 0 0 0 0 0 734 306 21 15 2 2 2 1 0 2 0 0 0
434 234 10 6 0 0 1 0 0 0 0 0 0 738 310 21 15 2 2 2 1 0 2 0 0 0
480 241 10 7 0 0 1 0 0 0 0 0 0 742 316 21 15 2 2 2 1 0 2 0 0 0
495 250 10 7 1 0 1 0 0 0 0 0 0 817 325 21 16 2 2 2 1 0 2 0 0 0
