# scores for worst/random/best/smart move selector strategies. 
# scores are 50% and 95% quantiles (based on 40 games) of: 
# game score, #destroyed, #unlocked, #stripes, #bombs, #zappers
0 0 0 0 0 0 0 0 0 0 0 0 0 6 6 0 0 0 0 0 0 0 0 0 0 0
3 3 0 0 0 0 0 0 0 0 0 0 0 14 14 0 0 0 0 0 0 0 0 0 0 0
9 9 0 0 0 0 0 0 0 0 0 0 0 17 17 0 0 0 0 0 0 0 0 0 0 0
12 12 0 0 0 0 0 0 0 0 0 0 0 23 23 0 0 0 0 0 0 0 0 0 0 0
16 16 0 0 0 0 0 0 0 0 0 0 0 53 32 0 1 0 0 0 0 0 0 0 0 0
21 21 0 0 0 0 0 0 0 0 0 0 0 61 36 0 1 0 0 0 0 0 0 0 0 0
24 24 0 0 0 0 0 0 0 0 0 0 0 64 41 0 1 0 0 0 0 0 0 0 0 0
30 30 0 0 0 0 0 0 0 0 0 0 0 69 46 0 1 0 0 0 0 0 0 0 0 0
33 33 0 0 0 0 0 0 0 0 0 0 0 85 59 0 1 0 0 0 0 0 0 0 0 0
39 39 0 0 0 0 0 0 0 0 0 0 0 107 62 3 1 0 0 0 0 0 0 0 0 0
45 44 0 0 0 0 0 0 0 0 0 0 0 113 68 3 2 0 0 0 0 0 0 0 0 0
50 48 0 0 0 0 0 0 0 0 0 0 0 116 76 3 2 0 0 0 0 0 0 0 0 0
56 53 0 0 0 0 0 0 0 0 0 0 0 137 85 4 2 0 0 0 0 0 0 0 0 0
60 58 0 0 0 0 0 0 0 0 0 0 0 189 92 4 3 1 0 0 0 0 0 0 0 0
65 62 0 0 0 0 0 0 0 0 0 0 0 203 101 4 3 1 0 0 0 0 0 0 0 0
74 67 0 0 0 0 0 0 0 0 0 0 0 206 105 4 3 1 0 0 0 0 0 0 0 0
81 72 0 0 0 0 0 0 0 0 0 0 0 214 108 5 3 1 0 0 0 0 0 0 0 0
88 76 0 0 0 0 0 0 0 0 0 0 0 220 111 5 3 1 0 0 0 0 0 0 0 0
96 80 0 1 0 0 0 0 0 0 0 0 0 231 121 5 3 1 0 0 0 0 0 0 0 0
110 87 0 1 0 0 0 0 0 0 0 0 0 236 124 5 3 1 0 0 0 0 0 0 0 0
115 92 0 1 0 0 0 0 0 0 0 0 0 242 133 6 3 1 0 0 0 0 0 0 0 0
121 95 0 1 0 0 0 0 0 0 0 0 0 245 136 6 3 1 0 0 0 0 0 0 0 0
129 100 0 1 0 0 0 0 0 0 0 0 0 249 140 7 3 1 0 0 0 0 0 0 0 0
138 104 0 1 0 0 0 0 0 0 0 0 0 252 146 7 3 1 0 0 0 0 0 0 0 0
142 110 1 1 0 0 0 0 0 0 0 0 0 257 151 7 3 1 0 0 0 0 0 0 0 0
156 116 1 1 0 0 0 0 0 0 0 0 0 262 156 7 3 1 1 1 0 0 1 0 0 0
166 123 1 1 0 0 0 0 0 0 0 0 0 286 165 7 3 2 1 1 0 0 1 0 0 0
170 126 2 1 0 0 0 0 0 0 0 0 0 306 170 7 4 2 1 1 0 0 1 0 0 0
179 133 2 1 0 0 0 0 0 0 0 0 0 319 179 7 4 2 1 1 0 0 1 0 0 0
184 137 2 2 0 0 0 0 0 0 0 0 0 339 193 9 5 2 1 1 0 0 1 0 0 0
199 147 2 2 0 0 0 0 0 0 0 0 0 351 198 9 5 2 1 1 0 0 1 0 0 0
213 150 2 2 0 0 0 0 0 0 0 0 0 356 206 9 5 2 1 1 1 0 1 0 0 0
228 155 2 2 0 0 0 0 0 0 0 0 0 360 209 10 5 2 1 1 1 0 1 0 0 0
235 162 3 2 0 0 0 0 0 0 0 0 0 364 213 10 5 2 1 1 1 0 1 0 0 0
246 168 3 2 0 0 0 0 0 0 0 0 0 389 221 10 5 2 1 1 1 0 1 0 0 0
253 172 3 2 0 0 0 0 0 0 0 0 0 437 242 10 5 2 1 1 1 0 1 0 0 0
259 175 3 2 0 0 0 0 0 0 0 0 0 446 248 10 6 2 1 1 1 0 1 0 0 0
266 181 3 2 0 0 0 0 0 0 0 0 0 449 251 10 6 2 1 1 1 0 1 0 0 0
270 186 3 2 0 0 0 0 0 0 0 0 0 469 256 10 6 2 1 1 1 0 1 0 0 0
291 189 3 2 0 0 0 0 0 0 0 0 0 475 260 10 6 2 1 1 1 0 1 0 0 0
294 194 3 2 0 0 0 0 0 0 0 0 0 483 270 10 6 2 1 1 1 0 1 0 0 0
