# scores for worst/random/best/smart move selector strategies. 
# scores are 50% and 95% quantiles (based on 40 games) of: 
# game score, #destroyed, #unlocked, #stripes, #bombs, #zappers
0 0 0 0 0 0 0 0 0 0 0 0 0 6 6 0 0 0 0 0 0 0 0 0 0 0
3 3 0 0 0 0 0 0 0 0 0 0 0 13 13 0 0 0 0 0 0 0 0 0 0 0
9 9 0 0 0 0 0 0 0 0 0 0 0 21 17 0 0 0 0 0 0 0 0 0 0 0
13 13 0 0 0 0 0 0 0 0 0 0 0 29 25 0 0 0 0 0 0 0 0 0 0 0
18 18 0 0 0 0 0 0 0 0 0 0 0 79 32 0 1 0 0 0 0 0 0 0 0 0
25 24 0 0 0 0 0 0 0 0 0 0 0 97 37 0 2 0 1 0 0 0 1 0 0 0
31 27 0 0 0 0 0 0 0 0 0 0 0 101 49 2 2 0 1 0 0 0 1 0 0 0
42 33 0 0 0 0 0 0 0 0 0 0 0 106 52 5 2 1 1 1 0 0 1 0 0 0
68 40 0 1 0 0 0 0 0 0 0 0 0 144 68 5 2 1 1 1 0 0 1 0 0 0
85 45 0 1 0 0 0 0 0 0 0 0 0 173 81 5 3 1 1 1 0 0 1 0 0 0
93 53 0 1 0 0 0 0 0 0 0 0 0 233 93 5 4 1 1 1 0 0 1 0 0 0
108 60 0 1 0 0 0 0 0 0 0 0 0 241 100 5 4 1 1 1 0 0 1 0 0 0
125 66 0 2 0 0 0 0 0 0 0 0 0 257 109 8 4 1 1 1 0 0 1 0 0 0
151 73 3 2 0 0 0 0 0 0 0 0 0 262 116 9 4 1 1 1 0 0 1 0 0 0
161 82 3 2 0 0 0 0 0 0 0 0 0 269 120 9 4 1 1 1 0 0 1 0 0 0
178 87 4 2 0 0 0 0 0 0 0 0 0 326 138 10 5 1 1 1 1 0 1 0 0 0
207 104 4 3 0 0 0 0 0 0 0 0 0 383 150 10 6 2 1 1 1 0 1 0 0 0
222 111 4 3 0 0 0 0 0 0 0 0 0 397 165 10 6 2 1 1 1 0 1 0 0 0
263 116 5 4 0 0 0 0 0 0 0 0 0 439 184 11 6 2 1 2 1 0 1 0 0 0
276 128 6 4 0 0 1 0 0 0 0 0 0 448 192 14 7 2 1 2 1 0 1 0 0 0
289 136 6 4 0 0 1 0 0 0 0 0 0 482 217 14 7 2 1 2 1 0 1 0 0 0
336 147 6 5 1 0 1 0 0 0 0 0 0 578 227 17 9 2 1 2 1 0 1 0 0 0
360 158 7 5 1 0 1 0 0 0 0 0 0 599 245 18 9 2 2 2 1 0 2 0 0 0
393 166 7 6 1 0 1 0 0 0 0 0 0 615 255 20 10 3 2 2 1 0 2 0 0 0
415 175 7 6 1 0 1 0 0 0 0 0 0 633 261 20 11 3 2 2 1 0 2 0 0 0
449 185 7 6 1 1 1 0 0 0 0 0 0 662 270 20 12 3 2 2 1 0 2 0 0 0
468 202 7 6 1 1 1 0 0 1 0 0 0 703 283 20 12 3 2 2 1 0 2 0 0 0
483 213 8 7 1 1 1 0 0 1 0 0 0 709 288 20 13 3 3 3 1 0 3 0 0 0
513 222 8 7 1 1 1 0 0 1 0 0 0 749 297 20 14 3 3 3 1 0 3 0 0 0
550 231 9 8 1 1 1 0 0 1 0 0 0 777 310 20 16 4 3 3 1 0 3 1 0 0
573 239 9 8 1 1 1 0 0 1 0 0 0 815 317 20 17 4 3 3 1 0 3 1 0 0
614 256 9 8 1 1 1 0 0 1 0 0 0 846 325 21 17 4 3 3 1 0 3 1 0 0
627 265 9 8 1 1 1 0 0 1 0 0 0 896 335 21 19 4 4 3 2 0 4 1 0 0
650 279 9 9 1 1 1 0 0 1 0 0 0 906 340 21 20 4 4 3 2 0 4 1 0 0
708 299 9 10 2 1 1 0 0 1 0 0 0 983 397 21 21 4 4 4 2 0 4 1 0 0
731 307 9 11 2 1 1 0 0 1 0 0 0 1013 402 21 21 4 4 4 2 0 4 1 0 0
790 317 9 11 2 2 1 0 0 1 0 0 0 1019 407 21 22 4 4 4 2 0 4 1 0 0
808 331 9 12 2 2 1 0 0 2 0 0 0 1033 425 21 22 4 4 4 2 0 4 1 0 0
839 349 10 12 2 2 1 0 0 2 0 0 0 1130 437 21 23 5 4 4 2 0 4 1 0 0
875 364 10 13 2 2 1 0 0 2 0 0 0 1172 451 21 23 5 5 4 2 0 4 1 0 0
904 368 10 13 2 2 1 0 0 2 0 0 0 1257 476 21 24 5 5 4 2 0 4 1 0 0
