# scores for worst/random/best/smart move selector strategies. 
# scores are 50% and 95% quantiles (based on 40 games) of: 
# game score, #destroyed, #unlocked, #stripes, #bombs, #zappers
0 0 0 0 0 0 0 0 0 0 0 0 0 6 6 0 0 0 0 0 0 0 0 0 0 0
3 3 0 0 0 0 0 0 0 0 0 0 0 13 11 0 0 0 0 0 0 0 0 0 0 0
9 9 0 0 0 0 0 0 0 0 0 0 0 29 17 0 0 0 0 0 0 0 0 0 0 0
12 12 0 0 0 0 0 0 0 0 0 0 0 32 20 0 0 0 0 0 0 0 0 0 0 0
16 16 0 0 0 0 0 0 0 0 0 0 0 42 24 0 0 0 0 0 0 0 0 0 0 0
20 19 0 0 0 0 0 0 0 0 0 0 0 45 32 0 0 0 0 0 0 0 0 0 0 0
27 26 0 0 0 0 0 0 0 0 0 0 0 53 39 0 1 0 0 0 0 0 0 0 0 0
30 30 0 0 0 0 0 0 0 0 0 0 0 57 46 0 1 0 0 0 0 0 0 0 0 0
33 33 0 0 0 0 0 0 0 0 0 0 0 73 53 0 1 0 0 0 0 0 0 0 0 0
39 38 0 0 0 0 0 0 0 0 0 0 0 78 58 0 1 0 0 0 0 0 0 0 0 0
42 42 0 0 0 0 0 0 0 0 0 0 0 98 63 0 1 0 0 0 0 0 0 0 0 0
49 49 0 0 0 0 0 0 0 0 0 0 0 107 70 0 1 1 0 0 0 0 0 0 0 0
55 52 0 0 0 0 0 0 0 0 0 0 0 110 73 0 1 1 0 0 0 0 0 0 0 0
63 56 0 0 0 0 0 0 0 0 0 0 0 117 76 4 2 1 0 0 0 0 0 0 0 0
70 61 0 0 0 0 0 0 0 0 0 0 0 127 85 5 2 1 0 0 0 0 0 0 0 0
75 66 0 0 0 0 0 0 0 0 0 0 0 132 90 5 2 1 0 0 0 0 0 0 0 0
85 70 0 0 0 0 0 0 0 0 0 0 0 135 95 5 2 1 0 0 0 0 0 0 0 0
89 75 0 0 0 0 0 0 0 0 0 0 0 138 98 5 2 1 0 0 0 0 0 0 0 0
99 80 0 1 0 0 0 0 0 0 0 0 0 149 108 6 2 1 0 0 0 0 0 0 0 0
108 84 0 1 0 0 0 0 0 0 0 0 0 153 113 6 2 1 0 0 0 0 0 0 0 0
113 91 0 1 0 0 0 0 0 0 0 0 0 184 117 6 2 1 0 0 0 0 0 0 0 0
120 96 0 1 0 0 0 0 0 0 0 0 0 188 123 6 2 1 0 0 0 0 0 0 0 0
127 100 0 1 0 0 0 0 0 0 0 0 0 193 129 6 2 1 0 0 0 0 0 0 0 0
133 106 0 1 0 0 0 0 0 0 0 0 0 205 136 6 3 1 0 0 0 0 0 0 0 0
142 110 0 1 0 0 0 0 0 0 0 0 0 224 148 6 3 1 0 0 0 0 0 0 0 0
146 114 0 1 0 0 0 0 0 0 0 0 0 232 152 6 3 1 1 0 0 0 1 0 0 0
150 119 0 1 0 0 0 0 0 0 0 0 0 245 161 6 3 1 1 0 0 0 1 0 0 0
157 123 0 1 0 0 0 0 0 0 0 0 0 279 165 6 3 1 1 0 0 0 1 0 0 0
162 128 0 1 0 0 0 0 0 0 0 0 0 285 174 6 3 1 1 0 0 0 1 0 0 0
165 131 0 1 0 0 0 0 0 0 0 0 0 350 189 7 4 1 1 0 0 0 1 0 0 0
172 136 1 1 0 0 0 0 0 0 0 0 0 356 193 7 4 1 1 0 0 0 1 0 0 0
193 139 1 2 0 0 0 0 0 0 0 0 0 359 198 7 4 1 1 0 0 0 1 0 0 0
202 144 1 2 0 0 0 0 0 0 0 0 0 366 202 7 4 1 1 0 0 0 1 0 0 0
207 150 2 2 0 0 0 0 0 0 0 0 0 388 211 7 4 1 1 0 0 0 1 0 0 0
213 155 2 2 0 0 0 0 0 0 0 0 0 391 215 8 5 1 1 0 0 0 1 0 0 0
217 160 2 2 0 0 0 0 0 0 0 0 0 406 220 8 5 1 1 0 0 0 1 0 0 0
224 165 2 2 0 0 0 0 0 0 0 0 0 409 223 8 5 1 1 0 0 0 1 0 0 0
240 169 3 2 0 0 0 0 0 0 0 0 0 412 226 9 5 1 1 1 0 0 1 0 0 0
248 175 3 2 0 0 0 0 0 0 0 0 0 415 229 9 5 1 1 1 0 0 1 0 0 0
257 180 3 2 0 0 0 0 0 0 0 0 0 418 233 9 5 1 1 1 0 0 1 0 0 0
261 183 3 2 0 0 0 0 0 0 0 0 0 422 236 10 5 1 1 1 0 0 1 0 0 0
