# scores for worst/random/best/smart move selector strategies. 
# scores are 50% and 95% quantiles (based on 40 games) of: 
# game score, #destroyed, #unlocked, #stripes, #bombs, #zappers
0 0 0 0 0 0 0 0 0 0 0 0 0 6 6 0 0 0 0 0 0 0 0 0 0 0
3 3 0 0 0 0 0 0 0 0 0 0 0 16 15 0 0 0 0 0 0 0 0 0 0 0
9 8 0 0 0 0 0 0 0 0 0 0 0 29 18 0 0 0 0 0 0 0 0 0 0 0
12 12 0 0 0 0 0 0 0 0 0 0 0 46 25 0 1 0 0 0 0 0 0 0 0 0
18 18 0 0 0 0 0 0 0 0 0 0 0 49 28 0 1 0 0 0 0 0 0 0 0 0
21 21 0 0 0 0 0 0 0 0 0 0 0 64 32 0 1 0 0 0 0 0 0 0 0 0
25 24 0 0 0 0 0 0 0 0 0 0 0 70 38 0 1 0 0 0 0 0 0 0 0 0
30 27 0 0 0 0 0 0 0 0 0 0 0 73 44 0 1 0 0 0 0 0 0 0 0 0
35 33 0 0 0 0 0 0 0 0 0 0 0 76 49 0 1 0 0 0 0 0 0 0 0 0
39 38 0 0 0 0 0 0 0 0 0 0 0 86 52 0 1 0 1 0 0 0 1 0 0 0
45 42 0 0 0 0 0 0 0 0 0 0 0 92 56 0 1 0 1 0 0 0 1 0 0 0
48 47 0 0 0 0 0 0 0 0 0 0 0 98 60 1 1 0 1 0 0 0 1 0 0 0
53 51 0 0 0 0 0 0 0 0 0 0 0 101 63 1 1 0 1 0 0 0 1 0 0 0
58 54 0 0 0 0 0 0 0 0 0 0 0 104 68 1 1 0 1 0 0 0 1 0 0 0
63 58 0 0 0 0 0 0 0 0 0 0 0 109 71 2 1 0 1 0 0 0 1 0 0 0
68 62 0 0 0 0 0 0 0 0 0 0 0 112 78 2 1 0 1 0 0 0 1 0 0 0
72 68 0 0 0 0 0 0 0 0 0 0 0 118 85 2 1 0 1 0 0 0 1 0 0 0
76 71 0 0 0 0 0 0 0 0 0 0 0 126 91 3 1 0 1 0 0 0 1 0 0 0
81 76 0 0 0 0 0 0 0 0 0 0 0 129 94 3 1 0 1 0 0 0 1 0 0 0
84 80 0 0 0 0 0 0 0 0 0 0 0 140 100 3 2 0 1 0 0 0 1 0 0 0
96 84 0 0 0 0 0 0 0 0 0 0 0 167 109 3 2 0 1 0 0 0 1 0 0 0
101 87 0 0 0 0 0 0 0 0 0 0 0 170 113 3 2 0 1 0 0 0 1 0 0 0
111 91 0 0 0 0 0 0 0 0 0 0 0 173 116 3 2 0 1 0 0 0 1 0 0 0
118 96 0 0 0 0 0 0 0 0 0 0 0 176 119 3 2 0 1 0 0 0 1 0 0 0
123 99 0 0 0 0 0 0 0 0 0 0 0 181 132 3 2 0 1 0 0 0 1 0 0 0
132 105 0 0 0 0 0 0 0 0 0 0 0 190 139 3 2 1 1 0 0 0 1 0 0 0
137 110 0 0 0 0 0 0 0 0 0 0 0 194 143 3 2 1 1 0 0 0 1 0 0 0
141 117 0 0 0 0 0 0 0 0 0 0 0 216 146 3 2 1 1 0 0 0 1 0 0 0
148 120 0 0 0 0 0 0 0 0 0 0 0 219 150 3 2 1 1 0 0 0 1 0 0 0
152 125 0 0 0 0 0 0 0 0 0 0 0 230 156 4 2 1 1 0 0 0 1 0 0 0
158 129 0 1 0 0 0 0 0 0 0 0 0 233 159 4 2 1 1 0 0 0 1 0 0 0
162 135 0 1 0 0 0 0 0 0 0 0 0 250 162 4 2 1 1 0 0 0 1 0 0 0
171 141 0 1 0 0 0 0 0 0 0 0 0 272 167 6 3 1 1 0 0 0 1 0 0 0
178 147 0 1 0 0 0 0 0 0 0 0 0 275 171 6 3 1 1 0 0 0 1 0 0 0
183 150 0 1 0 0 0 0 0 0 0 0 0 281 182 6 3 1 1 0 0 0 1 0 0 0
191 159 0 1 0 0 0 0 0 0 0 0 0 285 185 6 3 1 1 0 0 0 1 0 0 0
199 162 0 1 0 0 0 0 0 0 0 0 0 291 190 6 3 1 1 0 0 0 1 0 0 0
205 165 0 1 0 0 0 0 0 0 0 0 0 296 193 6 3 1 1 0 0 0 1 0 0 0
211 168 0 1 0 0 0 0 0 0 0 0 0 300 198 6 3 1 1 0 0 0 1 0 0 0
217 171 0 1 0 0 0 0 0 0 0 0 0 303 202 6 3 1 1 0 0 0 1 0 0 0
220 176 0 1 0 0 0 0 0 0 0 0 0 313 206 6 3 1 1 0 0 0 1 0 0 0
