# scores for worst/random/best/smart move selector strategies. 
# scores are 50% and 95% quantiles (based on 40 games) of: 
# game score, #destroyed, #unlocked, #stripes, #bombs, #zappers
0 0 0 0 0 0 0 0 0 0 0 0 0 6 6 0 0 0 0 0 0 0 0 0 0 0
3 3 0 0 0 0 0 0 0 0 0 0 0 13 11 0 0 0 0 0 0 0 0 0 0 0
9 9 0 0 0 0 0 0 0 0 0 0 0 29 17 0 0 0 0 0 0 0 0 0 0 0
12 12 0 0 0 0 0 0 0 0 0 0 0 44 23 0 0 0 0 0 0 0 0 0 0 0
15 15 0 0 0 0 0 0 0 0 0 0 0 47 26 0 1 0 0 0 0 0 0 0 0 0
18 18 0 0 0 0 0 0 0 0 0 0 0 50 32 0 1 0 0 0 0 0 0 0 0 0
24 24 0 0 0 0 0 0 0 0 0 0 0 53 35 0 1 0 0 0 0 0 0 0 0 0
30 29 0 0 0 0 0 0 0 0 0 0 0 68 39 0 1 0 0 0 0 0 0 0 0 0
36 33 0 0 0 0 0 0 0 0 0 0 0 73 45 2 1 0 0 0 0 0 0 0 0 0
40 37 0 0 0 0 0 0 0 0 0 0 0 97 60 4 1 0 1 0 0 0 1 0 0 0
47 42 0 0 0 0 0 0 0 0 0 0 0 103 64 4 1 0 1 0 0 0 1 0 0 0
55 49 0 0 0 0 0 0 0 0 0 0 0 112 71 4 1 0 1 0 0 0 1 0 0 0
64 53 0 0 0 0 0 0 0 0 0 0 0 142 74 4 1 0 1 0 0 0 1 0 0 0
72 56 0 0 0 0 0 0 0 0 0 0 0 147 78 4 2 0 1 0 0 0 1 0 0 0
79 59 0 0 0 0 0 0 0 0 0 0 0 178 98 4 2 0 1 0 0 0 1 0 0 0
92 66 0 1 0 0 0 0 0 0 0 0 0 207 108 7 2 1 1 0 0 0 1 0 0 0
97 70 0 1 0 0 0 0 0 0 0 0 0 212 112 7 2 1 1 0 0 0 1 0 0 0
100 75 0 1 0 0 0 0 0 0 0 0 0 216 116 7 3 1 1 0 0 0 1 0 0 0
119 80 1 1 0 0 0 0 0 0 0 0 0 254 128 7 3 1 1 1 0 0 1 0 0 0
125 88 1 1 0 0 0 0 0 0 0 0 0 289 144 8 3 1 1 1 0 0 1 0 0 0
132 91 1 1 0 0 0 0 0 0 0 0 0 295 149 8 3 1 1 1 0 0 1 0 0 0
144 97 2 1 0 0 0 0 0 0 0 0 0 303 157 8 3 1 1 1 0 0 1 0 0 0
154 102 2 2 0 0 0 0 0 0 0 0 0 307 162 8 3 1 1 1 0 0 1 0 0 0
161 106 2 2 0 0 0 0 0 0 0 0 0 325 165 9 3 1 1 1 1 0 1 0 0 0
170 113 3 2 0 0 0 0 0 0 0 0 0 339 174 9 4 1 1 1 1 0 1 0 0 0
178 120 3 2 0 0 0 0 0 0 0 0 0 378 184 10 4 1 2 1 1 0 2 0 0 0
188 126 3 2 0 0 0 0 0 0 0 0 0 384 188 10 4 1 2 1 1 0 2 0 0 0
201 133 3 2 0 0 0 0 0 0 0 0 0 435 210 10 4 2 2 1 1 0 2 0 0 0
215 138 3 2 0 0 0 0 0 0 0 0 0 440 214 10 4 2 3 1 1 0 3 0 0 0
221 142 3 2 0 0 0 0 0 0 0 0 0 447 221 10 4 2 3 1 1 0 3 0 0 0
228 147 3 3 0 0 0 0 0 0 0 0 0 586 245 10 6 2 3 1 1 0 3 0 0 0
237 155 3 3 0 0 0 0 0 0 0 0 0 591 251 11 6 2 3 1 1 0 3 0 0 0
243 160 3 3 0 0 0 0 0 0 0 0 0 595 254 11 6 2 3 1 1 0 3 0 0 0
260 167 3 3 0 0 0 0 0 0 0 0 0 599 258 12 6 2 3 1 1 0 3 0 0 0
276 174 4 3 0 0 0 0 0 0 0 0 0 604 264 13 6 2 3 1 1 0 3 0 0 0
304 178 4 4 0 0 0 0 0 0 0 0 0 632 272 13 6 2 3 1 1 0 3 0 0 0
307 185 5 4 0 0 0 0 0 0 0 0 0 637 276 13 6 2 3 1 1 0 3 0 0 0
327 190 5 4 0 0 0 0 0 0 0 0 0 661 282 13 7 2 3 1 1 0 3 0 0 0
333 193 5 4 0 0 0 0 0 0 0 0 0 673 286 13 7 2 3 1 1 0 3 0 0 0
338 199 5 5 0 0 0 0 0 0 0 0 0 696 298 13 8 2 3 1 1 0 3 0 0 0
354 210 5 5 0 0 0 0 0 0 0 0 0 756 306 13 8 2 3 1 1 0 3 0 0 0
