# scores for worst/random/best/smart move selector strategies. 
# scores are 50% and 95% quantiles (based on 40 games) of: 
# game score, #destroyed, #unlocked, #stripes, #bombs, #zappers
0 0 0 0 0 0 0 0 0 0 0 0 0 6 6 0 0 0 0 0 0 0 0 0 0 0
3 3 0 0 0 0 0 0 0 0 0 0 0 13 11 0 0 0 0 0 0 0 0 0 0 0
9 9 0 0 0 0 0 0 0 0 0 0 0 18 18 0 0 0 0 0 0 0 0 0 0 0
12 12 0 0 0 0 0 0 0 0 0 0 0 35 23 0 0 0 0 0 0 0 0 0 0 0
15 15 0 0 0 0 0 0 0 0 0 0 0 40 28 0 0 0 0 0 0 0 0 0 0 0
19 19 0 0 0 0 0 0 0 0 0 0 0 47 38 0 1 0 0 0 0 0 0 0 0 0
24 24 0 0 0 0 0 0 0 0 0 0 0 50 42 0 1 0 0 0 0 0 0 0 0 0
27 27 0 0 0 0 0 0 0 0 0 0 0 53 48 0 1 0 0 0 0 0 0 0 0 0
33 33 0 0 0 0 0 0 0 0 0 0 0 58 51 0 1 0 0 0 0 0 0 0 0 0
36 36 0 0 0 0 0 0 0 0 0 0 0 63 56 0 1 0 0 0 0 0 0 0 0 0
42 42 0 0 0 0 0 0 0 0 0 0 0 71 62 0 1 0 0 0 0 0 0 0 0 0
46 46 0 0 0 0 0 0 0 0 0 0 0 95 67 0 1 0 0 0 0 0 0 0 0 0
51 51 0 0 0 0 0 0 0 0 0 0 0 107 70 0 1 0 0 0 0 0 0 0 0 0
54 54 0 0 0 0 0 0 0 0 0 0 0 110 73 0 1 0 0 0 0 0 0 0 0 0
58 58 0 0 0 0 0 0 0 0 0 0 0 113 76 2 1 0 0 0 0 0 0 0 0 0
63 62 0 0 0 0 0 0 0 0 0 0 0 116 79 2 1 0 0 0 0 0 0 0 0 0
66 66 0 0 0 0 0 0 0 0 0 0 0 119 82 2 1 0 0 0 0 0 0 0 0 0
73 73 0 0 0 0 0 0 0 0 0 0 0 128 89 3 1 0 0 0 0 0 0 0 0 0
77 76 0 0 0 0 0 0 0 0 0 0 0 131 94 3 1 0 0 0 0 0 0 0 0 0
82 81 0 0 0 0 0 0 0 0 0 0 0 146 104 3 1 1 0 0 0 0 0 0 0 0
88 85 0 0 0 0 0 0 0 0 0 0 0 149 107 3 1 1 0 0 0 0 0 0 0 0
93 90 0 0 0 0 0 0 0 0 0 0 0 154 116 3 1 1 0 0 0 0 0 0 0 0
98 95 0 0 0 0 0 0 0 0 0 0 0 157 120 3 1 1 0 0 0 0 0 0 0 0
101 98 0 0 0 0 0 0 0 0 0 0 0 160 123 3 1 1 0 0 0 0 0 0 0 0
106 101 0 0 0 0 0 0 0 0 0 0 0 163 126 3 1 1 0 0 0 0 0 0 0 0
109 107 0 0 0 0 0 0 0 0 0 0 0 166 131 3 1 1 0 0 0 0 0 0 0 0
115 110 0 0 0 0 0 0 0 0 0 0 0 169 134 3 1 1 0 0 0 0 0 0 0 0
120 114 0 0 0 0 0 0 0 0 0 0 0 174 137 3 1 1 0 0 0 0 0 0 0 0
124 119 0 0 0 0 0 0 0 0 0 0 0 195 144 3 1 1 0 0 0 0 0 0 0 0
129 123 0 0 0 0 0 0 0 0 0 0 0 198 147 3 1 1 0 0 0 0 0 0 0 0
132 129 0 0 0 0 0 0 0 0 0 0 0 208 150 3 1 1 0 0 0 0 0 0 0 0
145 134 0 0 0 0 0 0 0 0 0 0 0 212 156 3 1 1 0 0 0 0 0 0 0 0
150 138 0 0 0 0 0 0 0 0 0 0 0 215 162 3 1 1 0 0 0 0 0 0 0 0
158 142 0 0 0 0 0 0 0 0 0 0 0 222 166 3 1 1 0 0 0 0 0 0 0 0
162 146 0 0 0 0 0 0 0 0 0 0 0 228 170 3 1 1 0 0 0 0 0 0 0 0
165 150 0 0 0 0 0 0 0 0 0 0 0 231 175 3 1 1 0 0 0 0 0 0 0 0
171 153 0 0 0 0 0 0 0 0 0 0 0 236 179 3 1 1 0 0 0 0 0 0 0 0
174 157 0 0 0 0 0 0 0 0 0 0 0 239 182 3 1 1 0 0 0 0 0 0 0 0
179 161 0 1 0 0 0 0 0 0 0 0 0 242 185 3 1 1 0 0 0 0 0 0 0 0
183 164 0 1 0 0 0 0 0 0 0 0 0 245 194 3 2 1 0 0 0 0 0 0 0 0
186 168 0 1 0 0 0 0 0 0 0 0 0 264 198 3 2 1 0 0 0 0 0 0 0 0
