# scores for worst/random/best/smart move selector strategies. 
# scores are 50% and 95% quantiles (based on 40 games) of: 
# game score, #destroyed, #unlocked, #stripes, #bombs, #zappers
0 0 0 0 0 0 0 0 0 0 0 0 0 7 7 0 0 0 0 0 0 0 0 0 0 0
6 6 0 0 0 0 0 0 0 0 0 0 0 15 13 0 0 0 0 0 0 0 0 0 0 0
9 9 0 0 0 0 0 0 0 0 0 0 0 19 18 0 0 0 0 0 0 0 0 0 0 0
15 14 0 0 0 0 0 0 0 0 0 0 0 37 23 0 0 0 0 0 0 0 0 0 0 0
18 18 0 0 0 0 0 0 0 0 0 0 0 44 30 0 0 0 0 0 0 0 0 0 0 0
22 22 0 0 0 0 0 0 0 0 0 0 0 70 34 1 1 0 0 0 0 0 0 0 0 0
27 27 0 0 0 0 0 0 0 0 0 0 0 73 38 1 1 0 0 0 0 0 0 0 0 0
32 31 0 0 0 0 0 0 0 0 0 0 0 92 45 1 1 0 0 0 0 0 0 0 0 0
37 35 0 0 0 0 0 0 0 0 0 0 0 96 51 1 1 0 0 0 0 0 0 0 0 0
41 39 0 0 0 0 0 0 0 0 0 0 0 108 58 1 1 0 0 0 0 0 0 0 0 0
46 44 0 0 0 0 0 0 0 0 0 0 0 113 63 1 2 0 0 1 0 0 0 0 0 0
55 51 0 0 0 0 0 0 0 0 0 0 0 118 67 2 2 0 1 1 0 0 1 0 0 0
60 56 0 0 0 0 0 0 0 0 0 0 0 128 70 2 2 0 1 1 0 0 1 0 0 0
66 62 0 0 0 0 0 0 0 0 0 0 0 131 76 2 2 0 1 1 0 0 1 0 0 0
71 65 0 0 0 0 0 0 0 0 0 0 0 134 85 4 2 1 1 1 0 0 1 0 0 0
90 69 0 0 0 0 0 0 0 0 0 0 0 152 91 4 2 1 1 1 0 0 1 0 0 0
94 75 0 1 0 0 0 0 0 0 0 0 0 179 98 4 3 1 1 1 0 0 1 0 0 0
110 81 0 1 0 0 0 0 0 0 0 0 0 215 103 7 4 1 1 1 0 0 1 0 0 0
113 85 0 1 0 0 0 0 0 0 0 0 0 264 121 7 4 1 1 1 0 0 1 0 0 0
126 90 0 1 0 0 0 0 0 0 0 0 0 267 124 7 4 1 1 1 0 0 1 0 0 0
133 96 0 1 0 0 0 0 0 0 0 0 0 273 131 7 4 1 1 1 0 0 1 0 0 0
140 102 0 1 0 0 0 0 0 0 0 0 0 278 135 7 4 1 1 1 0 0 1 0 0 0
148 105 0 1 0 0 0 0 0 0 0 0 0 291 140 7 5 1 1 1 0 0 1 0 0 0
160 110 0 2 0 0 0 0 0 0 0 0 0 334 153 7 5 1 1 1 0 0 1 0 0 0
167 115 1 2 0 0 0 0 0 0 0 0 0 338 158 7 5 1 1 1 0 0 1 0 0 0
172 118 1 2 0 0 0 0 0 0 0 0 0 343 162 7 5 1 1 1 0 0 1 0 0 0
181 124 1 2 0 0 0 0 0 0 0 0 0 351 170 7 5 1 1 1 0 0 1 0 0 0
192 129 1 2 0 0 0 0 0 0 0 0 0 354 173 7 5 1 1 1 0 0 1 0 0 0
198 134 1 2 0 0 0 0 0 0 0 0 0 373 179 7 5 1 1 1 0 0 1 0 0 0
203 138 1 2 0 0 0 0 0 0 0 0 0 397 185 7 6 1 1 1 0 0 1 0 0 0
210 141 1 2 0 0 0 0 0 0 0 0 0 400 189 7 6 1 1 1 0 0 1 0 0 0
214 146 1 3 0 0 0 0 0 0 0 0 0 403 192 7 6 1 1 1 0 0 1 0 0 0
224 149 1 3 0 0 0 0 0 0 0 0 0 406 195 7 7 1 1 1 0 0 1 0 0 0
246 156 1 3 0 0 0 0 0 0 0 0 0 409 198 7 7 1 1 1 1 0 1 0 0 0
250 160 1 3 0 0 0 0 0 0 0 0 0 412 203 7 7 1 1 1 1 0 1 0 0 0
254 164 1 3 0 0 0 0 0 0 0 0 0 424 210 7 8 1 1 1 1 0 1 0 0 0
263 170 1 3 0 0 0 0 0 0 0 0 0 429 219 7 8 1 1 1 1 0 1 0 0 0
277 176 2 3 0 0 0 0 0 0 0 0 0 433 223 7 8 1 1 2 1 0 1 0 0 0
285 181 2 4 0 0 0 0 0 0 0 0 0 466 226 7 8 1 1 2 1 0 1 0 0 0
292 186 2 4 0 0 0 0 0 0 0 0 0 470 234 7 8 1 1 2 1 0 1 0 0 0
299 190 2 4 0 0 0 0 0 0 0 0 0 473 237 7 8 1 1 2 1 0 1 0 0 0
