# scores for worst/random/best/smart move selector strategies. 
# scores are 50% and 95% quantiles (based on 40 games) of: 
# game score, #destroyed, #unlocked, #stripes, #bombs, #zappers
0 0 0 0 0 0 0 0 0 0 0 0 0 7 7 0 0 0 0 0 0 0 0 0 0 0
5 5 0 0 0 0 0 0 0 0 0 0 0 13 13 0 0 0 0 0 0 0 0 0 0 0
9 9 0 0 0 0 0 0 0 0 0 0 0 18 18 0 0 0 0 0 0 0 0 0 0 0
12 12 0 0 0 0 0 0 0 0 0 0 0 22 22 0 0 0 0 0 0 0 0 0 0 0
18 18 0 0 0 0 0 0 0 0 0 0 0 28 28 0 0 0 0 0 0 0 0 0 0 0
21 21 0 0 0 0 0 0 0 0 0 0 0 37 37 0 0 0 0 0 0 0 0 0 0 0
25 25 0 0 0 0 0 0 0 0 0 0 0 50 41 0 0 0 0 0 0 0 0 0 0 0
30 30 0 0 0 0 0 0 0 0 0 0 0 65 48 0 0 0 0 0 0 0 0 0 0 0
33 33 0 0 0 0 0 0 0 0 0 0 0 69 51 0 0 0 0 0 0 0 0 0 0 0
39 39 0 0 0 0 0 0 0 0 0 0 0 72 57 0 1 0 0 0 0 0 0 0 0 0
45 45 0 0 0 0 0 0 0 0 0 0 0 98 60 1 1 0 0 0 0 0 0 0 0 0
49 48 0 0 0 0 0 0 0 0 0 0 0 101 63 1 1 0 0 0 0 0 0 0 0 0
53 52 0 0 0 0 0 0 0 0 0 0 0 118 72 1 1 0 0 0 0 0 0 0 0 0
57 56 0 0 0 0 0 0 0 0 0 0 0 121 75 1 1 0 0 0 0 0 0 0 0 0
61 60 0 0 0 0 0 0 0 0 0 0 0 124 78 1 1 0 0 0 0 0 0 0 0 0
65 63 0 0 0 0 0 0 0 0 0 0 0 127 81 1 1 0 0 0 0 0 0 0 0 0
72 67 0 0 0 0 0 0 0 0 0 0 0 134 88 1 1 0 0 0 0 0 0 0 0 0
78 72 0 0 0 0 0 0 0 0 0 0 0 137 92 3 1 0 0 0 0 0 0 0 0 0
81 78 0 0 0 0 0 0 0 0 0 0 0 140 95 3 2 0 0 0 0 0 0 0 0 0
86 81 0 0 0 0 0 0 0 0 0 0 0 154 101 3 2 0 0 0 0 0 0 0 0 0
90 87 0 0 0 0 0 0 0 0 0 0 0 157 105 3 2 0 0 0 0 0 0 0 0 0
93 91 0 0 0 0 0 0 0 0 0 0 0 160 108 3 2 0 0 0 0 0 0 0 0 0
98 94 0 0 0 0 0 0 0 0 0 0 0 163 111 3 2 0 0 0 0 0 0 0 0 0
103 97 0 0 0 0 0 0 0 0 0 0 0 174 114 3 2 1 0 0 0 0 0 0 0 0
107 100 0 0 0 0 0 0 0 0 0 0 0 189 121 3 2 1 0 0 0 0 0 0 0 0
118 104 0 0 0 0 0 0 0 0 0 0 0 193 124 3 2 1 0 0 0 0 0 0 0 0
123 111 0 0 0 0 0 0 0 0 0 0 0 198 134 3 2 1 0 0 0 0 0 0 0 0
130 114 0 0 0 0 0 0 0 0 0 0 0 203 137 3 2 1 0 0 0 0 0 0 0 0
133 117 0 0 0 0 0 0 0 0 0 0 0 219 142 3 3 1 0 0 0 0 0 0 0 0
144 120 0 0 0 0 0 0 0 0 0 0 0 223 146 3 3 1 0 0 0 0 0 0 0 0
148 124 0 0 0 0 0 0 0 0 0 0 0 226 151 3 3 1 0 0 0 0 0 0 0 0
151 129 0 0 0 0 0 0 0 0 0 0 0 231 155 3 3 1 0 0 0 0 0 0 0 0
157 132 0 1 0 0 0 0 0 0 0 0 0 234 164 4 3 1 1 0 0 0 1 0 0 0
161 136 0 1 0 0 0 0 0 0 0 0 0 292 168 4 3 1 1 0 0 0 1 0 0 0
165 140 0 1 0 0 0 0 0 0 0 0 0 300 173 4 3 1 1 0 0 0 1 0 0 0
169 144 0 1 0 0 0 0 0 0 0 0 0 303 182 4 3 1 1 0 0 0 1 0 0 0
174 148 0 1 0 0 0 0 0 0 0 0 0 307 185 4 3 1 1 0 0 0 1 0 0 0
177 154 0 1 0 0 0 0 0 0 0 0 0 310 188 4 3 1 1 0 0 0 1 0 0 0
181 157 0 1 0 0 0 0 0 0 0 0 0 313 191 4 3 1 1 0 0 0 1 0 0 0
184 162 0 1 0 0 0 0 0 0 0 0 0 318 201 4 3 1 1 0 0 0 1 0 0 0
187 167 0 1 0 0 0 0 0 0 0 0 0 321 205 4 3 1 1 0 0 0 1 0 0 0
