# scores for worst/random/best/smart move selector strategies. 
# scores are 50% and 95% quantiles (based on 40 games) of: 
# game score, #destroyed, #unlocked, #stripes, #bombs, #zappers
0 0 0 0 0 0 0 0 0 0 0 0 0 7 7 0 0 0 0 0 0 0 0 0 0 0
6 6 0 0 0 0 0 0 0 0 0 0 0 16 15 0 0 0 0 0 0 0 0 0 0 0
10 10 0 0 0 0 0 0 0 0 0 0 0 21 21 0 0 0 0 0 0 0 0 0 0 0
15 15 0 0 0 0 0 0 0 0 0 0 0 68 28 1 1 0 0 0 0 0 0 0 0 0
18 18 0 0 0 0 0 0 0 0 0 0 0 71 32 1 1 0 0 0 0 0 0 0 0 0
24 24 0 0 0 0 0 0 0 0 0 0 0 79 40 1 1 0 0 0 0 0 0 0 0 0
29 29 0 0 0 0 0 0 0 0 0 0 0 114 48 2 2 1 0 0 0 0 0 0 0 0
35 33 0 0 0 0 0 0 0 0 0 0 0 122 57 3 2 1 0 1 0 0 0 0 0 0
41 39 0 0 0 0 0 0 0 0 0 0 0 125 61 3 3 1 0 1 0 0 0 0 0 0
51 43 0 0 0 0 0 0 0 0 0 0 0 134 68 3 3 1 0 1 0 0 0 0 0 0
65 47 0 0 0 0 0 0 0 0 0 0 0 144 77 3 3 1 0 1 0 0 0 0 0 0
70 52 0 1 0 0 0 0 0 0 0 0 0 150 84 4 3 1 0 1 0 0 0 0 0 0
83 59 0 1 0 0 0 0 0 0 0 0 0 155 90 4 3 1 0 1 0 0 0 0 0 0
98 64 0 1 0 0 0 0 0 0 0 0 0 172 96 4 3 1 0 1 0 0 0 0 0 0
108 69 0 1 0 0 0 0 0 0 0 0 0 198 109 4 3 1 0 1 0 0 0 0 0 0
116 74 0 1 0 0 0 0 0 0 0 0 0 211 114 4 4 1 0 1 0 0 0 0 0 0
119 78 1 1 0 0 0 0 0 0 0 0 0 231 119 4 4 1 0 1 0 0 0 0 0 0
125 84 1 1 0 0 0 0 0 0 0 0 0 259 125 5 5 1 0 1 0 0 0 0 0 0
133 89 1 1 0 0 0 0 0 0 0 0 0 264 129 5 6 1 0 1 0 0 0 0 0 0
152 96 1 2 0 0 0 0 0 0 0 0 0 268 135 7 6 1 0 1 0 0 0 0 0 0
158 99 1 2 0 0 0 0 0 0 0 0 0 295 151 8 6 1 0 2 0 0 0 0 0 0
171 106 2 2 0 0 0 0 0 0 0 0 0 301 157 8 6 1 1 2 0 0 1 0 0 0
186 110 2 3 0 0 0 0 0 0 0 0 0 349 160 8 7 1 1 2 0 0 1 0 0 0
201 115 2 3 0 0 0 0 0 0 0 0 0 353 164 8 7 1 1 2 0 0 1 0 0 0
206 118 2 3 0 0 0 0 0 0 0 0 0 362 169 8 7 1 1 2 0 0 1 0 0 0
223 125 2 3 0 0 0 0 0 0 0 0 0 380 175 8 7 1 1 2 0 0 1 0 0 0
240 134 2 3 0 0 0 0 0 0 0 0 0 383 180 8 7 2 1 2 1 0 1 0 0 0
247 139 2 3 0 0 0 0 0 0 0 0 0 402 200 8 7 2 2 2 1 0 2 0 0 0
269 152 2 3 0 0 0 0 0 0 0 0 0 430 206 8 8 2 2 2 1 0 2 0 0 0
289 163 2 3 0 0 0 0 0 0 0 0 0 451 212 8 9 2 2 2 1 0 2 0 0 0
312 168 2 4 0 0 1 0 0 0 0 0 0 461 216 8 9 2 2 2 1 0 2 0 0 0
318 176 2 4 0 0 1 0 0 0 0 0 0 468 221 8 9 2 2 2 1 0 2 0 0 0
324 184 2 5 0 0 1 0 0 0 0 0 0 498 231 8 10 2 2 2 1 0 2 0 0 0
359 192 3 5 0 0 1 0 0 0 0 0 0 535 242 8 10 2 2 2 1 0 2 0 0 0
374 195 3 6 0 0 1 0 0 0 0 0 0 574 246 8 10 2 2 2 1 0 2 0 0 0
401 202 3 6 0 0 1 0 0 0 0 0 0 579 251 8 10 2 2 2 1 0 2 0 0 0
405 208 3 6 0 0 1 0 0 0 0 0 0 590 261 8 10 2 2 2 1 0 2 0 0 0
418 219 3 6 0 0 1 0 0 0 0 0 0 618 267 8 11 2 2 2 1 0 2 0 0 0
441 223 3 6 0 0 1 0 0 0 0 0 0 622 271 8 11 2 2 2 1 0 2 0 0 0
444 230 3 6 0 0 1 0 0 0 0 0 0 657 285 8 12 3 2 2 1 0 2 0 0 0
474 237 3 7 0 0 1 0 0 0 0 0 0 660 288 8 12 3 2 2 1 0 2 0 0 0
