# scores for worst/random/best/smart move selector strategies. 
# scores are 50% and 95% quantiles (based on 40 games) of: 
# game score, #destroyed, #unlocked, #stripes, #bombs, #zappers
0 0 0 0 0 0 0 0 0 0 0 0 0 8 8 0 0 0 0 0 0 0 0 0 0 0
4 4 0 0 0 0 0 0 0 0 0 0 0 12 12 0 0 0 0 0 0 0 0 0 0 0
9 9 0 0 0 0 0 0 0 0 0 0 0 15 15 0 0 0 0 0 0 0 0 0 0 0
12 12 0 0 0 0 0 0 0 0 0 0 0 22 20 0 0 0 0 0 0 0 0 0 0 0
16 16 0 0 0 0 0 0 0 0 0 0 0 72 29 2 1 0 0 0 0 0 0 0 0 0
20 20 0 0 0 0 0 0 0 0 0 0 0 83 33 2 1 0 0 0 0 0 0 0 0 0
25 25 0 0 0 0 0 0 0 0 0 0 0 87 38 2 1 0 0 0 0 0 0 0 0 0
30 30 0 0 0 0 0 0 0 0 0 0 0 91 42 4 2 0 0 1 0 0 0 0 0 0
34 34 0 0 0 0 0 0 0 0 0 0 0 125 53 4 3 0 0 1 0 0 0 0 0 0
39 38 0 0 0 0 0 0 0 0 0 0 0 128 57 4 3 0 0 1 0 0 0 0 0 0
59 43 0 0 0 0 0 0 0 0 0 0 0 131 60 4 3 0 0 1 0 0 0 0 0 0
62 46 0 0 0 0 0 0 0 0 0 0 0 136 69 4 3 0 0 1 0 0 0 0 0 0
84 54 0 1 0 0 0 0 0 0 0 0 0 153 74 4 3 0 0 1 0 0 0 0 0 0
88 58 0 1 0 0 0 0 0 0 0 0 0 159 77 5 3 0 0 1 0 0 0 0 0 0
93 62 0 1 0 0 0 0 0 0 0 0 0 180 86 6 3 0 0 1 0 0 0 0 0 0
111 66 1 1 0 0 0 0 0 0 0 0 0 192 93 6 4 0 0 1 0 0 0 0 0 0
126 70 1 2 0 0 0 0 0 0 0 0 0 195 97 6 4 0 0 1 0 0 0 0 0 0
136 74 2 2 0 0 0 0 0 0 0 0 0 218 102 6 4 0 0 1 0 0 0 0 0 0
147 80 2 2 0 0 0 0 0 0 0 0 0 221 106 6 4 0 0 1 0 0 0 0 0 0
151 87 2 2 0 0 0 0 0 0 0 0 0 228 109 6 4 0 1 1 0 0 1 0 0 0
157 91 2 3 0 0 0 0 0 0 0 0 0 249 118 6 4 0 1 1 0 0 1 0 0 0
165 96 2 3 0 0 0 0 0 0 0 0 0 253 124 7 4 0 1 1 0 0 1 0 0 0
168 100 2 3 0 0 0 0 0 0 0 0 0 266 132 7 5 0 1 1 0 0 1 0 0 0
178 104 3 3 0 0 0 0 0 0 0 0 0 276 143 7 5 0 1 1 0 0 1 0 0 0
195 109 3 3 0 0 0 0 0 0 0 0 0 285 150 7 5 1 1 1 0 0 1 0 0 0
200 115 3 3 0 0 0 0 0 0 0 0 0 288 154 7 5 1 1 1 0 0 1 0 0 0
205 119 3 3 0 0 0 0 0 0 0 0 0 301 159 7 5 1 1 1 0 0 1 0 0 0
215 122 3 3 0 0 0 0 0 0 0 0 0 332 167 8 5 1 1 2 0 0 1 0 0 0
221 125 3 3 0 0 0 0 0 0 0 0 0 337 172 8 5 1 1 2 0 0 1 0 0 0
224 128 3 3 0 0 0 0 0 0 0 0 0 381 179 8 7 1 1 2 0 0 1 0 0 0
231 133 3 3 0 0 0 0 0 0 0 0 0 386 182 8 7 1 1 2 0 0 1 0 0 0
239 138 3 3 0 0 0 0 0 0 0 0 0 389 185 8 7 1 1 2 0 0 1 0 0 0
263 148 4 4 0 0 0 0 0 0 0 0 0 402 188 8 7 1 1 2 0 0 1 0 0 0
269 152 4 4 0 0 0 0 0 0 0 0 0 408 191 8 7 1 1 2 0 0 1 0 0 0
274 156 4 4 0 0 0 0 0 0 0 0 0 429 201 8 8 1 1 2 0 0 1 0 0 0
284 159 4 4 0 0 0 0 0 0 0 0 0 432 205 8 8 1 1 2 0 0 1 0 0 0
290 164 4 4 0 0 0 0 0 0 0 0 0 435 210 8 8 1 1 2 0 0 1 0 0 0
293 167 4 4 0 0 0 0 0 0 0 0 0 443 215 8 8 1 1 2 0 0 1 0 0 0
296 174 4 4 0 0 0 0 0 0 0 0 0 456 219 8 8 2 1 2 1 0 1 0 0 0
321 178 4 4 0 0 1 0 0 0 0 0 0 465 227 9 8 2 1 2 1 0 1 0 0 0
330 184 4 4 0 0 1 0 0 0 0 0 0 474 233 9 8 2 1 2 1 0 1 0 0 0
