# scores for worst/random/best/smart move selector strategies. 
# scores are 50% and 95% quantiles (based on 40 games) of: 
# game score, #destroyed, #unlocked, #stripes, #bombs, #zappers
0 0 0 0 0 0 0 0 0 0 0 0 0 8 8 0 0 0 0 0 0 0 0 0 0 0
6 6 0 0 0 0 0 0 0 0 0 0 0 12 12 0 0 0 0 0 0 0 0 0 0 0
9 9 0 0 0 0 0 0 0 0 0 0 0 16 16 0 0 0 0 0 0 0 0 0 0 0
12 12 0 0 0 0 0 0 0 0 0 0 0 19 19 0 0 0 0 0 0 0 0 0 0 0
15 15 0 0 0 0 0 0 0 0 0 0 0 24 24 0 0 0 0 0 0 0 0 0 0 0
19 19 0 0 0 0 0 0 0 0 0 0 0 30 30 0 0 0 0 0 0 0 0 0 0 0
23 23 0 0 0 0 0 0 0 0 0 0 0 33 33 0 0 0 0 0 0 0 0 0 0 0
27 27 0 0 0 0 0 0 0 0 0 0 0 38 38 0 0 0 0 0 0 0 0 0 0 0
30 30 0 0 0 0 0 0 0 0 0 0 0 42 42 0 0 0 0 0 0 0 0 0 0 0
33 33 0 0 0 0 0 0 0 0 0 0 0 45 45 0 0 0 0 0 0 0 0 0 0 0
37 37 0 0 0 0 0 0 0 0 0 0 0 61 48 0 0 0 0 0 0 0 0 0 0 0
41 41 0 0 0 0 0 0 0 0 0 0 0 77 51 1 1 0 0 0 0 0 0 0 0 0
45 45 0 0 0 0 0 0 0 0 0 0 0 80 57 2 1 0 0 0 0 0 0 0 0 0
48 48 0 0 0 0 0 0 0 0 0 0 0 104 60 3 1 0 0 0 0 0 0 0 0 0
51 51 0 0 0 0 0 0 0 0 0 0 0 107 63 3 1 0 0 0 0 0 0 0 0 0
54 54 0 0 0 0 0 0 0 0 0 0 0 113 73 3 2 0 0 0 0 0 0 0 0 0
60 58 0 0 0 0 0 0 0 0 0 0 0 117 76 3 2 0 0 0 0 0 0 0 0 0
63 63 0 0 0 0 0 0 0 0 0 0 0 120 79 3 2 0 0 0 0 0 0 0 0 0
68 67 0 0 0 0 0 0 0 0 0 0 0 133 82 3 2 0 0 0 0 0 0 0 0 0
72 71 0 0 0 0 0 0 0 0 0 0 0 143 89 3 2 0 0 0 0 0 0 0 0 0
79 77 0 0 0 0 0 0 0 0 0 0 0 146 92 3 2 0 0 0 0 0 0 0 0 0
82 80 0 0 0 0 0 0 0 0 0 0 0 152 102 4 2 0 0 0 0 0 0 0 0 0
85 84 0 0 0 0 0 0 0 0 0 0 0 157 107 4 2 0 0 0 0 0 0 0 0 0
89 88 0 0 0 0 0 0 0 0 0 0 0 160 110 4 2 0 0 0 0 0 0 0 0 0
95 91 0 0 0 0 0 0 0 0 0 0 0 163 114 4 2 0 0 0 0 0 0 0 0 0
99 94 0 0 0 0 0 0 0 0 0 0 0 170 118 4 2 0 0 0 0 0 0 0 0 0
109 100 0 0 0 0 0 0 0 0 0 0 0 176 121 4 2 0 0 0 0 0 0 0 0 0
114 105 0 0 0 0 0 0 0 0 0 0 0 179 127 4 2 0 0 0 0 0 0 0 0 0
120 108 0 0 0 0 0 0 0 0 0 0 0 194 133 5 2 0 0 0 0 0 0 0 0 0
128 114 0 1 0 0 0 0 0 0 0 0 0 197 137 5 2 0 0 0 0 0 0 0 0 0
133 120 0 1 0 0 0 0 0 0 0 0 0 201 141 5 3 0 0 0 0 0 0 0 0 0
138 123 0 1 0 0 0 0 0 0 0 0 0 207 146 5 3 0 0 0 0 0 0 0 0 0
143 127 0 1 0 0 0 0 0 0 0 0 0 210 150 5 3 0 0 0 0 0 0 0 0 0
146 131 0 1 0 0 0 0 0 0 0 0 0 251 153 5 3 0 1 0 0 0 1 0 0 0
151 136 0 1 0 0 0 0 0 0 0 0 0 254 158 5 3 0 1 0 0 0 1 0 0 0
155 139 0 1 0 0 0 0 0 0 0 0 0 257 161 5 3 0 1 0 0 0 1 0 0 0
160 142 0 1 0 0 0 0 0 0 0 0 0 276 168 7 5 0 1 1 0 0 1 0 0 0
166 148 0 1 0 0 0 0 0 0 0 0 0 282 174 7 5 0 1 1 0 0 1 0 0 0
184 153 0 1 0 0 0 0 0 0 0 0 0 287 177 7 5 0 1 1 0 0 1 0 0 0
187 156 0 1 0 0 0 0 0 0 0 0 0 290 185 7 5 0 1 1 0 0 1 0 0 0
193 160 0 1 0 0 0 0 0 0 0 0 0 294 193 7 5 0 1 1 0 0 1 0 0 0
