# scores for worst/random/best/smart move selector strategies. 
# scores are 50% and 95% quantiles (based on 40 games) of: 
# game score, #destroyed, #unlocked, #stripes, #bombs, #zappers
0 0 0 0 0 0 0 0 0 0 0 0 0 8 8 0 0 0 0 0 0 0 0 0 0 0
6 6 0 0 0 0 0 0 0 0 0 0 0 12 12 0 0 0 0 0 0 0 0 0 0 0
10 10 0 0 0 0 0 0 0 0 0 0 0 16 16 0 0 0 0 0 0 0 0 0 0 0
15 15 0 0 0 0 0 0 0 0 0 0 0 60 21 1 1 0 0 0 0 0 0 0 0 0
19 19 0 0 0 0 0 0 0 0 0 0 0 68 29 1 1 0 0 0 0 0 0 0 0 0
23 23 0 0 0 0 0 0 0 0 0 0 0 80 37 3 1 0 0 0 0 0 0 0 0 0
31 30 0 0 0 0 0 0 0 0 0 0 0 115 43 3 2 0 0 1 0 0 0 0 0 0
49 34 0 0 0 0 0 0 0 0 0 0 0 118 47 4 2 0 0 1 0 0 0 0 0 0
64 38 0 1 0 0 0 0 0 0 0 0 0 126 55 4 3 0 0 1 0 0 0 0 0 0
72 44 0 1 0 0 0 0 0 0 0 0 0 139 61 4 3 0 0 1 0 0 0 0 0 0
79 50 0 1 0 0 0 0 0 0 0 0 0 171 68 4 3 0 0 1 0 0 0 0 0 0
84 55 0 1 0 0 0 0 0 0 0 0 0 177 73 4 4 0 0 1 0 0 0 0 0 0
89 59 1 1 0 0 0 0 0 0 0 0 0 191 77 5 4 0 0 1 0 0 0 0 0 0
108 67 3 2 0 0 0 0 0 0 0 0 0 212 83 6 5 0 1 1 0 0 1 0 0 0
129 71 3 2 0 0 0 0 0 0 0 0 0 232 99 8 5 1 1 1 0 0 1 0 0 0
140 78 3 2 0 0 0 0 0 0 0 0 0 237 102 8 5 1 1 1 0 0 1 0 0 0
154 84 3 2 0 0 0 0 0 0 0 0 0 260 109 8 5 1 1 2 0 0 1 0 0 0
165 91 4 2 0 0 0 0 0 0 0 0 0 271 118 8 5 1 1 2 0 0 1 0 0 0
178 94 4 2 0 0 0 0 0 0 0 0 0 298 126 8 6 1 1 2 1 0 1 0 0 0
187 98 4 2 0 0 0 0 0 0 0 0 0 326 132 9 7 1 1 2 1 0 1 0 0 0
195 107 4 2 0 0 0 0 0 0 0 0 0 354 139 9 7 1 1 2 1 0 1 0 0 0
206 112 4 2 0 0 0 0 0 0 0 0 0 359 144 10 7 1 1 2 1 0 1 0 0 0
214 117 4 3 0 0 0 0 0 0 0 0 0 373 149 13 7 1 2 2 1 0 1 0 0 0
226 124 4 3 0 0 0 0 0 0 0 0 0 382 154 13 7 1 2 2 1 0 1 0 0 0
253 131 4 4 0 0 0 0 0 0 0 0 0 393 163 14 8 1 2 2 1 0 1 0 0 0
260 139 4 4 0 0 0 0 0 0 0 0 0 396 168 15 8 1 2 2 1 0 1 0 0 0
299 147 5 4 0 0 0 0 0 0 0 0 0 442 179 15 8 1 2 2 1 0 1 0 0 0
307 152 5 4 0 0 0 0 0 0 0 0 0 470 186 16 9 2 2 2 1 0 1 0 0 0
317 157 6 5 0 0 0 0 0 0 0 0 0 473 193 16 9 2 2 2 1 0 1 0 0 0
327 163 6 5 0 0 0 0 0 0 0 0 0 480 202 16 9 2 2 2 1 0 1 0 0 0
356 171 6 6 0 0 1 0 0 0 0 0 0 505 209 16 10 2 2 3 1 0 1 0 0 0
363 174 6 6 0 0 1 0 0 0 0 0 0 522 214 16 10 2 2 3 1 0 1 0 0 0
378 180 6 6 0 0 1 0 0 0 0 0 0 528 223 17 10 2 2 3 1 0 1 0 0 0
382 191 6 6 0 0 1 0 0 0 0 0 0 546 238 17 11 2 2 3 1 0 1 0 0 0
398 201 6 6 1 0 1 0 0 0 0 0 0 563 242 17 11 2 2 3 1 0 1 0 0 0
402 204 6 6 1 0 1 0 0 0 0 0 0 591 251 17 12 2 2 3 1 0 1 0 0 0
414 209 6 6 1 0 1 0 0 0 0 0 0 597 260 17 12 2 2 3 1 0 1 0 0 0
426 217 6 6 1 0 1 0 0 0 0 0 0 644 264 17 12 2 2 3 1 0 2 0 0 0
437 228 6 7 1 0 1 0 0 0 0 0 0 649 272 17 12 2 2 3 1 0 2 0 0 0
451 232 6 7 1 0 1 0 0 0 0 0 0 653 280 17 12 2 2 3 1 0 2 0 0 0
468 238 6 7 1 0 1 0 0 0 0 0 0 691 290 17 12 2 2 3 1 0 2 0 0 0
