# scores for worst/random/best/smart move selector strategies. 
# scores are 50% and 95% quantiles (based on 40 games) of: 
# game score, #destroyed, #unlocked, #stripes, #bombs, #zappers
0 0 0 0 0 0 0 0 0 0 0 0 0 8 8 0 0 0 0 0 0 0 0 0 0 0
3 3 0 0 0 0 0 0 0 0 0 0 0 11 11 0 0 0 0 0 0 0 0 0 0 0
9 9 0 0 0 0 0 0 0 0 0 0 0 15 15 0 0 0 0 0 0 0 0 0 0 0
12 12 0 0 0 0 0 0 0 0 0 0 0 18 18 0 0 0 0 0 0 0 0 0 0 0
15 15 0 0 0 0 0 0 0 0 0 0 0 22 22 0 0 0 0 0 0 0 0 0 0 0
18 18 0 0 0 0 0 0 0 0 0 0 0 25 25 0 0 0 0 0 0 0 0 0 0 0
21 21 0 0 0 0 0 0 0 0 0 0 0 29 29 0 0 0 0 0 0 0 0 0 0 0
24 24 0 0 0 0 0 0 0 0 0 0 0 33 33 0 0 0 0 0 0 0 0 0 0 0
30 30 0 0 0 0 0 0 0 0 0 0 0 37 37 0 0 0 0 0 0 0 0 0 0 0
33 33 0 0 0 0 0 0 0 0 0 0 0 44 44 0 0 0 0 0 0 0 0 0 0 0
36 36 0 0 0 0 0 0 0 0 0 0 0 50 50 0 0 0 0 0 0 0 0 0 0 0
39 39 0 0 0 0 0 0 0 0 0 0 0 56 56 0 0 0 0 0 0 0 0 0 0 0
42 42 0 0 0 0 0 0 0 0 0 0 0 60 60 0 0 0 0 0 0 0 0 0 0 0
46 46 0 0 0 0 0 0 0 0 0 0 0 73 63 1 0 0 0 0 0 0 0 0 0 0
51 51 0 0 0 0 0 0 0 0 0 0 0 78 70 1 0 0 0 0 0 0 0 0 0 0
55 55 0 0 0 0 0 0 0 0 0 0 0 91 73 1 1 0 0 0 0 0 0 0 0 0
60 60 0 0 0 0 0 0 0 0 0 0 0 94 77 1 1 0 0 0 0 0 0 0 0 0
66 65 0 0 0 0 0 0 0 0 0 0 0 97 81 1 1 0 0 0 0 0 0 0 0 0
69 68 0 0 0 0 0 0 0 0 0 0 0 104 87 1 1 0 0 0 0 0 0 0 0 0
72 72 0 0 0 0 0 0 0 0 0 0 0 116 93 2 1 0 0 0 0 0 0 0 0 0
77 75 0 0 0 0 0 0 0 0 0 0 0 130 98 2 1 0 0 0 0 0 0 0 0 0
81 81 0 0 0 0 0 0 0 0 0 0 0 133 101 2 1 0 0 0 0 0 0 0 0 0
86 84 0 0 0 0 0 0 0 0 0 0 0 138 104 2 1 0 0 0 0 0 0 0 0 0
90 89 0 0 0 0 0 0 0 0 0 0 0 152 109 2 1 0 0 0 0 0 0 0 0 0
93 93 0 0 0 0 0 0 0 0 0 0 0 157 114 2 1 0 0 0 0 0 0 0 0 0
96 96 0 0 0 0 0 0 0 0 0 0 0 160 117 2 1 0 0 0 0 0 0 0 0 0
101 99 0 0 0 0 0 0 0 0 0 0 0 163 120 2 1 0 0 0 0 0 0 0 0 0
105 102 0 0 0 0 0 0 0 0 0 0 0 166 123 2 1 0 0 0 0 0 0 0 0 0
108 105 0 0 0 0 0 0 0 0 0 0 0 169 126 2 1 0 0 0 0 0 0 0 0 0
113 110 0 0 0 0 0 0 0 0 0 0 0 173 130 2 1 0 0 0 0 0 0 0 0 0
116 113 0 0 0 0 0 0 0 0 0 0 0 176 133 2 1 0 0 0 0 0 0 0 0 0
119 117 0 0 0 0 0 0 0 0 0 0 0 179 138 2 1 0 0 0 0 0 0 0 0 0
124 120 0 0 0 0 0 0 0 0 0 0 0 184 142 2 1 0 0 0 0 0 0 0 0 0
129 123 0 0 0 0 0 0 0 0 0 0 0 189 148 2 1 0 0 0 0 0 0 0 0 0
132 128 0 0 0 0 0 0 0 0 0 0 0 192 151 2 1 0 0 0 0 0 0 0 0 0
135 131 0 0 0 0 0 0 0 0 0 0 0 195 154 2 1 0 0 0 0 0 0 0 0 0
138 134 0 0 0 0 0 0 0 0 0 0 0 198 157 2 1 0 0 0 0 0 0 0 0 0
144 138 0 0 0 0 0 0 0 0 0 0 0 203 160 2 1 0 0 0 0 0 0 0 0 0
147 141 0 0 0 0 0 0 0 0 0 0 0 222 169 2 2 0 0 0 0 0 0 0 0 0
151 146 0 0 0 0 0 0 0 0 0 0 0 225 172 2 2 0 0 0 0 0 0 0 0 0
154 151 0 0 0 0 0 0 0 0 0 0 0 228 175 2 2 0 0 0 0 0 0 0 0 0
