# scores for worst/random/best/smart move selector strategies. 
# scores are 50% and 95% quantiles (based on 40 games) of: 
# game score, #destroyed, #unlocked, #stripes, #bombs, #zappers
3 3 0 0 0 0 0 0 0 0 0 0 0 12 12 0 0 0 0 0 0 0 0 0 0 0
10 10 0 0 0 0 0 0 0 0 0 0 0 24 24 0 0 0 0 0 0 0 0 0 0 0
15 15 0 0 0 0 0 0 0 0 0 0 0 81 33 0 0 0 0 0 0 0 0 0 0 0
23 23 0 0 0 0 0 0 0 0 0 0 0 92 44 0 2 0 0 1 0 0 0 0 0 0
30 29 0 0 0 0 0 0 0 0 0 0 0 134 63 0 2 1 0 1 0 0 0 0 0 0
40 34 0 0 0 0 0 0 0 0 0 0 0 192 75 0 3 1 1 1 0 0 1 0 0 0
67 41 0 0 0 0 0 0 0 0 0 0 0 206 85 0 3 1 1 1 0 0 1 0 0 0
94 46 0 1 0 0 0 0 0 0 0 0 0 240 90 0 4 1 1 1 1 0 1 0 0 0
103 52 0 2 0 0 0 0 0 0 0 0 0 249 94 0 4 1 1 1 1 0 1 0 0 0
121 67 0 2 0 0 0 0 0 0 0 0 0 368 99 4 9 1 1 1 1 0 1 0 0 0
156 78 0 2 0 0 0 0 0 0 0 0 0 405 122 4 12 1 1 2 1 0 1 0 0 0
173 83 0 2 0 0 0 0 0 0 0 0 0 410 142 4 12 1 1 2 1 0 1 0 0 0
189 89 0 3 0 0 0 0 0 0 0 0 0 435 148 5 13 2 1 2 1 0 1 0 0 0
234 98 0 3 0 0 1 0 0 0 0 0 0 449 158 5 13 2 2 2 1 0 1 0 0 0
248 106 0 3 0 0 1 0 0 0 0 0 0 453 165 5 13 2 2 2 1 0 1 0 0 0
256 112 0 4 0 0 1 0 0 0 0 0 0 477 187 5 13 2 2 2 1 0 1 0 0 0
262 121 0 4 0 0 1 0 0 0 0 0 0 483 192 5 13 2 2 2 1 0 1 0 0 0
274 127 0 5 0 0 1 0 0 0 0 0 0 494 214 5 13 2 2 2 1 0 1 0 0 0
279 133 0 5 0 0 1 0 0 0 0 0 0 512 224 5 14 2 2 2 1 0 1 0 0 0
291 138 0 5 0 0 1 0 0 0 0 0 0 548 227 5 15 2 2 2 1 0 1 0 0 0
302 144 0 5 0 0 1 0 0 0 0 0 0 562 237 5 15 2 2 2 1 0 1 0 0 0
362 157 0 6 0 0 1 0 0 0 0 0 0 736 244 5 19 2 2 2 1 0 1 1 0 0
375 166 0 6 0 0 1 0 0 0 0 0 0 778 247 5 19 2 2 2 1 0 1 1 0 0
389 177 0 6 1 0 1 0 0 0 0 0 0 783 254 5 19 2 2 3 1 0 1 1 0 0
426 183 0 7 1 0 1 0 0 0 0 0 0 786 258 5 19 2 2 3 1 0 1 1 0 0
452 193 0 7 1 0 1 0 0 0 0 0 0 789 265 5 19 2 2 3 1 0 2 1 0 0
458 200 0 8 1 0 1 0 0 0 0 0 0 813 278 5 19 2 2 3 1 0 2 1 0 0
470 210 0 8 1 0 1 0 0 0 0 0 0 855 283 5 20 2 2 3 1 0 2 1 0 0
497 215 0 8 1 0 1 0 0 0 0 0 0 861 287 5 20 2 2 3 1 0 2 1 0 0
501 219 0 8 1 0 1 0 0 0 0 0 0 896 291 5 21 2 2 3 1 0 2 1 0 0
512 225 0 8 1 0 1 0 0 0 0 0 0 901 302 5 21 2 2 3 1 0 2 1 0 0
567 230 0 9 1 1 1 0 0 0 0 0 0 907 311 5 22 2 2 3 1 0 2 1 0 0
571 240 0 9 1 1 1 0 0 0 0 0 0 910 316 5 22 2 2 3 1 0 2 1 0 0
583 250 0 9 1 1 2 0 0 0 0 0 0 1034 332 5 24 3 2 3 1 0 2 1 0 0
614 258 0 10 1 1 2 0 0 0 0 0 0 1038 338 5 24 3 2 3 2 0 2 1 0 0
637 265 0 10 1 1 2 0 0 0 0 0 0 1041 348 5 24 3 2 3 2 0 2 1 0 0
641 271 0 11 1 1 2 0 0 0 0 0 0 1044 360 5 25 3 2 3 2 0 2 1 0 0
662 279 0 12 1 1 2 0 0 0 0 0 0 1161 376 5 25 3 2 3 2 0 2 1 0 0
673 286 0 12 1 1 2 0 0 1 0 0 0 1167 380 5 26 3 2 3 2 0 2 1 0 0
689 290 0 12 1 1 2 0 0 1 0 0 0 1230 399 5 28 3 3 4 2 0 2 1 0 0
718 296 0 13 1 1 2 0 0 1 0 0 0 1236 404 5 28 3 3 4 2 0 2 1 0 0
