# scores for worst/random/best/smart move selector strategies. 
# scores are 50% and 95% quantiles (based on 40 games) of: 
# game score, #destroyed, #unlocked, #stripes, #bombs, #zappers
3 3 0 0 0 0 0 0 0 0 0 0 0 12 12 0 0 0 0 0 0 0 0 0 0 0
9 9 0 0 0 0 0 0 0 0 0 0 0 20 20 0 0 0 0 0 0 0 0 0 0 0
13 13 0 0 0 0 0 0 0 0 0 0 0 42 30 0 0 0 0 0 0 0 0 0 0 0
18 18 0 0 0 0 0 0 0 0 0 0 0 74 40 0 0 0 0 0 0 0 0 0 0 0
21 21 0 0 0 0 0 0 0 0 0 0 0 82 46 0 0 0 0 0 0 0 0 0 0 0
25 24 0 0 0 0 0 0 0 0 0 0 0 85 52 0 0 0 0 0 0 0 0 0 0 0
31 31 0 0 0 0 0 0 0 0 0 0 0 93 59 0 0 1 0 0 0 0 0 0 0 0
36 36 0 0 0 0 0 0 0 0 0 0 0 98 62 0 0 1 0 0 0 0 0 0 0 0
39 39 0 0 0 0 0 0 0 0 0 0 0 107 74 0 1 1 0 0 0 0 0 0 0 0
45 43 0 0 0 0 0 0 0 0 0 0 0 211 77 0 4 1 0 0 0 0 0 0 0 0
49 47 0 0 0 0 0 0 0 0 0 0 0 214 80 0 4 1 0 0 0 0 0 0 0 0
53 51 0 0 0 0 0 0 0 0 0 0 0 218 84 0 4 1 0 0 0 0 0 0 0 0
58 54 0 0 0 0 0 0 0 0 0 0 0 223 92 0 4 1 0 0 0 0 0 0 0 0
64 58 0 0 0 0 0 0 0 0 0 0 0 230 96 0 4 1 0 0 0 0 0 0 0 0
70 65 0 0 0 0 0 0 0 0 0 0 0 250 99 0 4 1 1 0 0 0 1 0 0 0
81 70 0 0 0 0 0 0 0 0 0 0 0 255 102 0 4 1 1 0 0 0 1 0 0 0
88 76 0 0 0 0 0 0 0 0 0 0 0 259 106 0 4 1 1 0 0 0 1 0 0 0
93 79 0 0 0 0 0 0 0 0 0 0 0 266 116 0 4 1 1 0 0 0 1 0 0 0
96 83 0 0 0 0 0 0 0 0 0 0 0 269 125 0 5 1 1 0 0 0 1 0 0 0
107 93 0 0 0 0 0 0 0 0 0 0 0 272 128 0 5 1 1 0 0 0 1 0 0 0
111 99 0 0 0 0 0 0 0 0 0 0 0 292 139 0 5 1 1 0 0 0 1 0 0 0
116 105 0 0 0 0 0 0 0 0 0 0 0 360 150 1 7 1 1 0 0 0 1 0 0 0
126 109 0 0 0 0 0 0 0 0 0 0 0 364 165 1 7 1 1 0 0 0 1 0 0 0
141 113 0 0 0 0 0 0 0 0 0 0 0 370 168 4 7 1 1 0 0 0 1 0 0 0
155 117 0 1 0 0 0 0 0 0 0 0 0 377 171 4 7 1 1 0 0 0 1 0 0 0
160 124 0 1 0 0 0 0 0 0 0 0 0 398 174 4 7 1 1 0 0 0 1 0 0 0
168 127 0 1 0 0 0 0 0 0 0 0 0 406 177 4 7 1 1 0 0 0 1 0 0 0
174 133 0 1 0 0 0 0 0 0 0 0 0 431 180 4 8 1 1 0 0 0 1 0 0 0
188 138 0 1 0 0 0 0 0 0 0 0 0 434 188 4 8 1 1 0 0 0 1 0 0 0
197 145 0 1 0 0 0 0 0 0 0 0 0 437 191 4 8 1 1 1 0 0 1 0 0 0
206 148 0 1 0 0 0 0 0 0 0 0 0 440 197 4 8 1 1 1 0 0 1 0 0 0
212 155 0 1 0 0 0 0 0 0 0 0 0 445 200 4 8 1 1 1 0 0 1 0 0 0
216 159 0 2 0 0 0 0 0 0 0 0 0 448 214 4 8 1 1 1 0 0 1 0 0 0
219 166 0 2 0 0 0 0 0 0 0 0 0 454 217 4 8 1 1 1 0 0 1 0 0 0
227 169 0 2 0 0 0 0 0 0 0 0 0 458 226 4 8 1 1 1 0 0 1 0 0 0
230 172 0 2 0 0 0 0 0 0 0 0 0 461 230 4 8 1 1 1 0 0 1 0 0 0
254 179 0 2 0 0 0 0 0 0 0 0 0 480 236 4 8 2 1 1 0 0 1 0 0 0
265 184 0 2 0 0 0 0 0 0 0 0 0 498 241 4 9 2 1 1 0 0 1 0 0 0
274 187 0 2 0 0 0 0 0 0 0 0 0 504 247 4 9 2 1 1 0 0 1 0 0 0
279 196 0 2 0 0 0 0 0 0 0 0 0 510 250 4 9 2 1 1 0 0 1 0 0 0
283 202 0 2 0 0 0 0 0 0 0 0 0 516 256 4 9 2 1 1 0 0 1 0 0 0
