# scores for worst/random/best/smart move selector strategies. 
# scores are 50% and 95% quantiles (based on 40 games) of: 
# game score, #destroyed, #unlocked, #stripes, #bombs, #zappers
3 3 0 0 0 0 0 0 0 0 0 0 0 12 12 0 0 0 0 0 0 0 0 0 0 0
9 9 0 0 0 0 0 0 0 0 0 0 0 18 18 0 0 0 0 0 0 0 0 0 0 0
12 12 0 0 0 0 0 0 0 0 0 0 0 25 24 0 0 0 0 0 0 0 0 0 0 0
15 15 0 0 0 0 0 0 0 0 0 0 0 28 28 0 0 0 0 0 0 0 0 0 0 0
21 21 0 0 0 0 0 0 0 0 0 0 0 60 37 0 0 0 0 0 0 0 0 0 0 0
24 24 0 0 0 0 0 0 0 0 0 0 0 67 46 0 0 0 0 0 0 0 0 0 0 0
27 27 0 0 0 0 0 0 0 0 0 0 0 70 49 0 0 0 0 0 0 0 0 0 0 0
31 31 0 0 0 0 0 0 0 0 0 0 0 74 52 0 0 0 0 0 0 0 0 0 0 0
36 36 0 0 0 0 0 0 0 0 0 0 0 85 56 0 1 0 0 0 0 0 0 0 0 0
39 39 0 0 0 0 0 0 0 0 0 0 0 90 63 0 1 0 0 0 0 0 0 0 0 0
45 45 0 0 0 0 0 0 0 0 0 0 0 106 69 0 1 1 0 0 0 0 0 0 0 0
48 48 0 0 0 0 0 0 0 0 0 0 0 109 72 0 1 1 0 0 0 0 0 0 0 0
52 51 0 0 0 0 0 0 0 0 0 0 0 114 77 0 1 1 0 0 0 0 0 0 0 0
55 55 0 0 0 0 0 0 0 0 0 0 0 134 88 0 1 1 0 0 0 0 0 0 0 0
61 59 0 0 0 0 0 0 0 0 0 0 0 137 91 0 1 1 0 0 0 0 0 0 0 0
64 63 0 0 0 0 0 0 0 0 0 0 0 140 96 0 1 1 0 0 0 0 0 0 0 0
68 66 0 0 0 0 0 0 0 0 0 0 0 143 99 0 1 1 0 0 0 0 0 0 0 0
73 72 0 0 0 0 0 0 0 0 0 0 0 160 102 0 1 1 0 0 0 0 0 0 0 0
79 77 0 0 0 0 0 0 0 0 0 0 0 176 107 0 1 1 0 0 0 0 0 0 0 0
82 80 0 0 0 0 0 0 0 0 0 0 0 180 113 0 1 1 0 0 0 0 0 0 0 0
87 85 0 0 0 0 0 0 0 0 0 0 0 190 119 0 1 1 0 0 0 0 0 0 0 0
92 88 0 0 0 0 0 0 0 0 0 0 0 195 124 0 1 1 0 0 0 0 0 0 0 0
97 93 0 0 0 0 0 0 0 0 0 0 0 201 127 0 1 1 0 0 0 0 0 0 0 0
101 97 0 0 0 0 0 0 0 0 0 0 0 206 131 0 2 1 0 0 0 0 0 0 0 0
107 102 0 0 0 0 0 0 0 0 0 0 0 210 134 0 2 1 0 0 0 0 0 0 0 0
110 106 0 0 0 0 0 0 0 0 0 0 0 216 137 0 2 1 0 0 0 0 0 0 0 0
113 110 0 0 0 0 0 0 0 0 0 0 0 219 142 0 2 1 0 0 0 0 0 0 0 0
116 113 0 0 0 0 0 0 0 0 0 0 0 222 146 0 2 1 0 0 0 0 0 0 0 0
123 117 0 0 0 0 0 0 0 0 0 0 0 227 149 0 2 1 0 0 0 0 0 0 0 0
126 123 0 0 0 0 0 0 0 0 0 0 0 230 153 0 2 1 0 0 0 0 0 0 0 0
129 127 0 0 0 0 0 0 0 0 0 0 0 236 158 0 3 1 0 0 0 0 0 0 0 0
132 130 0 0 0 0 0 0 0 0 0 0 0 239 161 0 3 1 0 0 0 0 0 0 0 0
141 133 0 0 0 0 0 0 0 0 0 0 0 242 166 0 3 1 0 0 0 0 0 0 0 0
145 136 0 0 0 0 0 0 0 0 0 0 0 271 170 0 3 1 0 0 0 0 0 0 0 0
152 139 0 0 0 0 0 0 0 0 0 0 0 274 177 0 3 1 0 0 0 0 0 0 0 0
155 144 0 0 0 0 0 0 0 0 0 0 0 277 180 0 3 1 0 0 0 0 0 0 0 0
161 148 0 0 0 0 0 0 0 0 0 0 0 280 183 0 3 1 0 0 0 0 0 0 0 0
164 151 0 0 0 0 0 0 0 0 0 0 0 283 191 0 3 1 0 0 0 0 0 0 0 0
172 158 0 0 0 0 0 0 0 0 0 0 0 287 199 0 3 1 0 0 0 0 0 0 0 0
176 162 0 0 0 0 0 0 0 0 0 0 0 290 202 0 3 1 0 0 0 0 0 0 0 0
187 165 0 0 0 0 0 0 0 0 0 0 0 344 207 1 5 1 0 0 0 0 0 0 0 0
