# scores for worst/random/best/smart move selector strategies. 
# scores are 50% and 95% quantiles (based on 40 games) of: 
# game score, #destroyed, #unlocked, #stripes, #bombs, #zappers
28 28 0 0 0 0 0 0 0 0 0 0 0 333 147 0 4 2 0 0 0 0 0 0 0 0
205 104 0 1 1 0 0 0 0 0 0 0 0 1452 471 0 20 18 4 0 0 0 1 1 0 0
450 192 0 4 3 1 0 0 0 0 0 0 0 2385 623 0 34 27 7 1 1 0 1 1 1 0
843 284 0 6 4 2 0 0 0 1 0 0 0 3581 949 0 40 33 12 1 1 1 2 1 1 0
1248 331 0 9 7 3 0 0 0 1 0 0 0 4112 998 0 49 58 13 1 1 1 2 1 1 1
1658 442 0 12 11 3 0 0 0 1 0 0 0 5469 1304 0 58 62 20 1 2 1 3 2 2 1
1965 554 0 16 13 4 0 0 0 1 0 0 0 5637 1350 0 59 75 21 1 2 1 3 2 2 1
2409 663 0 18 19 5 0 0 0 2 0 0 0 5881 1475 0 60 80 23 2 2 1 4 2 2 1
2838 754 0 31 26 6 0 0 0 2 0 0 0 6382 1543 0 61 82 24 2 2 1 4 2 2 1
3275 877 0 33 31 7 0 0 0 2 0 0 0 6408 1722 0 61 83 25 2 2 2 4 2 2 1
3562 952 0 36 34 7 0 0 0 3 1 1 0 6498 1808 0 71 83 25 2 2 2 5 2 2 1
3975 1082 0 38 36 9 0 1 0 3 1 1 0 6919 1906 0 83 87 25 2 2 2 5 2 2 1
4297 1143 0 41 39 11 0 1 1 3 1 1 0 7224 1989 0 89 88 26 2 2 2 5 2 2 1
4677 1262 0 46 40 12 1 1 1 3 1 1 0 8083 2011 0 94 97 27 2 2 2 5 2 2 1
4908 1320 0 47 42 13 1 1 1 4 1 1 0 8760 2060 0 99 97 28 2 3 2 6 2 2 1
5786 1411 0 50 49 15 1 1 1 4 1 1 0 9095 2215 0 105 100 29 2 3 2 6 2 3 1
5888 1541 0 53 54 15 1 1 1 4 1 1 0 9264 2344 0 107 100 30 2 3 2 6 2 3 2
6471 1674 0 55 58 16 1 1 1 4 1 1 0 9330 2429 0 108 102 31 2 3 2 6 3 3 2
6754 1798 0 57 60 18 1 1 1 4 1 1 0 10115 2590 0 115 105 32 3 3 2 7 3 3 2
7254 1869 0 59 69 18 1 1 1 4 1 1 0 10934 2628 0 116 107 32 3 3 2 8 3 3 2
7608 1958 0 63 72 19 1 1 1 5 1 1 0 11078 2808 0 119 114 32 3 3 3 8 3 3 2
7769 2072 0 66 77 20 1 1 1 5 1 1 1 11587 2944 0 127 119 34 3 4 3 8 3 3 2
7998 2179 0 69 81 21 1 1 1 5 1 2 1 11629 3111 0 127 121 34 3 4 3 9 3 3 2
8246 2297 0 72 83 22 1 2 1 5 1 2 1 11805 3153 0 142 126 34 3 4 3 9 4 3 2
8440 2342 0 78 83 23 1 2 1 5 1 2 1 12149 3189 0 143 139 35 4 4 3 9 4 3 2
8750 2381 0 78 90 24 1 2 1 6 1 2 1 13534 3315 0 147 155 38 4 4 4 9 4 4 2
8895 2453 0 83 90 24 1 2 1 6 1 2 1 13864 3349 0 150 158 41 4 4 4 9 4 4 2
9373 2568 0 86 95 28 1 2 2 6 1 2 1 14057 3579 0 153 160 43 4 4 4 10 4 4 2
9812 2640 0 88 97 28 1 2 2 7 1 2 1 14760 3776 0 155 162 44 4 4 4 10 4 4 2
10356 2787 0 93 99 30 1 2 2 7 1 2 1 15305 3943 0 161 167 45 4 4 4 10 4 4 2
10564 2847 0 97 103 30 1 2 2 7 1 2 1 15666 4073 0 165 170 46 4 4 4 10 4 4 2
11133 2966 0 102 105 31 1 2 2 7 1 2 1 16837 4165 0 168 179 48 4 4 4 11 4 4 3
11857 3101 0 107 109 32 1 2 2 8 2 2 1 17938 4332 0 169 197 52 4 4 4 11 4 5 3
12332 3227 0 110 111 34 2 2 2 8 2 2 1 18279 4405 0 186 197 52 4 4 4 12 5 5 3
12818 3324 0 113 117 35 2 2 2 8 2 2 1 18946 4429 0 190 201 55 4 4 4 12 5 5 3
13333 3445 0 115 119 36 2 2 2 9 2 2 1 20019 4902 0 190 209 61 5 5 4 13 5 5 3
13566 3538 0 117 120 37 2 2 2 9 2 3 1 20590 5012 0 191 218 64 5 5 5 13 5 5 3
14159 3701 0 119 122 38 2 2 2 9 2 3 1 20968 5092 0 203 221 66 5 5 5 14 5 5 3
14283 3773 0 120 129 39 2 2 2 9 2 3 1 21493 5286 0 206 224 69 5 5 5 14 6 5 3
14290 3921 0 124 136 40 2 3 2 9 2 3 1 22432 5524 0 207 230 71 5 5 5 14 6 6 3
14436 4027 0 126 139 41 2 3 2 10 2 3 1 22638 5597 0 210 230 71 5 5 5 15 6 6 3
