# scores for worst/random/best/smart move selector strategies. 
# scores are 50% and 95% quantiles (based on 40 games) of: 
# game score, #destroyed, #unlocked, #stripes, #bombs, #zappers
28 28 0 0 0 0 0 0 0 0 0 0 0 333 147 0 4 2 0 0 0 0 0 0 0 0
73 50 0 0 0 0 0 0 0 0 0 0 0 342 153 0 4 2 1 0 0 0 0 0 0 0
96 60 0 1 0 0 0 0 0 0 0 0 0 679 239 0 7 4 1 0 0 0 1 0 0 0
167 83 0 1 1 0 0 0 0 0 0 0 0 772 265 0 10 7 2 0 0 0 1 0 0 0
211 123 0 2 1 0 0 0 0 0 0 0 0 1265 407 0 13 10 3 0 0 0 1 0 0 0
343 152 0 3 2 0 0 0 0 0 0 0 0 1814 601 1 16 12 7 0 0 0 1 0 0 0
476 212 0 4 3 0 0 0 0 0 0 0 0 1857 620 1 17 13 7 0 0 0 2 0 0 0
536 273 0 5 4 0 0 0 0 0 0 0 0 1866 643 1 17 14 7 0 0 0 2 0 0 0
742 334 0 8 5 1 0 0 0 0 0 0 0 1934 678 1 17 16 7 0 0 0 2 0 0 0
877 364 0 10 6 1 0 0 0 0 0 0 0 2691 872 1 20 18 11 0 0 0 2 0 0 0
1241 456 0 11 8 2 0 0 0 0 0 0 0 3163 956 1 20 23 12 0 0 0 2 0 0 0
1323 492 0 12 9 2 0 0 0 0 0 0 0 3192 968 1 21 24 12 1 0 0 2 0 0 0
1541 520 0 13 11 3 0 0 0 1 0 0 0 3529 1105 1 29 31 17 1 0 0 2 0 0 0
1708 568 0 14 12 3 0 0 0 1 0 0 0 3533 1120 1 29 32 17 1 0 0 2 0 0 0
1742 579 0 15 12 3 0 0 0 1 0 0 0 3824 1244 1 32 39 17 1 0 0 2 0 0 0
1813 619 0 15 13 4 0 0 0 1 0 0 0 4280 1267 1 34 40 19 1 0 0 3 0 0 0
2074 671 0 18 15 4 0 0 0 1 0 0 0 5216 1740 1 38 44 22 1 0 0 3 0 0 0
2077 689 0 18 15 5 0 0 0 1 0 0 0 5242 1750 1 47 45 22 1 0 0 3 0 0 0
2230 733 0 19 17 5 0 0 0 1 0 0 0 5501 1779 1 48 49 23 1 0 0 3 0 0 0
2366 821 0 20 18 5 0 0 0 1 0 0 0 5814 1786 1 56 52 24 1 1 0 4 1 0 0
2521 895 0 22 19 5 0 0 0 1 0 0 0 6138 1921 1 56 54 26 1 1 0 4 1 0 0
2838 941 0 23 19 6 0 0 0 1 0 0 0 6876 2038 1 60 56 29 1 1 0 4 1 0 0
2849 944 0 23 19 6 0 0 0 1 0 0 0 7491 2307 1 60 61 29 1 1 0 4 1 0 0
3118 1028 0 25 21 8 0 0 0 1 0 0 0 7499 2316 1 63 61 29 1 1 0 4 1 0 0
3274 1131 0 30 22 9 0 0 0 2 0 0 0 7987 2533 1 63 61 32 1 1 0 4 1 0 0
3277 1134 0 30 25 10 0 0 0 2 0 0 0 7991 2537 1 64 61 32 1 1 0 4 1 1 0
3388 1155 0 31 26 10 0 0 0 2 0 0 0 7994 2540 1 64 61 32 1 1 0 4 1 1 0
3587 1262 0 32 28 11 0 0 0 2 0 0 0 8009 2555 1 76 61 32 1 1 1 4 1 1 0
3772 1294 0 32 30 11 0 0 0 2 0 0 0 8158 2600 1 76 61 32 1 1 1 5 1 1 0
3852 1339 0 35 30 11 0 0 0 2 0 0 0 8237 2670 1 76 61 32 1 1 1 5 1 1 0
3889 1354 0 39 31 11 0 0 0 2 0 0 0 8364 2731 1 77 62 33 1 1 1 5 1 1 0
4000 1410 0 40 31 12 0 0 0 2 0 0 0 8368 2736 1 82 62 33 1 1 1 5 1 1 0
4143 1440 0 40 32 12 0 0 0 2 0 0 0 8548 2795 1 83 66 34 1 1 1 5 1 1 0
4286 1464 0 40 32 13 0 0 0 2 0 0 0 8594 2810 1 83 66 34 1 1 1 5 1 1 0
4731 1520 0 42 34 13 0 0 0 2 0 0 0 8655 2830 1 83 67 37 1 1 1 6 1 1 0
4736 1533 0 44 34 13 0 0 0 2 0 0 0 8841 2905 1 84 70 37 1 1 1 6 1 1 0
5050 1690 0 45 37 13 0 0 0 2 0 0 0 8851 2915 1 85 70 37 1 1 1 6 1 1 0
5156 1767 0 47 37 15 0 0 0 2 0 0 0 9012 2967 1 85 71 37 1 1 1 6 1 1 0
5398 1790 0 47 38 16 0 0 0 2 0 0 0 9232 3002 1 85 73 37 1 1 1 6 1 1 0
5405 1816 0 50 41 17 0 0 0 2 0 0 0 10087 3262 1 93 75 41 1 1 1 6 1 1 0
5453 1845 0 50 41 17 0 0 0 2 0 0 0 10414 3377 1 94 88 41 1 1 1 6 1 1 0
