# scores for worst/random/best/smart move selector strategies. 
# scores are 50% and 95% quantiles (based on 40 games) of: 
# game score, #destroyed, #unlocked, #stripes, #bombs, #zappers
28 28 0 0 0 0 0 0 0 0 0 0 0 333 147 0 4 2 0 0 0 0 0 0 0 0
50 44 0 0 0 0 0 0 0 0 0 0 0 347 161 0 4 2 0 0 0 0 0 0 0 0
67 53 0 0 0 0 0 0 0 0 0 0 0 385 185 0 4 3 0 0 0 0 0 0 0 0
94 65 0 1 0 0 0 0 0 0 0 0 0 463 201 0 4 4 1 0 0 0 0 0 0 0
112 79 0 1 1 0 0 0 0 0 0 0 0 585 247 0 6 4 1 0 0 0 0 0 0 0
175 98 0 1 1 0 0 0 0 0 0 0 0 897 324 0 9 7 1 0 0 0 0 0 0 0
207 113 0 2 1 0 0 0 0 0 0 0 0 900 327 0 9 7 1 0 0 0 0 0 0 0
238 129 0 2 1 0 0 0 0 0 0 0 0 992 377 0 9 8 2 0 0 0 0 0 0 0
279 139 0 2 1 0 0 0 0 0 0 0 0 1095 414 0 9 8 3 0 0 0 0 0 0 0
290 145 0 3 2 0 0 0 0 0 0 0 0 1145 436 0 9 9 3 0 0 0 0 0 0 0
303 172 0 3 2 0 0 0 0 0 0 0 0 1149 439 0 10 9 3 0 0 0 0 0 0 0
320 185 0 3 2 0 0 0 0 0 0 0 0 1388 534 0 12 10 5 0 0 0 0 0 0 0
323 188 0 3 2 0 0 0 0 0 0 0 0 1742 650 0 13 12 5 0 0 0 0 0 0 0
336 198 0 3 3 0 0 0 0 0 0 0 0 1799 696 0 15 12 5 0 0 0 0 0 0 0
489 234 0 3 3 0 0 0 0 0 0 0 0 1832 700 0 17 13 5 0 0 0 0 0 0 0
588 278 0 5 3 0 0 0 0 0 0 0 0 2038 758 0 21 13 6 0 0 0 0 0 0 0
611 294 0 5 3 0 0 0 0 0 0 0 0 2052 771 0 21 13 6 0 0 0 0 0 0 0
660 337 0 5 3 0 0 0 0 0 0 0 0 2647 942 0 22 19 8 0 0 0 0 0 0 0
683 348 0 6 4 0 0 0 0 0 0 0 0 2729 959 0 22 23 8 0 0 0 0 0 0 0
738 370 0 6 4 0 0 0 0 0 0 0 0 2753 962 0 22 24 8 0 0 0 0 0 0 0
767 387 0 6 4 0 0 0 0 0 0 0 0 2756 965 0 22 24 8 0 0 0 0 0 0 0
770 397 0 6 4 0 0 0 0 0 0 0 0 3354 1217 0 24 28 10 0 0 0 0 0 0 0
869 413 0 8 5 1 0 0 0 0 0 0 0 4248 1467 0 27 32 16 0 0 0 0 0 0 0
989 435 0 8 7 1 0 0 0 0 0 0 0 4286 1470 0 29 32 16 0 0 0 0 0 0 0
1031 452 0 8 8 1 0 0 0 0 0 0 0 4289 1473 0 29 32 16 0 0 0 0 0 0 0
1075 483 0 10 8 1 0 0 0 0 0 0 0 4328 1480 1 30 32 16 0 0 0 0 0 0 0
1114 491 0 10 8 1 0 0 0 0 0 0 0 4585 1537 1 32 34 18 0 0 0 0 0 0 0
1165 530 0 10 8 1 0 0 0 0 0 0 0 4588 1540 1 32 34 18 0 0 0 0 0 0 0
1211 571 0 11 9 1 0 0 0 0 0 0 0 4593 1545 1 33 34 18 0 0 0 0 0 0 0
1257 582 0 11 9 1 0 0 0 0 0 0 0 4599 1550 1 33 34 18 0 0 0 0 0 0 0
1285 590 0 11 10 1 0 0 0 0 0 0 0 4602 1553 1 33 34 18 0 0 0 0 0 0 0
1426 615 0 11 11 1 0 0 0 0 0 0 0 4617 1567 1 33 34 18 0 0 0 0 0 0 0
1503 657 0 13 11 1 0 0 0 0 0 0 0 4621 1572 1 33 34 18 0 0 0 0 0 0 0
1508 661 0 14 11 1 0 0 0 0 0 0 0 4908 1626 1 37 36 18 0 0 0 0 0 0 0
1512 670 0 14 11 1 0 0 0 0 0 0 0 4911 1631 1 38 39 18 0 0 0 0 0 0 0
1636 697 0 14 12 2 0 0 0 0 0 0 0 4921 1647 1 38 39 18 0 0 0 0 0 0 0
1992 794 0 14 15 3 0 0 0 0 0 0 0 4924 1650 1 38 39 18 0 0 0 0 0 0 0
1996 797 0 15 15 3 0 0 0 0 0 0 0 4930 1656 1 38 39 18 0 0 0 0 0 0 0
2001 802 0 15 15 3 0 0 0 0 0 0 0 4933 1659 1 38 39 18 0 0 0 0 0 0 0
2010 809 0 15 15 3 0 0 0 0 0 0 0 4938 1664 1 40 39 18 0 0 0 0 0 0 0
2041 822 0 15 15 3 0 0 0 0 0 0 0 5781 1911 1 42 47 20 0 0 0 0 0 0 0
