# scores for worst/random/best/smart move selector strategies. 
# scores are 50% and 95% quantiles (based on 40 games) of: 
# game score, #destroyed, #unlocked, #stripes, #bombs, #zappers
3 3 0 0 0 0 0 0 0 0 0 0 0 26 18 0 0 0 0 0 0 0 0 0 0 0
9 9 0 0 0 0 0 0 0 0 0 0 0 59 25 0 0 0 0 0 0 0 0 0 0 0
15 15 0 0 0 0 0 0 0 0 0 0 0 88 50 2 2 0 1 0 0 0 1 0 0 0
18 18 0 0 0 0 0 0 0 0 0 0 0 177 74 2 3 0 1 0 0 0 1 0 0 0
26 26 0 0 0 0 0 0 0 0 0 0 0 198 87 3 3 0 1 0 0 0 1 0 0 0
32 31 0 0 0 0 0 0 0 0 0 0 0 332 125 6 4 1 1 0 0 0 1 0 0 0
37 37 0 0 0 0 0 0 0 0 0 0 0 397 145 6 4 2 1 1 0 0 1 0 0 0
44 44 0 0 0 0 0 0 0 0 0 0 0 475 178 6 4 3 1 1 0 0 1 0 0 0
64 52 0 0 0 0 0 0 0 0 0 0 0 499 193 6 4 3 1 1 0 0 1 0 0 0
103 60 0 1 0 0 0 0 0 0 0 0 0 518 215 8 6 4 1 1 1 0 1 0 0 0
156 71 1 1 0 0 0 0 0 0 0 0 0 540 229 10 9 4 2 1 1 0 2 0 0 0
173 87 1 1 0 0 0 0 0 0 0 0 0 550 241 10 9 4 2 1 1 0 2 0 0 0
211 91 2 2 0 0 0 0 0 0 0 0 0 738 286 10 12 5 2 1 1 0 2 1 0 0
245 100 2 3 0 0 0 0 0 0 0 0 0 873 300 11 12 6 2 1 1 0 2 1 0 0
258 113 2 3 0 0 0 0 0 0 0 0 0 908 327 11 12 6 3 1 1 0 3 1 0 0
337 145 2 4 0 0 0 0 0 0 0 0 0 1227 349 11 21 9 3 1 1 0 3 1 0 0
343 159 2 4 0 1 0 0 0 0 0 0 0 1234 354 11 21 9 3 1 2 0 3 1 0 0
430 183 3 4 1 1 0 0 0 0 0 0 0 1239 366 11 21 9 3 1 2 0 3 1 0 0
447 189 3 6 1 1 0 0 0 0 0 0 0 1279 395 11 26 9 3 2 2 0 3 1 0 0
507 211 3 6 1 1 0 0 0 1 0 0 0 1297 411 11 26 9 3 2 2 0 3 1 0 0
526 224 3 6 1 1 0 0 0 1 0 0 0 1304 418 12 26 9 3 2 2 0 3 1 0 0
569 238 3 7 2 1 0 0 0 1 0 0 0 1316 432 12 26 9 3 2 2 0 3 1 0 0
625 260 3 7 2 1 0 0 0 1 0 0 0 1347 443 12 26 9 3 2 2 1 3 1 0 0
642 274 3 9 2 1 0 0 0 1 0 0 0 1403 464 12 26 9 3 2 2 1 3 1 0 0
651 283 3 9 2 1 0 1 0 1 0 0 0 1492 482 12 28 14 3 2 2 1 3 1 1 0
672 292 4 10 2 1 1 1 0 1 0 0 0 1535 509 12 29 15 3 2 2 1 3 1 1 0
750 309 4 10 2 1 1 1 0 1 0 0 0 1544 519 12 29 15 3 2 2 1 3 1 1 0
762 321 4 11 2 1 1 1 0 1 0 0 0 1589 537 12 30 15 3 3 2 1 3 1 1 0
831 332 4 12 2 1 1 1 0 1 0 0 0 1621 547 12 30 15 4 3 2 1 3 1 1 0
866 351 4 12 2 1 1 1 0 1 0 0 0 1736 555 12 32 15 4 3 2 1 3 1 1 0
880 368 4 13 3 1 1 1 0 1 0 0 0 1781 580 12 32 15 4 3 3 1 3 1 1 0
916 383 4 13 3 1 1 1 0 1 0 0 0 1823 587 12 32 15 4 3 3 1 3 1 1 0
948 391 4 14 3 2 1 1 0 1 0 0 0 1885 598 12 34 15 4 3 3 1 3 1 1 0
1015 409 4 15 3 2 1 1 0 1 0 0 0 1905 625 12 35 15 4 4 3 1 3 1 1 0
1039 418 4 16 3 2 1 1 0 1 0 0 0 1976 639 12 35 15 5 4 3 1 4 1 1 0
1072 439 4 16 3 2 1 1 0 1 0 0 0 2014 653 12 36 15 5 4 3 1 4 1 1 0
1108 459 4 16 4 2 1 1 0 1 0 0 0 2023 660 12 37 15 5 4 3 1 4 1 1 0
1171 476 4 17 4 2 2 1 0 2 0 0 0 2029 679 12 37 15 5 4 3 1 4 1 1 0
1206 492 4 19 4 2 2 1 0 2 0 0 0 2036 698 12 37 15 5 4 3 1 4 1 1 0
1254 514 4 19 4 2 2 1 0 2 0 0 0 2084 703 12 37 21 5 4 3 1 4 1 1 0
1291 527 4 20 4 2 2 1 0 2 0 0 0 2091 727 12 37 21 5 4 3 1 4 1 1 0
