# scores for worst/random/best/smart move selector strategies. 
# scores are 50% and 95% quantiles (based on 40 games) of: 
# game score, #destroyed, #unlocked, #stripes, #bombs, #zappers
3 3 0 0 0 0 0 0 0 0 0 0 0 26 18 0 0 0 0 0 0 0 0 0 0 0
9 9 0 0 0 0 0 0 0 0 0 0 0 41 24 0 0 0 0 0 0 0 0 0 0 0
14 14 0 0 0 0 0 0 0 0 0 0 0 66 31 0 1 0 0 0 0 0 0 0 0 0
20 19 0 0 0 0 0 0 0 0 0 0 0 77 37 0 1 0 0 0 0 0 0 0 0 0
24 24 0 0 0 0 0 0 0 0 0 0 0 90 55 0 1 0 0 0 0 0 0 0 0 0
28 28 0 0 0 0 0 0 0 0 0 0 0 112 59 0 2 0 0 0 0 0 0 0 0 0
36 35 0 0 0 0 0 0 0 0 0 0 0 157 67 2 2 0 1 0 0 0 1 0 0 0
43 41 0 0 0 0 0 0 0 0 0 0 0 173 82 2 2 0 1 0 0 0 1 0 0 0
53 45 0 0 0 0 0 0 0 0 0 0 0 180 85 3 2 0 1 0 0 0 1 0 0 0
61 52 0 0 0 0 0 0 0 0 0 0 0 183 93 3 2 0 1 0 0 0 1 0 0 0
79 61 0 0 0 0 0 0 0 0 0 0 0 209 110 3 3 0 1 0 0 0 1 0 0 0
88 67 0 0 0 0 0 0 0 0 0 0 0 246 123 3 3 1 1 0 0 0 1 0 0 0
98 70 0 1 0 0 0 0 0 0 0 0 0 259 143 3 3 1 1 0 0 0 1 0 0 0
111 75 0 1 0 0 0 0 0 0 0 0 0 289 164 3 3 1 1 0 0 0 1 0 0 0
116 84 0 1 0 0 0 0 0 0 0 0 0 315 167 4 4 1 1 0 0 0 1 0 0 0
123 92 0 1 0 0 0 0 0 0 0 0 0 351 173 4 4 1 1 0 0 0 1 0 0 0
140 97 0 1 0 0 0 0 0 0 0 0 0 439 202 4 5 2 1 0 0 0 1 0 0 0
154 108 0 1 0 0 0 0 0 0 0 0 0 487 241 4 5 2 1 0 0 0 1 0 0 0
157 111 0 1 0 0 0 0 0 0 0 0 0 508 249 5 7 2 1 0 0 0 1 0 0 0
195 132 0 2 0 0 0 0 0 0 0 0 0 652 269 5 7 2 1 0 0 0 1 0 0 0
219 139 1 2 0 0 0 0 0 0 0 0 0 714 293 5 8 2 1 0 0 0 1 0 0 0
227 150 1 2 0 0 0 0 0 0 0 0 0 717 296 5 8 2 1 0 0 0 1 0 0 0
231 161 1 2 0 0 0 0 0 0 0 0 0 731 307 5 10 2 1 0 0 0 1 0 0 0
241 166 1 2 0 0 0 0 0 0 0 0 0 734 310 5 10 3 1 0 0 0 1 0 0 0
261 174 1 2 1 0 0 0 0 0 0 0 0 763 335 5 10 3 1 1 0 0 1 0 0 0
292 187 1 2 1 0 0 0 0 0 0 0 0 820 343 5 12 3 1 1 0 0 1 0 0 0
301 191 1 2 1 0 0 0 0 0 0 0 0 833 348 5 12 3 1 1 0 0 1 0 0 0
331 206 1 3 1 0 0 0 0 0 0 0 0 843 351 5 12 3 2 1 0 0 1 0 0 0
348 216 1 3 1 0 0 0 0 0 0 0 0 854 369 5 12 3 2 1 0 0 1 0 0 0
352 224 1 4 1 0 0 0 0 0 0 0 0 877 374 5 13 3 2 1 0 0 1 0 0 0
365 236 1 4 1 0 0 0 0 0 0 0 0 906 383 5 13 3 2 1 0 0 1 0 0 0
386 245 1 4 1 0 0 0 0 0 0 0 0 914 391 5 13 3 2 1 0 0 1 0 0 0
414 256 2 4 1 0 0 0 0 0 0 0 0 922 399 5 13 4 2 1 0 0 2 0 0 0
429 261 2 4 1 0 0 0 0 0 0 0 0 926 403 5 13 4 2 1 0 0 2 0 0 0
434 268 2 4 1 0 0 0 0 0 0 0 0 932 409 5 13 4 2 1 1 0 2 0 0 0
477 277 2 5 2 0 0 0 0 0 0 0 0 937 414 5 13 4 2 1 1 0 2 0 0 0
505 284 2 5 2 0 0 0 0 0 0 0 0 964 424 5 13 4 2 1 1 0 2 0 0 0
525 293 2 5 2 0 0 0 0 0 0 0 0 967 428 5 14 4 2 1 1 0 2 0 0 0
543 298 2 5 2 0 0 0 0 0 0 0 0 973 446 5 14 4 3 1 1 0 2 0 0 0
553 309 2 6 2 0 0 0 0 0 0 0 0 987 467 5 14 5 3 1 1 0 2 0 0 0
575 324 2 6 2 0 0 0 0 0 0 0 0 1040 473 5 14 5 3 1 1 0 2 0 0 0
