# scores for worst/random/best/smart move selector strategies. 
# scores are 50% and 95% quantiles (based on 40 games) of: 
# game score, #destroyed, #unlocked, #stripes, #bombs, #zappers
3 3 0 0 0 0 0 0 0 0 0 0 0 26 18 0 0 0 0 0 0 0 0 0 0 0
9 9 0 0 0 0 0 0 0 0 0 0 0 67 25 0 0 0 0 0 0 0 0 0 0 0
15 15 0 0 0 0 0 0 0 0 0 0 0 93 50 2 2 0 1 0 0 0 1 0 0 0
21 21 0 0 0 0 0 0 0 0 0 0 0 148 60 2 2 0 1 0 0 0 1 0 0 0
27 27 0 0 0 0 0 0 0 0 0 0 0 181 79 3 3 0 1 0 0 0 1 0 0 0
61 37 0 0 0 0 0 0 0 0 0 0 0 238 105 4 4 1 1 1 0 0 1 0 0 0
91 45 0 1 0 0 0 0 0 0 0 0 0 253 119 4 4 1 1 1 0 0 1 0 0 0
115 57 0 1 0 0 0 0 0 0 0 0 0 346 157 5 4 1 1 1 0 0 1 0 0 0
141 67 1 2 0 0 0 0 0 0 0 0 0 368 167 5 5 2 1 1 1 0 1 0 0 0
179 82 1 2 0 0 0 0 0 0 0 0 0 427 196 7 5 2 2 1 1 0 2 0 0 0
194 91 2 2 0 0 0 0 0 0 0 0 0 449 213 8 7 2 2 2 1 0 2 0 0 0
242 109 3 3 1 0 0 0 0 0 0 0 0 587 244 10 8 3 2 2 1 0 2 0 0 0
282 124 3 3 1 0 0 0 0 0 0 0 0 716 276 10 10 4 2 2 1 0 2 0 0 0
352 145 3 4 1 0 0 0 0 0 0 0 0 882 309 10 17 4 2 2 1 0 2 0 0 0
402 184 3 4 1 0 0 0 0 0 0 0 0 957 327 11 22 4 3 2 1 0 3 1 0 0
414 198 3 5 1 1 0 0 0 1 0 0 0 1074 395 11 24 5 3 2 1 1 3 1 0 0
540 218 3 6 1 1 0 0 0 1 0 0 0 1165 418 11 25 5 4 2 1 1 4 1 0 0
629 248 4 7 2 1 0 0 0 1 0 0 0 1262 453 11 25 5 4 2 2 1 4 1 0 0
695 271 4 7 3 1 0 0 0 1 0 0 0 1314 465 12 26 6 4 2 2 1 4 1 0 0
762 287 5 7 3 2 1 0 0 1 0 0 0 1667 508 12 27 7 4 2 2 1 4 1 0 0
807 318 5 8 3 2 1 0 0 1 0 0 0 1678 557 12 29 8 4 3 3 1 4 1 0 0
855 338 5 9 3 2 1 0 0 1 0 0 0 1695 574 12 30 9 5 3 3 1 4 1 0 0
923 361 5 10 3 2 1 0 0 1 0 0 0 1788 594 12 30 9 5 3 3 1 4 1 0 0
971 386 5 12 3 2 1 1 0 1 0 0 0 1799 604 12 31 9 5 3 3 1 4 1 0 0
1002 405 5 13 4 2 1 1 0 2 0 0 0 1890 613 12 32 10 5 3 3 1 4 1 0 0
1094 417 5 13 4 2 1 1 0 2 0 0 0 1933 641 12 33 10 5 3 3 1 4 1 0 0
1146 450 5 15 4 2 1 1 0 2 0 0 0 1958 653 12 34 10 5 3 3 1 4 1 0 0
1200 469 5 15 4 2 1 1 0 2 0 0 0 2027 683 12 34 17 5 3 3 1 5 1 0 0
1242 497 5 16 4 3 1 1 0 2 0 0 0 2076 704 12 35 17 6 3 3 1 5 1 0 0
1323 519 5 17 5 3 1 1 0 2 0 0 0 2116 757 12 35 18 6 3 3 1 6 1 0 0
1398 553 5 17 5 3 1 1 0 2 0 0 0 2186 780 12 36 18 6 3 3 1 6 1 0 0
1448 575 5 18 5 3 1 1 0 2 0 0 0 2212 794 12 37 18 6 3 3 1 6 1 0 0
1538 602 5 18 7 3 1 1 0 3 0 0 0 2257 819 12 37 21 7 3 3 1 6 1 1 0
1590 630 5 18 7 4 1 1 0 3 0 0 0 2340 833 12 38 21 7 3 4 1 6 1 1 0
1631 648 5 19 7 4 1 1 0 3 0 0 0 2439 864 12 39 21 7 3 4 1 7 1 1 0
1706 663 5 20 8 4 1 1 0 3 0 0 0 2494 907 12 40 23 8 3 4 2 7 1 1 0
1799 675 5 20 8 4 1 2 0 3 0 0 0 2586 934 12 47 23 8 3 4 2 8 1 1 0
1855 700 5 21 8 4 2 2 0 3 0 0 0 2732 962 12 48 23 8 3 4 2 8 1 1 0
1899 709 5 23 8 4 2 2 0 3 0 0 0 2930 985 12 52 23 9 4 4 2 8 1 1 0
1953 727 5 23 9 5 2 2 0 4 0 0 0 3201 1049 12 60 23 9 4 4 2 8 2 1 0
2004 760 5 23 9 5 2 2 0 4 0 0 0 3241 1067 12 66 23 9 4 4 2 8 2 1 0
