# scores for worst/random/best/smart move selector strategies. 
# scores are 50% and 95% quantiles (based on 40 games) of: 
# game score, #destroyed, #unlocked, #stripes, #bombs, #zappers
3 3 0 0 0 0 0 0 0 0 0 0 0 26 18 0 0 0 0 0 0 0 0 0 0 0
9 9 0 0 0 0 0 0 0 0 0 0 0 34 24 0 0 0 0 0 0 0 0 0 0 0
14 14 0 0 0 0 0 0 0 0 0 0 0 48 32 0 1 0 0 0 0 0 0 0 0 0
17 17 0 0 0 0 0 0 0 0 0 0 0 72 47 2 1 0 0 0 0 0 0 0 0 0
24 24 0 0 0 0 0 0 0 0 0 0 0 89 65 2 1 0 0 0 0 0 0 0 0 0
29 29 0 0 0 0 0 0 0 0 0 0 0 92 68 2 1 0 0 0 0 0 0 0 0 0
33 33 0 0 0 0 0 0 0 0 0 0 0 102 78 2 1 0 0 0 0 0 0 0 0 0
38 38 0 0 0 0 0 0 0 0 0 0 0 115 90 2 1 0 0 0 0 0 0 0 0 0
44 44 0 0 0 0 0 0 0 0 0 0 0 121 96 3 1 0 0 0 0 0 0 0 0 0
48 47 0 0 0 0 0 0 0 0 0 0 0 126 100 3 1 0 0 0 0 0 0 0 0 0
57 55 0 0 0 0 0 0 0 0 0 0 0 169 108 3 1 0 0 0 0 0 0 0 0 0
69 60 0 0 0 0 0 0 0 0 0 0 0 172 111 3 1 1 0 0 0 0 0 0 0 0
77 66 0 0 0 0 0 0 0 0 0 0 0 180 116 3 2 1 0 0 0 0 0 0 0 0
81 72 0 0 0 0 0 0 0 0 0 0 0 184 119 3 2 1 0 0 0 0 0 0 0 0
95 78 0 0 0 0 0 0 0 0 0 0 0 187 122 3 2 1 0 0 0 0 0 0 0 0
107 86 0 1 0 0 0 0 0 0 0 0 0 198 133 3 2 1 0 0 0 0 0 0 0 0
116 91 0 1 0 0 0 0 0 0 0 0 0 204 138 3 2 1 0 0 0 0 0 0 0 0
127 97 0 1 0 0 0 0 0 0 0 0 0 221 153 3 2 1 0 0 0 0 0 0 0 0
135 104 0 1 0 0 0 0 0 0 0 0 0 273 157 3 3 1 0 0 0 0 0 0 0 0
140 108 0 1 0 0 0 0 0 0 0 0 0 281 170 3 3 1 0 0 0 0 0 0 0 0
145 111 0 1 0 0 0 0 0 0 0 0 0 286 181 3 3 1 0 0 0 0 0 0 0 0
148 117 0 1 0 0 0 0 0 0 0 0 0 311 186 3 3 2 0 0 0 0 0 0 0 0
151 126 0 1 0 0 0 0 0 0 0 0 0 321 199 3 3 2 0 0 0 0 0 0 0 0
157 135 0 1 0 0 0 0 0 0 0 0 0 357 211 3 3 2 0 0 0 0 0 0 0 0
163 141 0 1 0 0 0 0 0 0 0 0 0 384 217 3 4 2 0 0 0 0 0 0 0 0
185 145 0 1 0 0 0 0 0 0 0 0 0 387 222 3 4 2 0 0 0 0 0 0 0 0
190 150 0 1 0 0 0 0 0 0 0 0 0 398 240 3 4 2 0 0 0 0 0 0 0 0
198 154 0 1 0 0 0 0 0 0 0 0 0 403 244 3 4 2 0 0 0 0 0 0 0 0
208 160 0 1 0 0 0 0 0 0 0 0 0 481 266 3 5 2 0 0 0 0 0 0 0 0
213 166 1 1 0 0 0 0 0 0 0 0 0 486 271 3 5 2 0 0 0 0 0 0 0 0
222 180 1 1 0 0 0 0 0 0 0 0 0 489 274 3 5 2 0 0 0 0 0 0 0 0
238 186 1 1 0 0 0 0 0 0 0 0 0 494 279 3 5 2 0 0 0 0 0 0 0 0
244 191 1 1 0 0 0 0 0 0 0 0 0 497 282 3 5 2 0 0 0 0 0 0 0 0
257 196 1 2 0 0 0 0 0 0 0 0 0 505 287 3 5 2 0 0 0 0 0 0 0 0
267 202 1 2 0 0 0 0 0 0 0 0 0 508 292 3 5 2 0 0 0 0 0 0 0 0
271 209 1 2 0 0 0 0 0 0 0 0 0 536 303 3 5 2 0 0 0 0 0 0 0 0
287 214 1 2 1 0 0 0 0 0 0 0 0 540 307 4 5 2 0 0 0 0 0 0 0 0
312 225 1 2 1 0 0 0 0 0 0 0 0 571 326 4 5 2 0 0 0 0 0 0 0 0
317 231 1 2 1 0 0 0 0 0 0 0 0 578 334 4 5 2 0 0 0 0 0 0 0 0
322 234 1 2 1 0 0 0 0 0 0 0 0 599 344 4 6 2 0 0 0 0 0 0 0 0
327 239 1 2 1 0 0 0 0 0 0 0 0 607 348 4 6 2 0 0 0 0 0 0 0 0
