# scores for worst/random/best/smart move selector strategies. 
# scores are 50% and 95% quantiles (based on 40 games) of: 
# game score, #destroyed, #unlocked, #stripes, #bombs, #zappers
3 3 0 0 0 0 0 0 0 0 0 0 0 11 11 0 0 0 0 0 0 0 0 0 0 0
7 7 0 0 0 0 0 0 0 0 0 0 0 59 20 0 0 0 0 0 0 0 0 0 0 0
11 11 0 0 0 0 0 0 0 0 0 0 0 78 38 0 1 0 1 0 0 0 1 0 0 0
16 16 0 0 0 0 0 0 0 0 0 0 0 90 51 0 1 0 1 0 0 0 1 0 0 0
24 23 0 0 0 0 0 0 0 0 0 0 0 145 64 1 2 0 1 0 0 0 1 0 0 0
40 29 0 0 0 0 0 0 0 0 0 0 0 337 92 18 3 1 2 0 0 0 1 0 0 0
82 40 0 0 0 0 0 0 0 0 0 0 0 345 99 18 8 1 2 1 0 0 1 0 0 0
109 53 0 1 0 0 0 0 0 0 0 0 0 400 144 18 8 1 2 1 1 0 1 0 0 0
129 62 0 1 0 0 0 0 0 0 0 0 0 413 153 18 9 1 2 1 1 0 1 0 0 0
165 77 0 2 0 0 0 0 0 0 0 0 0 451 166 18 9 2 2 1 1 0 1 0 0 0
188 83 1 2 0 0 0 0 0 0 0 0 0 499 185 18 9 2 2 1 1 0 2 0 0 0
211 91 2 2 0 0 0 0 0 0 0 0 0 570 229 18 9 2 2 1 1 0 2 0 0 0
223 103 2 3 0 0 0 0 0 0 0 0 0 588 240 18 9 2 2 1 1 0 2 0 0 0
248 120 2 3 0 0 0 0 0 0 0 0 0 665 276 18 9 3 3 2 1 0 2 0 0 0
265 132 3 3 1 0 0 0 0 0 0 0 0 860 290 18 11 4 3 2 1 0 2 0 0 0
286 146 3 3 1 0 0 0 0 0 0 0 0 927 315 18 13 4 3 2 1 0 2 0 0 0
339 157 3 4 1 1 0 0 0 1 0 0 0 946 320 18 13 4 3 2 1 0 2 0 0 0
367 173 3 5 1 1 0 0 0 1 0 0 0 975 333 18 13 5 3 2 1 0 2 0 0 0
438 207 4 5 1 1 0 0 0 1 0 0 0 1008 356 18 20 5 3 2 2 0 2 1 0 0
464 215 4 6 2 1 0 0 0 1 0 0 0 1110 368 18 23 5 4 2 2 0 2 1 0 0
492 227 4 6 2 1 0 0 0 1 0 0 0 1116 394 18 24 5 4 2 2 1 2 1 0 0
536 241 4 6 2 1 1 0 0 1 0 0 0 1190 431 19 24 5 4 2 2 1 3 1 0 0
579 257 4 7 2 1 1 0 0 1 0 0 0 1239 459 19 24 5 4 3 2 1 3 1 0 0
625 266 4 8 2 1 1 0 0 1 0 0 0 1474 471 19 24 16 4 3 2 1 3 1 0 0
652 297 4 8 2 1 1 0 0 1 0 0 0 1491 514 19 33 16 4 3 2 1 3 1 0 0
678 301 4 8 2 1 1 1 0 1 0 0 0 1618 528 19 35 17 4 3 2 1 3 1 0 0
770 327 4 10 2 2 1 1 0 1 0 0 0 1651 544 21 36 17 4 3 2 1 3 1 0 0
806 335 4 11 2 2 1 1 0 1 0 0 0 1682 563 21 36 17 5 3 2 1 4 1 0 0
875 368 4 12 2 2 1 1 0 1 0 0 0 1752 575 21 36 18 5 3 2 1 4 1 0 0
958 381 4 13 2 2 1 1 0 1 0 0 0 1759 582 21 36 19 6 3 2 1 4 1 0 0
987 402 4 14 3 2 1 1 0 1 0 0 0 1765 606 21 37 19 6 3 2 1 4 1 0 0
1061 425 4 14 3 2 1 1 0 2 0 0 0 1872 615 21 37 20 6 3 2 1 4 1 1 0
1171 439 4 15 3 2 1 1 0 2 0 0 0 2190 621 21 38 23 6 4 2 1 4 1 1 0
1224 460 4 15 4 2 1 1 0 2 0 0 0 2201 641 21 38 23 6 4 2 1 4 1 1 0
1247 474 4 17 4 2 1 1 0 2 0 0 0 2223 651 21 40 23 6 4 2 1 4 1 1 0
1357 483 4 17 4 3 1 1 0 2 0 0 0 2289 676 21 40 23 6 4 2 1 4 1 1 0
1365 488 4 17 4 3 1 1 0 2 0 0 0 2293 696 21 41 23 6 4 2 1 4 1 1 0
1372 503 4 18 5 3 1 1 0 2 0 0 0 2301 703 21 41 23 6 4 2 1 4 1 1 0
1460 526 4 19 5 3 1 1 0 2 0 0 0 2404 730 21 41 24 7 5 2 1 5 1 1 0
1465 554 4 20 5 3 1 1 0 2 0 0 0 2456 765 21 41 24 7 5 2 1 5 1 1 0
1570 573 4 21 5 4 2 1 0 2 0 0 0 2515 776 21 52 24 7 5 3 1 5 2 1 0
