# scores for worst/random/best/smart move selector strategies. 
# scores are 50% and 95% quantiles (based on 40 games) of: 
# game score, #destroyed, #unlocked, #stripes, #bombs, #zappers
3 3 0 0 0 0 0 0 0 0 0 0 0 11 11 0 0 0 0 0 0 0 0 0 0 0
7 7 0 0 0 0 0 0 0 0 0 0 0 17 17 0 0 0 0 0 0 0 0 0 0 0
11 11 0 0 0 0 0 0 0 0 0 0 0 47 26 0 0 0 0 0 0 0 0 0 0 0
17 17 0 0 0 0 0 0 0 0 0 0 0 63 35 0 1 0 0 0 0 0 0 0 0 0
21 21 0 0 0 0 0 0 0 0 0 0 0 93 38 2 2 0 0 0 0 0 0 0 0 0
28 27 0 0 0 0 0 0 0 0 0 0 0 124 46 2 2 0 0 0 0 0 0 0 0 0
36 33 0 0 0 0 0 0 0 0 0 0 0 141 71 2 2 0 0 0 0 0 0 0 0 0
41 40 0 0 0 0 0 0 0 0 0 0 0 148 74 2 3 0 1 0 0 0 1 0 0 0
45 44 0 0 0 0 0 0 0 0 0 0 0 156 81 2 3 0 1 0 0 0 1 0 0 0
65 52 0 0 0 0 0 0 0 0 0 0 0 186 91 3 3 0 1 0 0 0 1 0 0 0
72 56 0 0 0 0 0 0 0 0 0 0 0 210 111 3 3 0 1 0 0 0 1 0 0 0
91 63 0 1 0 0 0 0 0 0 0 0 0 215 115 3 3 0 1 0 0 0 1 0 0 0
97 71 0 1 0 0 0 0 0 0 0 0 0 240 122 3 3 1 1 0 0 0 1 0 0 0
103 76 0 1 0 0 0 0 0 0 0 0 0 243 128 3 4 1 1 0 0 0 1 0 0 0
113 84 0 1 0 0 0 0 0 0 0 0 0 246 135 3 4 1 1 0 0 0 1 0 0 0
133 95 0 1 0 0 0 0 0 0 0 0 0 271 144 4 4 1 1 0 0 0 1 0 0 0
153 102 0 2 0 0 0 0 0 0 0 0 0 288 162 4 4 1 1 0 0 0 1 0 0 0
164 108 1 2 0 0 0 0 0 0 0 0 0 312 166 5 4 2 1 0 0 0 1 0 0 0
182 114 1 2 0 0 0 0 0 0 0 0 0 359 179 5 4 2 1 0 0 0 1 0 0 0
202 127 1 2 0 0 0 0 0 0 0 0 0 453 196 5 4 2 1 0 0 0 1 0 0 0
217 136 1 2 0 0 0 0 0 0 0 0 0 460 200 5 5 2 1 0 0 0 1 0 0 0
227 144 1 2 0 0 0 0 0 0 0 0 0 491 213 5 5 2 2 0 0 0 2 0 0 0
238 148 1 2 0 0 0 0 0 0 0 0 0 520 232 5 5 2 2 0 0 0 2 0 0 0
255 157 1 2 0 0 0 0 0 0 0 0 0 568 245 5 5 2 2 0 0 0 2 0 0 0
273 165 1 3 0 0 0 0 0 0 0 0 0 576 255 5 6 2 2 0 0 0 2 0 0 0
287 172 1 3 0 0 0 0 0 0 0 0 0 604 276 6 7 2 2 0 0 0 2 0 0 0
315 177 1 3 0 0 0 0 0 0 0 0 0 629 283 6 7 2 2 0 0 0 2 0 0 0
329 187 1 4 0 0 0 0 0 0 0 0 0 632 294 6 7 3 2 0 0 0 2 0 0 0
340 198 1 4 0 0 0 0 0 0 0 0 0 652 313 6 8 3 2 0 0 0 2 0 0 0
346 202 1 4 1 0 0 0 0 0 0 0 0 659 316 6 8 3 2 0 0 0 2 0 0 0
353 211 1 4 1 0 0 0 0 0 0 0 0 665 323 6 8 3 2 1 0 0 2 0 0 0
414 237 2 4 1 0 0 0 0 0 0 0 0 702 344 6 9 4 3 1 0 0 2 0 0 0
440 253 2 4 1 0 0 0 0 0 0 0 0 788 362 6 9 4 3 1 0 0 2 0 0 0
454 260 2 4 1 0 0 0 0 0 0 0 0 798 371 6 10 4 3 1 0 0 2 0 0 0
460 265 2 4 1 0 0 0 0 0 0 0 0 807 380 6 10 4 3 1 0 0 2 0 0 0
485 270 2 4 1 0 0 0 0 0 0 0 0 810 383 6 10 4 3 1 0 0 2 0 0 0
501 286 2 5 1 0 0 0 0 0 0 0 0 814 388 6 10 4 3 1 1 0 2 0 0 0
521 295 2 5 1 0 0 0 0 0 0 0 0 827 392 6 10 4 3 1 1 0 2 0 0 0
524 303 2 5 1 0 0 0 0 0 0 0 0 850 404 6 10 4 3 1 1 0 2 0 0 0
544 312 2 5 2 0 0 0 0 0 0 0 0 853 407 6 11 4 3 1 1 0 2 0 0 0
548 318 2 6 2 0 0 0 0 0 0 0 0 867 414 6 11 4 3 1 1 0 2 0 0 0
