# scores for worst/random/best/smart move selector strategies. 
# scores are 50% and 95% quantiles (based on 40 games) of: 
# game score, #destroyed, #unlocked, #stripes, #bombs, #zappers
3 3 0 0 0 0 0 0 0 0 0 0 0 11 11 0 0 0 0 0 0 0 0 0 0 0
8 8 0 0 0 0 0 0 0 0 0 0 0 59 19 0 0 0 0 0 0 0 0 0 0 0
12 12 0 0 0 0 0 0 0 0 0 0 0 81 37 0 1 0 1 0 0 0 1 0 0 0
21 19 0 0 0 0 0 0 0 0 0 0 0 97 52 0 2 0 1 0 0 0 1 0 0 0
45 27 0 0 0 0 0 0 0 0 0 0 0 127 75 2 2 0 1 1 0 0 1 0 0 0
70 34 0 1 0 0 0 0 0 0 0 0 0 203 109 3 3 0 1 1 0 0 1 0 0 0
91 43 0 1 0 0 0 0 0 0 0 0 0 264 121 4 4 2 1 1 0 0 1 0 0 0
103 54 0 1 0 0 0 0 0 0 0 0 0 657 140 4 4 3 2 1 0 0 1 0 0 0
151 67 0 2 0 0 0 0 0 0 0 0 0 757 176 6 6 3 3 1 0 0 1 0 0 0
193 87 1 2 0 0 0 0 0 0 0 0 0 789 201 8 7 3 3 1 1 0 2 0 0 0
242 108 2 3 1 0 0 0 0 0 0 0 0 840 262 8 8 3 3 1 1 0 2 0 0 0
274 128 3 3 1 1 0 0 0 1 0 0 0 946 283 8 8 5 3 1 1 0 2 0 0 0
324 144 3 4 1 1 0 0 0 1 0 0 0 1029 310 8 16 12 3 1 1 0 2 0 0 0
391 169 3 4 1 1 0 0 0 1 0 0 0 1074 331 8 16 12 3 1 1 1 2 0 0 0
434 191 3 5 2 1 0 0 0 1 0 0 0 1084 361 8 16 12 3 1 1 1 2 0 0 0
498 210 4 6 2 1 0 0 0 1 0 0 0 1130 376 9 21 13 4 2 1 1 3 1 0 0
544 235 4 6 2 1 0 0 0 1 0 0 0 1525 414 9 22 19 4 2 2 1 3 1 1 0
654 264 4 7 3 2 0 0 0 1 0 0 0 1566 442 9 22 20 5 2 2 1 3 1 1 0
710 291 4 8 3 2 1 0 0 1 0 0 0 1620 469 9 23 20 5 2 2 1 3 1 1 0
787 314 4 9 3 2 1 0 0 1 0 0 0 1728 490 9 25 21 5 2 2 1 3 1 1 0
846 345 4 10 4 2 1 1 0 2 0 0 0 1897 520 9 37 23 5 2 2 1 4 1 1 0
934 372 4 10 4 2 1 1 0 2 0 0 0 1986 553 14 37 23 6 2 2 1 5 1 1 0
1009 388 4 11 4 2 1 1 0 2 0 0 0 2026 570 14 37 23 6 2 2 1 5 1 1 0
1041 400 4 11 4 3 1 1 0 2 0 0 0 2087 575 14 38 24 7 2 2 1 5 1 1 0
1119 434 4 13 4 3 1 1 0 2 0 0 0 2145 612 15 38 24 7 2 2 1 5 1 1 0
1286 464 4 14 5 3 1 1 0 2 0 0 0 2210 641 15 40 24 7 2 2 1 5 1 1 0
1295 481 4 15 5 3 1 1 0 2 0 0 0 2314 687 15 41 25 8 2 2 1 5 1 1 0
1400 509 4 15 6 3 1 1 0 3 0 0 0 2362 731 15 43 26 8 2 3 1 5 1 1 0
1478 532 4 17 6 4 1 1 0 3 0 0 0 2506 755 15 43 27 8 2 3 1 6 1 1 0
1544 553 4 18 6 4 1 1 0 3 0 0 0 2588 798 15 45 27 8 3 3 1 6 1 1 0
1582 573 4 18 6 4 1 1 0 3 0 0 0 2672 838 15 48 27 9 3 3 1 6 2 1 0
1614 582 4 19 6 4 1 1 0 3 0 0 0 2739 869 15 48 27 9 3 3 1 7 2 1 0
1756 606 4 21 7 5 1 1 0 3 0 0 0 2837 907 15 49 28 9 3 3 1 8 2 1 0
1773 642 4 22 8 5 1 1 0 3 0 0 0 2841 955 15 49 29 10 3 3 1 8 2 1 0
1886 677 4 22 8 5 1 1 0 3 0 0 0 2853 977 15 49 29 10 3 3 1 8 2 1 0
1966 698 4 25 8 5 1 1 0 3 0 0 0 2976 1008 15 52 29 10 3 3 1 8 2 1 0
2003 731 4 26 9 5 2 1 0 4 0 0 0 3004 1025 16 52 29 10 4 3 1 8 2 1 0
2096 741 4 26 9 5 2 2 0 4 0 0 0 3041 1060 16 53 29 10 4 3 1 8 2 1 0
2106 789 4 27 9 5 2 2 0 4 0 0 0 3051 1079 16 53 29 11 4 3 1 9 2 1 0
2167 800 4 29 9 5 2 2 0 4 0 0 0 3445 1110 16 54 35 12 4 3 1 9 2 1 1
2249 829 4 29 10 6 2 2 0 4 0 0 0 3490 1126 17 54 36 13 4 3 1 9 2 1 1
