# scores for worst/random/best/smart move selector strategies. 
# scores are 50% and 95% quantiles (based on 40 games) of: 
# game score, #destroyed, #unlocked, #stripes, #bombs, #zappers
3 3 0 0 0 0 0 0 0 0 0 0 0 11 11 0 0 0 0 0 0 0 0 0 0 0
6 6 0 0 0 0 0 0 0 0 0 0 0 513 74 15 9 3 1 0 0 0 0 0 0 0
10 10 0 0 0 0 0 0 0 0 0 0 0 833 125 18 17 5 3 0 1 0 0 1 0 0
14 14 0 0 0 0 0 0 0 0 0 0 0 1158 161 19 20 5 3 0 1 0 0 1 0 0
90 35 1 1 0 0 0 0 0 0 0 0 0 1186 168 19 21 6 3 1 1 0 1 1 0 0
189 54 3 2 2 0 0 0 0 0 0 0 0 1206 174 19 21 11 3 1 1 1 1 1 0 0
717 115 8 9 4 2 0 0 0 0 0 0 0 1244 182 19 22 11 3 1 2 1 1 1 0 0
792 140 10 10 5 3 0 0 0 0 0 0 0 1252 194 19 27 11 3 1 2 1 1 2 0 0
817 150 10 11 5 3 0 0 0 0 0 0 0 1286 229 19 27 11 3 1 2 1 1 2 0 0
842 156 10 11 5 3 0 0 0 0 0 0 0 1316 242 19 27 15 4 1 2 1 1 2 1 0
850 162 11 11 5 3 0 0 0 0 0 0 0 1464 271 19 27 15 4 1 2 1 1 2 1 0
878 174 11 13 5 3 0 0 0 0 0 0 0 1546 278 19 29 15 4 1 2 1 1 2 1 0
911 186 12 15 5 3 0 0 0 0 1 0 0 1550 283 19 29 15 4 1 2 1 2 2 1 0
954 196 12 15 5 3 0 0 0 0 1 0 0 1554 289 19 29 16 4 1 2 1 2 2 1 0
960 203 12 15 5 3 0 0 0 0 1 0 0 1559 300 19 29 17 4 1 2 1 2 2 1 0
965 211 12 15 5 3 0 0 0 0 1 0 0 1564 307 19 29 17 4 1 2 1 2 2 1 0
1025 216 12 15 5 3 0 0 0 0 1 0 0 1568 317 19 29 17 4 1 2 1 2 2 1 0
1039 223 12 16 6 3 0 0 0 0 1 0 0 1578 322 19 29 17 4 1 2 1 2 2 1 0
1046 231 12 16 6 3 0 0 0 0 1 0 0 1617 330 19 30 17 4 2 2 1 2 2 1 0
1073 237 12 17 6 3 0 0 0 0 1 0 0 1644 337 19 30 17 4 2 2 1 2 2 1 0
1083 249 12 18 6 3 0 0 0 0 1 0 0 1652 341 19 30 17 4 2 2 1 2 2 1 0
1114 257 12 18 6 3 0 0 0 0 1 0 0 1695 344 19 30 17 4 2 2 1 2 2 1 0
1135 261 12 18 6 3 0 0 0 0 1 0 0 1722 358 19 30 17 4 2 2 1 2 2 1 0
1173 274 12 19 6 3 1 0 0 0 1 0 0 1725 361 19 30 17 5 2 2 1 2 2 1 0
1197 278 12 19 6 3 1 0 0 0 1 0 0 1758 364 19 31 17 5 2 2 1 2 2 1 0
1202 284 12 19 6 3 1 0 0 0 1 0 0 1763 368 19 31 17 5 2 2 1 2 2 1 0
1209 295 12 19 6 3 1 0 0 0 1 0 0 1784 373 19 31 17 5 2 2 1 2 2 1 0
1219 302 12 19 6 3 1 1 0 0 1 0 0 1787 378 19 31 17 5 2 2 1 2 2 1 0
1225 308 12 21 6 3 1 1 0 0 1 0 0 1791 387 19 31 17 5 2 2 1 2 2 1 0
1229 312 12 21 6 3 1 1 0 0 1 0 0 1794 404 19 31 17 5 2 2 1 2 2 1 0
1237 315 12 21 6 3 1 1 0 0 1 0 0 1931 414 19 36 17 5 2 2 1 2 2 1 0
1251 321 12 21 6 3 1 1 0 0 1 0 0 1948 421 19 36 17 5 2 2 1 2 2 1 0
1260 328 12 22 6 3 1 1 0 0 1 0 0 1951 448 19 36 18 5 2 2 1 2 2 1 0
1275 342 12 22 6 3 1 1 0 1 1 0 0 1954 453 19 36 18 5 2 2 1 2 2 1 0
1281 345 12 22 6 3 1 1 0 1 1 0 0 1957 460 19 36 18 5 2 2 1 2 2 1 0
1312 348 12 23 6 3 1 1 0 1 1 0 0 1961 464 19 38 18 5 3 2 1 2 2 1 0
1329 351 12 23 6 3 1 1 0 1 1 0 0 2031 480 19 38 18 5 3 3 1 2 2 1 0
1343 362 12 24 6 3 1 1 0 1 1 0 0 2056 485 19 38 18 5 3 3 1 2 2 1 0
1380 380 12 24 6 3 1 1 0 1 1 0 0 2060 490 19 38 18 5 3 3 1 2 2 1 0
1415 385 12 24 6 3 1 1 0 1 1 0 0 2065 497 19 38 18 5 3 3 1 2 2 1 0
1440 392 12 24 6 3 1 1 0 1 1 0 0 2070 500 19 38 18 5 3 3 1 2 2 1 0
