# scores for worst/random/best/smart move selector strategies. 
# scores are 50% and 95% quantiles (based on 40 games) of: 
# game score, #destroyed, #unlocked, #stripes, #bombs, #zappers
3 3 0 0 0 0 0 0 0 0 0 0 0 11 11 0 0 0 0 0 0 0 0 0 0 0
6 6 0 0 0 0 0 0 0 0 0 0 0 670 101 16 12 3 2 0 0 0 0 0 0 0
166 41 3 2 1 0 0 0 0 0 0 0 0 992 145 18 21 5 3 1 1 0 1 1 0 0
503 99 10 7 3 2 0 0 0 0 0 0 0 1181 178 19 22 6 4 1 1 1 1 1 0 0
740 126 13 9 5 3 0 0 0 0 0 0 0 1278 192 19 27 13 4 1 1 1 1 1 0 0
835 155 13 13 5 3 0 0 0 0 1 0 0 1315 204 19 29 17 4 1 1 1 1 1 1 0
884 162 13 14 5 3 0 0 0 0 1 0 0 1322 215 19 31 17 4 1 1 1 1 2 1 0
945 175 13 14 5 3 0 0 0 0 1 0 0 1349 222 19 31 18 4 1 1 1 2 2 1 0
989 184 13 15 5 3 0 1 0 1 1 0 0 1395 244 19 31 18 5 1 2 1 2 2 1 0
994 193 13 16 5 3 0 1 0 1 1 0 0 1425 251 19 31 18 5 1 2 1 2 2 1 0
1016 203 13 17 6 3 0 1 0 1 1 0 0 1429 259 19 32 18 5 1 2 1 2 2 1 0
1041 215 13 17 6 3 0 1 0 1 1 0 0 1471 279 19 32 18 5 1 2 1 2 2 1 0
1084 224 13 17 6 3 0 1 0 1 1 0 0 1488 291 19 32 18 5 1 2 1 2 2 1 0
1105 236 13 17 6 4 0 1 0 1 1 0 0 1492 296 19 33 18 5 1 2 1 2 2 1 0
1167 250 13 18 6 4 0 1 0 1 1 0 0 1520 307 19 33 18 5 2 2 1 2 2 1 0
1175 262 13 18 6 4 0 1 0 1 1 0 0 1523 328 19 34 18 6 2 2 1 3 2 1 0
1219 274 13 19 6 4 0 1 0 1 1 0 0 1527 347 19 34 18 6 2 2 1 3 2 1 0
1255 283 13 19 7 4 0 1 0 1 1 0 0 1599 354 19 34 18 6 2 2 1 3 2 1 0
1261 292 13 20 7 4 0 1 0 1 1 0 0 1611 358 19 34 18 6 2 2 1 3 2 1 0
1278 305 13 20 7 4 0 1 0 1 1 0 0 1649 371 19 34 19 6 2 2 1 3 2 1 0
1291 316 13 21 7 4 0 1 0 2 1 0 0 1653 386 19 35 19 6 2 2 1 3 2 1 0
1308 325 13 21 7 4 1 1 0 2 1 0 0 1700 405 19 35 19 7 2 2 1 4 2 1 0
1341 340 13 22 7 4 1 1 0 2 1 0 0 1724 421 19 36 19 7 3 2 1 4 2 1 0
1391 349 13 22 7 4 1 1 0 2 1 0 0 1731 429 19 36 19 7 3 2 1 4 2 1 0
1402 357 13 22 7 4 1 1 0 2 1 0 0 1860 438 19 36 19 7 3 2 1 4 2 1 0
1426 368 13 22 7 4 1 1 0 2 1 0 0 1864 446 19 37 19 7 3 2 1 4 2 1 0
1440 381 13 22 7 4 1 1 0 2 1 0 0 1873 459 19 38 19 8 3 2 1 4 2 1 0
1458 389 13 22 7 4 1 1 0 2 1 0 0 1887 469 19 38 19 8 3 2 1 4 2 1 0
1482 396 13 22 7 4 1 1 0 2 1 0 0 1904 493 19 39 19 8 3 2 1 4 2 1 0
1519 415 13 22 7 4 1 1 0 2 1 0 0 2020 512 19 40 19 8 3 2 1 5 2 1 0
1564 424 13 23 7 4 1 1 0 2 1 0 0 2026 517 19 41 19 8 3 2 1 5 2 1 0
1573 430 13 24 8 4 1 1 0 2 1 0 0 2088 522 19 41 19 8 3 2 1 5 2 1 0
1581 441 13 24 8 4 1 1 0 2 1 0 0 2096 535 19 41 19 8 3 2 1 5 2 1 0
1602 457 13 24 8 4 1 1 0 2 1 0 0 2142 551 19 41 19 8 3 2 1 5 2 1 0
1643 463 13 25 8 4 1 1 0 2 1 0 0 2147 557 19 41 19 8 3 2 1 5 2 1 0
1664 480 13 26 8 5 1 1 0 2 1 0 0 2263 565 19 41 19 8 3 3 1 5 2 1 0
1691 491 13 26 9 5 1 1 0 2 1 0 0 2269 583 19 42 20 8 4 3 1 5 2 1 0
1758 501 13 27 9 5 1 2 0 2 1 0 0 2302 587 19 43 20 8 4 3 1 5 2 1 0
1770 512 13 27 9 5 1 2 0 2 1 0 0 2339 597 19 43 20 8 4 3 1 5 2 1 0
1809 530 13 27 9 5 1 2 0 2 1 0 0 2385 606 19 43 21 8 4 3 1 5 2 1 0
1862 544 13 27 9 5 1 2 0 2 1 0 0 2408 618 19 43 21 8 4 3 1 5 2 1 0
