# scores for worst/random/best/smart move selector strategies. 
# scores are 50% and 95% quantiles (based on 40 games) of: 
# game score, #destroyed, #unlocked, #stripes, #bombs, #zappers
3 3 0 0 0 0 0 0 0 0 0 0 0 11 11 0 0 0 0 0 0 0 0 0 0 0
3 3 0 0 0 0 0 0 0 0 0 0 0 16 16 0 0 0 0 0 0 0 0 0 0 0
6 6 0 0 0 0 0 0 0 0 0 0 0 78 29 2 1 0 0 0 0 0 0 0 0 0
8 8 0 0 0 0 0 0 0 0 0 0 0 163 40 3 1 1 0 0 0 0 0 0 0 0
9 9 0 0 0 0 0 0 0 0 0 0 0 464 74 7 5 4 1 0 0 0 0 0 0 0
11 11 0 0 0 0 0 0 0 0 0 0 0 634 117 7 8 5 2 0 0 0 0 0 0 0
12 12 0 0 0 0 0 0 0 0 0 0 0 681 134 9 8 5 2 0 0 0 0 0 0 0
13 13 0 0 0 0 0 0 0 0 0 0 0 684 137 9 8 5 3 0 0 0 0 0 0 0
15 15 0 0 0 0 0 0 0 0 0 0 0 689 141 10 8 5 3 0 0 0 0 0 0 0
17 17 0 0 0 0 0 0 0 0 0 0 0 724 148 10 9 5 3 0 0 0 0 0 0 0
136 55 1 1 0 0 0 0 0 0 0 0 0 729 151 10 9 5 3 0 0 0 0 0 0 0
349 82 3 3 3 1 0 0 0 0 0 0 0 753 164 11 9 5 3 0 0 0 0 0 0 0
360 89 3 3 3 1 0 0 0 0 0 0 0 756 168 11 9 5 3 0 0 0 0 0 0 0
462 95 3 4 4 1 0 0 0 0 0 0 0 760 176 11 9 5 3 0 0 0 0 0 0 0
465 99 3 4 4 1 0 0 0 0 0 0 0 763 179 11 9 5 3 0 0 0 0 0 0 0
514 109 3 6 4 1 0 0 0 0 0 0 0 785 186 12 10 6 3 0 0 0 0 0 0 0
537 121 5 6 4 1 0 0 0 0 0 0 0 788 189 12 10 6 3 0 0 0 0 0 0 0
540 127 5 6 4 1 0 0 0 0 0 0 0 792 194 12 10 6 3 0 0 0 0 0 0 0
601 135 6 7 4 2 0 0 0 0 0 0 0 806 197 12 10 6 3 0 0 0 0 0 0 0
658 143 6 8 5 2 0 0 0 0 0 0 0 809 201 12 10 6 3 0 0 0 0 0 0 0
662 146 6 8 5 2 0 0 0 0 0 0 0 812 206 12 10 6 3 0 0 0 0 0 0 0
665 149 6 8 5 2 0 0 0 0 0 0 0 815 209 12 10 6 3 0 0 0 0 0 0 0
668 157 6 8 5 2 0 0 0 0 0 0 0 818 214 12 10 6 3 0 0 0 0 0 0 0
680 161 6 8 5 2 0 0 0 0 0 0 0 822 217 12 10 6 3 0 0 0 0 0 0 0
684 166 6 8 5 2 0 0 0 0 0 0 0 825 220 12 10 6 3 0 0 0 0 0 0 0
687 171 6 8 5 2 0 0 0 0 0 0 0 835 223 12 10 6 3 0 0 0 0 0 0 0
701 177 6 8 5 2 0 0 0 0 0 0 0 841 236 12 10 6 3 0 0 0 0 0 0 0
722 183 6 8 5 3 0 0 0 0 0 0 0 845 240 12 10 6 3 0 0 0 0 0 0 0
735 186 6 8 5 3 0 0 0 0 0 0 0 848 243 12 10 6 3 0 0 0 0 0 0 0
738 192 6 8 5 3 0 0 0 0 0 0 0 854 250 12 10 6 3 0 0 0 0 0 0 0
761 197 6 8 5 3 0 0 0 0 0 0 0 862 253 12 11 6 3 0 0 0 0 0 0 0
765 200 6 8 5 3 0 0 0 0 0 0 0 891 257 12 11 6 3 0 0 0 0 0 0 0
768 203 6 8 5 3 0 0 0 0 0 0 0 895 262 12 11 6 3 0 0 0 0 0 0 0
772 211 6 8 5 3 0 0 0 0 0 0 0 898 272 12 11 6 3 0 0 0 0 0 0 0
790 216 6 8 5 3 0 0 0 0 0 0 0 903 275 12 11 6 3 0 0 0 0 0 0 0
795 219 6 8 5 3 0 0 0 0 0 0 0 907 278 12 11 6 3 0 0 0 0 0 0 0
799 222 6 8 5 3 0 0 0 0 0 0 0 913 289 12 11 6 3 0 0 0 0 0 0 0
802 225 6 8 5 3 0 0 0 0 0 0 0 917 295 12 11 6 3 0 0 0 0 0 0 0
806 233 6 8 5 3 0 0 0 0 0 0 0 920 298 12 11 6 3 0 0 0 0 0 0 0
809 240 6 8 5 3 0 0 0 0 0 0 0 939 304 12 11 6 3 0 0 0 0 0 0 0
812 243 6 8 5 3 0 0 0 0 0 0 0 942 307 12 11 6 3 0 0 0 0 0 0 0
