# scores for worst/random/best/smart move selector strategies. 
# scores are 50% and 95% quantiles (based on 40 games) of: 
# game score, #destroyed, #unlocked, #stripes, #bombs, #zappers
3 3 0 0 0 0 0 0 0 0 0 0 0 11 11 0 0 0 0 0 0 0 0 0 0 0
6 6 0 0 0 0 0 0 0 0 0 0 0 15 15 0 0 0 0 0 0 0 0 0 0 0
10 10 0 0 0 0 0 0 0 0 0 0 0 47 23 0 0 0 0 0 0 0 0 0 0 0
13 13 0 0 0 0 0 0 0 0 0 0 0 53 29 0 0 0 0 0 0 0 0 0 0 0
17 17 0 0 0 0 0 0 0 0 0 0 0 74 34 0 0 0 0 0 0 0 0 0 0 0
21 21 0 0 0 0 0 0 0 0 0 0 0 80 39 1 0 0 0 0 0 0 0 0 0 0
25 25 0 0 0 0 0 0 0 0 0 0 0 91 44 1 1 0 0 0 0 0 0 0 0 0
32 31 0 0 0 0 0 0 0 0 0 0 0 94 47 1 1 0 0 0 0 0 0 0 0 0
36 35 0 0 0 0 0 0 0 0 0 0 0 109 56 2 2 1 0 0 0 0 0 0 0 0
44 39 0 0 0 0 0 0 0 0 0 0 0 113 59 2 2 1 0 0 0 0 0 0 0 0
51 46 0 0 0 0 0 0 0 0 0 0 0 156 68 3 2 1 0 0 0 0 0 0 0 0
57 52 0 0 0 0 0 0 0 0 0 0 0 159 71 3 2 1 0 0 0 0 0 0 0 0
68 56 0 0 0 0 0 0 0 0 0 0 0 169 76 3 2 1 0 0 0 0 0 0 0 0
75 60 0 0 0 0 0 0 0 0 0 0 0 173 79 3 2 1 0 0 0 0 0 0 0 0
98 66 0 1 0 0 0 0 0 0 0 0 0 191 92 4 3 1 0 0 1 0 0 0 0 0
108 71 0 1 0 0 0 0 0 0 0 0 0 194 96 5 3 1 0 1 1 0 0 0 0 0
116 76 0 1 0 0 0 0 0 0 0 0 0 203 101 5 3 1 1 1 1 0 0 0 0 0
124 80 0 1 0 0 0 0 0 0 0 0 0 231 111 5 3 1 1 1 1 0 0 0 0 0
127 84 1 1 0 0 0 0 0 0 0 0 0 244 115 5 4 1 1 1 1 0 0 0 0 0
138 91 1 2 0 0 0 0 0 0 0 0 0 247 118 5 4 1 1 1 1 0 0 0 0 0
141 95 1 2 0 0 0 0 0 0 0 0 0 252 122 5 4 1 1 1 1 0 0 0 0 0
149 99 1 2 0 0 0 0 0 0 0 0 0 258 132 5 4 1 1 1 1 0 0 0 0 0
155 104 1 2 0 0 0 0 0 0 0 0 0 268 135 5 5 1 1 1 1 0 0 0 0 0
169 108 1 2 0 0 0 0 0 0 0 0 0 290 144 5 5 1 1 1 1 0 0 0 0 0
183 112 1 2 0 0 0 0 0 0 0 0 0 316 154 5 5 1 1 1 1 0 0 0 0 0
197 116 1 2 0 0 0 0 0 0 0 0 0 356 168 5 5 1 1 1 1 0 0 0 0 0
202 123 1 2 0 0 0 0 0 0 0 0 0 359 171 5 5 1 1 1 1 0 1 0 0 0
207 126 1 2 0 0 0 0 0 0 0 0 0 381 181 5 5 1 1 1 1 0 1 0 0 0
216 132 1 3 0 0 0 0 0 0 0 0 0 388 188 5 5 1 1 1 1 0 1 0 0 0
243 141 1 3 0 0 0 0 0 0 0 0 0 395 193 5 6 1 1 2 1 0 1 0 0 0
253 145 1 3 0 0 0 0 0 0 0 0 0 402 200 5 6 1 1 2 1 0 1 0 0 0
274 152 1 4 0 0 0 0 0 0 0 0 0 433 206 6 6 1 1 2 1 0 1 0 0 0
283 158 1 4 0 0 0 0 0 0 0 0 0 446 209 6 7 2 1 2 1 0 1 0 0 0
288 162 1 4 0 0 0 0 0 0 0 0 0 450 212 6 7 2 1 2 1 0 1 0 0 0
299 167 1 4 0 0 0 0 0 0 0 0 0 454 215 6 7 2 1 2 1 0 1 0 0 0
311 176 1 4 0 0 0 0 0 0 0 0 0 461 220 6 7 2 1 2 1 0 1 0 0 0
317 181 1 4 0 0 0 0 0 0 0 0 0 465 224 6 7 2 1 2 1 0 1 0 0 0
321 185 1 5 0 0 0 0 0 0 0 0 0 474 228 6 7 2 1 2 1 0 1 0 0 0
333 190 1 5 0 0 1 0 0 0 0 0 0 478 232 6 7 2 1 2 1 0 1 0 0 0
336 194 1 5 0 0 1 0 0 0 0 0 0 481 235 6 7 2 1 2 1 0 1 0 0 0
345 200 1 5 0 0 1 0 0 0 0 0 0 486 241 6 7 2 1 2 1 0 1 0 0 0
