# scores for worst/random/best/smart move selector strategies. 
# scores are 50% and 95% quantiles (based on 40 games) of: 
# game score, #destroyed, #unlocked, #stripes, #bombs, #zappers
3 3 0 0 0 0 0 0 0 0 0 0 0 11 11 0 0 0 0 0 0 0 0 0 0 0
6 6 0 0 0 0 0 0 0 0 0 0 0 14 14 0 0 0 0 0 0 0 0 0 0 0
9 9 0 0 0 0 0 0 0 0 0 0 0 20 20 0 0 0 0 0 0 0 0 0 0 0
12 12 0 0 0 0 0 0 0 0 0 0 0 23 23 0 0 0 0 0 0 0 0 0 0 0
16 16 0 0 0 0 0 0 0 0 0 0 0 27 27 0 0 0 0 0 0 0 0 0 0 0
21 21 0 0 0 0 0 0 0 0 0 0 0 31 31 0 0 0 0 0 0 0 0 0 0 0
24 24 0 0 0 0 0 0 0 0 0 0 0 37 35 0 0 0 0 0 0 0 0 0 0 0
27 27 0 0 0 0 0 0 0 0 0 0 0 40 39 0 0 0 0 0 0 0 0 0 0 0
31 31 0 0 0 0 0 0 0 0 0 0 0 58 43 0 0 0 0 0 0 0 0 0 0 0
34 34 0 0 0 0 0 0 0 0 0 0 0 75 48 0 1 0 0 0 0 0 0 0 0 0
40 40 0 0 0 0 0 0 0 0 0 0 0 90 52 0 1 0 0 0 0 0 0 0 0 0
43 43 0 0 0 0 0 0 0 0 0 0 0 99 58 0 1 0 0 0 0 0 0 0 0 0
48 48 0 0 0 0 0 0 0 0 0 0 0 104 61 0 1 0 0 0 0 0 0 0 0 0
51 51 0 0 0 0 0 0 0 0 0 0 0 110 66 0 1 0 0 0 0 0 0 0 0 0
55 55 0 0 0 0 0 0 0 0 0 0 0 117 72 0 1 0 0 0 0 0 0 0 0 0
60 60 0 0 0 0 0 0 0 0 0 0 0 124 81 0 1 0 0 0 0 0 0 0 0 0
65 63 0 0 0 0 0 0 0 0 0 0 0 132 85 1 1 0 0 0 0 0 0 0 0 0
71 67 0 0 0 0 0 0 0 0 0 0 0 142 90 1 2 0 0 0 0 0 0 0 0 0
81 72 0 0 0 0 0 0 0 0 0 0 0 147 93 1 2 0 0 0 0 0 0 0 0 0
86 77 0 0 0 0 0 0 0 0 0 0 0 170 100 1 2 0 0 0 0 0 0 0 0 0
93 82 0 0 0 0 0 0 0 0 0 0 0 173 104 1 2 0 0 0 0 0 0 0 0 0
103 85 0 0 0 0 0 0 0 0 0 0 0 176 110 1 2 0 0 0 0 0 0 0 0 0
109 90 0 0 0 0 0 0 0 0 0 0 0 179 113 1 2 0 0 0 0 0 0 0 0 0
114 95 0 0 0 0 0 0 0 0 0 0 0 213 119 1 2 1 0 0 0 0 0 0 0 0
117 98 0 0 0 0 0 0 0 0 0 0 0 216 124 2 2 1 0 0 0 0 0 0 0 0
122 101 0 1 0 0 0 0 0 0 0 0 0 219 128 2 2 1 0 0 0 0 0 0 0 0
127 106 0 1 0 0 0 0 0 0 0 0 0 229 133 2 2 1 0 0 0 0 0 0 0 0
130 110 0 1 0 0 0 0 0 0 0 0 0 248 139 2 2 1 0 0 0 0 0 0 0 0
138 115 0 1 0 0 0 0 0 0 0 0 0 251 143 2 2 1 0 0 0 0 0 0 0 0
142 119 0 1 0 0 0 0 0 0 0 0 0 254 146 2 2 1 0 0 0 0 0 0 0 0
150 122 0 1 0 0 0 0 0 0 0 0 0 266 150 2 2 1 0 0 0 0 0 0 0 0
154 125 0 1 0 0 0 0 0 0 0 0 0 269 153 2 2 1 0 0 0 0 0 0 0 0
157 128 0 1 0 0 0 0 0 0 0 0 0 272 160 2 2 1 0 0 0 0 0 0 0 0
164 133 0 1 0 0 0 0 0 0 0 0 0 281 171 3 3 1 0 0 0 0 0 0 0 0
170 138 0 1 0 0 0 0 0 0 0 0 0 284 174 3 3 1 0 0 0 0 0 0 0 0
173 141 0 1 0 0 0 0 0 0 0 0 0 287 177 3 3 1 0 0 0 0 0 0 0 0
178 145 0 1 0 0 0 0 0 0 0 0 0 303 183 3 3 1 0 0 0 0 0 0 0 0
181 149 0 1 0 0 0 0 0 0 0 0 0 306 186 3 3 1 0 0 0 0 0 0 0 0
184 152 0 1 0 0 0 0 0 0 0 0 0 311 196 3 3 1 0 0 0 0 0 0 0 0
188 156 0 1 0 0 0 0 0 0 0 0 0 314 199 3 4 1 0 0 0 0 0 0 0 0
191 160 0 1 0 0 0 0 0 0 0 0 0 317 202 3 4 1 0 0 0 0 0 0 0 0
