# scores for worst/random/best/smart move selector strategies. 
# scores are 50% and 95% quantiles (based on 40 games) of: 
# game score, #destroyed, #unlocked, #stripes, #bombs, #zappers
3 3 0 0 0 0 0 0 0 0 0 0 0 11 11 0 0 0 0 0 0 0 0 0 0 0
6 6 0 0 0 0 0 0 0 0 0 0 0 15 15 0 0 0 0 0 0 0 0 0 0 0
11 11 0 0 0 0 0 0 0 0 0 0 0 27 23 0 0 0 0 0 0 0 0 0 0 0
16 16 0 0 0 0 0 0 0 0 0 0 0 58 36 0 0 0 0 0 0 0 0 0 0 0
21 21 0 0 0 0 0 0 0 0 0 0 0 104 46 1 1 1 0 0 0 0 0 0 0 0
28 27 0 0 0 0 0 0 0 0 0 0 0 110 52 1 1 1 0 0 0 0 0 0 0 0
34 33 0 0 0 0 0 0 0 0 0 0 0 130 59 3 2 1 1 0 0 0 0 0 0 0
51 37 0 0 0 0 0 0 0 0 0 0 0 151 66 4 2 1 1 1 0 0 0 0 0 0
73 43 0 0 0 0 0 0 0 0 0 0 0 162 73 4 2 1 1 1 1 0 0 0 0 0
85 50 0 1 0 0 0 0 0 0 0 0 0 183 77 5 2 1 1 1 1 0 1 0 0 0
95 57 0 1 0 0 0 0 0 0 0 0 0 195 93 5 2 1 1 1 1 0 1 0 0 0
108 65 0 1 0 0 0 0 0 0 0 0 0 214 100 5 3 1 1 1 1 0 1 0 0 0
124 69 0 1 0 0 0 0 0 0 0 0 0 233 113 5 3 1 1 1 1 0 1 0 0 0
137 75 0 1 0 0 0 0 0 0 0 0 0 238 120 5 3 1 1 1 1 0 1 0 0 0
157 81 0 2 0 0 0 0 0 0 0 0 0 259 128 5 4 1 1 1 1 0 1 0 0 0
172 87 0 2 0 0 0 0 0 0 0 0 0 269 132 5 4 1 1 1 1 0 1 0 0 0
176 93 0 2 0 0 0 0 0 0 0 0 0 331 141 5 4 1 1 1 1 0 1 0 0 0
188 99 1 3 0 0 0 0 0 0 0 0 0 349 147 6 4 1 2 1 1 0 1 0 0 0
218 112 1 3 0 0 0 0 0 0 0 0 0 396 155 6 5 1 2 1 1 0 1 0 0 0
232 118 1 3 0 0 0 0 0 0 0 0 0 403 161 6 5 1 2 1 1 0 2 0 0 0
241 126 1 3 0 0 0 0 0 0 0 0 0 407 166 6 6 1 2 1 1 0 2 0 0 0
267 133 1 4 0 0 0 0 0 0 0 0 0 412 170 6 6 1 2 1 1 0 2 0 0 0
277 139 2 4 1 0 0 0 0 0 0 0 0 430 175 6 6 2 2 1 1 0 2 0 0 0
300 144 2 4 1 0 0 0 0 0 0 0 0 436 182 7 7 2 2 1 1 0 2 0 0 0
309 153 2 4 1 0 0 0 0 0 0 0 0 441 189 7 7 2 2 1 1 0 2 0 0 0
317 160 2 4 1 0 0 0 0 0 0 0 0 447 202 7 7 2 2 1 1 0 2 0 0 0
341 167 2 5 1 0 1 0 0 0 0 0 0 462 216 7 7 2 2 1 1 0 2 0 0 0
355 177 2 5 1 0 1 0 0 0 0 0 0 666 230 7 11 2 2 2 1 0 2 0 0 0
361 181 2 5 1 0 1 0 0 0 0 0 0 669 234 7 12 2 2 2 1 0 2 0 0 0
381 186 2 5 1 0 1 0 0 0 0 0 0 684 239 7 12 2 2 2 1 0 2 0 0 0
392 192 2 6 1 0 1 0 0 0 0 0 0 689 249 7 12 2 2 2 1 0 2 0 0 0
395 199 2 6 1 0 1 0 0 0 0 0 0 695 255 7 13 2 2 2 1 0 2 0 0 0
413 207 2 6 1 0 1 0 0 0 0 0 0 699 259 7 13 2 2 2 1 0 2 0 0 0
435 214 2 6 1 0 1 0 0 0 0 0 0 756 271 7 13 2 2 2 1 0 2 0 0 0
451 224 2 7 1 0 1 0 0 0 0 0 0 763 281 7 14 2 2 2 1 0 2 0 0 0
470 233 2 7 1 1 1 0 0 0 0 0 0 768 288 7 14 2 2 2 1 0 2 0 0 0
487 238 2 7 1 1 1 0 0 1 0 0 0 780 300 7 14 2 2 2 1 0 2 0 0 0
519 244 2 7 1 1 1 0 0 1 0 0 0 807 305 7 14 2 3 2 1 0 2 0 0 0
546 252 2 8 1 1 1 0 0 1 0 0 0 816 319 7 14 3 3 2 1 0 2 0 0 0
565 260 2 8 1 1 1 0 0 1 0 0 0 862 325 7 15 3 3 2 1 0 2 0 0 0
578 269 2 8 1 1 1 0 0 1 0 0 0 868 331 7 15 3 3 3 1 0 2 0 0 0
