# scores for worst/random/best/smart move selector strategies. 
# scores are 50% and 95% quantiles (based on 40 games) of: 
# game score, #destroyed, #unlocked, #stripes, #bombs, #zappers
3 3 0 0 0 0 0 0 0 0 0 0 0 11 11 0 0 0 0 0 0 0 0 0 0 0
6 6 0 0 0 0 0 0 0 0 0 0 0 14 14 0 0 0 0 0 0 0 0 0 0 0
9 9 0 0 0 0 0 0 0 0 0 0 0 17 17 0 0 0 0 0 0 0 0 0 0 0
12 12 0 0 0 0 0 0 0 0 0 0 0 22 22 0 0 0 0 0 0 0 0 0 0 0
15 15 0 0 0 0 0 0 0 0 0 0 0 26 26 0 0 0 0 0 0 0 0 0 0 0
21 21 0 0 0 0 0 0 0 0 0 0 0 29 29 0 0 0 0 0 0 0 0 0 0 0
24 24 0 0 0 0 0 0 0 0 0 0 0 33 33 0 0 0 0 0 0 0 0 0 0 0
27 27 0 0 0 0 0 0 0 0 0 0 0 46 36 0 0 0 0 0 0 0 0 0 0 0
30 30 0 0 0 0 0 0 0 0 0 0 0 49 39 0 0 0 0 0 0 0 0 0 0 0
34 34 0 0 0 0 0 0 0 0 0 0 0 54 45 0 0 0 0 0 0 0 0 0 0 0
37 37 0 0 0 0 0 0 0 0 0 0 0 63 57 0 0 0 0 0 0 0 0 0 0 0
42 42 0 0 0 0 0 0 0 0 0 0 0 66 60 0 0 0 0 0 0 0 0 0 0 0
45 45 0 0 0 0 0 0 0 0 0 0 0 69 64 0 0 0 0 0 0 0 0 0 0 0
48 48 0 0 0 0 0 0 0 0 0 0 0 82 70 1 1 0 0 0 0 0 0 0 0 0
54 54 0 0 0 0 0 0 0 0 0 0 0 90 80 1 1 0 0 0 0 0 0 0 0 0
57 57 0 0 0 0 0 0 0 0 0 0 0 94 83 1 1 0 0 0 0 0 0 0 0 0
63 63 0 0 0 0 0 0 0 0 0 0 0 97 87 1 1 0 0 0 0 0 0 0 0 0
66 66 0 0 0 0 0 0 0 0 0 0 0 105 92 1 1 0 0 0 0 0 0 0 0 0
69 69 0 0 0 0 0 0 0 0 0 0 0 127 97 1 1 0 0 0 0 0 0 0 0 0
72 72 0 0 0 0 0 0 0 0 0 0 0 138 103 1 1 0 0 0 0 0 0 0 0 0
77 77 0 0 0 0 0 0 0 0 0 0 0 142 106 1 1 0 0 0 0 0 0 0 0 0
81 81 0 0 0 0 0 0 0 0 0 0 0 147 110 1 1 0 0 0 0 0 0 0 0 0
84 84 0 0 0 0 0 0 0 0 0 0 0 151 115 1 1 0 0 0 0 0 0 0 0 0
87 87 0 0 0 0 0 0 0 0 0 0 0 155 118 1 1 0 0 0 0 0 0 0 0 0
90 90 0 0 0 0 0 0 0 0 0 0 0 160 123 1 1 0 0 0 0 0 0 0 0 0
95 95 0 0 0 0 0 0 0 0 0 0 0 163 126 1 1 0 0 0 0 0 0 0 0 0
99 99 0 0 0 0 0 0 0 0 0 0 0 183 131 1 1 0 0 0 0 0 0 0 0 0
105 105 0 0 0 0 0 0 0 0 0 0 0 186 135 1 1 0 0 0 0 0 0 0 0 0
110 110 0 0 0 0 0 0 0 0 0 0 0 189 139 1 1 0 0 0 0 0 0 0 0 0
113 113 0 0 0 0 0 0 0 0 0 0 0 193 142 1 1 0 0 0 0 0 0 0 0 0
116 116 0 0 0 0 0 0 0 0 0 0 0 196 145 1 1 0 0 0 0 0 0 0 0 0
122 121 0 0 0 0 0 0 0 0 0 0 0 199 149 1 1 1 0 0 0 0 0 0 0 0
126 125 0 0 0 0 0 0 0 0 0 0 0 202 154 1 1 1 0 0 0 0 0 0 0 0
131 128 0 0 0 0 0 0 0 0 0 0 0 205 157 1 1 1 0 0 0 0 0 0 0 0
135 132 0 0 0 0 0 0 0 0 0 0 0 208 162 1 1 1 0 0 0 0 0 0 0 0
139 135 0 0 0 0 0 0 0 0 0 0 0 211 165 1 1 1 0 0 0 0 0 0 0 0
143 139 0 0 0 0 0 0 0 0 0 0 0 219 170 1 1 1 0 0 0 0 0 0 0 0
147 142 0 0 0 0 0 0 0 0 0 0 0 222 173 1 1 1 0 0 0 0 0 0 0 0
151 145 0 0 0 0 0 0 0 0 0 0 0 225 176 1 1 1 0 0 0 0 0 0 0 0
154 150 0 0 0 0 0 0 0 0 0 0 0 228 179 1 1 1 0 0 0 0 0 0 0 0
160 155 0 0 0 0 0 0 0 0 0 0 0 231 184 1 2 1 0 0 0 0 0 0 0 0
