# scores for worst/random/best/smart move selector strategies. 
# scores are 50% and 95% quantiles (based on 40 games) of: 
# game score, #destroyed, #unlocked, #stripes, #bombs, #zappers
3 3 0 0 0 0 0 0 0 0 0 0 0 82 65 0 1 0 0 0 0 0 0 0 0 0
14 14 0 0 0 0 0 0 0 0 0 0 0 381 150 0 3 3 1 0 0 0 0 0 0 0
120 61 0 1 1 0 0 0 0 0 0 0 0 1062 394 0 7 9 3 0 0 0 1 0 0 0
332 151 0 3 3 0 0 0 0 0 0 0 0 2418 650 2 14 27 9 0 0 0 2 0 1 0
636 222 0 6 4 1 0 0 0 0 0 0 0 2634 722 3 23 33 11 0 1 0 3 1 1 1
872 323 0 7 8 1 0 0 0 0 0 0 0 3582 798 3 31 38 13 1 1 1 3 1 1 1
1401 422 0 12 10 3 0 0 0 0 0 0 0 4566 1002 3 35 52 15 1 1 1 3 1 1 1
1656 524 0 15 12 3 0 0 0 1 0 0 0 5338 1098 3 42 62 15 1 1 1 3 1 2 1
2059 656 0 21 18 4 0 0 0 1 0 0 0 5517 1220 3 52 63 16 1 1 1 4 1 2 1
2937 872 0 25 23 7 0 0 0 1 0 0 0 6695 1373 3 54 88 18 2 1 1 4 2 3 1
3210 901 0 32 34 8 0 0 0 2 1 1 0 7205 1557 3 72 89 22 2 1 1 5 2 3 1
3352 977 0 36 35 8 0 0 0 2 1 1 0 7778 1898 3 75 93 26 2 1 1 6 2 3 1
3803 1068 0 39 37 9 0 0 0 2 1 1 0 8734 2078 3 77 117 27 2 1 1 6 2 4 1
4882 1299 0 45 44 13 0 0 0 3 1 1 0 9074 2247 3 84 119 30 2 1 1 6 3 4 1
5132 1457 0 47 52 13 1 0 0 3 1 1 0 9931 2380 3 94 125 34 2 1 1 7 3 4 1
5963 1537 0 50 57 14 1 0 0 3 1 1 0 11073 2572 3 97 128 40 2 2 1 7 3 4 1
6330 1674 0 54 63 16 1 1 0 3 1 1 0 11466 2701 3 112 129 41 2 2 2 7 3 4 1
6576 1790 0 61 68 18 1 1 0 4 1 1 0 12134 2879 3 119 133 44 2 2 2 7 3 4 1
6966 1891 0 65 72 20 1 1 0 4 1 1 0 12878 2994 3 128 145 46 2 3 2 7 4 4 2
7550 2074 0 73 76 21 1 1 0 5 1 1 0 13322 3281 3 129 145 47 2 3 2 8 4 4 2
8021 2190 0 75 78 22 1 1 0 5 1 1 0 14314 3508 3 134 154 48 2 3 2 8 4 5 2
8858 2341 0 81 89 23 1 1 0 5 1 2 0 14604 3559 3 149 158 48 2 3 2 9 5 5 2
9276 2428 0 83 95 26 1 1 0 6 1 2 0 15688 3822 3 155 182 52 2 3 2 10 5 6 2
9816 2540 0 86 102 29 1 1 0 6 1 2 0 16873 3974 3 158 192 54 2 3 2 10 5 6 2
10369 2728 0 91 110 30 1 1 1 6 1 2 0 17152 4253 3 160 193 56 2 3 2 10 5 6 2
11350 2931 0 93 112 31 1 1 1 6 1 2 0 17328 4440 3 163 200 59 2 3 2 11 5 6 2
11685 3024 0 98 124 34 1 1 1 7 2 2 0 18592 4594 3 166 202 62 2 3 2 11 5 6 2
12614 3181 0 102 127 36 1 1 1 7 2 3 0 18871 4754 3 169 205 63 2 3 2 11 5 6 2
12903 3358 0 105 133 38 1 1 1 8 2 3 0 19600 4832 3 171 220 64 2 4 2 11 5 7 2
13172 3506 0 111 141 38 1 1 1 8 2 3 0 21290 4881 3 174 245 67 2 4 2 11 5 7 2
13748 3622 0 114 149 39 1 1 1 8 2 3 0 22036 4949 3 182 266 67 2 4 2 11 5 8 2
13961 3739 0 118 149 40 1 1 1 9 2 3 0 22113 5044 3 184 266 68 2 4 2 12 5 8 2
14314 3851 0 125 154 41 1 1 1 9 2 3 0 22638 5239 3 186 270 70 2 4 3 12 5 8 2
15112 3954 0 131 156 42 1 1 1 9 2 3 0 23428 5332 3 204 281 73 3 4 3 12 6 8 2
15414 4054 0 134 162 44 1 2 1 9 2 3 0 23893 5429 3 206 282 75 3 4 3 13 6 8 2
15606 4171 0 141 163 45 1 2 1 9 2 3 0 24798 5674 3 208 294 79 3 4 3 13 6 9 2
16296 4376 0 144 168 46 1 2 1 9 3 3 0 25073 5750 3 209 297 79 3 4 3 13 6 9 2
16548 4468 0 147 170 47 1 2 1 9 3 3 0 25433 5850 3 213 302 80 3 4 3 13 6 9 2
17599 4540 0 160 174 49 1 2 1 9 3 3 0 26112 6094 3 225 314 84 3 5 3 13 6 9 2
18101 4608 0 162 176 49 1 2 1 10 3 3 0 27204 6315 3 231 315 87 3 5 3 14 6 9 2
18589 4712 0 166 183 52 1 2 1 10 3 3 0 27827 6417 3 245 318 89 3 5 3 14 7 9 2
