# scores for worst/random/best/smart move selector strategies. 
# scores are 50% and 95% quantiles (based on 40 games) of: 
# game score, #destroyed, #unlocked, #stripes, #bombs, #zappers
3 3 0 0 0 0 0 0 0 0 0 0 0 82 65 0 1 0 0 0 0 0 0 0 0 0
14 14 0 0 0 0 0 0 0 0 0 0 0 167 87 0 2 1 0 0 0 0 0 0 0 0
46 39 0 0 0 0 0 0 0 0 0 0 0 418 168 0 4 3 0 0 0 0 0 0 0 0
65 57 0 0 0 0 0 0 0 0 0 0 0 424 171 0 4 3 0 0 0 0 0 0 0 0
107 76 0 1 0 0 0 0 0 0 0 0 0 536 216 1 4 4 0 0 0 0 0 0 0 0
129 92 0 1 0 0 0 0 0 0 0 0 0 929 345 1 6 7 2 0 0 0 0 0 0 0
147 106 0 1 0 0 0 0 0 0 0 0 0 1042 392 1 7 7 2 0 0 0 0 0 0 0
182 116 0 2 1 0 0 0 0 0 0 0 0 1056 398 1 8 7 2 0 0 0 0 0 0 0
200 126 0 2 1 0 0 0 0 0 0 0 0 1081 403 1 8 8 3 0 0 0 0 0 0 0
209 137 0 2 1 0 0 0 0 0 0 0 0 1084 406 1 8 8 3 0 0 0 0 0 0 0
219 147 0 2 1 0 0 0 0 0 0 0 0 1206 470 1 11 9 3 0 0 0 0 0 0 0
236 157 0 2 1 0 0 0 0 0 0 0 0 1213 481 1 11 9 3 0 0 0 0 0 0 0
312 172 0 2 2 0 0 0 0 0 0 0 0 1225 489 1 11 9 3 0 0 0 0 0 0 0
352 181 0 2 2 0 0 0 0 0 0 0 0 1342 554 1 13 10 3 0 0 0 0 0 0 0
380 221 0 3 2 0 0 0 0 0 0 0 0 1439 577 1 13 12 3 0 0 0 0 0 0 0
444 256 0 4 3 0 0 0 0 0 0 0 0 1594 592 1 13 15 3 0 0 0 0 0 0 0
510 271 0 4 3 0 0 0 0 0 0 0 0 1708 634 1 14 15 4 0 0 0 0 0 0 0
607 292 0 5 5 0 0 0 0 0 0 0 0 1721 647 1 14 15 4 0 0 0 0 0 0 0
644 299 0 6 5 0 0 0 0 0 0 0 0 1851 693 1 16 16 4 0 0 0 0 0 0 0
717 356 0 6 5 0 0 0 0 0 0 0 0 2599 890 1 20 20 7 0 0 0 0 0 0 0
846 407 0 7 6 1 0 0 0 0 0 0 0 2602 893 1 20 20 8 0 0 0 0 0 0 0
893 415 0 8 6 1 0 0 0 0 0 0 0 3278 1151 1 25 24 11 0 0 0 0 0 0 0
1184 521 0 10 9 1 0 0 0 0 0 0 0 3283 1155 1 25 24 11 0 0 0 0 0 0 0
1188 524 0 10 9 1 0 0 0 0 0 0 0 3571 1220 1 25 28 11 0 0 0 0 0 0 0
1200 527 0 10 10 1 0 0 0 0 0 0 0 3574 1223 1 25 28 11 0 0 0 0 0 0 0
1222 530 0 10 10 1 0 0 0 0 0 0 0 3606 1230 1 25 28 11 0 0 0 0 0 0 0
1227 551 0 10 10 1 0 0 0 0 0 0 0 3609 1233 1 25 28 11 0 0 0 0 0 0 0
1426 581 0 11 11 2 0 0 0 0 0 0 0 3777 1326 1 26 31 11 0 0 0 0 0 0 0
1468 596 0 11 11 2 0 0 0 0 0 0 0 3787 1344 1 26 31 11 0 0 0 0 0 0 0
1682 706 0 11 12 2 0 0 0 0 0 0 0 3828 1366 1 27 32 11 0 0 0 0 0 0 0
1688 712 0 11 12 2 0 0 0 0 0 0 0 3962 1399 1 27 34 11 0 0 0 0 0 0 0
1707 717 0 11 12 2 0 0 0 0 0 0 0 4209 1502 1 27 34 13 0 0 0 0 0 0 0
1730 726 0 11 12 2 0 0 0 0 0 0 0 4215 1507 1 30 34 15 0 0 0 0 0 0 0
1776 754 0 11 13 2 0 0 0 0 0 0 0 4636 1625 1 33 37 17 0 0 0 0 0 0 0
1783 769 0 12 13 2 0 0 0 0 0 0 0 4643 1632 1 33 37 17 0 0 0 0 0 0 0
1939 814 0 13 15 3 0 0 0 0 0 0 0 4652 1641 1 33 39 18 0 0 0 0 0 0 0
2197 895 0 15 16 4 0 0 0 0 0 0 0 5043 1750 1 36 41 18 0 0 0 0 0 0 0
2216 909 0 16 16 4 0 0 0 0 0 0 0 5152 1789 1 36 41 18 0 0 0 0 0 0 0
2314 920 0 17 18 4 0 0 0 0 0 0 0 5162 1802 1 39 43 18 0 0 0 0 0 0 0
2420 949 0 17 18 5 0 0 0 0 0 0 0 5277 1827 1 39 43 18 0 0 0 0 0 0 0
2457 970 0 17 18 5 0 0 0 0 0 0 0 5294 1830 1 40 43 18 0 0 0 0 0 0 0
