# scores for worst/random/best/smart move selector strategies. 
# scores are 50% and 95% quantiles (based on 40 games) of: 
# game score, #destroyed, #unlocked, #stripes, #bombs, #zappers
0 0 0 0 0 0 0 0 0 0 0 0 0 5 5 0 0 0 0 0 0 0 0 0 0 0
3 3 0 0 0 0 0 0 0 0 0 0 0 12 12 0 0 0 0 0 0 0 0 0 0 0
7 7 0 0 0 0 0 0 0 0 0 0 0 30 18 0 0 0 0 0 0 0 0 0 0 0
10 10 0 0 0 0 0 0 0 0 0 0 0 34 23 0 0 0 0 0 0 0 0 0 0 0
15 15 0 0 0 0 0 0 0 0 0 0 0 44 27 0 1 0 0 0 0 0 0 0 0 0
18 18 0 0 0 0 0 0 0 0 0 0 0 49 30 0 1 0 0 0 0 0 0 0 0 0
23 22 0 0 0 0 0 0 0 0 0 0 0 52 33 0 1 0 0 0 0 0 0 0 0 0
27 27 0 0 0 0 0 0 0 0 0 0 0 56 36 0 1 0 0 0 0 0 0 0 0 0
30 30 0 0 0 0 0 0 0 0 0 0 0 59 40 0 1 0 0 0 0 0 0 0 0 0
33 33 0 0 0 0 0 0 0 0 0 0 0 62 43 0 1 0 0 0 0 0 0 0 0 0
37 36 0 0 0 0 0 0 0 0 0 0 0 65 48 0 1 0 0 0 0 0 0 0 0 0
41 40 0 0 0 0 0 0 0 0 0 0 0 71 53 0 1 0 0 0 0 0 0 0 0 0
47 45 0 0 0 0 0 0 0 0 0 0 0 85 60 0 1 0 0 0 0 0 0 0 0 0
51 51 0 0 0 0 0 0 0 0 0 0 0 91 64 0 1 0 0 0 0 0 0 0 0 0
54 54 0 0 0 0 0 0 0 0 0 0 0 114 69 0 2 1 0 0 0 0 0 0 0 0
61 57 0 0 0 0 0 0 0 0 0 0 0 128 77 1 2 1 0 0 0 0 0 0 0 0
67 60 0 0 0 0 0 0 0 0 0 0 0 132 80 1 2 1 0 0 0 0 0 0 0 0
79 63 0 0 0 0 0 0 0 0 0 0 0 135 92 1 2 1 0 0 0 0 0 0 0 0
83 67 0 1 0 0 0 0 0 0 0 0 0 143 99 1 2 1 0 0 0 0 0 0 0 0
88 71 0 1 0 0 0 0 0 0 0 0 0 160 102 1 2 1 0 0 0 0 0 0 0 0
92 75 0 1 0 0 0 0 0 0 0 0 0 163 105 1 2 1 0 0 0 0 0 0 0 0
96 78 0 1 0 0 0 0 0 0 0 0 0 166 108 1 2 1 0 0 0 0 0 0 0 0
100 81 0 1 0 0 0 0 0 0 0 0 0 172 114 1 2 1 0 0 0 0 0 0 0 0
104 85 0 1 0 0 0 0 0 0 0 0 0 176 119 1 2 1 0 0 0 0 0 0 0 0
110 90 0 1 0 0 0 0 0 0 0 0 0 179 122 1 3 1 0 0 0 0 0 0 0 0
116 95 0 1 0 0 0 0 0 0 0 0 0 182 126 1 3 1 0 1 0 0 0 0 0 0
120 100 0 1 0 0 0 0 0 0 0 0 0 185 129 1 3 1 0 1 0 0 0 0 0 0
123 103 0 1 0 0 0 0 0 0 0 0 0 188 132 1 3 1 0 1 0 0 0 0 0 0
127 106 0 1 0 0 0 0 0 0 0 0 0 196 138 1 3 1 0 1 0 0 0 0 0 0
130 110 0 1 0 0 0 0 0 0 0 0 0 199 141 1 3 1 0 1 0 0 0 0 0 0
134 113 0 1 0 0 0 0 0 0 0 0 0 202 148 1 3 1 0 1 0 0 0 0 0 0
139 117 0 1 0 0 0 0 0 0 0 0 0 206 152 1 3 1 0 1 0 0 0 0 0 0
146 121 0 1 0 0 0 0 0 0 0 0 0 210 155 1 3 1 0 1 0 0 0 0 0 0
149 125 0 1 0 0 0 0 0 0 0 0 0 229 158 1 3 1 0 1 0 0 0 0 0 0
166 129 0 1 0 0 0 0 0 0 0 0 0 243 161 1 3 1 0 1 0 0 0 0 0 0
171 133 0 1 0 0 0 0 0 0 0 0 0 247 164 1 4 1 0 1 0 0 0 0 0 0
180 136 0 1 0 0 0 0 0 0 0 0 0 250 168 1 4 1 0 1 0 0 0 0 0 0
184 140 0 1 0 0 0 0 0 0 0 0 0 253 172 1 4 1 0 1 0 0 0 0 0 0
195 143 0 1 0 0 0 0 0 0 0 0 0 256 175 1 4 1 0 1 0 0 0 0 0 0
199 147 0 2 0 0 0 0 0 0 0 0 0 259 178 1 4 1 0 1 0 0 0 0 0 0
202 154 0 2 0 0 0 0 0 0 0 0 0 262 183 1 4 1 0 1 0 0 0 0 0 0
