# scores for worst/random/best/smart move selector strategies. 
# scores are 50% and 95% quantiles (based on 40 games) of: 
# game score, #destroyed, #unlocked, #stripes, #bombs, #zappers
0 0 0 0 0 0 0 0 0 0 0 0 0 5 5 0 0 0 0 0 0 0 0 0 0 0
3 3 0 0 0 0 0 0 0 0 0 0 0 9 9 0 0 0 0 0 0 0 0 0 0 0
6 6 0 0 0 0 0 0 0 0 0 0 0 17 17 0 0 0 0 0 0 0 0 0 0 0
11 11 0 0 0 0 0 0 0 0 0 0 0 21 21 0 0 0 0 0 0 0 0 0 0 0
14 14 0 0 0 0 0 0 0 0 0 0 0 27 27 0 0 0 0 0 0 0 0 0 0 0
18 18 0 0 0 0 0 0 0 0 0 0 0 43 31 0 0 0 0 0 0 0 0 0 0 0
21 21 0 0 0 0 0 0 0 0 0 0 0 58 37 0 1 0 0 0 0 0 0 0 0 0
26 26 0 0 0 0 0 0 0 0 0 0 0 61 41 0 1 0 0 0 0 0 0 0 0 0
30 30 0 0 0 0 0 0 0 0 0 0 0 64 44 0 1 0 0 0 0 0 0 0 0 0
33 33 0 0 0 0 0 0 0 0 0 0 0 89 49 0 1 0 0 0 0 0 0 0 0 0
36 36 0 0 0 0 0 0 0 0 0 0 0 92 52 0 1 0 0 0 0 0 0 0 0 0
39 39 0 0 0 0 0 0 0 0 0 0 0 95 56 0 1 0 0 0 0 0 0 0 0 0
43 43 0 0 0 0 0 0 0 0 0 0 0 98 59 0 1 0 0 0 0 0 0 0 0 0
48 47 0 0 0 0 0 0 0 0 0 0 0 114 62 0 1 0 0 0 0 0 0 0 0 0
51 50 0 0 0 0 0 0 0 0 0 0 0 119 67 0 1 0 0 0 0 0 0 0 0 0
54 54 0 0 0 0 0 0 0 0 0 0 0 122 70 0 1 0 0 0 0 0 0 0 0 0
57 57 0 0 0 0 0 0 0 0 0 0 0 126 74 0 1 0 0 0 0 0 0 0 0 0
60 60 0 0 0 0 0 0 0 0 0 0 0 129 77 0 1 0 0 0 0 0 0 0 0 0
63 63 0 0 0 0 0 0 0 0 0 0 0 133 81 0 1 0 0 0 0 0 0 0 0 0
69 68 0 0 0 0 0 0 0 0 0 0 0 136 84 0 1 0 0 0 0 0 0 0 0 0
72 72 0 0 0 0 0 0 0 0 0 0 0 139 87 0 1 0 0 0 0 0 0 0 0 0
75 75 0 0 0 0 0 0 0 0 0 0 0 142 91 0 1 0 0 0 0 0 0 0 0 0
78 78 0 0 0 0 0 0 0 0 0 0 0 145 94 0 1 0 0 0 0 0 0 0 0 0
81 81 0 0 0 0 0 0 0 0 0 0 0 151 99 0 1 0 0 0 0 0 0 0 0 0
85 84 0 0 0 0 0 0 0 0 0 0 0 154 108 0 1 0 0 0 0 0 0 0 0 0
90 88 0 0 0 0 0 0 0 0 0 0 0 176 117 0 1 1 0 0 0 0 0 0 0 0
93 91 0 0 0 0 0 0 0 0 0 0 0 179 120 0 2 1 0 0 0 0 0 0 0 0
99 95 0 0 0 0 0 0 0 0 0 0 0 210 126 0 2 1 0 0 0 0 0 0 0 0
103 99 0 0 0 0 0 0 0 0 0 0 0 214 131 0 3 1 0 0 0 0 0 0 0 0
107 102 0 0 0 0 0 0 0 0 0 0 0 228 138 0 3 1 0 0 0 0 0 0 0 0
110 106 0 0 0 0 0 0 0 0 0 0 0 231 141 0 3 1 0 0 0 0 0 0 0 0
123 111 0 0 0 0 0 0 0 0 0 0 0 235 147 0 3 1 0 0 0 0 0 0 0 0
126 114 0 0 0 0 0 0 0 0 0 0 0 258 152 0 3 1 1 0 0 0 1 0 0 0
132 117 0 0 0 0 0 0 0 0 0 0 0 261 155 0 3 1 1 0 0 0 1 0 0 0
137 122 0 0 0 0 0 0 0 0 0 0 0 264 158 0 3 1 1 0 0 0 1 0 0 0
143 126 0 0 0 0 0 0 0 0 0 0 0 267 161 0 3 1 1 0 0 0 1 0 0 0
148 129 0 0 0 0 0 0 0 0 0 0 0 270 164 0 3 1 1 0 0 0 1 0 0 0
151 132 0 0 0 0 0 0 0 0 0 0 0 273 167 0 3 1 1 0 0 0 1 0 0 0
154 136 0 0 0 0 0 0 0 0 0 0 0 276 170 0 3 1 1 0 0 0 1 0 0 0
164 140 0 0 0 0 0 0 0 0 0 0 0 282 176 0 3 1 1 0 0 0 1 0 0 0
167 144 0 0 0 0 0 0 0 0 0 0 0 286 179 0 3 1 1 0 0 0 1 0 0 0
