# scores for worst/random/best/smart move selector strategies. 
# scores are 50% and 95% quantiles (based on 40 games) of: 
# game score, #destroyed, #unlocked, #stripes, #bombs, #zappers
0 0 0 0 0 0 0 0 0 0 0 0 0 5 5 0 0 0 0 0 0 0 0 0 0 0
3 3 0 0 0 0 0 0 0 0 0 0 0 11 11 0 0 0 0 0 0 0 0 0 0 0
6 6 0 0 0 0 0 0 0 0 0 0 0 29 17 0 0 0 0 0 0 0 0 0 0 0
10 10 0 0 0 0 0 0 0 0 0 0 0 32 20 0 0 0 0 0 0 0 0 0 0 0
15 15 0 0 0 0 0 0 0 0 0 0 0 43 23 0 1 0 0 0 0 0 0 0 0 0
18 18 0 0 0 0 0 0 0 0 0 0 0 48 28 0 1 0 0 0 0 0 0 0 0 0
27 25 0 0 0 0 0 0 0 0 0 0 0 53 34 0 1 0 0 0 0 0 0 0 0 0
30 28 0 0 0 0 0 0 0 0 0 0 0 57 40 0 1 0 0 0 0 0 0 0 0 0
33 31 0 0 0 0 0 0 0 0 0 0 0 78 43 0 1 0 0 0 0 0 0 0 0 0
36 34 0 0 0 0 0 0 0 0 0 0 0 86 49 0 2 0 0 0 0 0 0 0 0 0
39 37 0 0 0 0 0 0 0 0 0 0 0 114 54 1 2 0 0 0 0 0 0 0 0 0
45 41 0 0 0 0 0 0 0 0 0 0 0 127 60 1 2 0 0 1 0 0 0 0 0 0
50 45 0 0 0 0 0 0 0 0 0 0 0 130 64 1 2 0 0 1 0 0 0 0 0 0
57 51 0 0 0 0 0 0 0 0 0 0 0 133 69 1 2 0 0 1 0 0 0 0 0 0
64 55 0 0 0 0 0 0 0 0 0 0 0 137 72 1 2 0 0 1 0 0 0 0 0 0
71 58 0 0 0 0 0 0 0 0 0 0 0 140 76 1 2 0 0 1 0 0 0 0 0 0
74 61 0 0 0 0 0 0 0 0 0 0 0 148 84 1 3 0 0 1 0 0 0 0 0 0
81 65 0 1 0 0 0 0 0 0 0 0 0 154 91 1 3 1 0 1 0 0 0 0 0 0
88 69 0 1 0 0 0 0 0 0 0 0 0 168 94 1 3 1 0 1 0 0 0 0 0 0
92 73 0 1 0 0 0 0 0 0 0 0 0 172 98 1 3 1 0 1 0 0 0 0 0 0
98 77 0 1 0 0 0 0 0 0 0 0 0 177 101 1 3 1 0 1 0 0 0 0 0 0
101 81 0 1 0 0 0 0 0 0 0 0 0 186 104 1 3 1 0 1 0 0 0 0 0 0
109 85 0 1 0 0 0 0 0 0 0 0 0 189 107 1 3 1 0 1 0 0 0 0 0 0
120 89 0 1 0 0 0 0 0 0 0 0 0 211 118 1 3 1 0 1 0 0 0 0 0 0
123 93 0 1 0 0 0 0 0 0 0 0 0 214 121 1 3 1 0 1 0 0 0 0 0 0
134 97 0 1 0 0 0 0 0 0 0 0 0 217 124 1 4 1 0 1 0 0 0 0 0 0
137 100 0 1 0 0 0 0 0 0 0 0 0 232 132 1 4 1 0 1 0 0 0 0 0 0
141 105 0 1 0 0 0 0 0 0 0 0 0 277 137 1 5 1 1 1 0 0 0 0 0 0
148 108 0 1 0 0 0 0 0 0 0 0 0 281 143 1 5 1 1 1 0 0 0 0 0 0
151 111 0 1 0 0 0 0 0 0 0 0 0 284 149 1 5 1 1 1 0 0 0 0 0 0
161 117 0 1 0 0 0 0 0 0 0 0 0 289 154 1 5 1 1 1 0 0 0 0 0 0
169 122 0 2 0 0 0 0 0 0 0 0 0 293 160 1 5 1 1 1 0 0 0 0 0 0
174 126 0 2 0 0 0 0 0 0 0 0 0 311 163 1 5 1 1 1 0 0 0 0 0 0
178 130 0 2 0 0 0 0 0 0 0 0 0 314 166 1 5 1 1 1 0 0 0 0 0 0
181 134 0 2 0 0 0 0 0 0 0 0 0 317 169 1 5 1 1 1 0 0 1 0 0 0
198 138 0 2 0 0 0 0 0 0 0 0 0 320 173 1 5 1 1 1 0 0 1 0 0 0
201 141 0 2 0 0 0 0 0 0 0 0 0 323 176 1 5 1 1 1 0 0 1 0 0 0
205 145 0 2 0 0 0 0 0 0 0 0 0 326 179 1 5 1 1 1 0 0 1 0 0 0
208 148 0 2 0 0 0 0 0 0 0 0 0 329 182 1 5 1 1 1 0 0 1 0 0 0
215 154 0 2 0 0 0 0 0 0 0 0 0 332 185 1 5 1 1 1 0 0 1 0 0 0
218 157 0 2 0 0 0 0 0 0 0 0 0 335 188 1 5 1 1 1 0 0 1 0 0 0
