# scores for worst/random/best/smart move selector strategies. 
# scores are 50% and 95% quantiles (based on 40 games) of: 
# game score, #destroyed, #unlocked, #stripes, #bombs, #zappers
0 0 0 0 0 0 0 0 0 0 0 0 0 5 5 0 0 0 0 0 0 0 0 0 0 0
3 3 0 0 0 0 0 0 0 0 0 0 0 9 9 0 0 0 0 0 0 0 0 0 0 0
6 6 0 0 0 0 0 0 0 0 0 0 0 12 12 0 0 0 0 0 0 0 0 0 0 0
9 9 0 0 0 0 0 0 0 0 0 0 0 15 15 0 0 0 0 0 0 0 0 0 0 0
12 12 0 0 0 0 0 0 0 0 0 0 0 18 18 0 0 0 0 0 0 0 0 0 0 0
15 15 0 0 0 0 0 0 0 0 0 0 0 27 24 0 0 0 0 0 0 0 0 0 0 0
21 21 0 0 0 0 0 0 0 0 0 0 0 30 27 0 0 0 0 0 0 0 0 0 0 0
24 24 0 0 0 0 0 0 0 0 0 0 0 41 34 0 0 0 0 0 0 0 0 0 0 0
27 27 0 0 0 0 0 0 0 0 0 0 0 45 39 0 0 0 0 0 0 0 0 0 0 0
30 30 0 0 0 0 0 0 0 0 0 0 0 48 42 0 0 0 0 0 0 0 0 0 0 0
33 33 0 0 0 0 0 0 0 0 0 0 0 84 52 0 1 0 0 0 0 0 0 0 0 0
39 38 0 0 0 0 0 0 0 0 0 0 0 87 55 0 1 0 0 0 0 0 0 0 0 0
42 41 0 0 0 0 0 0 0 0 0 0 0 90 58 0 1 0 0 0 0 0 0 0 0 0
45 44 0 0 0 0 0 0 0 0 0 0 0 93 61 0 1 0 0 0 0 0 0 0 0 0
48 48 0 0 0 0 0 0 0 0 0 0 0 96 65 0 1 0 0 0 0 0 0 0 0 0
51 51 0 0 0 0 0 0 0 0 0 0 0 101 68 0 1 0 0 0 0 0 0 0 0 0
54 54 0 0 0 0 0 0 0 0 0 0 0 104 73 0 1 0 0 0 0 0 0 0 0 0
57 57 0 0 0 0 0 0 0 0 0 0 0 108 81 0 1 0 0 0 0 0 0 0 0 0
60 60 0 0 0 0 0 0 0 0 0 0 0 122 86 0 1 0 0 0 0 0 0 0 0 0
63 63 0 0 0 0 0 0 0 0 0 0 0 125 89 0 1 0 0 0 0 0 0 0 0 0
66 66 0 0 0 0 0 0 0 0 0 0 0 128 92 0 1 0 0 0 0 0 0 0 0 0
72 72 0 0 0 0 0 0 0 0 0 0 0 131 95 0 1 0 0 0 0 0 0 0 0 0
75 75 0 0 0 0 0 0 0 0 0 0 0 134 98 0 1 0 0 0 0 0 0 0 0 0
79 78 0 0 0 0 0 0 0 0 0 0 0 141 107 0 1 0 0 0 0 0 0 0 0 0
82 81 0 0 0 0 0 0 0 0 0 0 0 173 110 0 1 0 0 0 0 0 0 0 0 0
87 86 0 0 0 0 0 0 0 0 0 0 0 176 113 0 1 0 0 0 0 0 0 0 0 0
90 90 0 0 0 0 0 0 0 0 0 0 0 179 116 0 1 0 0 0 0 0 0 0 0 0
93 93 0 0 0 0 0 0 0 0 0 0 0 184 120 0 1 0 0 0 0 0 0 0 0 0
96 96 0 0 0 0 0 0 0 0 0 0 0 187 123 0 1 0 0 0 0 0 0 0 0 0
100 99 0 0 0 0 0 0 0 0 0 0 0 190 128 0 1 0 0 0 0 0 0 0 0 0
104 103 0 0 0 0 0 0 0 0 0 0 0 193 132 0 1 0 0 0 0 0 0 0 0 0
108 107 0 0 0 0 0 0 0 0 0 0 0 197 135 0 1 0 0 0 0 0 0 0 0 0
112 111 0 0 0 0 0 0 0 0 0 0 0 220 138 0 1 0 0 0 0 0 0 0 0 0
115 114 0 0 0 0 0 0 0 0 0 0 0 223 141 0 1 0 0 0 0 0 0 0 0 0
118 117 0 0 0 0 0 0 0 0 0 0 0 226 144 0 1 0 0 0 0 0 0 0 0 0
121 120 0 0 0 0 0 0 0 0 0 0 0 229 147 0 1 0 0 0 0 0 0 0 0 0
126 124 0 0 0 0 0 0 0 0 0 0 0 236 153 0 1 1 0 0 0 0 0 0 0 0
130 129 0 0 0 0 0 0 0 0 0 0 0 241 156 0 1 1 0 0 0 0 0 0 0 0
133 132 0 0 0 0 0 0 0 0 0 0 0 244 159 0 1 1 0 0 0 0 0 0 0 0
138 135 0 0 0 0 0 0 0 0 0 0 0 247 162 0 1 1 0 0 0 0 0 0 0 0
142 138 0 0 0 0 0 0 0 0 0 0 0 250 165 0 1 1 0 0 0 0 0 0 0 0
