# scores for worst/random/best/smart move selector strategies. 
# scores are 50% and 95% quantiles (based on 40 games) of: 
# game score, #destroyed, #unlocked, #stripes, #bombs, #zappers
3 3 0 0 0 0 0 0 0 0 0 0 0 12 12 0 0 0 0 0 0 0 0 0 0 0
9 9 0 0 0 0 0 0 0 0 0 0 0 20 20 0 0 0 0 0 0 0 0 0 0 0
12 12 0 0 0 0 0 0 0 0 0 0 0 42 30 0 0 0 0 0 0 0 0 0 0 0
18 18 0 0 0 0 0 0 0 0 0 0 0 74 40 0 0 0 0 0 0 0 0 0 0 0
21 21 0 0 0 0 0 0 0 0 0 0 0 82 46 0 0 0 0 0 0 0 0 0 0 0
25 24 0 0 0 0 0 0 0 0 0 0 0 85 52 0 0 0 0 0 0 0 0 0 0 0
32 32 0 0 0 0 0 0 0 0 0 0 0 93 59 0 0 1 0 0 0 0 0 0 0 0
36 36 0 0 0 0 0 0 0 0 0 0 0 98 62 0 0 1 0 0 0 0 0 0 0 0
40 39 0 0 0 0 0 0 0 0 0 0 0 107 74 0 1 1 0 0 0 0 0 0 0 0
47 44 0 0 0 0 0 0 0 0 0 0 0 110 77 0 1 1 0 0 0 0 0 0 0 0
51 47 0 0 0 0 0 0 0 0 0 0 0 113 80 0 1 1 0 0 0 0 0 0 0 0
56 51 0 0 0 0 0 0 0 0 0 0 0 117 84 0 1 1 0 0 0 0 0 0 0 0
63 54 0 0 0 0 0 0 0 0 0 0 0 124 92 0 1 1 0 0 0 0 0 0 0 0
66 59 0 0 0 0 0 0 0 0 0 0 0 128 96 0 1 1 0 0 0 0 0 0 0 0
70 64 0 0 0 0 0 0 0 0 0 0 0 155 99 0 1 1 1 0 0 0 1 0 0 0
79 70 0 0 0 0 0 0 0 0 0 0 0 158 102 0 1 1 1 0 0 0 1 0 0 0
88 76 0 0 0 0 0 0 0 0 0 0 0 164 106 0 1 1 1 0 0 0 1 0 0 0
93 80 0 0 0 0 0 0 0 0 0 0 0 170 116 0 1 1 1 0 0 0 1 0 0 0
96 85 0 0 0 0 0 0 0 0 0 0 0 178 125 0 2 1 1 0 0 0 1 0 0 0
107 90 0 0 0 0 0 0 0 0 0 0 0 182 128 0 2 1 1 0 0 0 1 0 0 0
111 95 0 0 0 0 0 0 0 0 0 0 0 217 139 0 3 1 1 0 0 0 1 0 0 0
116 99 0 0 0 0 0 0 0 0 0 0 0 246 150 0 3 1 1 0 0 0 1 0 0 0
126 106 0 0 0 0 0 0 0 0 0 0 0 288 165 0 3 1 1 0 0 0 1 0 0 0
133 109 0 0 0 0 0 0 0 0 0 0 0 307 168 0 3 1 1 0 0 0 1 0 0 0
142 115 0 0 0 0 0 0 0 0 0 0 0 311 171 0 3 1 1 0 0 0 1 0 0 0
146 122 0 1 0 0 0 0 0 0 0 0 0 314 174 0 3 1 1 0 0 0 1 0 0 0
156 126 0 1 0 0 0 0 0 0 0 0 0 317 177 0 3 1 1 0 0 0 1 0 0 0
169 129 0 1 0 0 0 0 0 0 0 0 0 321 180 0 4 1 1 0 0 0 1 0 0 0
184 137 0 1 0 0 0 0 0 0 0 0 0 325 188 0 4 1 1 0 0 0 1 0 0 0
191 143 0 1 0 0 0 0 0 0 0 0 0 328 191 0 4 1 1 1 0 0 1 0 0 0
199 147 0 1 0 0 0 0 0 0 0 0 0 333 197 0 4 1 1 1 0 0 1 0 0 0
205 152 0 1 0 0 0 0 0 0 0 0 0 336 200 0 4 1 1 1 0 0 1 0 0 0
208 156 0 1 0 0 0 0 0 0 0 0 0 363 214 0 5 1 1 1 0 0 1 0 0 0
211 162 0 1 0 0 0 0 0 0 0 0 0 366 217 0 5 1 1 1 0 0 1 0 0 0
219 167 0 2 0 0 0 0 0 0 0 0 0 389 226 0 5 1 1 1 0 0 1 0 0 0
226 172 0 2 0 0 0 0 0 0 0 0 0 392 230 0 5 1 1 1 0 0 1 0 0 0
247 176 0 2 0 0 0 0 0 0 0 0 0 428 236 0 5 1 1 1 0 0 1 0 0 0
254 182 0 2 0 0 0 0 0 0 0 0 0 432 241 0 5 1 1 1 0 0 1 0 0 0
261 186 0 2 0 0 0 0 0 0 0 0 0 437 247 0 5 1 1 1 0 0 1 0 0 0
272 194 0 2 0 0 0 0 0 0 0 0 0 445 250 0 5 1 1 1 0 0 1 0 0 0
279 198 0 2 0 0 0 0 0 0 0 0 0 450 256 0 5 1 1 1 0 0 1 0 0 0
