# scores for worst/random/best/smart move selector strategies. 
# scores are 50% and 95% quantiles (based on 40 games) of: 
# game score, #destroyed, #unlocked, #stripes, #bombs, #zappers
0 0 0 0 0 0 0 0 0 0 0 0 0 6 6 0 0 0 0 0 0 0 0 0 0 0
4 4 0 0 0 0 0 0 0 0 0 0 0 9 9 0 0 0 0 0 0 0 0 0 0 0
9 9 0 0 0 0 0 0 0 0 0 0 0 17 17 0 0 0 0 0 0 0 0 0 0 0
12 12 0 0 0 0 0 0 0 0 0 0 0 35 23 0 0 0 0 0 0 0 0 0 0 0
18 18 0 0 0 0 0 0 0 0 0 0 0 39 27 0 0 0 0 0 0 0 0 0 0 0
22 22 0 0 0 0 0 0 0 0 0 0 0 42 35 0 0 0 0 0 0 0 0 0 0 0
26 25 0 0 0 0 0 0 0 0 0 0 0 65 46 0 1 0 0 0 0 0 0 0 0 0
31 31 0 0 0 0 0 0 0 0 0 0 0 89 54 0 1 0 0 0 0 0 0 0 0 0
36 36 0 0 0 0 0 0 0 0 0 0 0 94 58 1 1 0 0 0 0 0 0 0 0 0
42 40 0 0 0 0 0 0 0 0 0 0 0 98 62 1 1 0 0 0 0 0 0 0 0 0
48 45 0 0 0 0 0 0 0 0 0 0 0 104 69 2 1 0 0 0 0 0 0 0 0 0
52 48 0 0 0 0 0 0 0 0 0 0 0 127 72 2 2 0 0 0 0 0 0 0 0 0
57 54 0 0 0 0 0 0 0 0 0 0 0 146 82 2 2 0 1 0 0 0 1 0 0 0
62 60 0 0 0 0 0 0 0 0 0 0 0 150 86 2 2 0 1 0 0 0 1 0 0 0
78 65 0 0 0 0 0 0 0 0 0 0 0 187 99 3 2 1 1 1 0 0 1 0 0 0
85 70 0 0 0 0 0 0 0 0 0 0 0 198 103 4 2 1 1 1 0 0 1 0 0 0
104 75 0 1 0 0 0 0 0 0 0 0 0 214 111 5 3 1 1 1 0 0 1 0 0 0
107 80 0 1 0 0 0 0 0 0 0 0 0 218 115 5 3 1 1 1 0 0 1 0 0 0
114 83 0 1 0 0 0 0 0 0 0 0 0 222 122 5 3 1 1 1 0 0 1 0 0 0
118 88 0 1 0 0 0 0 0 0 0 0 0 239 128 5 3 1 1 1 0 0 1 0 0 0
130 93 0 1 0 0 0 0 0 0 0 0 0 244 134 5 3 1 1 1 0 0 1 0 0 0
134 99 0 1 0 0 0 0 0 0 0 0 0 249 137 5 4 1 1 1 0 0 1 0 0 0
139 105 0 1 0 0 0 0 0 0 0 0 0 264 141 7 4 1 1 1 0 0 1 0 0 0
149 109 0 1 0 0 0 0 0 0 0 0 0 292 151 7 4 1 1 1 0 0 1 0 0 0
152 112 0 1 0 0 0 0 0 0 0 0 0 302 157 7 4 1 1 1 0 0 1 0 0 0
157 119 0 1 0 0 0 0 0 0 0 0 0 350 164 7 4 1 1 1 0 0 1 0 0 0
166 125 0 1 0 0 0 0 0 0 0 0 0 353 167 7 4 1 1 1 0 0 1 0 0 0
169 129 0 2 0 0 0 0 0 0 0 0 0 359 174 7 4 1 1 1 0 0 1 0 0 0
172 132 1 2 0 0 0 0 0 0 0 0 0 379 180 7 5 1 1 1 0 0 1 0 0 0
180 136 1 2 0 0 0 0 0 0 0 0 0 392 191 10 5 1 1 1 0 0 1 0 0 0
195 141 1 2 0 0 0 0 0 0 0 0 0 395 194 10 5 1 1 1 0 0 1 0 0 0
205 151 2 2 0 0 0 0 0 0 0 0 0 398 197 10 6 1 1 1 0 0 1 0 0 0
232 159 2 2 0 0 0 0 0 0 0 0 0 402 201 10 6 1 1 1 0 0 1 0 0 0
235 162 2 2 0 0 0 0 0 0 0 0 0 405 213 10 6 1 1 1 0 0 1 0 0 0
254 167 2 2 0 0 0 0 0 0 0 0 0 425 216 10 6 1 1 1 0 0 1 0 0 0
259 170 2 2 0 0 0 0 0 0 0 0 0 469 224 10 7 1 1 1 0 0 1 0 0 0
262 175 2 3 0 0 0 0 0 0 0 0 0 483 232 10 7 1 1 2 0 0 1 0 0 0
284 183 2 3 0 0 0 0 0 0 0 0 0 508 244 11 8 1 1 2 1 0 1 0 0 0
312 191 2 3 0 0 0 0 0 0 0 0 0 514 248 11 8 2 1 2 1 0 1 0 0 0
317 195 3 4 0 0 0 0 0 0 0 0 0 519 253 11 8 2 1 2 1 0 1 0 0 0
325 199 3 4 0 0 0 0 0 0 0 0 0 525 262 11 8 2 1 2 1 0 1 0 0 0
