# scores for worst/random/best/smart move selector strategies. 
# scores are 50% and 95% quantiles (based on 40 games) of: 
# game score, #destroyed, #unlocked, #stripes, #bombs, #zappers
0 0 0 0 0 0 0 0 0 0 0 0 0 6 6 0 0 0 0 0 0 0 0 0 0 0
4 4 0 0 0 0 0 0 0 0 0 0 0 10 10 0 0 0 0 0 0 0 0 0 0 0
9 9 0 0 0 0 0 0 0 0 0 0 0 15 15 0 0 0 0 0 0 0 0 0 0 0
12 12 0 0 0 0 0 0 0 0 0 0 0 22 22 0 0 0 0 0 0 0 0 0 0 0
15 15 0 0 0 0 0 0 0 0 0 0 0 30 26 0 0 0 0 0 0 0 0 0 0 0
21 21 0 0 0 0 0 0 0 0 0 0 0 40 34 0 0 0 0 0 0 0 0 0 0 0
24 24 0 0 0 0 0 0 0 0 0 0 0 67 42 0 0 0 0 0 0 0 0 0 0 0
29 29 0 0 0 0 0 0 0 0 0 0 0 75 46 0 1 0 0 0 0 0 0 0 0 0
33 33 0 0 0 0 0 0 0 0 0 0 0 78 49 0 1 0 0 0 0 0 0 0 0 0
37 37 0 0 0 0 0 0 0 0 0 0 0 86 56 0 1 0 0 0 0 0 0 0 0 0
45 42 0 0 0 0 0 0 0 0 0 0 0 108 62 0 1 0 0 0 0 0 0 0 0 0
50 47 0 0 0 0 0 0 0 0 0 0 0 111 65 0 1 0 0 0 0 0 0 0 0 0
55 52 0 0 0 0 0 0 0 0 0 0 0 114 68 0 1 0 0 0 0 0 0 0 0 0
59 57 0 0 0 0 0 0 0 0 0 0 0 123 76 0 1 1 0 0 0 0 0 0 0 0
66 61 0 0 0 0 0 0 0 0 0 0 0 137 80 0 1 1 0 0 0 0 0 0 0 0
71 66 0 0 0 0 0 0 0 0 0 0 0 144 89 0 1 1 0 0 0 0 0 0 0 0
74 71 0 0 0 0 0 0 0 0 0 0 0 163 92 1 2 1 0 0 0 0 0 0 0 0
81 75 0 0 0 0 0 0 0 0 0 0 0 168 98 1 2 1 0 0 0 0 0 0 0 0
87 80 0 0 0 0 0 0 0 0 0 0 0 176 102 2 2 1 0 0 0 0 0 0 0 0
94 85 0 0 0 0 0 0 0 0 0 0 0 180 107 2 2 1 0 0 0 0 0 0 0 0
99 89 0 0 0 0 0 0 0 0 0 0 0 188 118 2 2 1 0 0 0 0 0 0 0 0
106 94 0 0 0 0 0 0 0 0 0 0 0 191 121 2 2 1 0 0 0 0 0 0 0 0
113 100 0 0 0 0 0 0 0 0 0 0 0 204 125 2 3 1 0 0 0 0 0 0 0 0
118 103 0 0 0 0 0 0 0 0 0 0 0 207 130 2 3 1 0 0 0 0 0 0 0 0
125 111 0 1 0 0 0 0 0 0 0 0 0 212 133 2 3 1 0 0 0 0 0 0 0 0
131 115 0 1 0 0 0 0 0 0 0 0 0 219 138 2 3 1 0 0 0 0 0 0 0 0
142 118 0 1 0 0 0 0 0 0 0 0 0 237 145 2 3 1 0 0 0 0 0 0 0 0
150 125 0 1 0 0 0 0 0 0 0 0 0 248 150 2 3 1 0 0 0 0 0 0 0 0
155 128 0 1 0 0 0 0 0 0 0 0 0 251 157 2 3 1 0 0 0 0 0 0 0 0
160 132 0 1 0 0 0 0 0 0 0 0 0 254 165 2 3 1 0 0 0 0 0 0 0 0
163 136 0 1 0 0 0 0 0 0 0 0 0 259 168 2 3 1 0 0 0 0 0 0 0 0
168 142 0 1 0 0 0 0 0 0 0 0 0 263 171 2 3 1 0 0 0 0 0 0 0 0
172 147 0 1 0 0 0 0 0 0 0 0 0 268 176 2 3 1 0 0 0 0 0 0 0 0
176 151 0 1 0 0 0 0 0 0 0 0 0 271 182 2 3 1 0 0 0 0 0 0 0 0
184 155 0 1 0 0 0 0 0 0 0 0 0 282 185 2 3 1 0 0 0 0 0 0 0 0
190 160 0 1 0 0 0 0 0 0 0 0 0 287 189 2 3 1 0 0 0 0 0 0 0 0
196 165 0 1 0 0 0 0 0 0 0 0 0 290 193 2 3 1 0 0 0 0 0 0 0 0
201 170 0 1 0 0 0 0 0 0 0 0 0 293 203 3 4 1 0 0 0 0 0 0 0 0
208 175 0 1 0 0 0 0 0 0 0 0 0 303 212 3 4 1 1 0 0 0 1 0 0 0
214 179 0 1 0 0 0 0 0 0 0 0 0 309 215 3 4 1 1 0 0 0 1 0 0 0
219 183 0 1 0 0 0 0 0 0 0 0 0 313 218 3 4 1 1 0 0 0 1 0 0 0
