# scores for worst/random/best/smart move selector strategies. 
# scores are 50% and 95% quantiles (based on 40 games) of: 
# game score, #destroyed, #unlocked, #stripes, #bombs, #zappers
0 0 0 0 0 0 0 0 0 0 0 0 0 6 6 0 0 0 0 0 0 0 0 0 0 0
4 4 0 0 0 0 0 0 0 0 0 0 0 10 10 0 0 0 0 0 0 0 0 0 0 0
9 9 0 0 0 0 0 0 0 0 0 0 0 15 15 0 0 0 0 0 0 0 0 0 0 0
15 15 0 0 0 0 0 0 0 0 0 0 0 37 21 0 1 0 0 0 0 0 0 0 0 0
20 20 0 0 0 0 0 0 0 0 0 0 0 43 33 0 1 0 0 0 0 0 0 0 0 0
24 24 0 0 0 0 0 0 0 0 0 0 0 64 40 0 1 0 0 0 0 0 0 0 0 0
30 28 0 0 0 0 0 0 0 0 0 0 0 79 49 0 1 0 0 0 0 0 0 0 0 0
35 33 0 0 0 0 0 0 0 0 0 0 0 82 54 0 1 0 0 0 0 0 0 0 0 0
40 38 0 0 0 0 0 0 0 0 0 0 0 97 59 0 1 0 0 0 0 0 0 0 0 0
48 45 0 0 0 0 0 0 0 0 0 0 0 108 67 1 1 0 0 0 0 0 0 0 0 0
60 49 0 0 0 0 0 0 0 0 0 0 0 136 76 1 1 1 1 0 0 0 1 0 0 0
75 57 0 0 0 0 0 0 0 0 0 0 0 160 82 1 2 1 1 0 0 0 1 0 0 0
83 64 0 0 0 0 0 0 0 0 0 0 0 167 86 3 2 1 1 0 0 0 1 0 0 0
91 71 0 1 0 0 0 0 0 0 0 0 0 188 96 5 3 1 1 1 0 0 1 0 0 0
101 75 0 1 0 0 0 0 0 0 0 0 0 191 101 5 3 1 1 1 0 0 1 0 0 0
115 81 0 1 0 0 0 0 0 0 0 0 0 236 107 5 4 1 1 1 0 0 1 0 0 0
136 90 0 1 0 0 0 0 0 0 0 0 0 239 112 5 4 1 1 1 0 0 1 0 0 0
151 95 1 2 0 0 0 0 0 0 0 0 0 246 118 6 4 1 1 1 0 0 1 0 0 0
165 102 2 2 0 0 0 0 0 0 0 0 0 250 123 6 4 1 1 1 0 0 1 0 0 0
181 107 2 2 0 0 0 0 0 0 0 0 0 289 133 6 4 1 1 1 0 0 1 0 0 0
194 115 2 2 0 0 0 0 0 0 0 0 0 317 144 6 4 2 1 1 0 0 1 0 0 0
202 121 2 2 0 0 0 0 0 0 0 0 0 347 160 7 5 2 1 1 0 0 1 0 0 0
214 128 2 2 0 0 0 0 0 0 0 0 0 351 164 7 5 2 1 1 0 0 1 0 0 0
223 135 2 3 0 0 0 0 0 0 0 0 0 409 174 7 8 2 1 2 0 0 1 0 0 0
234 141 3 3 0 0 0 0 0 0 0 0 0 448 187 9 9 2 1 2 0 0 1 0 0 0
247 150 3 4 0 0 0 0 0 0 0 0 0 467 196 10 9 2 1 2 1 0 1 0 0 0
258 158 3 4 0 0 0 0 0 0 0 0 0 474 201 10 9 2 1 2 1 0 1 0 0 0
268 163 3 4 0 0 0 0 0 0 0 0 0 493 211 11 11 2 1 2 1 0 1 1 0 0
273 168 3 4 0 0 1 0 0 0 0 0 0 503 214 11 11 2 1 2 1 0 1 1 0 0
312 175 4 4 0 0 1 0 0 0 0 0 0 523 224 11 12 2 2 2 1 0 1 1 0 0
325 180 4 4 0 0 1 0 0 0 0 0 0 532 234 11 12 2 2 2 1 0 2 1 0 0
341 183 4 4 0 0 1 0 0 0 0 0 0 547 240 11 12 2 2 2 1 0 2 1 0 0
350 191 4 5 0 0 1 0 0 0 0 0 0 553 255 11 12 2 2 2 1 0 2 1 0 0
368 198 4 5 0 0 1 0 0 0 0 0 0 593 267 11 12 2 2 3 1 0 2 1 0 0
372 204 4 5 0 0 1 0 0 0 0 0 0 600 274 11 12 2 2 3 1 0 2 1 0 0
423 211 4 5 1 0 1 0 0 0 0 0 0 662 284 13 15 2 2 3 1 0 2 1 0 0
426 217 4 5 1 0 1 0 0 0 0 0 0 668 292 13 15 2 2 3 1 0 2 1 0 0
432 223 4 5 1 0 1 0 0 0 0 0 0 695 306 14 15 2 2 3 1 0 2 1 0 0
440 230 4 5 1 0 1 0 0 0 0 0 0 702 309 14 15 2 2 3 1 0 2 1 0 0
449 237 4 6 1 0 1 0 0 0 0 0 0 707 319 14 15 2 2 3 1 0 2 1 0 0
486 242 5 6 1 1 1 0 0 0 0 0 0 808 331 14 15 3 2 3 1 0 2 1 0 0
