# scores for worst/random/best/smart move selector strategies. 
# scores are 50% and 95% quantiles (based on 40 games) of: 
# game score, #destroyed, #unlocked, #stripes, #bombs, #zappers
0 0 0 0 0 0 0 0 0 0 0 0 0 6 6 0 0 0 0 0 0 0 0 0 0 0
3 3 0 0 0 0 0 0 0 0 0 0 0 11 11 0 0 0 0 0 0 0 0 0 0 0
9 9 0 0 0 0 0 0 0 0 0 0 0 15 15 0 0 0 0 0 0 0 0 0 0 0
12 12 0 0 0 0 0 0 0 0 0 0 0 23 22 0 0 0 0 0 0 0 0 0 0 0
16 16 0 0 0 0 0 0 0 0 0 0 0 53 27 0 0 0 0 0 0 0 0 0 0 0
21 21 0 0 0 0 0 0 0 0 0 0 0 56 30 0 0 0 0 0 0 0 0 0 0 0
24 24 0 0 0 0 0 0 0 0 0 0 0 73 37 0 1 0 0 0 0 0 0 0 0 0
27 27 0 0 0 0 0 0 0 0 0 0 0 92 40 0 1 0 0 0 0 0 0 0 0 0
31 31 0 0 0 0 0 0 0 0 0 0 0 98 51 0 1 0 0 0 0 0 0 0 0 0
36 36 0 0 0 0 0 0 0 0 0 0 0 101 56 0 1 0 0 0 0 0 0 0 0 0
39 39 0 0 0 0 0 0 0 0 0 0 0 127 59 0 2 0 0 0 0 0 0 0 0 0
45 43 0 0 0 0 0 0 0 0 0 0 0 132 64 0 2 0 0 0 0 0 0 0 0 0
51 49 0 0 0 0 0 0 0 0 0 0 0 135 68 0 2 0 0 0 0 0 0 0 0 0
57 56 0 0 0 0 0 0 0 0 0 0 0 138 71 2 2 0 0 0 0 0 0 0 0 0
61 59 0 0 0 0 0 0 0 0 0 0 0 149 77 3 3 0 0 0 0 0 0 0 0 0
68 63 0 0 0 0 0 0 0 0 0 0 0 162 86 4 3 0 0 0 0 0 0 0 0 0
76 66 0 0 0 0 0 0 0 0 0 0 0 168 93 4 3 0 0 0 0 0 0 0 0 0
92 71 0 0 0 0 0 0 0 0 0 0 0 204 102 4 3 0 1 1 0 0 1 0 0 0
96 78 0 0 0 0 0 0 0 0 0 0 0 216 107 4 3 0 1 1 0 0 1 0 0 0
108 81 0 1 0 0 0 0 0 0 0 0 0 219 118 5 4 0 1 1 0 0 1 0 0 0
112 84 0 1 0 0 0 0 0 0 0 0 0 230 121 5 4 0 1 1 0 0 1 0 0 0
118 90 0 1 0 0 0 0 0 0 0 0 0 235 126 5 4 0 1 1 0 0 1 0 0 0
123 96 0 1 0 0 0 0 0 0 0 0 0 251 132 5 4 0 1 1 0 0 1 0 0 0
140 103 0 1 0 0 0 0 0 0 0 0 0 261 135 5 4 0 1 1 0 0 1 0 0 0
146 107 0 1 0 0 0 0 0 0 0 0 0 265 138 5 4 0 1 1 0 0 1 0 0 0
150 112 1 1 0 0 0 0 0 0 0 0 0 396 159 7 8 1 1 1 0 0 1 0 0 0
179 119 1 2 0 0 0 0 0 0 0 0 0 421 166 7 9 1 1 1 0 0 1 0 0 0
188 122 1 2 0 0 0 0 0 0 0 0 0 425 172 7 9 1 1 1 0 0 1 0 0 0
204 126 1 2 0 0 0 0 0 0 0 0 0 428 175 7 9 1 1 1 0 0 1 0 0 0
207 129 1 2 0 0 0 0 0 0 0 0 0 434 180 7 9 1 1 1 0 0 1 0 0 0
215 136 1 2 0 0 0 0 0 0 0 0 0 446 187 7 9 1 1 1 0 0 1 0 0 0
218 142 1 2 0 0 0 0 0 0 0 0 0 450 191 7 9 1 1 1 0 0 1 0 0 0
223 146 1 2 0 0 0 0 0 0 0 0 0 453 194 7 9 1 1 1 0 0 1 0 0 0
235 154 1 2 0 0 0 0 0 0 0 0 0 456 198 7 9 1 1 2 0 0 1 0 0 0
242 157 1 3 0 0 0 0 0 0 0 0 0 479 207 7 9 1 1 2 0 0 1 0 0 0
247 162 1 3 0 0 0 0 0 0 0 0 0 483 211 7 9 1 1 2 0 0 1 0 0 0
273 167 1 3 0 0 0 0 0 0 0 0 0 487 214 7 9 1 1 2 0 0 1 0 0 0
284 175 2 3 0 0 0 0 0 0 0 0 0 490 219 7 9 1 1 2 1 0 1 0 0 0
293 178 2 3 0 0 0 0 0 0 0 0 0 494 222 10 10 1 1 2 1 0 1 0 0 0
305 185 2 3 0 0 0 0 0 0 0 0 0 497 228 10 10 1 1 2 1 0 1 0 0 0
308 188 2 4 0 0 0 0 0 0 0 0 0 501 238 10 10 1 1 2 1 0 1 0 0 0
