# scores for worst/random/best/smart move selector strategies. 
# scores are 50% and 95% quantiles (based on 40 games) of: 
# game score, #destroyed, #unlocked, #stripes, #bombs, #zappers
0 0 0 0 0 0 0 0 0 0 0 0 0 6 6 0 0 0 0 0 0 0 0 0 0 0
3 3 0 0 0 0 0 0 0 0 0 0 0 12 12 0 0 0 0 0 0 0 0 0 0 0
9 9 0 0 0 0 0 0 0 0 0 0 0 16 16 0 0 0 0 0 0 0 0 0 0 0
12 12 0 0 0 0 0 0 0 0 0 0 0 19 19 0 0 0 0 0 0 0 0 0 0 0
15 15 0 0 0 0 0 0 0 0 0 0 0 26 26 0 0 0 0 0 0 0 0 0 0 0
20 20 0 0 0 0 0 0 0 0 0 0 0 29 29 0 0 0 0 0 0 0 0 0 0 0
24 24 0 0 0 0 0 0 0 0 0 0 0 34 34 0 0 0 0 0 0 0 0 0 0 0
27 27 0 0 0 0 0 0 0 0 0 0 0 38 38 0 0 0 0 0 0 0 0 0 0 0
31 31 0 0 0 0 0 0 0 0 0 0 0 44 44 0 0 0 0 0 0 0 0 0 0 0
36 36 0 0 0 0 0 0 0 0 0 0 0 47 47 0 0 0 0 0 0 0 0 0 0 0
39 39 0 0 0 0 0 0 0 0 0 0 0 65 51 0 1 0 0 0 0 0 0 0 0 0
45 45 0 0 0 0 0 0 0 0 0 0 0 81 60 0 1 0 0 0 0 0 0 0 0 0
49 48 0 0 0 0 0 0 0 0 0 0 0 87 65 2 1 0 0 0 0 0 0 0 0 0
55 54 0 0 0 0 0 0 0 0 0 0 0 113 68 3 1 0 0 0 0 0 0 0 0 0
59 59 0 0 0 0 0 0 0 0 0 0 0 117 73 3 1 0 0 0 0 0 0 0 0 0
63 62 0 0 0 0 0 0 0 0 0 0 0 124 77 3 1 0 0 0 0 0 0 0 0 0
69 68 0 0 0 0 0 0 0 0 0 0 0 139 85 3 2 0 0 1 0 0 0 0 0 0
73 72 0 0 0 0 0 0 0 0 0 0 0 142 88 3 2 0 0 1 0 0 0 0 0 0
78 75 0 0 0 0 0 0 0 0 0 0 0 145 97 3 2 0 0 1 0 0 0 0 0 0
82 79 0 0 0 0 0 0 0 0 0 0 0 152 102 3 2 1 0 1 0 0 0 0 0 0
89 87 0 0 0 0 0 0 0 0 0 0 0 164 112 3 2 1 0 1 0 0 0 0 0 0
93 91 0 0 0 0 0 0 0 0 0 0 0 167 119 3 2 1 0 1 0 0 0 0 0 0
97 94 0 0 0 0 0 0 0 0 0 0 0 171 124 3 2 1 0 1 0 0 0 0 0 0
103 97 0 0 0 0 0 0 0 0 0 0 0 174 127 3 2 1 0 1 0 0 0 0 0 0
109 101 0 0 0 0 0 0 0 0 0 0 0 193 136 3 2 1 0 1 0 0 0 0 0 0
112 107 0 0 0 0 0 0 0 0 0 0 0 197 144 3 2 1 0 1 0 0 0 0 0 0
127 111 0 0 0 0 0 0 0 0 0 0 0 214 148 3 2 1 0 1 0 0 0 0 0 0
132 115 0 0 0 0 0 0 0 0 0 0 0 218 151 3 2 1 0 1 0 0 0 0 0 0
135 118 0 0 0 0 0 0 0 0 0 0 0 221 155 3 2 1 0 1 0 0 0 0 0 0
138 123 0 0 0 0 0 0 0 0 0 0 0 241 160 3 2 1 0 1 0 0 0 0 0 0
143 126 0 0 0 0 0 0 0 0 0 0 0 244 166 3 2 1 0 1 0 0 0 0 0 0
151 134 0 1 0 0 0 0 0 0 0 0 0 247 169 3 2 1 0 1 0 0 0 0 0 0
162 141 0 1 0 0 0 0 0 0 0 0 0 252 172 3 2 1 0 1 0 0 0 0 0 0
165 144 0 1 0 0 0 0 0 0 0 0 0 256 177 3 2 1 0 1 0 0 0 0 0 0
174 148 0 1 0 0 0 0 0 0 0 0 0 266 181 3 3 1 0 1 0 0 0 0 0 0
181 154 0 1 0 0 0 0 0 0 0 0 0 276 186 3 3 1 0 1 0 0 0 0 0 0
184 158 0 1 0 0 0 0 0 0 0 0 0 279 189 3 3 1 0 1 0 0 0 0 0 0
200 162 0 1 0 0 0 0 0 0 0 0 0 287 194 3 3 1 0 1 0 0 0 0 0 0
211 166 0 1 0 0 0 0 0 0 0 0 0 302 203 3 3 1 0 1 0 0 0 0 0 0
220 169 0 1 0 0 0 0 0 0 0 0 0 305 208 3 3 1 0 1 0 0 0 0 0 0
223 172 0 1 0 0 0 0 0 0 0 0 0 308 211 3 3 1 0 1 0 0 0 0 0 0
