# scores for worst/random/best/smart move selector strategies. 
# scores are 50% and 95% quantiles (based on 40 games) of: 
# game score, #destroyed, #unlocked, #stripes, #bombs, #zappers
0 0 0 0 0 0 0 0 0 0 0 0 0 6 6 0 0 0 0 0 0 0 0 0 0 0
4 4 0 0 0 0 0 0 0 0 0 0 0 12 12 0 0 0 0 0 0 0 0 0 0 0
9 9 0 0 0 0 0 0 0 0 0 0 0 16 16 0 0 0 0 0 0 0 0 0 0 0
12 12 0 0 0 0 0 0 0 0 0 0 0 23 23 0 0 0 0 0 0 0 0 0 0 0
16 16 0 0 0 0 0 0 0 0 0 0 0 43 32 0 0 0 0 0 0 0 0 0 0 0
20 20 0 0 0 0 0 0 0 0 0 0 0 50 38 1 1 0 0 0 0 0 0 0 0 0
25 25 0 0 0 0 0 0 0 0 0 0 0 79 43 1 1 0 0 0 0 0 0 0 0 0
30 30 0 0 0 0 0 0 0 0 0 0 0 97 51 2 2 0 0 0 0 0 0 0 0 0
35 34 0 0 0 0 0 0 0 0 0 0 0 100 55 2 2 0 0 0 0 0 0 0 0 0
39 38 0 0 0 0 0 0 0 0 0 0 0 106 60 2 2 0 0 0 0 0 0 0 0 0
45 43 0 0 0 0 0 0 0 0 0 0 0 111 63 2 2 0 0 0 0 0 0 0 0 0
57 48 0 0 0 0 0 0 0 0 0 0 0 115 70 3 2 0 0 0 0 0 0 0 0 0
84 56 0 1 0 0 0 0 0 0 0 0 0 132 82 4 2 0 0 0 0 0 0 0 0 0
93 62 0 1 0 0 0 0 0 0 0 0 0 154 92 6 2 0 0 0 0 0 0 0 0 0
103 67 0 1 0 0 0 0 0 0 0 0 0 171 97 6 2 0 0 1 0 0 0 0 0 0
113 72 0 1 0 0 0 0 0 0 0 0 0 224 110 6 3 1 1 1 1 0 1 0 0 0
123 78 0 1 0 0 0 0 0 0 0 0 0 231 118 7 3 1 1 1 1 0 1 0 0 0
134 86 1 2 0 0 0 0 0 0 0 0 0 240 123 7 4 1 1 1 1 0 1 0 0 0
160 92 1 2 0 0 0 0 0 0 0 0 0 246 130 7 4 1 1 1 1 0 1 0 0 0
166 98 1 2 0 0 0 0 0 0 0 0 0 268 138 7 4 1 1 1 1 0 1 0 0 0
171 102 1 2 0 0 0 0 0 0 0 0 0 284 146 7 4 1 1 1 1 0 1 0 0 0
176 108 1 2 0 0 0 0 0 0 0 0 0 312 161 7 4 1 1 1 1 0 1 0 0 0
197 113 1 2 0 0 0 0 0 0 0 0 0 318 165 7 4 1 1 1 1 0 1 0 0 0
215 119 2 3 0 0 0 0 0 0 0 0 0 332 169 7 5 2 1 1 1 0 1 0 0 0
222 125 2 3 0 0 0 0 0 0 0 0 0 339 174 7 5 2 1 1 1 0 1 0 0 0
235 132 2 3 0 0 0 0 0 0 0 0 0 381 181 7 5 2 2 1 1 0 2 0 0 0
243 138 2 3 0 0 0 0 0 0 0 0 0 413 189 7 6 2 2 1 1 0 2 0 0 0
255 146 2 3 0 0 0 0 0 0 0 0 0 442 198 7 6 2 2 1 1 0 2 0 0 0
278 151 2 4 0 0 0 0 0 0 0 0 0 449 207 7 6 2 2 1 1 0 2 0 0 0
293 161 2 4 0 0 0 0 0 0 0 0 0 524 223 7 6 2 2 1 1 0 2 0 0 0
308 169 2 4 0 0 0 0 0 0 0 0 0 530 228 7 6 2 2 1 1 0 2 0 0 0
354 181 2 5 0 0 0 0 0 0 0 0 0 534 234 7 7 2 2 2 1 0 2 0 0 0
359 188 2 5 0 0 0 0 0 0 0 0 0 540 250 7 7 3 2 2 2 0 2 0 0 0
366 192 2 5 0 0 0 0 0 0 0 0 0 549 259 8 7 3 2 2 2 0 2 0 0 0
397 202 2 5 0 0 0 0 0 0 0 0 0 555 264 8 8 3 2 2 2 0 2 0 0 0
415 210 2 6 0 0 0 0 0 0 0 0 0 595 269 9 9 3 2 2 2 0 2 0 0 0
429 216 2 6 0 0 0 0 0 0 0 0 0 613 290 9 9 3 2 2 2 0 2 0 0 0
454 226 3 6 1 0 1 0 0 0 0 0 0 674 302 9 9 3 3 2 2 0 3 0 0 0
463 232 3 6 1 0 1 0 0 0 0 0 0 879 315 9 14 3 3 2 2 0 3 1 0 0
477 242 3 7 1 0 1 0 0 0 0 0 0 884 330 9 14 4 3 2 2 0 3 1 0 0
497 251 3 7 1 0 1 0 0 0 0 0 0 889 341 9 14 4 3 2 2 0 3 1 0 0
