# scores for worst/random/best/smart move selector strategies. 
# scores are 50% and 95% quantiles (based on 40 games) of: 
# game score, #destroyed, #unlocked, #stripes, #bombs, #zappers
0 0 0 0 0 0 0 0 0 0 0 0 0 9 9 0 0 0 0 0 0 0 0 0 0 0
3 3 0 0 0 0 0 0 0 0 0 0 0 13 13 0 0 0 0 0 0 0 0 0 0 0
9 9 0 0 0 0 0 0 0 0 0 0 0 17 17 0 0 0 0 0 0 0 0 0 0 0
12 12 0 0 0 0 0 0 0 0 0 0 0 41 26 0 0 0 0 0 0 0 0 0 0 0
15 15 0 0 0 0 0 0 0 0 0 0 0 45 32 0 0 0 0 0 0 0 0 0 0 0
21 21 0 0 0 0 0 0 0 0 0 0 0 53 36 0 1 0 0 0 0 0 0 0 0 0
24 24 0 0 0 0 0 0 0 0 0 0 0 61 39 0 1 0 0 0 0 0 0 0 0 0
27 27 0 0 0 0 0 0 0 0 0 0 0 66 44 0 1 0 0 0 0 0 0 0 0 0
30 30 0 0 0 0 0 0 0 0 0 0 0 73 48 0 1 0 0 0 0 0 0 0 0 0
35 35 0 0 0 0 0 0 0 0 0 0 0 81 58 0 1 0 0 0 0 0 0 0 0 0
39 39 0 0 0 0 0 0 0 0 0 0 0 101 66 0 1 0 1 0 0 0 1 0 0 0
42 42 0 0 0 0 0 0 0 0 0 0 0 104 71 0 1 0 1 0 0 0 1 0 0 0
47 46 0 0 0 0 0 0 0 0 0 0 0 110 78 0 1 0 1 0 0 0 1 0 0 0
55 52 0 0 0 0 0 0 0 0 0 0 0 125 81 0 1 0 1 0 0 0 1 0 0 0
58 57 0 0 0 0 0 0 0 0 0 0 0 129 85 0 1 0 1 0 0 0 1 0 0 0
61 60 0 0 0 0 0 0 0 0 0 0 0 160 88 0 1 0 1 0 0 0 1 0 0 0
67 65 0 0 0 0 0 0 0 0 0 0 0 164 96 0 1 0 1 0 0 0 1 0 0 0
78 70 0 0 0 0 0 0 0 0 0 0 0 167 99 0 1 0 1 0 0 0 1 0 0 0
81 75 0 0 0 0 0 0 0 0 0 0 0 170 104 0 1 0 1 0 0 0 1 0 0 0
84 78 0 0 0 0 0 0 0 0 0 0 0 177 109 0 2 0 1 0 0 0 1 0 0 0
87 83 0 0 0 0 0 0 0 0 0 0 0 180 113 0 2 1 1 0 0 0 1 0 0 0
95 87 0 0 0 0 0 0 0 0 0 0 0 190 116 0 2 1 1 0 0 0 1 0 0 0
100 91 0 0 0 0 0 0 0 0 0 0 0 194 119 0 2 1 1 0 0 0 1 0 0 0
103 94 0 0 0 0 0 0 0 0 0 0 0 200 122 0 2 1 1 0 0 0 1 0 0 0
108 97 0 0 0 0 0 0 0 0 0 0 0 208 129 0 2 1 1 0 0 0 1 0 0 0
114 100 0 0 0 0 0 0 0 0 0 0 0 212 132 0 2 1 1 0 0 0 1 0 0 0
122 106 0 0 0 0 0 0 0 0 0 0 0 217 137 0 2 1 1 0 0 0 1 0 0 0
125 111 0 0 0 0 0 0 0 0 0 0 0 223 143 0 3 1 1 0 0 0 1 0 0 0
130 114 0 0 0 0 0 0 0 0 0 0 0 264 149 0 3 1 1 0 0 0 1 0 0 0
140 118 0 0 0 0 0 0 0 0 0 0 0 282 153 0 3 1 1 0 0 0 1 0 0 0
147 123 0 0 0 0 0 0 0 0 0 0 0 285 156 0 3 1 1 0 0 0 1 0 0 0
156 130 0 1 0 0 0 0 0 0 0 0 0 289 159 0 3 1 1 0 0 0 1 0 0 0
159 133 0 1 0 0 0 0 0 0 0 0 0 294 165 0 3 1 1 0 0 0 1 0 0 0
163 137 0 1 0 0 0 0 0 0 0 0 0 311 168 0 3 1 1 0 0 0 1 0 0 0
167 141 0 1 0 0 0 0 0 0 0 0 0 314 171 0 3 1 1 0 0 0 1 0 0 0
176 147 0 1 0 0 0 0 0 0 0 0 0 317 174 0 3 1 1 0 0 0 1 0 0 0
179 150 0 1 0 0 0 0 0 0 0 0 0 321 177 0 3 1 1 0 0 0 1 0 0 0
194 157 0 1 0 0 0 0 0 0 0 0 0 324 180 0 3 1 1 0 0 0 1 0 0 0
203 160 0 1 0 0 0 0 0 0 0 0 0 327 183 0 3 1 1 0 0 0 1 0 0 0
209 163 0 1 0 0 0 0 0 0 0 0 0 334 189 0 3 1 1 0 0 0 1 0 0 0
212 167 0 1 0 0 0 0 0 0 0 0 0 337 192 0 3 1 1 0 0 0 1 0 0 0
