# scores for worst/random/best/smart move selector strategies. 
# scores are 50% and 95% quantiles (based on 40 games) of: 
# game score, #destroyed, #unlocked, #stripes, #bombs, #zappers
0 0 0 0 0 0 0 0 0 0 0 0 0 9 9 0 0 0 0 0 0 0 0 0 0 0
3 3 0 0 0 0 0 0 0 0 0 0 0 15 15 0 0 0 0 0 0 0 0 0 0 0
9 9 0 0 0 0 0 0 0 0 0 0 0 24 21 0 0 0 0 0 0 0 0 0 0 0
15 15 0 0 0 0 0 0 0 0 0 0 0 59 26 0 1 0 0 0 0 0 0 0 0 0
19 18 0 0 0 0 0 0 0 0 0 0 0 63 33 0 1 0 0 0 0 0 0 0 0 0
26 25 0 0 0 0 0 0 0 0 0 0 0 76 39 0 1 0 0 0 0 0 0 0 0 0
30 29 0 0 0 0 0 0 0 0 0 0 0 80 43 0 1 0 0 0 0 0 0 0 0 0
36 34 0 0 0 0 0 0 0 0 0 0 0 83 49 0 1 0 0 0 0 0 0 0 0 0
43 39 0 0 0 0 0 0 0 0 0 0 0 102 53 0 2 0 0 0 0 0 0 0 0 0
58 44 0 0 0 0 0 0 0 0 0 0 0 109 57 0 2 0 0 0 0 0 0 0 0 0
68 49 0 1 0 0 0 0 0 0 0 0 0 177 66 0 2 1 1 0 0 0 0 0 0 0
74 55 0 1 0 0 0 0 0 0 0 0 0 198 72 0 3 1 1 0 0 0 0 0 0 0
84 59 0 1 0 0 0 0 0 0 0 0 0 218 78 0 3 1 1 1 0 0 0 0 0 0
93 63 0 1 0 0 0 0 0 0 0 0 0 221 84 0 3 1 1 1 0 0 0 0 0 0
99 67 0 1 0 0 0 0 0 0 0 0 0 226 95 0 3 1 1 1 0 0 0 0 0 0
104 73 0 1 0 0 0 0 0 0 0 0 0 249 106 0 3 2 1 1 0 0 0 0 0 0
108 78 0 1 0 0 0 0 0 0 0 0 0 252 114 0 4 2 1 1 0 0 0 0 0 0
119 84 0 1 0 0 0 0 0 0 0 0 0 256 120 0 4 2 1 1 0 0 0 0 0 0
139 89 0 1 0 0 0 0 0 0 0 0 0 306 127 0 6 2 1 1 0 0 0 0 0 0
143 93 0 2 0 0 0 0 0 0 0 0 0 338 133 0 6 2 1 1 0 0 0 0 0 0
148 100 0 2 0 0 0 0 0 0 0 0 0 364 138 0 7 2 1 1 0 0 0 0 0 0
172 107 0 2 0 0 0 0 0 0 0 0 0 377 141 0 7 2 1 1 0 0 0 0 0 0
182 110 0 2 0 0 0 0 0 0 0 0 0 381 147 0 7 2 1 1 0 0 0 0 0 0
195 116 0 2 0 0 0 0 0 0 0 0 0 389 153 0 7 2 1 1 0 0 0 0 0 0
202 123 0 3 0 0 0 0 0 0 0 0 0 393 157 0 7 2 1 1 0 0 0 0 0 0
221 129 0 3 0 0 0 0 0 0 0 0 0 396 160 0 7 2 1 1 0 0 0 0 0 0
234 135 0 3 0 0 0 0 0 0 0 0 0 405 169 0 7 3 1 1 1 0 0 0 0 0
242 143 0 3 0 0 0 0 0 0 0 0 0 411 173 0 7 3 1 1 1 0 1 0 0 0
266 146 0 3 0 0 0 0 0 0 0 0 0 422 176 0 9 3 1 1 1 0 1 1 0 0
273 153 0 4 0 0 0 0 0 0 0 0 0 438 181 0 9 3 1 1 1 0 1 1 0 0
293 158 0 4 0 0 0 0 0 0 0 0 0 441 185 0 9 3 1 1 1 0 1 1 0 0
304 165 0 4 1 0 0 0 0 0 0 0 0 460 189 0 10 3 1 1 1 0 1 1 0 0
308 173 0 4 1 0 0 0 0 0 0 0 0 463 203 0 10 3 1 1 1 0 1 1 0 0
312 176 0 5 1 0 0 0 0 0 0 0 0 476 206 0 10 3 1 2 1 0 1 1 0 0
315 180 0 5 1 0 0 0 0 0 0 0 0 479 212 0 10 3 1 2 1 0 1 1 0 0
326 187 0 5 1 0 0 0 0 0 0 0 0 485 215 0 10 3 1 2 1 0 1 1 0 0
337 193 0 5 1 0 0 0 0 0 0 0 0 530 222 0 10 3 1 2 1 0 1 1 0 0
345 197 0 5 1 0 0 0 0 0 0 0 0 535 225 0 11 3 1 2 1 0 1 1 0 0
358 205 0 5 1 0 0 0 0 0 0 0 0 543 244 0 11 3 1 2 1 0 1 1 0 0
367 209 0 5 1 0 0 0 0 0 0 0 0 564 248 0 11 3 1 2 1 0 1 1 0 0
378 215 0 6 1 0 0 0 0 0 0 0 0 570 252 0 11 3 1 2 1 0 1 1 0 0
