# scores for worst/random/best/smart move selector strategies. 
# scores are 50% and 95% quantiles (based on 40 games) of: 
# game score, #destroyed, #unlocked, #stripes, #bombs, #zappers
0 0 0 0 0 0 0 0 0 0 0 0 0 9 9 0 0 0 0 0 0 0 0 0 0 0
3 3 0 0 0 0 0 0 0 0 0 0 0 17 17 0 0 0 0 0 0 0 0 0 0 0
7 7 0 0 0 0 0 0 0 0 0 0 0 20 20 0 0 0 0 0 0 0 0 0 0 0
12 12 0 0 0 0 0 0 0 0 0 0 0 23 23 0 0 0 0 0 0 0 0 0 0 0
15 15 0 0 0 0 0 0 0 0 0 0 0 27 27 0 0 0 0 0 0 0 0 0 0 0
19 19 0 0 0 0 0 0 0 0 0 0 0 33 33 0 0 0 0 0 0 0 0 0 0 0
24 24 0 0 0 0 0 0 0 0 0 0 0 36 36 0 0 0 0 0 0 0 0 0 0 0
27 27 0 0 0 0 0 0 0 0 0 0 0 41 41 0 0 0 0 0 0 0 0 0 0 0
30 30 0 0 0 0 0 0 0 0 0 0 0 63 46 0 0 0 0 0 0 0 0 0 0 0
34 34 0 0 0 0 0 0 0 0 0 0 0 66 49 0 0 0 0 0 0 0 0 0 0 0
39 39 0 0 0 0 0 0 0 0 0 0 0 73 54 0 1 0 0 0 0 0 0 0 0 0
42 42 0 0 0 0 0 0 0 0 0 0 0 77 57 0 1 0 0 0 0 0 0 0 0 0
47 47 0 0 0 0 0 0 0 0 0 0 0 80 60 0 1 0 0 0 0 0 0 0 0 0
51 51 0 0 0 0 0 0 0 0 0 0 0 85 65 0 1 0 0 0 0 0 0 0 0 0
55 55 0 0 0 0 0 0 0 0 0 0 0 92 68 0 1 0 0 0 0 0 0 0 0 0
60 59 0 0 0 0 0 0 0 0 0 0 0 103 73 0 1 0 0 0 0 0 0 0 0 0
63 63 0 0 0 0 0 0 0 0 0 0 0 106 77 0 1 0 0 0 0 0 0 0 0 0
69 68 0 0 0 0 0 0 0 0 0 0 0 110 81 0 1 0 0 0 0 0 0 0 0 0
75 73 0 0 0 0 0 0 0 0 0 0 0 117 88 0 1 0 0 0 0 0 0 0 0 0
81 76 0 0 0 0 0 0 0 0 0 0 0 120 91 0 1 0 0 0 0 0 0 0 0 0
84 80 0 0 0 0 0 0 0 0 0 0 0 125 97 0 1 0 0 0 0 0 0 0 0 0
89 86 0 0 0 0 0 0 0 0 0 0 0 138 103 0 1 0 0 0 0 0 0 0 0 0
93 90 0 0 0 0 0 0 0 0 0 0 0 142 106 0 1 0 0 0 0 0 0 0 0 0
98 94 0 0 0 0 0 0 0 0 0 0 0 145 109 0 1 0 0 0 0 0 0 0 0 0
101 97 0 0 0 0 0 0 0 0 0 0 0 150 114 0 1 0 0 0 0 0 0 0 0 0
105 101 0 0 0 0 0 0 0 0 0 0 0 153 117 0 1 0 0 0 0 0 0 0 0 0
109 105 0 0 0 0 0 0 0 0 0 0 0 156 120 0 1 0 0 0 0 0 0 0 0 0
113 110 0 0 0 0 0 0 0 0 0 0 0 159 123 0 1 0 0 0 0 0 0 0 0 0
118 114 0 0 0 0 0 0 0 0 0 0 0 162 126 0 1 0 0 0 0 0 0 0 0 0
121 117 0 0 0 0 0 0 0 0 0 0 0 174 130 0 1 0 0 0 0 0 0 0 0 0
125 121 0 0 0 0 0 0 0 0 0 0 0 187 137 0 1 1 1 0 0 0 1 0 0 0
142 125 0 0 0 0 0 0 0 0 0 0 0 190 143 0 1 1 1 0 0 0 1 0 0 0
145 128 0 0 0 0 0 0 0 0 0 0 0 216 151 0 1 1 1 0 0 0 1 0 0 0
148 131 0 0 0 0 0 0 0 0 0 0 0 220 154 0 1 1 1 0 0 0 1 0 0 0
151 135 0 0 0 0 0 0 0 0 0 0 0 223 158 0 1 1 1 0 0 0 1 0 0 0
154 138 0 0 0 0 0 0 0 0 0 0 0 227 163 0 1 1 1 0 0 0 1 0 0 0
157 142 0 0 0 0 0 0 0 0 0 0 0 231 168 0 1 1 1 0 0 0 1 0 0 0
160 146 0 0 0 0 0 0 0 0 0 0 0 234 171 0 1 1 1 0 0 0 1 0 0 0
164 152 0 0 0 0 0 0 0 0 0 0 0 237 174 0 1 1 1 0 0 0 1 0 0 0
168 156 0 0 0 0 0 0 0 0 0 0 0 241 179 0 1 1 1 0 0 0 1 0 0 0
171 159 0 0 0 0 0 0 0 0 0 0 0 248 184 0 1 1 1 0 0 0 1 0 0 0
