# scores for worst/random/best/smart move selector strategies. 
# scores are 50% and 95% quantiles (based on 40 games) of: 
# game score, #destroyed, #unlocked, #stripes, #bombs, #zappers
0 0 0 0 0 0 0 0 0 0 0 0 0 12 12 0 0 0 0 0 0 0 0 0 0 0
4 4 0 0 0 0 0 0 0 0 0 0 0 17 17 0 0 0 0 0 0 0 0 0 0 0
12 12 0 0 0 0 0 0 0 0 0 0 0 29 25 0 0 0 0 0 0 0 0 0 0 0
16 16 0 0 0 0 0 0 0 0 0 0 0 43 28 0 0 0 0 0 0 0 0 0 0 0
23 22 0 0 0 0 0 0 0 0 0 0 0 72 35 1 1 0 0 0 0 0 0 0 0 0
29 28 0 0 0 0 0 0 0 0 0 0 0 98 48 2 2 0 0 1 0 0 0 0 0 0
37 36 0 0 0 0 0 0 0 0 0 0 0 102 52 2 2 0 0 1 0 0 0 0 0 0
45 40 0 0 0 0 0 0 0 0 0 0 0 112 62 3 2 1 1 1 0 0 1 0 0 0
60 46 0 0 0 0 0 0 0 0 0 0 0 176 86 4 2 1 1 1 0 0 1 0 0 0
72 52 0 0 0 0 0 0 0 0 0 0 0 187 92 4 2 1 1 1 0 0 1 0 0 0
88 59 0 0 0 0 0 0 0 0 0 0 0 202 97 4 3 1 1 1 0 0 1 0 0 0
97 62 1 1 0 0 0 0 0 0 0 0 0 213 106 4 3 1 1 1 0 0 1 0 0 0
109 68 1 1 0 0 0 0 0 0 0 0 0 221 118 4 3 1 1 1 0 0 1 0 0 0
118 76 1 2 0 0 0 0 0 0 0 0 0 299 130 5 4 1 1 1 1 0 1 0 0 0
137 82 1 2 0 0 0 0 0 0 0 0 0 325 141 5 5 1 1 1 1 0 1 0 0 0
164 89 1 2 0 0 0 0 0 0 0 0 0 341 146 6 5 1 1 1 1 0 1 0 0 0
176 97 1 2 0 0 0 0 0 0 0 0 0 348 150 6 5 1 1 1 1 0 1 0 0 0
182 102 2 2 0 0 0 0 0 0 0 0 0 385 161 6 6 1 2 2 1 0 2 0 0 0
210 110 2 3 0 0 0 0 0 0 0 0 0 391 170 6 6 1 2 2 1 0 2 0 0 0
220 118 2 3 0 0 0 0 0 0 0 0 0 416 176 6 7 1 2 2 1 0 2 0 0 0
236 123 2 3 0 0 1 0 0 0 0 0 0 420 181 6 7 1 2 2 1 0 2 0 0 0
263 134 2 3 0 0 1 0 0 0 0 0 0 446 192 8 8 1 2 2 1 0 2 0 0 0
291 144 2 4 0 0 1 0 0 0 0 0 0 476 204 8 9 2 2 2 1 0 2 0 0 0
300 156 3 5 0 0 1 0 0 0 0 0 0 505 211 9 10 2 2 2 1 0 2 0 0 0
329 162 3 5 0 0 1 0 0 0 0 0 0 508 219 9 10 2 2 2 1 0 2 0 0 0
352 170 3 5 0 0 1 0 0 0 0 0 0 513 225 9 10 2 2 2 1 0 2 0 0 0
378 180 3 5 0 0 1 0 0 0 0 0 0 526 231 9 10 2 2 2 1 0 2 0 0 0
398 185 3 6 0 0 1 0 0 0 0 0 0 531 243 9 10 2 2 2 1 0 2 0 0 0
407 191 3 6 0 0 1 0 0 0 0 0 0 539 249 9 10 2 2 2 1 0 2 0 0 0
410 197 3 6 0 0 1 0 0 0 0 0 0 545 253 9 11 2 2 3 1 0 2 0 0 0
433 201 3 6 0 0 1 0 0 0 0 0 0 627 273 9 11 2 2 3 1 0 2 0 0 0
449 205 4 6 0 0 1 0 0 0 0 0 0 707 291 9 12 2 2 3 1 0 2 0 0 0
452 208 4 7 0 0 1 0 0 0 0 0 0 712 299 9 12 2 2 3 1 0 2 0 0 0
455 218 4 7 0 0 1 0 0 0 0 0 0 974 323 9 16 2 2 3 1 0 2 0 0 0
484 225 4 7 1 0 1 0 0 0 0 0 0 1012 329 9 17 3 2 3 1 0 2 0 0 0
489 230 4 7 1 0 1 0 0 0 0 0 0 1040 333 9 18 3 2 3 1 0 2 0 0 0
500 236 4 7 1 0 1 0 0 0 0 0 0 1047 339 9 18 3 2 3 1 0 2 0 0 0
514 247 4 8 1 0 1 0 0 0 0 0 0 1052 358 9 18 3 2 3 1 0 2 0 0 0
531 254 4 8 1 0 1 0 0 0 0 0 0 1085 364 9 18 3 2 3 1 0 2 0 0 0
538 258 4 8 1 0 1 0 0 0 0 0 0 1089 367 9 18 3 3 3 1 0 3 0 0 0
567 267 4 8 1 0 1 0 0 0 0 0 0 1093 376 9 19 4 3 3 1 0 3 0 0 0
