# scores for worst/random/best/smart move selector strategies. 
# scores are 50% and 95% quantiles (based on 40 games) of: 
# game score, #destroyed, #unlocked, #stripes, #bombs, #zappers
0 0 0 0 0 0 0 0 0 0 0 0 0 12 12 0 0 0 0 0 0 0 0 0 0 0
3 3 0 0 0 0 0 0 0 0 0 0 0 15 15 0 0 0 0 0 0 0 0 0 0 0
9 9 0 0 0 0 0 0 0 0 0 0 0 22 22 0 0 0 0 0 0 0 0 0 0 0
12 12 0 0 0 0 0 0 0 0 0 0 0 33 26 0 0 0 0 0 0 0 0 0 0 0
18 18 0 0 0 0 0 0 0 0 0 0 0 41 32 1 1 0 0 0 0 0 0 0 0 0
22 22 0 0 0 0 0 0 0 0 0 0 0 52 35 1 1 0 0 0 0 0 0 0 0 0
30 30 0 0 0 0 0 0 0 0 0 0 0 60 40 1 1 0 0 0 0 0 0 0 0 0
36 33 0 0 0 0 0 0 0 0 0 0 0 83 52 2 1 0 0 0 0 0 0 0 0 0
41 39 0 0 0 0 0 0 0 0 0 0 0 88 55 2 1 0 0 0 0 0 0 0 0 0
45 42 0 0 0 0 0 0 0 0 0 0 0 117 59 2 1 1 0 0 0 0 0 0 0 0
48 46 0 0 0 0 0 0 0 0 0 0 0 120 62 2 1 1 0 0 0 0 0 0 0 0
56 51 0 0 0 0 0 0 0 0 0 0 0 128 71 2 1 1 0 0 0 0 0 0 0 0
68 55 0 0 0 0 0 0 0 0 0 0 0 137 79 2 2 1 0 0 0 0 0 0 0 0
73 61 0 0 0 0 0 0 0 0 0 0 0 140 87 3 2 1 0 0 0 0 0 0 0 0
80 65 0 0 0 0 0 0 0 0 0 0 0 154 96 3 2 1 0 0 0 0 0 0 0 0
87 69 0 1 0 0 0 0 0 0 0 0 0 161 103 3 2 1 0 0 0 0 0 0 0 0
91 73 0 1 0 0 0 0 0 0 0 0 0 164 107 3 2 1 0 0 0 0 0 0 0 0
105 80 0 1 0 0 0 0 0 0 0 0 0 169 114 3 2 1 0 0 0 0 0 0 0 0
112 86 0 1 0 0 0 0 0 0 0 0 0 176 117 3 2 1 0 0 0 0 0 0 0 0
115 89 0 1 0 0 0 0 0 0 0 0 0 182 125 3 2 1 0 0 0 0 0 0 0 0
119 94 0 1 0 0 0 0 0 0 0 0 0 187 129 3 2 1 0 0 0 0 0 0 0 0
134 100 0 1 0 0 0 0 0 0 0 0 0 237 136 4 2 1 0 0 0 0 0 0 0 0
137 104 0 1 0 0 0 0 0 0 0 0 0 240 139 4 2 1 0 0 0 0 0 0 0 0
143 109 0 1 0 0 0 0 0 0 0 0 0 245 146 4 2 1 0 0 0 0 0 0 0 0
156 114 1 1 0 0 0 0 0 0 0 0 0 249 152 4 2 1 1 0 0 0 1 0 0 0
166 120 1 1 0 0 0 0 0 0 0 0 0 254 155 4 3 1 1 0 0 0 1 0 0 0
172 123 1 1 0 0 0 0 0 0 0 0 0 275 159 4 3 1 1 0 0 0 1 0 0 0
175 128 1 1 0 0 0 0 0 0 0 0 0 278 165 4 3 1 1 0 0 0 1 0 0 0
181 132 1 1 0 0 0 0 0 0 0 0 0 305 176 4 4 1 1 0 0 0 1 0 0 0
193 139 2 2 0 0 0 0 0 0 0 0 0 319 186 4 4 1 1 0 0 0 1 0 0 0
203 143 2 2 0 0 0 0 0 0 0 0 0 322 192 4 4 1 1 0 0 0 1 0 0 0
206 149 2 2 0 0 0 0 0 0 0 0 0 331 196 4 4 1 1 0 0 0 1 0 0 0
214 157 2 2 0 0 0 0 0 0 0 0 0 338 201 4 5 1 1 0 0 0 1 0 0 0
217 160 2 2 0 0 0 0 0 0 0 0 0 343 209 4 5 1 1 0 0 0 1 0 0 0
221 165 2 2 0 0 0 0 0 0 0 0 0 363 213 4 5 1 1 0 0 0 1 0 0 0
228 171 2 2 0 0 0 0 0 0 0 0 0 394 230 4 5 1 1 0 0 0 1 0 0 0
239 175 2 2 0 0 0 0 0 0 0 0 0 437 251 4 5 1 1 0 0 0 1 0 0 0
244 179 2 2 0 0 0 0 0 0 0 0 0 464 268 4 5 2 1 0 0 0 1 0 0 0
260 183 2 2 0 0 0 0 0 0 0 0 0 467 271 4 5 2 1 1 0 0 1 0 0 0
266 188 2 2 0 0 0 0 0 0 0 0 0 479 276 4 5 2 1 1 0 0 1 0 0 0
283 194 2 2 0 0 0 0 0 0 0 0 0 518 284 5 5 2 1 1 0 0 1 0 0 0
