# scores for worst/random/best/smart move selector strategies. 
# scores are 50% and 95% quantiles (based on 40 games) of: 
# game score, #destroyed, #unlocked, #stripes, #bombs, #zappers
0 0 0 0 0 0 0 0 0 0 0 0 0 12 12 0 0 0 0 0 0 0 0 0 0 0
3 3 0 0 0 0 0 0 0 0 0 0 0 17 17 0 0 0 0 0 0 0 0 0 0 0
9 9 0 0 0 0 0 0 0 0 0 0 0 31 28 1 0 0 0 0 0 0 0 0 0 0
15 15 0 0 0 0 0 0 0 0 0 0 0 66 34 2 1 0 0 0 0 0 0 0 0 0
21 21 0 0 0 0 0 0 0 0 0 0 0 84 41 2 1 0 0 0 0 0 0 0 0 0
29 27 0 0 0 0 0 0 0 0 0 0 0 144 57 6 2 1 0 0 0 0 0 0 0 0
41 32 0 0 0 0 0 0 0 0 0 0 0 160 68 6 2 1 1 0 0 0 0 0 0 0
57 41 0 0 0 0 0 0 0 0 0 0 0 190 76 6 3 1 1 0 0 0 1 0 0 0
77 51 0 1 0 0 0 0 0 0 0 0 0 220 89 7 3 1 1 1 1 0 1 0 0 0
88 58 0 1 0 0 0 0 0 0 0 0 0 278 104 8 5 1 1 1 1 0 1 0 0 0
114 71 1 1 0 0 0 0 0 0 0 0 0 321 111 10 6 2 1 1 1 0 1 0 0 0
151 76 2 2 0 0 0 0 0 0 0 0 0 348 129 10 6 2 1 1 1 0 1 0 0 0
168 88 2 2 0 0 0 0 0 0 0 0 0 366 138 10 7 2 2 1 1 0 1 0 0 0
185 94 2 2 0 0 0 0 0 0 0 0 0 402 150 10 7 2 2 1 1 0 2 0 0 0
213 105 2 2 0 0 0 0 0 0 0 0 0 415 158 10 7 2 2 2 1 0 2 0 0 0
228 112 3 3 0 0 0 0 0 0 0 0 0 423 165 10 7 2 2 2 1 0 2 0 0 0
270 122 3 3 0 0 0 0 0 0 0 0 0 450 178 10 8 2 2 2 1 0 2 0 0 0
286 132 3 3 0 0 0 0 0 0 0 0 0 478 187 11 9 3 2 2 1 0 2 0 0 0
314 142 3 4 1 0 0 0 0 0 0 0 0 534 196 11 10 3 2 2 1 0 2 0 0 0
321 151 3 4 1 0 0 0 0 0 0 0 0 540 208 11 10 3 2 2 1 0 2 0 0 0
370 166 3 5 1 1 1 0 0 0 0 0 0 556 222 11 10 3 3 2 1 0 3 0 0 0
380 178 4 5 1 1 1 0 0 1 0 0 0 590 236 11 11 3 3 2 1 0 3 0 0 0
419 196 4 5 1 1 1 0 0 1 0 0 0 655 246 11 11 3 3 2 1 0 3 0 0 0
463 208 4 5 1 1 1 0 0 1 0 0 0 679 269 11 11 3 3 2 1 0 3 0 0 0
478 212 5 5 1 1 1 0 0 1 0 0 0 735 280 11 11 4 3 2 1 0 3 0 0 0
491 227 5 5 1 1 1 0 0 1 0 0 0 748 292 11 12 4 3 2 1 0 3 0 0 0
507 235 5 6 1 1 1 0 0 1 0 0 0 795 312 11 13 4 3 2 1 1 3 0 0 0
534 247 5 7 1 1 1 0 0 1 0 0 0 817 316 11 13 4 4 2 1 1 4 0 0 0
574 257 5 7 1 1 1 0 0 1 0 0 0 823 329 11 17 4 4 3 1 1 4 1 0 0
591 264 5 8 2 1 1 0 0 1 0 0 0 841 343 11 17 4 4 3 2 1 4 1 0 0
595 275 5 8 2 1 1 0 0 1 0 0 0 859 350 11 17 5 4 3 2 1 4 1 0 0
653 285 5 9 2 1 1 0 0 1 0 0 0 865 355 11 19 5 4 3 2 1 4 1 0 0
690 291 5 9 2 1 1 0 0 1 0 0 0 897 359 11 20 5 4 3 2 1 4 1 0 0
732 311 5 9 2 2 1 0 0 1 0 0 0 940 366 11 20 5 4 3 2 1 4 1 0 0
742 321 5 10 2 2 1 0 0 1 0 0 0 1120 387 11 22 5 4 3 2 1 4 1 0 0
754 328 5 10 2 2 1 0 0 1 0 0 0 1125 394 11 22 5 4 3 2 1 4 1 0 0
779 351 5 10 2 2 1 0 0 2 0 0 0 1165 421 11 22 5 4 3 2 1 4 1 0 0
818 363 5 10 2 2 1 0 0 2 0 0 0 1174 432 11 22 5 4 3 2 1 4 1 0 0
843 374 5 10 2 2 1 0 0 2 0 0 0 1228 467 11 22 5 4 4 2 1 4 1 0 0
881 389 5 11 2 2 1 1 0 2 0 0 0 1283 477 11 23 6 4 4 2 1 4 1 0 0
890 396 5 11 3 2 1 1 0 2 0 0 0 1289 484 11 23 6 4 4 2 1 4 1 0 0
