# scores for worst/random/best/smart move selector strategies. 
# scores are 50% and 95% quantiles (based on 40 games) of: 
# game score, #destroyed, #unlocked, #stripes, #bombs, #zappers
0 0 0 0 0 0 0 0 0 0 0 0 0 6 6 0 0 0 0 0 0 0 0 0 0 0
5 5 0 0 0 0 0 0 0 0 0 0 0 9 9 0 0 0 0 0 0 0 0 0 0 0
9 9 0 0 0 0 0 0 0 0 0 0 0 16 16 0 0 0 0 0 0 0 0 0 0 0
12 12 0 0 0 0 0 0 0 0 0 0 0 32 22 0 0 0 0 0 0 0 0 0 0 0
17 17 0 0 0 0 0 0 0 0 0 0 0 44 27 0 0 0 0 0 0 0 0 0 0 0
23 23 0 0 0 0 0 0 0 0 0 0 0 67 34 2 1 0 0 0 0 0 0 0 0 0
27 27 0 0 0 0 0 0 0 0 0 0 0 78 40 2 1 0 1 0 0 0 0 0 0 0
30 30 0 0 0 0 0 0 0 0 0 0 0 83 48 2 1 0 1 0 0 0 0 0 0 0
35 34 0 0 0 0 0 0 0 0 0 0 0 88 51 2 1 0 1 0 0 0 0 0 0 0
39 39 0 0 0 0 0 0 0 0 0 0 0 108 63 3 1 0 1 0 0 0 0 0 0 0
42 42 0 0 0 0 0 0 0 0 0 0 0 111 68 3 1 0 1 0 0 0 0 0 0 0
48 45 0 0 0 0 0 0 0 0 0 0 0 120 74 3 1 0 1 0 0 0 0 0 0 0
53 50 0 0 0 0 0 0 0 0 0 0 0 146 83 3 2 0 1 0 0 0 0 0 0 0
56 53 0 0 0 0 0 0 0 0 0 0 0 154 89 3 2 1 1 0 0 0 0 0 0 0
62 59 0 0 0 0 0 0 0 0 0 0 0 172 94 3 2 1 1 0 0 0 0 0 0 0
66 64 0 0 0 0 0 0 0 0 0 0 0 175 99 3 2 1 1 0 0 0 1 0 0 0
70 68 0 0 0 0 0 0 0 0 0 0 0 180 102 3 2 1 1 0 0 0 1 0 0 0
75 72 0 0 0 0 0 0 0 0 0 0 0 185 106 3 2 1 1 0 0 0 1 0 0 0
79 76 0 0 0 0 0 0 0 0 0 0 0 188 111 3 2 1 1 0 0 0 1 0 0 0
94 82 0 0 0 0 0 0 0 0 0 0 0 191 115 4 2 1 1 1 0 0 1 0 0 0
99 86 0 0 0 0 0 0 0 0 0 0 0 197 120 5 2 1 1 1 0 0 1 0 0 0
104 90 0 1 0 0 0 0 0 0 0 0 0 203 127 5 3 1 1 1 0 0 1 0 0 0
110 96 0 1 0 0 0 0 0 0 0 0 0 214 133 5 3 1 1 1 0 0 1 0 0 0
116 101 0 1 0 0 0 0 0 0 0 0 0 247 142 5 3 1 1 1 0 0 1 0 0 0
119 107 0 1 0 0 0 0 0 0 0 0 0 321 158 6 5 1 1 1 1 0 1 0 0 0
137 113 0 1 0 0 0 0 0 0 0 0 0 329 169 6 5 1 1 1 1 0 1 0 0 0
146 117 0 1 0 0 0 0 0 0 0 0 0 333 173 6 5 1 1 1 1 0 1 0 0 0
151 122 0 1 0 0 0 0 0 0 0 0 0 354 176 6 6 1 1 1 1 0 1 0 0 0
162 128 1 1 0 0 0 0 0 0 0 0 0 370 180 8 6 1 1 1 1 0 1 0 0 0
169 131 1 1 0 0 0 0 0 0 0 0 0 375 183 8 6 1 1 1 1 0 1 0 0 0
175 138 1 2 0 0 0 0 0 0 0 0 0 390 195 9 7 1 1 1 1 0 1 0 0 0
180 146 1 2 0 0 0 0 0 0 0 0 0 395 200 9 7 1 1 1 1 0 1 0 0 0
193 149 1 2 0 0 0 0 0 0 0 0 0 417 211 9 7 1 1 1 1 0 1 0 0 0
209 155 1 2 0 0 0 0 0 0 0 0 0 428 217 9 7 1 1 1 1 0 1 0 0 0
212 159 1 2 0 0 0 0 0 0 0 0 0 498 224 9 8 1 1 1 1 0 1 0 0 0
224 162 1 2 0 0 0 0 0 0 0 0 0 520 230 9 8 1 1 1 1 0 1 0 0 0
227 168 1 2 0 0 0 0 0 0 0 0 0 523 233 9 8 1 1 1 1 0 1 0 0 0
230 172 1 2 0 0 0 0 0 0 0 0 0 530 238 9 8 1 1 1 1 0 1 0 0 0
254 178 1 2 0 0 0 0 0 0 0 0 0 536 241 9 8 1 1 1 1 0 1 0 0 0
257 183 2 2 0 0 0 0 0 0 0 0 0 542 245 9 8 1 1 1 1 0 1 0 0 0
262 187 2 2 0 0 0 0 0 0 0 0 0 545 248 9 9 1 1 1 1 0 1 0 0 0
