# scores for worst/random/best/smart move selector strategies. 
# scores are 50% and 95% quantiles (based on 40 games) of: 
# game score, #destroyed, #unlocked, #stripes, #bombs, #zappers
0 0 0 0 0 0 0 0 0 0 0 0 0 6 6 0 0 0 0 0 0 0 0 0 0 0
3 3 0 0 0 0 0 0 0 0 0 0 0 9 9 0 0 0 0 0 0 0 0 0 0 0
9 9 0 0 0 0 0 0 0 0 0 0 0 15 15 0 0 0 0 0 0 0 0 0 0 0
12 12 0 0 0 0 0 0 0 0 0 0 0 21 21 0 0 0 0 0 0 0 0 0 0 0
17 17 0 0 0 0 0 0 0 0 0 0 0 24 24 0 0 0 0 0 0 0 0 0 0 0
21 21 0 0 0 0 0 0 0 0 0 0 0 41 29 0 0 0 0 0 0 0 0 0 0 0
24 24 0 0 0 0 0 0 0 0 0 0 0 62 33 0 1 0 0 0 0 0 0 0 0 0
30 30 0 0 0 0 0 0 0 0 0 0 0 66 39 0 1 0 0 0 0 0 0 0 0 0
36 36 0 0 0 0 0 0 0 0 0 0 0 78 50 0 1 0 0 0 0 0 0 0 0 0
39 39 0 0 0 0 0 0 0 0 0 0 0 81 57 0 1 0 0 0 0 0 0 0 0 0
42 42 0 0 0 0 0 0 0 0 0 0 0 96 60 0 1 0 0 0 0 0 0 0 0 0
48 48 0 0 0 0 0 0 0 0 0 0 0 101 66 0 1 0 0 0 0 0 0 0 0 0
51 51 0 0 0 0 0 0 0 0 0 0 0 105 69 0 1 0 0 0 0 0 0 0 0 0
56 54 0 0 0 0 0 0 0 0 0 0 0 108 72 0 1 0 0 0 0 0 0 0 0 0
60 60 0 0 0 0 0 0 0 0 0 0 0 113 77 0 1 0 0 0 0 0 0 0 0 0
66 64 0 0 0 0 0 0 0 0 0 0 0 116 80 0 1 0 0 0 0 0 0 0 0 0
71 69 0 0 0 0 0 0 0 0 0 0 0 128 86 2 1 0 0 0 0 0 0 0 0 0
75 74 0 0 0 0 0 0 0 0 0 0 0 131 89 2 1 0 0 0 0 0 0 0 0 0
78 77 0 0 0 0 0 0 0 0 0 0 0 169 96 3 2 1 0 0 0 0 0 0 0 0
83 81 0 0 0 0 0 0 0 0 0 0 0 175 104 3 2 1 0 0 0 0 0 0 0 0
86 84 0 0 0 0 0 0 0 0 0 0 0 180 110 3 2 1 0 0 0 0 0 0 0 0
93 91 0 0 0 0 0 0 0 0 0 0 0 186 113 3 2 1 0 0 0 0 0 0 0 0
96 95 0 0 0 0 0 0 0 0 0 0 0 190 121 3 2 1 0 0 0 0 0 0 0 0
99 98 0 0 0 0 0 0 0 0 0 0 0 193 125 3 2 1 0 0 0 0 0 0 0 0
102 101 0 0 0 0 0 0 0 0 0 0 0 197 133 3 2 1 0 0 0 0 0 0 0 0
107 104 0 0 0 0 0 0 0 0 0 0 0 200 136 3 2 1 0 0 0 0 0 0 0 0
112 108 0 0 0 0 0 0 0 0 0 0 0 204 139 3 2 1 0 0 0 0 0 0 0 0
119 113 0 0 0 0 0 0 0 0 0 0 0 219 144 3 2 1 0 0 0 0 0 0 0 0
130 117 0 0 0 0 0 0 0 0 0 0 0 224 148 3 2 1 0 0 0 0 0 0 0 0
138 121 0 0 0 0 0 0 0 0 0 0 0 227 152 3 2 1 0 0 0 0 0 0 0 0
143 127 0 0 0 0 0 0 0 0 0 0 0 230 155 3 2 1 0 0 0 0 0 0 0 0
149 132 0 1 0 0 0 0 0 0 0 0 0 234 158 4 2 1 0 0 0 0 0 0 0 0
156 137 0 1 0 0 0 0 0 0 0 0 0 239 162 4 2 1 0 0 0 0 0 0 0 0
160 140 0 1 0 0 0 0 0 0 0 0 0 246 168 4 3 1 0 0 0 0 0 0 0 0
166 144 0 1 0 0 0 0 0 0 0 0 0 251 172 4 3 1 0 0 0 0 0 0 0 0
172 150 0 1 0 0 0 0 0 0 0 0 0 254 176 4 3 1 0 0 0 0 0 0 0 0
176 155 0 1 0 0 0 0 0 0 0 0 0 277 182 6 3 1 0 0 0 0 0 0 0 0
192 160 0 1 0 0 0 0 0 0 0 0 0 280 195 6 4 1 0 0 0 0 0 0 0 0
199 167 0 1 0 0 0 0 0 0 0 0 0 297 200 6 4 1 0 0 0 0 0 0 0 0
205 170 0 1 0 0 0 0 0 0 0 0 0 304 203 6 4 1 0 0 0 0 0 0 0 0
209 173 0 1 0 0 0 0 0 0 0 0 0 309 207 6 4 1 0 0 0 0 0 0 0 0
