# scores for worst/random/best/smart move selector strategies. 
# scores are 50% and 95% quantiles (based on 40 games) of: 
# game score, #destroyed, #unlocked, #stripes, #bombs, #zappers
0 0 0 0 0 0 0 0 0 0 0 0 0 6 6 0 0 0 0 0 0 0 0 0 0 0
3 3 0 0 0 0 0 0 0 0 0 0 0 9 9 0 0 0 0 0 0 0 0 0 0 0
9 9 0 0 0 0 0 0 0 0 0 0 0 16 16 0 0 0 0 0 0 0 0 0 0 0
12 12 0 0 0 0 0 0 0 0 0 0 0 25 22 0 0 0 0 0 0 0 0 0 0 0
18 18 0 0 0 0 0 0 0 0 0 0 0 43 27 0 1 0 0 0 0 0 0 0 0 0
21 21 0 0 0 0 0 0 0 0 0 0 0 54 32 1 1 0 0 0 0 0 0 0 0 0
27 26 0 0 0 0 0 0 0 0 0 0 0 80 40 1 1 0 0 0 0 0 0 0 0 0
30 30 0 0 0 0 0 0 0 0 0 0 0 99 48 1 1 0 0 0 0 0 0 0 0 0
35 34 0 0 0 0 0 0 0 0 0 0 0 114 57 2 1 0 0 0 0 0 0 0 0 0
39 39 0 0 0 0 0 0 0 0 0 0 0 132 65 2 1 0 0 0 0 0 0 0 0 0
44 44 0 0 0 0 0 0 0 0 0 0 0 136 70 2 1 0 0 0 0 0 0 0 0 0
47 47 0 0 0 0 0 0 0 0 0 0 0 140 79 2 1 0 0 0 0 0 0 0 0 0
52 52 0 0 0 0 0 0 0 0 0 0 0 163 93 2 2 0 0 0 0 0 0 0 0 0
59 58 0 0 0 0 0 0 0 0 0 0 0 186 101 4 3 0 1 0 0 0 1 0 0 0
69 62 0 0 0 0 0 0 0 0 0 0 0 190 107 5 3 0 1 1 0 0 1 0 0 0
83 69 0 0 0 0 0 0 0 0 0 0 0 231 115 6 3 1 1 1 0 0 1 0 0 0
89 72 0 0 0 0 0 0 0 0 0 0 0 239 121 6 3 1 1 1 0 0 1 0 0 0
94 75 0 0 0 0 0 0 0 0 0 0 0 260 127 6 3 1 1 1 1 0 1 0 0 0
97 82 0 1 0 0 0 0 0 0 0 0 0 267 132 6 3 1 1 1 1 0 1 0 0 0
108 86 0 1 0 0 0 0 0 0 0 0 0 273 136 7 4 1 1 1 1 0 1 0 0 0
116 91 0 1 0 0 0 0 0 0 0 0 0 319 145 7 4 1 1 1 1 0 1 0 0 0
124 97 0 1 0 0 0 0 0 0 0 0 0 323 153 7 4 1 1 1 1 0 1 0 0 0
134 103 0 1 0 0 0 0 0 0 0 0 0 350 163 8 5 1 1 1 1 0 1 0 0 0
144 107 1 2 0 0 0 0 0 0 0 0 0 405 172 8 5 2 1 1 1 0 1 0 0 0
148 114 1 2 0 0 0 0 0 0 0 0 0 439 180 8 5 2 1 1 1 0 1 0 0 0
161 117 1 2 0 0 0 0 0 0 0 0 0 445 186 8 5 2 1 1 1 0 1 0 0 0
166 121 1 2 0 0 0 0 0 0 0 0 0 487 205 8 6 2 1 1 1 0 1 0 0 0
179 129 1 2 0 0 0 0 0 0 0 0 0 493 209 9 7 2 1 1 1 0 1 0 0 0
200 137 2 2 0 0 0 0 0 0 0 0 0 517 224 9 8 2 1 1 1 0 1 0 0 0
215 143 3 2 0 0 0 0 0 0 0 0 0 521 229 9 8 2 1 1 1 0 1 0 0 0
224 149 3 2 0 0 0 0 0 0 0 0 0 525 236 9 8 2 1 1 1 0 1 0 0 0
229 152 3 3 0 0 0 0 0 0 0 0 0 557 245 9 8 2 1 1 1 0 1 0 0 0
241 162 3 3 0 0 0 0 0 0 0 0 0 564 252 9 9 2 1 1 1 0 1 0 0 0
244 170 3 3 0 0 0 0 0 0 0 0 0 581 263 9 9 2 1 2 2 0 1 0 0 0
257 177 3 3 0 0 0 0 0 0 0 0 0 586 266 9 9 2 1 2 2 0 1 0 0 0
277 183 3 3 0 0 0 0 0 0 0 0 0 590 271 9 9 2 1 2 2 0 1 0 0 0
307 189 3 4 0 0 0 0 0 0 0 0 0 600 280 9 9 2 1 2 2 0 1 0 0 0
319 197 3 4 0 0 0 0 0 0 0 0 0 611 283 9 9 2 1 2 2 0 1 0 0 0
339 212 4 4 0 0 0 0 0 0 0 0 0 615 288 9 9 2 1 2 2 0 1 0 0 0
350 219 4 5 0 0 0 0 0 0 0 0 0 668 304 9 11 2 1 2 2 0 1 0 0 0
359 226 4 5 0 0 0 0 0 0 0 0 0 671 307 9 11 2 1 2 2 0 1 0 0 0
