# scores for worst/random/best/smart move selector strategies. 
# scores are 50% and 95% quantiles (based on 40 games) of: 
# game score, #destroyed, #unlocked, #stripes, #bombs, #zappers
0 0 0 0 0 0 0 0 0 0 0 0 0 6 6 0 0 0 0 0 0 0 0 0 0 0
4 4 0 0 0 0 0 0 0 0 0 0 0 9 9 0 0 0 0 0 0 0 0 0 0 0
9 9 0 0 0 0 0 0 0 0 0 0 0 15 15 0 0 0 0 0 0 0 0 0 0 0
12 12 0 0 0 0 0 0 0 0 0 0 0 23 23 0 0 0 0 0 0 0 0 0 0 0
15 15 0 0 0 0 0 0 0 0 0 0 0 27 27 0 0 0 0 0 0 0 0 0 0 0
19 19 0 0 0 0 0 0 0 0 0 0 0 31 31 0 0 0 0 0 0 0 0 0 0 0
24 24 0 0 0 0 0 0 0 0 0 0 0 37 37 0 0 0 0 0 0 0 0 0 0 0
27 27 0 0 0 0 0 0 0 0 0 0 0 40 40 0 0 0 0 0 0 0 0 0 0 0
33 33 0 0 0 0 0 0 0 0 0 0 0 43 43 0 0 0 0 0 0 0 0 0 0 0
36 36 0 0 0 0 0 0 0 0 0 0 0 49 49 0 0 0 0 0 0 0 0 0 0 0
40 40 0 0 0 0 0 0 0 0 0 0 0 53 52 0 0 0 0 0 0 0 0 0 0 0
45 45 0 0 0 0 0 0 0 0 0 0 0 62 61 0 0 0 0 0 0 0 0 0 0 0
48 48 0 0 0 0 0 0 0 0 0 0 0 95 65 2 1 0 0 0 0 0 0 0 0 0
51 51 0 0 0 0 0 0 0 0 0 0 0 99 69 2 1 0 0 0 0 0 0 0 0 0
54 54 0 0 0 0 0 0 0 0 0 0 0 111 72 2 1 0 0 0 0 0 0 0 0 0
57 57 0 0 0 0 0 0 0 0 0 0 0 114 75 2 1 0 0 0 0 0 0 0 0 0
62 62 0 0 0 0 0 0 0 0 0 0 0 136 87 2 1 1 0 0 0 0 0 0 0 0
66 66 0 0 0 0 0 0 0 0 0 0 0 139 90 2 1 1 0 0 0 0 0 0 0 0
72 72 0 0 0 0 0 0 0 0 0 0 0 159 98 2 1 1 0 0 0 0 0 0 0 0
75 75 0 0 0 0 0 0 0 0 0 0 0 166 101 2 1 1 0 0 0 0 0 0 0 0
79 78 0 0 0 0 0 0 0 0 0 0 0 174 105 2 1 1 0 0 0 0 0 0 0 0
85 82 0 0 0 0 0 0 0 0 0 0 0 177 110 2 1 1 0 0 0 0 0 0 0 0
90 87 0 0 0 0 0 0 0 0 0 0 0 180 113 3 1 1 0 0 0 0 0 0 0 0
94 92 0 0 0 0 0 0 0 0 0 0 0 183 116 3 1 1 0 0 0 0 0 0 0 0
99 99 0 0 0 0 0 0 0 0 0 0 0 187 120 3 1 1 0 0 0 0 0 0 0 0
104 102 0 0 0 0 0 0 0 0 0 0 0 190 125 3 1 1 0 0 0 0 0 0 0 0
108 107 0 0 0 0 0 0 0 0 0 0 0 193 129 3 1 1 0 0 0 0 0 0 0 0
115 111 0 0 0 0 0 0 0 0 0 0 0 198 132 3 1 1 0 0 0 0 0 0 0 0
119 115 0 0 0 0 0 0 0 0 0 0 0 202 137 3 1 1 0 0 0 0 0 0 0 0
123 120 0 0 0 0 0 0 0 0 0 0 0 207 144 3 1 1 0 0 0 0 0 0 0 0
131 123 0 0 0 0 0 0 0 0 0 0 0 210 149 3 1 1 0 0 0 0 0 0 0 0
137 129 0 0 0 0 0 0 0 0 0 0 0 216 152 3 1 1 0 0 0 0 0 0 0 0
142 135 0 0 0 0 0 0 0 0 0 0 0 219 159 3 1 1 0 0 0 0 0 0 0 0
146 138 0 0 0 0 0 0 0 0 0 0 0 222 162 3 1 1 0 0 0 0 0 0 0 0
152 142 0 0 0 0 0 0 0 0 0 0 0 226 169 3 1 1 0 0 0 0 0 0 0 0
156 147 0 0 0 0 0 0 0 0 0 0 0 229 172 3 1 1 0 0 0 0 0 0 0 0
159 150 0 0 0 0 0 0 0 0 0 0 0 232 175 3 1 1 0 0 0 0 0 0 0 0
163 153 0 0 0 0 0 0 0 0 0 0 0 246 183 3 1 1 0 0 0 0 0 0 0 0
166 160 0 0 0 0 0 0 0 0 0 0 0 254 190 3 2 1 0 0 0 0 0 0 0 0
170 165 0 0 0 0 0 0 0 0 0 0 0 257 196 3 2 1 0 0 0 0 0 0 0 0
174 168 0 0 0 0 0 0 0 0 0 0 0 260 199 3 2 1 0 0 0 0 0 0 0 0
