# scores for worst/random/best/smart move selector strategies. 
# scores are 50% and 95% quantiles (based on 40 games) of: 
# game score, #destroyed, #unlocked, #stripes, #bombs, #zappers
3 3 0 0 0 0 0 0 0 0 0 0 0 12 12 0 0 0 0 0 0 0 0 0 0 0
6 6 0 0 0 0 0 0 0 0 0 0 0 15 15 0 0 0 0 0 0 0 0 0 0 0
9 9 0 0 0 0 0 0 0 0 0 0 0 20 20 0 0 0 0 0 0 0 0 0 0 0
13 13 0 0 0 0 0 0 0 0 0 0 0 29 29 0 0 0 0 0 0 0 0 0 0 0
17 17 0 0 0 0 0 0 0 0 0 0 0 33 33 0 0 0 0 0 0 0 0 0 0 0
21 21 0 0 0 0 0 0 0 0 0 0 0 36 36 0 0 0 0 0 0 0 0 0 0 0
25 25 0 0 0 0 0 0 0 0 0 0 0 57 40 0 0 0 0 0 0 0 0 0 0 0
29 29 0 0 0 0 0 0 0 0 0 0 0 75 43 0 0 0 0 0 0 0 0 0 0 0
33 33 0 0 0 0 0 0 0 0 0 0 0 78 47 0 0 0 0 0 0 0 0 0 0 0
37 37 0 0 0 0 0 0 0 0 0 0 0 84 54 0 1 0 0 0 0 0 0 0 0 0
40 40 0 0 0 0 0 0 0 0 0 0 0 87 57 0 1 0 0 0 0 0 0 0 0 0
44 44 0 0 0 0 0 0 0 0 0 0 0 90 60 0 1 0 0 0 0 0 0 0 0 0
48 48 0 0 0 0 0 0 0 0 0 0 0 96 66 0 1 0 0 0 0 0 0 0 0 0
51 51 0 0 0 0 0 0 0 0 0 0 0 99 69 0 1 0 0 0 0 0 0 0 0 0
56 56 0 0 0 0 0 0 0 0 0 0 0 105 76 0 1 0 0 0 0 0 0 0 0 0
60 60 0 0 0 0 0 0 0 0 0 0 0 109 79 0 1 0 0 0 0 0 0 0 0 0
63 63 0 0 0 0 0 0 0 0 0 0 0 112 82 0 1 0 0 0 0 0 0 0 0 0
67 67 0 0 0 0 0 0 0 0 0 0 0 116 85 0 1 0 0 0 0 0 0 0 0 0
71 70 0 0 0 0 0 0 0 0 0 0 0 122 89 0 1 0 0 0 0 0 0 0 0 0
75 73 0 0 0 0 0 0 0 0 0 0 0 128 96 0 1 0 0 0 0 0 0 0 0 0
83 78 0 0 0 0 0 0 0 0 0 0 0 138 99 0 2 0 0 0 0 0 0 0 0 0
90 81 0 0 0 0 0 0 0 0 0 0 0 156 103 0 2 0 0 0 0 0 0 0 0 0
93 85 0 0 0 0 0 0 0 0 0 0 0 161 106 0 2 0 0 0 0 0 0 0 0 0
98 89 0 0 0 0 0 0 0 0 0 0 0 174 111 0 2 0 0 0 0 0 0 0 0 0
104 94 0 0 0 0 0 0 0 0 0 0 0 177 115 0 3 0 0 0 0 0 0 0 0 0
107 101 0 0 0 0 0 0 0 0 0 0 0 180 119 0 3 0 0 0 0 0 0 0 0 0
110 105 0 0 0 0 0 0 0 0 0 0 0 188 126 0 3 0 0 0 0 0 0 0 0 0
114 108 0 0 0 0 0 0 0 0 0 0 0 199 132 0 3 0 0 0 0 0 0 0 0 0
123 114 0 0 0 0 0 0 0 0 0 0 0 203 135 0 3 0 0 0 0 0 0 0 0 0
129 118 0 0 0 0 0 0 0 0 0 0 0 208 143 0 3 0 0 0 0 0 0 0 0 0
134 121 0 0 0 0 0 0 0 0 0 0 0 217 148 0 3 0 0 0 0 0 0 0 0 0
141 125 0 1 0 0 0 0 0 0 0 0 0 222 152 0 3 0 0 0 0 0 0 0 0 0
148 128 0 1 0 0 0 0 0 0 0 0 0 228 157 0 3 0 0 1 0 0 0 0 0 0
159 132 0 1 0 0 0 0 0 0 0 0 0 231 162 0 3 0 0 1 0 0 0 0 0 0
162 136 0 1 0 0 0 0 0 0 0 0 0 234 166 0 3 0 0 1 0 0 0 0 0 0
167 139 0 1 0 0 0 0 0 0 0 0 0 237 169 0 3 0 0 1 0 0 0 0 0 0
171 143 0 1 0 0 0 0 0 0 0 0 0 250 174 0 3 0 0 1 0 0 0 0 0 0
176 146 0 1 0 0 0 0 0 0 0 0 0 267 185 0 3 1 0 1 0 0 0 0 0 0
179 149 0 1 0 0 0 0 0 0 0 0 0 272 189 0 3 1 0 1 0 0 0 0 0 0
184 155 0 1 0 0 0 0 0 0 0 0 0 291 200 0 4 1 0 1 0 0 0 0 0 0
188 158 0 1 0 0 0 0 0 0 0 0 0 294 203 0 4 1 0 1 0 0 0 0 0 0
