# scores for worst/random/best/smart move selector strategies. 
# scores are 50% and 95% quantiles (based on 40 games) of: 
# game score, #destroyed, #unlocked, #stripes, #bombs, #zappers
3 3 0 0 0 0 0 0 0 0 0 0 0 12 12 0 0 0 0 0 0 0 0 0 0 0
8 8 0 0 0 0 0 0 0 0 0 0 0 18 18 0 0 0 0 0 0 0 0 0 0 0
13 13 0 0 0 0 0 0 0 0 0 0 0 44 28 0 1 0 0 0 0 0 0 0 0 0
21 20 0 0 0 0 0 0 0 0 0 0 0 62 36 0 1 0 0 0 0 0 0 0 0 0
29 26 0 0 0 0 0 0 0 0 0 0 0 102 46 0 1 1 0 0 0 0 0 0 0 0
52 33 0 0 0 0 0 0 0 0 0 0 0 108 53 0 2 1 0 1 0 0 0 0 0 0
68 41 0 1 0 0 0 0 0 0 0 0 0 153 66 0 2 1 0 1 0 0 0 0 0 0
78 47 0 1 0 0 0 0 0 0 0 0 0 165 71 0 2 1 0 1 0 0 0 0 0 0
91 53 0 1 0 0 0 0 0 0 0 0 0 195 81 0 3 1 1 1 1 0 1 0 0 0
119 61 0 1 0 0 0 0 0 0 0 0 0 229 92 0 4 1 1 1 1 0 1 0 0 0
125 66 0 2 0 0 0 0 0 0 0 0 0 233 97 0 4 1 1 1 1 0 1 0 0 0
128 70 0 2 0 0 0 0 0 0 0 0 0 236 102 0 4 1 1 1 1 0 1 0 0 0
137 76 0 2 0 0 0 0 0 0 0 0 0 245 108 0 5 1 1 1 1 0 1 0 0 0
166 84 0 2 0 0 0 0 0 0 0 0 0 297 117 0 5 1 1 1 1 0 1 0 0 0
177 91 0 3 0 0 0 0 0 0 0 0 0 306 123 0 5 1 1 1 1 0 1 0 0 0
195 102 0 3 0 0 0 0 0 0 0 0 0 317 137 0 5 1 1 2 1 0 1 0 0 0
205 108 0 4 0 0 0 0 0 0 0 0 0 324 147 1 5 1 1 2 1 0 1 0 0 0
212 113 0 4 0 0 0 0 0 0 0 0 0 342 154 1 5 1 1 2 1 0 1 0 0 0
225 124 0 4 0 0 0 0 0 0 0 0 0 348 164 1 6 1 1 2 1 0 1 0 0 0
261 134 0 4 0 0 0 0 0 0 0 0 0 370 169 1 6 2 1 2 1 0 1 0 0 0
274 142 0 4 0 0 0 0 0 0 0 0 0 383 175 1 7 2 2 2 1 0 2 0 0 0
289 146 0 4 0 0 0 0 0 0 0 0 0 414 180 1 7 2 2 2 1 0 2 0 0 0
293 153 0 5 0 0 0 0 0 0 0 0 0 435 186 1 7 2 2 2 1 0 2 0 0 0
315 158 0 5 0 0 0 0 0 0 0 0 0 453 198 1 7 2 2 2 1 0 2 0 0 0
342 167 0 5 0 0 1 0 0 0 0 0 0 520 204 1 10 2 2 2 1 0 2 0 0 0
356 174 0 6 1 0 1 0 0 0 0 0 0 544 209 1 10 2 2 2 1 0 2 0 0 0
364 181 0 6 1 0 1 0 0 0 0 0 0 554 213 1 11 2 2 2 1 0 2 0 0 0
381 188 0 6 1 0 1 0 0 0 0 0 0 597 219 1 11 2 2 2 1 0 2 0 0 0
390 193 0 6 1 0 1 0 0 0 0 0 0 660 225 1 11 2 2 2 1 0 2 0 0 0
408 199 0 6 1 0 1 0 0 0 0 0 0 695 236 1 11 2 3 3 1 0 2 0 0 0
431 213 0 7 1 1 1 0 0 0 0 0 0 745 248 1 15 2 3 3 1 0 2 1 0 0
461 221 0 7 1 1 1 0 0 1 0 0 0 791 267 1 19 2 3 3 1 0 2 1 0 0
491 226 0 8 1 1 1 0 0 1 0 0 0 817 283 1 19 2 3 3 1 0 2 1 0 0
495 229 0 8 1 1 1 0 0 1 0 0 0 842 292 1 19 3 3 3 1 0 2 1 0 0
505 240 0 8 1 1 1 0 0 1 0 0 0 887 311 1 20 3 3 3 1 0 3 1 0 0
511 245 0 8 1 1 1 0 0 1 0 0 0 911 320 1 20 3 3 3 1 0 3 1 0 0
517 252 0 8 1 1 1 0 0 1 0 0 0 935 325 1 20 3 3 3 1 0 3 1 0 0
556 263 0 9 1 1 1 0 0 1 0 0 0 949 334 1 20 3 3 3 1 0 3 1 0 0
585 269 0 9 1 1 1 0 0 1 0 0 0 969 359 1 20 3 3 3 1 0 3 1 0 0
602 279 0 9 1 1 1 0 0 1 0 0 0 974 363 1 22 3 3 3 1 0 3 1 0 0
624 285 0 9 1 1 1 0 0 1 0 0 0 991 374 1 22 3 3 3 1 0 3 1 0 0
