# scores for worst/random/best/smart move selector strategies. 
# scores are 50% and 95% quantiles (based on 40 games) of: 
# game score, #destroyed, #unlocked, #stripes, #bombs, #zappers
3 3 0 0 0 0 0 0 0 0 0 0 0 12 12 0 0 0 0 0 0 0 0 0 0 0
6 6 0 0 0 0 0 0 0 0 0 0 0 15 15 0 0 0 0 0 0 0 0 0 0 0
9 9 0 0 0 0 0 0 0 0 0 0 0 18 18 0 0 0 0 0 0 0 0 0 0 0
14 14 0 0 0 0 0 0 0 0 0 0 0 21 21 0 0 0 0 0 0 0 0 0 0 0
18 18 0 0 0 0 0 0 0 0 0 0 0 25 25 0 0 0 0 0 0 0 0 0 0 0
21 21 0 0 0 0 0 0 0 0 0 0 0 29 29 0 0 0 0 0 0 0 0 0 0 0
24 24 0 0 0 0 0 0 0 0 0 0 0 37 37 0 0 0 0 0 0 0 0 0 0 0
29 29 0 0 0 0 0 0 0 0 0 0 0 41 41 0 0 0 0 0 0 0 0 0 0 0
33 33 0 0 0 0 0 0 0 0 0 0 0 44 44 0 0 0 0 0 0 0 0 0 0 0
36 36 0 0 0 0 0 0 0 0 0 0 0 47 47 0 0 0 0 0 0 0 0 0 0 0
39 39 0 0 0 0 0 0 0 0 0 0 0 51 51 0 0 0 0 0 0 0 0 0 0 0
42 42 0 0 0 0 0 0 0 0 0 0 0 56 54 0 0 0 0 0 0 0 0 0 0 0
46 46 0 0 0 0 0 0 0 0 0 0 0 59 57 0 0 0 0 0 0 0 0 0 0 0
49 49 0 0 0 0 0 0 0 0 0 0 0 62 61 0 0 0 0 0 0 0 0 0 0 0
54 54 0 0 0 0 0 0 0 0 0 0 0 68 65 0 0 0 0 0 0 0 0 0 0 0
57 57 0 0 0 0 0 0 0 0 0 0 0 72 70 0 0 0 0 0 0 0 0 0 0 0
62 62 0 0 0 0 0 0 0 0 0 0 0 75 73 0 0 0 0 0 0 0 0 0 0 0
66 66 0 0 0 0 0 0 0 0 0 0 0 78 76 0 0 0 0 0 0 0 0 0 0 0
69 69 0 0 0 0 0 0 0 0 0 0 0 95 81 0 0 0 0 0 0 0 0 0 0 0
72 72 0 0 0 0 0 0 0 0 0 0 0 109 89 0 1 0 0 0 0 0 0 0 0 0
77 77 0 0 0 0 0 0 0 0 0 0 0 112 92 0 1 0 0 0 0 0 0 0 0 0
80 80 0 0 0 0 0 0 0 0 0 0 0 115 95 0 1 0 0 0 0 0 0 0 0 0
84 84 0 0 0 0 0 0 0 0 0 0 0 124 98 0 1 0 0 0 0 0 0 0 0 0
87 87 0 0 0 0 0 0 0 0 0 0 0 127 105 0 1 0 0 0 0 0 0 0 0 0
92 92 0 0 0 0 0 0 0 0 0 0 0 131 108 0 1 0 0 0 0 0 0 0 0 0
96 96 0 0 0 0 0 0 0 0 0 0 0 134 111 0 1 0 0 0 0 0 0 0 0 0
99 99 0 0 0 0 0 0 0 0 0 0 0 139 117 0 1 0 0 0 0 0 0 0 0 0
102 102 0 0 0 0 0 0 0 0 0 0 0 142 121 0 1 0 0 0 0 0 0 0 0 0
107 105 0 0 0 0 0 0 0 0 0 0 0 146 125 0 1 0 0 0 0 0 0 0 0 0
110 108 0 0 0 0 0 0 0 0 0 0 0 152 131 0 1 0 0 0 0 0 0 0 0 0
114 114 0 0 0 0 0 0 0 0 0 0 0 155 134 0 1 0 0 0 0 0 0 0 0 0
117 117 0 0 0 0 0 0 0 0 0 0 0 158 137 0 1 0 0 0 0 0 0 0 0 0
121 120 0 0 0 0 0 0 0 0 0 0 0 161 141 0 1 0 0 0 0 0 0 0 0 0
124 124 0 0 0 0 0 0 0 0 0 0 0 177 144 0 1 0 0 0 0 0 0 0 0 0
128 128 0 0 0 0 0 0 0 0 0 0 0 180 149 0 1 0 0 0 0 0 0 0 0 0
131 131 0 0 0 0 0 0 0 0 0 0 0 183 152 0 1 0 0 0 0 0 0 0 0 0
134 134 0 0 0 0 0 0 0 0 0 0 0 186 155 0 1 0 0 0 0 0 0 0 0 0
138 138 0 0 0 0 0 0 0 0 0 0 0 189 160 0 1 0 0 0 0 0 0 0 0 0
142 142 0 0 0 0 0 0 0 0 0 0 0 192 164 0 1 0 0 0 0 0 0 0 0 0
145 145 0 0 0 0 0 0 0 0 0 0 0 195 167 0 1 0 0 0 0 0 0 0 0 0
149 148 0 0 0 0 0 0 0 0 0 0 0 199 170 0 1 0 0 0 0 0 0 0 0 0
