# scores for worst/random/best/smart move selector strategies. 
# scores are 50% and 95% quantiles (based on 40 games) of: 
# game score, #destroyed, #unlocked, #stripes, #bombs, #zappers
0 0 0 0 0 0 0 0 0 0 0 0 0 7 7 0 0 0 0 0 0 0 0 0 0 0
3 3 0 0 0 0 0 0 0 0 0 0 0 12 12 0 0 0 0 0 0 0 0 0 0 0
9 9 0 0 0 0 0 0 0 0 0 0 0 32 16 0 0 0 0 0 0 0 0 0 0 0
12 12 0 0 0 0 0 0 0 0 0 0 0 35 21 0 0 0 0 0 0 0 0 0 0 0
16 16 0 0 0 0 0 0 0 0 0 0 0 38 25 0 0 0 0 0 0 0 0 0 0 0
21 21 0 0 0 0 0 0 0 0 0 0 0 59 34 1 1 0 0 0 0 0 0 0 0 0
25 25 0 0 0 0 0 0 0 0 0 0 0 80 39 1 1 0 0 0 0 0 0 0 0 0
31 28 0 0 0 0 0 0 0 0 0 0 0 94 47 4 2 0 0 0 0 0 0 0 0 0
36 34 0 0 0 0 0 0 0 0 0 0 0 129 65 4 2 0 1 0 0 0 1 0 0 0
39 39 0 0 0 0 0 0 0 0 0 0 0 143 72 4 2 0 1 0 0 0 1 0 0 0
45 43 0 0 0 0 0 0 0 0 0 0 0 187 86 4 2 1 1 0 0 0 1 0 0 0
62 47 0 0 0 0 0 0 0 0 0 0 0 216 98 4 3 1 1 0 0 0 1 0 0 0
79 51 0 0 0 0 0 0 0 0 0 0 0 248 103 4 3 1 1 0 0 0 1 0 0 0
86 57 0 1 0 0 0 0 0 0 0 0 0 266 111 5 3 1 1 1 0 0 1 0 0 0
90 62 0 1 0 0 0 0 0 0 0 0 0 271 117 5 3 1 1 1 0 0 1 0 0 0
97 70 0 1 0 0 0 0 0 0 0 0 0 276 125 5 3 1 1 1 0 0 1 0 0 0
119 74 0 1 0 0 0 0 0 0 0 0 0 293 129 6 4 1 1 1 0 0 1 0 0 0
128 80 0 2 0 0 0 0 0 0 0 0 0 300 134 6 4 1 1 1 0 0 1 0 0 0
138 86 1 2 0 0 0 0 0 0 0 0 0 304 137 6 4 1 1 1 0 0 1 0 0 0
150 95 1 2 0 0 0 0 0 0 0 0 0 349 147 6 5 1 1 1 0 0 1 0 0 0
158 102 1 2 0 0 0 0 0 0 0 0 0 368 156 6 5 1 1 1 0 0 1 0 0 0
176 107 1 3 0 0 0 0 0 0 0 0 0 416 166 6 6 1 1 1 0 0 1 0 0 0
196 112 1 3 0 0 0 0 0 0 0 0 0 420 175 6 6 1 2 1 0 0 2 0 0 0
205 119 1 3 0 0 0 0 0 0 0 0 0 438 191 6 7 1 2 1 0 0 2 0 0 0
212 128 2 3 0 0 0 0 0 0 0 0 0 442 197 6 7 1 2 2 0 0 2 0 0 0
228 132 2 3 0 0 0 0 0 0 0 0 0 461 207 6 8 1 2 2 0 0 2 0 0 0
242 138 2 3 0 0 0 0 0 0 0 0 0 465 215 7 8 2 2 2 1 0 2 0 0 0
258 145 2 4 0 0 0 0 0 0 0 0 0 484 221 7 8 2 2 2 1 0 2 0 0 0
269 151 2 4 0 0 0 0 0 0 0 0 0 490 225 8 8 2 2 2 1 0 2 0 0 0
308 162 2 4 0 0 0 0 0 0 0 0 0 557 233 8 9 2 2 2 1 0 2 0 0 0
313 169 2 4 0 0 0 0 0 0 0 0 0 565 242 8 10 2 2 2 1 0 2 0 0 0
319 174 2 5 0 0 0 0 0 0 0 0 0 568 246 8 10 2 2 2 1 0 2 0 0 0
333 179 2 5 0 0 0 0 0 0 0 0 0 575 249 8 10 2 2 2 1 0 2 0 0 0
348 185 2 5 0 0 1 0 0 0 0 0 0 633 255 8 11 2 2 2 1 0 2 0 0 0
374 195 2 5 0 0 1 0 0 0 0 0 0 638 264 8 11 2 3 2 1 0 3 0 0 0
385 201 2 5 0 0 1 0 0 0 0 0 0 651 274 8 11 2 3 2 1 0 3 0 0 0
401 205 2 5 1 0 1 0 0 0 0 0 0 684 288 8 12 2 3 2 1 0 3 0 0 0
414 216 2 6 1 0 1 0 0 0 0 0 0 704 294 8 12 3 3 3 1 0 3 0 0 0
447 222 2 6 1 0 1 0 0 0 0 0 0 708 299 8 12 3 3 3 1 0 3 0 0 0
454 230 2 7 1 0 1 0 0 0 0 0 0 714 305 8 12 3 3 3 1 0 3 0 0 0
477 237 2 7 1 1 1 0 0 1 0 0 0 719 312 8 12 3 3 3 1 0 3 0 0 0
