# scores for worst/random/best/smart move selector strategies. 
# scores are 50% and 95% quantiles (based on 40 games) of: 
# game score, #destroyed, #unlocked, #stripes, #bombs, #zappers
0 0 0 0 0 0 0 0 0 0 0 0 0 10 10 0 0 0 0 0 0 0 0 0 0 0
6 6 0 0 0 0 0 0 0 0 0 0 0 18 18 0 0 0 0 0 0 0 0 0 0 0
11 10 0 0 0 0 0 0 0 0 0 0 0 59 24 2 1 0 0 0 0 0 0 0 0 0
16 15 0 0 0 0 0 0 0 0 0 0 0 78 44 3 1 0 0 0 0 0 0 0 0 0
21 21 0 0 0 0 0 0 0 0 0 0 0 95 58 3 2 0 0 0 0 0 0 0 0 0
31 28 0 0 0 0 0 0 0 0 0 0 0 129 65 5 2 1 0 0 0 0 0 0 0 0
36 31 0 0 0 0 0 0 0 0 0 0 0 162 83 5 3 1 0 0 0 0 0 0 0 0
55 40 0 0 0 0 0 0 0 0 0 0 0 165 90 5 3 1 0 0 0 0 0 0 0 0
80 49 0 0 0 0 0 0 0 0 0 0 0 219 119 5 4 1 1 0 0 0 1 0 0 0
98 58 1 1 0 0 0 0 0 0 0 0 0 365 163 6 6 1 1 0 0 0 1 0 0 0
115 67 2 1 0 0 0 0 0 0 0 0 0 379 182 6 6 1 1 0 0 0 1 0 0 0
143 77 2 1 0 0 0 0 0 0 0 0 0 420 207 10 6 2 1 0 1 0 1 0 0 0
160 84 3 2 0 0 0 0 0 0 0 0 0 548 241 12 10 2 2 1 1 0 2 0 0 0
181 98 3 2 0 0 0 0 0 0 0 0 0 585 254 12 10 2 2 1 1 0 2 0 0 0
204 108 3 2 0 0 0 0 0 0 0 0 0 664 269 12 11 2 2 1 1 0 2 0 0 0
228 116 3 2 0 0 0 0 0 0 0 0 0 772 274 12 11 3 2 1 1 0 2 0 0 0
259 128 3 3 0 0 0 0 0 0 0 0 0 786 299 13 11 3 2 1 1 0 2 0 0 0
308 139 4 4 1 0 0 0 0 0 0 0 0 800 313 14 11 3 2 1 1 0 2 0 0 0
347 160 4 4 1 0 0 0 0 0 0 0 0 806 324 14 11 3 2 1 1 0 2 0 0 0
375 174 5 4 1 0 0 0 0 0 0 0 0 855 342 14 12 3 2 1 1 0 2 0 0 0
410 190 5 5 1 0 0 0 0 0 0 0 0 943 361 14 15 3 3 2 1 0 2 1 0 0
460 208 5 5 1 0 0 0 0 0 0 0 0 947 365 15 15 3 3 2 1 0 2 1 0 0
490 228 5 6 1 1 0 0 0 1 0 0 0 1130 385 16 23 5 3 2 2 0 2 1 0 0
530 254 7 8 1 1 0 0 0 1 0 0 0 1137 399 17 23 5 3 2 2 0 2 1 0 0
622 268 9 8 1 1 0 0 0 1 0 0 0 1299 415 17 26 11 3 2 2 0 3 1 0 0
671 288 10 8 2 1 1 0 0 1 0 0 0 1324 443 17 26 11 3 2 2 0 3 1 0 0
732 302 10 9 2 1 1 0 0 1 0 0 0 1437 455 17 26 12 4 2 2 0 3 1 0 0
750 314 10 10 2 1 1 0 0 1 0 0 0 1470 479 17 26 12 4 2 2 0 3 1 0 0
803 329 10 11 3 1 1 0 0 1 0 0 0 1511 501 17 27 12 4 2 2 1 3 1 0 0
847 342 11 12 3 1 1 0 0 1 0 0 0 1518 513 17 32 12 4 2 2 1 3 1 0 0
854 352 11 13 3 1 1 0 0 1 0 0 0 1527 521 17 32 12 4 2 2 1 3 1 0 0
868 363 11 13 3 1 1 0 0 1 0 0 0 1568 532 17 32 12 4 2 2 1 3 1 0 0
895 378 11 13 3 1 1 0 0 1 0 0 0 1582 549 17 33 12 4 2 2 1 3 1 0 0
905 384 11 13 3 2 1 0 0 1 0 0 0 1659 568 17 33 12 4 2 2 1 3 1 0 0
1002 408 11 15 3 2 2 0 0 1 0 0 0 1674 608 17 33 12 5 2 2 1 4 1 0 0
1049 426 11 15 3 2 2 1 0 1 0 0 0 1842 639 17 34 17 5 3 2 1 4 1 1 0
1104 442 11 16 3 2 2 1 0 1 0 0 0 1951 673 17 34 17 5 3 2 1 4 1 1 0
1143 471 11 16 3 2 2 1 0 2 0 0 0 1976 687 18 34 17 5 3 2 1 4 1 1 0
1164 486 11 17 3 2 2 1 0 2 0 0 0 1989 706 18 36 17 5 3 2 1 4 1 1 0
1229 520 11 17 4 2 2 1 0 2 0 0 0 2134 722 18 38 18 5 3 3 1 4 1 1 0
1259 534 11 18 4 2 2 1 0 2 0 0 0 2140 727 18 39 18 5 3 3 1 4 1 1 0
