# scores for worst/random/best/smart move selector strategies. 
# scores are 50% and 95% quantiles (based on 40 games) of: 
# game score, #destroyed, #unlocked, #stripes, #bombs, #zappers
0 0 0 0 0 0 0 0 0 0 0 0 0 10 10 0 0 0 0 0 0 0 0 0 0 0
6 6 0 0 0 0 0 0 0 0 0 0 0 15 15 0 0 0 0 0 0 0 0 0 0 0
9 9 0 0 0 0 0 0 0 0 0 0 0 19 19 0 0 0 0 0 0 0 0 0 0 0
15 15 0 0 0 0 0 0 0 0 0 0 0 65 35 1 0 0 0 0 0 0 0 0 0 0
19 19 0 0 0 0 0 0 0 0 0 0 0 72 42 1 0 0 0 0 0 0 0 0 0 0
25 24 0 0 0 0 0 0 0 0 0 0 0 86 49 2 0 1 0 0 0 0 0 0 0 0
32 29 0 0 0 0 0 0 0 0 0 0 0 93 58 2 1 1 0 0 0 0 0 0 0 0
40 36 0 0 0 0 0 0 0 0 0 0 0 98 62 3 1 1 0 0 0 0 0 0 0 0
52 44 0 0 0 0 0 0 0 0 0 0 0 122 83 3 1 1 0 0 0 0 0 0 0 0
57 47 0 0 0 0 0 0 0 0 0 0 0 175 95 3 2 1 0 0 0 0 0 0 0 0
74 54 0 0 0 0 0 0 0 0 0 0 0 184 104 3 2 1 0 0 0 0 0 0 0 0
85 61 0 0 0 0 0 0 0 0 0 0 0 262 124 4 2 1 0 0 0 0 0 0 0 0
99 67 0 0 0 0 0 0 0 0 0 0 0 265 127 4 2 1 0 0 0 0 0 0 0 0
106 74 0 1 0 0 0 0 0 0 0 0 0 300 150 7 3 1 0 0 0 0 0 0 0 0
119 80 1 1 0 0 0 0 0 0 0 0 0 309 160 7 3 2 0 0 0 0 0 0 0 0
129 85 1 1 0 0 0 0 0 0 0 0 0 316 165 7 3 2 0 0 0 0 0 0 0 0
136 93 1 1 0 0 0 0 0 0 0 0 0 323 174 7 3 2 0 0 0 0 0 0 0 0
144 104 2 1 0 0 0 0 0 0 0 0 0 342 181 8 4 2 0 0 0 0 0 0 0 0
154 110 2 1 0 0 0 0 0 0 0 0 0 369 191 8 4 2 0 1 0 0 0 0 0 0
159 115 2 1 0 0 0 0 0 0 0 0 0 378 199 8 4 2 0 1 0 0 0 0 0 0
176 129 2 1 0 0 0 0 0 0 0 0 0 382 208 8 4 2 0 1 1 0 0 0 0 0
214 140 2 2 1 0 0 0 0 0 0 0 0 389 219 8 4 2 1 1 1 0 1 0 0 0
242 151 3 2 1 0 0 0 0 0 0 0 0 402 226 8 5 2 1 1 1 0 1 0 0 0
251 157 3 2 1 0 0 0 0 0 0 0 0 409 237 9 7 2 1 1 1 0 1 0 0 0
265 165 3 2 1 0 0 0 0 0 0 0 0 416 254 9 7 2 1 1 1 0 1 0 0 0
286 177 3 2 1 0 0 0 0 0 0 0 0 458 263 9 7 2 1 1 1 0 1 0 0 0
319 187 3 3 1 0 0 0 0 0 0 0 0 507 287 9 7 2 1 1 1 0 1 0 0 0
334 196 4 3 1 0 0 0 0 0 0 0 0 516 296 9 7 2 1 1 1 0 1 0 0 0
343 203 4 3 1 0 0 0 0 0 0 0 0 521 304 9 7 2 1 1 1 0 1 0 0 0
357 213 4 3 1 0 0 0 0 0 0 0 0 538 321 9 7 2 1 1 1 0 1 0 0 0
373 227 4 3 1 0 0 0 0 0 0 0 0 564 325 9 7 2 1 1 1 0 1 0 0 0
394 240 4 4 1 0 0 0 0 0 0 0 0 594 334 10 9 3 1 1 1 0 1 0 0 0
421 243 4 4 1 0 0 0 0 0 0 0 0 598 339 10 9 3 1 1 1 0 1 0 0 0
438 251 4 4 2 0 0 0 0 0 0 0 0 655 347 11 9 3 1 1 1 0 1 0 0 0
465 259 4 4 2 0 0 0 0 0 0 0 0 658 351 11 9 3 1 1 1 0 1 0 0 0
473 262 4 4 2 0 0 0 0 0 0 0 0 675 377 11 9 3 1 1 1 0 1 0 0 0
494 280 4 5 2 0 0 0 0 0 0 0 0 728 389 12 9 4 2 1 1 0 2 0 0 0
499 293 4 5 2 0 0 0 0 0 0 0 0 770 412 12 9 4 2 1 1 0 2 0 0 0
521 299 4 5 2 0 0 0 0 0 0 0 0 774 416 12 9 4 2 1 1 0 2 0 0 0
544 303 4 5 2 0 0 0 0 0 0 0 0 810 425 12 9 4 2 1 1 0 2 0 0 0
591 324 5 5 2 0 0 0 0 0 0 0 0 859 435 12 10 4 2 1 1 0 2 0 0 0
