# scores for worst/random/best/smart move selector strategies. 
# scores are 50% and 95% quantiles (based on 40 games) of: 
# game score, #destroyed, #unlocked, #stripes, #bombs, #zappers
0 0 0 0 0 0 0 0 0 0 0 0 0 10 10 0 0 0 0 0 0 0 0 0 0 0
7 7 0 0 0 0 0 0 0 0 0 0 0 17 17 0 0 0 0 0 0 0 0 0 0 0
13 12 0 0 0 0 0 0 0 0 0 0 0 52 25 2 1 0 0 0 0 0 0 0 0 0
19 18 0 0 0 0 0 0 0 0 0 0 0 74 35 3 1 0 0 0 0 0 0 0 0 0
26 24 0 0 0 0 0 0 0 0 0 0 0 97 47 3 2 0 0 0 0 0 0 0 0 0
46 30 0 0 0 0 0 0 0 0 0 0 0 140 62 5 3 1 0 0 0 0 0 0 0 0
54 36 0 0 0 0 0 0 0 0 0 0 0 169 72 7 3 1 0 0 0 0 0 0 0 0
77 44 2 1 0 0 0 0 0 0 0 0 0 199 82 8 3 1 1 1 0 0 0 0 0 0
102 56 2 1 0 0 0 0 0 0 0 0 0 327 131 11 5 1 1 1 0 0 0 0 0 0
122 66 2 2 0 0 0 0 0 0 0 0 0 384 165 12 6 1 1 1 0 0 1 0 0 0
154 83 3 2 0 0 0 0 0 0 0 0 0 652 187 13 8 3 1 1 0 0 1 0 0 0
216 103 4 2 0 0 0 0 0 0 0 0 0 670 202 15 11 3 1 1 1 0 1 0 0 0
269 120 5 3 1 0 0 0 0 0 0 0 0 729 221 16 11 4 1 1 1 0 1 0 0 0
297 144 5 4 1 0 0 0 0 0 0 0 0 768 254 19 11 4 2 1 1 0 1 0 0 0
349 156 6 5 1 0 0 0 0 0 0 0 0 838 284 19 12 5 2 1 1 0 2 0 0 0
453 188 6 6 1 1 0 0 0 0 0 0 0 974 313 19 20 9 3 1 1 0 2 1 0 0
511 209 8 6 1 1 0 0 0 0 0 0 0 1018 327 21 20 9 3 1 1 1 2 1 0 0
535 227 9 7 1 1 1 0 0 0 0 0 0 1094 350 21 21 9 3 1 1 1 2 1 0 0
615 249 9 7 2 1 1 0 0 1 0 0 0 1213 390 21 25 9 3 2 1 1 3 1 0 0
625 264 9 8 2 1 1 0 0 1 0 0 0 1383 408 21 26 13 4 2 2 1 3 1 0 0
680 294 9 9 3 1 1 0 0 1 0 0 0 1419 435 21 27 14 4 2 2 1 3 1 0 0
722 318 9 10 3 2 1 0 0 1 0 0 0 1448 466 21 27 14 4 2 2 1 3 1 0 0
791 342 9 11 3 2 1 0 0 1 0 0 0 1509 502 21 27 17 4 2 2 1 4 1 1 0
858 355 9 11 3 2 1 0 0 2 0 0 0 1549 536 21 28 17 4 2 2 1 4 1 1 0
910 371 11 12 4 2 1 0 0 2 0 0 0 1596 559 21 28 17 5 2 2 1 4 1 1 0
926 391 11 12 4 2 1 0 0 2 0 0 0 2086 591 21 29 21 6 2 2 1 5 1 1 0
992 416 11 14 4 2 1 0 0 2 0 0 0 2094 602 21 30 21 6 2 3 1 5 1 1 0
1041 439 11 14 4 2 1 0 0 2 0 0 0 2119 621 21 30 21 6 3 3 1 5 1 1 0
1141 454 11 14 4 3 1 0 0 2 0 0 0 2220 661 21 32 21 6 3 3 1 5 1 1 0
1183 488 11 15 5 3 1 1 0 2 0 0 0 2286 693 21 32 21 6 3 3 1 5 1 1 0
1220 514 11 16 5 3 1 1 0 2 0 0 0 2295 700 21 33 22 6 3 3 1 6 1 1 0
1291 529 11 16 5 3 1 1 0 3 0 0 0 2518 717 21 43 22 7 3 3 1 6 1 1 0
1384 541 11 16 5 3 1 1 0 3 0 0 0 2674 779 21 43 24 7 3 3 1 6 1 1 0
1431 578 11 18 6 4 1 1 0 3 0 0 0 2710 818 21 49 24 7 3 3 1 7 2 1 0
1509 622 11 19 6 4 1 1 0 3 0 0 0 2716 837 21 50 24 7 3 3 1 7 2 1 0
1534 652 11 19 6 4 1 1 0 3 0 0 0 2814 869 21 50 24 8 3 3 1 7 2 1 0
1629 672 11 20 7 5 1 1 0 3 0 0 0 2947 906 21 51 31 9 3 3 1 7 2 1 0
1687 694 11 20 7 5 1 1 0 4 0 0 0 3013 920 21 51 33 9 3 3 1 7 2 1 0
1743 716 11 20 7 5 1 2 0 4 0 0 0 3152 934 21 53 34 9 3 3 1 7 2 1 0
1806 745 11 22 7 5 1 2 0 4 0 0 0 3167 967 21 55 34 10 3 3 1 7 2 1 0
1901 766 11 22 7 5 1 2 0 4 0 0 0 3249 1000 21 56 34 10 3 3 1 7 2 1 0
