# scores for worst/random/best/smart move selector strategies. 
# scores are 50% and 95% quantiles (based on 40 games) of: 
# game score, #destroyed, #unlocked, #stripes, #bombs, #zappers
6 6 0 0 0 0 0 0 0 0 0 0 0 13 13 0 0 0 0 0 0 0 0 0 0 0
13 13 0 0 0 0 0 0 0 0 0 0 0 76 26 0 0 0 0 0 0 0 0 0 0 0
22 21 0 0 0 0 0 0 0 0 0 0 0 94 42 0 2 0 1 1 0 0 1 0 0 0
31 28 0 0 0 0 0 0 0 0 0 0 0 128 52 0 2 0 1 1 0 0 1 0 0 0
71 38 0 0 0 0 0 0 0 0 0 0 0 152 64 0 2 1 1 1 0 0 1 0 0 0
101 46 0 2 0 0 0 0 0 0 0 0 0 210 73 0 3 1 1 1 1 0 1 0 0 0
109 53 0 2 0 0 0 0 0 0 0 0 0 238 90 0 3 1 1 1 1 0 1 0 0 0
125 64 0 2 0 0 0 0 0 0 0 0 0 243 100 0 4 1 1 1 1 0 1 0 0 0
138 70 0 2 0 0 0 0 0 0 0 0 0 249 108 0 4 1 1 1 1 0 1 0 0 0
168 79 0 2 0 0 0 0 0 0 0 0 0 281 118 0 5 1 1 1 1 0 1 0 0 0
189 89 0 3 0 0 1 0 0 0 0 0 0 344 130 0 6 2 1 2 1 0 1 0 0 0
213 96 0 3 0 0 1 0 0 0 0 0 0 377 139 0 6 2 1 2 1 0 1 0 0 0
221 100 0 3 0 0 1 0 0 0 0 0 0 381 145 0 6 2 1 2 1 0 1 0 0 0
260 112 0 4 1 0 1 0 0 0 0 0 0 427 154 0 8 2 1 2 1 0 1 0 0 0
284 123 0 4 1 0 1 0 0 0 0 0 0 431 180 0 8 2 1 2 1 0 1 0 0 0
303 129 0 4 1 0 1 0 0 0 0 0 0 480 187 0 9 2 1 2 1 0 1 0 0 0
315 138 0 4 1 0 1 0 0 0 0 0 0 634 201 0 11 2 1 2 1 0 1 0 0 0
330 142 0 4 1 0 1 0 0 0 0 0 0 677 219 0 11 2 1 2 1 0 1 0 0 0
344 150 0 5 1 0 1 0 0 0 0 0 0 681 224 0 11 2 1 3 2 0 1 0 0 0
367 160 0 5 1 0 1 0 0 0 0 0 0 686 228 0 13 2 1 3 2 0 1 0 0 0
375 165 0 6 1 0 1 0 0 0 0 0 0 690 235 0 13 2 1 3 2 0 1 0 0 0
404 175 0 6 1 0 1 0 0 0 0 0 0 705 244 0 13 2 1 3 2 0 1 0 0 0
420 181 0 6 1 0 1 0 0 0 0 0 0 716 260 0 17 3 1 3 2 0 1 1 0 0
435 189 0 7 1 0 1 0 0 0 0 0 0 784 270 0 18 4 1 3 2 0 1 1 0 0
455 200 0 7 1 0 1 0 0 0 0 0 0 804 286 0 18 4 1 3 2 0 1 1 0 0
501 212 0 8 1 1 1 0 0 0 0 0 0 810 290 0 18 4 1 3 2 0 1 1 0 0
549 220 0 8 1 1 1 0 0 0 0 0 0 813 294 0 18 4 1 3 2 1 1 1 0 0
573 228 0 8 1 1 1 1 0 0 0 0 0 977 301 0 24 5 1 3 2 1 1 1 0 0
588 236 0 8 1 1 1 1 0 0 0 0 0 1022 305 0 25 5 2 3 2 1 2 1 0 0
604 240 0 8 1 1 1 1 0 0 0 0 0 1035 311 0 25 5 2 3 2 1 2 1 0 0
615 245 0 9 1 1 1 1 0 0 0 0 0 1046 341 0 25 5 2 4 2 1 2 1 0 0
638 255 0 10 1 1 2 1 0 0 0 0 0 1125 371 0 25 5 2 4 2 1 2 1 0 0
666 270 0 10 2 1 2 1 0 0 0 0 0 1153 384 0 25 5 2 4 2 1 2 1 0 0
682 279 0 11 2 1 2 1 0 0 0 0 0 1166 389 0 25 5 2 4 2 1 2 1 0 0
687 284 0 11 2 1 2 1 0 0 0 0 0 1222 404 0 25 5 2 4 2 1 2 1 0 0
712 294 0 11 2 1 2 1 0 0 0 0 0 1229 410 0 28 5 2 4 2 1 2 1 0 0
741 307 0 11 2 1 2 1 0 0 0 0 0 1259 415 0 28 5 2 4 2 1 2 1 0 0
777 314 0 12 2 1 2 1 0 0 0 0 0 1276 425 0 28 5 2 4 2 1 2 1 0 0
782 319 0 12 2 1 2 1 0 0 0 0 0 1283 431 0 28 6 2 4 3 1 2 1 0 0
787 329 0 13 2 1 2 1 0 0 0 0 0 1287 434 0 28 6 2 4 3 1 2 1 0 0
798 338 0 14 2 1 2 1 0 1 0 0 0 1355 441 0 29 6 2 4 3 1 2 1 0 0
