# scores for worst/random/best/smart move selector strategies. 
# scores are 50% and 95% quantiles (based on 40 games) of: 
# game score, #destroyed, #unlocked, #stripes, #bombs, #zappers
6 6 0 0 0 0 0 0 0 0 0 0 0 13 13 0 0 0 0 0 0 0 0 0 0 0
9 9 0 0 0 0 0 0 0 0 0 0 0 66 25 0 0 0 0 0 0 0 0 0 0 0
13 13 0 0 0 0 0 0 0 0 0 0 0 69 30 0 0 0 0 0 0 0 0 0 0 0
19 19 0 0 0 0 0 0 0 0 0 0 0 75 34 0 0 0 0 0 0 0 0 0 0 0
25 24 0 0 0 0 0 0 0 0 0 0 0 85 39 0 1 0 0 0 0 0 0 0 0 0
30 29 0 0 0 0 0 0 0 0 0 0 0 104 44 0 1 1 0 0 0 0 0 0 0 0
36 32 0 0 0 0 0 0 0 0 0 0 0 116 55 0 1 1 0 0 0 0 0 0 0 0
40 37 0 0 0 0 0 0 0 0 0 0 0 120 61 0 1 1 1 0 0 0 1 0 0 0
47 44 0 0 0 0 0 0 0 0 0 0 0 140 68 0 2 1 1 0 0 0 1 0 0 0
58 51 0 0 0 0 0 0 0 0 0 0 0 143 75 0 2 1 1 0 0 0 1 0 0 0
69 56 0 0 0 0 0 0 0 0 0 0 0 160 84 0 2 1 1 0 0 0 1 0 0 0
81 61 0 0 0 0 0 0 0 0 0 0 0 239 103 0 3 1 1 0 0 0 1 0 0 0
91 68 0 1 0 0 0 0 0 0 0 0 0 243 108 0 3 1 1 0 0 0 1 0 0 0
101 72 0 1 0 0 0 0 0 0 0 0 0 246 113 0 3 1 1 1 0 0 1 0 0 0
121 78 0 1 0 0 0 0 0 0 0 0 0 249 116 0 3 1 1 1 0 0 1 0 0 0
128 83 0 1 0 0 0 0 0 0 0 0 0 266 119 0 4 2 1 1 0 0 1 0 0 0
137 88 0 1 0 0 0 0 0 0 0 0 0 299 130 0 4 2 1 1 0 0 1 0 0 0
141 92 0 1 0 0 0 0 0 0 0 0 0 304 133 0 4 2 1 1 0 0 1 0 0 0
148 99 0 1 0 0 0 0 0 0 0 0 0 308 138 0 4 2 1 1 0 0 1 0 0 0
151 102 0 1 0 0 0 0 0 0 0 0 0 311 141 0 4 2 1 1 0 0 1 0 0 0
155 107 0 1 0 0 0 0 0 0 0 0 0 314 145 0 4 2 1 1 0 0 1 0 0 0
192 117 0 1 0 0 0 0 0 0 0 0 0 317 148 0 4 2 1 1 0 0 1 0 0 0
211 122 0 2 0 0 0 0 0 0 0 0 0 324 157 0 5 2 1 1 0 0 1 0 0 0
218 130 0 2 0 0 0 0 0 0 0 0 0 360 173 0 6 2 1 1 0 0 1 0 0 0
224 135 0 2 0 0 0 0 0 0 0 0 0 363 176 0 6 2 1 1 0 0 1 0 0 0
236 138 0 2 0 0 0 0 0 0 0 0 0 366 185 0 6 2 1 1 0 0 1 0 0 0
244 144 0 2 1 0 0 0 0 0 0 0 0 370 196 0 6 2 1 1 0 0 1 0 0 0
249 149 0 2 1 0 0 0 0 0 0 0 0 375 201 0 6 2 1 1 0 0 1 0 0 0
255 152 0 2 1 0 0 0 0 0 0 0 0 441 204 0 7 2 1 1 0 0 1 0 0 0
265 159 0 3 1 0 0 0 0 0 0 0 0 463 211 0 7 2 1 1 0 0 1 0 0 0
270 164 0 3 1 0 0 0 0 0 0 0 0 474 217 0 7 2 1 1 0 0 1 0 0 0
284 172 0 3 1 0 0 0 0 0 0 0 0 526 231 0 7 2 1 1 0 0 1 0 0 0
293 181 0 3 1 0 0 0 0 0 0 0 0 538 249 0 7 3 1 1 0 0 1 0 0 0
303 188 0 3 1 0 0 0 0 0 0 0 0 548 256 0 7 3 1 1 0 0 1 0 0 0
318 194 0 3 1 0 0 0 0 0 0 0 0 569 263 0 7 3 1 1 1 0 1 0 0 0
321 197 0 3 1 0 0 0 0 0 0 0 0 573 266 0 7 3 1 1 1 0 1 0 0 0
340 205 0 3 1 0 0 0 0 0 0 0 0 589 269 0 7 3 1 1 1 0 1 0 0 0
346 211 0 3 1 0 0 0 0 0 0 0 0 592 273 0 8 3 1 1 1 0 1 0 0 0
364 216 0 4 1 0 0 0 0 0 0 0 0 595 277 0 8 3 1 1 1 0 1 0 0 0
371 223 0 4 1 0 0 0 0 0 0 0 0 598 281 0 8 3 1 1 1 0 1 0 0 0
386 228 0 4 1 0 0 0 0 0 0 0 0 602 285 0 8 3 1 1 1 0 1 0 0 0
