# scores for worst/random/best/smart move selector strategies. 
# scores are 50% and 95% quantiles (based on 40 games) of: 
# game score, #destroyed, #unlocked, #stripes, #bombs, #zappers
6 6 0 0 0 0 0 0 0 0 0 0 0 13 13 0 0 0 0 0 0 0 0 0 0 0
13 13 0 0 0 0 0 0 0 0 0 0 0 71 21 0 0 0 0 0 0 0 0 0 0 0
21 21 0 0 0 0 0 0 0 0 0 0 0 90 37 0 2 0 1 1 0 0 1 0 0 0
72 31 0 0 0 0 0 0 0 0 0 0 0 156 62 0 2 1 1 1 1 0 1 0 0 0
91 40 0 1 0 0 0 0 0 0 0 0 0 189 77 0 2 1 1 1 1 0 1 0 0 0
106 47 0 1 0 0 0 0 0 0 0 0 0 240 95 0 4 1 1 1 1 0 1 0 0 0
140 59 0 2 0 0 0 0 0 0 0 0 0 304 110 0 4 2 1 1 1 0 1 0 0 0
160 70 0 2 0 0 0 0 0 0 0 0 0 367 135 0 6 2 1 1 1 0 1 0 0 0
192 83 0 3 0 0 1 0 0 0 0 0 0 377 145 0 6 2 1 1 1 0 1 0 0 0
220 90 0 3 0 0 1 0 0 0 0 0 0 468 173 0 7 2 2 1 1 0 1 0 0 0
234 102 0 3 1 0 1 0 0 0 0 0 0 700 189 0 15 3 2 1 1 0 1 0 0 0
279 111 0 4 1 0 1 0 0 0 0 0 0 703 209 0 16 3 2 1 1 0 2 0 0 0
292 120 0 4 1 0 1 0 0 0 0 0 0 715 214 0 16 3 2 2 1 0 2 0 0 0
338 131 0 5 1 0 1 0 0 0 0 0 0 770 244 0 17 3 2 2 2 0 2 0 0 0
374 144 0 5 1 0 1 0 0 0 0 0 0 776 252 0 17 3 2 2 2 0 2 0 0 0
393 154 0 6 1 0 1 0 0 0 0 0 0 826 265 0 17 3 2 2 2 0 2 0 0 0
402 163 0 6 1 0 1 0 0 0 0 0 0 897 275 0 18 3 2 2 2 0 2 0 0 0
433 172 0 6 1 0 1 0 0 0 0 0 0 901 286 0 18 4 2 2 2 0 2 0 0 0
447 179 0 6 2 0 1 0 0 0 0 0 0 952 302 0 18 4 2 3 2 0 2 0 0 0
478 189 0 7 2 0 1 1 0 0 0 0 0 1044 342 0 19 4 2 3 2 0 2 0 0 0
505 198 0 7 2 1 1 1 0 0 0 0 0 1052 361 0 19 4 3 3 2 0 3 0 0 0
521 208 0 8 2 1 1 1 0 1 0 0 0 1104 370 0 20 4 3 3 2 0 3 0 0 0
570 221 0 8 2 1 1 1 0 1 0 0 0 1124 381 0 20 4 3 3 2 1 3 0 0 0
598 233 0 8 2 1 1 1 0 1 0 0 0 1129 386 0 20 4 3 3 2 1 3 0 0 0
604 240 0 9 2 1 2 1 0 1 0 0 0 1315 404 0 23 4 3 3 2 1 3 0 0 0
612 247 0 9 2 1 2 1 0 1 0 0 0 1323 413 0 27 4 3 3 2 1 3 1 0 0
663 258 0 10 2 1 2 1 0 1 0 0 0 1331 430 0 27 4 3 3 2 1 3 1 0 0
676 268 0 10 2 1 2 1 0 1 0 0 0 1371 452 0 27 5 4 3 2 1 4 1 0 0
694 277 0 10 2 1 2 1 0 1 0 0 0 1427 457 0 27 5 4 3 2 1 4 1 0 0
728 294 0 11 2 1 2 1 0 1 0 0 0 1481 462 0 27 5 4 3 2 1 4 1 0 0
745 301 0 11 3 1 2 1 0 1 0 0 0 1526 475 0 28 6 4 3 2 1 4 1 0 0
775 310 0 11 3 1 2 1 0 1 0 0 0 1533 495 0 28 6 4 4 2 1 4 1 0 0
818 318 0 12 3 1 2 1 0 1 0 0 0 1589 505 0 30 6 4 4 2 1 4 1 0 0
835 331 0 12 3 1 2 1 0 1 0 0 0 1593 516 0 30 6 4 4 2 1 4 1 0 0
877 340 0 12 3 1 2 1 0 1 0 0 0 1599 533 0 30 7 4 4 2 1 4 1 0 0
891 351 0 14 4 2 2 1 0 1 0 0 0 1658 573 0 30 7 4 4 2 1 4 1 0 0
921 358 0 14 4 2 2 1 0 1 0 0 0 1759 588 0 31 7 4 4 2 1 4 1 0 0
961 367 0 14 4 2 2 1 0 1 0 0 0 1781 595 0 31 7 4 4 2 1 4 1 0 0
983 376 0 15 4 2 2 1 0 1 0 0 0 1808 613 0 33 7 4 4 2 1 4 1 0 0
1040 389 0 15 4 2 2 1 0 1 0 0 0 1814 630 0 33 8 4 4 2 1 4 1 0 0
1045 403 0 15 4 2 3 1 0 2 0 0 0 1901 642 0 36 8 4 5 3 1 4 1 0 0
