# scores for worst/random/best/smart move selector strategies. 
# scores are 50% and 95% quantiles (based on 40 games) of: 
# game score, #destroyed, #unlocked, #stripes, #bombs, #zappers
6 6 0 0 0 0 0 0 0 0 0 0 0 13 13 0 0 0 0 0 0 0 0 0 0 0
9 9 0 0 0 0 0 0 0 0 0 0 0 17 17 0 0 0 0 0 0 0 0 0 0 0
13 13 0 0 0 0 0 0 0 0 0 0 0 23 23 0 0 0 0 0 0 0 0 0 0 0
16 16 0 0 0 0 0 0 0 0 0 0 0 44 29 0 0 0 0 0 0 0 0 0 0 0
21 21 0 0 0 0 0 0 0 0 0 0 0 47 32 0 0 0 0 0 0 0 0 0 0 0
24 24 0 0 0 0 0 0 0 0 0 0 0 66 41 0 1 0 0 0 0 0 0 0 0 0
30 30 0 0 0 0 0 0 0 0 0 0 0 73 46 0 1 0 0 0 0 0 0 0 0 0
33 33 0 0 0 0 0 0 0 0 0 0 0 76 50 0 1 0 0 0 0 0 0 0 0 0
39 39 0 0 0 0 0 0 0 0 0 0 0 79 53 0 1 0 0 0 0 0 0 0 0 0
42 42 0 0 0 0 0 0 0 0 0 0 0 82 56 0 1 0 0 0 0 0 0 0 0 0
47 47 0 0 0 0 0 0 0 0 0 0 0 87 59 0 1 0 0 0 0 0 0 0 0 0
51 51 0 0 0 0 0 0 0 0 0 0 0 106 70 0 1 0 0 0 0 0 0 0 0 0
55 54 0 0 0 0 0 0 0 0 0 0 0 109 73 0 1 1 0 0 0 0 0 0 0 0
60 59 0 0 0 0 0 0 0 0 0 0 0 130 77 0 1 1 0 0 0 0 0 0 0 0
66 63 0 0 0 0 0 0 0 0 0 0 0 134 82 0 1 1 0 0 0 0 0 0 0 0
69 67 0 0 0 0 0 0 0 0 0 0 0 139 87 0 1 1 0 0 0 0 0 0 0 0
75 72 0 0 0 0 0 0 0 0 0 0 0 153 93 0 1 1 0 0 0 0 0 0 0 0
80 77 0 0 0 0 0 0 0 0 0 0 0 157 102 0 2 1 0 0 0 0 0 0 0 0
87 83 0 0 0 0 0 0 0 0 0 0 0 162 106 0 2 1 0 0 0 0 0 0 0 0
95 88 0 0 0 0 0 0 0 0 0 0 0 169 112 0 2 1 0 0 0 0 0 0 0 0
105 92 0 0 0 0 0 0 0 0 0 0 0 174 122 0 2 1 0 0 0 0 0 0 0 0
109 96 0 0 0 0 0 0 0 0 0 0 0 180 125 0 2 1 0 0 0 0 0 0 0 0
119 103 0 0 0 0 0 0 0 0 0 0 0 194 134 0 2 1 0 0 0 0 0 0 0 0
128 106 0 0 0 0 0 0 0 0 0 0 0 197 137 0 2 1 0 0 0 0 0 0 0 0
132 109 0 0 0 0 0 0 0 0 0 0 0 201 142 0 2 1 0 0 0 0 0 0 0 0
139 114 0 1 0 0 0 0 0 0 0 0 0 211 148 0 2 1 0 0 0 0 0 0 0 0
142 118 0 1 0 0 0 0 0 0 0 0 0 219 151 0 2 1 0 0 0 0 0 0 0 0
149 121 0 1 0 0 0 0 0 0 0 0 0 230 154 0 3 1 0 0 0 0 0 0 0 0
153 125 0 1 0 0 0 0 0 0 0 0 0 233 157 0 3 1 0 0 0 0 0 0 0 0
158 133 0 1 0 0 0 0 0 0 0 0 0 249 160 0 3 1 0 0 0 0 0 0 0 0
161 136 0 1 0 0 0 0 0 0 0 0 0 263 171 0 3 1 0 0 0 0 0 0 0 0
167 140 0 1 0 0 0 0 0 0 0 0 0 293 182 0 3 1 0 0 0 0 0 0 0 0
173 143 0 1 0 0 0 0 0 0 0 0 0 297 186 0 3 1 0 0 0 0 0 0 0 0
178 147 0 1 0 0 0 0 0 0 0 0 0 300 193 0 3 1 0 0 0 0 0 0 0 0
181 151 0 1 0 0 0 0 0 0 0 0 0 303 198 0 3 1 0 0 0 0 0 0 0 0
187 156 0 1 0 0 0 0 0 0 0 0 0 317 201 0 3 1 0 0 0 0 0 0 0 0
190 159 0 1 0 0 0 0 0 0 0 0 0 331 207 0 3 1 0 0 0 0 0 0 0 0
196 164 0 1 0 0 0 0 0 0 0 0 0 334 211 0 3 1 0 0 0 0 0 0 0 0
202 168 0 1 0 0 0 0 0 0 0 0 0 337 216 0 3 1 0 0 0 0 0 0 0 0
213 175 0 1 0 0 0 0 0 0 0 0 0 343 219 0 3 1 0 0 0 0 0 0 0 0
219 178 0 1 0 0 0 0 0 0 0 0 0 346 225 0 3 1 0 0 0 0 0 0 0 0
