# scores for worst/random/best/smart move selector strategies. 
# scores are 50% and 95% quantiles (based on 40 games) of: 
# game score, #destroyed, #unlocked, #stripes, #bombs, #zappers
3 3 0 0 0 0 0 0 0 0 0 0 0 12 12 0 0 0 0 0 0 0 0 0 0 0
9 9 0 0 0 0 0 0 0 0 0 0 0 20 20 0 0 0 0 0 0 0 0 0 0 0
12 12 0 0 0 0 0 0 0 0 0 0 0 42 30 0 0 0 0 0 0 0 0 0 0 0
18 18 0 0 0 0 0 0 0 0 0 0 0 74 40 0 0 0 0 0 0 0 0 0 0 0
21 21 0 0 0 0 0 0 0 0 0 0 0 82 46 0 0 0 0 0 0 0 0 0 0 0
25 25 0 0 0 0 0 0 0 0 0 0 0 85 52 0 0 0 0 0 0 0 0 0 0 0
31 31 0 0 0 0 0 0 0 0 0 0 0 93 59 0 0 1 0 0 0 0 0 0 0 0
36 36 0 0 0 0 0 0 0 0 0 0 0 98 62 0 0 1 0 0 0 0 0 0 0 0
39 39 0 0 0 0 0 0 0 0 0 0 0 107 74 0 1 1 0 0 0 0 0 0 0 0
43 42 0 0 0 0 0 0 0 0 0 0 0 110 77 0 1 1 0 0 0 0 0 0 0 0
47 46 0 0 0 0 0 0 0 0 0 0 0 113 80 0 1 1 0 0 0 0 0 0 0 0
51 50 0 0 0 0 0 0 0 0 0 0 0 117 84 0 1 1 0 0 0 0 0 0 0 0
54 53 0 0 0 0 0 0 0 0 0 0 0 124 92 0 1 1 0 0 0 0 0 0 0 0
60 58 0 0 0 0 0 0 0 0 0 0 0 128 96 0 1 1 0 0 0 0 0 0 0 0
68 62 0 0 0 0 0 0 0 0 0 0 0 155 99 0 1 1 1 0 0 0 1 0 0 0
76 68 0 0 0 0 0 0 0 0 0 0 0 158 102 0 1 1 1 0 0 0 1 0 0 0
81 74 0 0 0 0 0 0 0 0 0 0 0 164 106 0 1 1 1 0 0 0 1 0 0 0
84 77 0 0 0 0 0 0 0 0 0 0 0 170 116 0 1 1 1 0 0 0 1 0 0 0
93 82 0 0 0 0 0 0 0 0 0 0 0 178 125 0 2 1 1 0 0 0 1 0 0 0
104 88 0 0 0 0 0 0 0 0 0 0 0 182 128 0 2 1 1 0 0 0 1 0 0 0
110 97 0 0 0 0 0 0 0 0 0 0 0 217 139 0 3 1 1 0 0 0 1 0 0 0
114 101 0 0 0 0 0 0 0 0 0 0 0 246 150 0 3 1 1 0 0 0 1 0 0 0
119 108 0 0 0 0 0 0 0 0 0 0 0 288 165 0 3 1 1 0 0 0 1 0 0 0
134 112 0 0 0 0 0 0 0 0 0 0 0 307 168 0 3 1 1 0 0 0 1 0 0 0
140 116 0 0 0 0 0 0 0 0 0 0 0 311 171 0 3 1 1 0 0 0 1 0 0 0
148 123 0 1 0 0 0 0 0 0 0 0 0 314 174 0 3 1 1 0 0 0 1 0 0 0
162 126 0 1 0 0 0 0 0 0 0 0 0 317 177 0 3 1 1 0 0 0 1 0 0 0
169 131 0 1 0 0 0 0 0 0 0 0 0 321 180 0 4 1 1 0 0 0 1 0 0 0
182 138 0 1 0 0 0 0 0 0 0 0 0 325 188 0 4 1 1 0 0 0 1 0 0 0
187 143 0 1 0 0 0 0 0 0 0 0 0 328 191 0 4 1 1 1 0 0 1 0 0 0
195 147 0 1 0 0 0 0 0 0 0 0 0 333 197 0 4 1 1 1 0 0 1 0 0 0
201 152 0 1 0 0 0 0 0 0 0 0 0 336 200 0 4 1 1 1 0 0 1 0 0 0
205 156 0 1 0 0 0 0 0 0 0 0 0 363 214 0 5 1 1 1 0 0 1 0 0 0
208 162 0 1 0 0 0 0 0 0 0 0 0 366 217 0 5 1 1 1 0 0 1 0 0 0
214 167 0 1 0 0 0 0 0 0 0 0 0 389 226 0 5 1 1 1 0 0 1 0 0 0
219 172 0 2 0 0 0 0 0 0 0 0 0 392 230 0 5 1 1 1 0 0 1 0 0 0
235 176 0 2 0 0 0 0 0 0 0 0 0 428 236 0 5 1 1 1 0 0 1 0 0 0
252 182 0 2 0 0 0 0 0 0 0 0 0 432 241 0 5 1 1 1 0 0 1 0 0 0
259 186 0 2 0 0 0 0 0 0 0 0 0 437 247 0 5 1 1 1 0 0 1 0 0 0
267 194 0 2 0 0 0 0 0 0 0 0 0 445 250 0 5 1 1 1 0 0 1 0 0 0
276 198 0 2 0 0 0 0 0 0 0 0 0 450 256 0 5 1 1 1 0 0 1 0 0 0
