# scores for worst/random/best/smart move selector strategies. 
# scores are 50% and 95% quantiles (based on 40 games) of: 
# game score, #destroyed, #unlocked, #stripes, #bombs, #zappers
3 3 0 0 0 0 0 0 0 0 0 0 0 12 12 0 0 0 0 0 0 0 0 0 0 0
10 10 0 0 0 0 0 0 0 0 0 0 0 39 27 0 0 0 0 0 0 0 0 0 0 0
19 18 0 0 0 0 0 0 0 0 0 0 0 103 53 0 2 1 1 0 0 0 1 0 0 0
37 28 0 0 0 0 0 0 0 0 0 0 0 140 61 0 2 1 1 1 0 0 1 0 0 0
67 39 0 0 0 0 0 0 0 0 0 0 0 158 70 0 3 1 1 1 0 0 1 0 0 0
93 48 0 1 0 0 0 0 0 0 0 0 0 186 86 0 3 1 1 1 1 0 1 0 0 0
117 61 0 1 0 0 0 0 0 0 0 0 0 231 98 0 3 1 1 1 1 0 1 0 0 0
153 72 0 2 0 0 0 0 0 0 0 0 0 289 120 0 4 1 2 1 1 0 2 0 0 0
172 85 0 2 0 0 0 0 0 0 0 0 0 320 129 0 5 2 2 1 1 0 2 0 0 0
234 108 0 3 1 0 0 0 0 0 0 0 0 497 155 1 11 2 3 1 1 0 2 0 0 0
255 116 0 3 1 0 0 0 0 0 0 0 0 541 169 1 11 2 3 1 1 0 2 0 0 0
277 124 0 3 1 0 0 0 0 0 0 0 0 546 176 1 11 2 3 1 1 0 2 0 0 0
296 133 0 3 1 1 0 0 0 1 0 0 0 603 191 1 13 2 3 2 1 0 3 0 0 0
320 146 0 3 1 1 0 0 0 1 0 0 0 613 213 2 14 3 3 2 1 0 3 1 0 0
367 156 0 5 1 1 0 0 0 1 0 0 0 665 223 2 14 3 3 2 1 0 3 1 0 0
389 167 0 5 1 1 1 0 0 1 0 0 0 711 230 2 14 3 3 2 1 0 3 1 0 0
414 178 0 5 1 1 1 0 0 1 0 0 0 723 238 2 14 3 3 2 1 0 3 1 0 0
442 184 0 5 1 1 1 0 0 1 0 0 0 730 244 2 14 4 3 2 1 0 3 1 0 0
460 196 0 6 1 1 1 0 0 1 0 0 0 765 250 2 15 4 3 2 1 0 3 1 0 0
485 209 0 6 1 1 1 1 0 1 0 0 0 856 270 2 18 4 4 2 1 0 3 1 0 0
522 217 0 6 1 1 1 1 0 1 0 0 0 886 289 2 18 4 4 2 1 0 3 1 0 0
538 231 0 7 2 1 1 1 0 1 0 0 0 890 302 2 18 4 4 2 2 0 3 1 0 0
567 244 0 7 2 1 1 1 0 1 0 0 0 991 314 2 18 4 4 2 2 0 3 1 0 0
583 250 0 7 2 1 1 1 0 1 0 0 0 1022 330 2 20 4 4 2 2 0 3 1 0 0
636 261 0 8 2 2 1 1 0 2 0 0 0 1046 339 2 21 4 4 3 2 0 4 1 0 0
651 280 0 9 2 2 1 1 0 2 0 0 0 1080 347 2 21 4 4 3 2 0 4 1 0 0
658 287 0 10 2 2 1 1 0 2 0 0 0 1120 361 2 22 5 5 3 2 0 4 1 0 0
716 304 0 10 2 2 1 1 0 2 0 0 0 1174 383 2 22 5 5 3 2 0 4 1 0 0
737 317 0 10 2 2 1 1 0 2 0 0 0 1180 397 2 22 5 5 3 2 0 4 1 0 0
748 328 0 10 2 2 1 1 0 2 0 0 0 1276 406 2 23 10 5 3 2 0 4 1 0 0
781 336 0 10 2 2 1 1 0 2 0 0 0 1301 418 2 23 10 5 3 2 0 4 1 0 0
814 346 0 11 2 2 1 1 0 2 0 0 0 1318 424 2 24 10 5 4 2 1 4 1 0 0
827 360 0 12 2 2 1 1 0 2 0 0 0 1327 432 2 24 10 5 4 2 1 4 1 0 0
874 374 0 12 3 2 1 1 0 2 0 0 0 1372 445 2 24 10 5 4 2 1 4 1 0 0
889 380 0 12 3 2 1 1 0 2 0 0 0 1380 450 2 24 10 5 4 2 1 5 1 0 0
919 387 0 12 3 2 1 1 0 2 0 0 0 1485 482 2 24 11 5 4 3 1 5 1 0 0
937 401 0 13 3 2 1 1 0 2 0 0 0 1488 492 2 25 11 6 4 3 1 5 1 0 0
967 408 0 14 3 2 1 1 0 2 0 0 0 1494 500 2 26 11 6 4 3 1 5 1 0 0
999 427 0 14 3 2 2 1 0 2 0 0 0 1665 516 2 27 11 6 4 3 1 5 1 0 0
1040 435 0 14 3 3 2 1 0 2 0 0 0 1687 522 2 27 12 6 4 3 1 5 1 0 0
1062 444 0 15 3 3 2 1 0 2 0 0 0 1722 536 2 27 12 6 4 3 1 5 1 0 0
