# scores for worst/random/best/smart move selector strategies. 
# scores are 50% and 95% quantiles (based on 40 games) of: 
# game score, #destroyed, #unlocked, #stripes, #bombs, #zappers
3 3 0 0 0 0 0 0 0 0 0 0 0 12 12 0 0 0 0 0 0 0 0 0 0 0
9 9 0 0 0 0 0 0 0 0 0 0 0 18 18 0 0 0 0 0 0 0 0 0 0 0
12 12 0 0 0 0 0 0 0 0 0 0 0 25 24 0 0 0 0 0 0 0 0 0 0 0
15 15 0 0 0 0 0 0 0 0 0 0 0 28 28 0 0 0 0 0 0 0 0 0 0 0
21 21 0 0 0 0 0 0 0 0 0 0 0 60 37 0 0 0 0 0 0 0 0 0 0 0
24 24 0 0 0 0 0 0 0 0 0 0 0 67 46 0 0 0 0 0 0 0 0 0 0 0
27 27 0 0 0 0 0 0 0 0 0 0 0 70 49 0 0 0 0 0 0 0 0 0 0 0
32 32 0 0 0 0 0 0 0 0 0 0 0 74 52 0 0 0 0 0 0 0 0 0 0 0
36 36 0 0 0 0 0 0 0 0 0 0 0 85 56 0 1 0 0 0 0 0 0 0 0 0
39 39 0 0 0 0 0 0 0 0 0 0 0 90 63 0 1 0 0 0 0 0 0 0 0 0
45 45 0 0 0 0 0 0 0 0 0 0 0 106 69 0 1 1 0 0 0 0 0 0 0 0
48 48 0 0 0 0 0 0 0 0 0 0 0 109 72 0 1 1 0 0 0 0 0 0 0 0
52 52 0 0 0 0 0 0 0 0 0 0 0 114 77 0 1 1 0 0 0 0 0 0 0 0
56 56 0 0 0 0 0 0 0 0 0 0 0 134 88 0 1 1 0 0 0 0 0 0 0 0
61 60 0 0 0 0 0 0 0 0 0 0 0 137 91 0 1 1 0 0 0 0 0 0 0 0
65 64 0 0 0 0 0 0 0 0 0 0 0 140 96 0 1 1 0 0 0 0 0 0 0 0
69 68 0 0 0 0 0 0 0 0 0 0 0 143 99 0 1 1 0 0 0 0 0 0 0 0
73 72 0 0 0 0 0 0 0 0 0 0 0 148 102 0 1 1 0 0 0 0 0 0 0 0
78 77 0 0 0 0 0 0 0 0 0 0 0 164 107 0 1 1 0 0 0 0 0 0 0 0
81 80 0 0 0 0 0 0 0 0 0 0 0 169 113 0 1 1 0 0 0 0 0 0 0 0
86 85 0 0 0 0 0 0 0 0 0 0 0 175 119 0 1 1 0 0 0 0 0 0 0 0
89 88 0 0 0 0 0 0 0 0 0 0 0 178 124 0 1 1 0 0 0 0 0 0 0 0
95 93 0 0 0 0 0 0 0 0 0 0 0 192 127 0 1 1 0 0 0 0 0 0 0 0
98 97 0 0 0 0 0 0 0 0 0 0 0 195 131 0 1 1 0 0 0 0 0 0 0 0
104 100 0 0 0 0 0 0 0 0 0 0 0 200 134 0 1 1 0 0 0 0 0 0 0 0
110 106 0 0 0 0 0 0 0 0 0 0 0 207 137 0 1 1 0 0 0 0 0 0 0 0
113 110 0 0 0 0 0 0 0 0 0 0 0 211 142 0 1 1 0 0 0 0 0 0 0 0
118 114 0 0 0 0 0 0 0 0 0 0 0 214 146 0 1 1 0 0 0 0 0 0 0 0
125 119 0 0 0 0 0 0 0 0 0 0 0 219 149 0 1 1 0 0 0 0 0 0 0 0
130 123 0 0 0 0 0 0 0 0 0 0 0 222 153 0 2 1 0 0 0 0 0 0 0 0
133 127 0 0 0 0 0 0 0 0 0 0 0 233 158 0 2 1 0 0 0 0 0 0 0 0
136 130 0 0 0 0 0 0 0 0 0 0 0 236 161 0 2 1 0 0 0 0 0 0 0 0
139 133 0 0 0 0 0 0 0 0 0 0 0 239 166 0 2 1 0 0 0 0 0 0 0 0
143 136 0 0 0 0 0 0 0 0 0 0 0 261 170 0 2 1 0 0 0 0 0 0 0 0
149 141 0 0 0 0 0 0 0 0 0 0 0 265 177 0 2 1 0 0 0 0 0 0 0 0
153 145 0 0 0 0 0 0 0 0 0 0 0 268 180 0 2 1 0 0 0 0 0 0 0 0
158 150 0 0 0 0 0 0 0 0 0 0 0 271 183 0 2 1 0 0 0 0 0 0 0 0
161 153 0 0 0 0 0 0 0 0 0 0 0 276 191 0 2 1 0 0 0 0 0 0 0 0
167 160 0 0 0 0 0 0 0 0 0 0 0 286 199 0 2 1 0 0 0 0 0 0 0 0
176 164 0 0 0 0 0 0 0 0 0 0 0 289 202 0 2 1 0 0 0 0 0 0 0 0
180 167 0 0 0 0 0 0 0 0 0 0 0 296 207 0 2 1 0 0 0 0 0 0 0 0
