# scores for worst/random/best/smart move selector strategies. 
# scores are 50% and 95% quantiles (based on 40 games) of: 
# game score, #destroyed, #unlocked, #stripes, #bombs, #zappers
6 6 0 0 0 0 0 0 0 0 0 0 0 17 17 0 0 0 0 0 0 0 0 0 0 0
12 12 0 0 0 0 0 0 0 0 0 0 0 28 22 0 0 0 0 0 0 0 0 0 0 0
17 17 0 0 0 0 0 0 0 0 0 0 0 32 26 0 0 0 0 0 0 0 0 0 0 0
21 21 0 0 0 0 0 0 0 0 0 0 0 75 35 0 0 0 0 0 0 0 0 0 0 0
28 27 0 0 0 0 0 0 0 0 0 0 0 78 38 0 1 0 0 0 0 0 0 0 0 0
33 33 0 0 0 0 0 0 0 0 0 0 0 83 48 0 1 0 0 0 0 0 0 0 0 0
37 37 0 0 0 0 0 0 0 0 0 0 0 97 56 1 1 1 0 0 0 0 0 0 0 0
43 42 0 0 0 0 0 0 0 0 0 0 0 100 65 1 2 1 0 0 0 0 0 0 0 0
51 48 0 0 0 0 0 0 0 0 0 0 0 132 79 1 2 1 0 0 0 0 0 0 0 0
55 52 0 0 0 0 0 0 0 0 0 0 0 145 82 1 2 1 0 0 0 0 0 0 0 0
63 58 0 0 0 0 0 0 0 0 0 0 0 150 88 1 2 1 0 0 0 0 0 0 0 0
67 66 0 0 0 0 0 0 0 0 0 0 0 155 91 1 2 1 0 0 0 0 0 0 0 0
86 69 0 0 0 0 0 0 0 0 0 0 0 161 95 1 2 1 0 0 0 0 0 0 0 0
95 75 0 0 0 0 0 0 0 0 0 0 0 169 104 1 2 1 0 0 0 0 0 0 0 0
102 79 0 0 0 0 0 0 0 0 0 0 0 196 110 1 3 1 0 0 0 0 0 0 0 0
113 84 0 0 0 0 0 0 0 0 0 0 0 213 121 1 3 1 0 0 0 0 0 0 0 0
121 89 0 1 0 0 0 0 0 0 0 0 0 217 128 1 3 1 0 0 0 0 0 0 0 0
127 95 0 1 0 0 0 0 0 0 0 0 0 230 136 1 3 1 0 0 0 0 0 0 0 0
148 103 0 1 0 0 0 0 0 0 0 0 0 245 139 1 3 1 0 0 0 0 0 0 0 0
153 108 0 1 0 0 0 0 0 0 0 0 0 248 142 1 3 1 0 0 0 0 0 0 0 0
161 112 0 1 0 0 0 0 0 0 0 0 0 251 145 1 3 1 0 0 0 0 0 0 0 0
170 118 0 1 0 0 0 0 0 0 0 0 0 296 159 2 4 2 0 0 0 0 0 0 0 0
181 125 0 1 0 0 0 0 0 0 0 0 0 299 162 2 4 2 0 0 0 0 0 0 0 0
185 129 0 1 0 0 0 0 0 0 0 0 0 337 175 2 4 2 0 0 0 0 0 0 0 0
191 133 0 1 0 0 0 0 0 0 0 0 0 354 191 2 4 2 0 0 0 0 0 0 0 0
198 139 0 1 0 0 0 0 0 0 0 0 0 380 199 2 4 2 0 0 0 0 0 0 0 0
206 147 0 2 0 0 0 0 0 0 0 0 0 386 204 2 4 2 0 0 0 0 0 0 0 0
219 154 0 2 0 0 0 0 0 0 0 0 0 389 207 2 5 2 0 0 0 0 0 0 0 0
223 161 0 2 0 0 0 0 0 0 0 0 0 392 210 2 5 2 0 0 0 0 0 0 0 0
231 166 0 2 0 0 0 0 0 0 0 0 0 398 215 2 5 2 0 0 0 0 0 0 0 0
243 172 0 2 0 0 0 0 0 0 0 0 0 410 220 2 5 2 1 0 0 0 0 0 0 0
254 178 0 2 0 0 0 0 0 0 0 0 0 431 227 2 5 2 1 0 0 0 0 0 0 0
258 182 0 2 0 0 0 0 0 0 0 0 0 446 231 3 5 2 1 0 0 0 0 0 0 0
269 186 0 2 0 0 0 0 0 0 0 0 0 461 234 3 6 2 1 0 0 0 0 0 0 0
279 192 0 3 1 0 0 0 0 0 0 0 0 492 248 3 7 2 1 0 0 0 0 0 0 0
292 198 0 3 1 0 0 0 0 0 0 0 0 495 251 3 7 2 1 0 0 0 0 0 0 0
297 209 1 3 1 0 0 0 0 0 0 0 0 503 259 3 7 2 1 0 0 0 1 0 0 0
300 213 1 3 1 0 0 0 0 0 0 0 0 506 262 3 7 2 1 0 0 0 1 0 0 0
309 216 1 3 1 0 0 0 0 0 0 0 0 513 269 3 7 2 1 0 0 0 1 0 0 0
314 223 1 3 1 0 0 0 0 0 0 0 0 516 272 3 7 2 1 0 0 0 1 0 0 0
318 226 1 3 1 0 0 0 0 0 0 0 0 527 281 3 7 2 1 0 0 0 1 0 0 0
