# scores for worst/random/best/smart move selector strategies. 
# scores are 50% and 95% quantiles (based on 40 games) of: 
# game score, #destroyed, #unlocked, #stripes, #bombs, #zappers
6 6 0 0 0 0 0 0 0 0 0 0 0 17 17 0 0 0 0 0 0 0 0 0 0 0
9 9 0 0 0 0 0 0 0 0 0 0 0 28 25 0 0 0 0 0 0 0 0 0 0 0
15 15 0 0 0 0 0 0 0 0 0 0 0 35 31 0 0 0 0 0 0 0 0 0 0 0
19 19 0 0 0 0 0 0 0 0 0 0 0 40 34 0 0 0 0 0 0 0 0 0 0 0
22 22 0 0 0 0 0 0 0 0 0 0 0 43 37 0 0 0 0 0 0 0 0 0 0 0
27 27 0 0 0 0 0 0 0 0 0 0 0 47 44 0 0 0 0 0 0 0 0 0 0 0
30 30 0 0 0 0 0 0 0 0 0 0 0 75 52 0 0 0 0 0 0 0 0 0 0 0
36 36 0 0 0 0 0 0 0 0 0 0 0 82 57 0 0 0 0 0 0 0 0 0 0 0
42 41 0 0 0 0 0 0 0 0 0 0 0 87 63 0 1 0 0 0 0 0 0 0 0 0
45 45 0 0 0 0 0 0 0 0 0 0 0 97 67 0 1 0 0 0 0 0 0 0 0 0
50 49 0 0 0 0 0 0 0 0 0 0 0 106 74 0 1 0 0 0 0 0 0 0 0 0
56 56 0 0 0 0 0 0 0 0 0 0 0 116 79 0 1 0 0 0 0 0 0 0 0 0
62 59 0 0 0 0 0 0 0 0 0 0 0 119 82 0 1 0 0 0 0 0 0 0 0 0
66 64 0 0 0 0 0 0 0 0 0 0 0 135 88 0 1 0 0 0 0 0 0 0 0 0
71 69 0 0 0 0 0 0 0 0 0 0 0 139 91 0 1 0 0 0 0 0 0 0 0 0
74 73 0 0 0 0 0 0 0 0 0 0 0 143 102 0 1 0 0 0 0 0 0 0 0 0
78 77 0 0 0 0 0 0 0 0 0 0 0 155 111 0 2 0 0 0 0 0 0 0 0 0
82 81 0 0 0 0 0 0 0 0 0 0 0 158 114 0 2 0 0 0 0 0 0 0 0 0
89 87 0 0 0 0 0 0 0 0 0 0 0 168 118 0 2 1 0 0 0 0 0 0 0 0
92 92 0 0 0 0 0 0 0 0 0 0 0 171 121 0 2 1 0 0 0 0 0 0 0 0
98 96 0 0 0 0 0 0 0 0 0 0 0 176 125 0 2 1 0 0 0 0 0 0 0 0
104 100 0 0 0 0 0 0 0 0 0 0 0 179 128 0 2 1 0 0 0 0 0 0 0 0
112 106 0 0 0 0 0 0 0 0 0 0 0 183 133 0 2 1 0 0 0 0 0 0 0 0
116 109 0 0 0 0 0 0 0 0 0 0 0 187 136 0 2 1 0 0 0 0 0 0 0 0
124 114 0 0 0 0 0 0 0 0 0 0 0 193 141 0 2 1 0 0 0 0 0 0 0 0
131 118 0 0 0 0 0 0 0 0 0 0 0 198 144 0 2 1 0 0 0 0 0 0 0 0
134 122 0 0 0 0 0 0 0 0 0 0 0 201 148 0 2 1 0 0 0 0 0 0 0 0
145 128 0 0 0 0 0 0 0 0 0 0 0 204 155 0 2 1 0 0 0 0 0 0 0 0
150 136 0 0 0 0 0 0 0 0 0 0 0 208 159 1 2 1 0 0 0 0 0 0 0 0
154 139 0 0 0 0 0 0 0 0 0 0 0 213 167 1 2 1 0 0 0 0 0 0 0 0
163 143 0 0 0 0 0 0 0 0 0 0 0 228 173 1 2 1 0 0 0 0 0 0 0 0
169 149 0 0 0 0 0 0 0 0 0 0 0 231 176 1 2 1 0 0 0 0 0 0 0 0
172 152 0 0 0 0 0 0 0 0 0 0 0 238 183 1 2 1 0 0 0 0 0 0 0 0
177 160 0 0 0 0 0 0 0 0 0 0 0 253 186 1 3 1 0 0 0 0 0 0 0 0
182 163 0 1 0 0 0 0 0 0 0 0 0 256 194 1 3 1 0 0 0 0 0 0 0 0
187 166 0 1 0 0 0 0 0 0 0 0 0 259 203 1 3 1 0 0 0 0 0 0 0 0
193 169 0 1 0 0 0 0 0 0 0 0 0 263 206 1 3 1 0 0 0 0 0 0 0 0
196 174 0 1 0 0 0 0 0 0 0 0 0 268 210 1 3 1 0 0 0 0 0 0 0 0
202 179 0 1 0 0 0 0 0 0 0 0 0 271 217 1 3 1 0 0 0 0 0 0 0 0
209 184 0 1 0 0 0 0 0 0 0 0 0 275 220 1 3 1 0 0 0 0 0 0 0 0
216 188 0 1 0 0 0 0 0 0 0 0 0 280 224 1 3 1 0 0 0 0 0 0 0 0
