# scores for worst/random/best/smart move selector strategies. 
# scores are 50% and 95% quantiles (based on 40 games) of: 
# game score, #destroyed, #unlocked, #stripes, #bombs, #zappers
0 0 0 0 0 0 0 0 0 0 0 0 0 7 7 0 0 0 0 0 0 0 0 0 0 0
3 3 0 0 0 0 0 0 0 0 0 0 0 12 12 0 0 0 0 0 0 0 0 0 0 0
9 9 0 0 0 0 0 0 0 0 0 0 0 16 16 0 0 0 0 0 0 0 0 0 0 0
12 12 0 0 0 0 0 0 0 0 0 0 0 23 23 0 0 0 0 0 0 0 0 0 0 0
18 18 0 0 0 0 0 0 0 0 0 0 0 45 27 0 1 0 0 0 0 0 0 0 0 0
21 21 0 0 0 0 0 0 0 0 0 0 0 50 32 1 1 0 0 0 0 0 0 0 0 0
27 24 0 0 0 0 0 0 0 0 0 0 0 67 40 2 1 0 0 0 0 0 0 0 0 0
30 30 0 0 0 0 0 0 0 0 0 0 0 93 50 3 1 0 0 0 0 0 0 0 0 0
34 33 0 0 0 0 0 0 0 0 0 0 0 101 53 3 1 1 0 0 0 0 0 0 0 0
42 39 0 0 0 0 0 0 0 0 0 0 0 118 59 3 1 1 0 0 0 0 0 0 0 0
45 42 0 0 0 0 0 0 0 0 0 0 0 121 64 3 1 1 0 0 0 0 0 0 0 0
49 48 0 0 0 0 0 0 0 0 0 0 0 130 70 5 2 1 0 0 0 0 0 0 0 0
54 51 0 0 0 0 0 0 0 0 0 0 0 136 75 5 2 1 0 0 0 0 0 0 0 0
58 57 0 0 0 0 0 0 0 0 0 0 0 141 80 5 2 1 0 0 0 0 0 0 0 0
62 60 0 0 0 0 0 0 0 0 0 0 0 146 84 6 2 1 0 0 0 0 0 0 0 0
72 66 0 0 0 0 0 0 0 0 0 0 0 149 87 6 2 1 0 0 0 0 0 0 0 0
75 69 0 0 0 0 0 0 0 0 0 0 0 166 92 6 2 1 0 0 0 0 0 0 0 0
78 73 0 0 0 0 0 0 0 0 0 0 0 172 96 6 2 1 0 0 0 0 0 0 0 0
83 79 0 0 0 0 0 0 0 0 0 0 0 176 100 6 2 1 0 0 0 0 0 0 0 0
95 85 0 0 0 0 0 0 0 0 0 0 0 185 106 6 2 1 0 0 0 0 0 0 0 0
105 89 0 0 0 0 0 0 0 0 0 0 0 198 114 6 2 1 0 0 0 0 0 0 0 0
110 95 0 0 0 0 0 0 0 0 0 0 0 204 118 6 2 1 0 0 0 0 0 0 0 0
114 101 0 0 0 0 0 0 0 0 0 0 0 209 122 6 2 1 0 0 0 0 0 0 0 0
117 104 0 1 0 0 0 0 0 0 0 0 0 219 133 6 3 1 0 0 0 0 0 0 0 0
124 108 0 1 0 0 0 0 0 0 0 0 0 240 137 6 3 1 0 0 0 0 0 0 0 0
140 115 1 1 0 0 0 0 0 0 0 0 0 243 144 6 3 1 0 0 0 0 0 0 0 0
145 118 1 1 0 0 0 0 0 0 0 0 0 246 151 6 3 1 0 0 0 0 0 0 0 0
154 123 1 1 0 0 0 0 0 0 0 0 0 266 156 7 3 1 0 0 0 0 0 0 0 0
159 129 1 1 0 0 0 0 0 0 0 0 0 275 164 7 3 1 0 0 0 0 0 0 0 0
164 134 1 1 0 0 0 0 0 0 0 0 0 278 167 7 3 1 0 0 0 0 0 0 0 0
167 137 1 1 0 0 0 0 0 0 0 0 0 284 172 7 3 1 0 0 0 0 0 0 0 0
181 143 1 1 0 0 0 0 0 0 0 0 0 303 182 7 4 1 1 0 0 0 0 0 0 0
189 148 2 1 0 0 0 0 0 0 0 0 0 366 191 7 5 1 1 0 0 0 0 0 0 0
195 152 2 1 0 0 0 0 0 0 0 0 0 391 198 7 5 1 1 0 0 0 0 0 0 0
202 159 2 2 0 0 0 0 0 0 0 0 0 394 201 7 5 1 1 0 0 0 0 0 0 0
211 164 2 2 0 0 0 0 0 0 0 0 0 398 204 7 5 1 1 0 0 0 0 0 0 0
219 169 2 2 0 0 0 0 0 0 0 0 0 401 207 7 5 1 1 0 0 0 0 0 0 0
228 174 2 2 0 0 0 0 0 0 0 0 0 426 217 7 6 1 1 0 0 0 1 0 0 0
241 179 2 2 0 0 0 0 0 0 0 0 0 433 221 7 6 1 1 0 0 0 1 0 0 0
257 184 2 2 0 0 0 0 0 0 0 0 0 436 224 7 6 1 1 0 0 0 1 0 0 0
267 188 2 2 0 0 0 0 0 0 0 0 0 465 227 8 7 1 1 1 0 0 1 0 0 0
