# scores for worst/random/best/smart move selector strategies. 
# scores are 50% and 95% quantiles (based on 40 games) of: 
# game score, #destroyed, #unlocked, #stripes, #bombs, #zappers
0 0 0 0 0 0 0 0 0 0 0 0 0 7 7 0 0 0 0 0 0 0 0 0 0 0
3 3 0 0 0 0 0 0 0 0 0 0 0 13 13 0 0 0 0 0 0 0 0 0 0 0
9 9 0 0 0 0 0 0 0 0 0 0 0 21 21 0 0 0 0 0 0 0 0 0 0 0
12 12 0 0 0 0 0 0 0 0 0 0 0 27 27 0 0 0 0 0 0 0 0 0 0 0
18 18 0 0 0 0 0 0 0 0 0 0 0 40 30 0 0 0 0 0 0 0 0 0 0 0
23 22 0 0 0 0 0 0 0 0 0 0 0 50 37 0 0 0 0 0 0 0 0 0 0 0
26 25 0 0 0 0 0 0 0 0 0 0 0 73 45 2 1 0 0 0 0 0 0 0 0 0
30 30 0 0 0 0 0 0 0 0 0 0 0 83 48 2 1 1 0 0 0 0 0 0 0 0
33 33 0 0 0 0 0 0 0 0 0 0 0 89 51 3 1 1 0 0 0 0 0 0 0 0
38 37 0 0 0 0 0 0 0 0 0 0 0 92 54 3 1 1 0 0 0 0 0 0 0 0
43 42 0 0 0 0 0 0 0 0 0 0 0 99 59 3 1 1 0 0 0 0 0 0 0 0
48 47 0 0 0 0 0 0 0 0 0 0 0 113 64 3 1 1 0 0 0 0 0 0 0 0
54 54 0 0 0 0 0 0 0 0 0 0 0 120 74 4 1 1 0 0 0 0 0 0 0 0
57 57 0 0 0 0 0 0 0 0 0 0 0 125 78 4 1 1 0 0 0 0 0 0 0 0
62 61 0 0 0 0 0 0 0 0 0 0 0 129 89 4 1 1 0 0 0 0 0 0 0 0
66 66 0 0 0 0 0 0 0 0 0 0 0 138 92 4 2 1 0 0 0 0 0 0 0 0
69 69 0 0 0 0 0 0 0 0 0 0 0 142 95 4 2 1 0 0 0 0 0 0 0 0
73 72 0 0 0 0 0 0 0 0 0 0 0 157 101 4 2 1 0 0 0 0 0 0 0 0
79 76 0 0 0 0 0 0 0 0 0 0 0 170 112 4 2 1 0 0 0 0 0 0 0 0
82 79 0 0 0 0 0 0 0 0 0 0 0 181 117 4 2 1 0 0 0 0 0 0 0 0
88 85 0 0 0 0 0 0 0 0 0 0 0 184 121 4 2 1 0 0 0 0 0 0 0 0
91 90 0 0 0 0 0 0 0 0 0 0 0 188 125 4 2 1 0 0 0 0 0 0 0 0
103 96 0 0 0 0 0 0 0 0 0 0 0 194 129 4 2 1 0 0 0 0 0 0 0 0
108 99 0 0 0 0 0 0 0 0 0 0 0 211 134 4 2 1 0 0 0 0 0 0 0 0
112 106 0 0 0 0 0 0 0 0 0 0 0 215 142 4 2 1 0 0 0 0 0 0 0 0
116 111 0 0 0 0 0 0 0 0 0 0 0 219 145 5 2 1 0 0 0 0 0 0 0 0
135 115 0 0 0 0 0 0 0 0 0 0 0 224 151 5 2 1 0 0 0 0 0 0 0 0
138 118 0 0 0 0 0 0 0 0 0 0 0 229 154 5 3 1 0 0 0 0 0 0 0 0
146 124 0 0 0 0 0 0 0 0 0 0 0 233 157 5 3 1 0 0 0 0 0 0 0 0
149 129 0 0 0 0 0 0 0 0 0 0 0 236 162 5 3 1 0 0 0 0 0 0 0 0
154 135 0 0 0 0 0 0 0 0 0 0 0 239 165 5 3 1 0 0 0 0 0 0 0 0
159 138 0 0 0 0 0 0 0 0 0 0 0 242 170 5 3 1 0 0 0 0 0 0 0 0
162 142 0 0 0 0 0 0 0 0 0 0 0 267 174 5 3 1 0 0 0 0 0 0 0 0
165 146 0 0 0 0 0 0 0 0 0 0 0 270 181 5 3 1 0 0 0 0 0 0 0 0
169 149 1 1 0 0 0 0 0 0 0 0 0 274 188 5 3 1 0 0 0 0 0 0 0 0
174 153 1 1 0 0 0 0 0 0 0 0 0 277 192 5 3 1 0 0 0 0 0 0 0 0
180 158 1 1 0 0 0 0 0 0 0 0 0 280 197 5 3 1 0 0 0 0 0 0 0 0
184 165 1 1 0 0 0 0 0 0 0 0 0 285 201 5 3 1 0 0 0 0 0 0 0 0
188 168 1 1 0 0 0 0 0 0 0 0 0 293 209 5 3 1 0 0 0 0 0 0 0 0
197 173 1 1 0 0 0 0 0 0 0 0 0 297 215 5 3 1 0 0 0 0 0 0 0 0
214 179 1 1 0 0 0 0 0 0 0 0 0 305 220 5 3 1 0 0 0 0 0 0 0 0
