# scores for worst/random/best/smart move selector strategies. 
# scores are 50% and 95% quantiles (based on 40 games) of: 
# game score, #destroyed, #unlocked, #stripes, #bombs, #zappers
5 5 0 0 0 0 0 0 0 0 0 0 0 26 21 0 0 0 0 0 0 0 0 0 0 0
13 13 0 0 0 0 0 0 0 0 0 0 0 70 38 2 1 0 0 0 0 0 0 0 0 0
22 21 0 0 0 0 0 0 0 0 0 0 0 199 64 5 2 1 0 0 0 0 0 0 0 0
47 39 0 0 0 0 0 0 0 0 0 0 0 273 78 10 2 1 1 0 0 0 1 0 0 0
72 50 1 1 0 0 0 0 0 0 0 0 0 286 95 12 3 1 1 1 0 0 1 0 0 0
96 56 1 1 0 0 0 0 0 0 0 0 0 355 114 12 4 1 1 1 0 0 1 0 0 0
118 67 3 1 0 0 0 0 0 0 0 0 0 359 122 14 4 1 1 1 0 0 1 0 0 0
143 75 4 2 0 0 0 0 0 0 0 0 0 498 177 15 5 3 2 1 0 0 1 0 0 0
174 89 4 2 0 0 0 0 0 0 0 0 0 601 209 17 9 3 2 1 0 0 2 0 0 0
190 102 5 3 0 0 0 0 0 0 0 0 0 609 217 20 9 3 2 1 1 0 2 0 0 0
230 116 6 3 0 0 0 0 0 0 0 0 0 680 240 20 11 4 2 1 1 0 2 1 0 0
283 136 7 4 1 0 0 0 0 0 0 0 0 810 251 21 15 4 2 1 1 0 2 1 0 0
320 148 7 5 1 0 0 0 0 0 0 0 0 866 283 21 15 4 3 1 1 0 2 1 0 0
402 161 9 5 1 0 0 0 0 0 0 0 0 986 319 22 16 4 4 2 1 0 3 1 0 0
416 172 9 5 1 1 0 0 0 0 0 0 0 1048 327 22 16 4 4 2 1 0 3 1 0 0
428 187 12 6 1 1 0 0 0 0 0 0 0 1058 348 22 16 5 4 2 1 0 3 1 0 0
495 206 13 7 1 1 0 0 0 0 0 0 0 1075 359 23 21 6 4 2 1 0 3 1 0 0
538 223 13 7 2 1 0 0 0 1 0 0 0 1085 369 23 21 6 4 2 1 0 3 1 0 0
588 241 13 8 2 1 0 0 0 1 0 0 0 1122 407 24 21 6 5 2 1 0 4 1 0 0
638 259 14 9 2 1 1 0 0 1 0 0 0 1133 416 24 21 6 5 2 1 0 4 1 0 0
642 270 14 10 2 1 1 0 0 1 0 0 0 1142 426 24 22 6 5 2 1 0 4 1 0 0
748 293 14 10 2 1 1 0 0 1 0 0 0 1195 443 24 22 6 5 2 2 0 4 1 0 0
765 307 14 10 3 1 1 1 0 1 0 0 0 1205 452 24 23 6 5 2 2 0 4 1 0 0
844 328 14 11 3 2 1 1 0 1 0 0 0 1488 475 24 23 13 5 2 2 0 4 1 0 0
865 335 15 11 3 2 1 1 0 1 0 0 0 1508 483 25 23 14 5 2 2 0 4 1 0 0
897 350 15 11 3 2 1 1 0 1 0 0 0 1577 504 25 24 14 5 2 2 0 4 1 0 0
987 371 16 12 3 2 1 1 0 2 0 0 0 1784 512 25 24 15 5 2 2 0 4 1 1 0
1005 378 16 12 4 2 1 1 0 2 0 0 0 1858 564 25 27 16 5 2 3 0 4 1 1 0
1082 413 16 13 4 2 1 1 0 2 0 0 0 1882 586 25 27 17 6 2 3 0 4 1 1 0
1116 425 16 14 4 2 1 1 0 2 0 0 0 1915 608 25 27 17 6 3 3 0 4 1 1 0
1125 439 16 15 4 3 1 1 0 2 0 0 0 1976 653 25 27 17 6 3 3 0 4 1 1 0
1224 451 16 15 4 3 1 1 0 2 0 0 0 2069 695 25 30 18 7 3 3 0 5 1 1 0
1277 477 16 16 4 3 1 1 0 2 0 0 0 2133 725 25 36 18 7 3 3 0 5 1 1 0
1324 491 16 16 4 3 1 1 0 2 0 0 0 2183 733 25 36 18 8 3 3 0 5 1 1 0
1347 506 16 18 5 3 1 1 0 2 0 0 0 2189 753 25 36 18 8 3 3 0 6 1 1 0
1363 519 16 18 5 3 1 1 0 2 0 0 0 2219 763 25 37 18 8 3 3 0 6 1 1 0
1428 539 16 19 5 3 1 1 0 2 0 0 0 2317 781 25 38 18 8 3 3 0 6 1 1 0
1447 553 16 19 5 3 2 1 0 2 0 0 0 2449 789 25 39 18 8 3 3 0 6 1 1 0
1500 562 16 21 5 3 2 1 0 2 0 0 0 2660 849 25 41 19 8 3 3 0 6 2 1 0
1556 571 16 22 5 3 2 1 0 2 0 0 0 2672 879 25 42 19 8 3 3 0 6 2 1 0
1586 598 16 22 5 3 2 1 0 2 0 0 0 2716 890 25 42 19 8 3 3 0 6 2 1 0
