# scores for worst/random/best/smart move selector strategies. 
# scores are 50% and 95% quantiles (based on 40 games) of: 
# game score, #destroyed, #unlocked, #stripes, #bombs, #zappers
5 5 0 0 0 0 0 0 0 0 0 0 0 26 21 0 0 0 0 0 0 0 0 0 0 0
9 9 0 0 0 0 0 0 0 0 0 0 0 47 27 1 0 0 0 0 0 0 0 0 0 0
18 18 0 0 0 0 0 0 0 0 0 0 0 53 37 2 1 0 0 0 0 0 0 0 0 0
21 21 0 0 0 0 0 0 0 0 0 0 0 75 46 2 1 0 0 0 0 0 0 0 0 0
28 28 0 0 0 0 0 0 0 0 0 0 0 103 59 3 1 1 0 0 0 0 0 0 0 0
39 35 0 0 0 0 0 0 0 0 0 0 0 114 74 4 1 1 0 0 0 0 0 0 0 0
46 44 0 0 0 0 0 0 0 0 0 0 0 124 79 4 1 1 0 0 0 0 0 0 0 0
58 48 0 0 0 0 0 0 0 0 0 0 0 159 86 5 2 1 0 0 0 0 0 0 0 0
72 60 0 0 0 0 0 0 0 0 0 0 0 195 110 5 2 2 1 0 0 0 1 0 0 0
83 66 0 0 0 0 0 0 0 0 0 0 0 229 121 6 2 2 1 0 0 0 1 0 0 0
96 76 1 1 0 0 0 0 0 0 0 0 0 296 149 7 2 2 1 0 0 0 1 0 0 0
116 88 1 1 0 0 0 0 0 0 0 0 0 326 157 9 2 2 1 0 0 0 1 0 0 0
121 92 1 1 0 0 0 0 0 0 0 0 0 338 176 9 3 2 1 0 0 0 1 0 0 0
135 104 2 1 0 0 0 0 0 0 0 0 0 362 179 12 4 2 1 0 0 0 1 0 0 0
143 110 2 1 0 0 0 0 0 0 0 0 0 367 186 12 4 2 1 0 0 0 1 0 0 0
162 114 2 1 0 0 0 0 0 0 0 0 0 424 202 12 4 3 1 0 0 0 1 0 0 0
190 126 2 2 0 0 0 0 0 0 0 0 0 432 205 12 4 3 1 0 0 0 1 0 0 0
202 134 2 2 0 0 0 0 0 0 0 0 0 444 216 12 5 3 1 1 0 0 1 0 0 0
226 149 3 2 0 0 0 0 0 0 0 0 0 449 223 13 5 3 2 1 0 0 2 0 0 0
252 162 3 2 0 0 0 0 0 0 0 0 0 530 238 13 6 3 2 1 0 0 2 0 0 0
259 167 3 2 1 0 0 0 0 0 0 0 0 537 248 13 6 3 2 1 0 0 2 0 0 0
280 174 3 2 1 0 0 0 0 0 0 0 0 583 263 13 6 4 2 1 0 0 2 0 0 0
307 182 4 2 1 0 0 0 0 0 0 0 0 587 271 14 7 4 2 1 0 0 2 0 0 0
330 191 4 2 1 0 0 0 0 0 0 0 0 590 276 14 7 4 2 1 0 0 2 0 0 0
349 211 4 2 1 0 0 0 0 0 0 0 0 593 285 14 7 4 2 1 0 0 2 0 0 0
361 215 4 2 1 0 0 0 0 0 0 0 0 611 298 14 7 4 2 1 0 0 2 0 0 0
382 227 4 3 1 0 0 0 0 0 0 0 0 653 323 14 7 4 2 1 0 0 2 0 0 0
397 235 4 3 1 0 0 0 0 0 0 0 0 657 342 14 8 4 2 1 0 0 2 0 0 0
426 246 5 3 1 0 0 0 0 0 0 0 0 662 347 14 8 4 2 1 0 0 2 0 0 0
433 255 5 4 1 0 0 0 0 0 0 0 0 679 362 14 9 4 2 1 0 0 2 0 0 0
451 264 5 4 1 0 0 0 0 0 0 0 0 710 381 14 9 4 2 1 0 0 2 0 0 0
471 275 6 4 1 0 0 0 0 0 0 0 0 722 388 14 9 4 3 1 0 0 2 0 0 0
493 281 6 4 1 0 0 0 0 0 0 0 0 736 392 14 9 5 3 1 0 0 2 0 0 0
497 287 6 4 1 0 0 0 0 0 0 0 0 783 399 14 10 5 3 1 0 0 2 0 0 0
503 300 6 4 1 0 0 0 0 0 0 0 0 787 403 14 10 5 3 1 0 0 3 0 0 0
520 307 6 4 1 1 0 0 0 0 0 0 0 806 426 14 11 5 3 1 1 0 3 0 0 0
544 320 6 4 2 1 0 0 0 0 0 0 0 811 432 14 12 5 3 1 1 0 3 0 0 0
574 331 6 4 2 1 0 0 0 0 0 0 0 816 441 14 12 5 3 1 1 0 3 0 0 0
601 339 6 5 2 1 0 0 0 0 0 0 0 875 446 14 13 5 3 1 1 0 3 0 0 0
627 347 6 6 2 1 0 0 0 0 0 0 0 895 461 14 13 5 3 1 1 0 3 0 0 0
654 354 7 6 2 1 0 0 0 0 0 0 0 909 473 14 13 5 3 1 1 0 3 0 0 0
