# scores for worst/random/best/smart move selector strategies. 
# scores are 50% and 95% quantiles (based on 40 games) of: 
# game score, #destroyed, #unlocked, #stripes, #bombs, #zappers
5 5 0 0 0 0 0 0 0 0 0 0 0 26 21 0 0 0 0 0 0 0 0 0 0 0
11 11 0 0 0 0 0 0 0 0 0 0 0 58 38 2 0 0 0 0 0 0 0 0 0 0
24 19 0 0 0 0 0 0 0 0 0 0 0 139 51 4 2 1 0 0 0 0 0 0 0 0
55 32 0 0 0 0 0 0 0 0 0 0 0 194 72 5 2 1 1 0 0 0 1 0 0 0
112 52 2 1 0 0 0 0 0 0 0 0 0 211 91 10 3 2 1 1 0 0 1 0 0 0
138 65 4 2 0 0 0 0 0 0 0 0 0 254 118 12 4 2 1 1 0 0 1 0 0 0
195 91 4 2 0 0 0 0 0 0 0 0 0 385 132 17 6 3 1 1 1 0 1 0 0 0
222 99 5 3 1 0 0 0 0 0 0 0 0 437 170 17 6 4 1 1 1 0 1 0 0 0
289 124 6 4 1 1 0 0 0 0 0 0 0 505 187 20 6 4 2 1 1 1 2 0 0 0
329 143 7 4 1 1 0 0 0 0 0 0 0 546 216 20 6 4 2 1 1 1 2 0 0 0
396 169 8 4 1 1 0 0 0 1 0 0 0 797 252 22 15 5 3 1 1 1 3 1 0 0
475 188 10 5 2 1 0 0 0 1 0 0 0 1110 277 22 19 5 3 2 1 1 3 1 0 0
490 206 12 6 2 1 0 0 0 1 0 0 0 1170 305 22 19 6 4 2 1 1 3 1 0 0
545 229 12 7 2 1 0 0 0 1 0 0 0 1208 363 23 19 6 5 2 1 1 3 1 0 0
587 241 12 7 2 1 1 0 0 1 0 0 0 1243 391 23 19 8 5 2 1 1 3 1 0 0
674 268 13 8 2 2 1 0 0 1 0 0 0 1309 410 23 19 8 5 2 1 1 3 1 0 0
746 294 13 9 3 2 1 0 0 2 0 0 0 1393 447 23 20 8 6 2 1 1 3 1 0 0
804 318 13 10 3 2 1 0 0 2 0 0 0 1430 458 25 23 8 6 2 1 1 3 1 0 0
852 334 14 10 3 2 1 1 0 2 0 0 0 1447 484 25 24 13 6 2 2 1 3 1 0 0
907 365 14 11 4 2 1 1 0 2 0 0 0 1704 512 25 24 21 6 2 2 1 3 1 1 0
963 376 14 12 4 2 1 1 0 2 0 0 0 1749 537 26 25 21 6 2 2 1 3 1 1 0
1026 398 14 12 4 3 1 1 0 2 0 0 0 1785 544 26 26 21 6 2 2 1 3 1 1 0
1078 412 14 13 4 3 1 1 0 2 0 0 0 1789 572 26 27 22 6 3 2 1 3 1 1 0
1159 441 14 13 4 3 1 1 0 2 0 0 0 1886 586 26 27 22 6 3 2 1 4 1 1 0
1212 452 14 15 5 3 1 1 0 2 0 0 0 1964 602 26 28 22 6 3 2 1 4 1 1 0
1257 477 14 15 5 3 1 1 0 2 0 0 0 2237 651 26 29 23 6 3 2 1 5 1 1 0
1302 504 14 16 5 3 1 1 0 2 0 0 0 2297 670 26 30 23 6 3 2 1 5 1 1 0
1342 522 14 17 6 3 1 1 0 3 0 0 0 2710 693 26 32 26 7 3 2 1 6 1 1 0
1448 550 14 17 6 3 1 1 0 3 0 0 0 2790 735 26 32 26 7 3 2 1 6 1 1 0
1515 569 14 18 6 3 2 1 0 3 0 0 0 2842 755 26 38 27 7 3 2 1 6 1 1 0
1584 579 14 19 7 3 2 1 0 3 0 0 0 2900 788 26 40 27 8 3 2 1 7 1 1 0
1660 601 14 19 7 4 2 1 0 3 0 0 0 3068 854 26 43 27 8 3 3 1 7 2 1 0
1819 630 14 19 7 5 2 1 0 3 0 0 0 3075 889 26 48 27 8 3 3 1 7 2 1 0
1884 657 14 20 7 5 2 1 0 3 0 0 0 3095 908 26 49 27 8 3 3 1 7 2 1 0
1923 689 14 21 8 5 2 1 0 4 0 0 0 3324 923 26 49 28 9 3 3 1 7 2 1 0
1985 727 14 22 8 5 2 1 0 4 0 0 0 3331 931 26 49 28 9 3 3 1 7 2 1 0
2021 747 14 23 8 5 2 1 0 4 0 0 0 3697 958 26 49 28 9 3 3 1 7 2 1 0
2143 781 14 25 8 5 2 1 0 4 0 0 0 3746 983 26 50 29 9 3 3 1 7 2 1 0
2226 820 14 26 9 5 2 1 0 4 0 0 0 3766 993 26 50 29 10 3 3 2 8 2 1 0
2308 851 14 26 9 6 2 1 0 5 0 0 0 3815 1019 26 51 29 10 3 3 2 8 2 1 0
2331 870 14 28 10 6 2 2 0 5 0 0 0 3845 1035 26 56 30 10 4 3 2 8 2 1 0
