# scores for worst/random/best/smart move selector strategies. 
# scores are 50% and 95% quantiles (based on 40 games) of: 
# game score, #destroyed, #unlocked, #stripes, #bombs, #zappers
3 3 0 0 0 0 0 0 0 0 0 0 0 12 12 0 0 0 0 0 0 0 0 0 0 0
8 8 0 0 0 0 0 0 0 0 0 0 0 23 23 0 0 0 0 0 0 0 0 0 0 0
14 13 0 0 0 0 0 0 0 0 0 0 0 48 32 0 0 0 0 0 0 0 0 0 0 0
21 21 0 0 0 0 0 0 0 0 0 0 0 54 37 0 1 0 0 0 0 0 0 0 0 0
26 24 0 0 0 0 0 0 0 0 0 0 0 88 43 2 1 0 0 0 0 0 0 0 0 0
35 32 0 0 0 0 0 0 0 0 0 0 0 102 53 2 1 0 1 0 0 0 1 0 0 0
43 38 0 0 0 0 0 0 0 0 0 0 0 106 64 2 1 1 1 0 0 0 1 0 0 0
48 42 0 0 0 0 0 0 0 0 0 0 0 208 98 4 2 1 1 0 0 0 1 0 0 0
59 49 0 0 0 0 0 0 0 0 0 0 0 219 109 6 3 1 1 0 1 0 1 0 0 0
65 54 0 0 0 0 0 0 0 0 0 0 0 236 119 6 3 1 1 1 1 0 1 0 0 0
85 62 0 0 0 0 0 0 0 0 0 0 0 292 132 6 5 1 1 1 1 0 1 0 0 0
105 68 0 1 0 0 0 0 0 0 0 0 0 307 139 6 5 1 1 1 1 0 1 0 0 0
126 75 0 1 0 0 0 0 0 0 0 0 0 312 143 7 5 1 1 1 1 0 1 0 0 0
130 84 0 1 0 0 0 0 0 0 0 0 0 321 147 7 5 1 1 1 1 0 1 0 0 0
139 93 0 2 0 0 0 0 0 0 0 0 0 326 155 7 5 1 1 1 1 0 1 0 0 0
153 97 0 2 0 0 0 0 0 0 0 0 0 358 166 7 5 1 1 1 1 0 1 0 0 0
159 106 1 2 0 0 0 0 0 0 0 0 0 374 175 8 6 1 1 1 1 0 1 0 0 0
205 115 1 3 0 0 0 0 0 0 0 0 0 392 181 8 7 1 1 1 1 0 1 0 0 0
223 123 1 3 0 0 0 0 0 0 0 0 0 398 186 11 7 1 1 1 1 0 1 0 0 0
238 129 1 3 0 0 0 0 0 0 0 0 0 451 196 11 8 2 1 2 1 0 1 0 0 0
246 135 2 3 0 0 0 0 0 0 0 0 0 468 204 11 8 2 1 2 1 0 1 0 0 0
255 143 2 3 0 0 0 0 0 0 0 0 0 491 212 11 8 2 1 2 1 0 1 0 0 0
261 148 2 3 0 0 0 0 0 0 0 0 0 507 236 11 9 2 1 2 1 0 1 0 0 0
295 155 2 4 1 0 0 0 0 0 0 0 0 562 243 11 10 2 1 2 1 0 1 0 0 0
299 163 2 4 1 0 0 0 0 0 0 0 0 567 252 11 10 2 1 2 1 0 1 0 0 0
324 172 2 4 1 0 0 0 0 0 0 0 0 611 265 11 10 2 2 2 1 0 2 0 0 0
334 177 3 5 1 0 0 0 0 0 0 0 0 617 274 11 10 2 2 2 1 0 2 0 0 0
344 183 3 5 1 0 0 0 0 0 0 0 0 709 282 11 11 2 2 2 1 0 2 0 0 0
351 189 3 5 1 0 0 0 0 0 0 0 0 717 290 11 11 2 2 2 1 0 2 0 0 0
367 195 3 5 1 0 0 0 0 0 0 0 0 751 305 11 11 2 2 2 1 0 2 0 0 0
383 205 3 5 1 0 0 0 0 0 0 0 0 755 310 11 11 2 2 2 1 0 2 0 0 0
398 211 3 6 1 0 0 0 0 0 0 0 0 761 317 11 11 2 2 2 1 0 2 0 0 0
431 217 3 6 1 0 0 0 0 0 0 0 0 765 322 11 11 2 2 2 1 0 2 0 0 0
437 222 3 6 1 0 0 0 0 0 0 0 0 768 325 11 12 2 2 2 1 0 2 0 0 0
440 226 3 6 1 0 0 0 0 0 0 0 0 773 329 11 13 2 2 2 1 0 2 0 0 0
452 231 3 6 1 0 0 0 0 0 0 0 0 798 336 11 14 2 2 2 1 0 2 0 0 0
460 240 3 6 1 0 0 0 0 0 0 0 0 816 344 12 14 3 3 2 1 0 2 0 0 0
466 252 4 6 1 0 0 0 0 0 0 0 0 822 348 12 14 3 3 2 1 0 2 0 0 0
493 257 4 6 1 0 1 0 0 0 0 0 0 836 365 12 16 3 3 2 1 0 3 0 0 0
498 267 4 7 1 0 1 0 0 0 0 0 0 880 380 12 16 3 3 2 1 0 3 0 0 0
526 270 4 8 1 0 1 0 0 0 0 0 0 908 389 12 16 3 3 2 1 0 3 0 0 0
