# scores for worst/random/best/smart move selector strategies. 
# scores are 50% and 95% quantiles (based on 40 games) of: 
# game score, #destroyed, #unlocked, #stripes, #bombs, #zappers
3 3 0 0 0 0 0 0 0 0 0 0 0 12 12 0 0 0 0 0 0 0 0 0 0 0
6 6 0 0 0 0 0 0 0 0 0 0 0 17 17 0 0 0 0 0 0 0 0 0 0 0
9 9 0 0 0 0 0 0 0 0 0 0 0 26 26 0 0 0 0 0 0 0 0 0 0 0
15 15 0 0 0 0 0 0 0 0 0 0 0 36 36 0 0 0 0 0 0 0 0 0 0 0
21 21 0 0 0 0 0 0 0 0 0 0 0 42 42 0 0 0 0 0 0 0 0 0 0 0
26 26 0 0 0 0 0 0 0 0 0 0 0 80 46 0 0 0 0 0 0 0 0 0 0 0
30 30 0 0 0 0 0 0 0 0 0 0 0 86 49 0 1 0 0 0 0 0 0 0 0 0
34 34 0 0 0 0 0 0 0 0 0 0 0 90 52 0 1 0 0 0 0 0 0 0 0 0
44 41 0 0 0 0 0 0 0 0 0 0 0 100 58 1 1 0 0 0 0 0 0 0 0 0
52 47 0 0 0 0 0 0 0 0 0 0 0 113 74 2 1 1 0 0 0 0 0 0 0 0
59 52 0 0 0 0 0 0 0 0 0 0 0 148 82 2 2 1 0 0 0 0 0 0 0 0
68 58 0 0 0 0 0 0 0 0 0 0 0 170 89 2 2 1 0 0 0 0 0 0 0 0
78 64 0 0 0 0 0 0 0 0 0 0 0 174 94 2 2 1 0 0 0 0 0 0 0 0
85 67 0 0 0 0 0 0 0 0 0 0 0 182 102 2 2 1 1 0 0 0 1 0 0 0
89 70 0 0 0 0 0 0 0 0 0 0 0 192 109 2 2 1 1 0 0 0 1 0 0 0
93 75 0 0 0 0 0 0 0 0 0 0 0 198 117 2 2 1 1 0 0 0 1 0 0 0
103 85 0 0 0 0 0 0 0 0 0 0 0 215 123 2 2 1 1 0 0 0 1 0 0 0
111 89 0 0 0 0 0 0 0 0 0 0 0 229 127 2 2 1 1 0 0 0 1 0 0 0
120 92 0 0 0 0 0 0 0 0 0 0 0 250 131 3 3 1 1 0 0 0 1 0 0 0
129 97 0 1 0 0 0 0 0 0 0 0 0 260 141 3 3 1 1 0 0 0 1 0 0 0
144 104 0 1 0 0 0 0 0 0 0 0 0 284 150 4 3 2 1 1 0 0 1 0 0 0
154 110 0 1 0 0 0 0 0 0 0 0 0 287 153 4 3 2 1 1 0 0 1 0 0 0
157 115 0 1 0 0 0 0 0 0 0 0 0 299 159 4 3 2 1 1 0 0 1 0 0 0
167 125 1 1 0 0 0 0 0 0 0 0 0 302 163 5 3 2 1 1 0 0 1 0 0 0
183 132 1 1 0 0 0 0 0 0 0 0 0 305 168 5 4 2 1 1 0 0 1 0 0 0
204 139 1 1 0 0 0 0 0 0 0 0 0 331 187 5 4 2 1 1 0 0 1 0 0 0
217 143 1 1 0 0 0 0 0 0 0 0 0 354 205 5 4 2 1 1 0 0 1 0 0 0
225 148 1 2 0 0 0 0 0 0 0 0 0 357 212 5 4 2 1 1 0 0 1 0 0 0
233 153 1 2 0 0 0 0 0 0 0 0 0 360 215 5 4 2 1 1 0 0 1 0 0 0
236 159 1 2 0 0 0 0 0 0 0 0 0 363 218 5 4 2 1 1 0 0 1 0 0 0
241 163 1 2 0 0 0 0 0 0 0 0 0 370 222 5 4 2 1 1 0 0 1 0 0 0
248 168 1 2 0 0 0 0 0 0 0 0 0 374 225 5 4 2 1 1 0 0 1 0 0 0
252 173 1 2 0 0 0 0 0 0 0 0 0 443 230 5 4 2 2 1 0 0 2 0 0 0
262 178 2 2 0 0 0 0 0 0 0 0 0 446 234 5 4 2 2 1 0 0 2 0 0 0
270 184 2 2 0 0 0 0 0 0 0 0 0 464 249 5 6 2 2 1 0 0 2 0 0 0
276 190 2 2 0 0 0 0 0 0 0 0 0 467 262 5 6 2 2 1 0 0 2 0 0 0
286 194 2 2 0 0 0 0 0 0 0 0 0 470 266 5 6 2 2 1 0 0 2 0 0 0
291 201 2 2 0 0 0 0 0 0 0 0 0 475 274 5 6 2 2 1 0 0 2 0 0 0
294 205 2 3 0 0 0 0 0 0 0 0 0 482 277 5 6 2 2 1 0 0 2 0 0 0
297 210 2 3 0 0 0 0 0 0 0 0 0 485 280 5 6 2 2 1 0 0 2 0 0 0
313 215 2 3 0 0 0 0 0 0 0 0 0 489 287 5 6 2 2 1 0 0 2 0 0 0
