# scores for worst/random/best/smart move selector strategies. 
# scores are 50% and 95% quantiles (based on 40 games) of: 
# game score, #destroyed, #unlocked, #stripes, #bombs, #zappers
3 3 0 0 0 0 0 0 0 0 0 0 0 12 12 0 0 0 0 0 0 0 0 0 0 0
10 10 0 0 0 0 0 0 0 0 0 0 0 30 23 0 0 0 0 0 0 0 0 0 0 0
18 17 0 0 0 0 0 0 0 0 0 0 0 81 37 1 1 0 0 0 0 0 0 0 0 0
24 21 0 0 0 0 0 0 0 0 0 0 0 106 55 2 2 1 0 0 0 0 0 0 0 0
36 27 0 0 0 0 0 0 0 0 0 0 0 215 77 2 2 1 1 0 0 0 0 0 0 0
63 39 0 0 0 0 0 0 0 0 0 0 0 236 87 3 3 1 1 0 0 0 0 0 0 0
82 46 0 1 0 0 0 0 0 0 0 0 0 261 104 7 3 1 1 1 0 0 1 0 0 0
94 53 0 1 0 0 0 0 0 0 0 0 0 267 117 8 4 1 1 1 1 0 1 0 0 0
109 65 1 2 0 0 0 0 0 0 0 0 0 345 129 8 7 2 1 1 1 0 1 1 0 0
127 77 2 2 0 0 0 0 0 0 0 0 0 349 135 8 7 2 1 1 1 0 1 1 0 0
150 81 2 2 0 0 0 0 0 0 0 0 0 425 156 8 7 2 1 1 1 0 1 1 0 0
174 92 2 2 0 0 0 0 0 0 0 0 0 430 161 8 7 2 1 1 1 0 1 1 0 0
209 97 2 3 0 0 0 0 0 0 0 0 0 434 167 9 7 2 2 1 1 0 1 1 0 0
240 110 2 3 0 0 0 0 0 0 0 0 0 465 192 9 7 2 2 1 1 0 1 1 0 0
258 115 2 3 0 1 0 0 0 0 0 0 0 469 200 9 7 3 2 1 1 0 2 1 0 0
278 131 2 3 0 1 0 0 0 1 0 0 0 478 207 9 9 3 2 1 1 0 2 1 0 0
288 141 2 3 0 1 0 0 0 1 0 0 0 513 224 9 9 3 2 1 1 0 2 1 0 0
313 145 2 4 0 1 0 0 0 1 0 0 0 557 236 9 9 3 3 1 1 0 3 1 0 0
347 153 2 4 1 1 0 0 0 1 0 0 0 563 251 9 9 3 3 1 1 0 3 1 0 0
364 163 2 4 1 1 0 0 0 1 0 0 0 568 262 9 9 3 3 1 1 0 3 1 0 0
378 170 3 5 1 1 0 0 0 1 0 0 0 573 268 9 9 3 3 2 1 0 3 1 0 0
397 180 3 5 1 1 0 0 0 1 0 0 0 624 276 9 10 3 3 2 1 0 3 1 0 0
423 191 3 5 1 1 0 0 0 1 0 0 0 635 285 9 10 3 3 2 1 0 3 1 0 0
454 203 3 6 1 1 0 0 0 1 0 0 0 687 300 9 10 4 3 2 1 0 3 1 0 0
484 209 3 6 1 1 0 0 0 1 0 0 0 735 327 9 11 4 4 2 1 0 3 1 0 0
511 221 3 6 1 1 0 0 0 1 0 0 0 744 338 9 12 4 4 2 1 0 3 1 0 0
518 236 4 6 1 1 1 0 0 1 0 0 0 754 355 9 12 4 4 2 1 0 3 1 0 0
530 249 4 7 1 1 1 0 0 1 0 0 0 765 359 9 12 4 4 2 1 0 3 1 0 0
633 262 4 8 1 1 1 0 0 1 0 0 0 859 374 9 16 4 4 2 1 0 4 1 0 0
657 272 4 8 1 1 1 0 0 1 0 0 0 868 378 9 16 4 4 2 1 0 4 1 0 0
665 285 4 9 2 1 1 0 0 1 0 0 0 876 382 9 16 4 4 2 1 0 4 1 0 0
699 291 4 9 2 1 1 0 0 1 0 0 0 897 388 9 17 4 4 2 1 0 4 1 0 0
719 302 4 9 2 1 1 0 0 1 0 0 0 1101 404 9 21 4 4 2 1 0 4 1 0 0
737 312 5 10 2 2 1 0 0 1 0 0 0 1113 412 9 21 4 4 2 1 0 4 1 0 0
769 322 5 11 2 2 1 0 0 1 0 0 0 1144 434 9 21 4 4 3 1 0 4 1 0 0
798 332 5 11 2 2 1 0 0 1 0 0 0 1173 443 9 21 4 4 3 1 0 4 1 0 0
807 345 5 11 2 2 1 0 0 1 0 0 0 1244 456 9 22 4 5 3 2 0 4 1 0 0
844 358 5 12 2 2 1 0 0 1 0 0 0 1274 473 9 23 5 5 3 2 0 4 1 0 0
875 364 5 12 2 2 1 0 0 2 0 0 0 1279 485 9 23 5 5 3 2 0 4 1 0 0
901 372 5 12 2 2 1 0 0 2 0 0 0 1320 504 9 23 5 5 3 2 0 5 1 0 0
912 379 5 12 2 2 1 0 0 2 0 0 0 1325 515 9 24 5 5 3 2 0 5 1 0 0
