# scores for worst/random/best/smart move selector strategies. 
# scores are 50% and 95% quantiles (based on 40 games) of: 
# game score, #destroyed, #unlocked, #stripes, #bombs, #zappers
3 3 0 0 0 0 0 0 0 0 0 0 0 12 12 0 0 0 0 0 0 0 0 0 0 0
6 6 0 0 0 0 0 0 0 0 0 0 0 17 17 0 0 0 0 0 0 0 0 0 0 0
12 12 0 0 0 0 0 0 0 0 0 0 0 30 23 0 0 0 0 0 0 0 0 0 0 0
15 15 0 0 0 0 0 0 0 0 0 0 0 42 26 0 0 0 0 0 0 0 0 0 0 0
18 18 0 0 0 0 0 0 0 0 0 0 0 52 35 0 0 0 0 0 0 0 0 0 0 0
24 24 0 0 0 0 0 0 0 0 0 0 0 60 42 0 0 0 0 0 0 0 0 0 0 0
30 30 0 0 0 0 0 0 0 0 0 0 0 67 50 0 0 0 0 0 0 0 0 0 0 0
33 33 0 0 0 0 0 0 0 0 0 0 0 80 56 0 1 0 0 0 0 0 0 0 0 0
39 39 0 0 0 0 0 0 0 0 0 0 0 85 59 0 1 0 0 0 0 0 0 0 0 0
42 42 0 0 0 0 0 0 0 0 0 0 0 92 64 0 1 0 0 0 0 0 0 0 0 0
48 48 0 0 0 0 0 0 0 0 0 0 0 97 70 0 1 0 0 0 0 0 0 0 0 0
52 52 0 0 0 0 0 0 0 0 0 0 0 114 78 1 1 0 0 0 0 0 0 0 0 0
58 58 0 0 0 0 0 0 0 0 0 0 0 117 81 2 1 0 0 0 0 0 0 0 0 0
66 63 0 0 0 0 0 0 0 0 0 0 0 122 86 2 1 1 0 0 0 0 0 0 0 0
70 66 0 0 0 0 0 0 0 0 0 0 0 140 96 2 1 1 0 0 0 0 0 0 0 0
75 72 0 0 0 0 0 0 0 0 0 0 0 143 99 2 2 1 0 0 0 0 0 0 0 0
78 76 0 0 0 0 0 0 0 0 0 0 0 156 110 2 2 1 0 0 0 0 0 0 0 0
82 79 0 0 0 0 0 0 0 0 0 0 0 162 114 2 2 1 0 0 0 0 0 0 0 0
85 83 0 0 0 0 0 0 0 0 0 0 0 171 117 2 2 1 0 0 0 0 0 0 0 0
100 90 0 0 0 0 0 0 0 0 0 0 0 174 130 2 2 1 0 0 0 0 0 0 0 0
104 95 0 0 0 0 0 0 0 0 0 0 0 187 137 2 2 1 0 0 0 0 0 0 0 0
110 100 0 0 0 0 0 0 0 0 0 0 0 190 140 2 2 1 0 0 0 0 0 0 0 0
117 107 0 0 0 0 0 0 0 0 0 0 0 194 145 2 2 1 0 0 0 0 0 0 0 0
122 112 0 0 0 0 0 0 0 0 0 0 0 208 152 2 2 1 0 0 0 0 0 0 0 0
127 117 0 0 0 0 0 0 0 0 0 0 0 213 155 2 2 1 0 0 0 0 0 0 0 0
133 123 0 0 0 0 0 0 0 0 0 0 0 225 163 2 2 1 0 0 0 0 0 0 0 0
141 129 0 0 0 0 0 0 0 0 0 0 0 251 169 2 2 1 0 0 0 0 0 0 0 0
145 134 0 0 0 0 0 0 0 0 0 0 0 254 172 2 2 1 0 0 0 0 0 0 0 0
151 137 0 0 0 0 0 0 0 0 0 0 0 257 175 2 2 1 0 0 0 0 0 0 0 0
170 142 0 0 0 0 0 0 0 0 0 0 0 282 178 2 2 1 0 0 0 0 0 0 0 0
177 147 0 0 0 0 0 0 0 0 0 0 0 287 188 2 2 1 0 0 0 0 0 0 0 0
180 151 0 0 0 0 0 0 0 0 0 0 0 293 192 2 2 1 0 0 0 0 0 0 0 0
183 155 0 0 0 0 0 0 0 0 0 0 0 296 196 2 3 1 0 0 0 0 0 0 0 0
196 161 0 1 0 0 0 0 0 0 0 0 0 302 201 2 3 1 0 0 0 0 0 0 0 0
199 164 0 1 0 0 0 0 0 0 0 0 0 305 211 2 3 1 0 0 0 0 0 0 0 0
206 173 0 1 0 0 0 0 0 0 0 0 0 310 215 2 3 1 0 0 0 0 0 0 0 0
211 176 0 1 0 0 0 0 0 0 0 0 0 320 218 2 3 1 0 0 0 0 0 0 0 0
218 182 0 1 0 0 0 0 0 0 0 0 0 330 224 2 3 1 0 0 0 0 0 0 0 0
223 185 0 1 0 0 0 0 0 0 0 0 0 335 228 2 3 1 0 0 0 0 0 0 0 0
236 192 0 1 0 0 0 0 0 0 0 0 0 338 235 2 3 1 1 0 0 0 1 0 0 0
239 195 0 1 0 0 0 0 0 0 0 0 0 345 239 2 3 1 1 0 0 0 1 0 0 0
