# scores for worst/random/best/smart move selector strategies. 
# scores are 50% and 95% quantiles (based on 40 games) of: 
# game score, #destroyed, #unlocked, #stripes, #bombs, #zappers
6 6 0 0 0 0 0 0 0 0 0 0 0 18 18 0 0 0 0 0 0 0 0 0 0 0
9 9 0 0 0 0 0 0 0 0 0 0 0 60 48 0 0 0 0 0 0 0 0 0 0 0
16 16 0 0 0 0 0 0 0 0 0 0 0 96 57 1 1 0 0 0 0 0 0 0 0 0
24 21 0 0 0 0 0 0 0 0 0 0 0 234 86 2 4 1 0 0 0 0 0 0 0 0
38 31 0 0 0 0 0 0 0 0 0 0 0 248 94 3 4 1 1 1 0 0 1 0 0 0
72 45 0 1 0 0 0 0 0 0 0 0 0 444 135 4 11 1 1 1 0 0 1 0 0 0
106 55 0 2 0 0 0 0 0 0 0 0 0 535 152 5 16 1 1 1 1 0 1 1 0 0
137 66 0 2 0 0 0 0 0 0 0 0 0 583 187 6 16 1 1 1 1 0 1 1 0 0
155 79 0 2 0 0 0 0 0 0 0 0 0 593 197 6 16 2 2 1 1 0 1 1 0 0
186 93 1 2 0 0 0 0 0 0 0 0 0 666 215 7 17 2 2 1 1 0 2 1 0 0
228 107 1 3 0 0 0 0 0 0 0 0 0 675 223 7 17 3 2 1 1 0 2 1 0 0
333 157 1 4 1 0 0 0 0 0 0 0 0 689 228 8 17 3 2 2 1 0 2 1 0 0
355 172 2 4 1 0 0 0 0 0 0 0 0 998 244 8 17 4 2 2 1 0 2 1 0 0
434 188 2 5 1 1 0 0 0 0 0 0 0 1094 303 8 22 4 3 2 1 0 2 1 0 0
449 204 2 6 1 1 0 0 0 0 0 0 0 1160 320 8 22 4 3 2 1 0 3 1 0 0
504 216 2 6 1 1 0 0 0 0 0 0 0 1216 333 8 23 9 3 2 1 0 3 1 0 0
523 233 2 6 1 1 1 0 0 0 0 0 0 1279 352 8 23 9 4 2 2 0 3 1 0 0
556 244 2 7 1 1 1 0 0 1 0 0 0 1284 359 8 23 9 4 2 2 0 3 1 0 0
569 251 2 7 2 1 1 0 0 1 0 0 0 1288 371 8 23 9 4 2 2 0 3 1 0 0
614 266 2 8 2 1 1 0 0 1 0 0 0 1396 421 8 25 9 4 3 2 0 3 1 0 0
689 275 2 9 2 1 1 0 0 1 0 0 0 1485 438 8 25 10 4 3 2 0 3 1 0 0
744 306 2 9 2 1 1 0 0 1 0 0 0 1490 445 8 26 10 4 3 2 0 3 1 0 0
780 318 2 9 2 1 1 0 0 1 0 0 0 1501 457 8 26 10 4 3 2 0 3 1 0 0
848 333 2 10 3 2 1 0 0 1 0 0 0 1663 487 8 28 10 4 3 2 0 3 1 0 0
869 346 2 11 3 2 1 0 0 1 0 0 0 1670 506 8 28 10 5 3 2 0 3 1 0 0
874 352 2 11 3 2 1 0 0 1 0 0 0 1676 537 8 30 10 5 4 2 0 4 1 0 0
929 365 2 12 3 2 1 0 0 1 0 0 0 1846 575 10 32 10 6 4 2 0 4 1 0 0
961 396 2 12 3 2 1 0 0 1 0 0 0 2076 624 10 33 16 6 4 2 0 4 1 1 0
997 403 2 14 3 2 1 1 0 1 0 0 0 2138 632 10 33 17 6 4 2 0 4 1 1 0
1009 416 2 14 4 2 1 1 0 1 0 0 0 2144 639 10 37 17 6 4 2 0 4 1 1 0
1058 426 2 15 4 2 2 1 0 1 0 0 0 2148 655 10 38 17 7 4 2 0 5 1 1 0
1099 433 2 16 4 2 2 1 0 1 0 0 0 2184 675 10 38 17 7 5 2 0 5 1 1 0
1148 449 2 16 4 2 2 1 0 1 0 0 0 2248 691 10 40 17 7 5 2 1 5 1 1 0
1229 472 2 16 4 2 2 1 0 1 0 0 0 2268 717 10 40 17 7 5 2 1 5 1 1 0
1254 492 2 17 4 2 2 1 0 2 0 0 0 2331 755 10 42 17 7 5 2 1 5 1 1 0
1277 514 2 18 4 2 2 1 0 2 0 0 0 2470 789 10 42 18 8 5 3 1 5 1 1 0
1297 521 2 18 5 2 2 1 0 2 0 0 0 2548 815 10 42 18 8 5 3 1 6 1 1 1
1378 539 2 18 5 2 2 1 0 2 0 0 0 2558 825 10 42 18 8 5 3 1 6 1 1 1
1424 568 2 19 5 3 2 1 0 2 0 0 0 2626 846 10 44 18 8 5 3 1 6 1 1 1
1530 575 2 19 6 3 2 1 0 2 0 0 0 2788 863 10 45 21 8 5 3 1 6 1 1 1
1586 591 2 21 6 3 2 1 0 2 0 0 0 2795 877 10 46 21 8 5 3 1 6 1 1 1
