# scores for worst/random/best/smart move selector strategies. 
# scores are 50% and 95% quantiles (based on 40 games) of: 
# game score, #destroyed, #unlocked, #stripes, #bombs, #zappers
6 6 0 0 0 0 0 0 0 0 0 0 0 18 18 0 0 0 0 0 0 0 0 0 0 0
9 9 0 0 0 0 0 0 0 0 0 0 0 57 45 0 0 0 0 0 0 0 0 0 0 0
12 12 0 0 0 0 0 0 0 0 0 0 0 77 52 0 1 0 0 0 0 0 0 0 0 0
17 17 0 0 0 0 0 0 0 0 0 0 0 95 64 1 2 0 0 0 0 0 0 0 0 0
23 23 0 0 0 0 0 0 0 0 0 0 0 106 75 1 2 0 0 0 0 0 0 0 0 0
27 27 0 0 0 0 0 0 0 0 0 0 0 115 85 1 2 0 0 0 0 0 0 0 0 0
33 33 0 0 0 0 0 0 0 0 0 0 0 123 91 1 2 0 0 0 0 0 0 0 0 0
41 38 0 0 0 0 0 0 0 0 0 0 0 135 101 2 2 0 0 0 0 0 0 0 0 0
66 48 0 0 0 0 0 0 0 0 0 0 0 146 108 2 2 0 0 0 0 0 0 0 0 0
75 54 0 0 0 0 0 0 0 0 0 0 0 243 124 2 2 1 0 0 0 0 0 0 0 0
80 60 0 0 0 0 0 0 0 0 0 0 0 296 131 2 3 1 0 0 0 0 0 0 0 0
88 64 0 1 0 0 0 0 0 0 0 0 0 328 140 2 3 1 0 0 0 0 0 0 0 0
108 74 0 1 0 0 0 0 0 0 0 0 0 338 153 2 4 1 0 0 0 0 0 0 0 0
119 86 0 1 0 0 0 0 0 0 0 0 0 364 166 2 4 1 1 0 0 0 0 0 0 0
122 89 0 1 0 0 0 0 0 0 0 0 0 372 173 2 4 2 1 0 0 0 0 0 0 0
126 95 0 1 0 0 0 0 0 0 0 0 0 375 176 2 4 2 1 0 0 0 0 0 0 0
138 103 0 1 0 0 0 0 0 0 0 0 0 388 191 2 5 2 1 0 0 0 0 0 0 0
144 110 0 1 0 0 0 0 0 0 0 0 0 443 201 4 5 2 1 0 0 0 0 0 0 0
156 116 0 1 0 0 0 0 0 0 0 0 0 468 206 4 5 2 1 0 0 0 1 0 0 0
165 126 0 1 0 0 0 0 0 0 0 0 0 475 211 4 5 2 1 0 0 0 1 0 0 0
188 136 0 1 0 0 0 0 0 0 0 0 0 531 217 4 7 2 1 0 0 0 1 0 0 0
225 143 0 2 0 0 0 0 0 0 0 0 0 542 226 4 7 2 1 0 0 0 1 0 0 0
229 155 0 2 0 0 0 0 0 0 0 0 0 545 229 4 7 2 1 0 0 0 1 0 0 0
246 168 0 2 0 0 0 0 0 0 0 0 0 592 243 4 8 2 1 0 0 0 1 0 0 0
266 172 0 2 1 0 0 0 0 0 0 0 0 595 246 4 8 2 1 0 0 0 1 0 0 0
281 179 0 2 1 0 0 0 0 0 0 0 0 600 251 4 8 2 1 0 0 0 1 0 0 0
310 185 0 3 1 0 0 0 0 0 0 0 0 634 269 4 8 2 1 1 0 0 1 0 0 0
324 191 0 3 1 0 0 0 0 0 0 0 0 660 278 4 8 2 1 1 0 0 1 0 0 0
343 202 0 3 1 0 0 0 0 0 0 0 0 666 285 4 8 2 1 1 0 0 1 0 0 0
351 206 0 3 1 0 0 0 0 0 0 0 0 670 289 4 8 2 1 1 0 0 1 0 0 0
361 212 0 3 1 0 0 0 0 0 0 0 0 685 295 4 8 3 1 1 0 0 1 0 0 0
390 226 0 3 1 0 0 0 0 0 0 0 0 728 308 4 9 3 1 1 0 0 1 0 0 0
406 231 0 3 1 0 0 0 0 0 0 0 0 736 317 5 9 3 1 1 0 0 1 0 0 0
409 235 0 3 1 0 0 0 0 0 0 0 0 742 326 5 10 3 1 1 0 0 1 0 0 0
432 254 0 3 1 0 0 0 0 0 0 0 0 747 335 5 10 3 1 1 0 0 1 0 0 0
436 263 0 4 1 0 0 0 0 0 0 0 0 750 338 5 10 3 1 1 0 0 1 0 0 0
458 281 0 4 2 0 0 0 0 0 0 0 0 758 349 5 10 3 1 1 0 0 1 0 0 0
472 285 0 5 2 0 0 0 0 0 0 0 0 795 363 5 12 3 1 1 0 0 1 0 0 0
486 289 0 5 2 0 0 0 0 0 0 0 0 838 384 5 12 4 1 1 0 0 1 0 0 0
494 297 0 5 2 0 0 0 0 0 0 0 0 857 389 5 12 4 1 1 0 0 1 0 0 0
502 302 0 5 2 0 0 0 0 0 0 0 0 862 393 5 12 4 1 1 0 1 1 0 0 0
