# scores for worst/random/best/smart move selector strategies. 
# scores are 50% and 95% quantiles (based on 40 games) of: 
# game score, #destroyed, #unlocked, #stripes, #bombs, #zappers
6 6 0 0 0 0 0 0 0 0 0 0 0 18 18 0 0 0 0 0 0 0 0 0 0 0
10 10 0 0 0 0 0 0 0 0 0 0 0 74 53 0 1 0 0 0 0 0 0 0 0 0
20 18 0 0 0 0 0 0 0 0 0 0 0 211 90 1 3 0 0 0 0 0 0 0 0 0
34 31 0 0 0 0 0 0 0 0 0 0 0 362 112 5 10 1 1 1 0 0 0 0 0 0
88 43 0 1 0 0 0 0 0 0 0 0 0 373 130 5 10 1 1 1 0 0 1 0 0 0
113 54 0 2 0 0 0 0 0 0 0 0 0 532 149 5 15 2 2 1 0 0 1 1 0 0
163 75 1 2 0 0 0 0 0 0 0 0 0 571 161 5 16 2 2 1 1 0 1 1 0 0
236 95 1 3 0 0 0 0 0 0 0 0 0 692 189 5 18 3 3 1 1 0 1 1 0 0
278 115 1 3 1 0 0 0 0 0 0 0 0 724 217 5 18 3 3 1 1 0 2 1 0 0
317 144 1 3 1 1 0 0 0 0 0 0 0 968 261 5 19 5 3 1 1 1 2 1 0 0
419 162 2 4 1 1 0 0 0 1 0 0 0 1200 288 6 23 18 3 1 1 1 2 1 1 0
497 189 2 5 1 1 0 0 0 1 0 0 0 1214 315 6 25 19 4 2 1 1 3 1 1 0
553 217 2 5 2 1 0 0 0 1 0 0 0 1297 346 6 26 19 4 2 1 1 3 1 1 0
619 241 2 6 2 1 1 0 0 1 0 0 0 1353 377 6 28 20 5 2 1 1 4 1 1 0
668 251 2 7 2 1 1 0 0 1 0 0 0 1401 399 7 29 21 5 2 1 1 4 1 1 0
686 272 2 7 3 1 1 0 0 1 0 0 0 1418 435 7 30 21 5 2 1 1 4 1 1 0
773 297 2 8 3 2 1 0 0 1 0 0 0 1647 449 7 31 22 5 2 1 1 4 1 1 0
812 311 2 9 4 2 1 0 0 1 0 0 0 1652 490 8 31 22 5 2 1 1 4 1 1 0
880 330 2 10 4 2 1 0 0 2 0 0 0 1678 519 10 32 22 5 2 1 1 4 1 1 0
930 358 2 11 4 2 1 0 0 2 0 0 0 1751 551 10 32 22 5 2 1 1 5 1 1 0
1021 377 2 12 4 2 1 0 0 2 0 0 0 1762 566 10 34 22 6 3 1 1 5 1 1 0
1123 406 2 13 4 3 1 0 0 2 0 0 0 2073 597 13 34 24 6 3 1 1 6 1 1 0
1208 428 2 13 5 3 1 0 0 2 0 0 0 2167 621 13 35 25 6 3 2 1 6 1 1 0
1287 455 2 14 5 3 1 1 0 2 0 0 0 2236 647 13 35 25 6 3 2 1 6 1 1 0
1317 488 2 15 5 3 1 1 0 3 0 0 0 2308 656 13 36 25 7 3 2 1 6 1 1 0
1397 501 2 15 6 3 1 1 0 3 0 0 0 2348 692 13 36 25 7 3 2 1 7 1 1 0
1509 523 2 17 6 3 1 1 0 3 0 0 0 2472 708 13 37 26 7 3 2 1 7 1 1 0
1548 557 2 17 7 4 1 1 0 3 0 0 0 2519 729 13 38 26 7 3 3 1 7 1 1 0
1641 587 2 17 7 4 2 1 0 3 0 0 0 2561 749 13 40 26 7 3 3 1 7 1 1 0
1664 598 2 17 7 4 2 1 0 3 0 0 0 2628 766 13 41 26 8 3 3 1 7 1 1 0
1744 613 2 18 7 4 2 1 0 3 0 0 0 2727 793 13 41 27 8 3 3 1 7 1 1 0
1812 637 2 19 8 4 2 1 0 3 0 0 0 2760 809 13 41 27 8 3 3 1 7 1 1 0
1856 652 2 20 8 4 2 1 0 3 0 0 0 2911 835 13 44 28 8 3 3 1 7 1 1 0
1941 659 2 20 8 4 2 1 0 3 0 0 0 2994 863 13 45 28 8 3 3 1 7 1 1 0
1997 701 2 21 9 5 2 1 0 4 0 0 0 3027 884 13 50 28 8 3 3 2 7 2 1 0
2128 735 2 24 9 5 2 1 0 4 0 0 0 3080 905 13 53 28 9 4 3 2 7 2 1 0
2220 765 2 24 9 5 2 1 0 4 0 0 0 3186 932 13 55 30 9 4 3 2 7 2 1 0
2312 789 2 25 10 6 2 1 0 4 0 0 0 3266 954 13 55 30 10 4 3 2 7 2 1 0
2355 809 2 27 10 6 2 1 0 5 0 0 0 3299 963 13 57 30 10 4 3 2 7 2 1 0
2382 825 2 27 10 6 2 1 0 5 0 0 0 3374 1004 13 58 31 10 4 3 2 8 2 1 0
2489 851 2 28 10 6 2 2 0 5 0 0 0 3466 1020 13 58 31 11 4 3 2 8 2 1 0
