# scores for worst/random/best/smart move selector strategies. 
# scores are 50% and 95% quantiles (based on 40 games) of: 
# game score, #destroyed, #unlocked, #stripes, #bombs, #zappers
6 6 0 0 0 0 0 0 0 0 0 0 0 18 18 0 0 0 0 0 0 0 0 0 0 0
9 9 0 0 0 0 0 0 0 0 0 0 0 22 22 0 0 0 0 0 0 0 0 0 0 0
12 12 0 0 0 0 0 0 0 0 0 0 0 73 44 0 0 0 0 0 0 0 0 0 0 0
17 17 0 0 0 0 0 0 0 0 0 0 0 78 49 0 1 0 0 0 0 0 0 0 0 0
24 24 0 0 0 0 0 0 0 0 0 0 0 100 56 0 1 0 0 0 0 0 0 0 0 0
28 28 0 0 0 0 0 0 0 0 0 0 0 114 72 1 1 1 0 0 0 0 0 0 0 0
34 34 0 0 0 0 0 0 0 0 0 0 0 118 78 1 2 1 0 0 0 0 0 0 0 0
42 41 0 0 0 0 0 0 0 0 0 0 0 176 99 1 2 1 0 0 0 0 0 0 0 0
49 48 0 0 0 0 0 0 0 0 0 0 0 198 102 1 2 1 0 0 0 0 0 0 0 0
54 52 0 0 0 0 0 0 0 0 0 0 0 234 110 1 2 2 0 0 0 0 0 0 0 0
71 60 0 0 0 0 0 0 0 0 0 0 0 238 116 1 2 2 0 0 0 0 0 0 0 0
82 68 0 0 0 0 0 0 0 0 0 0 0 259 132 1 3 2 0 0 0 0 0 0 0 0
89 74 0 0 0 0 0 0 0 0 0 0 0 324 153 1 4 2 0 0 0 0 0 0 0 0
96 80 0 0 0 0 0 0 0 0 0 0 0 331 156 1 4 2 0 0 0 0 0 0 0 0
100 90 0 0 0 0 0 0 0 0 0 0 0 349 160 1 4 2 0 0 0 0 0 0 0 0
111 96 0 0 0 0 0 0 0 0 0 0 0 352 163 1 4 2 0 0 0 0 0 0 0 0
128 103 0 1 0 0 0 0 0 0 0 0 0 356 182 1 4 2 0 0 0 0 0 0 0 0
139 110 0 1 0 0 0 0 0 0 0 0 0 365 189 1 4 3 0 0 0 0 0 0 0 0
149 116 0 1 0 0 0 0 0 0 0 0 0 370 192 1 4 3 0 0 0 0 0 0 0 0
160 123 0 1 0 0 0 0 0 0 0 0 0 377 196 1 4 3 0 0 0 0 0 0 0 0
163 127 0 1 0 0 0 0 0 0 0 0 0 386 199 1 4 3 0 0 0 0 0 0 0 0
166 133 0 1 0 0 0 0 0 0 0 0 0 458 221 1 4 3 1 0 0 0 0 0 0 0
176 138 0 1 0 0 0 0 0 0 0 0 0 473 231 1 4 3 1 0 0 0 0 0 0 0
191 143 0 1 0 0 0 0 0 0 0 0 0 485 242 1 4 3 1 0 0 0 0 0 0 0
203 148 0 1 0 0 0 0 0 0 0 0 0 534 256 2 5 3 1 0 0 0 0 0 0 0
209 153 0 1 0 0 0 0 0 0 0 0 0 537 262 2 5 3 1 0 0 0 0 0 0 0
214 161 0 1 0 0 0 0 0 0 0 0 0 553 265 2 5 4 1 0 0 0 0 0 0 0
217 168 0 1 0 0 0 0 0 0 0 0 0 556 273 2 5 4 1 0 0 0 0 0 0 0
229 171 0 2 1 0 0 0 0 0 0 0 0 565 276 2 5 4 1 0 0 0 0 0 0 0
243 176 0 2 1 0 0 0 0 0 0 0 0 573 280 2 5 4 1 0 0 0 0 0 0 0
257 187 0 2 1 0 0 0 0 0 0 0 0 580 288 3 5 4 1 0 0 0 0 0 0 0
261 193 0 2 1 0 0 0 0 0 0 0 0 588 303 3 5 4 1 0 0 0 0 0 0 0
267 199 0 2 1 0 0 0 0 0 0 0 0 591 308 3 5 4 1 0 0 0 0 0 0 0
280 205 0 2 1 0 0 0 0 0 0 0 0 597 327 3 5 4 1 0 0 0 0 0 0 0
293 211 0 2 1 0 0 0 0 0 0 0 0 600 330 3 5 4 1 0 0 0 0 0 0 0
296 214 0 2 1 0 0 0 0 0 0 0 0 617 334 3 5 4 1 0 0 0 0 0 0 0
316 220 0 2 1 0 0 0 0 0 0 0 0 641 350 3 5 4 1 0 0 0 0 0 0 0
319 223 0 2 1 0 0 0 0 0 0 0 0 650 353 3 5 4 1 0 0 0 0 0 0 0
325 231 0 2 1 0 0 0 0 0 0 0 0 660 361 3 5 4 1 0 0 0 0 0 0 0
345 237 0 2 1 0 0 0 0 0 0 0 0 777 372 3 7 4 1 0 0 0 0 0 0 0
349 241 0 3 1 0 0 0 0 0 0 0 0 800 383 3 7 4 1 0 0 0 0 0 0 0
