# scores for worst/random/best/smart move selector strategies. 
# scores are 50% and 95% quantiles (based on 40 games) of: 
# game score, #destroyed, #unlocked, #stripes, #bombs, #zappers
0 0 0 0 0 0 0 0 0 0 0 0 0 21 9 0 0 0 0 0 0 0 0 0 0 0
6 6 0 0 0 0 0 0 0 0 0 0 0 47 15 0 1 0 0 0 0 0 0 0 0 0
9 9 0 0 0 0 0 0 0 0 0 0 0 61 23 0 1 0 0 0 0 0 0 0 0 0
18 17 0 0 0 0 0 0 0 0 0 0 0 68 29 0 1 0 1 0 0 0 1 0 0 0
24 21 0 0 0 0 0 0 0 0 0 0 0 85 46 0 1 0 1 0 0 0 1 0 0 0
33 26 0 0 0 0 0 0 0 0 0 0 0 112 59 1 2 0 1 0 0 0 1 0 0 0
43 35 0 0 0 0 0 0 0 0 0 0 0 158 87 3 3 0 1 0 0 0 1 0 0 0
52 42 0 0 0 0 0 0 0 0 0 0 0 172 92 3 3 0 1 1 0 0 1 0 0 0
65 48 0 1 0 0 0 0 0 0 0 0 0 209 107 3 3 1 1 1 0 0 1 0 0 0
82 53 0 1 0 0 0 0 0 0 0 0 0 274 117 4 4 1 1 1 0 0 1 0 0 0
100 62 0 1 0 0 0 0 0 0 0 0 0 361 160 8 5 1 1 1 0 0 1 0 0 0
111 71 0 1 0 0 0 0 0 0 0 0 0 384 172 10 6 1 2 1 0 0 2 0 0 0
141 78 0 2 0 0 0 0 0 0 0 0 0 464 210 15 9 2 2 1 1 0 2 0 0 0
182 93 1 2 0 0 0 0 0 0 0 0 0 531 233 18 9 3 2 1 1 0 2 0 0 0
204 105 2 2 0 0 0 0 0 0 0 0 0 618 265 18 10 3 2 1 1 0 2 0 0 0
215 115 2 3 0 0 0 0 0 0 0 0 0 667 284 20 10 3 2 1 1 0 2 0 0 0
244 131 2 3 0 0 0 0 0 0 0 0 0 721 305 20 11 3 2 1 1 0 2 0 0 0
267 136 3 4 1 0 0 0 0 0 0 0 0 775 331 20 11 4 2 1 1 0 2 0 0 0
284 148 3 4 1 0 0 0 0 0 0 0 0 873 357 20 13 6 3 1 1 0 2 0 0 0
310 162 3 4 1 0 0 0 0 0 0 0 0 1099 371 20 13 9 3 1 1 0 2 0 0 0
353 185 3 4 1 0 0 0 0 0 0 0 0 1465 392 20 23 9 3 2 1 0 3 1 0 0
394 193 5 5 1 0 0 0 0 0 0 0 0 1504 409 21 23 9 4 2 1 0 3 1 0 0
455 213 5 6 1 0 0 0 0 0 0 0 0 1511 416 21 27 9 4 2 2 0 3 1 0 0
563 245 6 6 2 1 0 0 0 0 0 0 0 1518 436 21 27 9 4 2 2 0 3 1 0 0
587 260 6 7 2 1 0 0 0 1 0 0 0 1791 468 21 27 22 5 2 2 0 3 1 1 0
638 273 7 8 2 1 1 0 0 1 0 0 0 1848 474 21 29 22 5 2 2 0 3 1 1 0
674 296 8 8 2 1 1 0 0 1 0 0 0 1935 498 21 29 22 5 2 2 0 3 1 1 0
687 306 8 8 2 1 1 0 0 1 0 0 0 1977 509 22 29 23 5 2 2 0 3 1 1 0
717 323 9 9 2 1 1 0 0 1 0 0 0 1989 513 22 31 23 5 2 2 0 3 1 1 0
808 331 9 9 3 2 1 0 0 1 0 0 0 1993 520 22 31 23 5 3 2 0 3 1 1 0
924 349 9 10 3 2 1 0 0 1 0 0 0 2065 536 22 32 24 5 3 2 0 3 1 1 0
938 363 9 10 3 2 1 0 0 1 0 0 0 2070 547 22 32 24 5 3 2 0 4 1 1 0
956 374 9 11 3 2 1 0 0 1 0 0 0 2119 555 22 33 24 5 3 2 0 4 1 1 0
975 392 9 11 3 2 1 1 0 1 0 0 0 2170 576 22 36 25 5 3 2 0 4 1 1 0
1005 398 9 12 3 2 1 1 0 1 0 0 0 2235 590 22 37 25 5 3 2 0 4 1 1 0
1042 419 9 13 4 2 1 1 0 1 0 0 0 2287 598 22 39 25 6 4 2 1 4 1 1 0
1059 435 9 15 4 2 1 1 0 1 0 0 0 2375 604 22 39 25 6 4 2 1 4 1 1 0
1087 446 10 16 4 2 1 1 0 1 0 0 0 2555 616 22 39 30 6 4 2 1 4 1 1 0
1125 460 10 16 4 2 1 1 0 1 0 0 0 2635 678 22 39 30 7 4 2 1 5 1 1 0
1188 479 10 16 4 2 1 1 0 1 0 0 0 2779 708 22 40 31 7 4 2 1 5 1 1 0
1234 497 10 17 4 2 1 1 0 1 0 0 0 2792 731 22 40 31 7 4 2 1 6 1 1 0
