# scores for worst/random/best/smart move selector strategies. 
# scores are 50% and 95% quantiles (based on 40 games) of: 
# game score, #destroyed, #unlocked, #stripes, #bombs, #zappers
0 0 0 0 0 0 0 0 0 0 0 0 0 21 9 0 0 0 0 0 0 0 0 0 0 0
6 6 0 0 0 0 0 0 0 0 0 0 0 50 15 0 1 0 0 0 0 0 0 0 0 0
10 10 0 0 0 0 0 0 0 0 0 0 0 63 33 0 1 0 0 0 0 0 0 0 0 0
18 16 0 0 0 0 0 0 0 0 0 0 0 109 51 1 1 0 1 0 0 0 1 0 0 0
35 23 0 0 0 0 0 0 0 0 0 0 0 183 74 2 1 0 1 0 0 0 1 0 0 0
47 29 0 0 0 0 0 0 0 0 0 0 0 229 93 3 3 1 1 0 0 0 1 0 0 0
55 36 0 1 0 0 0 0 0 0 0 0 0 297 118 5 4 1 1 0 0 0 1 0 0 0
60 42 0 1 0 0 0 0 0 0 0 0 0 304 124 5 4 1 1 0 0 0 1 0 0 0
77 52 0 1 0 0 0 0 0 0 0 0 0 366 154 5 4 1 2 0 0 0 2 0 0 0
110 68 0 1 0 0 0 0 0 0 0 0 0 400 168 7 5 1 2 0 0 0 2 0 0 0
147 82 0 2 0 0 0 0 0 0 0 0 0 564 186 7 14 2 3 0 0 0 2 1 0 0
207 95 2 2 0 0 0 0 0 0 0 0 0 823 238 10 14 2 3 1 0 0 2 1 0 0
219 103 2 2 0 1 0 0 0 0 0 0 0 983 252 12 15 6 3 1 0 0 3 1 0 0
246 114 2 3 0 1 0 0 0 0 0 0 0 1064 277 13 16 6 4 1 1 0 3 1 0 0
297 133 3 3 0 1 0 0 0 1 0 0 0 1181 335 14 18 7 4 1 1 0 3 1 0 0
364 156 5 4 0 1 0 0 0 1 0 0 0 1215 366 14 18 7 5 1 1 0 3 1 0 0
389 173 5 4 0 1 0 0 0 1 0 0 0 1241 388 14 18 7 5 1 1 0 3 1 0 0
445 197 6 5 1 1 0 0 0 1 0 0 0 1275 414 15 19 8 5 1 1 0 3 1 0 0
471 212 6 5 1 1 0 0 0 1 0 0 0 1375 426 15 19 14 5 1 1 0 3 1 1 0
526 229 6 6 1 2 0 0 0 1 0 0 0 1408 444 15 20 15 6 1 1 0 4 1 1 0
568 247 7 6 1 2 0 0 0 1 0 0 0 1472 459 16 21 15 6 1 1 0 5 1 1 0
643 279 8 7 2 2 1 0 0 2 0 0 0 1673 507 16 23 15 6 1 1 1 5 1 1 0
730 321 8 7 2 3 1 0 0 2 0 0 0 1757 530 19 24 19 7 2 1 1 5 1 1 0
764 345 8 8 2 3 1 0 0 2 0 0 0 1768 577 19 24 19 7 2 1 1 5 1 1 0
858 376 8 9 3 3 1 0 0 2 0 0 0 2051 601 19 28 20 8 2 2 1 6 1 1 0
938 398 8 11 4 3 1 0 0 3 0 0 0 2116 645 19 28 20 8 2 2 1 6 1 1 0
1093 429 9 11 4 3 1 0 0 3 0 0 0 2151 685 19 28 21 8 2 2 1 6 1 1 0
1156 439 10 11 4 4 1 0 0 3 0 0 0 2377 719 19 36 23 8 2 2 1 6 1 1 0
1278 464 10 13 4 4 1 0 0 3 0 0 0 2524 729 19 38 23 8 2 2 1 6 2 1 0
1344 508 10 14 5 4 1 0 0 3 0 0 0 2554 770 19 38 24 8 2 2 1 7 2 1 0
1400 522 10 14 5 4 1 1 0 3 0 0 0 2745 806 19 40 27 8 2 2 1 7 2 1 0
1455 530 10 14 6 5 1 1 0 3 0 0 0 2778 825 19 40 27 8 2 2 1 7 2 1 0
1497 554 10 16 6 5 1 1 0 4 0 0 0 2825 844 19 40 27 8 2 2 1 7 2 1 0
1567 584 10 16 6 5 1 1 0 4 0 0 0 2862 869 19 40 28 8 2 2 1 8 2 1 0
1624 606 10 17 6 5 1 1 0 4 0 0 0 2964 914 19 42 28 9 2 2 1 8 2 1 0
1743 632 10 18 6 5 1 1 0 4 0 0 0 3012 921 19 42 30 9 2 2 1 8 2 1 0
1765 657 10 19 7 5 1 1 0 4 0 0 0 3048 965 19 43 30 10 3 3 1 9 2 1 0
1833 687 10 21 8 5 1 1 0 5 0 0 0 3089 1005 19 49 30 10 3 3 1 9 2 1 0
1937 709 11 21 8 6 1 1 0 5 0 0 0 3126 1027 19 51 30 10 3 3 1 9 2 1 0
1970 733 11 22 8 6 1 1 0 5 0 0 0 3199 1047 19 51 30 10 3 3 1 9 2 1 0
2034 751 11 23 9 6 2 1 0 5 0 0 0 3231 1079 19 51 30 11 3 3 1 9 2 1 0
