# scores for worst/random/best/smart move selector strategies. 
# scores are 50% and 95% quantiles (based on 40 games) of: 
# game score, #destroyed, #unlocked, #stripes, #bombs, #zappers
0 0 0 0 0 0 0 0 0 0 0 0 0 21 9 0 0 0 0 0 0 0 0 0 0 0
6 6 0 0 0 0 0 0 0 0 0 0 0 46 19 0 1 0 0 0 0 0 0 0 0 0
9 9 0 0 0 0 0 0 0 0 0 0 0 50 25 0 1 0 0 0 0 0 0 0 0 0
12 12 0 0 0 0 0 0 0 0 0 0 0 56 37 0 1 0 0 0 0 0 0 0 0 0
18 18 0 0 0 0 0 0 0 0 0 0 0 74 48 0 1 0 0 0 0 0 0 0 0 0
21 21 0 0 0 0 0 0 0 0 0 0 0 83 56 0 1 0 0 0 0 0 0 0 0 0
28 27 0 0 0 0 0 0 0 0 0 0 0 118 77 0 2 0 0 0 0 0 0 0 0 0
35 33 0 0 0 0 0 0 0 0 0 0 0 126 83 0 2 1 0 0 0 0 0 0 0 0
41 40 0 0 0 0 0 0 0 0 0 0 0 189 101 0 2 1 0 0 0 0 0 0 0 0
45 45 0 0 0 0 0 0 0 0 0 0 0 195 108 0 2 1 0 0 0 0 0 0 0 0
56 50 0 0 0 0 0 0 0 0 0 0 0 223 116 3 3 1 0 0 0 0 0 0 0 0
65 57 0 0 0 0 0 0 0 0 0 0 0 228 121 3 3 1 0 0 0 0 0 0 0 0
69 62 0 0 0 0 0 0 0 0 0 0 0 274 130 5 4 1 0 0 0 0 0 0 0 0
76 69 0 0 0 0 0 0 0 0 0 0 0 278 135 6 4 1 0 0 0 0 0 0 0 0
88 76 0 0 0 0 0 0 0 0 0 0 0 281 138 6 4 1 0 0 0 0 0 0 0 0
100 80 0 1 0 0 0 0 0 0 0 0 0 284 141 6 4 1 0 0 0 0 0 0 0 0
110 88 0 1 0 0 0 0 0 0 0 0 0 292 161 6 5 1 0 0 0 0 0 0 0 0
119 96 0 1 0 0 0 0 0 0 0 0 0 297 166 6 5 1 0 0 0 0 0 0 0 0
134 105 0 1 0 0 0 0 0 0 0 0 0 303 172 6 5 2 0 0 0 0 0 0 0 0
142 111 0 1 0 0 0 0 0 0 0 0 0 306 175 6 5 2 0 0 0 0 0 0 0 0
148 116 0 1 0 0 0 0 0 0 0 0 0 312 179 6 5 2 0 0 0 0 0 0 0 0
168 126 1 1 0 0 0 0 0 0 0 0 0 316 182 6 5 2 0 0 0 0 0 0 0 0
174 129 1 1 0 0 0 0 0 0 0 0 0 320 185 6 5 2 0 0 0 0 0 0 0 0
179 133 1 1 0 0 0 0 0 0 0 0 0 330 201 6 5 2 0 0 0 0 0 0 0 0
182 140 1 1 0 0 0 0 0 0 0 0 0 333 207 6 5 2 0 0 0 0 0 0 0 0
189 147 1 1 0 0 0 0 0 0 0 0 0 358 218 7 5 2 0 0 0 0 0 0 0 0
201 150 1 1 0 0 0 0 0 0 0 0 0 364 221 7 5 2 0 0 0 0 0 0 0 0
204 157 1 1 0 0 0 0 0 0 0 0 0 374 230 7 5 2 0 0 0 0 0 0 0 0
211 162 1 1 0 0 0 0 0 0 0 0 0 442 252 8 6 2 0 0 0 0 0 0 0 0
238 183 1 1 0 0 0 0 0 0 0 0 0 474 262 9 6 2 1 0 0 0 0 0 0 0
245 192 1 2 0 0 0 0 0 0 0 0 0 477 265 9 6 2 1 0 0 0 0 0 0 0
252 195 1 2 0 0 0 0 0 0 0 0 0 517 280 10 7 2 1 0 0 0 0 0 0 0
260 204 1 2 0 0 0 0 0 0 0 0 0 522 286 10 7 2 1 0 0 0 0 0 0 0
278 210 1 2 1 0 0 0 0 0 0 0 0 526 289 10 7 2 1 0 0 0 0 0 0 0
288 214 1 2 1 0 0 0 0 0 0 0 0 531 294 10 7 2 1 0 0 0 0 0 0 0
314 222 1 2 1 0 0 0 0 0 0 0 0 534 298 10 7 2 1 0 0 0 0 0 0 0
329 228 1 2 1 0 0 0 0 0 0 0 0 537 303 10 7 2 1 0 0 0 0 0 0 0
342 237 1 2 1 0 0 0 0 0 0 0 0 540 306 10 7 3 1 0 0 0 0 0 0 0
353 240 1 2 1 0 0 0 0 0 0 0 0 545 317 10 7 3 1 0 0 0 0 0 0 0
362 250 1 2 1 0 0 0 0 0 0 0 0 565 333 10 7 3 1 0 0 0 0 0 0 0
367 257 1 2 1 0 0 0 0 0 0 0 0 602 358 10 7 3 1 0 0 0 0 0 0 0
