# scores for worst/random/best/smart move selector strategies. 
# scores are 50% and 95% quantiles (based on 40 games) of: 
# game score, #destroyed, #unlocked, #stripes, #bombs, #zappers
3 3 0 0 0 0 0 0 0 0 0 0 0 10 10 0 0 0 0 0 0 0 0 0 0 0
6 6 0 0 0 0 0 0 0 0 0 0 0 16 16 0 0 0 0 0 0 0 0 0 0 0
10 10 0 0 0 0 0 0 0 0 0 0 0 22 20 0 0 0 0 0 0 0 0 0 0 0
13 13 0 0 0 0 0 0 0 0 0 0 0 27 24 0 0 0 0 0 0 0 0 0 0 0
19 19 0 0 0 0 0 0 0 0 0 0 0 30 27 0 0 0 0 0 0 0 0 0 0 0
22 22 0 0 0 0 0 0 0 0 0 0 0 60 34 0 1 0 0 0 0 0 0 0 0 0
25 25 0 0 0 0 0 0 0 0 0 0 0 67 40 0 1 0 0 0 0 0 0 0 0 0
30 30 0 0 0 0 0 0 0 0 0 0 0 95 43 0 1 0 0 0 0 0 0 0 0 0
34 34 0 0 0 0 0 0 0 0 0 0 0 98 46 0 1 0 0 0 0 0 0 0 0 0
38 38 0 0 0 0 0 0 0 0 0 0 0 102 50 0 1 0 0 0 0 0 0 0 0 0
42 42 0 0 0 0 0 0 0 0 0 0 0 113 53 0 1 0 0 0 0 0 0 0 0 0
46 46 0 0 0 0 0 0 0 0 0 0 0 117 66 0 2 0 0 0 0 0 0 0 0 0
51 49 0 0 0 0 0 0 0 0 0 0 0 120 69 0 2 0 0 0 0 0 0 0 0 0
54 52 0 0 0 0 0 0 0 0 0 0 0 123 72 0 2 0 0 0 0 0 0 0 0 0
58 56 0 0 0 0 0 0 0 0 0 0 0 161 81 0 2 0 0 0 0 0 0 0 0 0
67 62 0 0 0 0 0 0 0 0 0 0 0 176 86 0 2 0 0 0 0 0 0 0 0 0
71 68 0 0 0 0 0 0 0 0 0 0 0 179 89 0 2 0 0 0 0 0 0 0 0 0
74 71 0 0 0 0 0 0 0 0 0 0 0 182 92 0 2 0 0 0 0 0 0 0 0 0
78 74 0 0 0 0 0 0 0 0 0 0 0 186 95 0 2 0 0 0 0 0 0 0 0 0
82 77 0 0 0 0 0 0 0 0 0 0 0 189 98 0 2 0 0 0 0 0 0 0 0 0
88 80 0 0 0 0 0 0 0 0 0 0 0 194 104 0 2 0 0 0 0 0 0 0 0 0
94 84 0 0 0 0 0 0 0 0 0 0 0 198 108 0 2 0 0 0 0 0 0 0 0 0
113 92 0 1 0 0 0 0 0 0 0 0 0 201 114 0 2 0 0 0 0 0 0 0 0 0
118 96 0 1 0 0 0 0 0 0 0 0 0 228 117 0 2 0 1 0 0 0 1 0 0 0
125 99 0 1 0 0 0 0 0 0 0 0 0 231 121 0 3 0 1 0 0 0 1 0 0 0
132 102 0 1 0 0 0 0 0 0 0 0 0 234 124 0 3 0 1 0 0 0 1 0 0 0
136 106 0 1 0 0 0 0 0 0 0 0 0 246 129 0 3 0 1 0 0 0 1 0 0 0
141 110 0 1 0 0 0 0 0 0 0 0 0 249 132 0 3 0 1 0 0 0 1 0 0 0
148 114 0 1 0 0 0 0 0 0 0 0 0 254 138 0 3 0 1 0 0 0 1 0 0 0
156 117 0 1 0 0 0 0 0 0 0 0 0 257 142 0 3 0 1 0 0 0 1 0 0 0
161 122 0 1 0 0 0 0 0 0 0 0 0 260 145 0 3 0 1 0 0 0 1 0 0 0
166 126 0 1 0 0 0 0 0 0 0 0 0 264 152 0 4 0 1 1 0 0 1 0 0 0
176 131 0 1 0 0 0 0 0 0 0 0 0 286 157 0 4 0 1 1 0 0 1 0 0 0
186 135 0 1 0 0 0 0 0 0 0 0 0 289 160 0 4 0 1 1 0 0 1 0 0 0
189 138 0 1 0 0 0 0 0 0 0 0 0 298 167 0 4 0 1 1 0 0 1 0 0 0
195 142 0 1 0 0 0 0 0 0 0 0 0 304 173 0 4 0 1 1 0 0 1 0 0 0
199 147 0 1 0 0 0 0 0 0 0 0 0 307 176 0 4 0 1 1 0 0 1 0 0 0
202 151 0 1 0 0 0 0 0 0 0 0 0 326 182 0 4 0 1 1 0 0 1 0 0 0
213 154 0 2 0 0 0 0 0 0 0 0 0 333 193 0 4 0 1 1 0 0 1 0 0 0
226 160 0 2 0 0 0 0 0 0 0 0 0 341 196 0 4 0 1 1 0 0 1 0 0 0
229 163 0 2 0 0 0 0 0 0 0 0 0 345 199 0 4 0 1 1 0 0 1 0 0 0
