# scores for worst/random/best/smart move selector strategies. 
# scores are 50% and 95% quantiles (based on 40 games) of: 
# game score, #destroyed, #unlocked, #stripes, #bombs, #zappers
3 3 0 0 0 0 0 0 0 0 0 0 0 10 10 0 0 0 0 0 0 0 0 0 0 0
7 7 0 0 0 0 0 0 0 0 0 0 0 16 15 0 0 0 0 0 0 0 0 0 0 0
12 12 0 0 0 0 0 0 0 0 0 0 0 76 26 0 1 0 0 0 0 0 0 0 0 0
17 17 0 0 0 0 0 0 0 0 0 0 0 90 34 0 1 0 1 0 0 0 1 0 0 0
21 20 0 0 0 0 0 0 0 0 0 0 0 95 40 0 1 0 1 0 0 0 1 0 0 0
24 24 0 0 0 0 0 0 0 0 0 0 0 103 43 0 1 0 1 0 0 0 1 0 0 0
31 28 0 0 0 0 0 0 0 0 0 0 0 128 47 0 1 0 1 0 0 0 1 0 0 0
37 34 0 0 0 0 0 0 0 0 0 0 0 131 52 0 2 0 1 0 0 0 1 0 0 0
62 38 0 0 0 0 0 0 0 0 0 0 0 136 55 0 2 0 1 0 0 0 1 0 0 0
70 42 0 1 0 0 0 0 0 0 0 0 0 143 58 0 2 0 1 1 0 0 1 0 0 0
73 46 0 1 0 0 0 0 0 0 0 0 0 160 67 0 2 0 1 1 0 0 1 0 0 0
84 51 0 1 0 0 0 0 0 0 0 0 0 179 74 0 2 0 1 1 0 0 1 0 0 0
88 54 0 1 0 0 0 0 0 0 0 0 0 182 80 0 3 0 1 1 0 0 1 0 0 0
91 59 0 1 0 0 0 0 0 0 0 0 0 187 84 0 3 0 1 1 0 0 1 0 0 0
100 65 0 1 0 0 0 0 0 0 0 0 0 190 88 0 3 0 1 1 0 0 1 0 0 0
115 71 0 1 0 0 0 0 0 0 0 0 0 195 94 0 3 0 1 1 0 0 1 0 0 0
121 75 0 1 0 0 0 0 0 0 0 0 0 213 98 0 3 0 1 1 0 0 1 0 0 0
124 79 0 1 0 0 0 0 0 0 0 0 0 234 107 0 3 0 1 1 0 0 1 0 0 0
131 82 0 1 0 0 0 0 0 0 0 0 0 261 110 0 4 0 1 1 0 0 1 0 0 0
144 88 0 2 0 0 0 0 0 0 0 0 0 277 118 0 4 0 1 1 0 0 1 0 0 0
152 93 0 2 0 0 0 0 0 0 0 0 0 280 121 0 4 0 1 1 0 0 1 0 0 0
155 98 0 2 0 0 0 0 0 0 0 0 0 284 129 0 4 0 1 1 0 0 1 0 0 0
164 102 0 2 0 0 0 0 0 0 0 0 0 324 140 0 4 0 1 1 0 0 1 0 0 0
194 107 0 2 0 0 0 0 0 0 0 0 0 327 143 0 5 0 1 1 0 0 1 0 0 0
197 110 0 3 0 0 0 0 0 0 0 0 0 330 147 0 5 0 1 1 0 0 1 0 0 0
203 117 0 3 0 0 0 0 0 0 0 0 0 335 154 0 5 0 1 1 0 0 1 0 0 0
212 122 0 3 0 0 0 0 0 0 0 0 0 352 157 0 6 0 1 2 0 0 1 0 0 0
218 126 0 3 0 0 0 0 0 0 0 0 0 355 161 0 6 0 1 2 0 0 1 0 0 0
221 131 0 3 0 0 0 0 0 0 0 0 0 362 165 0 7 0 1 2 0 0 1 0 0 0
224 134 0 3 0 0 0 0 0 0 0 0 0 365 168 0 7 0 1 2 0 0 1 0 0 0
227 137 0 3 0 0 0 0 0 0 0 0 0 388 172 0 7 0 1 2 0 0 1 0 0 0
246 143 0 3 0 0 0 0 0 0 0 0 0 418 183 0 8 0 1 2 0 0 1 0 0 0
262 148 0 3 0 0 0 0 0 0 0 0 0 421 186 0 8 0 1 2 0 0 1 0 0 0
268 156 0 3 0 0 0 0 0 0 0 0 0 500 192 0 8 0 1 2 0 0 1 0 0 0
290 161 0 4 0 0 0 0 0 0 0 0 0 519 197 0 8 0 1 2 0 0 1 0 0 0
297 168 0 4 0 0 0 0 0 0 0 0 0 527 200 0 8 0 1 2 0 0 1 0 0 0
311 171 0 4 0 0 0 0 0 0 0 0 0 533 204 0 8 0 2 2 0 0 1 0 0 0
317 176 0 4 0 0 0 0 0 0 0 0 0 540 213 0 10 0 2 2 0 0 1 0 0 0
329 179 0 4 0 0 0 0 0 0 0 0 0 546 217 0 10 0 2 2 0 0 1 0 0 0
342 185 0 4 0 0 0 0 0 0 0 0 0 561 224 0 11 0 2 2 0 0 1 0 0 0
349 190 0 4 0 0 0 0 0 0 0 0 0 564 227 0 11 1 2 2 0 0 1 0 0 0
