# scores for worst/random/best/smart move selector strategies. 
# scores are 50% and 95% quantiles (based on 40 games) of: 
# game score, #destroyed, #unlocked, #stripes, #bombs, #zappers
3 3 0 0 0 0 0 0 0 0 0 0 0 10 10 0 0 0 0 0 0 0 0 0 0 0
6 6 0 0 0 0 0 0 0 0 0 0 0 13 13 0 0 0 0 0 0 0 0 0 0 0
9 9 0 0 0 0 0 0 0 0 0 0 0 19 17 0 0 0 0 0 0 0 0 0 0 0
12 12 0 0 0 0 0 0 0 0 0 0 0 41 22 0 0 0 0 0 0 0 0 0 0 0
15 15 0 0 0 0 0 0 0 0 0 0 0 53 26 0 1 0 0 0 0 0 0 0 0 0
21 21 0 0 0 0 0 0 0 0 0 0 0 56 29 0 1 0 0 0 0 0 0 0 0 0
24 24 0 0 0 0 0 0 0 0 0 0 0 64 36 0 1 0 0 0 0 0 0 0 0 0
27 27 0 0 0 0 0 0 0 0 0 0 0 67 40 0 1 0 0 0 0 0 0 0 0 0
30 30 0 0 0 0 0 0 0 0 0 0 0 74 45 0 1 0 0 0 0 0 0 0 0 0
33 33 0 0 0 0 0 0 0 0 0 0 0 77 49 0 1 0 0 0 0 0 0 0 0 0
37 37 0 0 0 0 0 0 0 0 0 0 0 80 52 0 1 0 0 0 0 0 0 0 0 0
41 41 0 0 0 0 0 0 0 0 0 0 0 85 55 0 1 0 0 0 0 0 0 0 0 0
45 45 0 0 0 0 0 0 0 0 0 0 0 107 66 0 1 0 0 0 0 0 0 0 0 0
48 48 0 0 0 0 0 0 0 0 0 0 0 110 69 0 1 0 0 0 0 0 0 0 0 0
51 51 0 0 0 0 0 0 0 0 0 0 0 113 72 0 1 0 0 0 0 0 0 0 0 0
55 55 0 0 0 0 0 0 0 0 0 0 0 116 75 0 1 0 0 0 0 0 0 0 0 0
60 60 0 0 0 0 0 0 0 0 0 0 0 121 79 0 1 0 0 0 0 0 0 0 0 0
63 63 0 0 0 0 0 0 0 0 0 0 0 126 83 0 1 0 0 0 0 0 0 0 0 0
68 68 0 0 0 0 0 0 0 0 0 0 0 131 89 0 1 0 0 0 0 0 0 0 0 0
72 72 0 0 0 0 0 0 0 0 0 0 0 139 95 0 1 0 0 0 0 0 0 0 0 0
75 75 0 0 0 0 0 0 0 0 0 0 0 144 100 0 1 0 0 0 0 0 0 0 0 0
78 78 0 0 0 0 0 0 0 0 0 0 0 147 103 0 1 0 0 0 0 0 0 0 0 0
81 81 0 0 0 0 0 0 0 0 0 0 0 153 108 0 1 0 0 0 0 0 0 0 0 0
84 84 0 0 0 0 0 0 0 0 0 0 0 156 113 0 1 0 0 0 0 0 0 0 0 0
90 89 0 0 0 0 0 0 0 0 0 0 0 159 116 0 1 0 0 0 0 0 0 0 0 0
93 93 0 0 0 0 0 0 0 0 0 0 0 162 119 0 1 0 0 0 0 0 0 0 0 0
96 96 0 0 0 0 0 0 0 0 0 0 0 168 126 0 1 0 0 0 0 0 0 0 0 0
99 99 0 0 0 0 0 0 0 0 0 0 0 185 129 0 2 0 0 0 0 0 0 0 0 0
102 102 0 0 0 0 0 0 0 0 0 0 0 188 132 0 2 0 0 0 0 0 0 0 0 0
108 108 0 0 0 0 0 0 0 0 0 0 0 191 135 0 2 0 0 0 0 0 0 0 0 0
111 111 0 0 0 0 0 0 0 0 0 0 0 198 140 0 2 0 0 0 0 0 0 0 0 0
117 117 0 0 0 0 0 0 0 0 0 0 0 201 145 0 2 0 0 0 0 0 0 0 0 0
120 120 0 0 0 0 0 0 0 0 0 0 0 204 148 0 2 0 0 0 0 0 0 0 0 0
123 123 0 0 0 0 0 0 0 0 0 0 0 207 152 0 2 0 0 0 0 0 0 0 0 0
126 126 0 0 0 0 0 0 0 0 0 0 0 210 158 0 2 0 0 0 0 0 0 0 0 0
129 129 0 0 0 0 0 0 0 0 0 0 0 213 161 0 2 0 0 0 0 0 0 0 0 0
132 132 0 0 0 0 0 0 0 0 0 0 0 216 165 0 2 0 0 0 0 0 0 0 0 0
136 135 0 0 0 0 0 0 0 0 0 0 0 219 168 0 2 0 0 0 0 0 0 0 0 0
141 141 0 0 0 0 0 0 0 0 0 0 0 225 171 0 2 0 0 0 0 0 0 0 0 0
144 144 0 0 0 0 0 0 0 0 0 0 0 229 175 0 2 0 0 0 0 0 0 0 0 0
147 147 0 0 0 0 0 0 0 0 0 0 0 232 182 0 2 0 0 0 0 0 0 0 0 0
