# scores for worst/random/best/smart move selector strategies. 
# scores are 50% and 95% quantiles (based on 40 games) of: 
# game score, #destroyed, #unlocked, #stripes, #bombs, #zappers
0 0 0 0 0 0 0 0 0 0 0 0 0 7 7 0 0 0 0 0 0 0 0 0 0 0
3 3 0 0 0 0 0 0 0 0 0 0 0 12 12 0 0 0 0 0 0 0 0 0 0 0
9 9 0 0 0 0 0 0 0 0 0 0 0 18 18 0 0 0 0 0 0 0 0 0 0 0
12 12 0 0 0 0 0 0 0 0 0 0 0 31 31 0 0 0 0 0 0 0 0 0 0 0
18 18 0 0 0 0 0 0 0 0 0 0 0 35 34 0 0 0 0 0 0 0 0 0 0 0
24 23 0 0 0 0 0 0 0 0 0 0 0 40 38 0 0 0 0 0 0 0 0 0 0 0
29 29 0 0 0 0 0 0 0 0 0 0 0 55 41 0 1 0 0 0 0 0 0 0 0 0
33 33 0 0 0 0 0 0 0 0 0 0 0 76 48 0 1 0 0 0 0 0 0 0 0 0
37 37 0 0 0 0 0 0 0 0 0 0 0 79 52 0 1 0 0 0 0 0 0 0 0 0
43 42 0 0 0 0 0 0 0 0 0 0 0 102 61 0 1 0 0 0 0 0 0 0 0 0
50 47 0 0 0 0 0 0 0 0 0 0 0 127 68 0 1 1 0 0 0 0 0 0 0 0
53 52 0 0 0 0 0 0 0 0 0 0 0 135 78 0 1 1 0 0 0 0 0 0 0 0
61 56 0 0 0 0 0 0 0 0 0 0 0 161 88 0 2 1 0 0 0 0 0 0 0 0
66 60 0 0 0 0 0 0 0 0 0 0 0 167 92 0 2 1 0 0 0 0 0 0 0 0
72 66 0 0 0 0 0 0 0 0 0 0 0 180 100 0 2 1 0 0 0 0 0 0 0 0
75 71 0 0 0 0 0 0 0 0 0 0 0 183 105 0 2 1 0 0 0 0 0 0 0 0
98 77 0 0 0 0 0 0 0 0 0 0 0 186 108 0 2 1 0 0 0 0 0 0 0 0
102 80 0 0 0 0 0 0 0 0 0 0 0 189 112 0 2 1 0 0 0 0 0 0 0 0
109 85 0 0 0 0 0 0 0 0 0 0 0 201 121 0 2 1 1 0 0 0 1 0 0 0
114 90 0 1 0 0 0 0 0 0 0 0 0 235 133 0 3 1 1 0 0 0 1 0 0 0
121 97 0 1 0 0 0 0 0 0 0 0 0 241 136 0 3 1 1 0 0 0 1 0 0 0
138 101 0 1 0 0 0 0 0 0 0 0 0 248 139 0 3 1 1 0 0 0 1 0 0 0
143 105 0 1 0 0 0 0 0 0 0 0 0 273 145 0 3 1 1 0 0 0 1 0 0 0
150 112 0 1 0 0 0 0 0 0 0 0 0 298 150 0 3 1 1 1 0 0 1 0 0 0
161 118 0 1 0 0 0 0 0 0 0 0 0 301 153 0 3 1 1 1 0 0 1 0 0 0
174 122 0 1 0 0 0 0 0 0 0 0 0 304 158 1 3 1 1 1 0 0 1 0 0 0
177 127 0 1 0 0 0 0 0 0 0 0 0 308 161 1 3 1 1 1 0 0 1 0 0 0
182 130 0 1 0 0 0 0 0 0 0 0 0 312 167 1 3 1 1 1 0 0 1 0 0 0
196 136 0 1 0 0 0 0 0 0 0 0 0 325 172 1 4 1 1 1 0 0 1 0 0 0
201 140 0 1 0 0 0 0 0 0 0 0 0 329 175 1 4 1 1 1 0 0 1 0 0 0
207 144 0 1 0 0 0 0 0 0 0 0 0 333 180 1 4 1 1 1 0 0 1 0 0 0
211 151 0 1 0 0 0 0 0 0 0 0 0 338 184 1 4 1 1 1 0 0 1 0 0 0
221 157 0 1 0 0 0 0 0 0 0 0 0 341 188 1 4 1 1 1 0 0 1 0 0 0
230 165 0 1 0 0 0 0 0 0 0 0 0 346 191 1 4 1 1 1 0 0 1 0 0 0
234 169 0 2 0 0 0 0 0 0 0 0 0 363 200 1 5 2 1 1 0 0 1 0 0 0
242 174 0 2 0 0 0 0 0 0 0 0 0 366 205 1 5 2 1 1 0 0 1 0 0 0
247 178 0 2 0 0 0 0 0 0 0 0 0 376 215 1 5 2 1 1 0 0 1 0 0 0
252 185 0 2 0 0 0 0 0 0 0 0 0 379 220 1 5 2 1 1 0 0 1 0 0 0
259 190 0 2 0 0 0 0 0 0 0 0 0 383 225 1 5 2 1 1 0 0 1 0 0 0
270 195 0 2 0 0 0 0 0 0 0 0 0 387 228 1 5 2 1 1 0 0 1 0 0 0
276 199 0 2 0 0 0 0 0 0 0 0 0 390 235 1 5 2 1 1 0 0 1 0 0 0
