# scores for worst/random/best/smart move selector strategies. 
# scores are 50% and 95% quantiles (based on 40 games) of: 
# game score, #destroyed, #unlocked, #stripes, #bombs, #zappers
0 0 0 0 0 0 0 0 0 0 0 0 0 7 7 0 0 0 0 0 0 0 0 0 0 0
4 4 0 0 0 0 0 0 0 0 0 0 0 41 29 0 0 0 0 0 0 0 0 0 0 0
9 9 0 0 0 0 0 0 0 0 0 0 0 52 40 0 0 0 0 0 0 0 0 0 0 0
15 15 0 0 0 0 0 0 0 0 0 0 0 111 61 0 1 0 0 0 0 0 0 0 0 0
22 22 0 0 0 0 0 0 0 0 0 0 0 125 67 0 1 0 0 0 0 0 0 0 0 0
27 27 0 0 0 0 0 0 0 0 0 0 0 177 79 0 1 0 1 0 0 0 1 0 0 0
40 33 0 0 0 0 0 0 0 0 0 0 0 223 100 1 2 1 1 0 0 0 1 0 0 0
59 42 0 0 0 0 0 0 0 0 0 0 0 247 114 1 4 1 1 1 0 0 1 0 0 0
87 50 0 0 0 0 0 0 0 0 0 0 0 251 120 1 4 1 1 1 1 0 1 0 0 0
111 60 0 1 0 0 0 0 0 0 0 0 0 291 131 1 4 1 1 1 1 0 1 0 0 0
125 68 0 1 0 0 0 0 0 0 0 0 0 309 143 1 4 1 1 1 1 0 1 0 0 0
166 82 0 2 0 0 0 0 0 0 0 0 0 331 157 1 5 1 1 1 1 0 1 0 0 0
180 91 0 2 0 0 0 0 0 0 0 0 0 353 165 1 5 2 2 1 1 0 1 0 0 0
216 102 0 3 0 0 0 0 0 0 0 0 0 461 191 2 8 2 2 1 1 0 1 0 0 0
260 111 0 3 0 0 0 0 0 0 0 0 0 539 198 2 9 2 2 1 2 0 2 0 0 0
273 123 0 4 1 0 0 0 0 0 0 0 0 546 209 2 9 3 2 1 2 0 2 0 0 0
302 139 0 4 1 0 0 0 0 0 0 0 0 567 221 2 9 3 2 2 2 0 2 0 0 0
330 147 0 4 1 0 0 0 0 0 0 0 0 825 232 2 16 6 3 2 2 0 2 1 0 0
352 161 0 4 1 1 0 0 0 1 0 0 0 856 243 2 16 6 3 2 2 0 2 1 0 0
366 169 0 5 1 1 0 0 0 1 0 0 0 876 250 2 20 6 3 2 2 1 2 1 0 0
399 185 0 5 1 1 0 0 0 1 0 0 0 881 257 2 20 6 3 2 2 1 2 1 0 0
432 196 0 5 1 1 0 0 0 1 0 0 0 891 281 2 20 6 3 2 2 1 2 1 0 0
482 208 0 6 1 1 0 0 0 1 0 0 0 914 295 2 21 6 3 2 2 1 2 1 0 0
496 215 0 6 1 1 0 0 0 1 0 0 0 933 306 2 21 6 3 2 2 1 2 1 0 0
531 224 0 7 1 1 0 0 0 1 0 0 0 993 325 2 21 7 3 2 2 1 3 1 0 0
546 234 0 7 1 1 1 0 0 1 0 0 0 1003 332 2 22 7 3 3 2 1 3 1 0 0
581 246 0 8 1 1 1 0 0 1 0 0 0 1038 337 2 22 7 3 3 2 1 3 1 0 0
598 252 0 8 1 1 1 0 0 1 0 0 0 1057 356 2 23 7 3 3 2 1 3 1 0 0
618 262 0 8 1 1 1 0 0 1 0 0 0 1129 377 2 24 7 4 3 2 1 3 1 0 0
627 275 0 9 1 1 1 0 0 1 0 0 0 1139 386 2 24 7 4 3 2 1 3 1 0 0
666 285 0 9 2 1 1 0 0 1 0 0 0 1148 401 2 24 7 4 3 2 1 3 1 0 0
687 294 0 9 2 2 1 0 0 1 0 0 0 1214 417 2 25 7 4 3 2 1 3 1 0 0
748 309 0 10 2 2 1 0 0 2 0 0 0 1245 432 2 27 7 4 3 2 1 4 1 0 0
781 321 0 11 2 2 1 0 0 2 0 0 0 1249 438 2 27 7 4 3 2 1 4 1 0 0
806 333 0 11 2 2 1 0 0 2 0 0 0 1269 451 2 27 7 4 3 2 1 4 1 0 0
836 348 0 11 2 2 1 0 0 2 0 0 0 1302 455 2 27 8 4 3 2 1 4 1 0 0
873 364 0 11 2 2 1 0 0 2 0 0 0 1311 461 2 27 8 5 3 2 1 4 1 0 0
892 378 0 12 2 2 2 0 0 2 0 0 0 1337 481 2 27 8 5 3 2 1 4 1 0 0
899 391 0 12 2 2 2 0 0 2 0 0 0 1372 490 2 28 8 5 3 2 1 4 1 0 0
967 406 0 13 2 2 2 0 0 2 0 0 0 1378 503 2 28 8 5 3 2 1 4 1 0 0
1003 423 0 13 2 2 2 0 0 2 0 0 0 1433 509 2 29 8 5 3 2 1 4 1 0 0
