# scores for worst/random/best/smart move selector strategies. 
# scores are 50% and 95% quantiles (based on 40 games) of: 
# game score, #destroyed, #unlocked, #stripes, #bombs, #zappers
0 0 0 0 0 0 0 0 0 0 0 0 0 6 6 0 0 0 0 0 0 0 0 0 0 0
6 6 0 0 0 0 0 0 0 0 0 0 0 13 13 0 0 0 0 0 0 0 0 0 0 0
9 9 0 0 0 0 0 0 0 0 0 0 0 18 18 0 0 0 0 0 0 0 0 0 0 0
12 12 0 0 0 0 0 0 0 0 0 0 0 22 22 0 0 0 0 0 0 0 0 0 0 0
18 18 0 0 0 0 0 0 0 0 0 0 0 27 27 0 0 0 0 0 0 0 0 0 0 0
21 21 0 0 0 0 0 0 0 0 0 0 0 30 30 0 0 0 0 0 0 0 0 0 0 0
24 24 0 0 0 0 0 0 0 0 0 0 0 36 36 0 0 0 0 0 0 0 0 0 0 0
30 30 0 0 0 0 0 0 0 0 0 0 0 43 39 0 0 0 0 0 0 0 0 0 0 0
33 33 0 0 0 0 0 0 0 0 0 0 0 74 49 0 0 0 0 0 0 0 0 0 0 0
38 37 0 0 0 0 0 0 0 0 0 0 0 84 55 0 1 0 0 0 0 0 0 0 0 0
42 42 0 0 0 0 0 0 0 0 0 0 0 96 58 0 1 0 0 0 0 0 0 0 0 0
48 47 0 0 0 0 0 0 0 0 0 0 0 99 61 0 1 0 0 0 0 0 0 0 0 0
51 51 0 0 0 0 0 0 0 0 0 0 0 103 70 0 1 0 0 0 0 0 0 0 0 0
56 54 0 0 0 0 0 0 0 0 0 0 0 108 75 0 1 0 0 0 0 0 0 0 0 0
60 59 0 0 0 0 0 0 0 0 0 0 0 114 80 0 1 0 0 0 0 0 0 0 0 0
63 63 0 0 0 0 0 0 0 0 0 0 0 118 84 1 1 0 0 0 0 0 0 0 0 0
66 66 0 0 0 0 0 0 0 0 0 0 0 131 87 1 1 0 0 0 0 0 0 0 0 0
72 71 0 0 0 0 0 0 0 0 0 0 0 134 95 1 1 1 0 0 0 0 0 0 0 0
79 75 0 0 0 0 0 0 0 0 0 0 0 142 100 1 1 1 0 0 0 0 0 0 0 0
86 78 0 0 0 0 0 0 0 0 0 0 0 153 104 1 1 1 0 0 0 0 0 0 0 0
92 84 0 0 0 0 0 0 0 0 0 0 0 157 107 1 1 1 0 0 0 0 0 0 0 0
100 87 0 0 0 0 0 0 0 0 0 0 0 168 113 2 1 1 0 0 0 0 0 0 0 0
103 91 0 0 0 0 0 0 0 0 0 0 0 193 123 2 2 1 0 0 0 0 0 0 0 0
109 96 0 0 0 0 0 0 0 0 0 0 0 196 126 2 2 1 0 0 0 0 0 0 0 0
112 102 0 0 0 0 0 0 0 0 0 0 0 200 131 2 2 1 0 0 0 0 0 0 0 0
115 106 0 0 0 0 0 0 0 0 0 0 0 223 134 2 2 1 0 0 0 0 0 0 0 0
120 109 0 0 0 0 0 0 0 0 0 0 0 227 137 2 2 1 0 0 0 0 0 0 0 0
125 112 0 0 0 0 0 0 0 0 0 0 0 230 140 2 2 1 0 0 0 0 0 0 0 0
132 117 0 0 0 0 0 0 0 0 0 0 0 234 144 2 2 1 1 0 0 0 1 0 0 0
141 123 0 0 0 0 0 0 0 0 0 0 0 250 148 2 3 1 1 0 0 0 1 0 0 0
144 126 0 0 0 0 0 0 0 0 0 0 0 255 156 2 3 1 1 0 0 0 1 0 0 0
151 130 0 0 0 0 0 0 0 0 0 0 0 260 161 2 3 1 1 0 0 0 1 0 0 0
156 135 0 0 0 0 0 0 0 0 0 0 0 266 165 2 3 1 1 0 0 0 1 0 0 0
160 138 0 0 0 0 0 0 0 0 0 0 0 269 168 2 3 1 1 0 0 0 1 0 0 0
166 141 0 0 0 0 0 0 0 0 0 0 0 272 171 2 3 1 1 0 0 0 1 0 0 0
169 145 0 0 0 0 0 0 0 0 0 0 0 275 175 2 3 1 1 0 0 0 1 0 0 0
172 148 0 0 0 0 0 0 0 0 0 0 0 279 178 2 3 1 1 0 0 0 1 0 0 0
175 152 0 0 0 0 0 0 0 0 0 0 0 284 182 2 3 1 1 0 0 0 1 0 0 0
180 157 0 1 0 0 0 0 0 0 0 0 0 287 185 2 3 1 1 0 0 0 1 0 0 0
184 161 0 1 0 0 0 0 0 0 0 0 0 290 188 2 3 1 1 0 0 0 1 0 0 0
191 166 0 1 0 0 0 0 0 0 0 0 0 351 217 3 3 1 1 0 0 0 1 0 0 0
