# scores for worst/random/best/smart move selector strategies. 
# scores are 50% and 95% quantiles (based on 40 games) of: 
# game score, #destroyed, #unlocked, #stripes, #bombs, #zappers
0 0 0 0 0 0 0 0 0 0 0 0 0 6 6 0 0 0 0 0 0 0 0 0 0 0
6 6 0 0 0 0 0 0 0 0 0 0 0 12 12 0 0 0 0 0 0 0 0 0 0 0
9 9 0 0 0 0 0 0 0 0 0 0 0 18 18 0 0 0 0 0 0 0 0 0 0 0
12 12 0 0 0 0 0 0 0 0 0 0 0 25 25 0 0 0 0 0 0 0 0 0 0 0
18 18 0 0 0 0 0 0 0 0 0 0 0 30 30 0 0 0 0 0 0 0 0 0 0 0
22 22 0 0 0 0 0 0 0 0 0 0 0 33 33 0 0 0 0 0 0 0 0 0 0 0
27 27 0 0 0 0 0 0 0 0 0 0 0 37 37 0 0 0 0 0 0 0 0 0 0 0
30 30 0 0 0 0 0 0 0 0 0 0 0 42 42 0 0 0 0 0 0 0 0 0 0 0
33 33 0 0 0 0 0 0 0 0 0 0 0 49 49 0 0 0 0 0 0 0 0 0 0 0
39 39 0 0 0 0 0 0 0 0 0 0 0 64 52 0 0 0 0 0 0 0 0 0 0 0
42 42 0 0 0 0 0 0 0 0 0 0 0 67 55 0 0 0 0 0 0 0 0 0 0 0
45 45 0 0 0 0 0 0 0 0 0 0 0 75 64 0 0 0 0 0 0 0 0 0 0 0
50 50 0 0 0 0 0 0 0 0 0 0 0 81 67 0 1 0 0 0 0 0 0 0 0 0
54 54 0 0 0 0 0 0 0 0 0 0 0 84 70 0 1 0 0 0 0 0 0 0 0 0
58 57 0 0 0 0 0 0 0 0 0 0 0 87 73 0 1 0 0 0 0 0 0 0 0 0
63 62 0 0 0 0 0 0 0 0 0 0 0 92 80 0 1 0 0 0 0 0 0 0 0 0
66 65 0 0 0 0 0 0 0 0 0 0 0 95 83 0 1 0 0 0 0 0 0 0 0 0
72 72 0 0 0 0 0 0 0 0 0 0 0 102 86 0 1 0 0 0 0 0 0 0 0 0
75 75 0 0 0 0 0 0 0 0 0 0 0 109 89 0 1 0 0 0 0 0 0 0 0 0
79 78 0 0 0 0 0 0 0 0 0 0 0 113 94 0 1 0 0 0 0 0 0 0 0 0
83 82 0 0 0 0 0 0 0 0 0 0 0 121 101 0 1 0 0 0 0 0 0 0 0 0
87 87 0 0 0 0 0 0 0 0 0 0 0 124 104 0 1 0 0 0 0 0 0 0 0 0
90 90 0 0 0 0 0 0 0 0 0 0 0 127 107 0 1 0 0 0 0 0 0 0 0 0
96 95 0 0 0 0 0 0 0 0 0 0 0 130 112 0 1 0 0 0 0 0 0 0 0 0
99 98 0 0 0 0 0 0 0 0 0 0 0 133 115 0 1 0 0 0 0 0 0 0 0 0
102 102 0 0 0 0 0 0 0 0 0 0 0 136 118 0 1 0 0 0 0 0 0 0 0 0
108 106 0 0 0 0 0 0 0 0 0 0 0 143 124 0 1 0 0 0 0 0 0 0 0 0
111 109 0 0 0 0 0 0 0 0 0 0 0 146 130 0 1 0 0 0 0 0 0 0 0 0
114 113 0 0 0 0 0 0 0 0 0 0 0 152 136 0 1 0 0 0 0 0 0 0 0 0
120 117 0 0 0 0 0 0 0 0 0 0 0 155 139 0 1 0 0 0 0 0 0 0 0 0
124 121 0 0 0 0 0 0 0 0 0 0 0 164 145 0 1 0 0 0 0 0 0 0 0 0
127 125 0 0 0 0 0 0 0 0 0 0 0 167 148 0 1 0 0 0 0 0 0 0 0 0
133 129 0 0 0 0 0 0 0 0 0 0 0 171 153 0 1 0 0 0 0 0 0 0 0 0
139 132 0 0 0 0 0 0 0 0 0 0 0 194 162 0 1 1 0 0 0 0 0 0 0 0
144 137 0 0 0 0 0 0 0 0 0 0 0 197 165 0 1 1 0 0 0 0 0 0 0 0
147 140 0 0 0 0 0 0 0 0 0 0 0 202 171 0 1 1 0 0 0 0 0 0 0 0
150 143 0 0 0 0 0 0 0 0 0 0 0 205 174 0 1 1 0 0 0 0 0 0 0 0
153 147 0 0 0 0 0 0 0 0 0 0 0 209 181 0 1 1 0 0 0 0 0 0 0 0
156 152 0 0 0 0 0 0 0 0 0 0 0 212 184 0 1 1 0 0 0 0 0 0 0 0
162 156 0 0 0 0 0 0 0 0 0 0 0 221 190 0 1 1 0 0 0 0 0 0 0 0
165 161 0 0 0 0 0 0 0 0 0 0 0 226 196 0 1 1 0 0 0 0 0 0 0 0
