# scores for worst/random/best/smart move selector strategies. 
# scores are 50% and 95% quantiles (based on 40 games) of: 
# game score, #destroyed, #unlocked, #stripes, #bombs, #zappers
0 0 0 0 0 0 0 0 0 0 0 0 0 8 8 0 0 0 0 0 0 0 0 0 0 0
6 6 0 0 0 0 0 0 0 0 0 0 0 13 13 0 0 0 0 0 0 0 0 0 0 0
9 9 0 0 0 0 0 0 0 0 0 0 0 17 17 0 0 0 0 0 0 0 0 0 0 0
15 15 0 0 0 0 0 0 0 0 0 0 0 31 26 0 0 0 0 0 0 0 0 0 0 0
18 18 0 0 0 0 0 0 0 0 0 0 0 45 34 0 0 0 0 0 0 0 0 0 0 0
21 21 0 0 0 0 0 0 0 0 0 0 0 54 37 0 1 0 0 0 0 0 0 0 0 0
25 25 0 0 0 0 0 0 0 0 0 0 0 57 40 0 1 0 0 0 0 0 0 0 0 0
28 28 0 0 0 0 0 0 0 0 0 0 0 60 43 0 1 0 0 0 0 0 0 0 0 0
35 34 0 0 0 0 0 0 0 0 0 0 0 66 47 0 1 0 0 0 0 0 0 0 0 0
39 39 0 0 0 0 0 0 0 0 0 0 0 69 54 0 1 0 0 0 0 0 0 0 0 0
42 42 0 0 0 0 0 0 0 0 0 0 0 74 59 0 1 0 0 0 0 0 0 0 0 0
48 47 0 0 0 0 0 0 0 0 0 0 0 79 63 0 1 0 0 0 0 0 0 0 0 0
52 51 0 0 0 0 0 0 0 0 0 0 0 83 66 0 1 0 0 0 0 0 0 0 0 0
56 55 0 0 0 0 0 0 0 0 0 0 0 86 69 0 1 0 0 0 0 0 0 0 0 0
60 59 0 0 0 0 0 0 0 0 0 0 0 103 72 0 1 0 0 0 0 0 0 0 0 0
65 63 0 0 0 0 0 0 0 0 0 0 0 126 80 1 2 0 0 0 0 0 0 0 0 0
71 69 0 0 0 0 0 0 0 0 0 0 0 133 91 1 2 0 0 0 0 0 0 0 0 0
76 73 0 0 0 0 0 0 0 0 0 0 0 140 99 1 2 0 0 0 0 0 0 0 0 0
81 76 0 0 0 0 0 0 0 0 0 0 0 148 107 1 2 0 0 0 0 0 0 0 0 0
89 81 0 0 0 0 0 0 0 0 0 0 0 155 113 1 2 0 0 0 0 0 0 0 0 0
96 86 0 0 0 0 0 0 0 0 0 0 0 196 122 1 2 0 0 0 0 0 0 0 0 0
101 89 0 0 0 0 0 0 0 0 0 0 0 199 125 1 2 0 0 0 0 0 0 0 0 0
107 93 0 0 0 0 0 0 0 0 0 0 0 230 130 2 3 0 0 0 0 0 0 0 0 0
110 97 0 0 0 0 0 0 0 0 0 0 0 233 133 2 3 1 0 0 0 0 0 0 0 0
117 103 0 0 0 0 0 0 0 0 0 0 0 236 138 2 3 1 0 0 0 0 0 0 0 0
122 112 0 0 0 0 0 0 0 0 0 0 0 241 142 2 3 1 0 0 0 0 0 0 0 0
130 115 0 0 0 0 0 0 0 0 0 0 0 249 145 3 3 1 0 0 0 0 0 0 0 0
138 119 0 0 0 0 0 0 0 0 0 0 0 253 150 3 3 1 0 0 0 0 0 0 0 0
141 122 0 1 0 0 0 0 0 0 0 0 0 256 157 3 3 1 0 0 0 0 0 0 0 0
144 127 0 1 0 0 0 0 0 0 0 0 0 259 160 3 3 1 0 0 0 0 0 0 0 0
148 131 0 1 0 0 0 0 0 0 0 0 0 262 163 3 3 1 0 0 0 0 0 0 0 0
153 135 0 1 0 0 0 0 0 0 0 0 0 265 166 3 3 1 0 0 0 0 0 0 0 0
163 139 0 1 0 0 0 0 0 0 0 0 0 270 169 3 3 1 0 0 0 0 0 0 0 0
166 142 0 1 0 0 0 0 0 0 0 0 0 273 172 3 3 1 0 0 0 0 0 0 0 0
169 146 0 1 0 0 0 0 0 0 0 0 0 276 176 3 3 1 0 0 0 0 0 0 0 0
174 150 0 1 0 0 0 0 0 0 0 0 0 280 180 3 3 1 0 0 0 0 0 0 0 0
180 153 0 1 0 0 0 0 0 0 0 0 0 285 185 3 3 1 0 0 0 0 0 0 0 0
191 156 0 1 0 0 0 0 0 0 0 0 0 288 189 3 3 1 0 0 0 0 0 0 0 0
194 161 0 1 0 0 0 0 0 0 0 0 0 291 192 3 3 1 0 0 0 0 0 0 0 0
203 166 0 1 0 0 0 0 0 0 0 0 0 294 196 3 3 1 0 0 0 0 0 0 0 0
206 170 0 1 0 0 0 0 0 0 0 0 0 299 200 3 3 1 0 0 0 0 0 0 0 0
