# scores for worst/random/best/smart move selector strategies. 
# scores are 50% and 95% quantiles (based on 40 games) of: 
# game score, #destroyed, #unlocked, #stripes, #bombs, #zappers
0 0 0 0 0 0 0 0 0 0 0 0 0 8 8 0 0 0 0 0 0 0 0 0 0 0
6 6 0 0 0 0 0 0 0 0 0 0 0 30 17 0 0 0 0 0 0 0 0 0 0 0
12 12 0 0 0 0 0 0 0 0 0 0 0 43 22 0 1 0 0 0 0 0 0 0 0 0
19 19 0 0 0 0 0 0 0 0 0 0 0 62 29 0 1 0 0 0 0 0 0 0 0 0
25 25 0 0 0 0 0 0 0 0 0 0 0 112 42 0 1 0 1 0 0 0 1 0 0 0
31 30 0 0 0 0 0 0 0 0 0 0 0 122 48 0 1 1 1 0 0 0 1 0 0 0
43 37 0 0 0 0 0 0 0 0 0 0 0 133 58 2 1 1 1 0 0 0 1 0 0 0
55 41 0 0 0 0 0 0 0 0 0 0 0 139 64 2 1 1 1 0 0 0 1 0 0 0
67 49 0 0 0 0 0 0 0 0 0 0 0 167 69 3 2 1 1 0 0 0 1 0 0 0
83 58 0 1 0 0 0 0 0 0 0 0 0 186 85 3 3 2 1 0 1 0 1 0 0 0
113 63 0 1 0 0 0 0 0 0 0 0 0 199 100 3 3 2 1 0 1 0 1 0 0 0
116 72 0 1 0 0 0 0 0 0 0 0 0 241 106 3 3 2 1 1 1 0 1 0 0 0
132 77 0 1 0 0 0 0 0 0 0 0 0 263 122 3 3 2 1 1 1 0 1 0 0 0
151 84 0 1 0 0 0 0 0 0 0 0 0 272 127 3 4 2 1 1 1 0 1 0 0 0
165 89 0 2 0 0 0 0 0 0 0 0 0 294 133 3 4 2 1 1 1 0 1 0 0 0
187 95 0 2 0 0 0 0 0 0 0 0 0 304 138 4 4 2 1 1 1 0 1 0 0 0
196 102 0 2 0 0 0 0 0 0 0 0 0 333 142 4 5 2 2 1 1 0 2 0 0 0
201 111 0 2 0 0 0 0 0 0 0 0 0 342 154 4 5 2 2 1 1 0 2 0 0 0
216 115 0 3 0 0 0 0 0 0 0 0 0 351 162 4 5 2 2 1 1 0 2 0 0 0
229 128 0 3 0 0 0 0 0 0 0 0 0 376 167 4 6 2 2 1 1 0 2 0 0 0
247 135 0 3 0 0 0 0 0 0 0 0 0 414 182 4 6 2 2 1 1 0 2 0 0 0
275 142 1 3 0 0 0 0 0 0 0 0 0 424 191 4 7 2 2 1 1 0 2 0 0 0
278 148 1 4 1 0 0 0 0 0 0 0 0 468 198 4 7 2 2 1 1 0 2 0 0 0
303 157 1 4 1 0 0 0 0 0 0 0 0 539 210 4 7 3 2 1 1 0 2 0 0 0
309 164 1 4 1 0 0 0 0 0 0 0 0 552 221 4 7 3 2 1 1 0 2 0 0 0
316 171 1 4 1 0 0 0 0 0 0 0 0 588 231 4 8 3 2 1 1 0 2 0 0 0
345 178 1 4 1 0 0 0 0 0 0 0 0 657 243 4 11 3 2 1 1 0 2 0 0 0
364 184 1 4 1 0 0 0 0 0 0 0 0 666 253 4 11 3 2 1 1 0 2 0 0 0
372 192 1 5 1 0 0 0 0 0 0 0 0 670 260 4 11 3 2 1 1 0 2 0 0 0
378 196 1 5 1 0 0 0 0 0 0 0 0 680 272 4 12 3 2 1 1 0 2 0 0 0
388 204 1 5 1 0 0 0 0 0 0 0 0 714 283 4 12 3 2 1 1 0 2 0 0 0
405 209 1 6 1 0 1 0 0 0 0 0 0 760 292 4 13 3 3 1 1 0 3 0 0 0
408 215 1 6 1 1 1 0 0 0 0 0 0 763 297 4 13 3 3 1 1 0 3 0 0 0
428 224 1 6 1 1 1 0 0 1 0 0 0 769 304 4 13 3 3 1 1 0 3 0 0 0
440 230 1 6 1 1 1 0 0 1 0 0 0 811 318 4 14 3 3 1 1 0 3 0 0 0
452 238 1 6 1 1 1 0 0 1 0 0 0 815 328 4 14 3 3 2 1 0 3 0 0 0
496 243 1 7 1 1 1 0 0 1 0 0 0 823 333 4 14 3 3 2 1 0 3 0 0 0
504 249 1 7 1 1 1 0 0 1 0 0 0 826 336 4 14 3 3 2 1 0 3 0 0 0
526 256 1 7 1 1 1 0 0 1 0 0 0 890 343 4 15 3 3 2 2 0 3 0 0 0
549 261 1 7 1 1 1 0 0 1 0 0 0 893 347 4 15 3 3 2 2 0 3 0 0 0
561 268 1 8 1 1 1 0 0 1 0 0 0 919 352 4 16 3 3 2 2 0 3 0 0 0
