# scores for worst/random/best/smart move selector strategies. 
# scores are 50% and 95% quantiles (based on 40 games) of: 
# game score, #destroyed, #unlocked, #stripes, #bombs, #zappers
0 0 0 0 0 0 0 0 0 0 0 0 0 7 7 0 0 0 0 0 0 0 0 0 0 0
3 3 0 0 0 0 0 0 0 0 0 0 0 13 13 0 0 0 0 0 0 0 0 0 0 0
6 6 0 0 0 0 0 0 0 0 0 0 0 16 16 0 0 0 0 0 0 0 0 0 0 0
12 12 0 0 0 0 0 0 0 0 0 0 0 36 25 0 0 0 0 0 0 0 0 0 0 0
18 18 0 0 0 0 0 0 0 0 0 0 0 46 30 0 1 0 0 0 0 0 0 0 0 0
22 22 0 0 0 0 0 0 0 0 0 0 0 52 34 1 1 0 0 0 0 0 0 0 0 0
27 27 0 0 0 0 0 0 0 0 0 0 0 60 42 1 1 0 0 0 0 0 0 0 0 0
33 32 0 0 0 0 0 0 0 0 0 0 0 88 48 3 1 0 0 0 0 0 0 0 0 0
36 36 0 0 0 0 0 0 0 0 0 0 0 110 61 3 2 0 0 0 0 0 0 0 0 0
43 41 0 0 0 0 0 0 0 0 0 0 0 144 71 4 2 0 0 0 0 0 0 0 0 0
54 46 0 0 0 0 0 0 0 0 0 0 0 192 87 4 2 0 1 1 0 0 1 0 0 0
63 52 0 0 0 0 0 0 0 0 0 0 0 231 95 6 2 1 1 1 0 0 1 0 0 0
74 58 0 0 0 0 0 0 0 0 0 0 0 238 106 6 2 1 1 1 0 0 1 0 0 0
85 66 0 1 0 0 0 0 0 0 0 0 0 243 110 8 3 1 1 1 0 0 1 0 0 0
90 72 0 1 0 0 0 0 0 0 0 0 0 246 113 9 3 1 1 1 0 0 1 0 0 0
109 76 0 1 0 0 0 0 0 0 0 0 0 249 117 9 3 1 1 1 0 0 1 0 0 0
122 84 0 1 0 0 0 0 0 0 0 0 0 260 126 10 4 1 1 1 0 0 1 0 0 0
137 91 0 1 0 0 0 0 0 0 0 0 0 274 135 10 4 1 1 1 0 0 1 0 0 0
141 97 1 1 0 0 0 0 0 0 0 0 0 349 141 10 5 1 1 1 0 0 1 0 0 0
155 102 1 2 0 0 0 0 0 0 0 0 0 383 149 10 5 1 1 1 0 0 1 0 0 0
165 110 1 2 0 0 0 0 0 0 0 0 0 446 165 11 6 2 1 2 0 0 1 0 0 0
180 118 3 2 0 0 0 0 0 0 0 0 0 484 169 11 6 4 2 2 0 0 1 0 0 0
201 128 3 2 0 0 0 0 0 0 0 0 0 502 176 11 6 4 2 2 0 0 1 0 0 0
220 134 3 2 0 0 0 0 0 0 0 0 0 528 181 11 6 4 2 2 0 0 2 0 0 0
228 138 3 2 0 0 0 0 0 0 0 0 0 533 184 11 7 4 2 2 0 0 2 0 0 0
239 145 3 3 0 0 0 0 0 0 0 0 0 539 192 11 7 4 2 2 0 0 2 0 0 0
249 151 3 3 0 0 0 0 0 0 0 0 0 550 202 11 7 4 2 2 0 0 2 0 0 0
262 158 3 3 0 0 0 0 0 0 0 0 0 557 222 11 7 4 2 2 0 0 2 0 0 0
279 163 3 3 0 0 0 0 0 0 0 0 0 616 241 11 8 4 3 2 0 0 2 0 0 0
289 170 4 4 0 0 0 0 0 0 0 0 0 669 252 14 8 4 3 2 1 0 3 0 0 0
295 176 4 4 0 0 0 0 0 0 0 0 0 676 268 14 8 4 3 2 1 0 3 0 0 0
302 182 4 4 0 0 0 0 0 0 0 0 0 680 271 14 8 4 3 2 1 0 3 0 0 0
316 186 4 4 0 0 0 0 0 0 0 0 0 691 279 14 8 4 3 2 1 0 3 0 0 0
337 194 5 4 0 0 0 0 0 0 0 0 0 696 284 16 9 4 3 2 1 0 3 0 0 0
353 200 5 4 0 0 0 0 0 0 0 0 0 699 288 16 9 4 3 2 1 0 3 0 0 0
370 210 5 4 0 0 0 0 0 0 0 0 0 708 292 16 9 4 3 2 1 0 3 0 0 0
391 213 5 5 1 0 1 0 0 0 0 0 0 714 296 17 9 4 3 2 1 0 3 0 0 0
394 222 5 5 1 0 1 0 0 0 0 0 0 755 307 17 10 4 3 2 1 0 3 0 0 0
411 232 6 5 1 0 1 0 0 0 0 0 0 786 318 17 11 4 3 2 1 0 3 0 0 0
432 236 6 6 1 0 1 0 0 0 0 0 0 832 324 17 11 5 3 2 1 0 3 0 0 0
435 240 6 6 1 0 1 0 0 0 0 0 0 835 332 17 11 5 3 2 1 0 3 0 0 0
