# scores for worst/random/best/smart move selector strategies. 
# scores are 50% and 95% quantiles (based on 40 games) of: 
# game score, #destroyed, #unlocked, #stripes, #bombs, #zappers
0 0 0 0 0 0 0 0 0 0 0 0 0 7 7 0 0 0 0 0 0 0 0 0 0 0
3 3 0 0 0 0 0 0 0 0 0 0 0 13 13 0 0 0 0 0 0 0 0 0 0 0
6 6 0 0 0 0 0 0 0 0 0 0 0 22 22 0 0 0 0 0 0 0 0 0 0 0
12 12 0 0 0 0 0 0 0 0 0 0 0 31 31 0 0 0 0 0 0 0 0 0 0 0
18 18 0 0 0 0 0 0 0 0 0 0 0 41 36 0 0 0 0 0 0 0 0 0 0 0
21 21 0 0 0 0 0 0 0 0 0 0 0 52 40 0 1 0 0 0 0 0 0 0 0 0
24 24 0 0 0 0 0 0 0 0 0 0 0 67 46 0 1 0 0 0 0 0 0 0 0 0
30 30 0 0 0 0 0 0 0 0 0 0 0 86 51 0 1 0 0 0 0 0 0 0 0 0
33 33 0 0 0 0 0 0 0 0 0 0 0 91 57 0 1 0 0 0 0 0 0 0 0 0
39 39 0 0 0 0 0 0 0 0 0 0 0 94 60 0 1 0 0 0 0 0 0 0 0 0
45 44 0 0 0 0 0 0 0 0 0 0 0 105 66 1 2 0 0 0 0 0 0 0 0 0
50 48 0 0 0 0 0 0 0 0 0 0 0 132 78 1 2 1 0 0 0 0 0 0 0 0
56 54 0 0 0 0 0 0 0 0 0 0 0 146 82 3 2 1 0 0 0 0 0 0 0 0
64 58 0 0 0 0 0 0 0 0 0 0 0 154 89 3 2 1 0 0 0 0 0 0 0 0
70 63 0 0 0 0 0 0 0 0 0 0 0 157 94 3 2 1 0 0 0 0 0 0 0 0
73 68 0 0 0 0 0 0 0 0 0 0 0 173 98 3 3 1 0 0 0 0 0 0 0 0
82 73 0 0 0 0 0 0 0 0 0 0 0 185 105 3 3 1 0 0 0 0 0 0 0 0
96 77 0 1 0 0 0 0 0 0 0 0 0 191 111 4 3 1 0 0 0 0 0 0 0 0
100 82 0 1 0 0 0 0 0 0 0 0 0 194 115 4 3 1 0 0 0 0 0 0 0 0
112 89 0 1 0 0 0 0 0 0 0 0 0 199 119 4 3 1 0 0 0 0 0 0 0 0
116 92 0 1 0 0 0 0 0 0 0 0 0 206 125 4 3 1 0 0 0 0 0 0 0 0
122 99 0 1 0 0 0 0 0 0 0 0 0 218 138 4 3 1 0 0 0 0 0 0 0 0
127 108 0 1 0 0 0 0 0 0 0 0 0 258 142 6 3 1 0 1 0 0 0 0 0 0
134 111 0 1 0 0 0 0 0 0 0 0 0 291 150 6 3 1 0 1 0 0 0 0 0 0
147 116 0 1 0 0 0 0 0 0 0 0 0 299 160 6 3 1 0 1 0 0 0 0 0 0
152 121 1 1 0 0 0 0 0 0 0 0 0 305 164 6 4 1 0 1 0 0 0 0 0 0
158 126 1 1 0 0 0 0 0 0 0 0 0 308 167 6 4 1 0 1 0 0 0 0 0 0
164 129 1 1 0 0 0 0 0 0 0 0 0 312 171 6 4 1 0 1 0 0 0 0 0 0
167 135 1 1 0 0 0 0 0 0 0 0 0 333 189 6 4 1 0 1 0 0 0 0 0 0
174 142 1 1 0 0 0 0 0 0 0 0 0 338 194 7 5 1 0 1 0 0 0 0 0 0
190 149 1 1 0 0 0 0 0 0 0 0 0 342 199 7 5 1 0 1 0 0 0 0 0 0
198 154 1 2 0 0 0 0 0 0 0 0 0 349 203 7 5 1 0 1 0 0 0 0 0 0
203 158 2 2 0 0 0 0 0 0 0 0 0 370 215 7 5 2 0 1 0 0 0 0 0 0
211 164 2 2 0 0 0 0 0 0 0 0 0 398 218 7 5 2 0 1 0 0 0 0 0 0
229 170 2 2 0 0 0 0 0 0 0 0 0 419 225 7 5 2 0 1 0 0 0 0 0 0
235 174 2 2 0 0 0 0 0 0 0 0 0 422 228 7 5 2 0 1 0 0 0 0 0 0
241 181 2 2 0 0 0 0 0 0 0 0 0 432 238 7 5 2 0 1 0 0 0 0 0 0
250 191 2 2 0 0 0 0 0 0 0 0 0 435 241 7 5 2 0 1 0 0 0 0 0 0
258 196 2 2 0 0 0 0 0 0 0 0 0 438 246 7 6 2 0 1 0 0 0 0 0 0
267 199 2 2 0 0 0 0 0 0 0 0 0 443 250 7 6 2 1 1 0 0 0 0 0 0
280 205 2 2 0 0 0 0 0 0 0 0 0 449 257 7 6 2 1 1 0 0 0 0 0 0
