# scores for worst/random/best/smart move selector strategies. 
# scores are 50% and 95% quantiles (based on 40 games) of: 
# game score, #destroyed, #unlocked, #stripes, #bombs, #zappers
0 0 0 0 0 0 0 0 0 0 0 0 0 7 7 0 0 0 0 0 0 0 0 0 0 0
3 3 0 0 0 0 0 0 0 0 0 0 0 18 18 0 0 0 0 0 0 0 0 0 0 0
9 9 0 0 0 0 0 0 0 0 0 0 0 24 24 0 0 0 0 0 0 0 0 0 0 0
12 12 0 0 0 0 0 0 0 0 0 0 0 45 29 0 1 0 0 0 0 0 0 0 0 0
18 18 0 0 0 0 0 0 0 0 0 0 0 58 41 0 1 0 0 0 0 0 0 0 0 0
22 22 0 0 0 0 0 0 0 0 0 0 0 102 50 3 2 0 0 0 0 0 0 0 0 0
27 27 0 0 0 0 0 0 0 0 0 0 0 141 62 3 2 1 0 0 0 0 0 0 0 0
32 30 0 0 0 0 0 0 0 0 0 0 0 152 71 3 2 1 0 0 0 0 0 0 0 0
41 40 0 0 0 0 0 0 0 0 0 0 0 169 75 3 2 1 0 0 0 0 0 0 0 0
52 43 0 0 0 0 0 0 0 0 0 0 0 176 84 4 2 1 1 0 0 0 1 0 0 0
57 48 0 0 0 0 0 0 0 0 0 0 0 236 99 4 3 1 1 0 0 0 1 0 0 0
63 54 0 0 0 0 0 0 0 0 0 0 0 263 105 6 4 1 1 0 0 0 1 0 0 0
75 61 0 1 0 0 0 0 0 0 0 0 0 306 118 6 4 1 1 1 0 0 1 0 0 0
86 69 0 1 0 0 0 0 0 0 0 0 0 311 123 8 5 1 1 1 0 0 1 0 0 0
109 74 0 1 0 0 0 0 0 0 0 0 0 346 134 8 5 2 1 1 0 0 1 0 0 0
113 79 0 1 0 0 0 0 0 0 0 0 0 370 144 9 6 2 1 1 0 0 1 0 0 0
121 86 0 1 0 0 0 0 0 0 0 0 0 418 165 9 6 2 1 1 0 0 1 0 0 0
141 89 0 1 0 0 0 0 0 0 0 0 0 434 176 9 7 2 2 1 0 0 1 0 0 0
150 96 0 2 0 0 0 0 0 0 0 0 0 473 186 11 7 2 2 1 1 0 1 0 0 0
163 105 0 2 0 0 0 0 0 0 0 0 0 480 194 11 7 2 2 1 1 0 1 0 0 0
170 112 0 2 0 0 0 0 0 0 0 0 0 489 205 11 7 2 2 1 1 0 1 0 0 0
183 119 1 2 0 0 0 0 0 0 0 0 0 543 219 11 7 2 2 1 1 0 1 0 0 0
201 127 2 2 0 0 0 0 0 0 0 0 0 562 235 14 8 2 2 1 1 0 2 0 0 0
206 132 2 2 0 0 0 0 0 0 0 0 0 569 245 14 8 2 3 1 1 0 2 0 0 0
218 137 2 2 0 0 0 0 0 0 0 0 0 585 263 14 8 2 3 1 1 0 2 0 0 0
267 147 3 3 0 0 0 0 0 0 0 0 0 641 269 17 8 2 3 1 1 0 2 0 0 0
295 156 4 4 0 0 0 0 0 0 0 0 0 686 277 17 9 3 3 1 1 0 2 0 0 0
316 171 4 4 1 0 0 0 0 0 0 0 0 706 292 17 9 3 3 1 1 0 2 0 0 0
329 178 4 4 1 0 0 0 0 0 0 0 0 712 299 17 9 3 3 1 1 0 2 0 0 0
365 194 4 4 1 1 0 0 0 1 0 0 0 728 324 17 10 3 3 1 1 0 2 0 0 0
395 200 5 5 1 1 0 0 0 1 0 0 0 811 339 19 13 3 3 2 1 0 2 0 0 0
405 216 5 5 1 1 0 0 0 1 0 0 0 816 346 19 13 3 3 2 1 0 3 0 0 0
421 223 6 5 1 1 0 0 0 1 0 0 0 828 354 19 13 3 3 2 1 0 3 0 0 0
462 240 6 6 1 1 0 0 0 1 0 0 0 935 376 19 16 3 3 2 1 0 3 0 0 0
476 249 6 6 1 1 0 0 0 1 0 0 0 945 390 19 16 3 3 2 1 0 3 0 0 0
490 258 6 6 1 1 0 0 0 1 0 0 0 998 397 19 19 3 3 2 1 0 3 1 0 0
529 267 7 7 1 1 1 0 0 1 0 0 0 1005 402 19 19 3 3 2 1 0 3 1 0 0
536 276 7 7 1 1 1 0 0 1 0 0 0 1040 411 19 20 3 3 2 2 0 3 1 0 0
561 281 7 7 1 1 1 0 0 1 0 0 0 1082 419 19 20 3 3 2 2 0 3 1 0 0
607 291 7 7 1 1 1 0 0 1 0 0 0 1107 428 19 20 4 4 2 2 0 3 1 0 0
648 300 7 8 1 1 1 0 0 1 0 0 0 1162 435 19 20 5 4 2 2 0 3 1 0 0
