# scores for worst/random/best/smart move selector strategies. 
# scores are 50% and 95% quantiles (based on 40 games) of: 
# game score, #destroyed, #unlocked, #stripes, #bombs, #zappers
0 0 0 0 0 0 0 0 0 0 0 0 0 7 7 0 0 0 0 0 0 0 0 0 0 0
3 3 0 0 0 0 0 0 0 0 0 0 0 17 17 0 0 0 0 0 0 0 0 0 0 0
9 9 0 0 0 0 0 0 0 0 0 0 0 21 21 0 0 0 0 0 0 0 0 0 0 0
12 12 0 0 0 0 0 0 0 0 0 0 0 30 26 0 0 0 0 0 0 0 0 0 0 0
15 15 0 0 0 0 0 0 0 0 0 0 0 38 34 0 0 0 0 0 0 0 0 0 0 0
21 21 0 0 0 0 0 0 0 0 0 0 0 52 37 0 0 0 0 0 0 0 0 0 0 0
24 24 0 0 0 0 0 0 0 0 0 0 0 55 42 0 0 0 0 0 0 0 0 0 0 0
30 30 0 0 0 0 0 0 0 0 0 0 0 58 45 0 0 0 0 0 0 0 0 0 0 0
33 33 0 0 0 0 0 0 0 0 0 0 0 68 50 0 0 0 0 0 0 0 0 0 0 0
40 40 0 0 0 0 0 0 0 0 0 0 0 86 59 0 0 1 0 0 0 0 0 0 0 0
46 46 0 0 0 0 0 0 0 0 0 0 0 92 62 0 0 1 0 0 0 0 0 0 0 0
51 51 0 0 0 0 0 0 0 0 0 0 0 95 65 0 0 1 0 0 0 0 0 0 0 0
54 54 0 0 0 0 0 0 0 0 0 0 0 98 68 0 1 1 0 0 0 0 0 0 0 0
58 58 0 0 0 0 0 0 0 0 0 0 0 106 73 0 1 1 0 0 0 0 0 0 0 0
63 63 0 0 0 0 0 0 0 0 0 0 0 125 85 0 1 1 0 0 0 0 0 0 0 0
69 69 0 0 0 0 0 0 0 0 0 0 0 128 88 0 1 1 0 0 0 0 0 0 0 0
72 72 0 0 0 0 0 0 0 0 0 0 0 132 95 0 1 1 0 0 0 0 0 0 0 0
75 75 0 0 0 0 0 0 0 0 0 0 0 135 101 0 1 1 0 0 0 0 0 0 0 0
81 81 0 0 0 0 0 0 0 0 0 0 0 157 108 1 1 1 0 0 0 0 0 0 0 0
84 84 0 0 0 0 0 0 0 0 0 0 0 160 111 2 2 1 0 0 0 0 0 0 0 0
91 88 0 0 0 0 0 0 0 0 0 0 0 164 116 3 2 1 0 0 0 0 0 0 0 0
96 93 0 0 0 0 0 0 0 0 0 0 0 167 119 3 2 1 0 0 0 0 0 0 0 0
104 96 0 0 0 0 0 0 0 0 0 0 0 170 122 3 2 1 0 0 0 0 0 0 0 0
110 102 0 0 0 0 0 0 0 0 0 0 0 185 128 3 2 1 0 0 0 0 0 0 0 0
119 106 0 0 0 0 0 0 0 0 0 0 0 190 132 3 2 1 0 0 0 0 0 0 0 0
126 111 0 0 0 0 0 0 0 0 0 0 0 193 137 3 2 1 0 0 0 0 0 0 0 0
129 115 0 0 0 0 0 0 0 0 0 0 0 207 143 3 2 1 0 0 0 0 0 0 0 0
141 121 0 0 0 0 0 0 0 0 0 0 0 210 147 3 2 1 0 0 0 0 0 0 0 0
146 127 0 0 0 0 0 0 0 0 0 0 0 227 152 3 2 1 0 0 0 0 0 0 0 0
151 134 0 1 0 0 0 0 0 0 0 0 0 230 167 3 2 1 0 0 0 0 0 0 0 0
154 137 0 1 0 0 0 0 0 0 0 0 0 234 170 3 2 1 0 0 0 0 0 0 0 0
157 141 0 1 0 0 0 0 0 0 0 0 0 237 173 3 2 1 0 0 0 0 0 0 0 0
176 145 0 1 0 0 0 0 0 0 0 0 0 255 180 4 2 1 0 0 0 0 0 0 0 0
180 150 0 1 0 0 0 0 0 0 0 0 0 266 186 4 2 1 0 0 0 0 0 0 0 0
186 154 0 1 0 0 0 0 0 0 0 0 0 269 189 4 2 1 0 0 0 0 0 0 0 0
192 159 0 1 0 0 0 0 0 0 0 0 0 274 197 4 2 1 0 0 0 0 0 0 0 0
195 162 0 1 0 0 0 0 0 0 0 0 0 277 200 4 2 1 0 0 0 0 0 0 0 0
205 168 0 1 0 0 0 0 0 0 0 0 0 281 205 4 2 1 1 0 0 0 1 0 0 0
210 173 0 1 0 0 0 0 0 0 0 0 0 285 208 4 2 1 1 0 0 0 1 0 0 0
214 177 0 1 0 0 0 0 0 0 0 0 0 290 211 4 2 1 1 0 0 0 1 0 0 0
221 181 0 1 0 0 0 0 0 0 0 0 0 293 214 4 2 1 1 0 0 0 1 0 0 0
