# scores for worst/random/best/smart move selector strategies. 
# scores are 50% and 95% quantiles (based on 40 games) of: 
# game score, #destroyed, #unlocked, #stripes, #bombs, #zappers
3 3 0 0 0 0 0 0 0 0 0 0 0 12 12 0 0 0 0 0 0 0 0 0 0 0
6 6 0 0 0 0 0 0 0 0 0 0 0 15 15 0 0 0 0 0 0 0 0 0 0 0
9 9 0 0 0 0 0 0 0 0 0 0 0 18 18 0 0 0 0 0 0 0 0 0 0 0
14 14 0 0 0 0 0 0 0 0 0 0 0 32 24 0 0 0 0 0 0 0 0 0 0 0
18 18 0 0 0 0 0 0 0 0 0 0 0 35 27 0 0 0 0 0 0 0 0 0 0 0
24 24 0 0 0 0 0 0 0 0 0 0 0 40 33 0 0 0 0 0 0 0 0 0 0 0
28 27 0 0 0 0 0 0 0 0 0 0 0 67 38 1 1 0 0 0 0 0 0 0 0 0
33 33 0 0 0 0 0 0 0 0 0 0 0 82 43 1 1 0 0 0 0 0 0 0 0 0
37 36 0 0 0 0 0 0 0 0 0 0 0 85 48 1 1 0 0 0 0 0 0 0 0 0
40 40 0 0 0 0 0 0 0 0 0 0 0 90 55 3 1 0 0 0 0 0 0 0 0 0
47 45 0 0 0 0 0 0 0 0 0 0 0 94 60 3 1 0 0 0 0 0 0 0 0 0
50 49 0 0 0 0 0 0 0 0 0 0 0 99 64 3 1 0 0 0 0 0 0 0 0 0
54 52 0 0 0 0 0 0 0 0 0 0 0 115 72 3 2 0 0 0 0 0 0 0 0 0
58 56 0 0 0 0 0 0 0 0 0 0 0 121 76 3 2 0 0 0 0 0 0 0 0 0
66 59 0 0 0 0 0 0 0 0 0 0 0 144 83 3 2 0 0 0 0 0 0 0 0 0
79 64 0 0 0 0 0 0 0 0 0 0 0 165 92 4 2 1 0 0 0 0 0 0 0 0
84 70 0 0 0 0 0 0 0 0 0 0 0 168 96 4 2 1 0 0 0 0 0 0 0 0
93 74 0 1 0 0 0 0 0 0 0 0 0 172 105 4 2 1 0 0 0 0 0 0 0 0
109 78 0 1 0 0 0 0 0 0 0 0 0 207 111 5 2 1 1 0 0 0 1 0 0 0
112 81 0 1 0 0 0 0 0 0 0 0 0 217 122 5 2 1 1 0 0 0 1 0 0 0
115 86 0 1 0 0 0 0 0 0 0 0 0 223 127 5 2 1 1 0 0 0 1 0 0 0
125 93 0 1 0 0 0 0 0 0 0 0 0 228 130 5 3 1 1 0 0 0 1 0 0 0
132 97 0 1 0 0 0 0 0 0 0 0 0 232 136 5 3 1 1 0 0 0 1 0 0 0
136 103 0 1 0 0 0 0 0 0 0 0 0 235 140 5 3 1 1 0 0 0 1 0 0 0
142 110 0 1 0 0 0 0 0 0 0 0 0 273 148 6 3 1 1 0 0 0 1 0 0 0
145 114 0 1 0 0 0 0 0 0 0 0 0 279 152 6 3 1 1 0 0 0 1 0 0 0
153 119 1 1 0 0 0 0 0 0 0 0 0 285 156 6 3 1 1 0 0 0 1 0 0 0
157 123 1 1 0 0 0 0 0 0 0 0 0 289 159 6 3 1 1 0 0 0 1 0 0 0
161 128 1 1 0 0 0 0 0 0 0 0 0 292 162 6 3 1 1 0 0 0 1 0 0 0
167 133 2 1 0 0 0 0 0 0 0 0 0 331 165 6 4 1 1 1 0 0 1 0 0 0
174 138 2 1 0 0 0 0 0 0 0 0 0 334 171 6 4 1 1 1 0 0 1 0 0 0
184 146 2 1 0 0 0 0 0 0 0 0 0 338 176 6 4 1 1 1 0 0 1 0 0 0
189 149 2 1 0 0 0 0 0 0 0 0 0 341 179 6 4 1 1 1 0 0 1 0 0 0
195 153 2 1 0 0 0 0 0 0 0 0 0 347 191 6 4 1 1 1 0 0 1 0 0 0
207 158 2 2 0 0 0 0 0 0 0 0 0 350 196 6 4 1 1 1 0 0 1 0 0 0
211 164 2 2 0 0 0 0 0 0 0 0 0 353 201 6 4 1 1 1 0 0 1 0 0 0
232 167 2 2 0 0 0 0 0 0 0 0 0 359 205 6 4 1 1 1 0 0 1 0 0 0
244 172 2 2 0 0 0 0 0 0 0 0 0 362 212 6 4 1 1 1 0 0 1 0 0 0
251 179 2 2 0 0 0 0 0 0 0 0 0 365 215 6 5 1 1 1 0 0 1 0 0 0
258 183 2 2 0 0 0 0 0 0 0 0 0 370 220 6 5 1 1 1 0 0 1 0 0 0
263 187 2 2 0 0 0 0 0 0 0 0 0 383 234 7 5 1 1 1 0 0 1 0 0 0
