# scores for worst/random/best/smart move selector strategies. 
# scores are 50% and 95% quantiles (based on 40 games) of: 
# game score, #destroyed, #unlocked, #stripes, #bombs, #zappers
3 3 0 0 0 0 0 0 0 0 0 0 0 12 12 0 0 0 0 0 0 0 0 0 0 0
6 6 0 0 0 0 0 0 0 0 0 0 0 15 15 0 0 0 0 0 0 0 0 0 0 0
9 9 0 0 0 0 0 0 0 0 0 0 0 18 18 0 0 0 0 0 0 0 0 0 0 0
12 12 0 0 0 0 0 0 0 0 0 0 0 25 25 0 0 0 0 0 0 0 0 0 0 0
18 18 0 0 0 0 0 0 0 0 0 0 0 30 30 0 0 0 0 0 0 0 0 0 0 0
21 21 0 0 0 0 0 0 0 0 0 0 0 33 33 0 0 0 0 0 0 0 0 0 0 0
26 26 0 0 0 0 0 0 0 0 0 0 0 40 39 0 0 0 0 0 0 0 0 0 0 0
30 30 0 0 0 0 0 0 0 0 0 0 0 47 45 0 0 0 0 0 0 0 0 0 0 0
33 33 0 0 0 0 0 0 0 0 0 0 0 68 51 0 1 0 0 0 0 0 0 0 0 0
36 36 0 0 0 0 0 0 0 0 0 0 0 76 57 0 1 0 0 0 0 0 0 0 0 0
42 42 0 0 0 0 0 0 0 0 0 0 0 80 60 0 1 0 0 0 0 0 0 0 0 0
45 45 0 0 0 0 0 0 0 0 0 0 0 96 68 2 1 0 0 0 0 0 0 0 0 0
48 48 0 0 0 0 0 0 0 0 0 0 0 99 72 2 1 0 0 0 0 0 0 0 0 0
51 51 0 0 0 0 0 0 0 0 0 0 0 104 80 2 1 0 0 0 0 0 0 0 0 0
58 58 0 0 0 0 0 0 0 0 0 0 0 113 86 2 1 0 0 0 0 0 0 0 0 0
63 63 0 0 0 0 0 0 0 0 0 0 0 116 90 2 1 0 0 0 0 0 0 0 0 0
67 67 0 0 0 0 0 0 0 0 0 0 0 120 93 2 1 1 0 0 0 0 0 0 0 0
72 72 0 0 0 0 0 0 0 0 0 0 0 123 103 2 1 1 0 0 0 0 0 0 0 0
75 75 0 0 0 0 0 0 0 0 0 0 0 126 106 2 1 1 0 0 0 0 0 0 0 0
81 81 0 0 0 0 0 0 0 0 0 0 0 137 112 2 1 1 0 0 0 0 0 0 0 0
86 85 0 0 0 0 0 0 0 0 0 0 0 146 119 2 1 1 0 0 0 0 0 0 0 0
90 88 0 0 0 0 0 0 0 0 0 0 0 179 124 2 1 1 0 0 0 0 0 0 0 0
97 93 0 0 0 0 0 0 0 0 0 0 0 182 127 2 1 1 0 0 0 0 0 0 0 0
102 96 0 0 0 0 0 0 0 0 0 0 0 187 132 2 1 1 0 0 0 0 0 0 0 0
106 99 0 0 0 0 0 0 0 0 0 0 0 192 135 2 1 1 0 0 0 0 0 0 0 0
113 104 0 0 0 0 0 0 0 0 0 0 0 195 141 2 1 1 0 0 0 0 0 0 0 0
116 108 0 0 0 0 0 0 0 0 0 0 0 200 147 2 1 1 0 0 0 0 0 0 0 0
120 111 0 0 0 0 0 0 0 0 0 0 0 211 152 3 1 1 0 0 0 0 0 0 0 0
128 118 0 0 0 0 0 0 0 0 0 0 0 214 155 3 1 1 0 0 0 0 0 0 0 0
142 124 0 0 0 0 0 0 0 0 0 0 0 220 163 3 2 1 0 0 0 0 0 0 0 0
145 127 0 0 0 0 0 0 0 0 0 0 0 223 169 3 2 1 0 0 0 0 0 0 0 0
148 131 0 0 0 0 0 0 0 0 0 0 0 226 172 3 2 1 0 0 0 0 0 0 0 0
153 136 0 0 0 0 0 0 0 0 0 0 0 229 176 3 2 1 0 0 0 0 0 0 0 0
156 139 0 0 0 0 0 0 0 0 0 0 0 234 179 3 2 1 0 0 0 0 0 0 0 0
161 143 0 0 0 0 0 0 0 0 0 0 0 238 185 3 2 1 0 0 0 0 0 0 0 0
169 151 0 0 0 0 0 0 0 0 0 0 0 252 192 3 2 2 0 0 0 0 0 0 0 0
177 158 0 0 0 0 0 0 0 0 0 0 0 256 195 3 2 2 0 0 0 0 0 0 0 0
185 163 0 0 0 0 0 0 0 0 0 0 0 259 200 3 2 2 0 0 0 0 0 0 0 0
188 166 0 0 0 0 0 0 0 0 0 0 0 262 203 3 2 2 0 0 0 0 0 0 0 0
195 170 0 0 0 0 0 0 0 0 0 0 0 266 207 3 2 2 0 0 0 0 0 0 0 0
202 174 0 0 0 0 0 0 0 0 0 0 0 269 212 3 2 2 0 0 0 0 0 0 0 0
