# scores for worst/random/best/smart move selector strategies. 
# scores are 50% and 95% quantiles (based on 40 games) of: 
# game score, #destroyed, #unlocked, #stripes, #bombs, #zappers
1 1 0 0 0 0 0 0 0 0 0 0 0 10 10 0 0 0 0 0 0 0 0 0 0 0
6 6 0 0 0 0 0 0 0 0 0 0 0 15 15 0 0 0 0 0 0 0 0 0 0 0
10 10 0 0 0 0 0 0 0 0 0 0 0 23 23 0 0 0 0 0 0 0 0 0 0 0
14 14 0 0 0 0 0 0 0 0 0 0 0 39 27 0 0 0 0 0 0 0 0 0 0 0
18 18 0 0 0 0 0 0 0 0 0 0 0 63 35 0 1 0 0 0 0 0 0 0 0 0
24 24 0 0 0 0 0 0 0 0 0 0 0 87 41 0 1 0 0 0 0 0 0 0 0 0
28 28 0 0 0 0 0 0 0 0 0 0 0 104 45 0 2 0 0 0 0 0 0 0 0 0
33 33 0 0 0 0 0 0 0 0 0 0 0 119 49 0 2 0 0 1 0 0 0 0 0 0
42 39 0 0 0 0 0 0 0 0 0 0 0 125 52 0 2 0 0 1 0 0 0 0 0 0
59 43 0 0 0 0 0 0 0 0 0 0 0 134 58 0 3 0 0 1 0 0 0 0 0 0
68 47 0 1 0 0 0 0 0 0 0 0 0 137 66 0 3 0 0 1 0 0 0 0 0 0
75 50 0 1 0 0 0 0 0 0 0 0 0 140 69 0 3 0 0 1 0 0 0 0 0 0
78 56 0 1 0 0 0 0 0 0 0 0 0 143 73 0 3 0 0 1 0 0 0 0 0 0
82 61 0 1 0 0 0 0 0 0 0 0 0 196 84 0 3 0 0 1 0 0 0 0 0 0
86 65 0 1 0 0 0 0 0 0 0 0 0 214 90 0 4 0 0 1 0 0 0 0 0 0
93 69 0 1 0 0 0 0 0 0 0 0 0 217 93 0 4 0 0 1 0 0 0 0 0 0
109 73 0 1 0 0 0 0 0 0 0 0 0 234 98 0 4 1 0 1 0 0 0 0 0 0
122 79 0 1 0 0 0 0 0 0 0 0 0 238 104 0 4 1 0 1 0 0 0 0 0 0
133 84 0 2 0 0 0 0 0 0 0 0 0 241 107 0 4 1 0 1 0 0 0 0 0 0
137 88 0 2 0 0 0 0 0 0 0 0 0 244 121 0 4 1 0 1 0 0 0 0 0 0
140 93 0 2 0 0 0 0 0 0 0 0 0 247 126 0 4 1 0 1 0 0 0 0 0 0
146 97 0 2 0 0 0 0 0 0 0 0 0 271 129 0 5 1 0 1 0 0 0 0 0 0
150 101 0 2 0 0 0 0 0 0 0 0 0 276 134 0 5 1 0 1 0 0 0 0 0 0
154 106 0 2 0 0 0 0 0 0 0 0 0 279 137 0 5 1 0 1 0 0 0 0 0 0
157 109 0 2 0 0 0 0 0 0 0 0 0 327 149 0 5 1 0 1 1 0 0 0 0 0
180 116 0 2 0 0 0 0 0 0 0 0 0 342 156 0 5 1 0 1 1 0 0 0 0 0
196 121 0 2 0 0 0 0 0 0 0 0 0 383 161 0 6 1 1 2 1 0 1 0 0 0
213 126 0 3 0 0 0 0 0 0 0 0 0 387 169 0 7 1 1 2 1 0 1 0 0 0
216 131 0 3 0 0 0 0 0 0 0 0 0 391 173 0 7 1 1 2 1 0 1 0 0 0
221 136 0 3 0 0 0 0 0 0 0 0 0 434 177 0 7 1 1 2 1 0 1 0 0 0
228 140 0 3 0 0 0 0 0 0 0 0 0 437 180 0 7 1 1 2 1 0 1 0 0 0
231 144 0 3 0 0 0 0 0 0 0 0 0 441 184 0 7 1 1 2 1 0 1 0 0 0
237 147 0 3 0 0 0 0 0 0 0 0 0 454 188 0 7 1 1 2 1 0 1 0 0 0
241 152 0 3 0 0 0 0 0 0 0 0 0 464 195 0 7 1 1 2 1 0 1 0 0 0
244 155 0 3 0 0 0 0 0 0 0 0 0 477 201 0 7 1 1 2 1 0 1 0 0 0
252 162 0 4 0 0 0 0 0 0 0 0 0 480 206 0 7 1 1 2 1 0 1 0 0 0
262 168 0 4 0 0 0 0 0 0 0 0 0 485 209 0 8 1 1 2 1 0 1 0 0 0
266 173 0 4 0 0 0 0 0 0 0 0 0 488 212 0 8 1 1 2 1 0 1 0 0 0
271 176 0 4 0 0 0 0 0 0 0 0 0 565 217 0 10 1 1 2 1 0 1 0 0 0
286 182 0 4 0 0 0 0 0 0 0 0 0 571 221 0 10 1 1 2 1 0 1 0 0 0
292 185 0 4 0 0 1 0 0 0 0 0 0 607 227 0 10 1 1 2 1 0 1 0 0 0
