# scores for worst/random/best/smart move selector strategies. 
# scores are 50% and 95% quantiles (based on 40 games) of: 
# game score, #destroyed, #unlocked, #stripes, #bombs, #zappers
1 1 0 0 0 0 0 0 0 0 0 0 0 10 10 0 0 0 0 0 0 0 0 0 0 0
6 6 0 0 0 0 0 0 0 0 0 0 0 14 14 0 0 0 0 0 0 0 0 0 0 0
9 9 0 0 0 0 0 0 0 0 0 0 0 18 18 0 0 0 0 0 0 0 0 0 0 0
15 15 0 0 0 0 0 0 0 0 0 0 0 25 24 0 0 0 0 0 0 0 0 0 0 0
18 18 0 0 0 0 0 0 0 0 0 0 0 28 27 0 0 0 0 0 0 0 0 0 0 0
21 21 0 0 0 0 0 0 0 0 0 0 0 40 34 0 0 0 0 0 0 0 0 0 0 0
25 25 0 0 0 0 0 0 0 0 0 0 0 48 38 0 1 0 0 0 0 0 0 0 0 0
30 30 0 0 0 0 0 0 0 0 0 0 0 51 43 0 1 0 0 0 0 0 0 0 0 0
34 33 0 0 0 0 0 0 0 0 0 0 0 75 49 0 1 0 0 0 0 0 0 0 0 0
38 37 0 0 0 0 0 0 0 0 0 0 0 78 52 0 1 0 0 0 0 0 0 0 0 0
43 42 0 0 0 0 0 0 0 0 0 0 0 84 59 0 1 0 0 0 0 0 0 0 0 0
46 46 0 0 0 0 0 0 0 0 0 0 0 87 62 0 1 0 0 0 0 0 0 0 0 0
49 49 0 0 0 0 0 0 0 0 0 0 0 90 65 0 1 0 0 0 0 0 0 0 0 0
54 52 0 0 0 0 0 0 0 0 0 0 0 97 72 0 1 0 0 0 0 0 0 0 0 0
59 56 0 0 0 0 0 0 0 0 0 0 0 126 78 0 1 0 0 0 0 0 0 0 0 0
63 62 0 0 0 0 0 0 0 0 0 0 0 133 81 0 2 0 0 0 0 0 0 0 0 0
72 66 0 0 0 0 0 0 0 0 0 0 0 136 86 0 2 0 0 0 0 0 0 0 0 0
77 69 0 0 0 0 0 0 0 0 0 0 0 141 91 0 2 0 0 0 0 0 0 0 0 0
80 72 0 0 0 0 0 0 0 0 0 0 0 145 97 0 2 0 0 0 0 0 0 0 0 0
91 76 0 0 0 0 0 0 0 0 0 0 0 148 100 0 2 0 0 0 0 0 0 0 0 0
101 81 0 0 0 0 0 0 0 0 0 0 0 159 104 0 2 0 0 0 0 0 0 0 0 0
104 87 0 0 0 0 0 0 0 0 0 0 0 181 115 0 2 1 0 0 0 0 0 0 0 0
110 90 0 1 0 0 0 0 0 0 0 0 0 186 119 0 2 1 0 0 0 0 0 0 0 0
118 93 0 1 0 0 0 0 0 0 0 0 0 191 126 0 2 1 0 0 0 0 0 0 0 0
127 96 0 1 0 0 0 0 0 0 0 0 0 216 132 0 2 1 0 0 0 0 0 0 0 0
133 99 0 1 0 0 0 0 0 0 0 0 0 226 135 0 2 1 1 0 0 0 1 0 0 0
137 103 0 1 0 0 0 0 0 0 0 0 0 232 140 0 2 1 1 0 0 0 1 0 0 0
141 108 0 1 0 0 0 0 0 0 0 0 0 235 143 0 2 1 1 0 0 0 1 0 0 0
148 111 0 1 0 0 0 0 0 0 0 0 0 238 146 0 2 1 1 0 0 0 1 0 0 0
151 114 0 1 0 0 0 0 0 0 0 0 0 254 154 0 3 1 1 0 0 0 1 0 0 0
159 120 0 1 0 0 0 0 0 0 0 0 0 259 158 0 3 1 1 0 0 0 1 0 0 0
162 123 0 1 0 0 0 0 0 0 0 0 0 266 161 0 3 1 1 0 0 0 1 0 0 0
165 126 0 1 0 0 0 0 0 0 0 0 0 269 164 0 3 1 1 0 0 0 1 0 0 0
168 129 0 1 0 0 0 0 0 0 0 0 0 272 167 0 3 1 1 0 0 0 1 0 0 0
174 136 0 1 0 0 0 0 0 0 0 0 0 277 170 0 3 1 1 0 0 0 1 0 0 0
177 139 0 1 0 0 0 0 0 0 0 0 0 280 175 0 3 1 1 0 0 0 1 0 0 0
180 142 0 1 0 0 0 0 0 0 0 0 0 283 179 0 3 1 1 0 0 0 1 0 0 0
185 149 0 1 0 0 0 0 0 0 0 0 0 286 182 0 3 1 1 0 0 0 1 0 0 0
192 153 0 1 0 0 0 0 0 0 0 0 0 289 185 0 3 1 1 0 0 0 1 0 0 0
198 156 0 1 0 0 0 0 0 0 0 0 0 292 188 0 3 1 1 0 0 0 1 0 0 0
207 159 0 1 0 0 0 0 0 0 0 0 0 295 191 0 3 1 1 1 0 0 1 0 0 0
