# scores for worst/random/best/smart move selector strategies. 
# scores are 50% and 95% quantiles (based on 40 games) of: 
# game score, #destroyed, #unlocked, #stripes, #bombs, #zappers
1 1 0 0 0 0 0 0 0 0 0 0 0 10 10 0 0 0 0 0 0 0 0 0 0 0
6 6 0 0 0 0 0 0 0 0 0 0 0 15 15 0 0 0 0 0 0 0 0 0 0 0
12 12 0 0 0 0 0 0 0 0 0 0 0 30 23 0 0 0 0 0 0 0 0 0 0 0
18 16 0 0 0 0 0 0 0 0 0 0 0 59 29 0 1 0 0 0 0 0 0 0 0 0
26 22 0 0 0 0 0 0 0 0 0 0 0 71 37 0 1 0 0 0 0 0 0 0 0 0
35 29 0 0 0 0 0 0 0 0 0 0 0 93 43 0 1 0 0 0 0 0 0 0 0 0
51 36 0 0 0 0 0 0 0 0 0 0 0 122 52 0 2 0 0 1 0 0 0 0 0 0
59 39 0 0 0 0 0 0 0 0 0 0 0 129 59 0 3 0 1 1 0 0 0 0 0 0
78 46 0 1 0 0 0 0 0 0 0 0 0 133 67 0 3 1 1 1 0 0 1 0 0 0
95 50 0 1 0 0 0 0 0 0 0 0 0 175 73 0 4 1 1 1 0 0 1 0 0 0
102 57 0 1 0 0 0 0 0 0 0 0 0 199 84 0 4 1 1 1 1 0 1 0 0 0
117 65 0 2 0 0 0 0 0 0 0 0 0 214 91 0 4 1 1 1 1 0 1 0 0 0
136 70 0 2 0 0 0 0 0 0 0 0 0 241 98 0 4 1 1 1 1 0 1 0 0 0
154 75 0 2 0 0 0 0 0 0 0 0 0 285 105 0 5 1 2 1 1 0 2 0 0 0
164 85 0 2 0 0 0 0 0 0 0 0 0 299 115 0 5 1 2 1 1 0 2 0 0 0
182 90 0 2 0 0 0 0 0 0 0 0 0 315 123 0 6 1 2 1 1 0 2 0 0 0
193 97 0 3 0 0 0 0 0 0 0 0 0 326 128 0 7 1 2 2 1 0 2 0 0 0
199 106 0 3 0 0 0 0 0 0 0 0 0 338 131 0 7 1 2 2 1 0 2 0 0 0
215 111 0 3 0 0 0 0 0 0 0 0 0 358 136 0 8 1 2 2 1 0 2 0 0 0
226 116 0 3 0 0 0 0 0 0 0 0 0 362 140 0 8 1 2 2 1 0 2 0 0 0
239 123 0 4 0 0 0 0 0 0 0 0 0 418 155 0 8 1 2 2 1 0 2 0 0 0
247 128 0 4 0 0 0 0 0 0 0 0 0 465 161 0 10 1 2 2 1 0 2 1 0 0
290 139 0 4 0 0 1 0 0 0 0 0 0 468 165 0 11 1 3 2 1 0 3 1 0 0
296 145 0 4 0 0 1 0 0 0 0 0 0 486 175 0 11 2 3 2 1 0 3 1 0 0
305 151 0 5 0 0 1 0 0 0 0 0 0 496 179 0 11 2 3 2 1 0 3 1 0 0
329 157 0 5 0 0 1 0 0 0 0 0 0 544 189 0 13 2 3 2 1 0 3 1 0 0
334 161 0 5 1 0 1 0 0 0 0 0 0 574 204 0 14 2 3 2 1 0 3 1 0 0
344 167 0 5 1 0 1 0 0 0 0 0 0 590 210 0 14 2 3 2 1 0 3 1 0 0
356 171 0 5 1 0 1 0 0 0 0 0 0 612 214 0 15 2 3 2 1 0 3 1 0 0
372 178 0 5 1 0 1 0 0 0 0 0 0 615 218 0 15 2 3 2 1 0 3 1 0 0
383 181 0 5 1 0 1 0 0 0 0 0 0 619 222 0 15 2 3 2 1 0 3 1 0 0
389 185 0 6 1 0 1 0 0 0 0 0 0 624 242 0 15 2 3 2 1 0 3 1 0 0
404 189 0 6 1 0 1 0 0 0 0 0 0 655 246 0 15 2 3 2 1 0 3 1 0 0
418 196 0 6 1 0 1 0 0 0 0 0 0 670 255 0 15 2 3 2 1 0 3 1 0 0
424 200 0 6 1 0 1 0 0 0 0 0 0 673 265 0 15 2 3 2 1 0 3 1 0 0
430 207 0 7 1 0 1 0 0 0 0 0 0 678 268 0 15 2 3 2 1 0 3 1 0 0
433 211 0 7 1 0 1 0 0 0 0 0 0 681 273 0 15 2 3 2 1 0 3 1 0 0
457 222 0 7 1 0 1 0 0 0 0 0 0 739 280 0 17 2 3 3 1 0 3 1 0 0
478 231 0 8 1 0 1 0 0 0 0 0 0 752 289 0 17 2 3 3 1 0 3 1 0 0
488 240 0 8 1 0 1 0 0 0 0 0 0 756 294 0 17 3 3 3 1 0 3 1 0 0
493 244 0 8 1 0 1 0 0 0 0 0 0 761 299 0 17 3 3 3 1 0 3 1 0 0
