# scores for worst/random/best/smart move selector strategies. 
# scores are 50% and 95% quantiles (based on 40 games) of: 
# game score, #destroyed, #unlocked, #stripes, #bombs, #zappers
1 1 0 0 0 0 0 0 0 0 0 0 0 10 10 0 0 0 0 0 0 0 0 0 0 0
6 6 0 0 0 0 0 0 0 0 0 0 0 16 16 0 0 0 0 0 0 0 0 0 0 0
9 9 0 0 0 0 0 0 0 0 0 0 0 21 21 0 0 0 0 0 0 0 0 0 0 0
12 12 0 0 0 0 0 0 0 0 0 0 0 24 24 0 0 0 0 0 0 0 0 0 0 0
15 15 0 0 0 0 0 0 0 0 0 0 0 30 30 0 0 0 0 0 0 0 0 0 0 0
18 18 0 0 0 0 0 0 0 0 0 0 0 33 33 0 0 0 0 0 0 0 0 0 0 0
21 21 0 0 0 0 0 0 0 0 0 0 0 36 36 0 0 0 0 0 0 0 0 0 0 0
26 26 0 0 0 0 0 0 0 0 0 0 0 39 39 0 0 0 0 0 0 0 0 0 0 0
30 30 0 0 0 0 0 0 0 0 0 0 0 49 42 0 0 0 0 0 0 0 0 0 0 0
33 33 0 0 0 0 0 0 0 0 0 0 0 53 48 0 0 0 0 0 0 0 0 0 0 0
38 38 0 0 0 0 0 0 0 0 0 0 0 56 51 0 0 0 0 0 0 0 0 0 0 0
42 42 0 0 0 0 0 0 0 0 0 0 0 59 54 0 0 0 0 0 0 0 0 0 0 0
45 45 0 0 0 0 0 0 0 0 0 0 0 64 58 0 0 0 0 0 0 0 0 0 0 0
48 48 0 0 0 0 0 0 0 0 0 0 0 68 64 0 0 0 0 0 0 0 0 0 0 0
51 51 0 0 0 0 0 0 0 0 0 0 0 71 67 0 0 0 0 0 0 0 0 0 0 0
54 54 0 0 0 0 0 0 0 0 0 0 0 74 70 0 0 0 0 0 0 0 0 0 0 0
57 57 0 0 0 0 0 0 0 0 0 0 0 77 75 0 0 0 0 0 0 0 0 0 0 0
62 61 0 0 0 0 0 0 0 0 0 0 0 80 78 0 0 0 0 0 0 0 0 0 0 0
66 65 0 0 0 0 0 0 0 0 0 0 0 86 84 0 0 0 0 0 0 0 0 0 0 0
69 68 0 0 0 0 0 0 0 0 0 0 0 89 87 0 0 0 0 0 0 0 0 0 0 0
72 72 0 0 0 0 0 0 0 0 0 0 0 92 91 0 0 0 0 0 0 0 0 0 0 0
75 75 0 0 0 0 0 0 0 0 0 0 0 95 94 0 0 0 0 0 0 0 0 0 0 0
78 78 0 0 0 0 0 0 0 0 0 0 0 98 97 0 0 0 0 0 0 0 0 0 0 0
81 81 0 0 0 0 0 0 0 0 0 0 0 102 100 0 0 0 0 0 0 0 0 0 0 0
85 85 0 0 0 0 0 0 0 0 0 0 0 105 104 0 0 0 0 0 0 0 0 0 0 0
90 90 0 0 0 0 0 0 0 0 0 0 0 110 108 0 0 0 0 0 0 0 0 0 0 0
95 94 0 0 0 0 0 0 0 0 0 0 0 113 111 0 0 0 0 0 0 0 0 0 0 0
99 99 0 0 0 0 0 0 0 0 0 0 0 139 119 0 1 0 0 0 0 0 0 0 0 0
102 102 0 0 0 0 0 0 0 0 0 0 0 142 122 0 1 0 0 0 0 0 0 0 0 0
105 105 0 0 0 0 0 0 0 0 0 0 0 159 125 0 1 0 0 0 0 0 0 0 0 0
108 108 0 0 0 0 0 0 0 0 0 0 0 164 129 0 1 0 0 0 0 0 0 0 0 0
112 111 0 0 0 0 0 0 0 0 0 0 0 167 132 0 1 0 0 0 0 0 0 0 0 0
115 114 0 0 0 0 0 0 0 0 0 0 0 170 135 0 1 0 0 0 0 0 0 0 0 0
120 118 0 0 0 0 0 0 0 0 0 0 0 173 138 0 1 0 0 0 0 0 0 0 0 0
123 123 0 0 0 0 0 0 0 0 0 0 0 177 143 0 1 0 0 0 0 0 0 0 0 0
128 126 0 0 0 0 0 0 0 0 0 0 0 180 146 0 1 0 0 0 0 0 0 0 0 0
132 130 0 0 0 0 0 0 0 0 0 0 0 183 152 0 1 0 0 0 0 0 0 0 0 0
135 133 0 0 0 0 0 0 0 0 0 0 0 188 156 0 1 0 0 0 0 0 0 0 0 0
138 136 0 0 0 0 0 0 0 0 0 0 0 194 161 0 1 0 0 0 0 0 0 0 0 0
142 140 0 0 0 0 0 0 0 0 0 0 0 197 164 0 1 0 0 0 0 0 0 0 0 0
147 144 0 0 0 0 0 0 0 0 0 0 0 200 167 0 1 0 0 0 0 0 0 0 0 0
