# scores for worst/random/best/smart move selector strategies. 
# scores are 50% and 95% quantiles (based on 40 games) of: 
# game score, #destroyed, #unlocked, #stripes, #bombs, #zappers
3 3 0 0 0 0 0 0 0 0 0 0 0 15 15 0 0 0 0 0 0 0 0 0 0 0
6 6 0 0 0 0 0 0 0 0 0 0 0 22 22 0 0 0 0 0 0 0 0 0 0 0
12 12 0 0 0 0 0 0 0 0 0 0 0 44 31 0 0 0 0 0 0 0 0 0 0 0
17 17 0 0 0 0 0 0 0 0 0 0 0 54 39 0 0 0 0 0 0 0 0 0 0 0
21 21 0 0 0 0 0 0 0 0 0 0 0 67 44 0 0 0 0 0 0 0 0 0 0 0
24 24 0 0 0 0 0 0 0 0 0 0 0 70 49 0 1 0 0 0 0 0 0 0 0 0
30 28 0 0 0 0 0 0 0 0 0 0 0 103 62 1 1 1 0 0 0 0 0 0 0 0
34 33 0 0 0 0 0 0 0 0 0 0 0 106 66 1 1 1 0 0 0 0 0 0 0 0
38 38 0 0 0 0 0 0 0 0 0 0 0 121 72 1 1 1 0 0 0 0 0 0 0 0
46 42 0 0 0 0 0 0 0 0 0 0 0 124 76 1 1 1 0 0 0 0 0 0 0 0
54 47 0 0 0 0 0 0 0 0 0 0 0 133 79 1 1 1 0 0 0 0 0 0 0 0
57 52 0 0 0 0 0 0 0 0 0 0 0 136 82 1 1 1 0 0 0 0 0 0 0 0
60 57 0 0 0 0 0 0 0 0 0 0 0 146 88 1 1 1 1 0 0 0 1 0 0 0
69 60 0 0 0 0 0 0 0 0 0 0 0 165 96 1 2 1 1 0 0 0 1 0 0 0
75 70 0 0 0 0 0 0 0 0 0 0 0 168 99 1 2 1 1 0 0 0 1 0 0 0
85 74 0 0 0 0 0 0 0 0 0 0 0 173 103 1 2 1 1 0 0 0 1 0 0 0
88 78 0 0 0 0 0 0 0 0 0 0 0 190 111 1 2 1 1 0 0 0 1 0 0 0
104 86 0 1 0 0 0 0 0 0 0 0 0 195 115 1 2 1 1 0 0 0 1 0 0 0
119 90 0 1 0 0 0 0 0 0 0 0 0 228 124 2 2 1 1 0 0 0 1 0 0 0
124 93 0 1 0 0 0 0 0 0 0 0 0 239 128 2 3 1 1 0 0 0 1 0 0 0
133 102 0 1 0 0 0 0 0 0 0 0 0 269 137 3 3 1 1 0 0 0 1 0 0 0
139 105 0 1 0 0 0 0 0 0 0 0 0 272 143 3 3 1 1 0 0 0 1 0 0 0
142 111 0 1 0 0 0 0 0 0 0 0 0 288 152 3 3 1 1 0 0 0 1 0 0 0
152 114 0 1 0 0 0 0 0 0 0 0 0 301 158 3 3 1 1 0 0 0 1 0 0 0
161 122 0 1 0 0 0 0 0 0 0 0 0 304 164 3 3 1 1 0 0 0 1 0 0 0
170 125 0 1 0 0 0 0 0 0 0 0 0 310 167 3 3 1 1 0 0 0 1 0 0 0
178 128 0 1 0 0 0 0 0 0 0 0 0 313 172 3 3 2 1 0 0 0 1 0 0 0
184 132 0 1 0 0 0 0 0 0 0 0 0 317 175 3 3 2 1 0 0 0 1 0 0 0
188 135 0 1 0 0 0 0 0 0 0 0 0 320 180 3 3 2 1 0 0 0 1 0 0 0
194 141 0 1 0 0 0 0 0 0 0 0 0 325 185 3 3 2 1 0 0 0 1 0 0 0
200 147 0 1 0 0 0 0 0 0 0 0 0 329 189 3 3 2 1 0 0 0 1 0 0 0
206 155 0 1 0 0 0 0 0 0 0 0 0 334 194 3 4 2 1 0 0 0 1 0 0 0
214 159 0 2 0 0 0 0 0 0 0 0 0 337 198 3 4 2 1 0 0 0 1 0 0 0
222 163 0 2 0 0 0 0 0 0 0 0 0 345 204 3 4 2 1 0 0 0 1 0 0 0
225 166 0 2 0 0 0 0 0 0 0 0 0 349 207 3 4 2 1 0 0 0 1 0 0 0
229 172 0 2 0 0 0 0 0 0 0 0 0 355 210 3 4 2 1 0 0 0 1 0 0 0
242 176 0 2 0 0 0 0 0 0 0 0 0 364 218 3 4 2 1 1 0 0 1 0 0 0
247 180 0 2 0 0 0 0 0 0 0 0 0 367 221 3 4 2 1 1 0 0 1 0 0 0
254 189 0 2 0 0 0 0 0 0 0 0 0 373 228 3 5 2 1 1 0 0 1 0 0 0
259 194 0 2 0 0 0 0 0 0 0 0 0 392 235 3 5 2 1 1 0 0 1 0 0 0
265 197 0 2 0 0 0 0 0 0 0 0 0 395 238 3 5 2 1 1 0 0 1 0 0 0
