# scores for worst/random/best/smart move selector strategies. 
# scores are 50% and 95% quantiles (based on 40 games) of: 
# game score, #destroyed, #unlocked, #stripes, #bombs, #zappers
3 3 0 0 0 0 0 0 0 0 0 0 0 15 15 0 0 0 0 0 0 0 0 0 0 0
7 7 0 0 0 0 0 0 0 0 0 0 0 31 25 0 0 0 0 0 0 0 0 0 0 0
15 15 0 0 0 0 0 0 0 0 0 0 0 83 37 1 1 1 0 0 0 0 0 0 0 0
33 23 0 0 0 0 0 0 0 0 0 0 0 147 57 1 1 1 0 0 0 0 0 0 0 0
45 31 0 0 0 0 0 0 0 0 0 0 0 154 69 1 1 1 1 0 0 0 1 0 0 0
52 39 0 0 0 0 0 0 0 0 0 0 0 160 75 1 2 1 1 0 0 0 1 0 0 0
58 51 0 0 0 0 0 0 0 0 0 0 0 199 85 1 3 1 1 1 0 0 1 0 0 0
105 58 0 1 0 0 0 0 0 0 0 0 0 223 93 3 3 1 1 1 0 0 1 0 0 0
119 68 0 1 0 0 0 0 0 0 0 0 0 248 103 3 4 2 1 1 1 0 1 0 0 0
131 76 0 1 0 0 0 0 0 0 0 0 0 263 114 3 4 2 1 1 1 0 1 0 0 0
170 86 0 2 0 0 0 0 0 0 0 0 0 343 138 3 5 2 1 1 1 0 1 0 0 0
193 100 0 2 0 0 0 0 0 0 0 0 0 419 153 3 5 2 1 1 1 0 1 0 0 0
224 111 0 2 1 0 0 0 0 0 0 0 0 431 177 5 5 2 2 1 1 0 1 0 0 0
267 121 0 3 1 0 0 0 0 0 0 0 0 533 184 7 7 3 2 1 1 0 2 0 0 0
277 129 0 3 1 0 0 0 0 0 0 0 0 556 196 7 8 3 2 1 1 0 2 0 0 0
320 148 0 4 1 1 0 0 0 1 0 0 0 565 217 7 9 3 2 1 1 0 2 0 0 0
350 158 1 4 1 1 0 0 0 1 0 0 0 617 224 7 13 3 3 1 1 0 2 1 0 0
360 173 1 4 1 1 0 0 0 1 0 0 0 652 246 7 13 3 3 2 1 0 2 1 0 0
392 183 1 4 1 1 0 0 0 1 0 0 0 703 253 7 13 3 3 2 1 0 2 1 0 0
433 193 1 5 1 1 0 0 0 1 0 0 0 720 262 8 13 4 4 2 1 0 3 1 0 0
468 204 1 6 1 1 1 0 0 1 0 0 0 824 285 8 17 4 4 2 1 0 3 1 0 0
480 213 1 6 1 1 1 0 0 1 0 0 0 836 295 8 21 4 5 2 1 0 4 1 0 0
503 221 1 6 1 1 1 0 0 1 0 0 0 841 301 8 21 4 5 2 2 0 4 1 0 0
519 226 1 7 2 1 1 0 0 1 0 0 0 851 331 8 21 4 5 2 2 0 4 1 0 0
535 242 1 7 2 1 1 0 0 1 0 0 0 904 340 8 23 4 5 2 2 0 4 1 0 0
584 254 1 7 2 1 1 0 0 1 0 0 0 954 348 8 23 4 5 2 2 0 4 1 0 0
600 261 1 7 2 1 1 0 0 1 0 0 0 987 359 8 23 4 5 2 2 0 4 1 0 0
642 273 1 8 2 1 1 0 0 1 0 0 0 1023 366 8 24 4 5 3 2 0 4 1 0 0
673 286 1 8 2 2 1 0 0 1 0 0 0 1105 376 8 25 4 5 3 2 0 4 1 0 0
711 294 1 9 2 2 1 0 0 2 0 0 0 1114 396 8 25 5 5 3 2 0 4 1 0 0
729 300 1 9 2 2 1 0 0 2 0 0 0 1182 415 8 25 5 6 3 2 0 4 1 0 0
762 311 1 10 2 2 1 0 0 2 0 0 0 1192 432 8 25 5 6 3 2 0 4 1 0 0
776 323 1 10 2 2 1 0 0 2 0 0 0 1198 438 8 25 5 6 3 2 0 4 1 0 0
807 338 1 10 3 2 1 1 0 2 0 0 0 1269 451 8 26 5 6 3 2 1 4 1 0 0
842 349 1 11 3 2 2 1 0 2 0 0 0 1346 484 8 26 5 6 3 2 1 4 1 0 0
869 374 1 12 3 2 2 1 0 2 0 0 0 1356 493 8 26 5 6 3 2 1 5 1 0 0
903 383 1 12 3 2 2 1 0 2 0 0 0 1373 498 8 27 5 6 3 2 1 5 1 0 0
916 388 1 12 3 2 2 1 0 2 0 0 0 1404 505 8 28 5 6 3 2 1 5 1 0 0
929 396 1 13 3 2 2 1 0 2 0 0 0 1566 528 8 34 5 6 3 2 1 5 1 0 0
982 406 1 13 3 2 2 1 0 2 0 0 0 1581 531 8 34 5 6 3 2 1 5 1 0 0
991 418 1 13 3 2 2 1 0 2 0 0 0 1588 536 8 34 5 6 4 2 1 5 1 0 0
