# scores for worst/random/best/smart move selector strategies. 
# scores are 50% and 95% quantiles (based on 40 games) of: 
# game score, #destroyed, #unlocked, #stripes, #bombs, #zappers
3 3 0 0 0 0 0 0 0 0 0 0 0 15 15 0 0 0 0 0 0 0 0 0 0 0
7 7 0 0 0 0 0 0 0 0 0 0 0 24 24 0 0 0 0 0 0 0 0 0 0 0
12 12 0 0 0 0 0 0 0 0 0 0 0 31 31 0 0 0 0 0 0 0 0 0 0 0
17 17 0 0 0 0 0 0 0 0 0 0 0 40 36 0 0 0 0 0 0 0 0 0 0 0
22 22 0 0 0 0 0 0 0 0 0 0 0 59 40 0 0 0 0 0 0 0 0 0 0 0
27 27 0 0 0 0 0 0 0 0 0 0 0 68 45 0 0 0 0 0 0 0 0 0 0 0
31 31 0 0 0 0 0 0 0 0 0 0 0 71 51 0 0 0 0 0 0 0 0 0 0 0
35 35 0 0 0 0 0 0 0 0 0 0 0 82 54 0 1 1 0 0 0 0 0 0 0 0
40 39 0 0 0 0 0 0 0 0 0 0 0 86 61 0 1 1 0 0 0 0 0 0 0 0
48 46 0 0 0 0 0 0 0 0 0 0 0 90 69 0 1 1 0 0 0 0 0 0 0 0
52 51 0 0 0 0 0 0 0 0 0 0 0 95 72 0 1 1 0 0 0 0 0 0 0 0
62 55 0 0 0 0 0 0 0 0 0 0 0 101 78 0 1 1 0 0 0 0 0 0 0 0
66 60 0 0 0 0 0 0 0 0 0 0 0 120 84 1 1 1 0 0 0 0 0 0 0 0
69 65 0 0 0 0 0 0 0 0 0 0 0 123 89 1 1 1 0 0 0 0 0 0 0 0
73 69 0 0 0 0 0 0 0 0 0 0 0 137 92 1 1 1 0 0 0 0 0 0 0 0
78 75 0 0 0 0 0 0 0 0 0 0 0 140 95 1 1 1 0 0 0 0 0 0 0 0
82 79 0 0 0 0 0 0 0 0 0 0 0 151 106 1 1 1 0 0 0 0 0 0 0 0
85 84 0 0 0 0 0 0 0 0 0 0 0 172 113 1 1 1 0 0 0 0 0 0 0 0
90 87 0 0 0 0 0 0 0 0 0 0 0 176 118 1 2 1 0 0 0 0 0 0 0 0
93 92 0 0 0 0 0 0 0 0 0 0 0 180 121 1 2 1 0 0 0 0 0 0 0 0
96 95 0 0 0 0 0 0 0 0 0 0 0 184 124 1 2 1 0 0 0 0 0 0 0 0
101 98 0 0 0 0 0 0 0 0 0 0 0 188 128 1 2 1 0 0 0 0 0 0 0 0
105 104 0 0 0 0 0 0 0 0 0 0 0 191 131 1 2 1 0 0 0 0 0 0 0 0
108 107 0 0 0 0 0 0 0 0 0 0 0 194 134 1 2 1 0 0 0 0 0 0 0 0
113 111 0 0 0 0 0 0 0 0 0 0 0 199 139 1 2 1 0 0 0 0 0 0 0 0
119 114 0 0 0 0 0 0 0 0 0 0 0 206 142 1 2 1 0 0 0 0 0 0 0 0
126 119 0 0 0 0 0 0 0 0 0 0 0 213 151 1 2 1 0 0 0 0 0 0 0 0
129 123 0 0 0 0 0 0 0 0 0 0 0 218 161 1 2 1 0 0 0 0 0 0 0 0
140 126 0 0 0 0 0 0 0 0 0 0 0 221 164 1 2 1 0 0 0 0 0 0 0 0
144 131 0 0 0 0 0 0 0 0 0 0 0 235 169 1 2 1 0 0 0 0 0 0 0 0
150 134 0 0 0 0 0 0 0 0 0 0 0 238 172 1 2 1 0 0 0 0 0 0 0 0
154 142 0 0 0 0 0 0 0 0 0 0 0 241 175 1 2 1 0 0 0 0 0 0 0 0
159 146 0 0 0 0 0 0 0 0 0 0 0 244 178 1 2 1 0 0 0 0 0 0 0 0
162 149 0 0 0 0 0 0 0 0 0 0 0 249 181 1 2 1 0 0 0 0 0 0 0 0
165 154 0 0 0 0 0 0 0 0 0 0 0 259 190 1 2 1 0 0 0 0 0 0 0 0
169 157 0 0 0 0 0 0 0 0 0 0 0 271 193 2 2 1 0 0 0 0 0 0 0 0
177 160 0 0 0 0 0 0 0 0 0 0 0 274 196 2 2 1 0 0 0 0 0 0 0 0
185 163 0 0 0 0 0 0 0 0 0 0 0 278 201 2 2 1 0 0 0 0 0 0 0 0
189 168 0 0 0 0 0 0 0 0 0 0 0 298 212 2 3 1 0 0 0 0 0 0 0 0
196 175 0 0 0 0 0 0 0 0 0 0 0 303 218 3 3 1 0 0 0 0 0 0 0 0
201 180 0 0 0 0 0 0 0 0 0 0 0 308 222 3 3 1 0 0 0 0 0 0 0 0
