# scores for worst/random/best/smart move selector strategies. 
# scores are 50% and 95% quantiles (based on 40 games) of: 
# game score, #destroyed, #unlocked, #stripes, #bombs, #zappers
9 9 0 0 0 0 0 0 0 0 0 0 0 29 29 0 0 0 0 0 0 0 0 0 0 0
18 18 0 0 0 0 0 0 0 0 0 0 0 110 60 0 1 0 1 0 0 0 1 0 0 0
30 26 0 0 0 0 0 0 0 0 0 0 0 211 101 2 2 1 1 1 0 0 1 0 0 0
65 40 0 0 0 0 0 0 0 0 0 0 0 281 122 4 3 2 1 1 1 0 1 0 0 0
87 52 0 0 0 0 0 0 0 0 0 0 0 478 146 5 4 2 2 1 1 0 1 0 0 0
112 66 0 1 0 0 0 0 0 0 0 0 0 543 177 5 4 2 2 1 1 0 2 0 0 0
125 73 0 1 0 0 0 0 0 0 0 0 0 566 187 5 6 2 3 1 1 0 2 0 0 0
179 85 1 2 0 0 0 0 0 0 0 0 0 572 199 6 6 2 3 1 1 0 3 0 0 0
255 108 1 3 0 0 0 0 0 0 0 0 0 597 219 6 7 2 3 2 1 0 3 0 0 0
287 131 1 4 1 0 0 0 0 0 0 0 0 777 253 6 7 3 3 2 1 1 3 0 0 0
334 146 1 4 1 1 0 0 0 0 0 0 0 794 270 6 8 5 3 2 1 1 3 0 0 0
367 158 1 5 1 1 0 0 0 0 0 0 0 809 292 6 8 5 4 2 1 1 3 0 0 0
404 183 1 5 1 1 1 0 0 1 0 0 0 841 307 6 15 6 4 2 1 1 3 0 0 0
467 191 2 6 1 1 1 0 0 1 0 0 0 977 324 6 19 6 4 2 1 1 3 1 0 0
487 207 2 6 2 1 1 0 0 1 0 0 0 1047 338 6 21 6 4 2 1 1 3 1 0 0
554 217 2 7 2 1 1 0 0 1 0 0 0 1131 353 6 24 6 4 2 1 1 3 1 0 0
615 234 2 8 2 1 1 0 0 1 0 0 0 1135 369 6 24 6 5 2 2 1 3 1 0 0
652 278 2 8 2 1 1 0 0 1 0 0 0 1245 382 6 26 6 5 2 2 1 3 1 0 0
763 289 2 9 2 2 1 0 0 1 0 0 0 1444 416 6 28 13 5 2 2 1 4 1 0 0
841 305 2 9 3 2 1 0 0 1 0 0 0 1539 450 6 29 14 5 2 2 1 4 1 0 0
877 325 2 10 3 2 1 0 0 2 0 0 0 1548 469 6 29 14 6 2 2 1 4 1 0 0
890 342 2 11 3 2 1 0 0 2 0 0 0 1555 475 6 29 15 6 3 2 1 4 1 0 0
941 361 2 11 3 2 1 1 0 2 0 0 0 1612 504 6 30 15 6 3 2 1 4 1 0 0
976 394 2 12 3 2 2 1 0 2 0 0 0 1832 537 6 31 19 6 3 2 1 4 1 1 0
1010 404 2 12 4 2 2 1 0 2 0 0 0 1965 556 6 31 19 6 3 2 1 5 1 1 0
1077 412 2 14 4 3 2 1 0 2 0 0 0 2046 579 6 31 19 7 3 2 1 6 1 1 0
1114 443 2 14 4 3 2 1 0 2 0 0 0 2165 620 6 33 19 7 3 2 1 6 1 1 0
1206 454 2 15 4 3 2 1 0 2 0 0 0 2258 626 6 34 20 7 4 2 1 6 1 1 0
1328 467 2 16 5 3 2 1 0 2 0 0 0 2445 660 6 36 22 7 4 2 1 6 1 1 0
1348 488 2 16 5 3 2 1 0 2 0 0 0 2484 714 6 37 22 8 4 2 1 6 1 1 0
1397 497 2 17 5 3 2 1 0 2 0 0 0 2701 758 6 37 22 9 4 2 1 6 1 1 0
1459 520 2 18 5 3 2 1 0 3 0 0 0 2706 787 6 39 22 9 4 2 1 6 1 1 0
1466 532 2 18 5 3 2 1 0 3 0 0 0 2713 792 6 39 22 9 4 2 1 6 1 1 0
1546 558 2 18 5 3 2 1 0 3 0 0 0 2717 796 6 40 22 9 4 2 1 6 1 1 0
1563 568 2 19 6 3 2 1 0 3 0 0 0 2722 800 6 40 22 9 4 2 1 6 1 1 0
1612 577 2 20 6 4 2 1 0 3 0 0 0 3058 843 6 51 23 9 4 3 1 6 2 1 0
1678 589 2 21 6 4 2 1 0 3 0 0 0 3114 863 6 51 24 10 4 3 1 6 2 1 0
1735 614 2 21 6 4 2 1 0 3 0 0 0 3187 896 6 52 24 10 4 3 1 7 2 1 0
1753 624 2 21 7 4 2 1 0 3 0 0 0 3235 902 6 57 24 10 4 3 1 7 2 1 0
1763 628 2 22 7 4 2 1 0 3 0 0 0 3262 916 6 57 24 10 4 3 1 7 2 1 0
1791 647 2 22 7 4 2 1 0 3 0 0 0 3365 940 6 57 24 10 4 3 1 7 2 1 1
