# scores for worst/random/best/smart move selector strategies. 
# scores are 50% and 95% quantiles (based on 40 games) of: 
# game score, #destroyed, #unlocked, #stripes, #bombs, #zappers
9 9 0 0 0 0 0 0 0 0 0 0 0 29 29 0 0 0 0 0 0 0 0 0 0 0
22 21 0 0 0 0 0 0 0 0 0 0 0 138 70 1 1 1 1 0 0 0 1 0 0 0
55 39 0 0 0 0 0 0 0 0 0 0 0 195 93 5 2 2 1 1 1 0 1 0 0 0
129 68 0 1 0 0 0 0 0 0 0 0 0 293 117 7 5 2 1 1 1 0 1 0 0 0
202 91 1 1 0 0 0 0 0 0 0 0 0 500 147 7 8 2 2 1 1 0 2 0 0 0
282 115 1 2 1 1 0 0 0 1 0 0 0 557 162 8 16 3 2 1 1 0 2 1 0 0
348 135 2 3 1 1 0 0 0 1 0 0 0 612 195 9 16 3 3 1 1 0 3 1 0 0
411 158 2 3 2 1 0 0 0 1 0 0 0 641 207 9 17 4 3 1 1 0 3 1 0 0
454 175 2 4 2 1 0 0 0 1 0 0 0 749 263 9 17 5 4 1 1 0 3 1 0 0
504 194 2 5 2 1 0 0 0 1 0 0 0 798 291 9 17 5 4 2 1 0 4 1 0 0
552 216 2 5 2 1 0 0 0 1 0 0 0 912 314 9 19 5 4 2 1 0 4 1 0 0
616 233 2 6 2 1 0 0 0 1 0 0 0 1159 357 9 23 11 5 2 1 0 4 1 0 0
662 256 2 7 2 2 0 0 0 1 0 0 0 1170 391 9 24 11 6 2 1 1 4 1 0 0
733 287 2 8 3 2 0 0 0 1 0 0 0 1472 408 9 25 16 6 2 1 1 4 1 1 0
784 300 2 8 3 2 1 0 0 1 0 0 0 1510 458 9 26 16 6 2 1 1 5 1 1 0
826 315 2 9 3 2 1 0 0 2 0 0 0 1538 472 9 26 16 6 2 2 1 5 1 1 0
865 340 2 10 3 2 1 0 0 2 0 0 0 1584 484 9 27 17 6 2 2 1 5 1 1 0
949 375 2 11 4 2 1 1 0 2 0 0 0 1897 506 9 33 22 7 3 2 1 5 1 1 0
989 395 2 12 4 3 1 1 0 2 0 0 0 1942 520 9 33 23 7 3 2 1 5 1 1 0
1036 413 2 12 4 3 1 1 0 2 0 0 0 1950 537 9 34 23 7 3 2 1 6 1 1 0
1089 428 2 13 5 3 1 1 0 2 0 0 0 2000 576 9 35 23 7 3 2 1 6 1 1 0
1165 452 2 14 5 3 1 1 0 2 0 0 0 2014 610 9 37 23 7 3 3 1 6 2 1 0
1211 471 2 14 6 3 1 1 0 2 0 0 0 2254 626 9 39 26 7 3 3 1 6 2 1 0
1347 512 2 15 6 3 1 1 0 2 0 0 0 2391 646 9 39 26 8 3 3 1 7 2 1 0
1398 532 2 17 6 4 1 1 0 3 0 0 0 2609 712 9 39 28 9 3 3 1 7 2 1 0
1435 549 2 17 6 4 1 1 0 3 0 0 0 2809 737 9 39 28 9 3 3 1 7 2 1 0
1510 589 2 19 7 4 1 1 0 3 0 0 0 2827 759 9 39 28 9 3 3 1 7 2 1 0
1577 610 2 19 7 5 1 1 0 3 0 0 0 2901 792 9 40 29 9 3 3 1 7 2 1 0
1586 627 2 19 8 5 1 1 0 4 0 0 0 2972 830 9 40 30 9 3 3 1 7 2 1 0
1731 653 2 21 8 5 1 1 0 4 0 0 0 3060 854 9 43 31 9 3 4 1 7 2 1 0
1791 681 2 22 8 5 1 1 0 4 0 0 0 3067 867 9 44 31 9 3 4 1 8 2 1 0
1975 692 2 22 8 5 1 1 0 4 0 0 0 3183 879 9 46 31 10 3 4 1 8 2 1 0
1991 715 2 23 9 5 1 1 0 4 0 0 0 3212 902 9 46 31 10 3 4 1 8 2 1 0
2054 740 2 24 9 5 2 1 0 4 0 0 0 3278 945 9 47 32 10 3 4 1 9 2 1 0
2081 760 2 25 11 5 2 1 0 4 0 0 0 3297 973 9 47 32 11 3 4 1 9 2 1 0
2161 803 2 25 11 6 2 1 0 5 0 0 0 3385 1026 9 48 33 12 3 4 1 10 2 1 0
2259 820 2 26 11 6 2 1 0 5 0 0 0 3405 1054 9 48 33 12 3 4 1 10 2 1 0
2353 838 2 27 11 6 2 1 0 5 0 0 0 3473 1082 9 48 33 12 4 4 1 10 2 1 0
2375 853 2 28 11 7 2 1 0 5 1 0 0 3592 1109 9 49 34 12 4 4 1 10 2 1 0
2431 885 2 31 12 7 2 1 0 5 1 0 0 3743 1118 9 50 34 13 4 4 1 11 2 1 0
2502 904 2 34 12 7 2 1 0 6 1 0 0 3807 1128 9 51 34 13 4 4 1 11 2 1 0
