# scores for worst/random/best/smart move selector strategies. 
# scores are 50% and 95% quantiles (based on 40 games) of: 
# game score, #destroyed, #unlocked, #stripes, #bombs, #zappers
9 9 0 0 0 0 0 0 0 0 0 0 0 29 29 0 0 0 0 0 0 0 0 0 0 0
15 15 0 0 0 0 0 0 0 0 0 0 0 63 44 0 0 0 0 0 0 0 0 0 0 0
21 21 0 0 0 0 0 0 0 0 0 0 0 76 54 0 0 0 0 0 0 0 0 0 0 0
25 25 0 0 0 0 0 0 0 0 0 0 0 122 74 0 1 1 0 0 0 0 0 0 0 0
31 31 0 0 0 0 0 0 0 0 0 0 0 162 93 1 1 1 0 0 0 0 0 0 0 0
39 37 0 0 0 0 0 0 0 0 0 0 0 165 101 1 1 1 0 0 0 0 0 0 0 0
51 47 0 0 0 0 0 0 0 0 0 0 0 168 104 1 1 1 0 0 0 0 0 0 0 0
60 52 0 0 0 0 0 0 0 0 0 0 0 184 118 1 2 1 0 0 0 0 0 0 0 0
64 60 0 0 0 0 0 0 0 0 0 0 0 199 122 1 3 1 0 0 0 0 0 0 0 0
86 70 0 0 0 0 0 0 0 0 0 0 0 216 128 1 3 1 0 0 0 0 0 0 0 0
96 77 0 0 0 0 0 0 0 0 0 0 0 228 133 2 3 1 0 0 0 0 0 0 0 0
102 86 0 1 0 0 0 0 0 0 0 0 0 238 144 2 3 1 0 0 0 0 0 0 0 0
107 94 0 1 0 0 0 0 0 0 0 0 0 246 152 2 3 1 0 0 0 0 0 0 0 0
115 99 0 1 0 0 0 0 0 0 0 0 0 267 155 2 3 2 0 0 0 0 0 0 0 0
130 106 0 1 0 0 0 0 0 0 0 0 0 270 158 3 3 2 0 0 0 0 0 0 0 0
138 111 0 1 0 0 0 0 0 0 0 0 0 273 161 3 3 2 0 0 0 0 0 0 0 0
142 115 0 1 0 0 0 0 0 0 0 0 0 284 168 3 3 2 0 0 0 0 0 0 0 0
161 123 0 1 0 0 0 0 0 0 0 0 0 302 171 3 4 2 0 0 0 0 0 0 0 0
170 127 0 1 0 0 0 0 0 0 0 0 0 366 203 3 4 2 0 0 0 0 0 0 0 0
185 140 0 1 0 0 0 0 0 0 0 0 0 369 208 3 4 2 0 0 0 0 0 0 0 0
197 147 0 1 0 0 0 0 0 0 0 0 0 396 218 3 4 2 0 0 0 0 0 0 0 0
203 152 0 1 0 0 0 0 0 0 0 0 0 401 225 3 4 3 0 0 0 0 0 0 0 0
213 161 0 1 0 0 0 0 0 0 0 0 0 406 240 3 5 3 0 0 0 0 0 0 0 0
218 166 0 1 0 0 0 0 0 0 0 0 0 418 247 3 5 3 0 0 0 0 0 0 0 0
221 170 0 1 0 0 0 0 0 0 0 0 0 421 250 3 5 3 0 0 0 0 0 0 0 0
224 174 0 1 0 0 0 0 0 0 0 0 0 428 256 3 5 3 0 0 0 0 0 0 0 0
233 180 0 2 0 0 0 0 0 0 0 0 0 432 259 3 5 3 0 0 0 0 0 0 0 0
265 188 0 2 0 0 0 0 0 0 0 0 0 521 290 3 6 3 0 0 0 0 0 0 0 0
274 192 0 2 0 0 0 0 0 0 0 0 0 556 297 3 6 3 0 0 0 0 0 0 0 0
289 202 0 2 0 0 0 0 0 0 0 0 0 559 302 3 6 4 0 0 0 0 0 0 0 0
295 207 0 2 0 0 0 0 0 0 0 0 0 584 312 3 6 4 0 0 0 0 0 0 0 0
303 218 0 2 0 0 0 0 0 0 0 0 0 587 315 3 6 4 0 0 0 0 0 0 0 0
306 221 0 2 1 0 0 0 0 0 0 0 0 592 318 3 6 4 0 0 0 0 0 0 0 0
312 224 0 2 1 0 0 0 0 0 0 0 0 596 321 3 6 4 0 0 0 0 0 0 0 0
322 233 0 2 1 0 0 0 0 0 0 0 0 599 324 3 6 4 0 0 0 0 0 0 0 0
327 236 0 2 1 0 0 0 0 0 0 0 0 602 334 3 6 4 0 0 0 0 0 0 0 0
334 247 0 3 1 0 0 0 0 0 0 0 0 617 340 3 6 4 0 0 0 0 0 0 0 0
337 250 0 3 1 0 0 0 0 0 0 0 0 680 362 3 6 4 1 0 0 0 0 0 0 0
340 253 0 3 1 0 0 0 0 0 0 0 0 683 365 3 6 4 1 0 0 0 0 0 0 0
349 260 0 3 1 0 0 0 0 0 0 0 0 686 368 3 6 4 1 0 0 0 0 0 0 0
360 263 0 3 1 0 0 0 0 0 0 0 0 694 377 3 6 4 1 0 0 0 0 0 0 0
