# scores for worst/random/best/smart move selector strategies. 
# scores are 50% and 95% quantiles (based on 40 games) of: 
# game score, #destroyed, #unlocked, #stripes, #bombs, #zappers
0 0 0 0 0 0 0 0 0 0 0 0 0 4 4 0 0 0 0 0 0 0 0 0 0 0
3 3 0 0 0 0 0 0 0 0 0 0 0 9 9 0 0 0 0 0 0 0 0 0 0 0
9 9 0 0 0 0 0 0 0 0 0 0 0 16 16 0 0 0 0 0 0 0 0 0 0 0
12 12 0 0 0 0 0 0 0 0 0 0 0 21 21 0 0 0 0 0 0 0 0 0 0 0
18 18 0 0 0 0 0 0 0 0 0 0 0 28 28 0 0 0 0 0 0 0 0 0 0 0
21 21 0 0 0 0 0 0 0 0 0 0 0 73 36 0 0 0 0 0 0 0 0 0 0 0
25 25 0 0 0 0 0 0 0 0 0 0 0 103 45 3 1 0 0 0 0 0 0 0 0 0
30 30 0 0 0 0 0 0 0 0 0 0 0 110 52 3 1 0 0 0 0 0 0 0 0 0
36 35 0 0 0 0 0 0 0 0 0 0 0 119 59 7 2 1 0 0 0 0 0 0 0 0
43 43 0 0 0 0 0 0 0 0 0 0 0 123 62 7 2 1 0 0 0 0 0 0 0 0
50 48 0 0 0 0 0 0 0 0 0 0 0 162 82 17 2 1 0 0 1 0 0 0 0 0
56 53 0 0 0 0 0 0 0 0 0 0 0 210 90 17 3 1 0 0 1 0 0 0 0 0
62 57 0 0 0 0 0 0 0 0 0 0 0 225 96 17 3 1 0 0 1 0 0 0 0 0
75 64 0 0 0 0 0 0 0 0 0 0 0 248 102 17 3 2 0 1 1 0 0 0 0 0
90 70 0 1 0 0 0 0 0 0 0 0 0 254 118 17 3 2 0 1 1 0 0 0 0 0
94 74 0 1 0 0 0 0 0 0 0 0 0 277 122 17 3 2 0 1 1 0 0 0 0 0
107 78 0 1 0 0 0 0 0 0 0 0 0 283 130 17 3 2 0 1 1 0 0 0 0 0
113 84 0 1 0 0 0 0 0 0 0 0 0 288 136 17 3 2 0 1 1 0 0 0 0 0
121 91 0 1 0 0 0 0 0 0 0 0 0 320 148 19 3 2 0 1 1 0 0 0 0 0
126 96 0 1 0 0 0 0 0 0 0 0 0 343 154 19 5 2 1 1 1 0 1 0 0 0
146 104 1 2 0 0 0 0 0 0 0 0 0 346 157 19 5 2 1 1 1 0 1 0 0 0
168 110 2 2 0 0 0 0 0 0 0 0 0 352 164 19 5 2 1 1 1 0 1 0 0 0
184 117 3 2 0 0 0 0 0 0 0 0 0 363 170 19 5 2 1 1 1 0 1 0 0 0
190 124 3 2 0 0 0 0 0 0 0 0 0 377 175 19 5 2 1 1 1 0 1 0 0 0
198 134 3 2 0 0 0 0 0 0 0 0 0 405 182 19 5 2 1 1 1 0 1 0 0 0
223 142 3 2 0 0 0 0 0 0 0 0 0 545 193 21 6 5 1 1 1 0 1 0 0 0
235 150 4 3 0 0 0 0 0 0 0 0 0 629 205 23 7 5 1 1 1 0 1 0 0 0
241 160 5 3 0 0 0 0 0 0 0 0 0 637 209 23 7 5 1 1 1 0 1 0 0 0
247 163 5 4 0 0 0 0 0 0 0 0 0 641 219 23 7 5 1 1 1 0 1 0 0 0
274 168 5 4 0 0 0 0 0 0 0 0 0 649 230 23 7 5 1 1 1 0 1 0 0 0
296 174 5 4 0 0 0 0 0 0 0 0 0 655 235 23 7 5 1 1 1 0 1 0 0 0
299 179 5 4 0 0 0 0 0 0 0 0 0 660 244 23 8 5 1 1 1 0 1 0 0 0
329 184 6 4 0 0 0 0 0 0 0 0 0 665 249 23 8 5 1 1 1 0 1 0 0 0
340 193 6 5 0 0 0 0 0 0 0 0 0 668 264 23 8 5 2 1 1 0 2 0 0 0
349 206 6 5 0 0 0 0 0 0 0 0 0 672 268 23 8 5 2 2 1 0 2 0 0 0
370 211 7 5 0 0 0 0 0 0 0 0 0 675 276 23 9 5 2 2 1 0 2 0 0 0
397 214 7 5 0 0 0 0 0 0 0 0 0 678 281 23 9 5 2 2 1 0 2 0 0 0
402 221 7 5 0 0 0 0 0 0 0 0 0 719 296 24 9 5 2 2 1 0 2 0 0 0
411 231 8 5 0 0 0 0 0 0 0 0 0 722 300 24 10 5 2 2 1 0 2 0 0 0
428 240 8 5 0 0 0 0 0 0 0 0 0 790 305 24 10 5 2 2 1 0 2 0 0 0
438 245 8 5 0 0 0 0 0 0 0 0 0 794 315 24 10 5 2 2 1 0 2 0 0 0
