# scores for worst/random/best/smart move selector strategies. 
# scores are 50% and 95% quantiles (based on 40 games) of: 
# game score, #destroyed, #unlocked, #stripes, #bombs, #zappers
0 0 0 0 0 0 0 0 0 0 0 0 0 4 4 0 0 0 0 0 0 0 0 0 0 0
3 3 0 0 0 0 0 0 0 0 0 0 0 9 9 0 0 0 0 0 0 0 0 0 0 0
9 9 0 0 0 0 0 0 0 0 0 0 0 20 20 0 0 0 0 0 0 0 0 0 0 0
12 12 0 0 0 0 0 0 0 0 0 0 0 24 24 0 0 0 0 0 0 0 0 0 0 0
15 15 0 0 0 0 0 0 0 0 0 0 0 41 29 0 0 0 0 0 0 0 0 0 0 0
21 21 0 0 0 0 0 0 0 0 0 0 0 45 34 0 0 0 0 0 0 0 0 0 0 0
27 27 0 0 0 0 0 0 0 0 0 0 0 84 45 0 1 0 0 0 0 0 0 0 0 0
31 31 0 0 0 0 0 0 0 0 0 0 0 87 49 0 1 0 0 0 0 0 0 0 0 0
36 36 0 0 0 0 0 0 0 0 0 0 0 97 57 1 1 1 0 0 0 0 0 0 0 0
39 39 0 0 0 0 0 0 0 0 0 0 0 117 61 1 1 1 0 0 0 0 0 0 0 0
45 43 0 0 0 0 0 0 0 0 0 0 0 139 68 1 1 1 0 0 0 0 0 0 0 0
53 48 0 0 0 0 0 0 0 0 0 0 0 144 72 1 1 1 0 0 0 0 0 0 0 0
57 54 0 0 0 0 0 0 0 0 0 0 0 156 79 3 2 1 0 0 0 0 0 0 0 0
64 57 0 0 0 0 0 0 0 0 0 0 0 159 86 3 2 1 1 0 0 0 1 0 0 0
72 64 0 0 0 0 0 0 0 0 0 0 0 162 91 4 2 1 1 0 0 0 1 0 0 0
75 69 0 0 0 0 0 0 0 0 0 0 0 168 96 4 2 1 1 0 0 0 1 0 0 0
80 73 0 0 0 0 0 0 0 0 0 0 0 176 102 4 2 1 1 0 0 0 1 0 0 0
85 78 0 0 0 0 0 0 0 0 0 0 0 201 110 4 2 1 1 0 0 0 1 0 0 0
89 82 0 0 0 0 0 0 0 0 0 0 0 208 121 4 3 1 1 0 0 0 1 0 0 0
96 91 0 0 0 0 0 0 0 0 0 0 0 212 125 4 3 1 1 0 0 0 1 0 0 0
110 94 0 0 0 0 0 0 0 0 0 0 0 215 130 4 3 1 1 0 0 0 1 0 0 0
121 98 0 1 0 0 0 0 0 0 0 0 0 232 137 5 3 1 1 0 0 0 1 0 0 0
129 103 0 1 0 0 0 0 0 0 0 0 0 237 143 5 3 1 1 0 0 0 1 0 0 0
133 109 0 1 0 0 0 0 0 0 0 0 0 246 155 5 3 1 1 0 0 0 1 0 0 0
143 115 0 1 0 0 0 0 0 0 0 0 0 250 159 6 3 1 1 0 0 0 1 0 0 0
148 121 0 1 0 0 0 0 0 0 0 0 0 264 168 6 3 1 1 0 0 0 1 0 0 0
156 125 0 1 0 0 0 0 0 0 0 0 0 271 171 6 3 1 1 0 0 0 1 0 0 0
161 131 0 1 0 0 0 0 0 0 0 0 0 290 174 6 3 1 1 0 0 0 1 0 0 0
165 135 0 1 0 0 0 0 0 0 0 0 0 296 180 6 3 1 1 0 0 0 1 0 0 0
171 140 0 1 0 0 0 0 0 0 0 0 0 301 186 6 3 1 1 0 0 0 1 0 0 0
180 144 0 1 0 0 0 0 0 0 0 0 0 308 195 8 3 1 1 0 0 0 1 0 0 0
189 151 0 1 0 0 0 0 0 0 0 0 0 314 199 8 4 1 1 0 0 0 1 0 0 0
198 156 0 1 0 0 0 0 0 0 0 0 0 347 212 8 4 1 1 0 0 0 1 0 0 0
202 160 0 1 0 0 0 0 0 0 0 0 0 350 218 8 4 1 1 0 0 0 1 0 0 0
213 164 0 1 0 0 0 0 0 0 0 0 0 354 221 8 4 1 1 0 0 0 1 0 0 0
216 168 0 1 0 0 0 0 0 0 0 0 0 385 227 12 5 2 1 0 0 0 1 0 0 0
229 177 1 1 0 0 0 0 0 0 0 0 0 410 239 12 5 2 1 0 0 0 1 0 0 0
241 182 2 1 0 0 0 0 0 0 0 0 0 422 248 12 5 2 1 0 0 0 1 0 0 0
248 186 2 2 0 0 0 0 0 0 0 0 0 438 255 12 6 2 1 1 0 0 1 0 0 0
256 190 2 2 0 0 0 0 0 0 0 0 0 445 265 12 6 2 1 1 0 0 1 0 0 0
260 193 2 2 0 0 0 0 0 0 0 0 0 452 272 12 6 2 1 1 0 0 1 0 0 0
