# scores for worst/random/best/smart move selector strategies. 
# scores are 50% and 95% quantiles (based on 40 games) of: 
# game score, #destroyed, #unlocked, #stripes, #bombs, #zappers
0 0 0 0 0 0 0 0 0 0 0 0 0 4 4 0 0 0 0 0 0 0 0 0 0 0
3 3 0 0 0 0 0 0 0 0 0 0 0 9 9 0 0 0 0 0 0 0 0 0 0 0
9 9 0 0 0 0 0 0 0 0 0 0 0 22 20 0 0 0 0 0 0 0 0 0 0 0
12 12 0 0 0 0 0 0 0 0 0 0 0 25 25 0 0 0 0 0 0 0 0 0 0 0
19 19 0 0 0 0 0 0 0 0 0 0 0 53 35 0 1 0 0 0 0 0 0 0 0 0
22 22 0 0 0 0 0 0 0 0 0 0 0 74 43 0 1 0 0 0 0 0 0 0 0 0
31 31 0 0 0 0 0 0 0 0 0 0 0 96 49 1 1 0 0 0 0 0 0 0 0 0
39 34 0 0 0 0 0 0 0 0 0 0 0 126 57 5 2 1 0 0 0 0 0 0 0 0
61 40 0 1 0 0 0 0 0 0 0 0 0 129 61 5 2 1 0 0 0 0 0 0 0 0
64 44 0 1 0 0 0 0 0 0 0 0 0 151 68 5 2 1 0 0 0 0 0 0 0 0
70 50 0 1 0 0 0 0 0 0 0 0 0 242 87 11 4 1 1 1 0 0 0 0 0 0
77 56 0 1 0 0 0 0 0 0 0 0 0 260 96 11 4 1 1 1 0 0 0 0 0 0
87 61 0 1 0 0 0 0 0 0 0 0 0 267 103 11 4 1 1 1 0 0 1 0 0 0
96 68 0 1 0 0 0 0 0 0 0 0 0 275 115 18 5 1 1 1 1 0 1 0 0 0
109 75 0 1 0 0 0 0 0 0 0 0 0 292 130 18 5 1 1 1 1 0 1 0 0 0
122 79 1 1 0 0 0 0 0 0 0 0 0 336 147 18 6 1 1 1 1 0 1 0 0 0
132 86 1 1 0 0 0 0 0 0 0 0 0 404 159 21 6 2 1 1 1 0 1 0 0 0
155 97 1 2 0 0 0 0 0 0 0 0 0 429 169 21 6 2 1 1 1 0 1 0 0 0
169 108 2 2 0 0 0 0 0 0 0 0 0 596 199 22 9 2 1 1 1 0 1 1 0 0
175 116 2 2 0 0 0 0 0 0 0 0 0 714 221 22 12 2 1 2 1 0 1 1 0 0
196 122 2 2 0 0 0 0 0 0 0 0 0 717 225 22 12 2 1 2 1 0 1 1 0 0
212 129 3 2 0 0 0 0 0 0 0 0 0 725 240 25 12 2 2 2 1 0 2 1 0 0
243 140 5 3 0 0 0 0 0 0 0 0 0 748 274 25 13 3 2 2 1 0 2 1 0 0
273 148 5 3 0 0 0 0 0 0 0 0 0 755 280 25 13 4 2 2 1 0 2 1 0 0
285 153 5 4 1 0 0 0 0 0 0 0 0 836 302 26 16 4 2 2 1 0 2 1 0 0
309 160 6 4 1 0 0 0 0 0 0 0 0 871 315 26 16 4 2 2 1 0 2 1 0 0
312 166 6 4 1 0 0 0 0 0 0 0 0 878 321 26 16 4 2 2 1 0 2 1 0 0
342 175 6 4 1 0 0 0 0 0 0 0 0 885 331 27 16 4 2 2 1 0 2 1 0 0
360 183 6 5 1 0 1 0 0 0 0 0 0 966 341 27 18 4 2 2 1 0 2 1 0 0
383 193 6 5 1 0 1 0 0 0 0 0 0 984 356 27 18 4 2 2 1 0 2 1 0 0
408 205 7 5 1 0 1 0 0 0 0 0 0 999 378 27 19 4 2 2 1 0 2 1 0 0
412 210 8 5 1 0 1 0 0 0 0 0 0 1007 385 27 19 4 2 2 1 0 2 1 0 0
436 220 8 6 1 0 1 0 0 0 0 0 0 1050 399 27 19 4 3 3 1 0 2 1 0 0
455 225 8 7 1 0 1 0 0 0 0 0 0 1234 422 27 22 4 3 3 1 0 2 1 0 0
510 235 8 8 1 0 1 0 0 0 0 0 0 1240 429 27 22 4 3 3 1 0 2 1 0 0
523 247 8 8 1 0 1 0 0 0 0 0 0 1247 434 27 22 5 3 3 1 0 2 1 0 0
538 260 9 8 1 1 1 0 0 0 0 0 0 1321 458 27 23 5 4 3 1 0 2 1 0 0
557 268 9 8 1 1 1 0 0 0 0 0 0 1333 476 28 23 5 4 3 1 0 2 1 0 0
581 278 11 9 1 1 1 0 0 1 0 0 0 1339 488 28 23 5 4 3 1 0 2 1 0 0
597 288 11 9 1 1 1 0 0 1 0 0 0 1444 508 28 25 6 4 3 1 0 2 1 0 0
630 298 11 9 1 1 1 0 0 1 0 0 0 1462 521 28 25 7 4 4 2 0 2 1 0 0
