# scores for worst/random/best/smart move selector strategies. 
# scores are 50% and 95% quantiles (based on 40 games) of: 
# game score, #destroyed, #unlocked, #stripes, #bombs, #zappers
3 3 0 0 0 0 0 0 0 0 0 0 0 8 8 0 0 0 0 0 0 0 0 0 0 0
6 6 0 0 0 0 0 0 0 0 0 0 0 13 13 0 0 0 0 0 0 0 0 0 0 0
9 9 0 0 0 0 0 0 0 0 0 0 0 18 18 0 0 0 0 0 0 0 0 0 0 0
12 12 0 0 0 0 0 0 0 0 0 0 0 24 24 0 0 0 0 0 0 0 0 0 0 0
18 18 0 0 0 0 0 0 0 0 0 0 0 30 30 0 0 0 0 0 0 0 0 0 0 0
21 21 0 0 0 0 0 0 0 0 0 0 0 62 33 0 1 0 0 0 0 0 0 0 0 0
24 24 0 0 0 0 0 0 0 0 0 0 0 66 38 0 1 0 0 0 0 0 0 0 0 0
30 30 0 0 0 0 0 0 0 0 0 0 0 69 42 0 1 0 0 0 0 0 0 0 0 0
33 33 0 0 0 0 0 0 0 0 0 0 0 72 47 0 1 0 0 0 0 0 0 0 0 0
36 36 0 0 0 0 0 0 0 0 0 0 0 75 50 0 1 0 0 0 0 0 0 0 0 0
43 43 0 0 0 0 0 0 0 0 0 0 0 91 55 0 1 0 0 0 0 0 0 0 0 0
46 46 0 0 0 0 0 0 0 0 0 0 0 94 58 0 1 0 0 0 0 0 0 0 0 0
51 50 0 0 0 0 0 0 0 0 0 0 0 97 62 0 1 0 0 0 0 0 0 0 0 0
55 54 0 0 0 0 0 0 0 0 0 0 0 101 66 0 1 0 0 0 0 0 0 0 0 0
60 59 0 0 0 0 0 0 0 0 0 0 0 109 72 0 1 0 0 0 0 0 0 0 0 0
66 63 0 0 0 0 0 0 0 0 0 0 0 112 78 0 1 0 0 0 0 0 0 0 0 0
73 68 0 0 0 0 0 0 0 0 0 0 0 117 83 0 1 0 0 0 0 0 0 0 0 0
79 71 0 0 0 0 0 0 0 0 0 0 0 128 86 0 1 0 0 0 0 0 0 0 0 0
87 76 0 0 0 0 0 0 0 0 0 0 0 131 94 0 1 0 0 0 0 0 0 0 0 0
94 83 0 0 0 0 0 0 0 0 0 0 0 134 97 0 1 0 0 0 0 0 0 0 0 0
101 86 0 0 0 0 0 0 0 0 0 0 0 140 106 0 1 0 0 0 0 0 0 0 0 0
104 89 0 0 0 0 0 0 0 0 0 0 0 143 109 0 1 0 0 0 0 0 0 0 0 0
113 93 0 0 0 0 0 0 0 0 0 0 0 147 113 0 1 0 0 0 0 0 0 0 0 0
117 98 0 0 0 0 0 0 0 0 0 0 0 150 118 0 1 0 0 0 0 0 0 0 0 0
122 101 0 0 0 0 0 0 0 0 0 0 0 153 121 0 1 0 0 0 0 0 0 0 0 0
127 106 0 0 0 0 0 0 0 0 0 0 0 158 124 0 1 0 1 0 0 0 1 0 0 0
131 110 0 0 0 0 0 0 0 0 0 0 0 162 127 0 1 0 1 0 0 0 1 0 0 0
136 113 0 0 0 0 0 0 0 0 0 0 0 165 131 0 1 0 1 0 0 0 1 0 0 0
139 116 0 0 0 0 0 0 0 0 0 0 0 195 137 0 2 0 1 0 0 0 1 0 0 0
143 122 0 0 0 0 0 0 0 0 0 0 0 202 143 0 2 0 1 0 0 0 1 0 0 0
149 126 0 0 0 0 0 0 0 0 0 0 0 206 148 0 2 0 1 0 0 0 1 0 0 0
152 130 0 0 0 0 0 0 0 0 0 0 0 231 151 0 3 0 1 0 0 0 1 0 0 0
159 133 0 1 0 0 0 0 0 0 0 0 0 234 161 0 3 0 1 0 0 0 1 0 0 0
162 137 0 1 0 0 0 0 0 0 0 0 0 242 164 0 3 0 1 0 0 0 1 0 0 0
168 141 0 1 0 0 0 0 0 0 0 0 0 246 167 0 3 0 1 0 0 0 1 0 0 0
175 147 0 1 0 0 0 0 0 0 0 0 0 253 170 0 3 0 1 0 0 0 1 0 0 0
182 150 0 1 0 0 0 0 0 0 0 0 0 258 173 0 3 0 1 0 0 0 1 0 0 0
186 154 0 1 0 0 0 0 0 0 0 0 0 261 177 0 3 0 1 0 0 0 1 0 0 0
189 158 0 1 0 0 0 0 0 0 0 0 0 264 180 0 3 0 1 0 0 0 1 0 0 0
194 163 0 1 0 0 0 0 0 0 0 0 0 267 186 0 3 0 1 0 0 0 1 0 0 0
201 169 0 1 0 0 0 0 0 0 0 0 0 277 189 0 3 0 1 0 0 0 1 0 0 0
