# scores for worst/random/best/smart move selector strategies. 
# scores are 50% and 95% quantiles (based on 40 games) of: 
# game score, #destroyed, #unlocked, #stripes, #bombs, #zappers
12 12 0 0 0 0 0 0 0 0 0 0 0 72 38 0 1 0 0 0 0 0 0 0 0 0
49 24 0 0 0 0 0 0 0 0 0 0 0 534 174 2 5 3 1 0 0 0 1 0 0 0
121 52 0 1 0 0 0 0 0 0 0 0 0 883 280 5 17 8 2 1 0 0 1 1 0 0
223 84 0 2 1 0 0 0 0 0 0 0 0 1687 588 10 27 24 6 1 1 0 2 1 1 0
629 185 1 4 2 1 0 0 0 0 0 0 0 3407 736 14 34 38 9 1 1 0 2 1 1 1
954 292 2 7 6 2 0 0 0 0 0 0 0 4566 888 14 38 43 10 1 1 1 2 1 1 1
1281 374 2 9 8 2 0 0 0 1 0 0 0 5512 1087 14 44 48 13 1 1 1 3 1 1 1
1638 472 2 15 11 3 0 0 0 1 0 0 0 6090 1368 14 52 52 13 1 1 1 4 1 1 1
1974 572 2 23 12 4 0 0 0 1 0 0 0 6713 1588 14 61 72 15 1 1 1 4 1 2 1
2810 694 2 32 28 5 0 0 0 1 1 0 0 6842 1876 14 62 76 18 1 2 1 4 2 2 1
3113 855 2 36 32 8 0 0 0 2 1 0 0 7166 1939 14 78 81 19 1 2 1 4 2 2 1
3909 1015 2 39 40 9 0 0 0 2 1 1 0 7441 2031 14 84 84 20 1 2 1 5 2 2 1
4640 1142 2 44 43 11 0 0 0 3 1 1 0 7959 2088 14 93 91 21 1 2 1 5 3 2 1
4853 1217 2 46 50 12 0 0 0 3 1 1 0 9196 2478 14 93 105 26 1 2 1 6 3 3 1
5594 1381 2 51 61 15 0 1 0 4 1 1 0 9734 2588 14 93 106 31 2 2 1 6 3 3 1
6126 1486 2 55 67 16 0 1 0 4 1 1 0 9983 2655 14 100 114 31 2 2 1 6 3 3 1
6449 1588 2 66 68 17 0 1 0 4 1 1 0 10763 2772 14 121 122 33 2 2 1 6 4 4 1
7154 1694 2 71 75 18 0 1 0 4 1 2 0 11054 2892 14 129 124 34 2 2 1 6 4 4 1
7668 1821 2 73 79 19 0 1 0 5 1 2 0 11802 3039 14 130 127 37 2 2 2 7 4 4 1
7877 1873 2 75 81 19 0 1 0 5 1 2 0 12399 3300 14 136 129 38 2 3 2 7 4 4 1
8516 1935 2 81 83 21 0 1 0 5 2 2 0 12783 3351 14 137 132 39 2 3 2 8 4 4 1
9021 2066 2 89 88 21 0 1 0 5 2 2 0 13062 3495 14 138 141 41 2 3 2 8 4 4 1
9736 2273 2 91 96 23 0 1 0 5 2 2 0 13499 3643 14 145 151 42 2 3 2 9 4 4 1
10480 2523 2 94 108 24 0 1 0 5 2 2 0 14490 3801 14 150 156 45 2 3 2 9 4 4 1
10954 2579 2 97 110 25 1 1 0 5 2 3 0 14740 3930 14 152 164 47 2 3 2 9 4 5 1
11208 2631 2 99 112 26 1 1 0 6 2 3 0 15769 4000 14 156 176 53 2 3 2 10 4 5 2
11378 2761 2 103 115 29 1 1 0 6 2 3 0 16388 4123 14 159 184 54 2 3 2 11 4 5 2
11530 2893 2 105 117 29 1 1 1 6 2 3 0 17599 4365 14 162 190 56 2 3 3 11 4 5 2
12155 2992 2 109 123 30 1 2 1 6 2 3 0 17982 4509 14 177 199 57 2 3 3 12 5 5 2
12586 3053 2 110 125 31 1 2 1 6 2 3 0 18365 4582 14 185 204 58 2 3 3 12 5 5 2
12884 3123 2 119 135 32 1 2 1 6 2 3 0 18776 4733 14 190 208 59 3 3 3 12 5 6 2
13705 3321 2 128 140 34 1 2 1 7 2 3 0 19397 4879 14 195 228 60 3 4 3 13 5 6 2
13978 3504 2 132 143 35 1 2 1 7 2 3 0 20007 4971 14 207 230 61 3 4 3 13 6 6 2
14845 3571 2 137 151 37 1 2 1 7 3 3 1 20496 5057 14 215 241 62 3 4 3 13 6 7 2
15421 3734 2 140 160 40 1 2 1 7 3 3 1 21366 5327 14 218 243 65 3 4 3 14 6 7 2
16083 3888 2 140 162 42 1 2 1 8 3 3 1 21967 5425 14 219 249 70 3 4 3 14 6 7 2
16926 4055 2 145 169 43 1 2 1 8 3 4 1 22384 5664 14 222 264 73 3 4 3 14 6 7 2
17049 4223 2 151 173 46 1 2 1 8 3 4 1 23223 5782 14 225 280 75 3 4 3 14 6 8 3
17557 4354 2 159 183 47 1 2 1 9 3 4 1 24428 5932 14 241 285 77 3 4 3 14 6 8 3
18117 4464 2 164 185 49 1 2 1 9 3 4 1 24633 6078 14 246 296 79 3 4 3 14 7 9 3
18601 4613 2 170 185 51 1 2 1 10 3 4 1 24910 6227 14 249 299 79 3 4 3 15 7 9 3
