# scores for worst/random/best/smart move selector strategies. 
# scores are 50% and 95% quantiles (based on 40 games) of: 
# game score, #destroyed, #unlocked, #stripes, #bombs, #zappers
12 12 0 0 0 0 0 0 0 0 0 0 0 72 38 0 1 0 0 0 0 0 0 0 0 0
20 20 0 0 0 0 0 0 0 0 0 0 0 247 126 0 2 2 0 0 0 0 0 0 0 0
26 26 0 0 0 0 0 0 0 0 0 0 0 679 246 0 4 5 1 0 0 0 0 0 0 0
40 35 0 0 0 0 0 0 0 0 0 0 0 697 263 1 5 5 1 0 0 0 0 0 0 0
47 42 0 0 0 0 0 0 0 0 0 0 0 714 268 1 5 5 1 0 0 0 0 0 0 0
60 46 0 0 0 0 0 0 0 0 0 0 0 742 273 1 5 6 1 0 0 0 0 0 0 0
67 53 0 0 0 0 0 0 0 0 0 0 0 749 280 2 5 6 1 0 0 0 0 0 0 0
95 63 0 0 0 0 0 0 0 0 0 0 0 864 325 2 6 7 2 0 0 0 0 0 0 0
101 71 0 0 0 0 0 0 0 0 0 0 0 904 360 2 6 7 2 0 0 0 0 0 0 0
123 75 0 1 0 0 0 0 0 0 0 0 0 1084 395 2 6 8 2 0 0 0 0 0 0 0
172 109 0 1 0 0 0 0 0 0 0 0 0 1111 424 2 6 8 2 0 0 0 0 0 0 0
183 116 0 1 1 0 0 0 0 0 0 0 0 1287 467 2 9 12 4 0 0 0 0 0 0 0
196 130 0 1 1 0 0 0 0 0 0 0 0 1290 470 2 9 12 4 0 0 0 0 0 0 0
230 135 0 1 1 0 0 0 0 0 0 0 0 1567 578 2 9 15 5 0 0 0 0 0 0 0
236 144 0 1 2 0 0 0 0 0 0 0 0 1576 589 3 10 15 5 0 0 0 0 0 0 0
262 176 0 1 2 0 0 0 0 0 0 0 0 1583 593 3 10 15 5 0 0 0 0 0 0 0
356 195 0 2 2 0 0 0 0 0 0 0 0 1879 689 4 11 16 6 0 0 0 0 0 0 0
382 200 0 2 2 0 0 0 0 0 0 0 0 1886 695 5 11 17 6 0 0 0 0 0 0 0
424 209 0 3 2 0 0 0 0 0 0 0 0 1930 723 5 12 17 6 0 0 0 0 0 0 0
460 232 0 3 2 0 0 0 0 0 0 0 0 1954 744 5 12 17 6 0 0 0 0 0 0 0
523 288 0 4 5 0 0 0 0 0 0 0 0 2187 797 6 12 18 9 0 0 0 0 0 0 0
742 319 0 4 5 0 0 0 0 0 0 0 0 2360 834 6 12 20 9 0 0 0 0 0 0 0
776 343 0 5 5 0 0 0 0 0 0 0 0 2374 847 6 12 20 9 0 0 0 0 0 0 0
801 388 0 5 6 0 0 0 0 0 0 0 0 2402 858 6 12 20 9 0 0 0 0 0 0 0
890 412 0 7 6 0 0 0 0 0 0 0 0 2407 864 6 16 20 9 0 0 0 0 0 0 0
893 435 0 8 6 0 0 0 0 0 0 0 0 2647 917 6 18 21 10 0 0 0 0 0 0 0
906 444 0 8 6 0 0 0 0 0 0 0 0 2665 935 6 18 21 10 0 0 0 0 0 0 0
911 452 0 8 6 0 0 0 0 0 0 0 0 2681 943 6 18 21 10 0 0 0 0 0 0 0
927 459 0 8 6 0 0 0 0 0 0 0 0 3734 1307 6 24 27 15 0 0 0 0 0 0 0
963 480 0 9 7 1 0 0 0 0 0 0 0 4462 1524 6 27 36 17 0 0 0 0 0 0 0
1014 499 0 9 8 1 0 0 0 0 0 0 0 4465 1527 6 27 36 17 0 0 0 0 0 0 0
1277 602 0 11 8 1 0 0 0 0 0 0 0 4471 1535 6 27 38 17 0 0 0 0 0 0 0
1335 627 0 12 9 1 0 0 0 0 0 0 0 4475 1539 6 29 39 17 0 0 0 0 0 0 0
1396 641 0 12 10 1 0 0 0 0 0 0 0 4478 1542 6 29 39 17 0 0 0 0 0 0 0
1468 656 0 13 10 1 0 0 0 0 0 0 0 4481 1545 6 29 39 17 0 0 0 0 0 0 0
1617 716 0 13 11 1 0 0 0 0 0 0 0 4894 1679 6 29 39 18 0 0 0 0 0 0 0
1641 721 0 14 11 2 0 0 0 0 0 0 0 4905 1689 6 29 39 18 0 0 0 0 0 0 0
1905 759 0 14 15 2 0 0 0 0 0 0 0 4975 1719 6 30 39 18 0 0 0 0 0 0 0
1922 767 0 14 15 2 0 0 0 0 0 0 0 4981 1725 6 31 39 19 0 0 0 0 0 0 0
1935 787 0 15 15 2 0 0 0 0 0 0 0 5529 1914 6 32 44 19 0 0 0 0 0 0 0
1938 790 0 15 15 2 0 0 0 0 0 0 0 5696 1937 6 32 44 19 0 0 0 0 0 0 0
