# scores for worst/random/best/smart move selector strategies. 
# scores are 50% and 95% quantiles (based on 40 games) of: 
# game score, #destroyed, #unlocked, #stripes, #bombs, #zappers
3 3 0 0 0 0 0 0 0 0 0 0 0 17 17 0 0 0 0 0 0 0 0 0 0 0
8 8 0 0 0 0 0 0 0 0 0 0 0 21 21 0 0 0 0 0 0 0 0 0 0 0
14 14 0 0 0 0 0 0 0 0 0 0 0 75 26 0 0 0 1 0 0 0 1 0 0 0
19 19 0 0 0 0 0 0 0 0 0 0 0 82 32 0 1 0 1 0 0 0 1 0 0 0
25 25 0 0 0 0 0 0 0 0 0 0 0 288 73 5 5 1 1 1 0 0 1 0 0 0
34 33 0 0 0 0 0 0 0 0 0 0 0 408 98 8 8 2 1 1 1 0 1 0 0 0
39 38 0 0 0 0 0 0 0 0 0 0 0 418 102 8 8 2 1 1 1 0 1 0 0 0
47 42 0 0 0 0 0 0 0 0 0 0 0 422 107 8 8 2 1 1 1 0 1 0 0 0
80 49 0 0 0 0 0 0 0 0 0 0 0 434 114 8 9 2 1 1 1 0 1 0 0 0
111 58 1 1 0 0 0 0 0 0 0 0 0 488 129 10 11 2 1 1 1 0 1 0 0 0
149 71 1 2 0 0 0 0 0 0 0 0 0 494 135 10 11 3 1 1 1 0 1 0 0 0
289 88 2 5 1 0 0 0 0 0 0 0 0 498 140 10 12 3 1 1 1 0 1 0 0 0
300 100 2 5 1 0 0 0 0 0 0 0 0 563 152 10 12 3 1 1 1 0 1 0 0 0
350 106 3 6 1 0 0 0 0 0 0 0 0 625 176 10 12 3 1 1 1 0 1 0 0 0
369 111 4 6 2 0 0 0 0 0 0 0 0 741 182 10 16 3 1 2 1 0 1 0 0 0
412 121 5 7 2 0 0 0 0 0 0 0 0 746 188 11 17 3 1 2 1 0 1 0 0 0
418 128 5 8 2 0 1 0 0 0 0 0 0 750 196 11 17 3 1 2 1 0 1 0 0 0
435 139 5 8 2 0 1 0 0 0 0 0 0 771 210 11 17 3 1 2 1 0 1 0 0 0
458 145 6 9 2 0 1 0 0 0 0 0 0 778 215 11 17 4 1 2 1 0 1 0 0 0
473 150 6 9 2 0 1 0 0 0 0 0 0 803 220 11 17 4 1 2 1 0 1 0 0 0
491 155 7 9 2 0 1 0 0 0 0 0 0 823 226 11 17 4 1 2 1 0 1 0 0 0
503 161 7 9 2 0 1 0 0 0 0 0 0 853 231 11 18 4 1 3 1 0 1 0 0 0
512 168 7 9 2 0 1 0 0 0 0 0 0 911 235 11 19 4 1 3 1 0 1 0 0 0
523 176 7 10 2 0 1 0 0 0 0 0 0 915 239 11 19 4 1 3 1 0 1 0 0 0
542 186 7 10 2 0 1 0 0 0 0 0 0 935 254 11 19 4 2 3 1 0 2 0 0 0
559 194 7 10 2 0 1 0 0 0 0 0 0 947 266 11 19 4 2 3 1 0 2 0 0 0
568 201 7 11 2 0 1 0 0 0 0 0 0 974 272 11 19 4 2 3 1 0 2 0 0 0
606 211 7 11 2 0 1 0 0 0 0 0 0 982 277 11 19 5 2 3 1 1 2 0 0 0
623 220 7 11 2 0 1 0 0 0 0 0 0 990 283 11 19 6 2 3 1 1 2 0 0 0
649 230 7 12 2 0 1 0 0 0 0 0 0 1011 292 11 20 6 2 3 1 1 2 0 0 0
674 236 7 12 2 0 1 1 0 0 0 0 0 1050 305 11 21 6 2 3 1 1 2 0 0 0
681 245 7 13 2 0 1 1 0 0 0 0 0 1075 311 11 21 6 2 3 1 1 2 0 0 0
696 252 7 13 2 0 1 1 0 0 0 0 0 1079 318 11 21 6 2 3 1 1 2 0 0 0
713 258 7 14 2 0 1 1 0 0 0 0 0 1083 326 11 21 6 2 4 1 1 2 0 0 0
730 265 7 14 2 0 1 1 0 0 0 0 0 1124 334 11 22 6 2 4 1 1 2 0 0 0
755 273 7 14 3 0 2 1 0 0 0 0 0 1175 350 11 23 6 2 4 1 1 2 0 0 0
762 282 7 15 3 0 2 1 0 0 0 0 0 1181 356 11 23 6 2 4 1 1 2 0 0 0
765 287 7 15 3 0 2 1 0 0 0 0 0 1232 371 11 28 6 2 4 1 1 2 1 0 0
771 293 7 15 3 0 2 1 0 0 0 0 0 1242 378 11 28 6 2 5 2 1 2 1 0 0
798 301 7 15 3 0 2 1 0 0 0 0 0 1248 383 11 28 6 2 5 2 1 2 1 0 0
826 307 7 15 3 0 2 1 0 0 0 0 0 1258 390 11 28 6 2 5 2 1 2 1 0 0
