# scores for worst/random/best/smart move selector strategies. 
# scores are 50% and 95% quantiles (based on 40 games) of: 
# game score, #destroyed, #unlocked, #stripes, #bombs, #zappers
3 3 0 0 0 0 0 0 0 0 0 0 0 17 15 0 0 0 0 0 0 0 0 0 0 0
6 6 0 0 0 0 0 0 0 0 0 0 0 20 18 0 0 0 0 0 0 0 0 0 0 0
9 9 0 0 0 0 0 0 0 0 0 0 0 23 21 0 0 0 0 0 0 0 0 0 0 0
12 12 0 0 0 0 0 0 0 0 0 0 0 44 28 0 0 0 0 0 0 0 0 0 0 0
15 15 0 0 0 0 0 0 0 0 0 0 0 48 33 0 0 0 0 0 0 0 0 0 0 0
18 18 0 0 0 0 0 0 0 0 0 0 0 51 35 0 0 0 0 0 0 0 0 0 0 0
23 22 0 0 0 0 0 0 0 0 0 0 0 134 56 0 1 0 0 0 0 0 0 0 0 0
27 27 0 0 0 0 0 0 0 0 0 0 0 137 59 0 1 0 0 0 0 0 0 0 0 0
32 32 0 0 0 0 0 0 0 0 0 0 0 147 64 0 2 0 0 0 0 0 0 0 0 0
37 36 0 0 0 0 0 0 0 0 0 0 0 148 67 0 3 1 0 0 0 0 0 0 0 0
41 40 0 0 0 0 0 0 0 0 0 0 0 195 80 1 4 1 0 0 0 0 0 0 0 0
48 46 0 0 0 0 0 0 0 0 0 0 0 217 85 1 4 1 0 0 0 0 0 0 0 0
58 53 0 0 0 0 0 0 0 0 0 0 0 227 88 3 4 2 0 0 0 0 0 0 0 0
79 56 0 1 0 0 0 0 0 0 0 0 0 236 98 3 4 2 0 1 0 0 0 0 0 0
85 63 0 1 0 0 0 0 0 0 0 0 0 267 108 3 5 2 0 1 0 0 0 0 0 0
95 69 0 1 0 0 0 0 0 0 0 0 0 287 111 3 5 2 0 1 0 0 0 0 0 0
107 75 0 1 0 0 0 0 0 0 0 0 0 328 120 3 6 2 1 1 0 0 1 0 0 0
140 80 0 1 0 0 0 0 0 0 0 0 0 378 134 3 7 2 1 1 1 0 1 0 0 0
164 88 0 2 0 0 0 0 0 0 0 0 0 413 156 3 7 2 1 1 1 0 1 0 0 0
172 97 0 2 0 0 0 0 0 0 0 0 0 438 159 3 7 2 1 1 1 0 1 0 0 0
181 103 0 3 0 0 0 0 0 0 0 0 0 441 162 3 7 2 1 1 1 0 1 0 0 0
189 106 0 3 0 0 0 0 0 0 0 0 0 446 170 3 7 2 1 1 1 0 1 0 0 0
198 110 0 3 0 0 0 0 0 0 0 0 0 484 179 3 7 3 1 1 1 0 1 0 0 0
200 114 0 3 0 0 0 0 0 0 0 0 0 487 182 3 7 3 1 1 1 0 1 0 0 0
203 120 1 3 0 0 0 0 0 0 0 0 0 507 187 3 7 3 1 1 1 0 1 0 0 0
255 127 1 4 0 0 0 0 0 0 0 0 0 510 190 3 7 3 1 1 1 0 1 0 0 0
270 134 1 4 1 0 0 0 0 0 0 0 0 514 200 3 8 3 1 1 1 0 1 0 0 0
302 140 1 5 1 0 0 0 0 0 0 0 0 521 208 3 9 3 1 1 1 0 1 0 0 0
308 147 1 5 1 0 0 0 0 0 0 0 0 524 212 4 9 3 1 1 1 0 1 0 0 0
323 155 1 5 1 0 0 0 0 0 0 0 0 530 224 4 9 3 1 1 1 0 1 0 0 0
340 160 1 5 1 0 0 0 0 0 0 0 0 567 236 4 9 3 1 1 1 0 1 0 0 0
350 165 1 5 1 0 0 0 0 0 0 0 0 570 239 4 9 3 1 2 1 0 1 0 0 0
354 168 1 5 1 0 0 0 0 0 0 0 0 622 254 4 9 3 1 2 1 0 1 0 0 0
366 171 1 6 1 0 0 0 0 0 0 0 0 625 262 4 10 3 1 2 1 0 1 0 0 0
395 180 1 6 1 0 0 0 0 0 0 0 0 634 268 4 10 3 1 2 1 0 1 0 0 0
413 185 1 7 2 0 0 0 0 0 0 0 0 637 271 4 10 3 1 2 1 0 1 0 0 0
428 202 1 7 2 0 0 0 0 0 0 0 0 641 277 4 10 3 1 2 1 0 1 0 0 0
445 205 1 7 2 0 0 0 0 0 0 0 0 644 282 4 10 3 1 2 1 0 1 0 0 0
455 210 1 7 2 0 0 0 0 0 0 0 0 666 286 4 10 3 1 2 1 0 1 0 0 0
458 213 1 7 2 0 0 0 0 0 0 0 0 669 291 4 10 3 1 2 1 0 1 0 0 0
461 216 1 7 2 0 0 0 0 0 0 0 0 672 294 4 10 3 1 2 1 0 1 0 0 0
