# scores for worst/random/best/smart move selector strategies. 
# scores are 50% and 95% quantiles (based on 40 games) of: 
# game score, #destroyed, #unlocked, #stripes, #bombs, #zappers
3 3 0 0 0 0 0 0 0 0 0 0 0 17 17 0 0 0 0 0 0 0 0 0 0 0
9 9 0 0 0 0 0 0 0 0 0 0 0 33 31 0 0 0 0 0 0 0 0 0 0 0
17 17 0 0 0 0 0 0 0 0 0 0 0 132 44 5 3 1 1 1 0 0 1 0 0 0
50 29 0 0 0 0 0 0 0 0 0 0 0 364 84 9 7 2 1 1 1 0 1 0 0 0
95 42 1 2 0 0 0 0 0 0 0 0 0 393 102 10 8 3 1 1 1 0 1 0 0 0
129 53 4 3 0 0 0 0 0 0 0 0 0 427 114 11 8 3 1 1 1 0 1 0 0 0
351 79 7 6 2 0 0 0 0 0 0 0 0 458 123 11 9 3 1 1 1 0 1 0 0 0
361 88 7 7 2 0 0 0 0 0 0 0 0 507 137 11 10 3 1 2 1 1 1 0 0 0
383 101 7 7 2 0 0 0 0 0 0 0 0 585 164 11 10 4 2 2 1 1 1 0 0 0
410 109 7 8 2 0 0 0 0 0 0 0 0 597 176 11 10 4 2 2 1 1 1 0 0 0
439 119 8 9 2 0 1 0 0 0 0 0 0 632 185 12 11 4 2 2 1 1 1 0 0 0
445 127 8 9 2 0 1 0 0 0 0 0 0 641 197 12 11 4 2 2 1 1 1 0 0 0
460 136 8 9 2 0 1 0 0 0 0 0 0 656 206 12 12 4 2 2 1 1 1 0 0 0
485 148 8 9 2 0 1 0 0 0 0 0 0 743 225 12 13 5 2 2 1 1 1 0 0 0
526 160 9 10 3 0 1 1 0 0 0 0 0 761 236 12 13 5 2 2 1 1 1 0 0 0
544 167 9 10 3 0 1 1 0 0 0 0 0 774 243 12 13 5 2 2 1 1 2 0 0 0
558 173 9 10 3 0 1 1 0 0 0 0 0 779 255 12 14 5 2 2 1 1 2 0 0 0
571 184 9 11 3 0 1 1 0 0 0 0 0 832 268 12 14 5 2 2 1 1 2 0 0 0
615 193 9 11 3 1 1 1 0 0 0 0 0 858 279 12 14 5 2 2 1 1 2 0 0 0
658 206 9 12 3 1 1 1 0 1 0 0 0 874 294 12 14 5 2 2 2 1 2 0 0 0
666 222 9 12 3 1 2 1 0 1 0 0 0 931 308 12 15 6 2 2 2 1 2 0 0 0
701 234 9 13 3 1 2 1 0 1 0 0 0 961 320 12 15 6 2 2 2 1 2 0 0 0
730 244 9 13 3 1 2 1 0 1 0 0 0 968 330 12 16 6 3 3 2 1 3 0 0 0
741 256 9 13 3 1 2 1 0 1 0 0 0 1071 353 12 22 6 3 3 2 1 3 0 0 0
760 270 9 14 3 1 2 1 0 1 0 0 0 1167 365 12 29 6 3 3 2 1 3 1 0 0
809 279 9 14 3 1 2 1 0 1 0 0 0 1208 376 12 29 6 3 3 2 1 3 1 0 0
829 291 9 14 3 1 2 1 0 1 0 0 0 1290 386 12 30 7 3 3 2 1 3 1 0 0
856 298 9 15 3 1 2 1 0 1 0 0 0 1343 396 12 32 7 3 3 2 1 3 1 0 0
872 313 9 15 3 1 2 1 0 1 0 0 0 1350 411 12 32 7 4 3 2 1 4 1 0 0
896 323 9 15 3 1 2 1 0 1 0 0 0 1366 415 12 32 7 4 4 2 1 4 1 0 0
944 336 9 15 3 1 2 1 0 1 0 0 0 1404 435 12 33 7 4 4 2 1 4 1 0 0
971 354 9 16 4 2 2 1 0 1 0 0 0 1448 449 12 33 7 4 4 2 1 4 1 0 0
980 361 9 16 4 2 2 1 0 1 0 0 0 1491 470 12 33 7 5 4 2 1 4 1 0 0
1017 372 9 16 4 2 2 1 0 1 0 0 0 1516 477 12 34 8 5 4 2 1 5 1 0 0
1043 381 9 16 4 2 2 1 0 2 0 0 0 1574 502 12 34 8 5 4 2 1 5 1 0 0
1062 390 9 17 4 2 2 1 0 2 0 0 0 1645 527 12 34 8 5 4 2 1 5 1 0 0
1074 403 9 17 4 2 2 1 0 2 0 0 0 1714 533 12 35 8 5 4 2 1 5 1 0 0
1104 407 9 18 4 2 2 1 0 2 0 0 0 1722 541 12 35 8 5 4 3 1 5 1 0 0
1114 417 9 18 4 2 2 1 0 2 0 0 0 1908 549 12 40 12 5 4 3 1 5 1 0 0
1143 431 9 19 4 2 2 1 0 2 0 0 0 1916 561 12 40 12 5 4 3 1 5 1 0 0
1182 443 9 19 4 2 2 1 0 2 0 0 0 1922 567 12 41 12 5 4 3 1 5 1 0 0
