# scores for worst/random/best/smart move selector strategies. 
# scores are 50% and 95% quantiles (based on 40 games) of: 
# game score, #destroyed, #unlocked, #stripes, #bombs, #zappers
3 3 0 0 0 0 0 0 0 0 0 0 0 17 17 0 0 0 0 0 0 0 0 0 0 0
6 6 0 0 0 0 0 0 0 0 0 0 0 20 20 0 0 0 0 0 0 0 0 0 0 0
10 10 0 0 0 0 0 0 0 0 0 0 0 26 26 0 0 0 0 0 0 0 0 0 0 0
13 13 0 0 0 0 0 0 0 0 0 0 0 32 32 0 0 0 0 0 0 0 0 0 0 0
16 16 0 0 0 0 0 0 0 0 0 0 0 35 35 0 0 0 0 0 0 0 0 0 0 0
21 21 0 0 0 0 0 0 0 0 0 0 0 42 39 0 0 0 0 0 0 0 0 0 0 0
25 25 0 0 0 0 0 0 0 0 0 0 0 45 42 0 0 0 0 0 0 0 0 0 0 0
29 29 0 0 0 0 0 0 0 0 0 0 0 50 45 0 0 0 0 0 0 0 0 0 0 0
33 33 0 0 0 0 0 0 0 0 0 0 0 54 49 0 0 0 0 0 0 0 0 0 0 0
39 39 0 0 0 0 0 0 0 0 0 0 0 64 52 0 0 0 0 0 0 0 0 0 0 0
43 43 0 0 0 0 0 0 0 0 0 0 0 74 61 0 1 0 0 0 0 0 0 0 0 0
48 48 0 0 0 0 0 0 0 0 0 0 0 104 67 0 1 0 0 0 0 0 0 0 0 0
51 51 0 0 0 0 0 0 0 0 0 0 0 115 72 0 1 0 0 0 0 0 0 0 0 0
57 57 0 0 0 0 0 0 0 0 0 0 0 118 76 0 1 0 0 0 0 0 0 0 0 0
60 60 0 0 0 0 0 0 0 0 0 0 0 132 84 0 2 0 0 0 0 0 0 0 0 0
63 63 0 0 0 0 0 0 0 0 0 0 0 136 87 0 2 0 0 0 0 0 0 0 0 0
69 67 0 0 0 0 0 0 0 0 0 0 0 159 93 1 2 0 0 0 0 0 0 0 0 0
74 71 0 0 0 0 0 0 0 0 0 0 0 165 96 1 2 0 0 0 0 0 0 0 0 0
79 75 0 0 0 0 0 0 0 0 0 0 0 170 100 1 2 0 0 0 0 0 0 0 0 0
84 78 0 0 0 0 0 0 0 0 0 0 0 173 103 1 2 1 0 0 0 0 0 0 0 0
87 83 0 0 0 0 0 0 0 0 0 0 0 176 106 1 2 1 0 0 0 0 0 0 0 0
90 85 0 0 0 0 0 0 0 0 0 0 0 179 111 1 2 1 0 0 0 0 0 0 0 0
94 90 0 0 0 0 0 0 0 0 0 0 0 182 114 1 2 1 0 0 0 0 0 0 0 0
102 94 0 0 0 0 0 0 0 0 0 0 0 249 117 3 3 1 0 0 0 0 0 0 0 0
105 98 0 0 0 0 0 0 0 0 0 0 0 252 122 3 3 1 0 0 0 0 0 0 0 0
108 101 0 0 0 0 0 0 0 0 0 0 0 255 126 3 3 1 0 0 0 0 0 0 0 0
123 105 0 1 0 0 0 0 0 0 0 0 0 377 149 7 6 2 0 0 0 0 0 0 0 0
131 109 0 1 0 0 0 0 0 0 0 0 0 380 153 7 6 2 0 0 0 0 0 0 0 0
138 114 0 1 0 0 0 0 0 0 0 0 0 383 158 7 6 2 0 0 0 0 0 0 0 0
143 118 0 1 0 0 0 0 0 0 0 0 0 436 177 7 7 2 0 0 0 0 0 0 0 0
149 122 0 1 0 0 0 0 0 0 0 0 0 441 180 7 7 2 0 0 0 0 0 0 0 0
155 126 0 1 0 0 0 0 0 0 0 0 0 445 187 8 7 2 0 0 0 0 0 0 0 0
164 133 0 1 0 0 0 0 0 0 0 0 0 448 190 8 7 2 0 0 0 0 0 0 0 0
179 138 0 1 0 0 0 0 0 0 0 0 0 451 194 8 7 2 0 0 0 0 0 0 0 0
183 141 0 1 0 0 0 0 0 0 0 0 0 455 197 8 7 2 0 0 0 0 0 0 0 0
190 145 0 1 0 0 0 0 0 0 0 0 0 460 202 8 7 2 0 0 0 0 0 0 0 0
195 151 0 1 0 0 0 0 0 0 0 0 0 465 208 8 7 2 0 0 0 0 0 0 0 0
199 157 0 1 0 0 0 0 0 0 0 0 0 468 211 8 7 2 0 0 0 0 0 0 0 0
205 161 0 1 0 0 0 0 0 0 0 0 0 472 214 8 7 2 0 0 0 0 0 0 0 0
208 165 0 1 0 0 0 0 0 0 0 0 0 477 218 9 8 2 0 0 0 0 0 0 0 0
216 168 0 2 0 0 0 0 0 0 0 0 0 481 221 9 8 2 0 0 0 0 0 0 0 0
