# scores for worst/random/best/smart move selector strategies. 
# scores are 50% and 95% quantiles (based on 40 games) of: 
# game score, #destroyed, #unlocked, #stripes, #bombs, #zappers
0 0 0 0 0 0 0 0 0 0 0 0 0 6 6 0 0 0 0 0 0 0 0 0 0 0
3 3 0 0 0 0 0 0 0 0 0 0 0 9 9 0 0 0 0 0 0 0 0 0 0 0
6 6 0 0 0 0 0 0 0 0 0 0 0 19 19 0 0 0 0 0 0 0 0 0 0 0
12 12 0 0 0 0 0 0 0 0 0 0 0 29 22 0 0 0 0 0 0 0 0 0 0 0
15 15 0 0 0 0 0 0 0 0 0 0 0 35 31 0 0 0 0 0 0 0 0 0 0 0
21 21 0 0 0 0 0 0 0 0 0 0 0 38 36 0 0 0 0 0 0 0 0 0 0 0
24 24 0 0 0 0 0 0 0 0 0 0 0 48 39 0 0 0 0 0 0 0 0 0 0 0
27 27 0 0 0 0 0 0 0 0 0 0 0 58 42 0 0 0 0 0 0 0 0 0 0 0
33 33 0 0 0 0 0 0 0 0 0 0 0 61 47 0 0 0 0 0 0 0 0 0 0 0
36 36 0 0 0 0 0 0 0 0 0 0 0 65 54 0 0 0 0 0 0 0 0 0 0 0
40 39 0 0 0 0 0 0 0 0 0 0 0 68 57 0 1 0 0 0 0 0 0 0 0 0
45 44 0 0 0 0 0 0 0 0 0 0 0 87 62 0 1 0 0 0 0 0 0 0 0 0
49 48 0 0 0 0 0 0 0 0 0 0 0 92 67 0 1 0 0 0 0 0 0 0 0 0
53 51 0 0 0 0 0 0 0 0 0 0 0 96 72 0 1 0 0 0 0 0 0 0 0 0
60 57 0 0 0 0 0 0 0 0 0 0 0 112 81 0 1 0 0 0 0 0 0 0 0 0
63 60 0 0 0 0 0 0 0 0 0 0 0 118 84 0 1 1 1 0 0 0 1 0 0 0
69 66 0 0 0 0 0 0 0 0 0 0 0 121 87 0 1 1 1 0 0 0 1 0 0 0
72 69 0 0 0 0 0 0 0 0 0 0 0 124 90 0 1 1 1 0 0 0 1 0 0 0
75 73 0 0 0 0 0 0 0 0 0 0 0 129 95 0 1 1 1 0 0 0 1 0 0 0
78 78 0 0 0 0 0 0 0 0 0 0 0 147 99 0 1 1 1 0 0 0 1 0 0 0
84 82 0 0 0 0 0 0 0 0 0 0 0 153 102 0 1 1 1 0 0 0 1 0 0 0
90 87 0 0 0 0 0 0 0 0 0 0 0 158 106 0 1 1 1 0 0 0 1 0 0 0
93 93 0 0 0 0 0 0 0 0 0 0 0 162 109 0 2 1 1 0 0 0 1 0 0 0
97 96 0 0 0 0 0 0 0 0 0 0 0 169 112 0 2 1 1 0 0 0 1 0 0 0
101 99 0 0 0 0 0 0 0 0 0 0 0 172 118 0 2 1 1 0 0 0 1 0 0 0
105 102 0 0 0 0 0 0 0 0 0 0 0 176 121 0 2 1 1 0 0 0 1 0 0 0
108 106 0 0 0 0 0 0 0 0 0 0 0 179 133 0 2 1 1 0 0 0 1 0 0 0
119 110 0 0 0 0 0 0 0 0 0 0 0 187 139 0 2 1 1 0 0 0 1 0 0 0
122 114 0 0 0 0 0 0 0 0 0 0 0 199 142 0 2 1 1 0 0 0 1 0 0 0
129 120 0 0 0 0 0 0 0 0 0 0 0 203 145 0 2 1 1 0 0 0 1 0 0 0
142 125 0 0 0 0 0 0 0 0 0 0 0 206 150 0 2 1 1 0 0 0 1 0 0 0
145 128 0 0 0 0 0 0 0 0 0 0 0 223 155 0 2 1 1 0 0 0 1 0 0 0
151 133 0 0 0 0 0 0 0 0 0 0 0 226 158 0 2 1 1 0 0 0 1 0 0 0
156 136 0 0 0 0 0 0 0 0 0 0 0 233 163 0 2 1 1 0 0 0 1 0 0 0
161 141 0 0 0 0 0 0 0 0 0 0 0 248 169 0 2 1 1 0 0 0 1 0 0 0
164 144 0 1 0 0 0 0 0 0 0 0 0 252 172 0 2 1 1 0 0 0 1 0 0 0
168 147 0 1 0 0 0 0 0 0 0 0 0 255 175 0 2 1 1 0 0 0 1 0 0 0
171 151 0 1 0 0 0 0 0 0 0 0 0 263 180 0 2 1 1 0 0 0 1 0 0 0
177 154 0 1 0 0 0 0 0 0 0 0 0 274 187 0 2 1 1 0 0 0 1 0 0 0
181 159 0 1 0 0 0 0 0 0 0 0 0 283 190 0 2 1 1 0 0 0 1 0 0 0
184 163 0 1 0 0 0 0 0 0 0 0 0 290 194 0 2 1 1 0 0 0 1 0 0 0
