# scores for worst/random/best/smart move selector strategies. 
# scores are 50% and 95% quantiles (based on 40 games) of: 
# game score, #destroyed, #unlocked, #stripes, #bombs, #zappers
0 0 0 0 0 0 0 0 0 0 0 0 0 6 6 0 0 0 0 0 0 0 0 0 0 0
3 3 0 0 0 0 0 0 0 0 0 0 0 9 9 0 0 0 0 0 0 0 0 0 0 0
9 9 0 0 0 0 0 0 0 0 0 0 0 18 18 0 0 0 0 0 0 0 0 0 0 0
12 12 0 0 0 0 0 0 0 0 0 0 0 34 23 0 0 0 0 0 0 0 0 0 0 0
18 18 0 0 0 0 0 0 0 0 0 0 0 54 29 0 1 0 0 0 0 0 0 0 0 0
22 22 0 0 0 0 0 0 0 0 0 0 0 71 36 0 1 0 0 0 0 0 0 0 0 0
27 27 0 0 0 0 0 0 0 0 0 0 0 74 40 0 1 0 0 0 0 0 0 0 0 0
32 30 0 0 0 0 0 0 0 0 0 0 0 79 47 0 1 0 0 0 0 0 0 0 0 0
36 35 0 0 0 0 0 0 0 0 0 0 0 113 55 0 2 0 0 0 0 0 0 0 0 0
43 40 0 0 0 0 0 0 0 0 0 0 0 121 61 0 2 1 0 0 0 0 0 0 0 0
52 46 0 0 0 0 0 0 0 0 0 0 0 138 67 0 2 1 0 0 0 0 0 0 0 0
62 50 0 0 0 0 0 0 0 0 0 0 0 141 77 0 2 1 0 0 0 0 0 0 0 0
70 53 0 0 0 0 0 0 0 0 0 0 0 149 83 0 2 1 0 0 0 0 0 0 0 0
77 57 0 0 0 0 0 0 0 0 0 0 0 180 87 0 2 1 1 0 0 0 1 0 0 0
82 62 0 1 0 0 0 0 0 0 0 0 0 204 95 0 2 1 1 0 0 0 1 0 0 0
91 69 0 1 0 0 0 0 0 0 0 0 0 213 102 0 2 1 1 0 0 0 1 0 0 0
101 73 0 1 0 0 0 0 0 0 0 0 0 219 105 0 2 1 1 0 0 0 1 0 0 0
106 77 0 1 0 0 0 0 0 0 0 0 0 222 110 0 3 1 1 0 0 0 1 0 0 0
114 80 0 1 0 0 0 0 0 0 0 0 0 225 116 1 3 1 1 0 0 0 1 0 0 0
117 84 0 1 0 0 0 0 0 0 0 0 0 232 126 1 3 1 1 0 0 0 1 0 0 0
121 87 0 1 0 0 0 0 0 0 0 0 0 256 142 1 4 1 1 0 0 0 1 0 0 0
125 91 0 1 0 0 0 0 0 0 0 0 0 260 146 1 4 1 1 0 0 0 1 0 0 0
129 96 0 1 0 0 0 0 0 0 0 0 0 266 152 1 4 1 1 1 0 0 1 0 0 0
141 101 0 1 0 0 0 0 0 0 0 0 0 290 159 1 4 1 1 1 0 0 1 0 0 0
144 104 0 1 0 0 0 0 0 0 0 0 0 301 165 1 4 1 1 1 0 0 1 0 0 0
147 108 0 1 0 0 0 0 0 0 0 0 0 330 175 1 4 1 1 1 0 0 1 0 0 0
150 112 0 1 0 0 0 0 0 0 0 0 0 366 179 2 5 1 1 1 0 0 1 0 0 0
153 117 0 1 0 0 0 0 0 0 0 0 0 369 182 2 5 1 1 1 0 0 1 0 0 0
162 120 0 1 0 0 0 0 0 0 0 0 0 376 188 2 6 2 1 1 0 0 1 0 0 0
169 128 0 1 0 0 0 0 0 0 0 0 0 393 202 2 7 2 1 1 0 0 1 0 0 0
172 131 0 1 0 0 0 0 0 0 0 0 0 402 213 2 7 2 1 1 0 0 1 0 0 0
184 137 0 1 0 0 0 0 0 0 0 0 0 420 221 2 7 2 1 1 0 0 1 0 0 0
189 141 0 1 0 0 0 0 0 0 0 0 0 457 224 2 7 2 1 1 0 0 1 0 0 0
205 145 0 2 0 0 0 0 0 0 0 0 0 460 228 2 7 2 1 1 0 0 1 0 0 0
215 150 0 2 0 0 0 0 0 0 0 0 0 465 232 2 7 2 1 1 0 0 1 0 0 0
219 153 0 2 0 0 0 0 0 0 0 0 0 468 236 2 7 2 1 1 0 0 1 0 0 0
224 158 0 2 0 0 0 0 0 0 0 0 0 474 241 2 7 2 1 1 0 0 1 0 0 0
228 161 0 2 0 0 0 0 0 0 0 0 0 477 247 2 8 2 1 1 0 0 1 0 0 0
231 165 0 2 0 0 0 0 0 0 0 0 0 482 251 2 8 2 1 1 0 0 1 0 0 0
239 171 0 2 0 0 0 0 0 0 0 0 0 487 259 2 8 2 1 1 0 0 1 0 0 0
247 176 0 2 0 0 0 0 0 0 0 0 0 490 269 2 8 2 1 1 0 0 1 0 0 0
