# scores for worst/random/best/smart move selector strategies. 
# scores are 50% and 95% quantiles (based on 40 games) of: 
# game score, #destroyed, #unlocked, #stripes, #bombs, #zappers
0 0 0 0 0 0 0 0 0 0 0 0 0 6 6 0 0 0 0 0 0 0 0 0 0 0
3 3 0 0 0 0 0 0 0 0 0 0 0 9 9 0 0 0 0 0 0 0 0 0 0 0
9 9 0 0 0 0 0 0 0 0 0 0 0 13 13 0 0 0 0 0 0 0 0 0 0 0
12 12 0 0 0 0 0 0 0 0 0 0 0 21 21 0 0 0 0 0 0 0 0 0 0 0
15 15 0 0 0 0 0 0 0 0 0 0 0 24 24 0 0 0 0 0 0 0 0 0 0 0
18 18 0 0 0 0 0 0 0 0 0 0 0 59 32 0 0 0 0 0 0 0 0 0 0 0
24 24 0 0 0 0 0 0 0 0 0 0 0 63 37 0 0 0 0 0 0 0 0 0 0 0
27 27 0 0 0 0 0 0 0 0 0 0 0 66 40 0 0 0 0 0 0 0 0 0 0 0
32 32 0 0 0 0 0 0 0 0 0 0 0 69 44 0 0 0 0 0 0 0 0 0 0 0
36 36 0 0 0 0 0 0 0 0 0 0 0 75 50 0 0 0 0 0 0 0 0 0 0 0
42 41 0 0 0 0 0 0 0 0 0 0 0 80 53 0 1 0 0 0 0 0 0 0 0 0
45 44 0 0 0 0 0 0 0 0 0 0 0 95 58 0 1 0 0 0 0 0 0 0 0 0
48 48 0 0 0 0 0 0 0 0 0 0 0 98 61 0 1 1 0 0 0 0 0 0 0 0
52 51 0 0 0 0 0 0 0 0 0 0 0 101 64 0 1 1 0 0 0 0 0 0 0 0
57 57 0 0 0 0 0 0 0 0 0 0 0 105 67 0 1 1 0 0 0 0 0 0 0 0
60 60 0 0 0 0 0 0 0 0 0 0 0 108 71 0 1 1 0 0 0 0 0 0 0 0
63 63 0 0 0 0 0 0 0 0 0 0 0 114 77 0 1 1 0 0 0 0 0 0 0 0
66 66 0 0 0 0 0 0 0 0 0 0 0 117 80 0 1 1 0 0 0 0 0 0 0 0
69 69 0 0 0 0 0 0 0 0 0 0 0 122 85 0 1 1 0 0 0 0 0 0 0 0
75 75 0 0 0 0 0 0 0 0 0 0 0 125 88 0 1 1 0 0 0 0 0 0 0 0
78 78 0 0 0 0 0 0 0 0 0 0 0 128 92 0 1 1 0 0 0 0 0 0 0 0
82 81 0 0 0 0 0 0 0 0 0 0 0 132 95 0 1 1 0 0 0 0 0 0 0 0
87 84 0 0 0 0 0 0 0 0 0 0 0 136 101 0 1 1 0 0 0 0 0 0 0 0
93 90 0 0 0 0 0 0 0 0 0 0 0 141 104 0 1 1 0 0 0 0 0 0 0 0
97 94 0 0 0 0 0 0 0 0 0 0 0 151 110 0 1 1 0 0 0 0 0 0 0 0
102 99 0 0 0 0 0 0 0 0 0 0 0 155 114 0 1 1 0 0 0 0 0 0 0 0
105 102 0 0 0 0 0 0 0 0 0 0 0 158 118 0 1 1 0 0 0 0 0 0 0 0
108 105 0 0 0 0 0 0 0 0 0 0 0 197 124 0 2 1 0 0 0 0 0 0 0 0
111 108 0 0 0 0 0 0 0 0 0 0 0 205 128 0 2 1 0 0 0 0 0 0 0 0
117 114 0 0 0 0 0 0 0 0 0 0 0 209 134 0 2 1 0 0 0 0 0 0 0 0
120 119 0 0 0 0 0 0 0 0 0 0 0 214 139 0 2 1 0 0 0 0 0 0 0 0
126 122 0 0 0 0 0 0 0 0 0 0 0 217 142 0 2 1 0 0 0 0 0 0 0 0
129 126 0 0 0 0 0 0 0 0 0 0 0 222 147 0 2 1 0 0 0 0 0 0 0 0
132 131 0 0 0 0 0 0 0 0 0 0 0 225 150 0 2 1 0 0 0 0 0 0 0 0
135 135 0 0 0 0 0 0 0 0 0 0 0 233 156 0 2 1 1 0 0 0 1 0 0 0
140 138 0 0 0 0 0 0 0 0 0 0 0 236 161 0 2 1 1 0 0 0 1 0 0 0
144 142 0 0 0 0 0 0 0 0 0 0 0 239 165 0 2 1 1 0 0 0 1 0 0 0
147 145 0 0 0 0 0 0 0 0 0 0 0 242 168 0 2 1 1 0 0 0 1 0 0 0
150 148 0 0 0 0 0 0 0 0 0 0 0 245 172 0 2 1 1 0 0 0 1 0 0 0
153 153 0 0 0 0 0 0 0 0 0 0 0 258 180 0 2 1 1 0 0 0 1 0 0 0
157 156 0 0 0 0 0 0 0 0 0 0 0 261 183 0 2 1 1 0 0 0 1 0 0 0
