# scores for worst/random/best/smart move selector strategies. 
# scores are 50% and 95% quantiles (based on 40 games) of: 
# game score, #destroyed, #unlocked, #stripes, #bombs, #zappers
1 1 0 0 0 0 0 0 0 0 0 0 0 10 10 0 0 0 0 0 0 0 0 0 0 0
6 6 0 0 0 0 0 0 0 0 0 0 0 16 16 0 0 0 0 0 0 0 0 0 0 0
12 12 0 0 0 0 0 0 0 0 0 0 0 37 24 0 0 0 0 0 0 0 0 0 0 0
19 18 0 0 0 0 0 0 0 0 0 0 0 59 30 1 1 0 0 0 0 0 0 0 0 0
26 23 0 0 0 0 0 0 0 0 0 0 0 71 42 2 1 0 0 0 0 0 0 0 0 0
35 28 0 0 0 0 0 0 0 0 0 0 0 77 47 2 1 1 0 0 0 0 0 0 0 0
49 34 0 0 0 0 0 0 0 0 0 0 0 122 52 4 2 1 0 1 0 0 0 0 0 0
62 39 0 0 0 0 0 0 0 0 0 0 0 179 71 4 2 1 0 1 0 0 0 0 0 0
75 46 0 1 0 0 0 0 0 0 0 0 0 182 77 4 3 1 1 1 1 0 0 0 0 0
88 53 1 1 0 0 0 0 0 0 0 0 0 237 86 4 5 1 1 1 1 0 1 0 0 0
94 59 1 1 0 0 0 0 0 0 0 0 0 251 93 4 5 1 1 1 1 0 1 0 0 0
120 67 2 1 0 0 0 0 0 0 0 0 0 257 99 6 5 1 1 1 1 0 1 0 0 0
138 74 2 2 0 0 0 0 0 0 0 0 0 318 106 6 6 2 1 1 1 0 1 0 0 0
150 82 2 2 0 0 0 0 0 0 0 0 0 326 112 8 6 2 1 1 1 0 1 0 0 0
183 89 2 2 0 0 0 0 0 0 0 0 0 330 120 8 6 2 1 1 1 0 1 0 0 0
193 94 2 3 0 0 0 0 0 0 0 0 0 335 125 8 6 2 1 2 1 0 1 0 0 0
198 101 2 3 0 0 0 0 0 0 0 0 0 360 133 8 6 2 1 2 1 0 1 0 0 0
227 106 2 3 0 0 0 0 0 0 0 0 0 374 138 8 7 2 2 2 1 0 2 0 0 0
238 111 2 3 0 0 0 0 0 0 0 0 0 377 141 8 7 2 2 2 1 1 2 0 0 0
252 123 2 3 0 0 0 0 0 0 0 0 0 385 156 8 7 2 2 2 1 1 2 0 0 0
256 131 2 3 0 0 0 0 0 0 0 0 0 431 161 8 8 2 2 2 1 1 2 0 0 0
271 137 2 4 0 0 0 0 0 0 0 0 0 450 170 8 8 2 3 2 1 1 2 0 0 0
288 144 3 4 0 0 0 0 0 0 0 0 0 468 173 8 8 2 3 2 1 1 2 1 0 0
299 148 3 4 1 0 0 0 0 0 0 0 0 492 181 8 8 2 3 2 1 1 2 1 0 0
333 161 3 5 1 0 0 0 0 0 0 0 0 514 189 8 9 2 3 2 1 1 2 1 0 0
344 165 3 5 1 0 0 0 0 0 0 0 0 535 194 8 9 2 3 2 1 1 2 1 0 0
364 172 3 5 1 0 1 0 0 0 0 0 0 564 217 8 9 2 3 2 1 1 2 1 0 0
376 179 3 5 1 0 1 0 0 0 0 0 0 600 230 8 9 2 3 2 1 1 3 1 0 0
401 187 3 6 1 1 1 0 0 1 0 0 0 648 238 9 9 2 3 2 1 1 3 1 0 0
416 196 3 7 1 1 1 0 0 1 0 0 0 654 246 9 9 2 3 2 1 1 3 1 0 0
427 204 3 7 1 1 1 0 0 1 0 0 0 664 252 9 10 2 3 2 1 1 3 1 0 0
453 209 3 7 1 1 1 0 0 1 0 0 0 681 261 9 10 2 3 2 1 1 3 1 0 0
470 216 3 7 1 1 1 0 0 1 0 0 0 690 271 9 11 2 3 2 1 1 3 1 0 0
475 225 4 7 1 1 1 0 0 1 0 0 0 696 280 9 11 2 3 2 1 1 3 1 0 0
505 232 4 7 1 1 1 0 0 1 0 0 0 700 284 9 11 2 3 3 1 1 3 1 0 0
512 238 4 8 1 1 1 0 0 1 0 0 0 801 292 9 16 2 3 3 1 1 3 1 0 0
523 242 4 8 1 1 1 0 0 1 0 0 0 827 301 9 16 2 4 3 1 1 4 1 0 0
533 246 4 8 1 1 1 0 0 1 0 0 0 1078 305 9 16 3 4 3 1 1 4 1 0 0
548 254 4 8 1 1 1 0 0 1 0 0 0 1081 335 9 16 3 4 3 1 1 4 1 0 0
568 261 4 8 1 1 1 0 0 1 0 0 0 1088 346 9 16 3 4 3 2 1 4 1 0 0
579 269 4 8 1 1 1 0 0 1 0 0 0 1144 354 9 17 3 4 3 2 1 4 1 0 0
