# scores for worst/random/best/smart move selector strategies. 
# scores are 50% and 95% quantiles (based on 40 games) of: 
# game score, #destroyed, #unlocked, #stripes, #bombs, #zappers
1 1 0 0 0 0 0 0 0 0 0 0 0 10 10 0 0 0 0 0 0 0 0 0 0 0
6 6 0 0 0 0 0 0 0 0 0 0 0 16 16 0 0 0 0 0 0 0 0 0 0 0
9 9 0 0 0 0 0 0 0 0 0 0 0 24 24 0 0 0 0 0 0 0 0 0 0 0
12 12 0 0 0 0 0 0 0 0 0 0 0 32 27 0 0 0 0 0 0 0 0 0 0 0
17 17 0 0 0 0 0 0 0 0 0 0 0 35 30 0 0 0 0 0 0 0 0 0 0 0
21 21 0 0 0 0 0 0 0 0 0 0 0 56 40 0 0 0 0 0 0 0 0 0 0 0
24 24 0 0 0 0 0 0 0 0 0 0 0 59 43 0 0 0 0 0 0 0 0 0 0 0
27 27 0 0 0 0 0 0 0 0 0 0 0 62 46 0 0 0 0 0 0 0 0 0 0 0
30 30 0 0 0 0 0 0 0 0 0 0 0 66 49 0 0 0 0 0 0 0 0 0 0 0
33 33 0 0 0 0 0 0 0 0 0 0 0 86 53 0 0 0 0 0 0 0 0 0 0 0
38 38 0 0 0 0 0 0 0 0 0 0 0 89 56 0 0 0 0 0 0 0 0 0 0 0
42 42 0 0 0 0 0 0 0 0 0 0 0 94 61 0 0 0 0 0 0 0 0 0 0 0
45 45 0 0 0 0 0 0 0 0 0 0 0 97 64 0 0 0 0 0 0 0 0 0 0 0
48 48 0 0 0 0 0 0 0 0 0 0 0 100 67 0 0 0 0 0 0 0 0 0 0 0
52 52 0 0 0 0 0 0 0 0 0 0 0 120 74 0 1 0 0 0 0 0 0 0 0 0
55 55 0 0 0 0 0 0 0 0 0 0 0 126 78 0 1 0 0 0 0 0 0 0 0 0
60 60 0 0 0 0 0 0 0 0 0 0 0 129 81 0 1 0 0 0 0 0 0 0 0 0
64 63 0 0 0 0 0 0 0 0 0 0 0 133 86 1 1 0 0 0 0 0 0 0 0 0
69 67 0 0 0 0 0 0 0 0 0 0 0 136 89 1 1 0 0 0 0 0 0 0 0 0
74 73 0 0 0 0 0 0 0 0 0 0 0 139 95 1 1 0 0 0 0 0 0 0 0 0
77 76 0 0 0 0 0 0 0 0 0 0 0 142 100 1 1 0 0 0 0 0 0 0 0 0
80 79 0 0 0 0 0 0 0 0 0 0 0 145 103 1 1 0 0 0 0 0 0 0 0 0
85 84 0 0 0 0 0 0 0 0 0 0 0 148 107 1 1 0 0 0 0 0 0 0 0 0
90 89 0 0 0 0 0 0 0 0 0 0 0 153 113 1 1 0 0 0 0 0 0 0 0 0
93 92 0 0 0 0 0 0 0 0 0 0 0 156 116 1 1 0 0 0 0 0 0 0 0 0
96 96 0 0 0 0 0 0 0 0 0 0 0 160 123 1 1 0 0 0 0 0 0 0 0 0
99 99 0 0 0 0 0 0 0 0 0 0 0 163 126 1 1 0 0 0 0 0 0 0 0 0
105 103 0 0 0 0 0 0 0 0 0 0 0 166 129 1 1 0 0 0 0 0 0 0 0 0
109 108 0 0 0 0 0 0 0 0 0 0 0 169 132 1 1 0 0 0 0 0 0 0 0 0
112 111 0 0 0 0 0 0 0 0 0 0 0 172 135 1 1 0 0 0 0 0 0 0 0 0
117 116 0 0 0 0 0 0 0 0 0 0 0 175 138 1 1 0 0 0 0 0 0 0 0 0
120 120 0 0 0 0 0 0 0 0 0 0 0 178 142 1 1 0 0 0 0 0 0 0 0 0
126 124 0 0 0 0 0 0 0 0 0 0 0 190 147 1 1 0 0 0 0 0 0 0 0 0
129 128 0 0 0 0 0 0 0 0 0 0 0 193 150 1 1 0 0 0 0 0 0 0 0 0
132 131 0 0 0 0 0 0 0 0 0 0 0 196 153 1 1 0 0 0 0 0 0 0 0 0
136 134 0 0 0 0 0 0 0 0 0 0 0 199 157 1 1 0 0 0 0 0 0 0 0 0
139 137 0 0 0 0 0 0 0 0 0 0 0 214 161 2 2 0 0 0 0 0 0 0 0 0
145 140 0 0 0 0 0 0 0 0 0 0 0 221 164 2 2 0 0 0 0 0 0 0 0 0
148 144 0 0 0 0 0 0 0 0 0 0 0 228 167 2 2 0 0 0 0 0 0 0 0 0
151 147 0 0 0 0 0 0 0 0 0 0 0 231 170 2 2 0 0 0 0 0 0 0 0 0
154 151 0 0 0 0 0 0 0 0 0 0 0 234 174 2 2 0 0 0 0 0 0 0 0 0
