# scores for worst/random/best/smart move selector strategies. 
# scores are 50% and 95% quantiles (based on 40 games) of: 
# game score, #destroyed, #unlocked, #stripes, #bombs, #zappers
0 0 0 0 0 0 0 0 0 0 0 0 0 8 8 0 0 0 0 0 0 0 0 0 0 0
4 4 0 0 0 0 0 0 0 0 0 0 0 12 12 0 0 0 0 0 0 0 0 0 0 0
8 8 0 0 0 0 0 0 0 0 0 0 0 24 24 0 0 0 0 0 0 0 0 0 0 0
12 12 0 0 0 0 0 0 0 0 0 0 0 40 28 0 0 0 0 0 0 0 0 0 0 0
16 16 0 0 0 0 0 0 0 0 0 0 0 44 34 0 0 0 0 0 0 0 0 0 0 0
21 21 0 0 0 0 0 0 0 0 0 0 0 80 40 0 1 0 0 0 0 0 0 0 0 0
27 27 0 0 0 0 0 0 0 0 0 0 0 88 47 0 1 0 0 0 0 0 0 0 0 0
32 31 0 0 0 0 0 0 0 0 0 0 0 97 52 1 2 0 0 0 0 0 0 0 0 0
37 37 0 0 0 0 0 0 0 0 0 0 0 128 55 1 2 0 0 0 0 0 0 0 0 0
42 41 0 0 0 0 0 0 0 0 0 0 0 132 59 1 2 0 0 0 0 0 0 0 0 0
48 46 0 0 0 0 0 0 0 0 0 0 0 137 63 1 2 0 0 0 0 0 0 0 0 0
54 51 0 0 0 0 0 0 0 0 0 0 0 140 66 2 2 0 0 0 0 0 0 0 0 0
61 57 0 0 0 0 0 0 0 0 0 0 0 146 70 2 2 0 0 0 0 0 0 0 0 0
67 60 0 0 0 0 0 0 0 0 0 0 0 151 80 2 2 0 0 0 0 0 0 0 0 0
76 63 0 0 0 0 0 0 0 0 0 0 0 163 91 2 2 0 0 0 0 0 0 0 0 0
84 69 0 0 0 0 0 0 0 0 0 0 0 166 94 2 2 0 0 0 0 0 0 0 0 0
87 74 0 0 0 0 0 0 0 0 0 0 0 173 97 2 2 0 0 0 0 0 0 0 0 0
95 77 0 1 0 0 0 0 0 0 0 0 0 180 102 2 2 1 0 0 0 0 0 0 0 0
106 82 0 1 0 0 0 0 0 0 0 0 0 201 107 2 4 1 0 1 0 0 0 0 0 0
115 90 0 1 0 0 0 0 0 0 0 0 0 218 112 5 4 1 0 1 0 0 0 0 0 0
122 93 0 1 0 0 0 0 0 0 0 0 0 229 120 5 4 1 0 1 0 0 0 0 0 0
126 97 0 1 0 0 0 0 0 0 0 0 0 232 123 5 4 1 0 1 0 0 0 0 0 0
131 102 0 1 0 0 0 0 0 0 0 0 0 235 126 6 5 1 0 1 0 0 0 0 0 0
143 107 0 1 0 0 0 0 0 0 0 0 0 239 130 6 5 1 0 1 0 0 0 0 0 0
146 110 0 1 0 0 0 0 0 0 0 0 0 271 137 6 5 1 0 1 0 0 0 0 0 0
157 116 0 2 0 0 0 0 0 0 0 0 0 274 140 6 5 1 0 1 0 0 0 0 0 0
171 122 0 2 0 0 0 0 0 0 0 0 0 287 145 6 6 1 0 1 0 0 0 0 0 0
177 126 0 2 0 0 0 0 0 0 0 0 0 292 153 6 6 1 1 1 0 0 1 0 0 0
185 130 0 2 0 0 0 0 0 0 0 0 0 330 160 6 7 1 1 1 0 0 1 0 0 0
195 136 1 2 0 0 0 0 0 0 0 0 0 333 168 6 7 1 1 1 0 0 1 0 0 0
207 139 1 2 0 0 0 0 0 0 0 0 0 338 177 6 7 1 1 1 0 0 1 0 0 0
216 145 1 2 0 0 0 0 0 0 0 0 0 370 186 6 8 1 1 1 0 0 1 0 0 0
226 150 1 2 0 0 0 0 0 0 0 0 0 374 190 6 8 1 1 1 0 0 1 0 0 0
230 154 1 2 0 0 0 0 0 0 0 0 0 377 196 6 8 1 1 1 0 0 1 0 0 0
239 159 1 2 0 0 0 0 0 0 0 0 0 380 201 6 8 1 1 1 0 0 1 0 0 0
255 165 1 2 0 0 0 0 0 0 0 0 0 449 210 6 9 1 1 1 0 0 1 0 0 0
259 172 1 3 0 0 0 0 0 0 0 0 0 455 213 6 9 1 1 1 0 0 1 0 0 0
263 175 1 3 0 0 0 0 0 0 0 0 0 460 218 6 9 1 1 1 0 0 1 0 0 0
273 181 1 3 0 0 0 0 0 0 0 0 0 463 231 6 9 1 1 1 0 0 1 0 0 0
284 184 1 3 0 0 0 0 0 0 0 0 0 483 238 6 9 1 1 1 0 0 1 0 0 0
310 191 1 3 0 0 0 0 0 0 0 0 0 486 243 6 9 1 1 1 0 0 1 0 0 0
