# scores for worst/random/best/smart move selector strategies. 
# scores are 50% and 95% quantiles (based on 40 games) of: 
# game score, #destroyed, #unlocked, #stripes, #bombs, #zappers
0 0 0 0 0 0 0 0 0 0 0 0 0 8 8 0 0 0 0 0 0 0 0 0 0 0
5 5 0 0 0 0 0 0 0 0 0 0 0 15 15 0 0 0 0 0 0 0 0 0 0 0
9 9 0 0 0 0 0 0 0 0 0 0 0 19 19 0 0 0 0 0 0 0 0 0 0 0
15 15 0 0 0 0 0 0 0 0 0 0 0 39 25 0 0 0 0 0 0 0 0 0 0 0
18 18 0 0 0 0 0 0 0 0 0 0 0 57 34 0 1 0 0 0 0 0 0 0 0 0
23 22 0 0 0 0 0 0 0 0 0 0 0 93 43 1 1 0 0 0 0 0 0 0 0 0
30 29 0 0 0 0 0 0 0 0 0 0 0 99 49 1 1 0 0 0 0 0 0 0 0 0
40 33 0 0 0 0 0 0 0 0 0 0 0 107 56 2 2 0 0 0 0 0 0 0 0 0
45 39 0 0 0 0 0 0 0 0 0 0 0 115 66 3 2 1 0 0 0 0 0 0 0 0
62 43 0 1 0 0 0 0 0 0 0 0 0 121 70 3 2 1 0 0 0 0 0 0 0 0
68 50 0 1 0 0 0 0 0 0 0 0 0 138 76 4 2 1 0 0 0 0 0 0 0 0
77 54 0 1 0 0 0 0 0 0 0 0 0 161 81 4 2 1 1 0 0 0 0 0 0 0
85 60 0 1 0 0 0 0 0 0 0 0 0 168 89 4 2 1 1 0 0 0 0 0 0 0
91 63 0 1 0 0 0 0 0 0 0 0 0 172 95 5 3 1 1 0 0 0 0 0 0 0
102 70 0 1 0 0 0 0 0 0 0 0 0 183 105 5 3 1 1 0 0 0 1 0 0 0
110 76 0 1 0 0 0 0 0 0 0 0 0 189 111 5 3 1 1 0 0 0 1 0 0 0
116 81 0 1 0 0 0 0 0 0 0 0 0 196 116 5 3 1 1 0 0 0 1 0 0 0
121 87 0 1 0 0 0 0 0 0 0 0 0 258 130 5 3 1 1 0 0 0 1 0 0 0
129 91 0 1 0 0 0 0 0 0 0 0 0 278 135 5 4 1 1 0 0 0 1 0 0 0
143 98 0 1 0 0 0 0 0 0 0 0 0 281 140 5 4 1 1 1 0 0 1 0 0 0
151 103 0 1 0 0 0 0 0 0 0 0 0 286 145 5 4 1 1 1 0 0 1 0 0 0
161 107 0 2 0 0 0 0 0 0 0 0 0 289 151 5 4 1 1 1 0 0 1 0 0 0
170 113 0 2 0 0 0 0 0 0 0 0 0 311 165 5 4 1 1 1 0 0 1 0 0 0
187 119 0 2 0 0 0 0 0 0 0 0 0 316 172 5 4 1 1 1 0 0 1 0 0 0
199 125 1 2 0 0 0 0 0 0 0 0 0 392 177 5 6 1 1 1 0 0 1 0 0 0
216 132 1 2 0 0 0 0 0 0 0 0 0 400 189 5 6 1 1 1 0 0 1 0 0 0
223 140 1 2 0 0 0 0 0 0 0 0 0 433 200 5 7 1 1 1 0 0 1 0 0 0
241 146 1 3 0 0 0 0 0 0 0 0 0 436 204 5 7 1 2 1 0 0 1 0 0 0
254 154 1 3 0 0 0 0 0 0 0 0 0 441 211 5 7 1 2 1 0 0 1 0 0 0
274 158 1 3 0 0 0 0 0 0 0 0 0 462 220 5 7 1 2 1 0 0 2 0 0 0
278 165 1 3 0 0 0 0 0 0 0 0 0 503 232 5 7 1 2 1 0 0 2 0 0 0
284 169 1 3 0 0 0 0 0 0 0 0 0 549 239 5 8 1 2 1 0 0 2 0 0 0
300 174 1 4 0 0 0 0 0 0 0 0 0 557 247 5 8 1 2 1 0 0 2 0 0 0
319 181 2 4 0 0 0 0 0 0 0 0 0 562 256 5 8 2 2 1 0 0 2 0 0 0
330 187 2 4 0 0 0 0 0 0 0 0 0 567 259 5 8 2 2 1 0 0 2 0 0 0
351 197 2 4 0 0 0 0 0 0 0 0 0 592 265 5 8 2 2 2 0 0 2 0 0 0
356 202 2 4 0 0 0 0 0 0 0 0 0 617 271 5 9 2 2 2 0 0 2 0 0 0
362 212 2 5 1 0 0 0 0 0 0 0 0 702 282 5 11 2 2 2 0 0 2 1 0 0
376 220 2 5 1 0 0 0 0 0 0 0 0 705 287 5 11 2 2 2 1 0 2 1 0 0
392 226 2 5 1 0 0 0 0 0 0 0 0 711 293 5 13 2 2 2 1 0 2 1 0 0
397 232 2 5 1 0 0 0 0 0 0 0 0 734 300 5 13 2 2 2 1 0 2 1 0 0
