# scores for worst/random/best/smart move selector strategies. 
# scores are 50% and 95% quantiles (based on 40 games) of: 
# game score, #destroyed, #unlocked, #stripes, #bombs, #zappers
0 0 0 0 0 0 0 0 0 0 0 0 0 8 8 0 0 0 0 0 0 0 0 0 0 0
3 3 0 0 0 0 0 0 0 0 0 0 0 14 14 0 0 0 0 0 0 0 0 0 0 0
9 9 0 0 0 0 0 0 0 0 0 0 0 20 20 0 0 0 0 0 0 0 0 0 0 0
12 12 0 0 0 0 0 0 0 0 0 0 0 24 24 0 0 0 0 0 0 0 0 0 0 0
18 18 0 0 0 0 0 0 0 0 0 0 0 33 29 0 0 0 0 0 0 0 0 0 0 0
21 21 0 0 0 0 0 0 0 0 0 0 0 46 34 0 0 0 0 0 0 0 0 0 0 0
24 24 0 0 0 0 0 0 0 0 0 0 0 54 37 0 1 0 0 0 0 0 0 0 0 0
28 28 0 0 0 0 0 0 0 0 0 0 0 62 46 0 1 0 0 0 0 0 0 0 0 0
33 33 0 0 0 0 0 0 0 0 0 0 0 67 49 0 1 0 0 0 0 0 0 0 0 0
36 36 0 0 0 0 0 0 0 0 0 0 0 71 54 0 1 0 0 0 0 0 0 0 0 0
41 41 0 0 0 0 0 0 0 0 0 0 0 75 57 0 1 0 0 0 0 0 0 0 0 0
46 46 0 0 0 0 0 0 0 0 0 0 0 81 63 0 1 0 0 0 0 0 0 0 0 0
50 49 0 0 0 0 0 0 0 0 0 0 0 86 68 0 1 0 0 0 0 0 0 0 0 0
54 54 0 0 0 0 0 0 0 0 0 0 0 90 71 0 1 0 0 0 0 0 0 0 0 0
58 58 0 0 0 0 0 0 0 0 0 0 0 94 74 0 1 0 0 0 0 0 0 0 0 0
63 62 0 0 0 0 0 0 0 0 0 0 0 112 86 0 1 0 0 0 0 0 0 0 0 0
66 66 0 0 0 0 0 0 0 0 0 0 0 117 92 0 1 0 0 0 0 0 0 0 0 0
70 70 0 0 0 0 0 0 0 0 0 0 0 120 95 0 1 0 0 0 0 0 0 0 0 0
74 74 0 0 0 0 0 0 0 0 0 0 0 123 98 0 1 0 0 0 0 0 0 0 0 0
78 78 0 0 0 0 0 0 0 0 0 0 0 127 103 0 1 0 0 0 0 0 0 0 0 0
84 81 0 0 0 0 0 0 0 0 0 0 0 136 109 0 1 0 0 0 0 0 0 0 0 0
87 85 0 0 0 0 0 0 0 0 0 0 0 139 112 0 1 0 0 0 0 0 0 0 0 0
90 88 0 0 0 0 0 0 0 0 0 0 0 142 116 0 1 0 0 0 0 0 0 0 0 0
96 93 0 0 0 0 0 0 0 0 0 0 0 152 122 0 1 0 0 0 0 0 0 0 0 0
104 98 0 0 0 0 0 0 0 0 0 0 0 158 128 0 1 0 0 0 0 0 0 0 0 0
108 103 0 0 0 0 0 0 0 0 0 0 0 164 133 0 1 0 0 0 0 0 0 0 0 0
111 106 0 0 0 0 0 0 0 0 0 0 0 167 137 0 1 0 0 0 0 0 0 0 0 0
114 110 0 0 0 0 0 0 0 0 0 0 0 171 142 0 1 0 0 0 0 0 0 0 0 0
120 113 0 0 0 0 0 0 0 0 0 0 0 176 147 0 1 0 0 0 0 0 0 0 0 0
125 118 0 0 0 0 0 0 0 0 0 0 0 204 152 0 1 1 0 0 0 0 0 0 0 0
130 122 0 0 0 0 0 0 0 0 0 0 0 207 155 0 1 1 0 0 0 0 0 0 0 0
136 126 0 0 0 0 0 0 0 0 0 0 0 210 161 1 1 1 0 0 0 0 0 0 0 0
139 129 0 0 0 0 0 0 0 0 0 0 0 218 164 1 2 1 0 0 0 0 0 0 0 0
144 133 0 0 0 0 0 0 0 0 0 0 0 225 171 1 2 1 0 0 0 0 0 0 0 0
148 138 0 0 0 0 0 0 0 0 0 0 0 228 174 1 2 1 0 0 0 0 0 0 0 0
154 141 0 0 0 0 0 0 0 0 0 0 0 235 177 1 2 1 0 0 0 0 0 0 0 0
157 146 0 0 0 0 0 0 0 0 0 0 0 238 181 1 2 1 0 0 0 0 0 0 0 0
160 149 0 0 0 0 0 0 0 0 0 0 0 241 186 1 2 1 0 0 0 0 0 0 0 0
163 152 0 0 0 0 0 0 0 0 0 0 0 245 189 1 2 1 0 0 0 0 0 0 0 0
171 155 0 0 0 0 0 0 0 0 0 0 0 248 192 1 2 1 0 0 0 0 0 0 0 0
174 160 0 0 0 0 0 0 0 0 0 0 0 266 197 1 2 1 0 0 0 0 0 0 0 0
