# scores for worst/random/best/smart move selector strategies. 
# scores are 50% and 95% quantiles (based on 40 games) of: 
# game score, #destroyed, #unlocked, #stripes, #bombs, #zappers
40 40 0 0 0 0 0 0 0 0 0 0 0 640 240 3 6 4 2 0 0 0 0 0 0 0
180 99 1 1 1 0 0 0 0 0 0 0 0 1343 342 5 19 22 4 0 0 1 1 0 1 0
506 190 1 4 3 1 0 0 0 0 0 0 0 2368 548 6 27 29 8 1 1 1 2 1 1 0
870 240 2 6 6 2 0 0 0 0 0 0 0 2574 674 6 33 31 9 1 1 1 2 1 1 0
1304 336 3 10 8 2 0 0 0 1 0 0 0 3037 815 6 42 36 10 1 1 1 3 1 1 1
1529 383 3 12 10 3 0 0 0 1 0 0 0 3238 938 6 46 40 11 1 1 1 3 1 1 1
2357 554 3 16 18 5 0 0 0 1 0 0 0 3774 1002 6 50 49 12 1 2 1 3 2 2 1
2531 673 3 17 19 6 0 0 0 1 0 0 0 3968 1077 6 54 51 13 2 2 1 3 2 2 1
2865 766 3 19 22 7 0 0 0 2 0 0 0 4685 1221 6 74 58 15 2 2 1 4 2 2 1
3206 795 3 24 24 8 1 0 0 2 0 0 0 5076 1531 6 75 69 16 2 2 1 4 2 2 1
3441 961 3 28 26 8 1 0 0 2 0 0 0 6189 1590 6 76 81 18 2 2 2 4 3 2 1
3661 1032 3 33 28 9 1 0 1 2 0 0 0 6586 1690 6 76 85 20 2 3 2 5 3 2 1
3865 1095 3 37 30 10 1 0 1 2 1 0 0 7389 1895 7 84 89 24 2 3 2 5 3 2 1
4122 1125 3 40 32 11 1 1 1 3 1 0 0 7584 1971 7 86 89 27 2 3 2 6 3 2 1
4586 1238 3 44 33 12 1 1 1 3 1 0 0 8957 2129 7 95 101 28 2 3 2 6 3 3 1
5311 1392 3 48 43 13 1 1 1 3 1 1 0 9111 2188 7 106 103 29 2 3 2 7 3 3 1
5664 1513 3 53 46 14 1 1 1 3 1 1 0 9356 2267 7 107 104 30 2 3 2 7 3 3 1
5956 1618 3 56 47 15 1 1 1 3 1 1 0 9458 2324 7 120 104 31 2 3 3 8 4 3 2
6271 1702 3 63 48 17 1 1 1 3 1 1 0 10622 2579 7 127 113 32 2 3 3 8 4 3 2
6497 1753 3 67 61 18 1 1 1 3 1 1 0 10962 2699 7 128 124 34 2 3 3 8 4 3 2
7048 1901 3 71 65 18 1 1 1 4 1 1 0 12107 2917 7 135 128 43 2 3 3 9 4 3 2
7358 1982 3 74 68 19 1 1 1 4 1 1 0 13096 3265 7 143 134 50 2 4 3 9 4 3 2
7681 2138 3 76 71 20 1 1 1 4 1 1 0 13274 3318 7 143 136 50 2 4 3 9 4 4 2
8072 2187 3 77 73 21 1 2 1 4 1 1 0 13387 3428 7 149 136 50 2 4 3 9 4 4 2
8297 2312 3 78 73 22 1 2 1 4 1 1 0 13878 3519 7 160 137 51 2 4 4 9 4 4 2
8671 2416 3 80 78 22 1 2 1 5 1 1 0 14734 3618 7 165 144 51 2 4 4 9 5 4 2
9074 2518 3 85 83 25 1 2 1 5 1 2 0 15989 3988 7 172 158 52 3 5 4 10 5 4 2
9315 2593 3 96 85 25 1 2 1 5 2 2 0 16722 4196 7 178 167 54 3 5 4 11 5 4 2
9692 2654 3 97 88 27 1 2 1 6 2 2 0 16732 4205 7 178 171 54 3 5 4 11 5 4 2
10378 2689 3 98 92 28 1 2 1 6 2 2 0 17431 4286 7 190 182 55 3 6 4 11 5 5 2
10574 2770 3 103 94 29 1 3 2 6 2 2 1 17555 4350 7 190 188 55 3 6 4 12 5 5 3
10979 2922 3 104 101 30 1 3 2 6 2 2 1 18316 4380 7 201 196 56 3 6 4 12 6 5 3
11292 3077 3 106 107 31 2 3 2 6 2 2 1 18668 4468 7 202 198 57 4 6 4 12 6 5 3
12001 3207 3 112 108 33 2 3 2 6 2 2 1 19457 4666 7 205 207 58 4 6 4 13 6 5 3
12265 3288 3 113 109 33 2 3 2 7 2 2 1 20024 4749 7 208 208 59 4 6 4 13 6 5 3
12458 3435 3 116 111 33 2 3 2 7 2 2 1 20286 4847 7 218 210 60 4 7 4 14 6 5 3
12643 3456 3 122 114 34 2 3 2 7 2 2 1 20936 5015 7 224 218 63 4 7 4 14 6 5 3
13417 3549 3 124 120 35 2 3 2 7 2 2 1 21212 5062 7 226 221 64 4 7 4 14 6 5 3
13666 3641 3 128 120 36 2 3 2 8 2 2 1 22239 5185 7 228 241 64 4 7 4 14 6 6 3
14253 3692 3 132 122 38 2 3 2 8 2 2 1 22938 5346 7 236 247 66 4 7 4 15 7 6 3
14388 3808 3 135 128 40 2 3 2 8 2 2 1 23227 5443 7 242 247 67 5 7 4 15 7 6 3
