# scores for worst/random/best/smart move selector strategies. 
# scores are 50% and 95% quantiles (based on 40 games) of: 
# game score, #destroyed, #unlocked, #stripes, #bombs, #zappers
40 40 0 0 0 0 0 0 0 0 0 0 0 640 240 3 6 4 2 0 0 0 0 0 0 0
75 58 0 0 0 0 0 0 0 0 0 0 0 990 327 5 8 7 4 0 0 0 0 0 0 0
236 123 0 1 1 0 0 0 0 0 0 0 0 1412 494 5 11 9 5 0 0 0 1 0 0 0
507 210 1 3 3 1 0 0 0 0 0 0 0 1665 571 5 14 14 7 0 0 0 1 0 0 0
677 248 1 5 5 1 0 0 0 0 0 0 0 1828 634 5 16 17 8 0 0 0 1 0 0 0
948 329 2 6 6 2 0 0 0 0 0 0 0 2201 723 5 17 19 8 0 0 0 1 0 0 0
1058 352 2 7 10 2 0 0 0 0 0 0 0 2292 794 5 23 21 8 0 0 0 2 0 0 0
1287 403 2 9 10 3 0 0 0 0 0 0 0 2528 828 5 28 21 8 0 1 0 2 0 0 0
1452 523 2 11 12 3 0 0 0 0 0 0 0 2870 973 5 28 28 11 0 1 0 2 0 0 0
1483 540 2 12 12 4 0 0 0 0 0 0 0 3542 1102 5 28 32 14 0 1 0 2 0 0 0
1674 574 2 13 12 4 0 0 0 1 0 0 0 3610 1166 5 29 32 14 0 1 0 2 0 0 0
1728 596 2 13 14 4 0 0 0 1 0 0 0 3753 1285 5 29 32 14 0 1 0 2 0 0 0
1839 618 2 13 16 4 0 0 0 1 0 0 0 3760 1294 5 29 32 14 0 1 0 2 0 1 0
1924 629 2 14 16 4 0 0 0 1 0 0 0 4191 1408 5 33 35 16 0 1 0 3 1 1 0
2121 673 2 16 17 5 0 0 0 1 0 0 0 4224 1413 5 39 35 16 0 1 0 3 1 1 0
2251 741 2 16 18 6 0 0 0 1 0 0 0 4258 1423 5 39 35 16 0 1 0 3 1 1 0
2386 771 2 18 19 6 0 0 0 1 0 0 0 4674 1543 5 41 38 17 0 1 0 3 1 1 0
2554 820 2 18 22 7 0 0 0 1 0 0 0 4686 1552 5 42 38 17 0 1 0 3 1 1 0
2660 850 2 19 23 7 0 0 0 1 0 0 0 5740 1811 5 43 46 22 0 1 0 3 1 1 0
2772 899 2 21 23 8 0 0 0 1 0 0 0 5776 1823 5 43 47 22 0 1 0 3 1 1 0
2837 931 2 21 25 9 0 0 0 1 0 0 0 7316 1967 5 50 74 22 0 1 0 3 1 1 0
2935 1030 2 22 26 10 0 0 0 1 0 0 0 7563 2061 5 53 74 23 0 1 1 4 1 1 0
3391 1105 2 26 28 10 0 0 0 2 0 0 0 7879 2154 5 53 75 28 0 1 1 4 1 1 0
3555 1213 2 29 28 10 0 0 0 2 0 0 0 8546 2171 5 54 93 29 0 1 1 4 1 1 0
3605 1257 2 29 28 11 0 0 0 2 0 0 0 8549 2178 5 54 93 29 0 1 1 4 1 1 0
4017 1329 2 29 32 11 0 0 0 2 0 0 0 8655 2237 5 58 94 29 0 1 1 4 1 1 0
4098 1340 2 30 35 11 0 0 0 2 0 0 0 8660 2242 5 61 94 29 0 1 1 4 1 1 0
4107 1348 2 31 35 11 0 0 0 2 0 0 0 8689 2258 5 61 94 30 0 1 1 4 1 1 0
4128 1368 2 32 35 11 0 0 0 2 0 0 0 8700 2269 5 65 94 30 0 1 1 5 1 1 0
4202 1422 2 33 35 11 0 0 0 2 0 0 0 8789 2311 5 65 94 30 0 1 1 5 1 1 0
4275 1454 2 34 35 11 0 0 0 2 0 0 0 8832 2334 5 65 94 30 0 1 1 5 1 1 0
4398 1479 2 35 36 12 0 0 0 2 0 0 0 9166 2432 5 69 95 32 0 1 1 5 1 1 0
4418 1493 2 37 36 13 0 0 0 2 0 0 0 9784 2956 5 73 96 34 0 1 1 5 1 1 0
4489 1549 2 37 37 13 0 0 0 2 0 0 0 9906 3020 5 74 96 34 0 1 1 5 1 1 0
4541 1610 2 39 38 13 0 0 0 2 0 0 0 9921 3024 5 74 98 34 0 1 1 5 1 1 0
4674 1643 2 41 38 14 0 0 0 2 0 0 0 10206 3073 5 74 98 34 0 1 1 5 1 1 0
4967 1731 2 43 41 14 0 0 0 2 0 0 0 10220 3156 5 74 98 34 0 1 1 5 1 1 0
4991 1759 2 43 42 14 0 0 0 2 0 0 0 10239 3182 5 75 98 35 0 1 1 5 1 1 0
5498 1839 2 46 44 14 0 0 0 2 0 0 0 10276 3201 5 75 98 35 0 1 1 5 1 1 0
5524 1878 2 47 45 14 0 0 0 2 0 0 0 10883 3246 5 77 99 35 0 1 1 5 1 1 0
5659 1963 2 48 47 15 0 0 0 3 0 0 0 10892 3257 5 77 101 35 0 1 1 6 1 1 0
