# scores for worst/random/best/smart move selector strategies. 
# scores are 50% and 95% quantiles (based on 40 games) of: 
# game score, #destroyed, #unlocked, #stripes, #bombs, #zappers
40 40 0 0 0 0 0 0 0 0 0 0 0 640 240 3 6 4 2 0 0 0 0 0 0 0
379 142 2 2 2 1 0 0 0 0 0 0 0 1515 394 5 28 22 5 0 0 0 1 1 1 0
817 260 3 6 6 2 0 0 0 0 0 0 0 2361 571 6 33 30 8 0 1 1 2 1 1 0
1304 383 3 10 9 2 0 0 0 1 0 0 0 3854 851 6 35 45 10 0 1 1 2 1 1 1
1706 511 3 15 12 3 0 0 0 1 0 0 0 4965 1008 6 39 58 14 1 1 1 2 1 2 1
2371 687 3 19 15 5 0 0 0 1 0 0 0 5234 1252 7 45 59 18 1 1 1 3 1 2 1
2760 779 3 24 22 6 0 0 0 1 0 0 0 5831 1407 7 53 74 21 1 1 1 3 1 2 1
3167 859 3 30 28 8 0 0 0 2 0 0 0 6770 1766 7 62 82 24 1 2 1 4 2 2 1
3791 1042 3 36 34 10 0 1 0 2 1 0 0 7056 1868 7 70 83 26 1 2 2 4 2 2 1
4082 1166 3 43 35 11 0 1 0 2 1 0 0 7545 1957 7 83 90 28 2 2 2 5 2 2 1
4843 1288 3 47 42 13 0 1 0 2 1 1 0 8718 2050 7 89 101 29 2 2 2 5 2 2 1
5568 1500 3 52 51 16 0 1 0 3 1 1 0 9328 2214 7 94 121 30 2 2 2 6 2 3 1
6169 1627 3 54 57 16 0 1 0 3 1 1 0 9810 2376 7 97 125 32 2 2 2 6 2 3 2
7006 1825 3 58 64 19 0 1 0 3 1 1 0 10114 2466 7 99 128 34 2 2 2 7 2 3 2
7397 1910 3 64 68 20 0 1 0 3 1 1 0 10389 2570 7 111 132 35 2 2 2 7 3 3 2
7929 2036 3 67 72 20 0 1 0 3 1 1 0 11058 2838 7 113 137 37 2 3 2 7 3 4 2
8356 2204 3 67 77 22 0 1 0 4 1 1 0 12225 2989 7 121 152 38 2 3 2 8 3 4 2
9084 2322 3 69 84 23 0 1 0 4 1 2 0 12374 3128 7 123 152 40 2 3 3 8 3 4 2
9646 2488 3 75 92 24 0 1 0 4 1 2 0 12814 3286 7 124 162 44 2 3 3 9 3 4 2
9989 2618 3 79 98 26 0 1 0 5 1 2 0 13087 3427 7 136 174 44 2 3 3 9 3 5 2
10387 2671 3 80 99 27 0 1 0 5 1 2 0 13800 3595 7 142 182 45 2 3 3 10 3 5 2
11091 2811 3 84 103 28 0 2 1 5 1 2 0 14031 3748 7 151 182 45 2 3 3 10 3 5 2
11504 2944 3 89 110 28 0 2 1 6 1 2 0 14806 3804 7 152 184 46 2 3 3 10 3 5 2
11959 3084 3 91 114 30 0 2 1 6 1 2 0 16105 3981 7 160 193 49 2 4 3 10 4 5 2
12478 3178 3 96 130 32 0 2 1 6 1 3 0 17069 4029 7 165 198 49 2 4 3 10 4 5 2
13607 3319 3 100 132 35 0 2 1 7 2 3 0 17568 4167 7 177 202 50 2 4 3 11 4 5 2
13947 3449 3 104 136 37 0 2 1 7 2 3 0 18090 4347 7 179 205 53 2 4 3 11 4 5 2
14028 3567 3 105 138 38 0 2 1 7 2 3 0 18573 4458 7 198 206 53 2 4 3 11 5 5 2
14543 3743 3 110 141 40 1 2 1 7 2 3 0 18812 4681 7 205 214 55 2 4 3 11 5 5 2
14760 3904 3 126 143 42 1 2 1 7 2 3 0 19271 4812 7 208 220 59 2 4 3 12 6 5 2
15038 3999 3 128 144 42 1 2 1 8 2 3 0 20038 4866 7 211 220 60 2 4 3 12 6 5 2
15403 4079 3 128 155 42 1 2 1 8 2 3 1 20232 5129 7 217 225 62 2 4 3 12 6 5 2
16022 4195 3 128 157 43 1 2 1 8 2 3 1 20759 5337 7 222 232 63 2 5 4 12 6 5 2
16316 4374 3 137 160 44 1 2 1 9 2 3 1 21200 5461 7 227 235 63 2 5 4 13 6 5 2
16458 4466 3 147 162 46 1 2 1 9 2 3 1 22456 5806 7 228 243 69 2 5 4 13 6 5 2
17340 4643 3 153 169 50 1 2 1 9 2 3 1 23171 5969 7 236 257 71 2 5 4 13 6 6 2
18586 4798 3 157 182 52 1 2 1 10 2 4 1 23959 6127 7 247 260 72 2 5 4 13 6 6 2
18882 4940 3 157 187 53 1 2 1 10 2 4 1 24258 6237 7 249 260 73 3 5 4 14 6 6 2
19104 5061 3 160 189 54 1 3 1 10 2 4 1 24925 6426 7 252 274 76 3 5 4 14 6 6 2
19768 5175 3 163 193 54 1 3 1 10 2 4 1 25581 6527 7 255 277 77 3 5 4 15 6 7 2
19957 5280 3 168 198 55 1 3 1 11 2 4 1 25868 6607 7 257 279 79 3 5 4 15 7 7 2
