# scores for worst/random/best/smart move selector strategies. 
# scores are 50% and 95% quantiles (based on 40 games) of: 
# game score, #destroyed, #unlocked, #stripes, #bombs, #zappers
0 0 0 0 0 0 0 0 0 0 0 0 0 9 9 0 0 0 0 0 0 0 0 0 0 0
6 6 0 0 0 0 0 0 0 0 0 0 0 12 12 0 0 0 0 0 0 0 0 0 0 0
9 9 0 0 0 0 0 0 0 0 0 0 0 50 21 0 1 0 0 0 0 0 0 0 0 0
13 13 0 0 0 0 0 0 0 0 0 0 0 55 26 1 1 0 0 0 0 0 0 0 0 0
18 18 0 0 0 0 0 0 0 0 0 0 0 74 31 1 1 0 0 0 0 0 0 0 0 0
22 22 0 0 0 0 0 0 0 0 0 0 0 79 34 1 1 0 0 0 0 0 0 0 0 0
28 28 0 0 0 0 0 0 0 0 0 0 0 111 44 4 2 0 0 0 0 0 0 0 0 0
33 33 0 0 0 0 0 0 0 0 0 0 0 116 52 4 2 0 0 0 0 0 0 0 0 0
39 37 0 0 0 0 0 0 0 0 0 0 0 141 65 4 2 0 0 0 0 0 0 0 0 0
45 41 0 0 0 0 0 0 0 0 0 0 0 173 70 4 2 0 0 1 0 0 0 0 0 0
71 48 0 1 0 0 0 0 0 0 0 0 0 186 75 5 2 1 0 1 0 0 0 0 0 0
79 54 0 1 0 0 0 0 0 0 0 0 0 190 86 5 3 1 0 1 0 0 0 0 0 0
91 60 0 1 0 0 0 0 0 0 0 0 0 227 95 5 3 1 0 1 0 0 0 0 0 0
99 64 0 1 0 0 0 0 0 0 0 0 0 249 102 5 3 1 0 1 0 0 0 0 0 0
106 71 0 1 0 0 0 0 0 0 0 0 0 259 108 5 4 1 1 1 0 0 1 0 0 0
124 79 0 2 0 0 0 0 0 0 0 0 0 280 115 6 4 1 1 1 0 0 1 0 0 0
145 86 0 2 0 0 0 0 0 0 0 0 0 305 124 6 4 1 1 1 0 0 1 0 0 0
164 93 0 2 0 0 0 0 0 0 0 0 0 310 134 6 4 1 1 1 0 0 1 0 0 0
168 97 0 2 0 0 0 0 0 0 0 0 0 317 142 6 6 1 1 2 0 0 1 0 0 0
173 105 0 2 0 0 0 0 0 0 0 0 0 357 147 6 6 1 1 2 0 0 1 0 0 0
182 110 0 3 0 0 0 0 0 0 0 0 0 363 159 6 6 1 1 2 0 0 1 0 0 0
199 119 1 3 0 0 0 0 0 0 0 0 0 388 175 6 6 1 1 2 0 0 1 0 0 0
241 123 1 3 0 0 0 0 0 0 0 0 0 416 185 6 7 1 2 2 0 0 1 0 0 0
252 130 1 3 0 0 0 0 0 0 0 0 0 470 197 6 7 1 2 2 1 0 1 0 0 0
276 138 1 4 0 0 0 0 0 0 0 0 0 504 204 6 7 1 2 2 1 0 2 0 0 0
285 145 1 4 0 0 0 0 0 0 0 0 0 549 213 6 10 1 2 2 1 0 2 0 0 0
301 149 1 4 0 0 0 0 0 0 0 0 0 557 221 6 10 1 2 2 1 0 2 0 0 0
321 155 1 4 0 0 0 0 0 0 0 0 0 561 225 6 10 1 2 2 1 0 2 0 0 0
327 164 1 5 0 0 0 0 0 0 0 0 0 603 234 6 10 2 2 2 1 0 2 0 0 0
344 173 1 5 0 0 0 0 0 0 0 0 0 629 237 6 10 2 2 2 1 0 2 0 0 0
353 180 1 5 0 0 0 0 0 0 0 0 0 635 243 6 11 2 2 3 1 0 2 0 0 0
370 187 1 5 1 0 0 0 0 0 0 0 0 640 257 6 11 2 2 3 1 0 2 0 0 0
382 193 1 6 1 0 0 0 0 0 0 0 0 647 265 6 11 2 2 3 1 0 2 0 0 0
396 198 1 6 1 0 1 0 0 0 0 0 0 672 274 6 11 2 2 3 1 0 2 0 0 0
423 205 1 6 1 0 1 0 0 0 0 0 0 720 281 6 12 2 2 3 1 0 2 0 0 0
429 212 1 6 1 0 1 0 0 0 0 0 0 726 289 6 12 2 2 3 1 0 2 0 0 0
447 220 1 7 1 0 1 0 0 0 0 0 0 740 311 6 12 2 2 3 1 0 2 0 0 0
465 226 1 7 1 0 1 0 0 0 0 0 0 746 317 6 12 2 2 3 1 0 2 0 0 0
476 235 1 7 1 0 1 0 0 0 0 0 0 750 321 6 12 2 2 3 1 0 2 0 0 0
492 242 1 7 1 0 1 0 0 0 0 0 0 774 333 6 12 2 2 3 1 0 2 0 0 0
496 254 1 8 1 0 1 0 0 0 0 0 0 777 337 6 12 2 3 3 1 0 2 0 0 0
