# scores for worst/random/best/smart move selector strategies. 
# scores are 50% and 95% quantiles (based on 40 games) of: 
# game score, #destroyed, #unlocked, #stripes, #bombs, #zappers
6 6 0 0 0 0 0 0 0 0 0 0 0 67 34 0 0 0 0 0 0 0 0 0 0 0
15 15 0 0 0 0 0 0 0 0 0 0 0 103 45 0 1 0 0 0 0 0 0 0 0 0
24 23 0 0 0 0 0 0 0 0 0 0 0 154 76 0 2 1 1 0 0 0 1 0 0 0
44 33 0 0 0 0 0 0 0 0 0 0 0 216 91 0 2 1 1 0 0 0 1 0 0 0
65 45 0 1 0 0 0 0 0 0 0 0 0 271 107 0 2 1 2 0 0 0 2 0 0 0
103 58 0 1 0 0 0 0 0 0 0 0 0 319 124 0 3 1 2 1 0 0 2 0 0 0
127 66 0 2 0 0 0 0 0 0 0 0 0 422 134 0 5 4 2 1 0 0 2 0 0 0
158 82 0 2 0 0 0 0 0 0 0 0 0 427 151 0 5 4 2 1 0 0 2 0 0 0
192 100 0 2 0 0 0 0 0 0 0 0 0 564 168 0 5 8 2 1 0 0 2 0 1 0
232 109 0 3 0 0 0 0 0 0 0 0 0 617 197 0 7 8 2 1 1 0 2 0 1 0
250 119 0 3 0 0 0 0 0 0 0 0 0 636 207 0 7 8 2 1 1 0 2 0 1 0
307 132 0 4 1 1 0 0 0 0 0 0 0 644 224 0 7 8 2 1 1 0 2 0 1 0
334 141 0 4 1 1 0 0 0 0 0 0 0 667 230 0 8 8 2 1 1 0 2 0 1 0
350 152 0 5 1 1 0 0 0 0 0 0 0 673 234 0 8 8 2 1 1 0 2 0 1 0
368 162 0 5 1 1 0 0 0 0 0 0 0 710 241 0 8 8 2 1 1 0 2 0 1 0
422 181 0 5 1 1 1 0 0 1 0 0 0 719 252 0 9 8 2 1 2 0 2 0 1 0
449 199 0 6 1 1 1 0 0 1 0 0 0 730 259 0 10 8 2 2 2 0 2 0 1 0
497 212 0 7 2 1 1 0 0 1 0 0 0 795 285 0 10 8 2 2 2 1 2 0 1 0
526 231 0 7 2 1 1 0 0 1 0 0 0 854 297 0 11 8 3 2 2 1 3 0 1 0
541 237 0 8 2 1 1 0 0 1 0 0 0 862 315 0 12 8 3 2 2 1 3 0 1 0
565 241 0 9 2 1 1 0 0 1 0 0 0 940 337 0 12 8 3 2 2 1 3 0 1 0
584 253 0 9 2 1 1 0 0 1 0 0 0 1010 343 0 12 11 3 2 2 1 3 0 1 0
613 263 0 9 2 1 1 0 0 1 0 0 0 1020 352 0 13 11 3 2 2 1 3 0 1 0
653 273 0 9 2 1 1 0 0 1 0 0 0 1057 367 0 14 11 3 2 2 1 3 1 1 0
712 286 0 9 2 1 1 0 0 1 0 0 0 1205 380 0 17 11 4 2 2 1 3 1 1 0
721 300 0 10 2 1 1 0 0 1 0 0 0 1208 395 0 18 11 4 3 2 1 3 1 1 0
764 311 0 11 2 1 1 0 0 1 0 0 0 1216 404 0 19 11 4 3 2 1 3 1 1 0
784 321 0 11 2 1 1 0 0 1 0 0 0 1224 418 0 19 11 4 3 2 1 3 1 1 0
793 335 0 12 2 2 1 0 0 1 0 0 0 1261 428 0 19 11 4 3 2 1 3 1 1 0
832 339 0 12 2 2 1 1 0 1 0 0 0 1280 437 0 19 11 4 3 2 1 4 1 1 0
875 348 0 12 3 2 1 1 0 1 0 0 0 1355 464 0 22 11 5 3 2 1 4 1 1 0
940 357 0 13 3 2 1 1 0 1 0 0 0 1398 475 0 22 11 5 3 2 1 4 1 1 0
988 367 0 13 3 2 1 1 0 1 0 0 0 1414 492 0 23 11 5 3 2 1 4 1 1 0
1022 389 0 14 3 2 1 1 0 1 0 0 0 1480 497 0 23 11 5 3 2 1 4 1 1 0
1034 403 0 15 3 2 1 1 0 1 0 0 0 1489 503 0 23 11 5 3 2 1 4 1 1 0
1065 413 0 15 3 2 1 1 0 1 0 0 0 1526 507 0 25 11 5 3 2 1 4 1 1 0
1090 421 0 15 3 2 1 1 0 1 0 0 0 1542 517 0 25 11 5 3 2 1 5 1 1 0
1110 428 0 16 3 2 2 1 0 1 0 0 0 1576 520 0 26 11 5 3 2 1 5 1 1 0
1139 437 0 16 3 2 2 1 0 1 0 0 0 1582 531 0 26 12 5 3 2 1 5 1 1 0
1150 446 0 16 3 2 2 1 0 1 0 0 0 1585 551 0 26 12 5 4 2 1 5 1 1 0
1181 454 0 17 3 2 2 1 0 1 0 0 0 1691 567 0 26 12 5 4 2 1 5 1 1 0
