# scores for worst/random/best/smart move selector strategies. 
# scores are 50% and 95% quantiles (based on 40 games) of: 
# game score, #destroyed, #unlocked, #stripes, #bombs, #zappers
6 6 0 0 0 0 0 0 0 0 0 0 0 67 34 0 0 0 0 0 0 0 0 0 0 0
11 11 0 0 0 0 0 0 0 0 0 0 0 101 46 0 1 0 0 0 0 0 0 0 0 0
20 20 0 0 0 0 0 0 0 0 0 0 0 118 67 0 2 0 0 0 0 0 0 0 0 0
32 30 0 0 0 0 0 0 0 0 0 0 0 132 72 0 2 0 0 0 0 0 0 0 0 0
42 36 0 0 0 0 0 0 0 0 0 0 0 152 82 0 2 1 0 0 0 0 0 0 0 0
53 45 0 0 0 0 0 0 0 0 0 0 0 186 91 0 2 1 1 0 0 0 1 0 0 0
74 53 0 0 0 0 0 0 0 0 0 0 0 206 101 0 2 1 1 0 0 0 1 0 0 0
90 62 0 1 0 0 0 0 0 0 0 0 0 239 108 0 2 1 1 0 0 0 1 0 0 0
101 68 0 1 0 0 0 0 0 0 0 0 0 290 125 0 3 1 1 0 0 0 1 0 0 0
113 74 0 1 0 0 0 0 0 0 0 0 0 293 128 0 4 1 1 0 0 0 1 0 0 0
122 78 0 1 0 0 0 0 0 0 0 0 0 306 145 0 5 1 1 0 0 0 1 0 0 0
145 89 0 1 0 0 0 0 0 0 0 0 0 312 152 0 5 2 1 0 0 0 1 0 0 0
153 96 0 1 0 0 0 0 0 0 0 0 0 329 157 0 6 2 1 0 0 0 1 0 0 0
166 101 0 2 0 0 0 0 0 0 0 0 0 349 168 0 6 2 1 0 0 0 1 0 0 0
169 108 0 2 0 0 0 0 0 0 0 0 0 352 171 0 6 2 1 0 0 0 1 0 0 0
204 116 0 2 0 0 0 0 0 0 0 0 0 366 186 0 6 2 1 0 0 0 1 0 0 0
212 124 0 2 0 0 0 0 0 0 0 0 0 383 202 0 6 2 1 0 0 0 1 0 0 0
227 131 0 2 0 0 0 0 0 0 0 0 0 406 211 0 6 2 1 0 0 0 1 0 0 0
246 138 0 2 0 0 0 0 0 0 0 0 0 420 216 0 6 2 1 0 0 0 1 0 0 0
258 146 0 3 0 0 0 0 0 0 0 0 0 443 229 0 6 2 1 0 0 0 1 0 0 0
276 154 0 3 1 0 0 0 0 0 0 0 0 457 232 0 6 2 1 0 1 0 1 0 0 0
296 166 0 3 1 0 0 0 0 0 0 0 0 460 235 0 6 2 1 0 1 0 1 0 0 0
310 176 0 3 1 0 0 0 0 0 0 0 0 466 241 0 6 3 1 0 1 0 1 0 0 0
321 182 0 3 1 0 0 0 0 0 0 0 0 523 252 0 6 3 1 0 1 0 1 0 0 0
330 187 0 3 1 0 0 0 0 0 0 0 0 529 258 0 7 3 1 0 1 0 1 0 0 0
356 196 0 4 1 0 0 0 0 0 0 0 0 570 278 0 7 3 2 0 1 0 1 0 0 0
363 203 0 4 1 0 0 0 0 0 0 0 0 575 290 0 7 3 2 0 1 0 1 0 0 0
370 210 0 4 1 0 0 0 0 0 0 0 0 627 313 0 8 3 2 0 1 0 1 0 0 0
381 219 0 4 1 0 0 0 0 0 0 0 0 632 322 0 8 3 2 0 1 0 1 0 0 0
385 223 0 4 1 0 0 0 0 0 0 0 0 649 352 0 9 3 2 0 1 0 1 0 0 0
394 229 0 4 1 0 0 0 0 0 0 0 0 655 357 0 9 3 2 0 1 0 1 0 0 0
405 233 0 5 1 0 0 0 0 0 0 0 0 740 385 0 9 3 2 0 1 0 2 0 0 0
414 240 0 5 1 0 0 0 0 0 0 0 0 751 388 0 11 3 2 0 1 0 2 0 0 0
425 249 0 5 1 0 0 0 0 0 0 0 0 768 396 0 11 3 2 0 1 0 2 0 0 0
444 254 0 5 1 1 0 0 0 0 0 0 0 788 422 0 11 4 2 1 1 0 2 0 0 0
462 260 0 5 1 1 0 0 0 0 0 0 0 796 426 0 11 4 2 1 1 0 2 0 0 0
485 273 0 5 1 1 0 0 0 0 0 0 0 858 430 0 12 4 2 1 1 0 2 0 0 0
497 278 0 5 1 1 0 0 0 0 0 0 0 874 438 0 12 4 2 1 1 0 2 0 0 0
524 291 0 6 1 1 0 0 0 0 0 0 0 906 444 0 13 4 2 1 1 0 2 0 0 0
528 298 0 6 1 1 0 0 0 0 0 0 0 938 449 0 13 5 2 1 1 0 2 0 0 0
559 305 0 6 2 1 0 0 0 1 0 0 0 950 457 0 13 5 2 1 1 0 2 0 0 0
