# scores for worst/random/best/smart move selector strategies. 
# scores are 50% and 95% quantiles (based on 40 games) of: 
# game score, #destroyed, #unlocked, #stripes, #bombs, #zappers
6 6 0 0 0 0 0 0 0 0 0 0 0 67 34 0 0 0 0 0 0 0 0 0 0 0
17 17 0 0 0 0 0 0 0 0 0 0 0 110 49 0 2 1 0 0 0 0 0 0 0 0
37 29 0 0 0 0 0 0 0 0 0 0 0 176 72 0 2 1 1 0 0 0 1 0 0 0
85 42 0 1 0 0 0 0 0 0 0 0 0 206 87 0 2 1 1 1 0 0 1 0 0 0
116 59 0 1 0 0 0 0 0 0 0 0 0 273 118 0 3 2 1 1 0 0 1 0 0 0
160 79 0 2 0 0 0 0 0 0 0 0 0 412 157 0 5 2 2 1 0 0 1 0 0 0
180 85 0 2 0 0 0 0 0 0 0 0 0 592 194 0 10 3 2 1 1 0 2 0 0 0
226 104 0 3 0 0 0 0 0 0 0 0 0 665 218 0 10 6 2 1 1 0 2 0 0 0
257 118 0 3 1 1 0 0 0 1 0 0 0 672 228 0 10 6 2 1 1 0 2 0 0 0
333 135 0 4 1 1 0 0 0 1 0 0 0 702 244 0 12 6 3 1 1 0 2 1 0 0
379 148 0 5 1 1 0 0 0 1 0 0 0 769 265 0 12 6 3 1 1 0 2 1 0 0
392 161 0 5 1 1 0 0 0 1 0 0 0 807 276 0 13 6 3 2 1 0 2 1 0 0
439 177 0 5 1 1 0 0 0 1 0 0 0 816 283 0 15 6 4 2 1 0 3 1 0 0
459 189 0 6 1 1 0 0 0 1 0 0 0 933 303 0 17 7 4 2 1 0 3 1 0 0
497 202 0 6 2 1 1 0 0 1 0 0 0 940 321 0 18 8 4 2 1 0 3 1 0 0
521 215 0 7 2 2 1 0 0 1 0 0 0 1043 364 0 18 8 5 2 1 0 4 1 0 0
559 226 0 7 2 2 1 0 0 1 0 0 0 1070 378 0 18 9 5 2 1 0 4 1 0 0
604 237 0 8 2 2 1 0 0 2 0 0 0 1109 396 0 20 9 5 2 1 1 4 1 0 0
619 255 0 9 2 2 1 0 0 2 0 0 0 1135 412 0 20 9 5 2 1 1 4 1 0 0
635 267 0 9 2 2 1 0 0 2 0 0 0 1153 438 0 21 10 5 2 1 1 4 1 1 0
694 274 0 9 2 2 1 0 0 2 0 0 0 1235 450 0 21 10 5 2 1 1 4 1 1 0
733 294 0 10 2 2 1 0 0 2 0 0 0 1268 459 0 21 10 5 2 1 1 4 1 1 0
784 316 0 11 3 2 1 0 0 2 0 0 0 1273 467 0 21 10 5 2 1 1 4 1 1 0
826 322 0 11 3 2 1 0 0 2 0 0 0 1683 499 0 21 18 6 3 1 1 4 1 1 0
837 339 0 11 3 2 1 0 0 2 0 0 0 1692 506 0 21 18 6 3 1 1 4 1 1 0
895 356 0 12 3 3 1 0 0 2 0 0 0 1712 515 0 21 18 6 3 2 1 5 1 1 0
962 374 0 12 3 3 1 1 0 2 0 0 0 1745 542 0 22 18 6 3 2 1 5 1 1 0
1007 398 0 12 4 3 1 1 0 2 0 0 0 1803 571 0 26 18 6 3 2 1 5 1 1 0
1067 411 0 14 4 3 1 1 0 2 0 0 0 1923 582 0 27 18 6 3 2 1 5 1 1 0
1105 425 0 14 4 3 1 1 0 2 0 0 0 1945 586 0 27 18 6 3 2 1 5 1 1 0
1146 434 0 15 4 3 1 1 0 2 0 0 0 1957 608 0 27 18 6 3 2 1 6 1 1 0
1161 447 0 16 4 3 1 1 0 2 0 0 0 2040 627 0 28 18 6 3 2 1 6 1 1 0
1250 476 0 16 4 3 1 1 0 2 0 0 0 2050 638 0 29 18 6 3 2 1 6 1 1 0
1256 490 0 16 4 3 1 1 0 2 0 0 0 2130 655 0 30 18 7 3 2 1 6 1 1 0
1280 501 0 17 4 3 1 1 0 2 0 0 0 2224 661 0 30 19 7 3 2 1 6 1 1 0
1306 508 0 18 4 4 1 1 0 2 0 0 0 2254 672 0 30 19 7 3 2 1 6 1 1 0
1347 525 0 18 5 4 2 1 0 3 0 0 0 2290 682 0 31 19 7 3 2 1 6 1 1 0
1380 549 0 19 5 4 2 1 0 3 0 0 0 2297 693 0 31 19 7 3 2 1 6 1 1 0
1439 557 0 19 5 4 2 1 0 3 0 0 0 2343 705 0 32 19 7 4 2 1 6 1 1 0
1494 569 0 20 5 4 2 1 0 3 0 0 0 2476 716 0 33 19 7 4 3 1 7 1 1 0
1536 582 0 21 5 4 2 1 0 3 0 0 0 2527 725 0 33 19 7 4 3 1 7 1 1 0
