# scores for worst/random/best/smart move selector strategies. 
# scores are 50% and 95% quantiles (based on 40 games) of: 
# game score, #destroyed, #unlocked, #stripes, #bombs, #zappers
6 6 0 0 0 0 0 0 0 0 0 0 0 67 34 0 0 0 0 0 0 0 0 0 0 0
11 11 0 0 0 0 0 0 0 0 0 0 0 101 46 0 1 0 0 0 0 0 0 0 0 0
15 15 0 0 0 0 0 0 0 0 0 0 0 111 64 0 2 0 0 0 0 0 0 0 0 0
22 22 0 0 0 0 0 0 0 0 0 0 0 128 80 0 2 0 0 0 0 0 0 0 0 0
31 31 0 0 0 0 0 0 0 0 0 0 0 171 87 0 2 1 0 0 0 0 0 0 0 0
39 39 0 0 0 0 0 0 0 0 0 0 0 174 90 0 2 1 0 0 0 0 0 0 0 0
47 46 0 0 0 0 0 0 0 0 0 0 0 203 105 0 2 1 0 0 0 0 0 0 0 0
53 52 0 0 0 0 0 0 0 0 0 0 0 208 110 0 2 1 0 0 0 0 0 0 0 0
60 60 0 0 0 0 0 0 0 0 0 0 0 230 116 0 2 1 0 0 0 0 0 0 0 0
76 67 0 0 0 0 0 0 0 0 0 0 0 234 119 0 2 2 0 0 0 0 0 0 0 0
92 73 0 0 0 0 0 0 0 0 0 0 0 257 142 0 3 2 0 0 0 0 0 0 0 0
97 77 0 0 0 0 0 0 0 0 0 0 0 264 148 0 3 2 0 0 0 0 0 0 0 0
102 82 0 1 0 0 0 0 0 0 0 0 0 299 158 0 3 2 0 0 0 0 0 0 0 0
107 85 0 1 0 0 0 0 0 0 0 0 0 304 164 0 3 2 0 0 0 0 0 0 0 0
117 88 0 1 0 0 0 0 0 0 0 0 0 334 181 0 4 2 0 0 0 0 0 0 0 0
128 98 0 1 0 0 0 0 0 0 0 0 0 338 186 0 4 2 0 0 0 0 0 0 0 0
131 102 0 1 0 0 0 0 0 0 0 0 0 342 191 0 4 2 0 0 0 0 0 0 0 0
138 109 0 1 0 0 0 0 0 0 0 0 0 372 210 0 5 2 0 0 0 0 0 0 0 0
141 115 0 1 0 0 0 0 0 0 0 0 0 378 216 0 5 2 0 0 0 0 0 0 0 0
150 119 0 1 0 0 0 0 0 0 0 0 0 384 222 0 5 2 0 0 0 0 0 0 0 0
163 126 0 1 0 0 0 0 0 0 0 0 0 388 226 0 5 2 0 0 0 0 0 0 0 0
171 133 0 1 0 0 0 0 0 0 0 0 0 391 229 0 5 2 0 0 0 0 0 0 0 0
178 139 0 1 0 0 0 0 0 0 0 0 0 413 243 0 5 2 0 0 0 0 0 0 0 0
195 145 0 1 0 0 0 0 0 0 0 0 0 419 249 0 5 2 0 0 0 0 0 0 0 0
210 156 0 2 0 0 0 0 0 0 0 0 0 513 266 0 6 2 1 0 0 0 0 0 0 0
218 164 0 2 0 0 0 0 0 0 0 0 0 519 272 0 6 2 1 0 0 0 0 0 0 0
224 167 0 2 0 0 0 0 0 0 0 0 0 526 279 0 6 2 1 0 0 0 0 0 0 0
232 172 0 2 0 0 0 0 0 0 0 0 0 549 291 0 7 2 1 0 0 0 0 0 0 0
235 179 0 2 0 0 0 0 0 0 0 0 0 552 294 0 7 2 1 0 0 0 0 0 0 0
242 183 0 2 0 0 0 0 0 0 0 0 0 555 297 0 7 2 1 0 0 0 0 0 0 0
245 192 0 2 0 0 0 0 0 0 0 0 0 558 300 0 7 2 1 0 0 0 0 0 0 0
252 195 0 2 0 0 0 0 0 0 0 0 0 562 304 0 7 2 1 0 0 0 0 0 0 0
257 198 0 2 0 0 0 0 0 0 0 0 0 578 311 0 7 2 1 0 0 0 0 0 0 0
264 213 0 2 1 0 0 0 0 0 0 0 0 581 314 0 7 2 1 0 0 0 0 0 0 0
269 216 0 2 1 0 0 0 0 0 0 0 0 586 320 0 7 2 1 0 0 0 0 0 0 0
285 226 0 2 1 0 0 0 0 0 0 0 0 592 326 0 7 2 1 0 0 0 0 0 0 0
302 229 0 2 1 0 0 0 0 0 0 0 0 595 329 0 7 3 1 0 0 0 0 0 0 0
312 233 0 2 1 0 0 0 0 0 0 0 0 598 332 0 7 3 1 0 0 0 0 0 0 0
315 236 0 2 1 0 0 0 0 0 0 0 0 606 343 0 7 3 1 0 0 0 0 0 0 0
318 239 0 2 1 0 0 0 0 0 0 0 0 650 370 0 8 3 1 0 0 0 0 0 0 0
326 242 0 3 1 0 0 0 0 0 0 0 0 694 389 0 8 3 1 0 0 0 0 0 0 0
