# scores for worst/random/best/smart move selector strategies. 
# scores are 50% and 95% quantiles (based on 40 games) of: 
# game score, #destroyed, #unlocked, #stripes, #bombs, #zappers
0 0 0 0 0 0 0 0 0 0 0 0 0 9 9 0 0 0 0 0 0 0 0 0 0 0
6 6 0 0 0 0 0 0 0 0 0 0 0 30 25 0 0 0 0 0 0 0 0 0 0 0
12 12 0 0 0 0 0 0 0 0 0 0 0 66 45 0 0 0 0 0 0 0 0 0 0 0
20 20 0 0 0 0 0 0 0 0 0 0 0 103 62 1 1 0 0 0 0 0 0 0 0 0
27 26 0 0 0 0 0 0 0 0 0 0 0 141 89 4 2 1 0 0 0 0 0 0 0 0
51 34 0 0 0 0 0 0 0 0 0 0 0 201 105 5 3 1 0 0 0 0 0 0 0 0
73 42 0 0 0 0 0 0 0 0 0 0 0 233 121 5 4 1 0 1 0 0 0 0 0 0
86 55 0 1 0 0 0 0 0 0 0 0 0 272 166 10 4 1 1 1 1 0 1 0 0 0
121 67 0 1 0 0 0 0 0 0 0 0 0 418 179 12 6 2 1 1 1 0 1 0 0 0
133 79 0 1 0 0 0 0 0 0 0 0 0 449 203 12 7 2 2 1 1 0 1 0 0 0
155 92 2 2 0 0 0 0 0 0 0 0 0 544 216 12 7 2 2 1 1 0 2 0 0 0
219 106 2 2 1 0 0 0 0 0 0 0 0 779 247 12 7 4 2 1 1 0 2 0 0 0
230 135 3 3 1 0 0 0 0 0 0 0 0 859 265 13 8 5 2 1 1 0 2 0 0 0
298 148 4 4 1 0 0 0 0 0 0 0 0 998 295 13 15 5 2 1 1 0 2 1 0 0
316 157 4 4 1 0 0 0 0 0 0 0 0 1019 303 15 16 5 3 2 1 0 2 1 0 0
360 177 5 5 1 0 0 0 0 0 0 0 0 1077 320 16 16 5 3 2 1 0 2 1 0 0
372 181 5 5 1 0 0 0 0 0 0 0 0 1347 333 16 16 12 4 2 1 0 3 1 0 0
471 205 6 6 1 1 0 0 0 0 0 0 0 1369 353 19 18 14 4 3 1 0 3 1 1 0
502 216 6 6 1 1 0 0 0 0 0 0 0 1436 370 19 21 14 4 3 1 0 3 1 1 0
574 241 7 7 1 1 0 0 0 0 0 0 0 1494 381 19 21 14 4 3 2 0 3 1 1 0
599 258 7 8 2 1 0 0 0 0 0 0 0 1552 410 19 28 14 4 3 2 0 3 1 1 0
646 279 7 8 2 1 0 0 0 1 0 0 0 1609 424 22 28 15 5 3 2 0 3 1 1 0
674 292 7 9 2 1 0 0 0 1 0 0 0 1642 459 22 28 15 5 3 2 0 3 1 1 0
686 305 9 9 3 1 0 0 0 1 0 0 0 1650 468 22 29 15 5 3 2 1 4 1 1 0
745 312 9 9 3 1 1 0 0 1 0 0 0 1657 486 22 29 15 5 3 2 1 4 1 1 0
772 342 9 9 3 1 1 0 0 1 0 0 0 1852 506 22 29 15 6 3 2 1 4 1 1 0
852 358 9 10 3 1 1 0 0 1 0 0 0 2122 533 22 32 15 6 4 2 1 4 1 1 0
871 378 10 11 4 2 1 0 0 1 0 0 0 2128 539 22 32 16 6 4 2 1 4 1 1 0
889 394 10 12 4 2 1 0 0 2 0 0 0 2240 573 22 32 17 6 4 2 1 4 1 1 0
917 403 10 13 4 2 1 0 0 2 0 0 0 2246 607 22 33 17 6 4 2 1 4 1 1 0
960 412 10 13 4 2 1 0 0 2 0 0 0 2277 614 22 34 17 6 4 2 1 4 1 1 0
1012 428 10 14 4 2 1 1 0 2 0 0 0 2283 619 22 35 17 6 4 2 1 4 1 1 0
1036 441 10 14 4 2 1 1 0 2 0 0 0 2287 632 22 37 17 6 4 2 1 4 1 1 0
1171 468 10 16 4 2 1 1 0 2 0 0 0 2380 654 22 38 19 6 4 2 1 4 1 1 0
1236 487 10 16 4 2 1 1 0 2 0 0 0 2569 680 22 40 21 7 4 2 1 4 1 1 0
1284 498 10 16 4 2 1 1 0 2 0 0 0 2622 696 22 41 21 7 4 3 1 4 1 1 0
1293 507 10 16 5 2 1 1 0 2 0 0 0 2629 703 22 41 21 7 4 3 1 4 1 1 0
1299 520 10 18 5 2 1 1 0 2 0 0 0 2632 706 22 42 21 7 4 3 1 5 1 1 0
1391 531 10 18 5 2 2 1 0 2 0 0 0 2641 727 22 42 21 7 4 3 1 5 1 1 0
1395 539 10 19 5 3 2 1 0 2 0 0 0 2673 744 22 42 21 7 5 3 1 5 1 1 0
1405 562 10 19 6 3 2 1 0 2 0 0 0 2683 783 22 45 21 8 5 3 1 5 2 1 0
