# scores for worst/random/best/smart move selector strategies. 
# scores are 50% and 95% quantiles (based on 40 games) of: 
# game score, #destroyed, #unlocked, #stripes, #bombs, #zappers
0 0 0 0 0 0 0 0 0 0 0 0 0 9 9 0 0 0 0 0 0 0 0 0 0 0
6 6 0 0 0 0 0 0 0 0 0 0 0 18 18 0 0 0 0 0 0 0 0 0 0 0
12 12 0 0 0 0 0 0 0 0 0 0 0 37 29 0 0 0 0 0 0 0 0 0 0 0
16 16 0 0 0 0 0 0 0 0 0 0 0 72 46 0 1 0 0 0 0 0 0 0 0 0
24 22 0 0 0 0 0 0 0 0 0 0 0 96 54 0 1 0 0 0 0 0 0 0 0 0
33 31 0 0 0 0 0 0 0 0 0 0 0 121 67 2 1 0 0 0 0 0 0 0 0 0
37 36 0 0 0 0 0 0 0 0 0 0 0 128 80 2 1 1 0 0 0 0 0 0 0 0
51 45 0 0 0 0 0 0 0 0 0 0 0 147 97 2 2 1 0 0 0 0 0 0 0 0
61 53 0 0 0 0 0 0 0 0 0 0 0 178 113 2 2 1 1 0 0 0 1 0 0 0
69 65 0 0 0 0 0 0 0 0 0 0 0 310 155 3 3 1 1 0 0 0 1 0 0 0
97 77 0 0 0 0 0 0 0 0 0 0 0 315 158 3 3 2 1 0 0 0 1 0 0 0
104 80 0 0 0 0 0 0 0 0 0 0 0 330 171 4 3 2 1 0 0 0 1 0 0 0
110 88 0 0 0 0 0 0 0 0 0 0 0 334 183 4 3 2 1 0 0 0 1 0 0 0
118 99 0 0 0 0 0 0 0 0 0 0 0 364 192 7 4 2 1 0 0 0 1 0 0 0
159 110 0 1 0 0 0 0 0 0 0 0 0 459 223 7 4 2 1 0 0 0 1 0 0 0
180 123 0 1 0 0 0 0 0 0 0 0 0 528 250 9 5 3 1 0 0 0 1 0 0 0
201 126 0 1 0 0 0 0 0 0 0 0 0 540 260 9 5 3 2 0 0 0 2 0 0 0
215 139 0 1 0 0 0 0 0 0 0 0 0 543 263 9 5 3 2 1 0 0 2 0 0 0
233 147 0 1 0 0 0 0 0 0 0 0 0 614 292 9 6 3 2 1 0 0 2 0 0 0
241 164 0 2 1 0 0 0 0 0 0 0 0 625 298 10 7 3 2 1 0 0 2 0 0 0
272 171 1 2 1 0 0 0 0 0 0 0 0 671 312 10 8 3 2 1 0 0 2 0 0 0
279 181 2 2 1 0 0 0 0 0 0 0 0 676 322 10 8 3 2 1 0 0 2 0 0 0
290 196 2 2 1 0 0 0 0 0 0 0 0 687 327 10 8 3 2 1 0 0 2 0 0 0
340 208 2 3 1 0 0 0 0 0 0 0 0 734 336 10 9 4 2 1 0 0 2 0 0 0
376 224 2 3 2 0 0 0 0 0 0 0 0 813 369 10 9 4 2 1 0 0 2 0 0 0
382 233 2 3 2 0 0 0 0 0 0 0 0 818 376 10 10 4 2 1 0 0 2 0 0 0
390 237 2 4 2 0 0 0 0 0 0 0 0 821 379 10 10 4 2 1 0 0 2 0 0 0
415 246 2 4 2 0 0 0 0 0 0 0 0 848 385 10 10 4 2 1 0 0 2 0 0 0
423 254 2 4 2 0 0 0 0 0 0 0 0 851 388 10 10 5 2 1 0 0 2 0 0 0
459 272 2 4 2 0 0 0 0 0 0 0 0 899 394 10 10 5 2 1 1 0 2 0 0 0
465 277 2 4 2 0 0 0 0 0 0 0 0 902 397 10 10 5 2 1 1 0 2 0 0 0
476 287 2 4 2 0 0 0 0 0 0 0 0 909 404 10 10 5 2 1 1 0 2 0 0 0
498 306 3 4 2 0 0 0 0 0 0 0 0 917 411 10 10 6 2 1 1 0 2 0 0 0
579 325 3 5 2 0 0 0 0 0 0 0 0 928 425 10 10 6 2 1 1 0 2 0 0 0
586 329 3 5 2 0 0 0 0 0 0 0 0 936 438 10 11 6 2 1 1 0 2 0 0 0
592 334 3 6 2 0 0 0 0 0 0 0 0 940 444 10 11 6 2 1 1 0 2 0 0 0
595 337 3 6 2 0 0 0 0 0 0 0 0 950 454 10 11 6 2 1 1 0 2 0 0 0
627 349 3 6 3 0 0 0 0 0 0 0 0 967 471 10 12 6 2 1 1 0 2 0 0 0
630 352 3 6 3 0 0 0 0 0 0 0 0 971 477 10 12 7 2 1 1 0 2 0 0 0
633 359 3 6 3 0 0 0 0 0 0 0 0 981 482 10 12 7 2 1 1 0 2 0 0 0
640 370 3 6 3 0 0 0 0 0 0 0 0 1020 492 10 13 7 2 1 1 0 2 0 0 0
