# scores for worst/random/best/smart move selector strategies. 
# scores are 50% and 95% quantiles (based on 40 games) of: 
# game score, #destroyed, #unlocked, #stripes, #bombs, #zappers
0 0 0 0 0 0 0 0 0 0 0 0 0 9 9 0 0 0 0 0 0 0 0 0 0 0
6 6 0 0 0 0 0 0 0 0 0 0 0 51 27 0 0 0 0 0 0 0 0 0 0 0
12 12 0 0 0 0 0 0 0 0 0 0 0 88 40 0 1 0 0 0 0 0 0 0 0 0
23 21 0 0 0 0 0 0 0 0 0 0 0 112 71 2 2 0 0 0 0 0 0 0 0 0
42 31 0 0 0 0 0 0 0 0 0 0 0 197 101 3 3 1 1 0 0 0 1 0 0 0
52 41 0 1 0 0 0 0 0 0 0 0 0 335 139 5 4 1 1 0 0 0 1 0 0 0
106 65 0 1 0 0 0 0 0 0 0 0 0 421 184 7 5 2 1 1 0 0 1 0 0 0
147 78 1 1 0 0 0 0 0 0 0 0 0 527 222 11 6 3 2 1 1 0 1 0 0 0
183 97 2 3 0 0 0 0 0 0 0 0 0 556 233 14 7 3 2 1 1 0 1 0 0 0
254 109 2 3 1 0 0 0 0 0 0 0 0 580 242 15 7 3 2 1 1 0 2 0 0 0
277 125 3 3 1 0 0 0 0 0 0 0 0 829 300 15 9 5 2 1 1 1 2 0 0 0
343 148 3 4 1 1 0 0 0 1 0 0 0 870 314 15 11 5 2 1 1 1 2 1 0 0
432 174 4 5 2 1 0 0 0 1 0 0 0 937 335 15 12 5 3 1 1 1 2 1 0 0
463 198 5 6 2 1 0 0 0 1 0 0 0 1010 363 15 14 5 3 1 1 1 2 1 0 0
546 226 5 6 2 1 0 0 0 1 0 0 0 1060 410 15 19 6 3 1 1 1 3 1 0 0
604 262 5 7 2 2 0 0 0 1 0 0 0 1122 441 15 22 6 4 1 2 1 3 1 0 0
677 286 5 8 2 2 0 0 0 1 0 0 0 1173 464 15 23 7 4 2 2 1 3 1 0 0
765 318 6 8 3 2 1 0 0 1 0 0 0 1248 485 15 30 8 4 2 2 1 3 1 0 0
792 333 7 8 3 2 1 0 0 2 0 0 0 1493 539 15 30 13 5 2 2 1 4 1 0 0
882 356 7 9 3 2 1 0 0 2 0 0 0 1665 555 15 32 18 5 2 2 1 4 1 1 0
931 370 7 11 3 2 1 0 0 2 0 0 0 1687 577 15 33 18 5 2 2 1 4 1 1 0
989 390 7 11 4 2 1 0 0 2 0 0 0 1719 584 15 33 19 5 2 2 1 4 1 1 0
1104 422 7 11 4 3 1 1 0 2 0 0 0 1756 597 15 34 19 5 2 2 1 5 1 1 0
1186 443 7 12 4 3 1 1 0 3 0 0 0 1815 623 15 35 20 6 2 2 1 5 1 1 0
1231 465 7 12 5 3 1 1 0 3 0 0 0 1878 642 15 36 20 6 2 2 1 5 1 1 0
1287 488 7 13 5 4 1 1 0 3 0 0 0 1971 667 15 36 21 6 2 2 1 5 1 1 0
1342 517 7 14 6 4 1 1 0 3 0 0 0 2041 690 15 37 21 6 2 2 1 5 1 1 0
1416 534 7 15 6 4 1 1 0 3 0 0 0 2107 710 15 38 22 7 3 2 1 6 1 1 0
1451 561 7 16 6 4 1 1 0 3 0 0 0 2127 740 15 40 22 8 3 2 1 6 1 1 0
1541 588 7 16 6 4 1 1 0 4 0 0 0 2187 768 15 40 22 8 3 3 1 7 1 1 0
1705 617 7 16 7 5 1 1 0 4 0 0 0 2249 806 15 43 24 9 3 3 1 7 1 1 0
1766 649 7 17 7 5 1 1 0 4 0 0 0 2283 843 15 44 24 9 3 3 1 7 1 1 1
1831 675 7 18 7 5 1 1 0 4 0 0 0 2428 894 15 46 25 9 3 3 1 7 1 1 1
1874 698 7 19 7 5 1 1 0 4 0 0 0 2474 909 15 46 26 9 3 3 1 7 1 1 1
1917 725 7 19 7 5 1 1 0 4 0 0 0 2553 943 15 46 26 10 3 3 1 8 1 1 1
2026 746 7 21 8 5 1 1 0 4 0 0 0 2619 950 15 46 27 10 3 3 1 8 1 1 1
2133 784 7 22 8 6 1 1 0 5 0 0 0 2726 980 15 46 27 11 3 3 1 8 1 1 1
2140 796 7 23 9 6 1 1 0 5 0 0 0 2939 1007 15 46 27 11 3 3 1 9 1 1 1
2249 819 7 23 9 6 1 1 0 5 0 0 0 3043 1029 15 47 27 11 3 3 1 9 1 1 1
2331 831 7 25 10 6 2 1 0 5 0 0 0 3277 1061 15 49 28 12 4 3 1 9 1 1 1
2341 861 7 25 10 6 2 1 0 5 0 0 0 3300 1079 15 49 28 12 4 3 1 9 1 1 1
