# scores for worst/random/best/smart move selector strategies. 
# scores are 50% and 95% quantiles (based on 40 games) of: 
# game score, #destroyed, #unlocked, #stripes, #bombs, #zappers
0 0 0 0 0 0 0 0 0 0 0 0 0 9 9 0 0 0 0 0 0 0 0 0 0 0
6 6 0 0 0 0 0 0 0 0 0 0 0 33 33 0 0 0 0 0 0 0 0 0 0 0
11 11 0 0 0 0 0 0 0 0 0 0 0 51 51 0 0 0 0 0 0 0 0 0 0 0
17 16 0 0 0 0 0 0 0 0 0 0 0 59 59 0 0 0 0 0 0 0 0 0 0 0
22 21 0 0 0 0 0 0 0 0 0 0 0 82 69 0 1 0 0 0 0 0 0 0 0 0
30 30 0 0 0 0 0 0 0 0 0 0 0 92 75 1 1 0 0 0 0 0 0 0 0 0
41 36 0 0 0 0 0 0 0 0 0 0 0 96 78 1 1 1 0 0 0 0 0 0 0 0
56 47 0 0 0 0 0 0 0 0 0 0 0 129 92 2 1 1 0 0 0 0 0 0 0 0
72 52 0 0 0 0 0 0 0 0 0 0 0 198 107 2 2 1 0 0 0 0 0 0 0 0
77 59 0 0 0 0 0 0 0 0 0 0 0 201 123 2 2 1 0 0 0 0 0 0 0 0
85 66 0 0 0 0 0 0 0 0 0 0 0 209 126 2 2 1 0 0 0 0 0 0 0 0
97 76 0 1 0 0 0 0 0 0 0 0 0 241 147 5 3 1 0 0 0 0 0 0 0 0
107 85 0 1 0 0 0 0 0 0 0 0 0 319 165 7 4 2 0 0 0 0 0 0 0 0
123 96 0 1 0 0 0 0 0 0 0 0 0 327 173 7 4 2 0 0 0 0 0 0 0 0
135 105 0 1 0 0 0 0 0 0 0 0 0 332 176 7 4 2 0 0 0 0 0 0 0 0
138 108 0 1 0 0 0 0 0 0 0 0 0 335 184 7 4 2 0 0 0 0 0 0 0 0
172 124 0 1 0 0 0 0 0 0 0 0 0 338 187 7 4 2 0 0 0 0 0 0 0 0
195 135 0 1 0 0 0 0 0 0 0 0 0 365 194 8 4 2 1 0 0 0 0 0 0 0
199 140 0 1 0 0 0 0 0 0 0 0 0 376 207 8 4 2 1 0 0 0 0 0 0 0
210 149 1 1 0 0 0 0 0 0 0 0 0 380 211 8 4 2 1 0 0 0 0 0 0 0
218 158 1 1 1 0 0 0 0 0 0 0 0 383 238 8 4 3 1 0 0 0 0 0 0 0
231 162 1 1 1 0 0 0 0 0 0 0 0 489 257 8 5 3 1 0 0 0 0 0 0 0
237 169 1 2 1 0 0 0 0 0 0 0 0 498 263 8 5 3 1 0 0 0 0 0 0 0
252 172 1 2 1 0 0 0 0 0 0 0 0 501 269 8 5 3 1 0 0 0 0 0 0 0
273 187 2 2 1 0 0 0 0 0 0 0 0 524 284 8 5 3 1 0 0 0 0 0 0 0
286 195 2 2 1 0 0 0 0 0 0 0 0 527 287 8 5 3 1 0 0 0 0 0 0 0
298 200 2 2 1 0 0 0 0 0 0 0 0 537 296 8 5 3 1 0 0 0 0 0 0 0
301 204 2 2 1 0 0 0 0 0 0 0 0 542 303 8 5 3 1 0 0 0 0 0 0 0
317 215 2 2 1 0 0 0 0 0 0 0 0 548 308 11 6 3 1 0 0 0 0 0 0 0
328 218 2 2 1 0 0 0 0 0 0 0 0 560 320 11 6 4 1 0 0 0 0 0 0 0
335 221 2 2 1 0 0 0 0 0 0 0 0 578 323 11 6 4 1 0 0 0 0 0 0 0
343 232 2 3 1 0 0 0 0 0 0 0 0 614 343 11 6 4 1 0 0 0 0 0 0 0
355 236 2 3 1 0 0 0 0 0 0 0 0 675 355 12 7 4 1 0 0 0 0 0 0 0
360 239 2 3 1 0 0 0 0 0 0 0 0 720 368 12 7 4 1 0 0 0 0 0 0 0
368 248 2 3 1 0 0 0 0 0 0 0 0 726 374 12 7 4 1 0 0 0 0 0 0 0
385 251 2 3 1 0 0 0 0 0 0 0 0 733 380 12 7 4 1 0 0 0 0 0 0 0
388 260 2 3 1 0 0 0 0 0 0 0 0 738 383 12 7 4 1 0 0 0 0 0 0 0
404 268 2 3 1 0 0 0 0 0 0 0 0 761 391 12 8 4 1 0 0 0 0 0 0 0
415 277 2 3 1 0 0 0 0 0 0 0 0 764 399 12 8 4 1 0 0 0 0 0 0 0
426 280 2 3 1 0 0 0 0 0 0 0 0 769 405 12 8 4 1 0 0 0 0 0 0 0
434 289 2 3 1 0 0 0 0 0 0 0 0 774 416 12 8 4 1 0 0 0 0 0 0 0
