# scores for worst/random/best/smart move selector strategies. 
# scores are 50% and 95% quantiles (based on 40 games) of: 
# game score, #destroyed, #unlocked, #stripes, #bombs, #zappers
0 0 0 0 0 0 0 0 0 0 0 0 0 3 3 0 0 0 0 0 0 0 0 0 0 0
3 3 0 0 0 0 0 0 0 0 0 0 0 7 7 0 0 0 0 0 0 0 0 0 0 0
9 9 0 0 0 0 0 0 0 0 0 0 0 18 18 0 0 0 0 0 0 0 0 0 0 0
12 12 0 0 0 0 0 0 0 0 0 0 0 24 24 0 0 0 0 0 0 0 0 0 0 0
15 15 0 0 0 0 0 0 0 0 0 0 0 27 27 0 0 0 0 0 0 0 0 0 0 0
20 20 0 0 0 0 0 0 0 0 0 0 0 33 33 0 0 0 0 0 0 0 0 0 0 0
27 27 0 0 0 0 0 0 0 0 0 0 0 36 36 0 0 0 0 0 0 0 0 0 0 0
30 30 0 0 0 0 0 0 0 0 0 0 0 67 44 0 1 0 0 0 0 0 0 0 0 0
33 33 0 0 0 0 0 0 0 0 0 0 0 76 54 2 1 0 0 0 0 0 0 0 0 0
42 39 0 0 0 0 0 0 0 0 0 0 0 94 57 2 1 0 0 0 0 0 0 0 0 0
46 45 0 0 0 0 0 0 0 0 0 0 0 102 62 2 1 0 0 0 0 0 0 0 0 0
53 49 0 0 0 0 0 0 0 0 0 0 0 112 70 5 1 0 0 0 0 0 0 0 0 0
56 52 0 0 0 0 0 0 0 0 0 0 0 137 78 5 2 0 0 0 0 0 0 0 0 0
69 55 0 0 0 0 0 0 0 0 0 0 0 142 83 5 2 0 0 0 0 0 0 0 0 0
76 64 0 0 0 0 0 0 0 0 0 0 0 156 89 11 2 1 0 0 0 0 0 0 0 0
81 67 0 0 0 0 0 0 0 0 0 0 0 170 92 11 2 1 1 0 0 0 1 0 0 0
86 73 0 0 0 0 0 0 0 0 0 0 0 178 95 11 2 1 1 1 0 0 1 0 0 0
96 76 0 1 0 0 0 0 0 0 0 0 0 188 104 11 2 1 1 1 0 0 1 0 0 0
100 79 0 1 0 0 0 0 0 0 0 0 0 191 108 11 3 1 1 1 0 0 1 0 0 0
108 82 0 1 0 0 0 0 0 0 0 0 0 195 114 11 3 1 1 1 0 0 1 0 0 0
116 88 0 1 0 0 0 0 0 0 0 0 0 214 119 11 3 1 1 1 0 0 1 0 0 0
129 94 0 1 0 0 0 0 0 0 0 0 0 218 126 12 3 1 1 1 0 0 1 0 0 0
133 98 0 1 0 0 0 0 0 0 0 0 0 227 129 12 3 1 1 1 0 0 1 0 0 0
137 103 0 1 0 0 0 0 0 0 0 0 0 232 133 12 3 1 1 1 0 0 1 0 0 0
146 106 0 1 0 0 0 0 0 0 0 0 0 256 136 14 3 1 1 1 0 0 1 0 0 0
152 109 0 1 0 0 0 0 0 0 0 0 0 268 143 14 4 1 1 1 0 0 1 0 0 0
158 114 0 1 0 0 0 0 0 0 0 0 0 271 151 14 4 1 1 1 0 0 1 0 0 0
164 123 0 2 0 0 0 0 0 0 0 0 0 305 160 15 5 1 1 1 0 0 1 0 0 0
170 128 0 2 0 0 0 0 0 0 0 0 0 308 164 15 5 1 1 1 0 0 1 0 0 0
174 131 0 2 0 0 0 0 0 0 0 0 0 313 167 15 5 1 1 1 0 0 1 0 0 0
187 137 0 2 0 0 0 0 0 0 0 0 0 318 171 15 5 1 1 1 0 0 1 0 0 0
195 140 0 2 0 0 0 0 0 0 0 0 0 327 176 15 5 1 1 1 0 0 1 0 0 0
200 144 0 2 0 0 0 0 0 0 0 0 0 333 180 15 5 1 1 1 0 0 1 0 0 0
208 148 1 2 0 0 0 0 0 0 0 0 0 338 184 17 5 1 1 1 1 0 1 0 0 0
219 152 1 2 0 0 0 0 0 0 0 0 0 344 187 17 5 1 1 1 1 0 1 0 0 0
222 155 1 2 0 0 0 0 0 0 0 0 0 350 191 17 5 1 1 1 1 0 1 0 0 0
225 160 1 2 0 0 0 0 0 0 0 0 0 354 195 17 5 1 1 1 1 0 1 0 0 0
234 170 1 2 0 0 0 0 0 0 0 0 0 373 206 17 6 1 1 1 1 0 1 0 0 0
254 175 2 2 0 0 0 0 0 0 0 0 0 376 211 17 6 2 1 1 1 0 1 0 0 0
264 180 2 2 0 0 0 0 0 0 0 0 0 385 214 17 7 2 1 1 1 0 1 0 0 0
273 186 2 2 0 0 0 0 0 0 0 0 0 409 226 17 7 2 1 1 1 0 1 0 0 0
