# scores for worst/random/best/smart move selector strategies. 
# scores are 50% and 95% quantiles (based on 40 games) of: 
# game score, #destroyed, #unlocked, #stripes, #bombs, #zappers
0 0 0 0 0 0 0 0 0 0 0 0 0 3 3 0 0 0 0 0 0 0 0 0 0 0
3 3 0 0 0 0 0 0 0 0 0 0 0 6 6 0 0 0 0 0 0 0 0 0 0 0
8 8 0 0 0 0 0 0 0 0 0 0 0 16 16 0 0 0 0 0 0 0 0 0 0 0
12 12 0 0 0 0 0 0 0 0 0 0 0 24 23 0 0 0 0 0 0 0 0 0 0 0
15 15 0 0 0 0 0 0 0 0 0 0 0 30 29 0 0 0 0 0 0 0 0 0 0 0
21 21 0 0 0 0 0 0 0 0 0 0 0 39 34 0 0 0 0 0 0 0 0 0 0 0
26 26 0 0 0 0 0 0 0 0 0 0 0 80 43 0 1 0 0 0 0 0 0 0 0 0
31 30 0 0 0 0 0 0 0 0 0 0 0 97 48 3 1 0 0 0 0 0 0 0 0 0
35 34 0 0 0 0 0 0 0 0 0 0 0 102 53 4 2 0 1 0 0 0 1 0 0 0
44 40 0 0 0 0 0 0 0 0 0 0 0 105 60 4 2 0 1 0 0 0 1 0 0 0
59 47 0 0 0 0 0 0 0 0 0 0 0 137 64 5 2 0 1 0 0 0 1 0 0 0
69 53 0 1 0 0 0 0 0 0 0 0 0 141 67 5 2 0 1 0 0 0 1 0 0 0
78 59 0 1 0 0 0 0 0 0 0 0 0 150 71 5 3 0 1 1 0 0 1 0 0 0
82 62 0 1 0 0 0 0 0 0 0 0 0 156 78 5 3 0 1 1 0 0 1 0 0 0
86 67 0 1 0 0 0 0 0 0 0 0 0 159 83 5 3 0 1 1 0 0 1 0 0 0
90 71 0 1 0 0 0 0 0 0 0 0 0 163 87 5 3 0 1 1 0 0 1 0 0 0
104 78 0 1 0 0 0 0 0 0 0 0 0 168 91 6 3 0 1 1 0 0 1 0 0 0
111 83 0 1 0 0 0 0 0 0 0 0 0 191 106 10 3 1 1 1 0 0 1 0 0 0
115 89 0 1 0 0 0 0 0 0 0 0 0 196 112 10 3 1 1 1 0 0 1 0 0 0
125 92 0 1 0 0 0 0 0 0 0 0 0 223 116 10 3 1 1 1 0 0 1 0 0 0
136 98 0 1 0 0 0 0 0 0 0 0 0 236 121 10 4 1 1 1 0 0 1 0 0 0
156 105 0 1 0 0 0 0 0 0 0 0 0 240 127 10 4 1 1 1 0 0 1 0 0 0
170 110 1 1 0 0 0 0 0 0 0 0 0 285 141 10 5 1 1 1 0 0 1 0 0 0
173 113 1 2 0 0 0 0 0 0 0 0 0 289 144 10 5 1 1 1 0 0 1 0 0 0
178 119 1 2 0 0 0 0 0 0 0 0 0 379 164 10 5 2 1 1 0 0 1 0 0 0
193 124 1 2 0 0 0 0 0 0 0 0 0 392 167 18 5 2 1 1 0 0 1 0 0 0
206 130 2 2 0 0 0 0 0 0 0 0 0 407 173 18 6 2 1 2 1 0 1 0 0 0
216 135 2 2 0 0 0 0 0 0 0 0 0 445 183 18 6 2 1 2 1 0 1 0 0 0
221 140 2 2 0 0 0 0 0 0 0 0 0 450 187 18 6 2 1 2 1 0 1 0 0 0
230 148 3 3 0 0 0 0 0 0 0 0 0 458 194 18 6 2 1 2 1 0 1 0 0 0
241 152 3 3 0 0 0 0 0 0 0 0 0 461 199 18 6 2 1 2 1 0 1 0 0 0
254 158 3 3 0 0 0 0 0 0 0 0 0 478 209 18 6 2 1 2 1 0 1 0 0 0
263 163 3 3 0 0 0 0 0 0 0 0 0 565 219 18 11 2 1 2 1 0 1 0 0 0
272 168 4 3 0 0 0 0 0 0 0 0 0 569 225 20 11 2 1 2 1 0 1 0 0 0
283 174 4 3 0 0 0 0 0 0 0 0 0 602 235 20 11 2 2 2 1 0 1 0 0 0
288 181 4 3 0 0 0 0 0 0 0 0 0 605 243 20 11 2 2 2 1 0 1 0 0 0
309 188 4 4 0 0 0 0 0 0 0 0 0 609 248 20 11 2 2 2 1 0 1 0 0 0
331 192 4 4 0 0 0 0 0 0 0 0 0 625 264 20 11 2 2 2 1 0 2 0 0 0
334 199 4 4 0 0 0 0 0 0 0 0 0 630 268 20 11 2 2 2 1 0 2 0 0 0
340 206 4 4 0 0 0 0 0 0 0 0 0 637 273 21 11 2 2 2 1 0 2 0 0 0
346 209 5 5 0 0 0 0 0 0 0 0 0 643 276 25 11 2 2 2 1 0 2 0 0 0
