# scores for worst/random/best/smart move selector strategies. 
# scores are 50% and 95% quantiles (based on 40 games) of: 
# game score, #destroyed, #unlocked, #stripes, #bombs, #zappers
0 0 0 0 0 0 0 0 0 0 0 0 0 3 3 0 0 0 0 0 0 0 0 0 0 0
3 3 0 0 0 0 0 0 0 0 0 0 0 6 6 0 0 0 0 0 0 0 0 0 0 0
6 6 0 0 0 0 0 0 0 0 0 0 0 16 16 0 0 0 0 0 0 0 0 0 0 0
12 12 0 0 0 0 0 0 0 0 0 0 0 23 23 0 0 0 0 0 0 0 0 0 0 0
15 15 0 0 0 0 0 0 0 0 0 0 0 26 26 0 0 0 0 0 0 0 0 0 0 0
18 18 0 0 0 0 0 0 0 0 0 0 0 31 31 0 0 0 0 0 0 0 0 0 0 0
24 24 0 0 0 0 0 0 0 0 0 0 0 41 38 0 0 0 0 0 0 0 0 0 0 0
27 27 0 0 0 0 0 0 0 0 0 0 0 48 43 0 0 0 0 0 0 0 0 0 0 0
30 30 0 0 0 0 0 0 0 0 0 0 0 53 46 0 0 0 0 0 0 0 0 0 0 0
36 36 0 0 0 0 0 0 0 0 0 0 0 63 50 0 1 0 0 0 0 0 0 0 0 0
39 39 0 0 0 0 0 0 0 0 0 0 0 66 53 0 1 0 0 0 0 0 0 0 0 0
42 42 0 0 0 0 0 0 0 0 0 0 0 69 59 0 1 0 0 0 0 0 0 0 0 0
45 45 0 0 0 0 0 0 0 0 0 0 0 78 64 0 1 0 0 0 0 0 0 0 0 0
51 51 0 0 0 0 0 0 0 0 0 0 0 81 72 0 1 0 0 0 0 0 0 0 0 0
57 57 0 0 0 0 0 0 0 0 0 0 0 95 77 0 1 0 0 0 0 0 0 0 0 0
61 61 0 0 0 0 0 0 0 0 0 0 0 105 82 0 1 0 0 0 0 0 0 0 0 0
65 65 0 0 0 0 0 0 0 0 0 0 0 108 85 0 1 0 0 0 0 0 0 0 0 0
72 72 0 0 0 0 0 0 0 0 0 0 0 111 90 0 1 0 0 0 0 0 0 0 0 0
76 75 0 0 0 0 0 0 0 0 0 0 0 119 93 0 1 0 0 0 0 0 0 0 0 0
81 79 0 0 0 0 0 0 0 0 0 0 0 123 100 0 1 0 0 0 0 0 0 0 0 0
84 83 0 0 0 0 0 0 0 0 0 0 0 128 103 1 1 0 0 0 0 0 0 0 0 0
87 87 0 0 0 0 0 0 0 0 0 0 0 133 108 1 1 0 0 0 0 0 0 0 0 0
92 91 0 0 0 0 0 0 0 0 0 0 0 139 119 1 1 0 0 0 0 0 0 0 0 0
97 95 0 0 0 0 0 0 0 0 0 0 0 152 125 3 1 0 0 0 0 0 0 0 0 0
102 101 0 0 0 0 0 0 0 0 0 0 0 171 129 3 1 0 0 0 0 0 0 0 0 0
106 105 0 0 0 0 0 0 0 0 0 0 0 174 134 3 1 0 0 0 0 0 0 0 0 0
111 110 0 0 0 0 0 0 0 0 0 0 0 183 138 3 2 0 0 0 0 0 0 0 0 0
114 113 0 0 0 0 0 0 0 0 0 0 0 186 141 3 2 0 0 0 0 0 0 0 0 0
117 116 0 0 0 0 0 0 0 0 0 0 0 191 144 3 2 0 0 0 0 0 0 0 0 0
124 120 0 0 0 0 0 0 0 0 0 0 0 195 149 3 2 0 0 0 0 0 0 0 0 0
128 126 0 0 0 0 0 0 0 0 0 0 0 203 152 3 2 0 0 0 0 0 0 0 0 0
133 130 0 0 0 0 0 0 0 0 0 0 0 206 156 3 2 0 0 0 0 0 0 0 0 0
138 133 0 0 0 0 0 0 0 0 0 0 0 209 159 3 2 0 0 0 0 0 0 0 0 0
141 136 0 0 0 0 0 0 0 0 0 0 0 212 164 3 2 0 0 0 0 0 0 0 0 0
146 140 0 0 0 0 0 0 0 0 0 0 0 220 172 3 2 0 0 0 0 0 0 0 0 0
149 144 0 0 0 0 0 0 0 0 0 0 0 224 176 3 2 0 0 0 0 0 0 0 0 0
152 150 0 0 0 0 0 0 0 0 0 0 0 227 179 3 2 0 0 0 0 0 0 0 0 0
158 153 0 0 0 0 0 0 0 0 0 0 0 230 183 3 2 0 0 0 0 0 0 0 0 0
163 156 0 0 0 0 0 0 0 0 0 0 0 233 188 3 2 0 0 0 0 0 0 0 0 0
168 159 0 0 0 0 0 0 0 0 0 0 0 238 192 3 2 0 0 0 0 0 0 0 0 0
171 163 0 0 0 0 0 0 0 0 0 0 0 241 196 3 2 0 0 0 0 0 0 0 0 0
