# scores for worst/random/best/smart move selector strategies. 
# scores are 50% and 95% quantiles (based on 40 games) of: 
# game score, #destroyed, #unlocked, #stripes, #bombs, #zappers
3 3 0 0 0 0 0 0 0 0 0 0 0 17 17 0 0 0 0 0 0 0 0 0 0 0
9 9 0 0 0 0 0 0 0 0 0 0 0 21 21 0 0 0 0 0 0 0 0 0 0 0
16 16 0 0 0 0 0 0 0 0 0 0 0 83 27 1 2 0 0 0 0 0 0 0 0 0
22 22 0 0 0 0 0 0 0 0 0 0 0 332 66 4 8 1 1 1 0 0 0 0 0 0
27 27 0 0 0 0 0 0 0 0 0 0 0 338 73 6 8 1 1 1 1 0 0 0 0 0
36 32 0 0 0 0 0 0 0 0 0 0 0 588 96 6 8 7 1 1 1 0 1 0 0 0
54 42 0 0 0 0 0 0 0 0 0 0 0 610 101 9 8 7 1 1 1 0 1 0 0 0
82 47 0 1 0 0 0 0 0 0 0 0 0 617 108 9 8 7 1 1 1 0 1 0 0 0
109 55 1 1 0 0 0 0 0 0 0 0 0 661 124 10 11 7 2 2 1 0 1 0 0 0
178 70 1 2 0 0 0 0 0 0 0 0 0 747 138 10 12 11 2 2 1 0 1 1 1 0
253 89 1 4 0 0 0 0 0 0 0 0 0 875 148 10 13 12 2 2 1 0 1 1 1 0
337 101 3 6 0 1 1 0 0 0 0 0 0 921 154 10 14 12 2 2 1 0 1 1 1 0
381 109 3 7 1 1 1 0 0 0 0 0 0 955 161 10 15 12 2 2 1 0 1 1 1 0
423 121 5 8 1 1 1 0 0 0 0 0 0 988 167 10 15 12 2 2 1 0 2 1 1 0
450 133 6 8 1 1 1 0 0 0 0 0 0 991 174 10 18 12 2 2 1 0 2 1 1 0
467 142 6 9 1 1 1 0 0 0 0 0 0 1013 185 10 18 12 2 2 1 0 2 1 1 0
499 150 6 9 1 1 1 0 0 0 0 0 0 1023 190 10 18 12 2 2 1 0 2 1 1 0
514 155 6 9 1 1 1 0 0 0 0 0 0 1035 200 10 20 12 2 2 1 0 2 1 1 0
520 163 6 10 1 1 1 0 0 0 0 0 0 1041 212 10 20 12 2 2 1 0 2 1 1 0
541 170 7 10 1 1 1 0 0 0 0 0 0 1047 216 10 21 12 3 3 1 0 2 1 1 0
559 180 7 10 1 1 1 0 0 0 0 0 0 1052 225 10 22 12 3 3 1 0 2 1 1 0
574 188 7 10 1 1 1 0 0 0 0 0 0 1075 231 10 22 12 3 3 1 0 2 1 1 0
601 198 7 11 1 1 1 0 0 0 0 0 0 1091 240 10 22 12 3 3 1 0 2 1 1 0
620 203 7 11 1 1 1 0 0 0 0 0 0 1124 254 10 22 12 3 3 1 0 2 1 1 0
629 213 7 11 1 1 1 0 0 0 0 0 0 1130 260 10 22 12 3 3 1 0 2 1 1 0
659 219 7 11 2 1 1 0 0 0 0 0 0 1139 271 10 22 12 3 3 1 0 2 1 1 0
671 224 7 12 2 1 1 0 0 0 0 0 0 1161 281 10 22 12 3 3 1 0 2 1 1 0
699 233 7 13 2 1 1 0 0 0 0 0 0 1166 287 10 23 12 3 3 1 0 2 1 1 0
711 239 7 13 2 1 1 0 0 0 0 0 0 1231 291 10 23 12 3 3 1 0 2 1 1 0
739 247 7 14 2 1 2 0 0 0 0 0 0 1316 320 10 23 12 3 3 1 0 2 1 1 0
771 253 7 14 2 1 2 0 0 0 0 0 0 1322 334 10 24 12 3 3 2 0 2 1 1 0
783 263 8 14 2 1 2 0 0 0 0 0 0 1326 340 10 24 12 3 3 2 0 2 1 1 0
797 267 8 15 2 1 2 1 0 0 0 0 0 1330 344 10 24 12 3 3 2 0 2 1 1 0
808 274 8 15 2 1 2 1 0 0 0 0 0 1357 355 10 24 12 3 4 2 0 2 1 1 0
812 279 8 15 2 1 2 1 0 0 0 0 0 1367 363 10 24 12 3 4 2 0 2 1 1 0
817 283 8 15 2 1 2 1 0 0 0 0 0 1419 379 10 24 12 3 4 2 0 2 1 1 0
836 298 8 15 2 1 2 1 0 0 0 0 0 1422 383 10 25 12 3 4 2 0 2 1 1 0
844 304 8 16 2 1 2 1 0 0 0 0 0 1425 388 10 25 12 3 4 2 0 2 1 1 0
873 308 8 16 2 2 2 1 0 0 0 0 0 1432 395 10 27 12 3 4 2 0 2 1 1 0
891 313 8 17 2 2 2 1 0 0 0 0 0 1456 400 10 27 12 3 4 2 0 2 1 1 0
922 322 8 17 2 2 2 1 0 0 0 0 0 1459 407 10 28 12 3 4 2 0 2 1 1 0
