# scores for worst/random/best/smart move selector strategies. 
# scores are 50% and 95% quantiles (based on 40 games) of: 
# game score, #destroyed, #unlocked, #stripes, #bombs, #zappers
3 3 0 0 0 0 0 0 0 0 0 0 0 17 17 0 0 0 0 0 0 0 0 0 0 0
6 6 0 0 0 0 0 0 0 0 0 0 0 31 31 0 0 0 0 0 0 0 0 0 0 0
12 12 0 0 0 0 0 0 0 0 0 0 0 38 38 0 0 0 0 0 0 0 0 0 0 0
15 15 0 0 0 0 0 0 0 0 0 0 0 42 42 0 0 0 0 0 0 0 0 0 0 0
18 18 0 0 0 0 0 0 0 0 0 0 0 157 52 1 2 0 0 0 0 0 0 0 0 0
24 24 0 0 0 0 0 0 0 0 0 0 0 160 56 1 2 0 0 0 0 0 0 0 0 0
28 28 0 0 0 0 0 0 0 0 0 0 0 163 71 1 2 0 0 0 0 0 0 0 0 0
33 33 0 0 0 0 0 0 0 0 0 0 0 205 74 2 3 0 1 0 0 0 0 0 0 0
37 37 0 0 0 0 0 0 0 0 0 0 0 208 77 2 3 0 1 0 0 0 0 0 0 0
44 43 0 0 0 0 0 0 0 0 0 0 0 215 79 3 3 0 1 0 0 0 0 0 0 0
48 47 0 0 0 0 0 0 0 0 0 0 0 305 90 5 6 1 1 0 0 0 0 0 0 0
55 52 0 0 0 0 0 0 0 0 0 0 0 308 93 5 6 1 1 0 0 0 0 0 0 0
59 57 0 0 0 0 0 0 0 0 0 0 0 325 108 5 6 1 1 0 0 0 0 0 0 0
74 62 0 0 0 0 0 0 0 0 0 0 0 382 124 7 7 1 1 0 0 0 0 0 0 0
83 67 0 0 0 0 0 0 0 0 0 0 0 387 130 7 7 1 1 0 0 0 0 0 0 0
91 72 0 0 0 0 0 0 0 0 0 0 0 406 149 7 8 1 1 0 0 0 0 0 0 0
99 75 0 1 0 0 0 0 0 0 0 0 0 443 161 9 8 2 1 1 0 0 0 0 0 0
111 82 0 1 0 0 0 0 0 0 0 0 0 660 168 9 9 7 1 1 0 0 0 0 0 0
130 94 0 1 0 0 0 0 0 0 0 0 0 665 173 9 9 7 1 1 0 0 1 0 0 0
151 101 1 2 0 0 0 0 0 0 0 0 0 669 178 9 9 7 1 1 0 0 1 0 0 0
155 104 1 2 0 0 0 0 0 0 0 0 0 674 181 9 9 7 1 1 0 0 1 0 0 0
209 112 1 2 0 1 0 0 0 0 0 0 0 680 186 9 9 7 1 1 0 0 1 0 0 0
310 129 2 4 0 1 0 0 0 0 0 0 0 683 189 9 9 7 1 1 0 0 1 0 0 0
330 137 2 5 1 1 0 0 0 0 0 0 0 703 195 9 9 7 1 1 0 0 1 0 0 0
333 141 2 5 1 1 0 0 0 0 0 0 0 711 198 9 9 7 1 1 0 0 1 0 0 0
359 147 3 6 1 1 0 0 0 0 0 0 0 740 207 9 9 7 1 1 0 0 1 0 0 0
396 155 4 7 1 1 0 0 0 0 0 0 0 786 215 9 10 7 1 1 1 0 1 0 0 0
403 160 4 7 1 1 0 0 0 0 0 0 0 846 218 9 10 10 1 1 1 0 1 0 1 0
420 167 4 7 1 1 0 0 0 0 0 0 0 850 221 9 10 10 1 1 1 0 1 0 1 0
432 172 4 7 1 1 0 0 0 0 0 0 0 853 225 9 10 10 1 1 1 0 1 0 1 0
441 178 4 7 1 1 0 0 0 0 0 0 0 856 228 9 10 10 1 1 1 0 1 0 1 0
447 182 4 7 1 1 0 0 0 0 0 0 0 874 238 9 10 10 1 1 1 0 1 0 1 0
454 187 5 7 1 1 0 0 0 0 0 0 0 878 243 9 10 10 1 1 1 0 1 0 1 0
464 191 5 8 1 1 0 0 0 0 0 0 0 959 251 9 10 13 1 1 1 0 1 0 1 0
472 196 5 8 1 1 0 0 0 0 0 0 0 978 258 9 10 13 1 1 1 0 1 0 1 0
475 202 5 8 1 1 0 0 0 0 0 0 0 981 262 9 10 13 1 1 1 0 1 0 1 0
481 205 5 8 1 1 0 0 0 0 0 0 0 985 265 9 10 13 2 1 1 0 1 0 1 0
486 211 5 8 1 1 0 0 0 0 0 0 0 990 272 9 10 13 2 1 1 0 1 0 1 0
499 215 5 8 1 1 0 0 0 0 0 0 0 1004 276 9 10 13 2 1 1 0 1 0 1 0
516 218 5 8 1 1 0 0 0 0 0 0 0 1008 283 9 11 13 2 1 1 0 1 0 1 0
520 221 5 8 1 1 0 0 0 0 0 0 0 1017 286 9 11 13 2 1 1 0 1 0 1 0
