# scores for worst/random/best/smart move selector strategies. 
# scores are 50% and 95% quantiles (based on 40 games) of: 
# game score, #destroyed, #unlocked, #stripes, #bombs, #zappers
3 3 0 0 0 0 0 0 0 0 0 0 0 17 17 0 0 0 0 0 0 0 0 0 0 0
9 9 0 0 0 0 0 0 0 0 0 0 0 44 24 0 1 0 0 0 0 0 0 0 0 0
18 18 0 0 0 0 0 0 0 0 0 0 0 323 66 8 6 1 1 1 0 0 0 0 0 0
55 29 0 0 0 0 0 0 0 0 0 0 0 610 86 9 7 10 1 1 1 0 1 0 1 0
89 39 1 1 0 1 0 0 0 0 0 0 0 810 97 9 8 13 1 1 1 0 1 0 1 0
303 66 3 5 1 1 0 0 0 0 0 0 0 816 108 11 9 13 2 1 1 0 1 0 1 0
339 86 5 6 1 1 0 0 0 0 0 0 0 850 116 11 9 13 2 1 1 0 1 0 1 0
349 92 5 7 1 1 0 0 0 0 0 0 0 855 132 11 9 13 2 1 1 0 1 0 1 0
367 103 6 7 1 1 0 0 0 0 0 0 0 870 149 11 9 13 2 1 1 0 1 0 1 0
421 119 6 8 1 1 0 0 0 0 0 0 0 910 165 11 13 13 3 1 1 0 2 0 1 0
436 125 7 8 1 1 0 0 0 0 0 0 0 981 173 11 13 13 3 1 1 0 2 0 1 0
484 141 7 8 1 1 1 0 0 0 0 0 0 987 186 11 14 13 3 2 1 0 2 0 1 0
529 153 8 9 1 1 1 0 0 0 0 0 0 1006 201 11 14 13 3 2 1 0 2 0 1 0
553 166 8 9 1 1 1 0 0 0 0 0 0 1028 217 11 15 13 3 2 1 0 3 1 1 0
603 176 8 9 2 1 1 0 0 0 0 0 0 1224 233 11 18 13 3 2 1 0 3 1 1 0
631 188 8 10 2 2 1 0 0 1 0 0 0 1247 249 11 18 13 4 2 1 0 3 1 1 0
648 195 8 10 2 2 1 0 0 1 0 0 0 1255 263 11 20 13 4 2 1 0 3 1 1 0
698 208 8 11 2 2 1 1 0 1 0 0 0 1314 273 11 20 15 4 2 1 0 3 1 1 0
735 216 8 11 2 2 1 1 0 1 0 0 0 1334 309 11 20 15 4 2 2 0 3 1 1 0
752 229 8 11 2 2 1 1 0 1 0 0 0 1352 316 11 20 15 4 2 2 0 3 1 1 0
773 236 8 12 3 2 1 1 0 1 0 0 0 1357 321 11 20 15 4 2 2 0 3 1 1 0
786 244 8 12 3 2 1 1 0 1 0 0 0 1361 329 11 21 15 4 2 2 0 3 1 1 0
828 253 8 12 3 2 1 1 0 1 0 0 0 1391 336 11 21 15 5 3 2 0 4 1 1 0
895 261 8 13 3 2 1 1 0 1 0 0 0 1434 345 11 24 15 5 3 2 0 4 1 1 0
905 272 8 13 3 2 1 1 0 1 0 0 0 1532 370 11 24 16 5 3 2 0 4 1 1 0
927 290 8 14 3 3 1 1 0 1 0 0 0 1614 387 11 24 16 5 3 2 1 4 1 1 0
952 297 8 14 3 3 1 1 0 1 0 0 0 1621 401 11 24 16 5 3 2 1 4 1 1 0
983 317 8 15 3 3 1 1 0 1 0 0 0 1641 426 11 26 17 5 3 2 1 4 1 1 0
996 327 8 15 3 3 1 1 0 1 0 0 0 1645 435 11 26 17 5 3 2 1 4 1 1 0
1028 334 8 15 3 3 1 1 0 2 0 0 0 1667 443 11 26 17 5 3 2 1 4 1 1 0
1040 342 8 16 3 3 1 1 0 2 0 0 0 1703 450 11 27 17 5 4 2 1 4 1 1 0
1060 358 8 16 3 3 1 1 0 2 0 0 0 1706 463 11 27 17 5 4 2 1 4 1 1 0
1100 364 8 16 4 3 1 1 0 2 0 0 0 1715 477 11 27 17 5 4 2 1 4 1 1 0
1135 375 8 17 4 3 1 1 0 2 0 0 0 1725 483 11 27 17 5 4 2 1 4 1 1 0
1143 385 8 17 4 3 1 1 0 2 0 0 0 1778 487 11 27 17 5 4 2 1 4 1 1 0
1178 399 8 17 4 3 1 1 0 2 0 0 0 1793 496 11 30 17 5 4 3 1 4 1 1 0
1202 419 8 18 4 3 1 1 0 2 0 0 0 1814 518 11 30 17 5 4 3 1 4 1 1 0
1209 425 8 18 4 3 1 1 0 2 0 0 0 1845 529 11 31 17 5 4 3 1 4 1 1 0
1267 433 8 18 4 3 1 1 0 2 0 0 0 1897 544 11 31 17 6 4 3 1 4 1 1 0
1321 446 8 19 5 4 1 1 0 2 0 0 0 1900 548 11 31 17 6 4 3 1 4 1 1 0
1355 455 8 19 5 4 2 1 0 2 0 0 0 1910 562 11 31 17 6 4 3 1 4 1 1 0
