# scores for worst/random/best/smart move selector strategies. 
# scores are 50% and 95% quantiles (based on 40 games) of: 
# game score, #destroyed, #unlocked, #stripes, #bombs, #zappers
3 3 0 0 0 0 0 0 0 0 0 0 0 17 17 0 0 0 0 0 0 0 0 0 0 0
6 6 0 0 0 0 0 0 0 0 0 0 0 20 20 0 0 0 0 0 0 0 0 0 0 0
10 10 0 0 0 0 0 0 0 0 0 0 0 24 24 0 0 0 0 0 0 0 0 0 0 0
15 15 0 0 0 0 0 0 0 0 0 0 0 31 31 0 0 0 0 0 0 0 0 0 0 0
18 18 0 0 0 0 0 0 0 0 0 0 0 34 34 0 0 0 0 0 0 0 0 0 0 0
21 21 0 0 0 0 0 0 0 0 0 0 0 43 43 0 0 0 0 0 0 0 0 0 0 0
27 27 0 0 0 0 0 0 0 0 0 0 0 155 61 1 2 0 0 0 0 0 0 0 0 0
31 31 0 0 0 0 0 0 0 0 0 0 0 158 64 1 2 0 0 0 0 0 0 0 0 0
36 36 0 0 0 0 0 0 0 0 0 0 0 163 69 1 2 0 0 0 0 0 0 0 0 0
39 39 0 0 0 0 0 0 0 0 0 0 0 171 77 1 2 0 0 0 0 0 0 0 0 0
45 44 0 0 0 0 0 0 0 0 0 0 0 174 80 1 2 0 0 0 0 0 0 0 0 0
48 48 0 0 0 0 0 0 0 0 0 0 0 177 83 1 2 0 0 0 0 0 0 0 0 0
53 52 0 0 0 0 0 0 0 0 0 0 0 189 87 1 2 0 0 0 0 0 0 0 0 0
56 55 0 0 0 0 0 0 0 0 0 0 0 192 90 1 2 0 0 0 0 0 0 0 0 0
60 59 0 0 0 0 0 0 0 0 0 0 0 197 94 1 2 0 0 0 0 0 0 0 0 0
64 63 0 0 0 0 0 0 0 0 0 0 0 272 100 3 4 0 1 0 0 0 0 0 0 0
69 69 0 0 0 0 0 0 0 0 0 0 0 277 106 3 4 0 1 0 0 0 0 0 0 0
74 72 0 0 0 0 0 0 0 0 0 0 0 284 110 4 5 0 1 0 0 0 0 0 0 0
78 75 0 0 0 0 0 0 0 0 0 0 0 293 113 4 5 0 1 0 0 0 0 0 0 0
81 79 0 0 0 0 0 0 0 0 0 0 0 296 118 4 5 0 1 0 0 0 0 0 0 0
85 82 0 0 0 0 0 0 0 0 0 0 0 312 122 4 6 1 1 0 0 0 0 0 0 0
91 87 0 0 0 0 0 0 0 0 0 0 0 320 125 5 6 1 1 0 0 0 0 0 0 0
94 91 0 0 0 0 0 0 0 0 0 0 0 328 134 6 6 1 1 0 0 0 0 0 0 0
96 93 0 0 0 0 0 0 0 0 0 0 0 351 138 6 6 1 1 0 0 0 0 0 0 0
100 99 0 0 0 0 0 0 0 0 0 0 0 354 141 6 6 1 1 0 0 0 0 0 0 0
105 102 0 0 0 0 0 0 0 0 0 0 0 357 147 6 6 1 1 0 0 0 0 0 0 0
108 105 0 0 0 0 0 0 0 0 0 0 0 360 152 6 6 1 1 0 0 0 0 0 0 0
120 109 0 0 0 0 0 0 0 0 0 0 0 400 163 7 6 1 1 0 0 0 0 0 0 0
132 115 0 0 0 0 0 0 0 0 0 0 0 417 166 8 6 1 1 0 0 0 0 0 0 0
140 121 0 1 0 0 0 0 0 0 0 0 0 420 173 8 6 1 1 0 0 0 0 0 0 0
145 126 0 1 0 0 0 0 0 0 0 0 0 423 176 8 6 1 1 0 0 0 0 0 0 0
149 132 0 1 0 0 0 0 0 0 0 0 0 426 179 8 6 1 1 0 0 0 0 0 0 0
173 144 0 1 0 0 0 0 0 0 0 0 0 429 182 8 6 1 1 0 0 0 0 0 0 0
186 152 0 1 0 0 0 0 0 0 0 0 0 432 186 8 7 1 1 0 0 0 0 0 0 0
196 156 0 1 0 0 0 0 0 0 0 0 0 444 198 8 7 1 1 0 0 0 0 0 0 0
206 162 0 1 0 0 0 0 0 0 0 0 0 447 201 8 7 1 1 0 0 0 0 0 0 0
212 168 0 1 0 0 0 0 0 0 0 0 0 463 204 8 7 1 1 0 0 0 0 0 0 0
216 174 0 1 0 0 0 0 0 0 0 0 0 466 207 8 7 1 1 0 0 0 0 0 0 0
219 178 1 1 0 0 0 0 0 0 0 0 0 470 211 8 7 1 1 0 0 0 0 0 0 0
233 184 1 1 0 0 0 0 0 0 0 0 0 484 216 8 8 2 1 0 0 0 0 0 0 0
248 188 1 2 0 1 0 0 0 0 0 0 0 505 232 8 8 2 1 0 0 0 0 0 0 0
