# scores for worst/random/best/smart move selector strategies. 
# scores are 50% and 95% quantiles (based on 40 games) of: 
# game score, #destroyed, #unlocked, #stripes, #bombs, #zappers
0 0 0 0 0 0 0 0 0 0 0 0 0 9 9 0 0 0 0 0 0 0 0 0 0 0
6 6 0 0 0 0 0 0 0 0 0 0 0 15 15 0 0 0 0 0 0 0 0 0 0 0
11 11 0 0 0 0 0 0 0 0 0 0 0 40 23 0 0 0 0 0 0 0 0 0 0 0
16 16 0 0 0 0 0 0 0 0 0 0 0 91 30 1 2 0 0 0 0 0 0 0 0 0
19 19 0 0 0 0 0 0 0 0 0 0 0 95 36 1 2 0 0 0 0 0 0 0 0 0
22 22 0 0 0 0 0 0 0 0 0 0 0 100 42 1 2 0 0 0 0 0 0 0 0 0
27 27 0 0 0 0 0 0 0 0 0 0 0 107 46 1 2 0 0 1 0 0 0 0 0 0
31 31 0 0 0 0 0 0 0 0 0 0 0 119 51 1 2 0 0 1 0 0 0 0 0 0
35 35 0 0 0 0 0 0 0 0 0 0 0 138 57 1 2 0 0 1 0 0 0 0 0 0
45 41 0 0 0 0 0 0 0 0 0 0 0 143 65 1 2 0 1 1 0 0 1 0 0 0
58 49 0 0 0 0 0 0 0 0 0 0 0 183 73 1 3 0 1 1 0 0 1 0 0 0
79 54 0 0 0 0 0 0 0 0 0 0 0 186 76 1 4 0 1 1 0 0 1 0 0 0
88 58 0 0 0 0 0 0 0 0 0 0 0 189 79 1 4 0 1 1 0 0 1 0 0 0
94 61 0 1 0 0 0 0 0 0 0 0 0 216 93 2 5 0 1 1 0 0 1 0 0 0
97 66 0 1 0 0 0 0 0 0 0 0 0 220 98 2 5 0 1 1 0 0 1 0 0 0
113 75 0 1 0 0 0 0 0 0 0 0 0 223 103 2 5 1 1 1 0 0 1 0 0 0
127 81 0 1 0 0 0 0 0 0 0 0 0 226 109 3 5 1 1 1 1 0 1 0 0 0
133 86 0 2 0 0 0 0 0 0 0 0 0 230 113 3 5 1 1 1 1 0 1 0 0 0
144 91 0 2 0 0 0 0 0 0 0 0 0 259 118 3 5 1 1 1 1 0 1 0 0 0
149 96 0 2 0 0 0 0 0 0 0 0 0 271 126 3 5 1 1 1 1 0 1 0 0 0
152 100 0 2 0 0 0 0 0 0 0 0 0 275 131 3 5 1 1 1 1 0 1 0 0 0
182 108 0 2 0 0 0 0 0 0 0 0 0 329 137 3 6 1 1 1 1 0 1 0 0 0
186 111 0 2 0 0 0 0 0 0 0 0 0 363 151 3 7 1 1 1 1 0 1 0 0 0
191 116 0 2 0 0 0 0 0 0 0 0 0 368 157 3 7 1 1 1 1 0 1 0 0 0
196 121 0 2 0 0 0 0 0 0 0 0 0 373 161 3 7 1 1 1 1 0 1 0 0 0
209 124 0 2 0 0 0 0 0 0 0 0 0 376 165 3 7 1 1 1 1 0 1 0 0 0
222 129 0 3 0 0 0 0 0 0 0 0 0 381 170 3 7 1 1 2 1 0 1 0 0 0
227 134 0 3 0 0 0 0 0 0 0 0 0 384 180 3 7 1 1 2 1 0 1 0 0 0
230 140 0 3 0 0 0 0 0 0 0 0 0 397 187 3 7 1 1 2 1 0 1 0 0 0
239 147 0 3 0 0 0 0 0 0 0 0 0 402 193 3 7 1 1 2 1 0 1 0 0 0
246 150 1 3 0 0 0 0 0 0 0 0 0 449 204 4 7 1 2 2 1 0 2 0 0 0
266 158 1 3 0 0 0 0 0 0 0 0 0 453 208 4 7 1 2 2 1 0 2 0 0 0
269 168 1 3 0 0 0 0 0 0 0 0 0 458 214 6 7 1 2 2 1 0 2 0 0 0
279 172 1 4 0 0 0 0 0 0 0 0 0 464 218 6 7 1 2 2 1 0 2 0 0 0
283 175 1 4 0 0 0 0 0 0 0 0 0 472 225 6 7 1 2 2 1 0 2 0 0 0
296 179 1 4 0 0 0 0 0 0 0 0 0 479 229 6 7 1 2 2 1 0 2 0 0 0
309 188 1 4 0 0 0 0 0 0 0 0 0 485 234 6 8 1 2 2 1 0 2 0 0 0
312 193 1 4 0 0 0 0 0 0 0 0 0 488 238 6 9 1 2 2 1 0 2 0 0 0
319 198 1 4 0 0 0 0 0 0 0 0 0 492 248 6 9 1 2 2 1 0 2 0 0 0
330 207 1 5 0 0 0 0 0 0 0 0 0 507 255 6 10 2 2 2 1 0 2 0 0 0
336 212 1 5 0 0 0 0 0 0 0 0 0 520 258 6 10 2 2 2 1 0 2 0 0 0
