# scores for worst/random/best/smart move selector strategies. 
# scores are 50% and 95% quantiles (based on 40 games) of: 
# game score, #destroyed, #unlocked, #stripes, #bombs, #zappers
0 0 0 0 0 0 0 0 0 0 0 0 0 9 9 0 0 0 0 0 0 0 0 0 0 0
6 6 0 0 0 0 0 0 0 0 0 0 0 14 14 0 0 0 0 0 0 0 0 0 0 0
9 9 0 0 0 0 0 0 0 0 0 0 0 19 17 0 0 0 0 0 0 0 0 0 0 0
14 14 0 0 0 0 0 0 0 0 0 0 0 26 24 0 0 0 0 0 0 0 0 0 0 0
18 18 0 0 0 0 0 0 0 0 0 0 0 31 28 0 0 0 0 0 0 0 0 0 0 0
22 22 0 0 0 0 0 0 0 0 0 0 0 47 31 0 0 0 0 0 0 0 0 0 0 0
26 26 0 0 0 0 0 0 0 0 0 0 0 56 42 0 1 0 0 0 0 0 0 0 0 0
30 30 0 0 0 0 0 0 0 0 0 0 0 62 47 0 1 0 0 0 0 0 0 0 0 0
33 33 0 0 0 0 0 0 0 0 0 0 0 68 52 0 1 0 0 0 0 0 0 0 0 0
39 39 0 0 0 0 0 0 0 0 0 0 0 73 57 0 1 0 0 0 0 0 0 0 0 0
42 42 0 0 0 0 0 0 0 0 0 0 0 108 60 1 1 0 0 0 0 0 0 0 0 0
46 46 0 0 0 0 0 0 0 0 0 0 0 112 66 1 1 0 0 0 0 0 0 0 0 0
51 51 0 0 0 0 0 0 0 0 0 0 0 119 69 1 1 0 0 0 0 0 0 0 0 0
54 54 0 0 0 0 0 0 0 0 0 0 0 124 74 1 1 0 0 0 0 0 0 0 0 0
58 57 0 0 0 0 0 0 0 0 0 0 0 129 77 1 1 0 0 0 0 0 0 0 0 0
62 60 0 0 0 0 0 0 0 0 0 0 0 144 84 1 2 0 0 0 0 0 0 0 0 0
66 64 0 0 0 0 0 0 0 0 0 0 0 154 88 1 2 0 0 0 0 0 0 0 0 0
71 69 0 0 0 0 0 0 0 0 0 0 0 160 94 1 2 0 0 0 0 0 0 0 0 0
76 73 0 0 0 0 0 0 0 0 0 0 0 163 98 1 2 0 0 0 0 0 0 0 0 0
82 76 0 0 0 0 0 0 0 0 0 0 0 178 101 1 3 0 0 0 0 0 0 0 0 0
87 82 0 0 0 0 0 0 0 0 0 0 0 181 105 1 3 0 0 0 0 0 0 0 0 0
93 87 0 0 0 0 0 0 0 0 0 0 0 184 108 1 3 0 0 0 0 0 0 0 0 0
98 91 0 0 0 0 0 0 0 0 0 0 0 187 111 1 3 0 0 0 0 0 0 0 0 0
103 96 0 0 0 0 0 0 0 0 0 0 0 190 114 1 3 0 0 0 0 0 0 0 0 0
108 100 0 0 0 0 0 0 0 0 0 0 0 194 120 1 3 0 0 0 0 0 0 0 0 0
115 103 0 0 0 0 0 0 0 0 0 0 0 197 130 1 3 0 0 0 0 0 0 0 0 0
119 107 0 1 0 0 0 0 0 0 0 0 0 202 136 1 3 0 0 0 0 0 0 0 0 0
125 111 0 1 0 0 0 0 0 0 0 0 0 207 140 1 3 1 0 0 0 0 0 0 0 0
130 117 0 1 0 0 0 0 0 0 0 0 0 210 144 1 3 1 0 0 0 0 0 0 0 0
135 122 0 1 0 0 0 0 0 0 0 0 0 213 147 1 3 1 0 0 0 0 0 0 0 0
147 127 0 1 0 0 0 0 0 0 0 0 0 216 151 1 3 1 0 0 0 0 0 0 0 0
153 131 0 1 0 0 0 0 0 0 0 0 0 222 154 1 3 1 0 0 0 0 0 0 0 0
157 135 0 1 0 0 0 0 0 0 0 0 0 235 159 2 3 1 0 0 0 0 0 0 0 0
163 138 0 1 0 0 0 0 0 0 0 0 0 244 173 2 3 1 0 1 0 0 0 0 0 0
170 143 0 1 0 0 0 0 0 0 0 0 0 247 177 2 3 1 0 1 0 0 0 0 0 0
177 148 0 1 0 0 0 0 0 0 0 0 0 250 185 2 3 1 0 1 0 0 0 0 0 0
183 153 0 1 0 0 0 0 0 0 0 0 0 267 190 2 4 1 0 1 0 0 0 0 0 0
186 157 0 1 0 0 0 0 0 0 0 0 0 270 195 2 4 1 0 1 0 0 0 0 0 0
189 162 0 1 0 0 0 0 0 0 0 0 0 274 199 2 4 1 0 1 0 0 0 0 0 0
193 166 0 1 0 0 0 0 0 0 0 0 0 279 202 2 4 1 0 1 0 0 0 0 0 0
196 169 0 1 0 0 0 0 0 0 0 0 0 284 205 2 4 1 0 1 0 0 0 0 0 0
