# scores for worst/random/best/smart move selector strategies. 
# scores are 50% and 95% quantiles (based on 40 games) of: 
# game score, #destroyed, #unlocked, #stripes, #bombs, #zappers
3 3 0 0 0 0 0 0 0 0 0 0 0 9 9 0 0 0 0 0 0 0 0 0 0 0
6 6 0 0 0 0 0 0 0 0 0 0 0 17 17 0 0 0 0 0 0 0 0 0 0 0
12 12 0 0 0 0 0 0 0 0 0 0 0 28 28 0 0 0 0 0 0 0 0 0 0 0
18 18 0 0 0 0 0 0 0 0 0 0 0 59 37 1 1 0 0 0 0 0 0 0 0 0
22 22 0 0 0 0 0 0 0 0 0 0 0 67 50 1 1 0 0 0 0 0 0 0 0 0
30 30 0 0 0 0 0 0 0 0 0 0 0 239 62 6 6 0 1 0 0 0 0 0 0 0
37 35 0 0 0 0 0 0 0 0 0 0 0 243 72 6 6 0 1 0 0 0 1 0 0 0
52 41 0 0 0 0 0 0 0 0 0 0 0 266 90 9 6 1 1 1 0 0 1 0 0 0
64 48 0 0 0 0 0 0 0 0 0 0 0 271 98 9 6 1 1 1 0 0 1 0 0 0
67 53 0 0 0 0 0 0 0 0 0 0 0 307 111 9 6 1 1 1 0 0 1 0 0 0
77 64 0 0 0 0 0 0 0 0 0 0 0 347 114 10 7 1 2 1 0 0 1 0 0 0
84 70 0 1 0 0 0 0 0 0 0 0 0 353 121 10 7 1 2 1 0 0 1 0 0 0
101 78 0 1 0 0 0 0 0 0 0 0 0 359 132 10 7 1 2 1 1 0 1 0 0 0
104 84 1 1 0 0 0 0 0 0 0 0 0 367 150 10 7 1 2 1 1 0 1 0 0 0
130 90 1 1 0 0 0 0 0 0 0 0 0 373 156 10 7 1 2 1 1 0 1 0 0 0
152 103 2 2 0 0 0 0 0 0 0 0 0 420 163 10 7 1 2 1 1 0 1 0 0 0
156 107 2 2 0 0 0 0 0 0 0 0 0 453 172 10 7 1 2 1 1 0 1 0 0 0
180 113 2 2 0 0 0 0 0 0 0 0 0 458 184 11 7 2 2 1 1 0 2 0 0 0
197 122 3 3 0 0 0 0 0 0 0 0 0 489 198 11 8 2 2 1 1 0 2 1 0 0
225 127 3 3 0 0 0 0 0 0 0 0 0 532 210 11 9 2 2 1 1 0 2 1 0 0
250 138 3 3 0 0 0 0 0 0 0 0 0 572 214 13 9 2 2 1 1 0 2 1 0 0
261 144 3 3 0 0 0 0 0 0 0 0 0 578 220 13 9 2 2 1 1 0 2 1 0 0
271 156 3 3 0 0 0 0 0 0 0 0 0 585 225 13 11 2 2 1 1 0 2 1 0 0
298 163 3 4 0 0 0 0 0 0 0 0 0 591 233 13 11 2 2 2 1 0 2 1 0 0
315 170 4 4 0 0 0 0 0 0 0 0 0 679 260 13 11 3 2 2 1 0 2 1 0 0
335 180 4 4 0 0 0 0 0 0 0 0 0 686 272 13 11 3 2 2 1 0 2 1 0 0
350 186 4 4 1 0 0 0 0 0 0 0 0 723 289 13 11 3 2 2 1 0 2 1 0 0
370 190 5 4 1 0 0 0 0 0 0 0 0 778 309 13 12 3 2 2 1 0 2 1 0 0
378 199 5 5 1 0 0 0 0 0 0 0 0 788 314 13 12 3 2 2 1 0 2 1 0 0
393 209 5 5 1 0 0 0 0 0 0 0 0 794 318 13 13 3 2 2 1 0 2 1 0 0
417 218 5 6 1 0 0 0 0 0 0 0 0 883 322 13 13 4 2 2 1 0 2 1 0 0
433 227 5 6 1 0 0 0 0 0 0 0 0 990 325 13 14 4 3 2 1 0 2 1 0 0
450 234 5 7 1 0 0 0 0 0 0 0 0 1028 331 15 14 4 3 2 1 0 2 1 0 0
479 245 5 7 1 0 0 0 0 0 0 0 0 1032 341 15 16 4 3 2 1 0 2 1 0 0
484 250 5 7 1 1 0 0 0 0 0 0 0 1038 344 15 17 4 3 2 1 0 2 1 0 0
492 255 6 7 1 1 0 0 0 0 0 0 0 1041 349 15 21 4 3 2 1 0 2 1 0 0
509 272 6 7 1 1 0 0 0 0 0 0 0 1082 360 15 22 4 3 3 1 0 2 1 0 0
517 280 6 7 1 1 0 0 0 0 0 0 0 1088 366 15 22 4 3 3 1 0 2 1 0 0
541 290 6 7 1 1 1 0 0 0 0 0 0 1103 374 15 23 4 3 3 1 0 2 1 0 0
569 295 6 8 1 1 1 0 0 0 0 0 0 1108 378 15 23 4 3 3 2 0 2 1 0 0
588 303 7 8 1 1 1 0 0 0 0 0 0 1112 389 15 23 4 3 3 2 0 2 1 0 0
