# scores for worst/random/best/smart move selector strategies. 
# scores are 50% and 95% quantiles (based on 40 games) of: 
# game score, #destroyed, #unlocked, #stripes, #bombs, #zappers
3 3 0 0 0 0 0 0 0 0 0 0 0 9 9 0 0 0 0 0 0 0 0 0 0 0
6 6 0 0 0 0 0 0 0 0 0 0 0 17 17 0 0 0 0 0 0 0 0 0 0 0
11 11 0 0 0 0 0 0 0 0 0 0 0 25 25 0 0 0 0 0 0 0 0 0 0 0
15 15 0 0 0 0 0 0 0 0 0 0 0 44 34 0 0 0 0 0 0 0 0 0 0 0
20 20 0 0 0 0 0 0 0 0 0 0 0 47 38 0 0 0 0 0 0 0 0 0 0 0
26 26 0 0 0 0 0 0 0 0 0 0 0 53 43 1 1 0 0 0 0 0 0 0 0 0
30 30 0 0 0 0 0 0 0 0 0 0 0 76 48 1 1 0 0 0 0 0 0 0 0 0
37 36 0 0 0 0 0 0 0 0 0 0 0 79 51 1 1 0 0 0 0 0 0 0 0 0
42 42 0 0 0 0 0 0 0 0 0 0 0 115 65 1 1 0 0 0 0 0 0 0 0 0
51 47 0 0 0 0 0 0 0 0 0 0 0 127 79 2 2 1 0 0 0 0 0 0 0 0
54 52 0 0 0 0 0 0 0 0 0 0 0 143 82 2 2 1 0 0 0 0 0 0 0 0
57 57 0 0 0 0 0 0 0 0 0 0 0 148 89 2 2 1 0 0 0 0 0 0 0 0
65 62 0 0 0 0 0 0 0 0 0 0 0 151 93 2 2 1 0 0 0 0 0 0 0 0
71 66 0 0 0 0 0 0 0 0 0 0 0 166 97 2 2 1 0 0 0 0 0 0 0 0
78 72 0 0 0 0 0 0 0 0 0 0 0 171 100 2 2 1 0 0 0 0 0 0 0 0
81 78 0 0 0 0 0 0 0 0 0 0 0 175 105 2 2 1 0 0 0 0 0 0 0 0
88 81 0 0 0 0 0 0 0 0 0 0 0 185 111 2 2 1 0 0 0 0 0 0 0 0
92 86 0 0 0 0 0 0 0 0 0 0 0 188 114 2 2 1 0 0 0 0 0 0 0 0
96 90 0 0 0 0 0 0 0 0 0 0 0 195 120 3 2 1 0 0 0 0 0 0 0 0
116 94 0 0 0 0 0 0 0 0 0 0 0 215 128 3 3 1 0 0 0 0 0 0 0 0
121 101 0 0 0 0 0 0 0 0 0 0 0 218 131 3 3 1 0 0 0 0 0 0 0 0
132 107 0 1 0 0 0 0 0 0 0 0 0 225 140 4 3 1 0 0 0 0 0 0 0 0
148 114 1 1 0 0 0 0 0 0 0 0 0 229 145 5 3 1 0 1 0 0 0 0 0 0
153 121 1 1 0 0 0 0 0 0 0 0 0 232 149 5 3 1 0 1 0 0 0 0 0 0
159 126 1 1 0 0 0 0 0 0 0 0 0 242 153 5 3 1 0 1 0 0 0 0 0 0
175 130 1 1 0 0 0 0 0 0 0 0 0 248 161 5 3 1 1 1 0 0 1 0 0 0
180 137 1 1 0 0 0 0 0 0 0 0 0 254 169 5 3 1 1 1 0 0 1 0 0 0
184 142 1 1 0 0 0 0 0 0 0 0 0 257 177 5 3 1 1 1 0 0 1 0 0 0
188 145 1 1 0 0 0 0 0 0 0 0 0 324 184 5 3 2 1 1 0 0 1 0 0 0
197 152 1 1 0 0 0 0 0 0 0 0 0 332 188 5 3 2 1 1 0 0 1 0 0 0
203 156 1 1 0 0 0 0 0 0 0 0 0 335 198 5 3 2 1 1 0 0 1 0 0 0
210 160 1 1 0 0 0 0 0 0 0 0 0 338 207 5 3 2 1 1 0 0 1 0 0 0
219 166 2 2 0 0 0 0 0 0 0 0 0 341 212 5 3 2 1 1 0 0 1 0 0 0
232 175 2 2 0 0 0 0 0 0 0 0 0 347 216 5 4 2 1 1 0 0 1 0 0 0
247 178 2 2 0 0 0 0 0 0 0 0 0 376 220 7 4 2 1 1 0 0 1 0 0 0
257 186 2 2 0 0 0 0 0 0 0 0 0 383 227 7 4 2 1 1 0 0 1 0 0 0
264 190 2 2 0 0 0 0 0 0 0 0 0 390 233 7 4 2 1 1 0 0 1 0 0 0
275 200 2 2 0 0 0 0 0 0 0 0 0 397 238 7 4 2 1 1 0 0 1 0 0 0
283 210 2 2 0 0 0 0 0 0 0 0 0 431 244 7 4 2 1 1 0 0 1 0 0 0
287 215 2 2 0 0 0 0 0 0 0 0 0 449 250 8 5 2 1 1 0 0 1 0 0 0
290 218 2 2 0 0 0 0 0 0 0 0 0 456 257 8 5 2 1 1 0 0 1 0 0 0
