# scores for worst/random/best/smart move selector strategies. 
# scores are 50% and 95% quantiles (based on 40 games) of: 
# game score, #destroyed, #unlocked, #stripes, #bombs, #zappers
3 3 0 0 0 0 0 0 0 0 0 0 0 9 9 0 0 0 0 0 0 0 0 0 0 0
8 8 0 0 0 0 0 0 0 0 0 0 0 19 19 0 0 0 0 0 0 0 0 0 0 0
15 15 0 0 0 0 0 0 0 0 0 0 0 41 28 0 0 0 0 0 0 0 0 0 0 0
23 21 0 0 0 0 0 0 0 0 0 0 0 64 44 2 1 0 0 0 0 0 0 0 0 0
35 29 0 0 0 0 0 0 0 0 0 0 0 92 51 3 2 0 0 1 0 0 0 0 0 0
53 37 0 0 0 0 0 0 0 0 0 0 0 164 63 6 3 0 0 1 0 0 0 0 0 0
72 46 1 1 0 0 0 0 0 0 0 0 0 229 79 7 6 0 1 1 0 0 1 0 0 0
95 55 1 1 0 0 0 0 0 0 0 0 0 268 91 9 6 1 1 1 0 0 1 0 0 0
107 62 2 1 0 0 0 0 0 0 0 0 0 274 99 9 6 1 1 1 0 0 1 0 0 0
126 74 2 2 0 0 0 0 0 0 0 0 0 279 119 9 6 1 1 1 0 0 1 0 0 0
152 85 2 2 0 0 0 0 0 0 0 0 0 291 125 10 6 2 1 1 1 0 1 0 0 0
159 93 3 3 0 0 0 0 0 0 0 0 0 343 137 12 6 2 1 1 1 0 1 0 0 0
183 105 3 3 0 0 0 0 0 0 0 0 0 351 150 12 6 2 1 1 1 0 1 0 0 0
210 116 4 3 0 0 0 0 0 0 0 0 0 380 166 12 6 2 2 1 1 0 1 0 0 0
234 124 4 3 0 0 0 0 0 0 0 0 0 385 175 12 6 2 2 1 1 0 2 0 0 0
281 132 4 3 0 0 0 0 0 0 0 0 0 487 179 16 11 2 2 1 1 0 2 1 0 0
304 147 4 4 1 1 0 0 0 0 0 0 0 530 185 16 11 3 2 1 1 0 2 1 0 0
328 160 5 4 1 1 0 0 0 0 0 0 0 537 195 16 11 3 2 1 1 0 2 1 0 0
369 174 7 5 1 1 0 0 0 0 0 0 0 571 210 16 12 3 2 1 1 0 2 1 0 0
394 184 7 5 1 1 0 0 0 0 0 0 0 591 219 16 12 3 2 1 1 0 2 1 0 0
431 195 8 6 1 1 0 0 0 1 0 0 0 623 245 17 12 3 2 1 1 0 2 1 0 0
457 211 8 6 1 1 0 0 0 1 0 0 0 798 253 17 18 3 2 2 1 0 2 1 0 0
483 219 8 6 1 1 0 0 0 1 0 0 0 805 260 17 18 4 2 2 1 0 2 1 0 0
503 230 8 6 1 1 0 0 0 1 0 0 0 848 271 17 18 4 2 2 1 0 2 1 0 0
534 241 8 7 1 1 1 0 0 1 0 0 0 897 300 18 19 4 3 2 1 0 2 1 0 0
568 254 8 7 1 1 1 0 0 1 0 0 0 906 306 18 19 4 3 2 2 0 3 1 0 0
584 265 8 8 1 1 1 0 0 1 0 0 0 981 324 18 20 4 3 2 2 0 3 1 0 0
614 278 8 9 1 1 1 0 0 1 0 0 0 1057 346 18 20 4 3 2 2 0 3 1 0 0
637 287 8 9 2 1 1 0 0 1 0 0 0 1068 358 18 20 4 4 2 2 1 3 1 0 0
684 295 8 9 2 2 1 0 0 1 0 0 0 1090 373 18 21 4 4 2 2 1 3 1 0 0
694 309 8 9 2 2 1 1 0 1 0 0 0 1104 379 18 21 4 4 2 2 1 3 1 0 0
725 324 8 10 2 2 1 1 0 1 0 0 0 1136 394 18 22 5 4 3 2 1 3 1 0 0
751 335 8 10 2 2 1 1 0 1 0 0 0 1151 403 18 22 5 4 3 2 1 3 1 0 0
790 342 8 10 2 2 1 1 0 2 0 0 0 1165 419 18 22 5 4 3 2 1 3 1 0 0
819 352 8 11 2 2 1 1 0 2 0 0 0 1233 445 18 23 6 4 3 2 1 3 1 0 0
847 366 8 11 2 2 1 1 0 2 0 0 0 1266 463 18 24 6 4 3 2 1 4 1 0 0
884 378 8 11 2 2 1 1 0 2 0 0 0 1508 479 18 24 7 4 3 2 1 4 1 0 0
903 388 8 11 2 2 1 1 0 2 0 0 0 1544 507 18 29 7 4 3 2 1 4 1 0 0
918 395 8 12 2 2 1 1 0 2 0 0 0 1554 515 18 29 7 4 3 2 1 4 1 0 0
961 407 8 12 2 2 1 1 0 2 0 0 0 1631 524 18 30 7 4 3 2 1 4 1 0 0
988 412 8 13 2 2 1 1 0 2 0 0 0 1684 543 18 30 7 4 3 2 1 4 1 0 0
