# scores for worst/random/best/smart move selector strategies. 
# scores are 50% and 95% quantiles (based on 40 games) of: 
# game score, #destroyed, #unlocked, #stripes, #bombs, #zappers
3 3 0 0 0 0 0 0 0 0 0 0 0 9 9 0 0 0 0 0 0 0 0 0 0 0
6 6 0 0 0 0 0 0 0 0 0 0 0 19 19 0 0 0 0 0 0 0 0 0 0 0
12 12 0 0 0 0 0 0 0 0 0 0 0 34 24 0 0 0 0 0 0 0 0 0 0 0
15 15 0 0 0 0 0 0 0 0 0 0 0 38 27 0 0 0 0 0 0 0 0 0 0 0
21 21 0 0 0 0 0 0 0 0 0 0 0 64 34 0 0 0 0 0 0 0 0 0 0 0
24 24 0 0 0 0 0 0 0 0 0 0 0 67 38 0 0 0 0 0 0 0 0 0 0 0
30 30 0 0 0 0 0 0 0 0 0 0 0 72 43 0 0 0 0 0 0 0 0 0 0 0
34 34 0 0 0 0 0 0 0 0 0 0 0 79 50 0 0 0 0 0 0 0 0 0 0 0
39 39 0 0 0 0 0 0 0 0 0 0 0 82 53 0 0 0 0 0 0 0 0 0 0 0
42 42 0 0 0 0 0 0 0 0 0 0 0 88 62 0 0 0 0 0 0 0 0 0 0 0
47 47 0 0 0 0 0 0 0 0 0 0 0 91 68 0 0 0 0 0 0 0 0 0 0 0
52 51 0 0 0 0 0 0 0 0 0 0 0 95 79 1 1 0 0 0 0 0 0 0 0 0
60 59 0 0 0 0 0 0 0 0 0 0 0 100 90 1 1 0 0 0 0 0 0 0 0 0
64 62 0 0 0 0 0 0 0 0 0 0 0 109 94 1 1 0 0 0 0 0 0 0 0 0
69 67 0 0 0 0 0 0 0 0 0 0 0 131 97 2 1 1 0 0 0 0 0 0 0 0
72 72 0 0 0 0 0 0 0 0 0 0 0 134 100 2 1 1 0 0 0 0 0 0 0 0
75 75 0 0 0 0 0 0 0 0 0 0 0 142 107 2 1 1 0 0 0 0 0 0 0 0
81 78 0 0 0 0 0 0 0 0 0 0 0 147 112 2 1 1 0 0 0 0 0 0 0 0
85 84 0 0 0 0 0 0 0 0 0 0 0 150 115 2 2 1 0 0 0 0 0 0 0 0
92 87 0 0 0 0 0 0 0 0 0 0 0 162 122 2 2 1 0 0 0 0 0 0 0 0
99 94 0 0 0 0 0 0 0 0 0 0 0 166 126 2 2 1 0 0 0 0 0 0 0 0
105 99 0 0 0 0 0 0 0 0 0 0 0 173 133 2 2 1 0 0 0 0 0 0 0 0
111 105 0 0 0 0 0 0 0 0 0 0 0 176 136 2 2 1 0 0 0 0 0 0 0 0
117 109 0 0 0 0 0 0 0 0 0 0 0 180 140 2 2 1 0 0 0 0 0 0 0 0
120 114 0 0 0 0 0 0 0 0 0 0 0 186 146 2 2 1 0 0 0 0 0 0 0 0
127 119 0 0 0 0 0 0 0 0 0 0 0 219 159 2 2 1 0 0 0 0 0 0 0 0
140 123 0 0 0 0 0 0 0 0 0 0 0 222 162 2 2 1 0 0 0 0 0 0 0 0
154 128 0 0 0 0 0 0 0 0 0 0 0 226 166 2 2 1 0 0 0 0 0 0 0 0
165 136 0 0 0 0 0 0 0 0 0 0 0 232 172 2 2 1 0 0 0 0 0 0 0 0
175 139 0 0 0 0 0 0 0 0 0 0 0 235 175 2 2 1 0 0 0 0 0 0 0 0
180 143 0 0 0 0 0 0 0 0 0 0 0 241 179 2 2 1 0 0 0 0 0 0 0 0
183 149 0 0 0 0 0 0 0 0 0 0 0 258 190 2 2 1 0 0 0 0 0 0 0 0
187 154 0 0 0 0 0 0 0 0 0 0 0 263 193 2 2 1 0 0 0 0 0 0 0 0
193 160 0 1 0 0 0 0 0 0 0 0 0 268 198 2 2 1 0 0 0 0 0 0 0 0
196 164 0 1 0 0 0 0 0 0 0 0 0 273 202 2 2 1 0 0 0 0 0 0 0 0
200 168 0 1 0 0 0 0 0 0 0 0 0 292 208 3 2 1 0 0 0 0 0 0 0 0
205 174 0 1 0 0 0 0 0 0 0 0 0 309 214 3 3 1 0 0 0 0 0 0 0 0
211 181 0 1 0 0 0 0 0 0 0 0 0 312 217 3 3 1 0 0 0 0 0 0 0 0
215 187 0 1 0 0 0 0 0 0 0 0 0 318 221 3 3 1 0 0 0 0 0 0 0 0
219 190 0 1 0 0 0 0 0 0 0 0 0 322 225 3 3 1 0 0 0 0 0 0 0 0
225 194 0 1 0 0 0 0 0 0 0 0 0 336 236 3 3 1 0 0 0 0 0 0 0 0
