# scores for worst/random/best/smart move selector strategies. 
# scores are 50% and 95% quantiles (based on 40 games) of: 
# game score, #destroyed, #unlocked, #stripes, #bombs, #zappers
3 3 0 0 0 0 0 0 0 0 0 0 0 9 9 0 0 0 0 0 0 0 0 0 0 0
6 6 0 0 0 0 0 0 0 0 0 0 0 12 12 0 0 0 0 0 0 0 0 0 0 0
9 9 0 0 0 0 0 0 0 0 0 0 0 16 16 0 0 0 0 0 0 0 0 0 0 0
12 12 0 0 0 0 0 0 0 0 0 0 0 20 20 0 0 0 0 0 0 0 0 0 0 0
12 12 0 0 0 0 0 0 0 0 0 0 0 39 27 0 0 0 0 0 0 0 0 0 0 0
15 15 0 0 0 0 0 0 0 0 0 0 0 42 30 0 0 0 0 0 0 0 0 0 0 0
18 18 0 0 0 0 0 0 0 0 0 0 0 514 91 7 6 4 1 0 0 0 0 0 0 0
21 21 0 0 0 0 0 0 0 0 0 0 0 612 117 11 9 4 2 0 0 0 0 0 0 0
27 26 0 0 0 0 0 0 0 0 0 0 0 627 122 11 10 4 2 0 0 0 0 0 0 0
30 30 0 0 0 0 0 0 0 0 0 0 0 631 127 11 10 4 2 0 0 0 0 0 0 0
33 33 0 0 0 0 0 0 0 0 0 0 0 663 130 12 10 4 2 0 0 0 0 0 0 0
36 36 0 0 0 0 0 0 0 0 0 0 0 671 136 12 11 4 2 0 0 0 0 0 0 0
47 42 0 0 0 0 0 0 0 0 0 0 0 675 140 12 11 4 2 0 0 0 0 0 0 0
56 49 0 0 0 0 0 0 0 0 0 0 0 715 154 12 12 4 2 0 0 0 0 0 0 0
73 53 0 1 0 0 0 0 0 0 0 0 0 723 163 12 12 4 2 0 0 0 0 0 0 0
86 57 0 1 0 0 0 0 0 0 0 0 0 727 167 12 12 4 2 0 0 0 0 0 0 0
88 62 0 1 0 0 0 0 0 0 0 0 0 733 172 13 12 4 2 0 0 0 0 0 0 0
99 69 0 1 0 0 0 0 0 0 0 0 0 737 178 13 12 4 2 0 0 0 0 0 0 0
102 72 0 1 0 0 0 0 0 0 0 0 0 751 182 13 12 4 2 0 0 0 0 0 0 0
103 73 0 1 0 0 0 0 0 0 0 0 0 754 185 13 12 5 2 0 0 0 0 0 0 0
137 82 2 2 0 0 0 0 0 0 0 0 0 761 191 13 12 5 2 0 0 0 0 0 0 0
334 116 3 3 1 0 0 0 0 0 0 0 0 768 203 13 12 5 2 0 0 0 0 0 0 0
487 139 5 6 3 1 0 0 0 0 0 0 0 772 208 13 12 5 2 0 0 0 0 0 0 0
490 142 5 7 3 1 0 0 0 0 0 0 0 775 212 13 12 5 2 0 0 0 0 0 0 0
578 153 5 8 3 2 0 0 0 0 0 0 0 778 215 13 12 5 2 0 0 0 0 0 0 0
647 166 6 9 4 2 0 0 0 0 0 0 0 781 218 13 12 5 2 0 0 0 0 0 0 0
660 175 8 9 4 2 0 0 0 0 0 0 0 787 221 13 12 5 3 0 0 0 0 0 0 0
664 178 8 9 4 2 0 0 0 0 0 0 0 791 224 13 12 5 3 0 0 0 0 0 0 0
672 182 8 9 4 2 0 0 0 0 0 0 0 796 231 13 12 5 3 0 0 0 0 0 0 0
675 187 8 9 4 2 0 0 0 0 0 0 0 799 234 13 12 5 3 0 0 0 0 0 0 0
683 191 9 10 4 2 0 0 0 0 0 0 0 816 239 13 12 5 3 0 0 0 0 0 0 0
686 197 9 10 4 2 0 0 0 0 0 0 0 824 250 13 12 5 3 0 0 0 0 0 0 0
689 200 9 10 4 2 0 0 0 0 0 0 0 842 255 13 12 5 3 0 0 0 0 0 0 0
697 203 9 10 4 2 0 0 0 0 0 0 0 845 258 13 12 5 3 0 0 0 0 0 0 0
702 207 9 10 4 2 0 0 0 0 0 0 0 848 261 13 12 5 3 0 0 0 0 0 0 0
705 211 9 10 4 2 0 0 0 0 0 0 0 854 264 13 12 5 3 0 0 0 0 0 0 0
708 215 9 10 4 2 0 0 0 0 0 0 0 869 270 13 12 5 3 0 0 0 0 0 0 0
711 220 9 10 4 2 0 0 0 0 0 0 0 872 273 13 12 5 3 0 0 0 0 0 0 0
726 224 9 10 4 2 0 0 0 0 0 0 0 875 276 13 12 5 3 0 0 0 0 0 0 0
729 227 9 10 4 2 0 0 0 0 0 0 0 878 279 13 12 5 3 0 0 0 0 0 0 0
732 232 9 10 4 2 0 0 0 0 0 0 0 881 284 13 12 5 3 0 0 0 0 0 0 0
