# scores for worst/random/best/smart move selector strategies. 
# scores are 50% and 95% quantiles (based on 40 games) of: 
# game score, #destroyed, #unlocked, #stripes, #bombs, #zappers
3 3 0 0 0 0 0 0 0 0 0 0 0 7 7 0 0 0 0 0 0 0 0 0 0 0
9 9 0 0 0 0 0 0 0 0 0 0 0 35 17 0 0 0 0 0 0 0 0 0 0 0
13 13 0 0 0 0 0 0 0 0 0 0 0 39 21 0 0 0 0 0 0 0 0 0 0 0
18 18 0 0 0 0 0 0 0 0 0 0 0 78 29 0 2 0 0 0 0 0 0 0 0 0
22 22 0 0 0 0 0 0 0 0 0 0 0 86 34 0 2 0 0 1 0 0 0 0 0 0
28 27 0 0 0 0 0 0 0 0 0 0 0 101 43 0 2 0 0 1 0 0 0 0 0 0
36 34 0 0 0 0 0 0 0 0 0 0 0 121 51 0 2 0 0 1 0 0 0 0 0 0
58 37 0 0 0 0 0 0 0 0 0 0 0 168 58 0 3 0 0 1 0 0 0 0 0 0
65 40 0 1 0 0 0 0 0 0 0 0 0 173 65 0 3 0 0 1 0 0 0 0 0 0
76 46 0 1 0 0 0 0 0 0 0 0 0 176 70 0 3 0 0 1 0 0 0 0 0 0
81 50 0 1 0 0 0 0 0 0 0 0 0 194 77 0 3 0 0 1 0 0 0 0 0 0
87 55 0 1 0 0 0 0 0 0 0 0 0 198 81 0 4 0 0 1 0 0 0 0 0 0
106 63 0 1 0 0 0 0 0 0 0 0 0 215 87 0 4 1 1 1 0 0 1 0 0 0
111 68 0 2 0 0 0 0 0 0 0 0 0 220 92 0 4 1 1 1 0 0 1 0 0 0
117 72 0 2 0 0 0 0 0 0 0 0 0 241 98 0 4 1 1 1 0 0 1 0 0 0
141 76 0 2 0 0 0 0 0 0 0 0 0 263 103 0 4 1 1 1 0 0 1 0 0 0
149 82 0 2 0 0 0 0 0 0 0 0 0 268 108 0 4 1 1 1 0 0 1 0 0 0
157 87 0 2 0 0 0 0 0 0 0 0 0 271 111 0 4 1 1 1 0 0 1 0 0 0
179 90 0 3 0 0 0 0 0 0 0 0 0 277 119 0 5 1 1 1 0 0 1 0 0 0
186 96 0 3 0 0 1 0 0 0 0 0 0 282 123 0 5 1 1 1 0 0 1 0 0 0
202 102 0 3 0 0 1 0 0 0 0 0 0 286 126 0 5 1 1 2 0 0 1 0 0 0
209 106 0 4 0 0 1 0 0 0 0 0 0 314 131 0 6 1 1 2 0 0 1 0 0 0
223 111 0 4 0 0 1 0 0 0 0 0 0 361 140 0 6 1 1 2 0 0 1 0 0 0
237 118 0 4 0 0 1 0 0 0 0 0 0 390 146 0 7 1 1 2 1 0 1 0 0 0
248 122 0 4 0 0 1 0 0 0 0 0 0 398 149 0 8 1 1 2 1 0 1 0 0 0
251 128 0 4 0 0 1 0 0 0 0 0 0 402 154 0 8 1 1 2 1 0 1 0 0 0
254 132 0 4 0 0 1 0 0 0 0 0 0 421 164 0 8 2 1 2 1 0 1 0 0 0
263 138 0 4 0 0 1 0 0 0 0 0 0 424 169 0 8 2 1 2 1 0 1 0 0 0
270 145 0 4 0 0 1 0 0 0 0 0 0 446 178 0 8 2 1 2 1 0 1 0 0 0
274 149 0 5 0 0 1 0 0 0 0 0 0 457 184 0 9 2 1 3 1 0 1 0 0 0
298 154 0 5 0 0 1 0 0 0 0 0 0 460 187 0 9 2 1 3 1 0 1 0 0 0
308 160 0 5 0 0 1 0 0 0 0 0 0 468 192 0 9 2 1 3 1 0 1 0 0 0
319 165 0 5 0 0 1 0 0 0 0 0 0 479 197 0 10 2 1 3 1 0 1 0 0 0
330 171 0 6 0 0 1 0 0 0 0 0 0 484 200 0 10 2 1 3 1 0 1 0 0 0
343 176 0 6 0 0 1 0 0 0 0 0 0 500 206 0 10 2 1 3 1 0 1 0 0 0
351 180 0 6 0 0 1 0 0 0 0 0 0 503 210 0 10 2 1 3 1 0 1 0 0 0
364 185 0 6 0 0 1 0 0 0 0 0 0 527 213 0 10 2 1 3 1 0 1 0 0 0
387 192 0 6 0 0 1 0 0 0 0 0 0 540 224 0 10 2 1 3 1 0 1 0 0 0
401 198 0 6 0 0 1 0 0 0 0 0 0 543 227 0 10 2 1 3 1 0 1 0 0 0
413 202 0 7 0 0 1 0 0 0 0 0 0 547 240 0 10 2 1 3 1 0 1 0 0 0
417 209 0 7 0 0 1 0 0 0 0 0 0 560 246 0 10 2 1 3 1 0 1 0 0 0
