# scores for worst/random/best/smart move selector strategies. 
# scores are 50% and 95% quantiles (based on 40 games) of: 
# game score, #destroyed, #unlocked, #stripes, #bombs, #zappers
3 3 0 0 0 0 0 0 0 0 0 0 0 7 7 0 0 0 0 0 0 0 0 0 0 0
9 9 0 0 0 0 0 0 0 0 0 0 0 12 12 0 0 0 0 0 0 0 0 0 0 0
12 12 0 0 0 0 0 0 0 0 0 0 0 16 16 0 0 0 0 0 0 0 0 0 0 0
15 15 0 0 0 0 0 0 0 0 0 0 0 28 25 0 0 0 0 0 0 0 0 0 0 0
18 18 0 0 0 0 0 0 0 0 0 0 0 47 29 0 0 0 0 0 0 0 0 0 0 0
22 22 0 0 0 0 0 0 0 0 0 0 0 71 35 0 1 0 0 0 0 0 0 0 0 0
27 27 0 0 0 0 0 0 0 0 0 0 0 74 38 0 1 0 0 0 0 0 0 0 0 0
30 30 0 0 0 0 0 0 0 0 0 0 0 77 42 0 1 0 0 0 0 0 0 0 0 0
34 34 0 0 0 0 0 0 0 0 0 0 0 90 55 0 1 0 0 0 0 0 0 0 0 0
38 38 0 0 0 0 0 0 0 0 0 0 0 97 63 0 1 0 0 0 0 0 0 0 0 0
42 42 0 0 0 0 0 0 0 0 0 0 0 100 66 0 1 0 0 0 0 0 0 0 0 0
46 45 0 0 0 0 0 0 0 0 0 0 0 136 72 0 2 0 0 0 0 0 0 0 0 0
51 51 0 0 0 0 0 0 0 0 0 0 0 141 78 0 2 0 0 0 0 0 0 0 0 0
59 54 0 0 0 0 0 0 0 0 0 0 0 163 82 0 2 1 0 0 0 0 0 0 0 0
69 58 0 0 0 0 0 0 0 0 0 0 0 168 85 0 2 1 0 0 0 0 0 0 0 0
72 62 0 0 0 0 0 0 0 0 0 0 0 172 91 0 3 1 0 1 0 0 0 0 0 0
82 67 0 0 0 0 0 0 0 0 0 0 0 191 98 0 3 1 0 1 0 0 0 0 0 0
96 71 0 0 0 0 0 0 0 0 0 0 0 200 102 0 3 1 0 1 0 0 0 0 0 0
101 74 0 1 0 0 0 0 0 0 0 0 0 203 105 0 3 1 0 1 0 0 0 0 0 0
104 79 0 1 0 0 0 0 0 0 0 0 0 206 108 0 3 1 0 1 0 0 0 0 0 0
109 82 0 1 0 0 0 0 0 0 0 0 0 226 113 0 3 1 0 1 0 0 0 0 0 0
112 86 0 1 0 0 0 0 0 0 0 0 0 232 117 0 3 1 0 1 0 0 0 0 0 0
115 90 0 1 0 0 0 0 0 0 0 0 0 237 126 0 3 1 0 1 0 0 0 0 0 0
119 95 0 1 0 0 0 0 0 0 0 0 0 240 129 0 4 1 0 1 0 0 0 0 0 0
125 99 0 1 0 0 0 0 0 0 0 0 0 245 134 0 4 1 0 1 0 0 0 0 0 0
130 103 0 1 0 0 0 0 0 0 0 0 0 248 137 0 4 1 0 1 0 0 0 0 0 0
133 107 0 1 0 0 0 0 0 0 0 0 0 261 142 0 4 1 0 1 0 0 0 0 0 0
142 113 0 1 0 0 0 0 0 0 0 0 0 283 151 0 4 1 0 1 0 0 0 0 0 0
146 117 0 1 0 0 0 0 0 0 0 0 0 287 155 0 4 2 0 1 0 0 0 0 0 0
157 121 0 1 0 0 0 0 0 0 0 0 0 299 159 0 5 2 0 1 0 0 0 0 0 0
162 125 0 1 0 0 0 0 0 0 0 0 0 304 164 0 5 2 0 1 0 0 0 0 0 0
165 129 0 1 0 0 0 0 0 0 0 0 0 307 169 0 5 2 0 1 0 0 0 0 0 0
174 133 0 1 0 0 0 0 0 0 0 0 0 312 172 0 5 2 0 1 0 0 0 0 0 0
177 137 0 1 0 0 0 0 0 0 0 0 0 320 180 0 5 2 0 1 0 0 0 0 0 0
194 140 0 1 0 0 0 0 0 0 0 0 0 323 183 0 5 2 0 1 0 0 0 0 0 0
202 144 0 1 0 0 0 0 0 0 0 0 0 332 192 0 5 2 0 1 0 0 0 0 0 0
207 148 0 1 0 0 0 0 0 0 0 0 0 336 195 0 5 2 0 1 0 0 0 0 0 0
210 154 0 1 0 0 0 0 0 0 0 0 0 341 198 0 5 2 0 1 0 0 0 0 0 0
215 159 0 1 0 0 0 0 0 0 0 0 0 400 216 0 5 2 0 1 0 0 0 0 0 0
226 162 0 2 0 0 0 0 0 0 0 0 0 403 221 0 5 2 0 1 0 0 0 0 0 0
239 169 0 2 0 0 0 0 0 0 0 0 0 406 224 0 5 2 0 1 0 0 0 0 0 0
