# scores for worst/random/best/smart move selector strategies. 
# scores are 50% and 95% quantiles (based on 40 games) of: 
# game score, #destroyed, #unlocked, #stripes, #bombs, #zappers
3 3 0 0 0 0 0 0 0 0 0 0 0 7 7 0 0 0 0 0 0 0 0 0 0 0
9 9 0 0 0 0 0 0 0 0 0 0 0 17 17 0 0 0 0 0 0 0 0 0 0 0
15 15 0 0 0 0 0 0 0 0 0 0 0 48 24 0 1 0 0 0 0 0 0 0 0 0
23 21 0 0 0 0 0 0 0 0 0 0 0 118 38 0 2 0 0 0 0 0 0 0 0 0
43 28 0 0 0 0 0 0 0 0 0 0 0 130 47 0 2 0 1 1 0 0 1 0 0 0
63 35 0 0 0 0 0 0 0 0 0 0 0 144 52 0 2 0 1 1 0 0 1 0 0 0
72 41 0 1 0 0 0 0 0 0 0 0 0 161 57 0 3 0 1 1 0 0 1 0 0 0
99 49 0 1 0 0 0 0 0 0 0 0 0 187 69 0 4 1 1 1 0 0 1 0 0 0
118 55 0 2 0 0 0 0 0 0 0 0 0 224 79 0 4 1 1 1 0 0 1 0 0 0
124 60 0 2 0 0 0 0 0 0 0 0 0 242 86 0 4 1 1 1 0 0 1 0 0 0
149 73 0 2 0 0 0 0 0 0 0 0 0 255 95 0 4 1 1 1 1 0 1 0 0 0
165 78 0 2 0 0 0 0 0 0 0 0 0 311 105 0 5 1 1 1 1 0 1 0 0 0
179 83 0 3 0 0 0 0 0 0 0 0 0 339 118 0 5 1 1 1 1 0 1 0 0 0
203 90 0 3 0 0 1 0 0 0 0 0 0 344 125 0 5 1 1 1 1 0 1 0 0 0
207 95 0 3 0 0 1 0 0 0 0 0 0 362 131 0 5 1 1 1 1 0 1 0 0 0
218 102 0 3 0 0 1 0 0 0 0 0 0 404 139 0 6 2 1 1 1 0 1 0 0 0
235 109 0 3 0 0 1 0 0 0 0 0 0 409 144 0 6 2 1 1 1 0 1 0 0 0
247 115 0 4 0 0 1 0 0 0 0 0 0 412 149 0 6 2 1 1 1 0 1 0 0 0
265 120 0 4 0 0 1 0 0 0 0 0 0 415 153 0 6 2 1 2 1 0 1 0 0 0
269 125 0 4 0 0 1 0 0 0 0 0 0 422 159 0 6 2 1 2 1 0 1 0 0 0
286 133 0 5 1 0 1 0 0 0 0 0 0 442 163 0 6 2 1 2 1 0 1 0 0 0
335 138 0 5 1 0 1 0 0 0 0 0 0 450 173 0 7 2 2 2 1 0 2 0 0 0
344 153 0 5 1 0 1 0 0 0 0 0 0 488 185 0 7 2 2 2 1 0 2 0 0 0
361 160 0 6 1 0 1 0 0 0 0 0 0 515 194 0 8 3 2 2 2 0 2 0 0 0
372 166 0 6 1 0 1 0 0 0 0 0 0 550 203 0 9 3 2 2 2 0 2 0 0 0
393 175 0 6 1 0 1 0 0 0 0 0 0 569 208 0 10 3 2 2 2 0 2 0 0 0
414 180 0 6 1 0 1 0 0 0 0 0 0 573 212 0 10 3 2 2 2 0 2 0 0 0
430 189 0 7 1 0 1 0 0 0 0 0 0 578 217 0 10 3 2 2 2 0 2 0 0 0
439 195 0 7 1 0 1 0 0 0 0 0 0 584 225 0 11 3 2 2 2 0 2 0 0 0
457 200 0 7 1 0 1 0 0 0 0 0 0 641 233 0 13 3 2 2 2 0 2 0 0 0
475 207 0 7 1 0 1 0 0 0 0 0 0 654 239 0 13 3 2 3 2 0 2 0 0 0
478 210 0 7 1 0 1 0 0 0 0 0 0 663 247 0 13 3 2 3 2 0 2 0 0 0
484 217 0 7 1 0 1 0 0 0 0 0 0 716 259 0 14 3 2 3 2 0 2 0 0 0
493 223 0 8 1 0 1 0 0 0 0 0 0 750 272 0 14 4 2 3 2 0 2 0 0 0
519 234 0 8 1 0 1 0 0 0 0 0 0 753 275 0 14 4 2 3 2 0 2 0 0 0
534 239 0 8 1 0 1 0 0 0 0 0 0 781 297 0 15 4 2 3 2 0 2 0 0 0
567 246 0 8 1 0 1 0 0 0 0 0 0 854 305 0 16 4 2 3 2 0 2 1 0 0
575 251 0 8 1 0 1 0 0 0 0 0 0 901 320 0 16 4 2 3 2 0 2 1 0 0
587 256 0 9 1 1 1 0 0 0 0 0 0 910 325 0 17 5 2 3 2 1 2 1 0 0
608 262 0 10 1 1 1 0 0 0 0 0 0 967 335 0 17 5 2 3 2 1 2 1 0 0
619 270 0 10 1 1 1 0 0 0 0 0 0 977 343 0 17 5 2 4 2 1 2 1 0 0
