# scores for worst/random/best/smart move selector strategies. 
# scores are 50% and 95% quantiles (based on 40 games) of: 
# game score, #destroyed, #unlocked, #stripes, #bombs, #zappers
3 3 0 0 0 0 0 0 0 0 0 0 0 7 7 0 0 0 0 0 0 0 0 0 0 0
8 8 0 0 0 0 0 0 0 0 0 0 0 13 13 0 0 0 0 0 0 0 0 0 0 0
12 12 0 0 0 0 0 0 0 0 0 0 0 17 17 0 0 0 0 0 0 0 0 0 0 0
15 15 0 0 0 0 0 0 0 0 0 0 0 22 22 0 0 0 0 0 0 0 0 0 0 0
18 18 0 0 0 0 0 0 0 0 0 0 0 28 28 0 0 0 0 0 0 0 0 0 0 0
21 21 0 0 0 0 0 0 0 0 0 0 0 51 33 0 0 0 0 0 0 0 0 0 0 0
24 24 0 0 0 0 0 0 0 0 0 0 0 54 36 0 0 0 0 0 0 0 0 0 0 0
27 27 0 0 0 0 0 0 0 0 0 0 0 57 39 0 0 0 0 0 0 0 0 0 0 0
33 33 0 0 0 0 0 0 0 0 0 0 0 60 42 0 0 0 0 0 0 0 0 0 0 0
36 36 0 0 0 0 0 0 0 0 0 0 0 64 47 0 0 0 0 0 0 0 0 0 0 0
39 39 0 0 0 0 0 0 0 0 0 0 0 67 50 0 0 0 0 0 0 0 0 0 0 0
42 42 0 0 0 0 0 0 0 0 0 0 0 70 53 0 0 0 0 0 0 0 0 0 0 0
45 45 0 0 0 0 0 0 0 0 0 0 0 85 57 0 1 0 0 0 0 0 0 0 0 0
49 49 0 0 0 0 0 0 0 0 0 0 0 88 61 0 1 0 0 0 0 0 0 0 0 0
53 53 0 0 0 0 0 0 0 0 0 0 0 93 65 0 1 0 0 0 0 0 0 0 0 0
56 56 0 0 0 0 0 0 0 0 0 0 0 96 68 0 1 0 0 0 0 0 0 0 0 0
60 60 0 0 0 0 0 0 0 0 0 0 0 101 72 0 1 0 0 0 0 0 0 0 0 0
63 63 0 0 0 0 0 0 0 0 0 0 0 104 75 0 1 0 0 0 0 0 0 0 0 0
66 66 0 0 0 0 0 0 0 0 0 0 0 107 78 0 1 0 0 0 0 0 0 0 0 0
72 72 0 0 0 0 0 0 0 0 0 0 0 112 83 0 1 0 0 0 0 0 0 0 0 0
77 75 0 0 0 0 0 0 0 0 0 0 0 116 88 0 1 0 0 0 0 0 0 0 0 0
80 78 0 0 0 0 0 0 0 0 0 0 0 119 91 0 1 0 0 0 0 0 0 0 0 0
84 84 0 0 0 0 0 0 0 0 0 0 0 126 96 0 1 0 0 0 0 0 0 0 0 0
87 87 0 0 0 0 0 0 0 0 0 0 0 131 102 0 1 0 0 0 0 0 0 0 0 0
93 90 0 0 0 0 0 0 0 0 0 0 0 134 106 0 1 0 0 0 0 0 0 0 0 0
96 93 0 0 0 0 0 0 0 0 0 0 0 137 109 0 1 0 0 0 0 0 0 0 0 0
99 98 0 0 0 0 0 0 0 0 0 0 0 142 112 0 1 0 0 0 0 0 0 0 0 0
104 102 0 0 0 0 0 0 0 0 0 0 0 147 115 0 1 1 0 0 0 0 0 0 0 0
108 106 0 0 0 0 0 0 0 0 0 0 0 157 121 0 1 1 0 0 0 0 0 0 0 0
111 109 0 0 0 0 0 0 0 0 0 0 0 162 125 0 1 1 0 0 0 0 0 0 0 0
115 113 0 0 0 0 0 0 0 0 0 0 0 166 129 0 1 1 0 0 0 0 0 0 0 0
120 117 0 0 0 0 0 0 0 0 0 0 0 169 132 0 1 1 0 0 0 0 0 0 0 0
123 120 0 0 0 0 0 0 0 0 0 0 0 172 135 0 1 1 0 0 0 0 0 0 0 0
127 123 0 0 0 0 0 0 0 0 0 0 0 177 141 0 1 1 0 0 0 0 0 0 0 0
131 127 0 0 0 0 0 0 0 0 0 0 0 180 144 0 1 1 0 0 0 0 0 0 0 0
134 132 0 0 0 0 0 0 0 0 0 0 0 186 149 0 1 1 0 0 0 0 0 0 0 0
141 135 0 0 0 0 0 0 0 0 0 0 0 189 152 0 1 1 0 0 0 0 0 0 0 0
144 139 0 0 0 0 0 0 0 0 0 0 0 192 156 0 1 1 0 0 0 0 0 0 0 0
149 142 0 0 0 0 0 0 0 0 0 0 0 196 159 0 1 1 0 0 0 0 0 0 0 0
153 145 0 0 0 0 0 0 0 0 0 0 0 217 162 0 1 1 0 0 0 0 0 0 0 0
158 149 0 0 0 0 0 0 0 0 0 0 0 221 166 0 1 1 0 0 0 0 0 0 0 0
