# scores for worst/random/best/smart move selector strategies. 
# scores are 50% and 95% quantiles (based on 40 games) of: 
# game score, #destroyed, #unlocked, #stripes, #bombs, #zappers
0 0 0 0 0 0 0 0 0 0 0 0 0 3 3 0 0 0 0 0 0 0 0 0 0 0
3 3 0 0 0 0 0 0 0 0 0 0 0 9 9 0 0 0 0 0 0 0 0 0 0 0
9 9 0 0 0 0 0 0 0 0 0 0 0 19 16 0 0 0 0 0 0 0 0 0 0 0
12 12 0 0 0 0 0 0 0 0 0 0 0 26 24 0 0 0 0 0 0 0 0 0 0 0
18 18 0 0 0 0 0 0 0 0 0 0 0 29 27 0 0 0 0 0 0 0 0 0 0 0
21 21 0 0 0 0 0 0 0 0 0 0 0 33 33 0 0 0 0 0 0 0 0 0 0 0
24 24 0 0 0 0 0 0 0 0 0 0 0 47 37 0 0 0 0 0 0 0 0 0 0 0
30 28 0 0 0 0 0 0 0 0 0 0 0 57 43 1 1 0 0 0 0 0 0 0 0 0
36 33 0 0 0 0 0 0 0 0 0 0 0 68 50 2 1 0 0 0 0 0 0 0 0 0
40 39 0 0 0 0 0 0 0 0 0 0 0 85 53 2 1 0 0 0 0 0 0 0 0 0
44 42 0 0 0 0 0 0 0 0 0 0 0 112 57 5 2 0 0 0 0 0 0 0 0 0
48 46 0 0 0 0 0 0 0 0 0 0 0 127 60 5 2 0 0 0 0 0 0 0 0 0
55 51 0 0 0 0 0 0 0 0 0 0 0 131 64 5 2 0 0 0 0 0 0 0 0 0
62 55 0 0 0 0 0 0 0 0 0 0 0 137 68 5 2 0 0 0 0 0 0 0 0 0
66 60 0 0 0 0 0 0 0 0 0 0 0 152 75 5 2 0 0 0 0 0 0 0 0 0
74 64 0 0 0 0 0 0 0 0 0 0 0 155 79 5 2 0 0 1 0 0 0 0 0 0
87 69 0 1 0 0 0 0 0 0 0 0 0 168 83 5 3 0 0 1 0 0 0 0 0 0
92 73 0 1 0 0 0 0 0 0 0 0 0 195 94 5 3 0 0 1 0 0 0 0 0 0
100 79 1 1 0 0 0 0 0 0 0 0 0 198 97 5 3 0 0 1 0 0 0 0 0 0
105 83 1 1 0 0 0 0 0 0 0 0 0 204 101 5 3 0 0 1 0 0 0 0 0 0
108 88 1 1 0 0 0 0 0 0 0 0 0 217 104 5 3 0 0 1 0 0 0 0 0 0
111 92 1 1 0 0 0 0 0 0 0 0 0 220 107 5 3 0 0 1 0 0 0 0 0 0
120 98 2 1 0 0 0 0 0 0 0 0 0 224 113 5 3 0 0 1 0 0 0 0 0 0
126 103 2 1 0 0 0 0 0 0 0 0 0 227 118 5 3 1 0 1 0 0 0 0 0 0
136 108 2 1 0 0 0 0 0 0 0 0 0 232 123 5 3 1 0 1 0 0 0 0 0 0
152 111 2 1 0 0 0 0 0 0 0 0 0 252 134 5 3 1 0 1 0 0 0 0 0 0
155 114 2 1 0 0 0 0 0 0 0 0 0 255 137 5 3 1 0 1 0 0 0 0 0 0
162 121 2 1 0 0 0 0 0 0 0 0 0 262 145 6 4 1 0 1 0 0 0 0 0 0
166 125 2 1 0 0 0 0 0 0 0 0 0 265 150 6 4 1 0 1 0 0 0 0 0 0
173 129 2 2 0 0 0 0 0 0 0 0 0 269 153 6 4 1 0 1 0 0 0 0 0 0
179 132 2 2 0 0 0 0 0 0 0 0 0 283 160 7 4 1 0 1 0 0 0 0 0 0
186 137 2 2 0 0 0 0 0 0 0 0 0 320 163 9 5 1 1 1 0 0 1 0 0 0
190 142 3 2 0 0 0 0 0 0 0 0 0 324 169 9 5 1 1 1 0 0 1 0 0 0
197 147 3 2 0 0 0 0 0 0 0 0 0 349 182 10 5 1 1 1 0 0 1 0 0 0
209 154 3 2 0 0 0 0 0 0 0 0 0 356 189 10 5 1 1 2 0 0 1 0 0 0
220 158 3 2 0 0 0 0 0 0 0 0 0 360 192 12 5 1 1 2 0 0 1 0 0 0
224 163 3 2 0 0 0 0 0 0 0 0 0 364 195 12 6 1 1 2 0 0 1 0 0 0
229 166 3 3 0 0 0 0 0 0 0 0 0 367 202 12 6 1 1 2 0 0 1 0 0 0
242 171 3 3 0 0 0 0 0 0 0 0 0 383 213 12 7 1 1 2 0 0 1 0 0 0
248 176 4 3 0 0 0 0 0 0 0 0 0 429 220 12 7 1 1 2 0 0 1 0 0 0
260 184 4 3 0 0 0 0 0 0 0 0 0 447 224 14 8 1 1 2 0 0 1 0 0 0
