# scores for worst/random/best/smart move selector strategies. 
# scores are 50% and 95% quantiles (based on 40 games) of: 
# game score, #destroyed, #unlocked, #stripes, #bombs, #zappers
0 0 0 0 0 0 0 0 0 0 0 0 0 3 3 0 0 0 0 0 0 0 0 0 0 0
3 3 0 0 0 0 0 0 0 0 0 0 0 9 9 0 0 0 0 0 0 0 0 0 0 0
9 9 0 0 0 0 0 0 0 0 0 0 0 16 16 0 0 0 0 0 0 0 0 0 0 0
12 12 0 0 0 0 0 0 0 0 0 0 0 22 22 0 0 0 0 0 0 0 0 0 0 0
15 15 0 0 0 0 0 0 0 0 0 0 0 27 27 0 0 0 0 0 0 0 0 0 0 0
21 21 0 0 0 0 0 0 0 0 0 0 0 30 30 0 0 0 0 0 0 0 0 0 0 0
24 24 0 0 0 0 0 0 0 0 0 0 0 42 35 0 0 0 0 0 0 0 0 0 0 0
30 30 0 0 0 0 0 0 0 0 0 0 0 45 38 0 0 0 0 0 0 0 0 0 0 0
33 33 0 0 0 0 0 0 0 0 0 0 0 52 42 0 0 0 0 0 0 0 0 0 0 0
36 36 0 0 0 0 0 0 0 0 0 0 0 73 48 2 1 0 0 0 0 0 0 0 0 0
42 42 0 0 0 0 0 0 0 0 0 0 0 82 55 3 1 0 0 0 0 0 0 0 0 0
45 45 0 0 0 0 0 0 0 0 0 0 0 99 59 3 1 0 0 0 0 0 0 0 0 0
49 48 0 0 0 0 0 0 0 0 0 0 0 102 66 3 1 0 0 0 0 0 0 0 0 0
54 54 0 0 0 0 0 0 0 0 0 0 0 105 69 3 1 0 0 0 0 0 0 0 0 0
59 57 0 0 0 0 0 0 0 0 0 0 0 119 72 3 2 0 0 0 0 0 0 0 0 0
63 60 0 0 0 0 0 0 0 0 0 0 0 124 77 3 2 0 0 0 0 0 0 0 0 0
66 66 0 0 0 0 0 0 0 0 0 0 0 128 80 3 2 1 0 0 0 0 0 0 0 0
73 69 0 0 0 0 0 0 0 0 0 0 0 131 85 3 2 1 0 0 0 0 0 0 0 0
83 75 0 0 0 0 0 0 0 0 0 0 0 135 92 4 2 1 0 0 0 0 0 0 0 0
91 78 0 0 0 0 0 0 0 0 0 0 0 142 98 4 2 1 0 0 0 0 0 0 0 0
94 81 0 0 0 0 0 0 0 0 0 0 0 149 101 4 2 1 0 0 0 0 0 0 0 0
97 84 0 0 0 0 0 0 0 0 0 0 0 175 108 4 2 1 0 0 0 0 0 0 0 0
105 90 0 0 0 0 0 0 0 0 0 0 0 178 111 4 2 1 0 0 0 0 0 0 0 0
108 94 0 0 0 0 0 0 0 0 0 0 0 181 114 4 2 1 0 0 0 0 0 0 0 0
115 97 0 0 0 0 0 0 0 0 0 0 0 184 119 4 2 1 0 0 0 0 0 0 0 0
120 102 0 1 0 0 0 0 0 0 0 0 0 187 122 4 2 1 0 0 0 0 0 0 0 0
125 108 0 1 0 0 0 0 0 0 0 0 0 190 125 4 2 1 0 0 0 0 0 0 0 0
128 112 0 1 0 0 0 0 0 0 0 0 0 193 131 4 2 1 0 0 0 0 0 0 0 0
131 115 0 1 0 0 0 0 0 0 0 0 0 196 135 4 2 1 0 0 0 0 0 0 0 0
139 120 0 1 0 0 0 0 0 0 0 0 0 205 138 4 2 1 0 0 0 0 0 0 0 0
142 124 0 1 0 0 0 0 0 0 0 0 0 212 143 4 2 1 0 0 0 0 0 0 0 0
150 130 0 1 0 0 0 0 0 0 0 0 0 224 148 5 2 1 0 0 0 0 0 0 0 0
155 134 0 1 0 0 0 0 0 0 0 0 0 227 154 5 2 1 0 0 0 0 0 0 0 0
163 139 1 1 0 0 0 0 0 0 0 0 0 230 157 5 2 1 0 0 0 0 0 0 0 0
170 144 1 1 0 0 0 0 0 0 0 0 0 260 161 5 2 1 0 0 0 0 0 0 0 0
180 147 1 1 0 0 0 0 0 0 0 0 0 264 164 5 2 1 0 0 0 0 0 0 0 0
184 152 1 1 0 0 0 0 0 0 0 0 0 267 167 5 2 1 0 0 0 0 0 0 0 0
187 156 1 1 0 0 0 0 0 0 0 0 0 270 173 5 2 1 0 0 0 0 0 0 0 0
190 160 1 1 0 0 0 0 0 0 0 0 0 273 176 5 2 1 0 0 0 0 0 0 0 0
201 164 1 1 0 0 0 0 0 0 0 0 0 276 180 5 2 1 0 0 0 0 0 0 0 0
213 168 1 1 0 0 0 0 0 0 0 0 0 301 184 5 3 1 1 0 0 0 1 0 0 0
