# scores for worst/random/best/smart move selector strategies. 
# scores are 50% and 95% quantiles (based on 40 games) of: 
# game score, #destroyed, #unlocked, #stripes, #bombs, #zappers
0 0 0 0 0 0 0 0 0 0 0 0 0 3 3 0 0 0 0 0 0 0 0 0 0 0
3 3 0 0 0 0 0 0 0 0 0 0 0 9 9 0 0 0 0 0 0 0 0 0 0 0
9 9 0 0 0 0 0 0 0 0 0 0 0 19 16 0 0 0 0 0 0 0 0 0 0 0
12 12 0 0 0 0 0 0 0 0 0 0 0 26 24 0 0 0 0 0 0 0 0 0 0 0
16 16 0 0 0 0 0 0 0 0 0 0 0 52 30 0 0 0 0 0 0 0 0 0 0 0
21 21 0 0 0 0 0 0 0 0 0 0 0 64 36 1 0 0 0 0 0 0 0 0 0 0
24 24 0 0 0 0 0 0 0 0 0 0 0 69 39 2 1 0 0 0 0 0 0 0 0 0
30 30 0 0 0 0 0 0 0 0 0 0 0 77 46 2 1 0 0 0 0 0 0 0 0 0
36 35 0 0 0 0 0 0 0 0 0 0 0 87 52 2 1 0 0 0 0 0 0 0 0 0
42 39 0 0 0 0 0 0 0 0 0 0 0 91 57 3 1 0 0 0 0 0 0 0 0 0
45 42 0 0 0 0 0 0 0 0 0 0 0 102 64 3 1 1 0 0 0 0 0 0 0 0
59 48 0 0 0 0 0 0 0 0 0 0 0 107 70 3 1 1 0 0 0 0 0 0 0 0
69 54 0 0 0 0 0 0 0 0 0 0 0 118 77 4 2 1 0 0 0 0 0 0 0 0
79 58 0 0 0 0 0 0 0 0 0 0 0 124 83 4 2 1 0 0 0 0 0 0 0 0
90 63 1 0 0 0 0 0 0 0 0 0 0 174 92 4 2 1 0 1 0 0 0 0 0 0
100 69 1 0 0 0 0 0 0 0 0 0 0 188 104 4 2 1 0 1 0 0 0 0 0 0
106 74 1 1 0 0 0 0 0 0 0 0 0 205 111 4 2 1 1 1 0 0 1 0 0 0
115 80 1 1 0 0 0 0 0 0 0 0 0 209 115 5 3 1 1 1 0 0 1 0 0 0
127 87 2 1 0 0 0 0 0 0 0 0 0 273 118 12 4 1 1 1 0 0 1 0 0 0
132 92 2 1 0 0 0 0 0 0 0 0 0 279 125 12 4 2 1 1 0 0 1 0 0 0
138 98 2 1 0 0 0 0 0 0 0 0 0 285 130 12 4 2 1 1 0 0 1 0 0 0
144 103 2 1 0 0 0 0 0 0 0 0 0 290 134 12 4 2 1 1 0 0 1 0 0 0
156 109 2 2 0 0 0 0 0 0 0 0 0 336 140 12 5 2 1 1 0 0 1 0 0 0
159 114 2 2 0 0 0 0 0 0 0 0 0 374 152 14 5 2 2 1 0 0 1 0 0 0
173 122 3 2 0 0 0 0 0 0 0 0 0 386 166 14 5 2 2 1 0 0 1 0 0 0
178 126 3 2 0 0 0 0 0 0 0 0 0 402 170 14 6 2 2 1 0 0 1 0 0 0
205 131 3 2 0 0 0 0 0 0 0 0 0 464 190 15 6 2 2 1 1 0 1 0 0 0
209 136 3 2 0 0 0 0 0 0 0 0 0 470 194 15 6 2 2 1 1 0 1 0 0 0
224 140 3 2 0 0 0 0 0 0 0 0 0 506 201 18 9 2 2 1 1 0 1 0 0 0
255 146 4 3 0 0 0 0 0 0 0 0 0 510 205 18 9 2 2 1 1 0 1 0 0 0
262 153 4 3 0 0 0 0 0 0 0 0 0 514 210 18 9 2 2 1 1 0 2 0 0 0
267 159 5 3 0 0 0 0 0 0 0 0 0 541 216 18 9 2 2 1 1 0 2 0 0 0
284 165 5 4 0 0 0 0 0 0 0 0 0 545 221 18 9 2 2 2 1 0 2 0 0 0
296 172 5 4 0 0 0 0 0 0 0 0 0 548 224 18 9 2 2 2 1 0 2 0 0 0
309 181 5 4 0 0 0 0 0 0 0 0 0 552 233 19 10 2 2 2 1 0 2 0 0 0
350 188 5 5 1 0 0 0 0 0 0 0 0 563 236 19 10 2 2 2 1 0 2 1 0 0
356 193 6 5 1 0 0 0 0 0 0 0 0 636 258 19 11 2 2 2 1 0 2 1 0 0
375 202 6 5 1 0 0 0 0 0 0 0 0 639 262 19 11 2 2 2 1 0 2 1 0 0
381 210 6 5 1 0 0 0 0 0 0 0 0 646 271 19 11 3 2 2 1 0 2 1 0 0
384 215 6 6 1 0 0 0 0 0 0 0 0 651 278 19 11 3 2 2 1 0 2 1 0 0
395 220 6 6 1 0 0 0 0 0 0 0 0 655 283 19 11 3 2 2 1 0 2 1 0 0
