# scores for worst/random/best/smart move selector strategies. 
# scores are 50% and 95% quantiles (based on 40 games) of: 
# game score, #destroyed, #unlocked, #stripes, #bombs, #zappers
0 0 0 0 0 0 0 0 0 0 0 0 0 3 3 0 0 0 0 0 0 0 0 0 0 0
3 3 0 0 0 0 0 0 0 0 0 0 0 7 7 0 0 0 0 0 0 0 0 0 0 0
9 9 0 0 0 0 0 0 0 0 0 0 0 16 16 0 0 0 0 0 0 0 0 0 0 0
12 12 0 0 0 0 0 0 0 0 0 0 0 23 23 0 0 0 0 0 0 0 0 0 0 0
16 16 0 0 0 0 0 0 0 0 0 0 0 28 28 0 0 0 0 0 0 0 0 0 0 0
21 21 0 0 0 0 0 0 0 0 0 0 0 33 33 0 0 0 0 0 0 0 0 0 0 0
24 24 0 0 0 0 0 0 0 0 0 0 0 37 37 0 0 0 0 0 0 0 0 0 0 0
27 27 0 0 0 0 0 0 0 0 0 0 0 42 42 0 0 0 0 0 0 0 0 0 0 0
31 31 0 0 0 0 0 0 0 0 0 0 0 46 46 0 0 0 0 0 0 0 0 0 0 0
34 34 0 0 0 0 0 0 0 0 0 0 0 49 49 0 0 0 0 0 0 0 0 0 0 0
39 39 0 0 0 0 0 0 0 0 0 0 0 82 56 1 0 0 0 0 0 0 0 0 0 0
42 42 0 0 0 0 0 0 0 0 0 0 0 87 59 1 0 0 0 0 0 0 0 0 0 0
46 46 0 0 0 0 0 0 0 0 0 0 0 91 63 1 0 0 0 0 0 0 0 0 0 0
49 49 0 0 0 0 0 0 0 0 0 0 0 94 66 1 0 0 0 0 0 0 0 0 0 0
55 55 0 0 0 0 0 0 0 0 0 0 0 97 69 1 0 0 0 0 0 0 0 0 0 0
60 60 0 0 0 0 0 0 0 0 0 0 0 100 78 2 1 0 0 0 0 0 0 0 0 0
63 63 0 0 0 0 0 0 0 0 0 0 0 104 83 2 1 0 0 0 0 0 0 0 0 0
66 66 0 0 0 0 0 0 0 0 0 0 0 107 86 2 1 0 0 0 0 0 0 0 0 0
69 69 0 0 0 0 0 0 0 0 0 0 0 111 92 2 1 0 0 0 0 0 0 0 0 0
75 73 0 0 0 0 0 0 0 0 0 0 0 122 95 2 1 0 0 0 0 0 0 0 0 0
78 77 0 0 0 0 0 0 0 0 0 0 0 125 98 2 1 0 0 0 0 0 0 0 0 0
84 81 0 0 0 0 0 0 0 0 0 0 0 128 101 2 1 0 0 0 0 0 0 0 0 0
88 84 0 0 0 0 0 0 0 0 0 0 0 133 110 2 1 0 0 0 0 0 0 0 0 0
93 89 0 0 0 0 0 0 0 0 0 0 0 144 114 2 1 1 0 0 0 0 0 0 0 0
96 93 0 0 0 0 0 0 0 0 0 0 0 147 117 2 1 1 0 0 0 0 0 0 0 0
100 96 0 0 0 0 0 0 0 0 0 0 0 150 120 2 1 1 0 0 0 0 0 0 0 0
103 99 0 0 0 0 0 0 0 0 0 0 0 155 126 2 1 1 0 0 0 0 0 0 0 0
111 105 0 0 0 0 0 0 0 0 0 0 0 160 131 2 1 1 0 0 0 0 0 0 0 0
114 108 0 0 0 0 0 0 0 0 0 0 0 167 134 2 1 1 0 0 0 0 0 0 0 0
118 111 0 0 0 0 0 0 0 0 0 0 0 170 140 2 1 1 0 0 0 0 0 0 0 0
121 114 0 0 0 0 0 0 0 0 0 0 0 173 147 2 1 1 0 0 0 0 0 0 0 0
126 119 0 0 0 0 0 0 0 0 0 0 0 176 152 2 1 1 0 0 0 0 0 0 0 0
129 123 0 0 0 0 0 0 0 0 0 0 0 181 158 2 1 1 0 0 0 0 0 0 0 0
133 126 0 0 0 0 0 0 0 0 0 0 0 184 162 2 1 1 0 0 0 0 0 0 0 0
136 129 0 0 0 0 0 0 0 0 0 0 0 189 166 2 1 1 0 0 0 0 0 0 0 0
139 132 0 0 0 0 0 0 0 0 0 0 0 212 171 2 1 1 0 0 0 0 0 0 0 0
144 137 0 0 0 0 0 0 0 0 0 0 0 216 174 2 1 1 0 0 0 0 0 0 0 0
148 140 0 0 0 0 0 0 0 0 0 0 0 219 177 2 1 1 0 0 0 0 0 0 0 0
153 143 0 0 0 0 0 0 0 0 0 0 0 227 180 2 1 1 0 0 0 0 0 0 0 0
158 147 0 0 0 0 0 0 0 0 0 0 0 230 186 2 1 1 0 0 0 0 0 0 0 0
162 151 0 0 0 0 0 0 0 0 0 0 0 235 190 2 1 1 0 0 0 0 0 0 0 0
