# scores for worst/random/best/smart move selector strategies. 
# scores are 50% and 95% quantiles (based on 40 games) of: 
# game score, #destroyed, #unlocked, #stripes, #bombs, #zappers
0 0 0 0 0 0 0 0 0 0 0 0 0 9 9 0 0 0 0 0 0 0 0 0 0 0
6 6 0 0 0 0 0 0 0 0 0 0 0 14 14 0 0 0 0 0 0 0 0 0 0 0
10 10 0 0 0 0 0 0 0 0 0 0 0 18 17 0 0 0 0 0 0 0 0 0 0 0
15 15 0 0 0 0 0 0 0 0 0 0 0 39 22 0 1 0 0 0 0 0 0 0 0 0
18 18 0 0 0 0 0 0 0 0 0 0 0 42 28 0 1 0 0 0 0 0 0 0 0 0
24 24 0 0 0 0 0 0 0 0 0 0 0 49 34 0 1 0 0 0 0 0 0 0 0 0
30 29 0 0 0 0 0 0 0 0 0 0 0 71 39 0 1 0 0 0 0 0 0 0 0 0
34 34 0 0 0 0 0 0 0 0 0 0 0 76 44 0 1 0 0 0 0 0 0 0 0 0
40 37 0 0 0 0 0 0 0 0 0 0 0 86 52 0 1 0 0 0 0 0 0 0 0 0
49 43 0 0 0 0 0 0 0 0 0 0 0 102 57 0 1 0 0 0 0 0 0 0 0 0
57 46 0 0 0 0 0 0 0 0 0 0 0 115 61 0 1 0 1 0 0 0 1 0 0 0
68 50 0 0 0 0 0 0 0 0 0 0 0 120 68 0 2 0 1 0 0 0 1 0 0 0
74 58 0 0 0 0 0 0 0 0 0 0 0 132 74 0 2 0 1 0 0 0 1 0 0 0
80 63 0 0 0 0 0 0 0 0 0 0 0 137 78 0 2 0 1 0 0 0 1 0 0 0
93 68 0 1 0 0 0 0 0 0 0 0 0 165 92 0 3 1 1 1 0 0 1 0 0 0
106 75 0 1 0 0 0 0 0 0 0 0 0 169 100 0 3 1 1 1 0 0 1 0 0 0
118 79 0 1 0 0 0 0 0 0 0 0 0 172 103 0 3 1 1 1 0 0 1 0 0 0
126 85 0 1 0 0 0 0 0 0 0 0 0 178 109 0 3 1 1 1 0 0 1 0 0 0
136 89 0 1 0 0 0 0 0 0 0 0 0 183 115 0 3 1 1 1 0 0 1 0 0 0
140 94 0 1 0 0 0 0 0 0 0 0 0 190 119 0 3 1 1 1 0 0 1 0 0 0
148 101 0 1 0 0 0 0 0 0 0 0 0 209 125 0 4 1 1 1 0 0 1 0 0 0
158 105 0 1 0 0 0 0 0 0 0 0 0 220 132 0 4 1 1 1 0 0 1 0 0 0
163 112 0 2 0 0 0 0 0 0 0 0 0 243 138 0 4 1 1 1 0 0 1 0 0 0
177 116 0 2 0 0 0 0 0 0 0 0 0 246 144 0 4 1 1 1 0 0 1 0 0 0
181 121 0 2 0 0 0 0 0 0 0 0 0 250 148 0 4 1 1 1 0 0 1 0 0 0
192 125 0 2 0 0 0 0 0 0 0 0 0 265 152 0 4 1 1 1 0 0 1 0 0 0
198 131 0 2 0 0 0 0 0 0 0 0 0 324 170 0 5 1 1 1 1 0 1 0 0 0
204 134 0 2 0 0 0 0 0 0 0 0 0 338 175 0 5 1 1 1 1 0 1 0 0 0
209 140 0 3 0 0 0 0 0 0 0 0 0 345 182 0 5 1 1 1 1 0 1 0 0 0
224 147 0 3 0 0 0 0 0 0 0 0 0 383 187 0 5 1 1 1 1 0 1 0 0 0
235 152 0 3 0 0 0 0 0 0 0 0 0 388 190 0 5 1 1 1 1 0 1 0 0 0
244 159 0 3 0 0 0 0 0 0 0 0 0 393 197 0 5 1 1 1 1 0 1 0 0 0
251 165 0 3 0 0 0 0 0 0 0 0 0 396 201 0 5 1 1 1 1 0 1 0 0 0
264 170 0 3 0 0 0 0 0 0 0 0 0 404 207 0 6 1 1 1 1 0 1 0 0 0
272 174 0 4 0 0 0 0 0 0 0 0 0 409 211 0 6 1 1 1 1 0 1 0 0 0
289 180 0 4 0 0 0 0 0 0 0 0 0 413 214 0 6 1 1 1 1 0 1 0 0 0
293 185 0 4 0 0 0 0 0 0 0 0 0 423 223 0 7 1 1 1 1 0 1 0 0 0
297 190 0 4 0 0 0 0 0 0 0 0 0 427 228 0 7 2 1 1 1 0 1 0 0 0
302 195 0 4 0 0 0 0 0 0 0 0 0 435 234 0 7 2 1 1 1 0 1 0 0 0
312 198 0 4 0 0 0 0 0 0 0 0 0 439 237 0 7 2 1 1 1 0 1 0 0 0
326 205 0 4 0 0 0 0 0 0 0 0 0 442 244 0 7 2 1 1 1 0 1 0 0 0
