# scores for worst/random/best/smart move selector strategies. 
# scores are 50% and 95% quantiles (based on 40 games) of: 
# game score, #destroyed, #unlocked, #stripes, #bombs, #zappers
0 0 0 0 0 0 0 0 0 0 0 0 0 9 9 0 0 0 0 0 0 0 0 0 0 0
4 4 0 0 0 0 0 0 0 0 0 0 0 14 14 0 0 0 0 0 0 0 0 0 0 0
9 9 0 0 0 0 0 0 0 0 0 0 0 18 18 0 0 0 0 0 0 0 0 0 0 0
12 12 0 0 0 0 0 0 0 0 0 0 0 35 25 0 0 0 0 0 0 0 0 0 0 0
18 18 0 0 0 0 0 0 0 0 0 0 0 39 29 0 0 0 0 0 0 0 0 0 0 0
22 22 0 0 0 0 0 0 0 0 0 0 0 45 32 0 1 0 0 0 0 0 0 0 0 0
27 27 0 0 0 0 0 0 0 0 0 0 0 50 36 0 1 0 0 0 0 0 0 0 0 0
31 30 0 0 0 0 0 0 0 0 0 0 0 58 46 0 1 0 0 0 0 0 0 0 0 0
36 36 0 0 0 0 0 0 0 0 0 0 0 68 50 0 1 0 0 0 0 0 0 0 0 0
39 39 0 0 0 0 0 0 0 0 0 0 0 75 55 0 1 0 0 0 0 0 0 0 0 0
46 45 0 0 0 0 0 0 0 0 0 0 0 92 64 0 1 0 0 0 0 0 0 0 0 0
51 51 0 0 0 0 0 0 0 0 0 0 0 103 70 0 1 0 0 0 0 0 0 0 0 0
54 54 0 0 0 0 0 0 0 0 0 0 0 129 75 0 1 0 0 0 0 0 0 0 0 0
57 57 0 0 0 0 0 0 0 0 0 0 0 134 78 0 1 0 0 0 0 0 0 0 0 0
61 60 0 0 0 0 0 0 0 0 0 0 0 149 82 0 2 0 0 0 0 0 0 0 0 0
66 65 0 0 0 0 0 0 0 0 0 0 0 153 90 0 2 1 0 0 0 0 0 0 0 0
72 70 0 0 0 0 0 0 0 0 0 0 0 162 96 0 2 1 0 0 0 0 0 0 0 0
80 76 0 0 0 0 0 0 0 0 0 0 0 165 99 0 2 1 0 0 0 0 0 0 0 0
88 81 0 0 0 0 0 0 0 0 0 0 0 184 103 0 2 1 0 0 0 0 0 0 0 0
91 85 0 0 0 0 0 0 0 0 0 0 0 187 106 0 2 1 0 0 0 0 0 0 0 0
101 88 0 0 0 0 0 0 0 0 0 0 0 190 111 0 2 1 0 0 0 0 0 0 0 0
110 92 0 0 0 0 0 0 0 0 0 0 0 193 114 0 2 1 0 0 0 0 0 0 0 0
115 99 0 0 0 0 0 0 0 0 0 0 0 196 118 0 2 1 0 0 0 0 0 0 0 0
120 103 0 0 0 0 0 0 0 0 0 0 0 207 129 0 3 1 1 0 0 0 0 0 0 0
123 107 0 1 0 0 0 0 0 0 0 0 0 216 136 0 3 1 1 0 0 0 0 0 0 0
128 110 0 1 0 0 0 0 0 0 0 0 0 242 151 0 3 1 1 0 0 0 0 0 0 0
136 116 0 1 0 0 0 0 0 0 0 0 0 245 154 0 3 1 1 0 0 0 0 0 0 0
144 123 0 1 0 0 0 0 0 0 0 0 0 250 157 0 3 1 1 0 0 0 0 0 0 0
153 131 0 1 0 0 0 0 0 0 0 0 0 253 160 0 3 1 1 0 0 0 0 0 0 0
162 134 0 1 0 0 0 0 0 0 0 0 0 256 164 0 3 1 1 0 0 0 0 0 0 0
165 138 0 1 0 0 0 0 0 0 0 0 0 259 167 0 3 1 1 0 0 0 0 0 0 0
169 143 0 1 0 0 0 0 0 0 0 0 0 262 174 0 3 1 1 0 0 0 0 0 0 0
177 148 0 1 0 0 0 0 0 0 0 0 0 270 178 0 3 1 1 0 0 0 0 0 0 0
180 153 0 1 0 0 0 0 0 0 0 0 0 274 184 0 3 1 1 0 0 0 0 0 0 0
188 158 0 1 0 0 0 0 0 0 0 0 0 277 187 0 3 1 1 0 0 0 0 0 0 0
195 161 0 1 0 0 0 0 0 0 0 0 0 295 199 0 3 1 1 0 0 0 0 0 0 0
200 166 0 1 0 0 0 0 0 0 0 0 0 298 204 0 3 1 1 0 0 0 0 0 0 0
220 170 0 1 0 0 0 0 0 0 0 0 0 315 213 0 4 1 1 0 0 0 0 0 0 0
223 177 0 1 0 0 0 0 0 0 0 0 0 318 216 0 4 1 1 0 0 0 0 0 0 0
226 182 0 1 0 0 0 0 0 0 0 0 0 323 221 0 4 1 1 0 0 0 0 0 0 0
229 186 0 1 0 0 0 0 0 0 0 0 0 332 232 0 4 1 1 0 0 0 0 0 0 0
