# scores for worst/random/best/smart move selector strategies. 
# scores are 50% and 95% quantiles (based on 40 games) of: 
# game score, #destroyed, #unlocked, #stripes, #bombs, #zappers
0 0 0 0 0 0 0 0 0 0 0 0 0 9 9 0 0 0 0 0 0 0 0 0 0 0
6 6 0 0 0 0 0 0 0 0 0 0 0 15 15 0 0 0 0 0 0 0 0 0 0 0
12 12 0 0 0 0 0 0 0 0 0 0 0 19 19 0 0 0 0 0 0 0 0 0 0 0
17 16 0 0 0 0 0 0 0 0 0 0 0 48 24 0 1 0 0 0 0 0 0 0 0 0
25 23 0 0 0 0 0 0 0 0 0 0 0 64 36 0 1 0 0 0 0 0 0 0 0 0
33 28 0 0 0 0 0 0 0 0 0 0 0 101 46 0 1 0 0 0 0 0 0 0 0 0
41 33 0 0 0 0 0 0 0 0 0 0 0 115 53 0 1 0 0 0 0 0 0 0 0 0
57 38 0 0 0 0 0 0 0 0 0 0 0 119 57 0 2 1 0 0 0 0 0 0 0 0
61 44 0 1 0 0 0 0 0 0 0 0 0 137 63 0 3 1 0 1 0 0 0 0 0 0
72 49 0 1 0 0 0 0 0 0 0 0 0 148 71 0 3 1 0 1 0 0 0 0 0 0
84 55 0 1 0 0 0 0 0 0 0 0 0 166 86 0 3 1 0 1 0 0 0 0 0 0
89 59 0 1 0 0 0 0 0 0 0 0 0 173 90 0 3 1 0 1 0 0 0 0 0 0
96 63 0 1 0 0 0 0 0 0 0 0 0 185 95 0 3 1 0 1 0 0 0 0 0 0
108 69 0 1 0 0 0 0 0 0 0 0 0 210 101 0 3 1 1 1 1 0 1 0 0 0
111 73 0 1 0 0 0 0 0 0 0 0 0 265 123 0 4 2 1 1 1 0 1 0 0 0
116 79 0 1 0 0 0 0 0 0 0 0 0 283 129 0 5 2 1 1 1 0 1 0 0 0
144 86 0 2 0 0 0 0 0 0 0 0 0 303 137 0 5 2 1 1 1 0 1 0 0 0
152 91 0 2 0 0 0 0 0 0 0 0 0 310 140 0 5 2 1 1 1 0 1 0 0 0
174 101 0 2 0 0 0 0 0 0 0 0 0 323 144 0 5 2 1 1 1 0 1 0 0 0
187 106 0 2 0 0 0 0 0 0 0 0 0 328 156 0 5 2 1 1 1 0 1 0 0 0
201 110 0 2 0 0 0 0 0 0 0 0 0 340 168 0 6 2 1 1 1 0 1 0 0 0
206 116 0 2 0 0 0 0 0 0 0 0 0 344 174 0 6 2 1 1 1 0 1 0 0 0
213 121 0 2 0 0 0 0 0 0 0 0 0 349 178 0 7 2 1 1 1 0 1 0 0 0
221 135 0 3 0 0 0 0 0 0 0 0 0 362 184 0 7 2 1 1 1 0 1 0 0 0
232 141 0 3 0 0 0 0 0 0 0 0 0 368 188 0 7 2 1 1 1 0 1 0 0 0
245 144 0 3 0 0 0 0 0 0 0 0 0 373 193 0 7 2 1 1 1 0 1 0 0 0
261 149 0 3 0 0 0 0 0 0 0 0 0 416 206 0 7 2 1 1 1 0 1 0 0 0
269 155 0 3 0 0 0 0 0 0 0 0 0 454 215 1 8 2 2 1 1 0 2 0 0 0
282 162 0 3 0 0 0 0 0 0 0 0 0 477 222 1 8 2 2 1 1 0 2 0 0 0
289 166 0 4 0 0 0 0 0 0 0 0 0 481 226 1 8 2 2 1 1 0 2 0 0 0
296 173 0 4 0 0 0 0 0 0 0 0 0 484 229 1 8 2 2 1 1 0 2 0 0 0
299 181 0 4 0 0 0 0 0 0 0 0 0 487 232 1 8 2 2 1 1 0 2 0 0 0
302 184 0 4 0 0 0 0 0 0 0 0 0 491 239 1 8 2 2 1 1 0 2 0 0 0
328 192 0 4 0 0 0 0 0 0 0 0 0 497 244 1 8 2 2 1 1 0 2 0 0 0
349 200 0 4 0 0 0 0 0 0 0 0 0 504 248 1 8 2 2 1 1 0 2 0 0 0
353 204 0 4 0 0 0 0 0 0 0 0 0 513 253 1 9 2 2 1 1 0 2 0 0 0
364 210 0 5 0 0 0 0 0 0 0 0 0 518 261 1 9 2 2 1 1 0 2 0 0 0
373 214 0 5 0 0 0 0 0 0 0 0 0 553 272 1 9 2 2 1 1 0 2 0 0 0
405 218 0 5 0 0 0 0 0 0 0 0 0 557 279 1 10 2 2 2 1 0 2 0 0 0
423 222 0 5 0 0 0 0 0 0 0 0 0 572 284 1 10 2 2 2 1 0 2 0 0 0
441 232 0 6 0 0 0 0 0 0 0 0 0 575 287 1 10 2 2 2 1 0 2 0 0 0
