# scores for worst/random/best/smart move selector strategies. 
# scores are 50% and 95% quantiles (based on 40 games) of: 
# game score, #destroyed, #unlocked, #stripes, #bombs, #zappers
0 0 0 0 0 0 0 0 0 0 0 0 0 9 9 0 0 0 0 0 0 0 0 0 0 0
6 6 0 0 0 0 0 0 0 0 0 0 0 15 15 0 0 0 0 0 0 0 0 0 0 0
9 9 0 0 0 0 0 0 0 0 0 0 0 18 18 0 0 0 0 0 0 0 0 0 0 0
13 13 0 0 0 0 0 0 0 0 0 0 0 23 23 0 0 0 0 0 0 0 0 0 0 0
18 18 0 0 0 0 0 0 0 0 0 0 0 28 28 0 0 0 0 0 0 0 0 0 0 0
21 21 0 0 0 0 0 0 0 0 0 0 0 35 35 0 0 0 0 0 0 0 0 0 0 0
24 24 0 0 0 0 0 0 0 0 0 0 0 39 38 0 0 0 0 0 0 0 0 0 0 0
30 30 0 0 0 0 0 0 0 0 0 0 0 42 42 0 0 0 0 0 0 0 0 0 0 0
35 35 0 0 0 0 0 0 0 0 0 0 0 74 49 0 0 0 0 0 0 0 0 0 0 0
38 38 0 0 0 0 0 0 0 0 0 0 0 77 52 0 0 0 0 0 0 0 0 0 0 0
42 42 0 0 0 0 0 0 0 0 0 0 0 83 58 0 0 0 0 0 0 0 0 0 0 0
45 45 0 0 0 0 0 0 0 0 0 0 0 88 62 0 0 0 0 0 0 0 0 0 0 0
50 50 0 0 0 0 0 0 0 0 0 0 0 91 67 0 0 0 0 0 0 0 0 0 0 0
54 54 0 0 0 0 0 0 0 0 0 0 0 94 70 0 0 0 0 0 0 0 0 0 0 0
58 58 0 0 0 0 0 0 0 0 0 0 0 102 74 0 0 0 0 0 0 0 0 0 0 0
65 65 0 0 0 0 0 0 0 0 0 0 0 105 78 0 1 0 0 0 0 0 0 0 0 0
69 69 0 0 0 0 0 0 0 0 0 0 0 109 85 0 1 0 0 0 0 0 0 0 0 0
72 72 0 0 0 0 0 0 0 0 0 0 0 114 89 0 1 0 0 0 0 0 0 0 0 0
77 77 0 0 0 0 0 0 0 0 0 0 0 119 93 0 1 0 0 0 0 0 0 0 0 0
81 81 0 0 0 0 0 0 0 0 0 0 0 128 96 0 1 0 0 0 0 0 0 0 0 0
84 84 0 0 0 0 0 0 0 0 0 0 0 131 102 0 1 0 0 0 0 0 0 0 0 0
88 88 0 0 0 0 0 0 0 0 0 0 0 136 108 0 1 0 0 0 0 0 0 0 0 0
93 93 0 0 0 0 0 0 0 0 0 0 0 139 113 0 1 0 0 0 0 0 0 0 0 0
99 97 0 0 0 0 0 0 0 0 0 0 0 143 118 0 1 0 0 0 0 0 0 0 0 0
105 100 0 0 0 0 0 0 0 0 0 0 0 146 123 0 1 0 0 0 0 0 0 0 0 0
114 106 0 0 0 0 0 0 0 0 0 0 0 155 130 0 1 0 0 0 0 0 0 0 0 0
117 113 0 0 0 0 0 0 0 0 0 0 0 165 138 0 1 0 0 0 0 0 0 0 0 0
125 116 0 0 0 0 0 0 0 0 0 0 0 175 142 0 1 1 0 0 0 0 0 0 0 0
131 121 0 0 0 0 0 0 0 0 0 0 0 194 146 0 1 1 0 0 0 0 0 0 0 0
135 126 0 0 0 0 0 0 0 0 0 0 0 199 150 0 1 1 0 0 0 0 0 0 0 0
138 129 0 0 0 0 0 0 0 0 0 0 0 204 154 0 1 1 0 0 0 0 0 0 0 0
141 133 0 0 0 0 0 0 0 0 0 0 0 215 157 0 1 1 0 0 0 0 0 0 0 0
147 138 0 0 0 0 0 0 0 0 0 0 0 221 166 0 1 1 0 0 0 0 0 0 0 0
150 143 0 0 0 0 0 0 0 0 0 0 0 230 173 0 1 1 0 0 0 0 0 0 0 0
158 150 0 0 0 0 0 0 0 0 0 0 0 237 176 0 1 1 0 0 0 0 0 0 0 0
161 153 0 0 0 0 0 0 0 0 0 0 0 240 180 0 1 1 0 0 0 0 0 0 0 0
170 157 0 0 0 0 0 0 0 0 0 0 0 245 184 0 1 1 0 0 0 0 0 0 0 0
177 161 0 0 0 0 0 0 0 0 0 0 0 250 187 0 2 1 0 0 0 0 0 0 0 0
180 166 0 0 0 0 0 0 0 0 0 0 0 258 193 0 2 1 0 0 0 0 0 0 0 0
183 170 0 0 0 0 0 0 0 0 0 0 0 261 197 0 2 1 0 0 0 0 0 0 0 0
190 174 0 0 0 0 0 0 0 0 0 0 0 272 206 0 2 1 0 0 0 0 0 0 0 0
