# scores for worst/random/best/smart move selector strategies. 
# scores are 50% and 95% quantiles (based on 40 games) of: 
# game score, #destroyed, #unlocked, #stripes, #bombs, #zappers
37 33 0 0 0 0 0 0 0 0 0 0 0 226 98 1 3 2 0 0 0 0 0 0 0 0
161 82 0 1 1 0 0 0 0 0 0 0 0 1010 272 4 21 15 1 1 0 0 1 1 0 0
470 156 1 3 2 1 0 0 0 0 0 0 0 1980 445 5 21 23 4 1 1 0 1 1 1 0
728 233 1 6 4 1 0 0 0 0 0 0 0 2570 594 6 25 26 6 1 1 0 2 1 1 0
1036 339 2 8 5 2 0 0 0 1 0 0 0 2849 795 6 28 35 8 1 1 1 3 1 1 0
1335 385 2 10 11 4 0 0 0 1 0 0 0 3081 883 6 38 43 9 1 1 1 3 1 1 0
1871 456 2 17 18 5 0 0 0 1 0 0 0 3719 1025 6 42 46 10 1 1 1 3 1 1 0
2276 573 2 24 21 5 0 0 0 1 0 0 0 5178 1202 6 47 55 12 1 1 1 3 2 1 0
2644 700 2 27 25 7 0 0 0 2 1 0 0 5548 1410 6 54 63 13 1 1 1 4 2 2 1
2916 779 2 28 27 7 0 0 0 2 1 0 0 6158 1549 6 70 65 16 1 2 1 5 2 2 1
3322 895 2 31 31 8 0 0 0 2 1 0 0 6256 1602 6 74 77 18 2 2 1 5 2 2 1
3537 973 2 36 32 10 0 0 0 2 1 0 0 6883 1771 6 83 80 19 2 2 2 5 2 2 1
4255 1095 2 41 33 10 1 0 0 3 1 0 0 7336 1903 6 86 84 20 2 2 2 5 3 2 1
4528 1166 2 42 42 10 1 0 0 3 1 1 0 7801 2157 6 93 91 26 2 2 2 6 3 2 1
4923 1237 2 47 46 11 1 1 0 3 1 1 0 8217 2326 6 95 92 28 2 2 2 6 3 2 1
5417 1354 2 48 55 13 1 1 0 3 1 1 0 10851 2803 6 97 100 36 2 2 2 6 3 3 1
5651 1449 2 50 58 14 1 1 0 4 1 1 0 11046 2850 6 105 102 36 2 2 2 7 3 3 1
5934 1529 2 53 60 14 1 1 0 4 1 1 0 11327 2949 6 108 107 36 2 3 2 7 3 3 1
6584 1667 2 57 64 16 1 1 0 4 1 1 0 11629 3015 6 118 110 37 2 3 2 7 3 3 2
6812 1722 2 65 71 17 1 1 1 4 1 1 0 11812 3064 6 133 117 37 2 3 2 8 4 3 2
7296 1814 2 69 74 19 1 1 1 4 1 1 0 12298 3192 6 134 124 38 3 4 2 8 4 3 2
7561 1900 2 73 75 20 1 1 1 5 1 1 0 12442 3206 6 145 126 39 3 4 2 9 4 3 2
7717 1984 2 74 76 21 1 1 1 5 1 1 0 13173 3430 6 146 136 44 3 4 2 9 4 3 2
8374 2174 2 78 82 22 1 1 1 5 1 1 0 13740 3550 6 148 136 46 3 4 2 9 4 3 2
8771 2235 2 79 84 23 1 2 1 6 2 2 0 14036 3648 6 150 137 47 3 4 2 10 4 3 2
9138 2345 2 84 88 24 1 2 1 6 2 2 1 14086 3667 6 151 139 47 3 4 3 10 4 3 2
9639 2521 2 89 94 26 1 2 1 6 2 2 1 14348 3717 6 157 148 50 3 4 3 10 4 3 2
9926 2568 2 93 97 26 1 2 1 6 2 2 1 14475 3799 6 159 150 51 3 4 3 10 5 3 2
10028 2586 2 100 99 27 1 2 1 6 2 2 1 14743 3878 6 175 152 52 4 4 3 10 5 4 2
10480 2674 2 102 100 28 1 2 1 7 2 2 1 15219 4032 6 176 156 52 4 4 3 11 5 4 2
10877 2719 2 104 100 28 1 2 1 7 2 2 1 15953 4200 6 185 156 55 4 4 3 11 5 4 2
11266 2787 2 105 108 29 2 2 1 7 2 2 1 16767 4475 6 186 165 56 4 4 3 12 5 4 2
11438 2969 2 114 115 30 2 2 1 7 2 2 1 17024 4560 6 193 169 56 4 5 3 12 5 4 2
12109 3062 2 115 118 32 2 2 1 7 2 2 1 17043 4579 6 193 173 56 4 5 3 12 5 4 2
12342 3188 2 118 118 33 2 2 1 7 2 2 1 17993 4806 6 195 177 57 4 5 3 12 6 4 3
12548 3246 2 120 123 33 2 3 1 7 2 2 1 19026 5043 6 199 181 59 4 5 3 13 6 4 3
12832 3337 2 124 131 35 2 3 1 8 3 2 1 20206 5338 6 205 187 61 4 5 3 13 6 4 3
13324 3446 2 136 135 36 2 3 1 8 3 2 1 21075 5455 6 222 197 61 4 5 3 14 6 4 3
13791 3541 2 136 139 36 2 3 1 8 3 2 1 21231 5598 6 223 198 66 4 5 4 14 6 4 3
14367 3599 2 140 143 38 2 3 1 9 3 2 1 22074 5615 6 229 206 68 4 5 4 15 6 4 3
14619 3784 2 142 145 39 2 3 2 9 3 2 1 22399 5946 6 233 208 70 4 5 4 16 6 4 3
