# scores for worst/random/best/smart move selector strategies. 
# scores are 50% and 95% quantiles (based on 40 games) of: 
# game score, #destroyed, #unlocked, #stripes, #bombs, #zappers
37 33 0 0 0 0 0 0 0 0 0 0 0 226 98 1 3 2 0 0 0 0 0 0 0 0
89 60 0 0 0 0 0 0 0 0 0 0 0 1091 411 2 7 9 3 0 0 0 1 0 0 0
185 98 0 2 1 0 0 0 0 0 0 0 0 1635 567 2 12 15 5 0 0 0 1 0 0 0
213 124 0 2 1 0 0 0 0 0 0 0 0 1640 573 4 12 15 5 0 0 0 1 0 0 0
313 172 1 3 2 0 0 0 0 0 0 0 0 2106 683 4 16 16 6 0 0 0 1 0 0 0
500 208 1 4 2 1 0 0 0 0 0 0 0 2485 826 4 19 17 9 0 0 0 1 0 0 0
578 236 1 5 3 1 0 0 0 0 0 0 0 2494 835 5 19 17 9 0 0 0 1 0 0 0
710 280 2 7 6 1 0 0 0 0 0 0 0 3115 968 5 20 24 11 0 0 0 1 0 0 0
980 360 2 8 7 1 0 0 0 0 0 0 0 3354 1014 6 33 28 13 0 1 0 1 0 0 0
1072 396 2 10 8 1 0 0 0 0 0 0 0 3364 1024 6 36 31 13 0 1 0 1 0 0 0
1100 455 2 10 8 2 0 0 0 0 0 0 0 4188 1311 6 36 34 17 0 1 0 2 0 0 0
1222 494 2 12 9 2 0 0 0 0 0 0 0 4314 1347 6 38 37 17 0 1 0 2 0 0 0
1316 523 2 12 10 2 0 0 0 1 0 0 0 4321 1352 6 38 37 18 0 1 0 2 0 0 0
1319 531 2 14 10 2 0 0 0 1 0 0 0 4400 1376 6 40 37 18 1 1 0 2 0 0 0
1697 608 2 16 13 3 0 0 0 1 0 0 0 4403 1393 6 41 39 18 1 1 0 2 0 0 0
2000 748 2 18 14 4 0 0 0 1 0 0 0 5189 1505 6 41 43 19 1 1 0 3 0 1 0
2155 774 2 18 15 4 0 0 0 1 0 0 0 5194 1511 6 44 46 19 1 1 0 3 0 1 0
2234 797 2 20 16 5 0 0 0 1 0 0 0 5290 1558 6 48 46 21 1 1 0 3 0 1 0
2586 888 2 20 19 6 0 0 0 1 0 0 0 6129 1943 6 49 58 26 1 1 0 3 0 1 0
2684 911 2 22 20 6 0 0 0 1 0 0 0 6166 1956 6 49 62 26 1 1 0 4 0 1 0
2968 973 2 22 22 6 0 0 0 1 0 0 0 6780 2156 6 52 62 29 1 1 0 4 0 1 0
2971 1008 2 23 22 8 0 0 0 1 0 0 0 7079 2258 6 52 66 29 1 1 0 4 0 1 0
3065 1073 2 24 23 8 0 0 0 1 0 0 0 7089 2269 6 56 66 30 1 1 0 4 1 1 0
3492 1166 2 27 24 11 0 0 0 1 0 0 0 7435 2363 6 57 66 31 1 1 0 4 1 1 0
3735 1236 2 30 25 11 0 0 0 1 0 0 0 8043 2436 6 58 75 33 1 1 0 4 1 1 0
3795 1284 2 31 28 11 0 0 0 1 0 0 0 8625 2639 6 62 77 33 1 1 0 4 1 1 0
3897 1315 2 31 31 11 0 0 0 1 0 0 0 8761 2663 6 62 78 34 1 1 0 4 1 1 0
3906 1322 2 32 31 11 0 0 0 2 0 0 0 8801 2789 6 63 79 36 1 1 0 4 1 1 0
4190 1396 2 33 34 12 0 0 0 2 0 0 0 8854 2807 6 65 82 37 1 1 0 4 1 1 0
4196 1404 2 33 34 12 0 0 0 2 0 0 0 9276 2820 6 65 82 38 1 1 0 4 1 1 0
4352 1430 2 35 35 13 0 0 0 2 0 0 0 9279 2825 6 66 82 38 1 1 0 4 1 1 0
4443 1437 2 35 35 13 0 0 0 2 0 0 0 9304 2842 6 66 82 39 1 1 0 4 1 1 0
4480 1460 2 35 35 13 0 0 0 2 0 0 0 9582 2879 6 69 82 40 1 1 0 5 1 1 0
4736 1612 2 39 36 15 0 0 0 2 0 0 0 9586 2888 6 69 82 40 1 1 0 5 1 1 0
4740 1623 2 39 37 15 0 0 0 2 0 0 0 10176 3094 6 72 87 40 1 1 0 5 1 1 0
4752 1637 2 40 39 15 0 0 0 2 0 0 0 10399 3208 6 77 90 40 1 1 0 5 1 1 0
4787 1687 2 41 39 16 0 0 0 2 0 0 0 10655 3303 6 77 91 41 1 1 0 5 1 1 0
5332 1792 2 42 40 16 0 0 0 2 0 0 0 10661 3307 6 79 91 41 1 1 0 5 1 1 0
5417 1868 2 46 42 16 0 0 0 2 0 0 0 10692 3373 6 88 91 43 1 1 0 5 1 1 0
5536 1921 2 47 44 17 0 0 0 3 0 0 0 11065 3454 6 92 92 43 1 1 0 5 1 1 0
5582 1959 2 48 45 17 0 0 0 3 0 0 0 11080 3467 6 93 92 43 1 1 0 5 1 1 0
