# scores for worst/random/best/smart move selector strategies. 
# scores are 50% and 95% quantiles (based on 40 games) of: 
# game score, #destroyed, #unlocked, #stripes, #bombs, #zappers
37 33 0 0 0 0 0 0 0 0 0 0 0 226 98 1 3 2 0 0 0 0 0 0 0 0
70 48 0 0 0 0 0 0 0 0 0 0 0 357 145 2 3 3 0 0 0 0 0 0 0 0
152 82 0 1 0 0 0 0 0 0 0 0 0 898 341 2 9 5 2 0 0 0 0 0 0 0
179 102 0 1 1 0 0 0 0 0 0 0 0 946 376 3 9 7 2 0 0 0 0 0 0 0
206 108 0 2 1 0 0 0 0 0 0 0 0 1187 438 3 14 8 4 0 0 0 0 0 0 0
242 138 0 2 1 0 0 0 0 0 0 0 0 1216 459 3 14 8 4 0 0 0 0 0 0 0
300 168 0 2 2 0 0 0 0 0 0 0 0 1224 468 4 14 10 4 0 0 0 0 0 0 0
367 199 1 3 2 0 0 0 0 0 0 0 0 1448 506 4 14 11 4 0 0 0 0 0 0 0
489 235 1 3 3 0 0 0 0 0 0 0 0 1460 519 4 14 11 4 0 0 0 0 0 0 0
540 244 1 4 4 0 0 0 0 0 0 0 0 1632 587 4 15 13 4 0 0 0 0 0 0 0
643 275 1 5 4 0 0 0 0 0 0 0 0 1637 602 4 15 14 5 0 0 0 0 0 0 0
671 293 1 5 4 0 0 0 0 0 0 0 0 1653 611 5 16 14 5 0 0 0 0 0 0 0
733 330 1 6 5 1 0 0 0 0 0 0 0 2291 867 5 20 16 7 0 0 0 0 0 0 0
775 352 1 6 5 1 0 0 0 0 0 0 0 2533 901 5 20 20 8 0 0 0 0 0 0 0
781 355 1 6 5 1 0 0 0 0 0 0 0 2537 913 5 20 20 8 0 0 0 0 0 0 0
805 360 1 6 6 1 0 0 0 0 0 0 0 2663 978 5 21 21 8 0 0 0 0 0 0 0
989 412 1 6 7 1 0 0 0 0 0 0 0 2669 984 5 21 22 8 0 0 0 0 0 0 0
1087 454 1 7 7 1 0 0 0 0 0 0 0 2879 1033 5 22 22 8 0 0 0 0 0 0 0
1118 463 1 8 8 1 0 0 0 0 0 0 0 2885 1039 5 22 22 8 0 0 0 0 0 0 0
1220 520 1 12 8 1 0 0 0 0 0 0 0 2979 1095 5 25 23 8 0 0 0 0 0 0 0
1328 551 1 12 9 1 0 0 0 0 0 0 0 3085 1098 5 25 23 8 0 0 0 0 0 0 0
1456 586 1 12 12 2 0 0 0 0 0 0 0 3192 1109 5 25 25 9 0 0 0 0 0 0 0
1597 642 1 12 12 2 0 0 0 0 0 0 0 3226 1143 5 25 26 9 0 0 0 0 0 0 0
1611 645 2 13 12 2 0 0 0 0 0 0 0 3229 1146 5 25 26 12 0 0 0 0 0 0 0
1727 690 2 15 13 2 0 0 0 0 0 0 0 3235 1153 5 25 26 12 0 0 0 0 0 0 0
1877 723 2 17 14 4 0 0 0 0 0 0 0 3341 1188 5 25 27 12 0 0 0 0 0 0 0
2061 766 2 18 16 4 0 0 0 0 0 0 0 3379 1199 5 26 27 12 0 0 0 0 0 0 0
2106 789 2 19 16 4 0 0 0 0 0 0 0 3384 1205 5 26 27 12 0 0 0 0 0 0 0
2126 807 2 19 16 4 0 0 0 0 0 0 0 3410 1222 5 26 27 12 0 0 0 0 0 0 0
2180 825 2 20 17 4 0 0 0 0 0 0 0 3808 1345 5 29 30 13 0 0 0 0 0 0 0
2259 846 2 20 17 5 0 0 0 0 0 0 0 3982 1401 5 32 30 13 0 0 0 0 0 0 0
2278 853 2 20 18 5 0 0 0 0 0 0 0 4013 1409 5 32 31 13 0 0 0 0 0 0 0
2311 874 2 20 18 5 0 0 0 0 0 0 0 4043 1422 5 32 32 13 0 0 0 0 0 0 0
2314 901 2 20 18 5 0 0 0 0 0 0 0 4316 1516 5 33 34 14 0 0 0 0 0 0 0
2318 904 2 21 18 5 0 0 0 0 0 0 0 4324 1524 5 33 34 14 0 0 0 0 0 0 0
2605 963 2 21 19 5 0 0 0 0 0 0 0 4330 1531 5 33 34 14 0 0 0 0 0 0 0
2657 1009 2 21 20 5 0 0 0 0 0 0 0 4333 1534 5 33 34 14 0 0 0 0 0 0 0
2660 1012 2 21 20 5 0 0 0 0 0 0 0 4343 1543 5 34 34 14 0 0 0 0 0 0 0
2664 1019 2 21 20 5 0 0 0 0 0 0 0 4418 1582 5 35 34 14 0 0 0 0 0 0 0
2679 1022 2 23 21 5 0 0 0 0 0 0 0 4429 1592 5 37 34 15 0 0 0 0 0 0 0
2686 1028 2 23 21 5 0 0 0 0 0 0 0 4451 1598 5 37 34 15 0 0 0 0 0 0 0
