# scores for worst/random/best/smart move selector strategies. 
# scores are 50% and 95% quantiles (based on 40 games) of: 
# game score, #destroyed, #unlocked, #stripes, #bombs, #zappers
3 3 0 0 0 0 0 0 0 0 0 0 0 12 12 0 0 0 0 0 0 0 0 0 0 0
7 7 0 0 0 0 0 0 0 0 0 0 0 40 21 0 0 0 0 0 0 0 0 0 0 0
12 12 0 0 0 0 0 0 0 0 0 0 0 66 25 0 0 0 0 0 0 0 0 0 0 0
16 16 0 0 0 0 0 0 0 0 0 0 0 69 34 0 1 0 0 0 0 0 0 0 0 0
22 21 0 0 0 0 0 0 0 0 0 0 0 87 41 0 1 0 0 0 0 0 0 0 0 0
29 29 0 0 0 0 0 0 0 0 0 0 0 90 49 0 1 0 0 0 0 0 0 0 0 0
36 33 0 0 0 0 0 0 0 0 0 0 0 150 80 2 1 0 1 0 0 0 1 0 0 0
48 40 0 0 0 0 0 0 0 0 0 0 0 161 91 2 1 1 1 0 0 0 1 0 0 0
66 47 0 0 0 0 0 0 0 0 0 0 0 164 94 2 2 1 1 0 0 0 1 0 0 0
80 51 0 0 0 0 0 0 0 0 0 0 0 206 105 2 2 1 1 0 0 0 1 0 0 0
86 57 0 0 0 0 0 0 0 0 0 0 0 215 112 2 2 1 1 0 0 0 1 0 0 0
107 66 0 0 0 0 0 0 0 0 0 0 0 218 130 3 3 1 1 0 0 0 1 0 0 0
111 76 0 1 0 0 0 0 0 0 0 0 0 247 141 3 3 1 1 0 0 0 1 0 0 0
128 84 0 1 0 0 0 0 0 0 0 0 0 268 150 3 4 1 1 1 0 0 1 0 0 0
134 89 0 1 0 0 0 0 0 0 0 0 0 295 153 3 4 1 1 1 0 0 1 0 0 0
139 95 0 1 0 0 0 0 0 0 0 0 0 307 161 4 4 1 1 1 0 0 1 0 0 0
145 98 0 1 0 0 0 0 0 0 0 0 0 324 172 4 4 1 1 1 0 0 1 0 0 0
159 106 0 1 0 0 0 0 0 0 0 0 0 374 183 4 4 2 1 1 0 0 1 0 0 0
171 114 0 2 0 0 0 0 0 0 0 0 0 428 199 5 4 2 1 1 0 0 1 0 0 0
185 128 0 2 0 0 0 0 0 0 0 0 0 433 208 5 4 2 1 1 0 0 1 0 0 0
191 135 0 2 0 0 0 0 0 0 0 0 0 436 212 5 4 3 1 1 0 0 1 0 0 0
206 138 0 2 0 0 0 0 0 0 0 0 0 456 227 5 4 3 1 1 0 0 1 0 0 0
224 150 0 2 0 0 0 0 0 0 0 0 0 494 234 5 5 3 1 1 0 0 1 0 0 0
247 156 1 2 1 0 0 0 0 0 0 0 0 532 266 5 6 3 1 1 0 0 1 0 0 0
252 160 1 2 1 0 0 0 0 0 0 0 0 536 270 5 6 3 1 1 0 0 1 0 0 0
277 166 1 3 1 0 0 0 0 0 0 0 0 540 273 5 6 3 1 1 0 0 1 0 0 0
306 183 1 3 1 0 0 0 0 0 0 0 0 574 293 5 6 3 2 1 0 0 1 0 0 0
330 191 1 3 1 0 0 0 0 0 0 0 0 579 310 6 6 3 2 1 1 0 1 0 0 0
356 199 1 3 1 0 0 0 0 0 0 0 0 624 323 6 6 3 2 1 1 0 1 0 0 0
369 208 1 4 1 0 0 0 0 0 0 0 0 643 326 6 6 3 2 1 1 0 1 0 0 0
399 221 1 4 1 0 0 0 0 0 0 0 0 663 329 6 7 3 2 1 1 0 1 0 0 0
415 234 1 4 1 0 0 0 0 0 0 0 0 676 334 6 7 4 2 1 1 0 1 0 0 0
421 241 1 4 1 0 0 0 0 0 0 0 0 708 348 6 7 4 2 1 1 0 1 0 0 0
434 250 1 4 1 0 0 0 0 0 0 0 0 718 356 6 7 5 2 1 1 0 1 0 0 0
443 255 1 4 1 0 0 0 0 0 0 0 0 766 364 6 7 5 2 1 1 0 1 0 0 0
455 266 1 4 1 1 0 0 0 0 0 0 0 823 367 6 8 5 2 1 1 0 1 0 0 0
459 275 1 5 1 1 0 0 0 0 0 0 0 829 378 6 8 5 2 1 1 0 2 0 0 0
492 283 1 5 1 1 0 0 0 0 0 0 0 832 384 6 9 5 2 1 1 0 2 0 0 0
522 295 1 5 1 1 0 0 0 0 0 0 0 835 390 6 9 5 2 1 1 0 2 0 0 0
536 298 1 5 2 1 0 0 0 0 0 0 0 844 399 6 9 5 2 1 1 0 2 0 0 0
566 308 1 5 2 1 0 0 0 0 0 0 0 847 403 6 9 5 2 1 1 0 2 0 0 0
