# scores for worst/random/best/smart move selector strategies. 
# scores are 50% and 95% quantiles (based on 40 games) of: 
# game score, #destroyed, #unlocked, #stripes, #bombs, #zappers
3 3 0 0 0 0 0 0 0 0 0 0 0 12 12 0 0 0 0 0 0 0 0 0 0 0
6 6 0 0 0 0 0 0 0 0 0 0 0 15 15 0 0 0 0 0 0 0 0 0 0 0
12 12 0 0 0 0 0 0 0 0 0 0 0 18 18 0 0 0 0 0 0 0 0 0 0 0
15 15 0 0 0 0 0 0 0 0 0 0 0 29 27 0 0 0 0 0 0 0 0 0 0 0
19 19 0 0 0 0 0 0 0 0 0 0 0 58 36 0 1 0 0 0 0 0 0 0 0 0
24 24 0 0 0 0 0 0 0 0 0 0 0 65 43 0 1 0 0 0 0 0 0 0 0 0
27 27 0 0 0 0 0 0 0 0 0 0 0 68 47 0 1 0 0 0 0 0 0 0 0 0
30 30 0 0 0 0 0 0 0 0 0 0 0 71 50 0 1 0 0 0 0 0 0 0 0 0
35 34 0 0 0 0 0 0 0 0 0 0 0 89 58 1 1 0 0 0 0 0 0 0 0 0
44 42 0 0 0 0 0 0 0 0 0 0 0 101 69 1 1 0 0 0 0 0 0 0 0 0
49 46 0 0 0 0 0 0 0 0 0 0 0 114 78 1 1 0 0 0 0 0 0 0 0 0
57 50 0 0 0 0 0 0 0 0 0 0 0 122 81 2 1 0 0 0 0 0 0 0 0 0
63 56 0 0 0 0 0 0 0 0 0 0 0 176 107 3 2 1 0 0 0 0 0 0 0 0
68 62 0 0 0 0 0 0 0 0 0 0 0 189 112 3 2 1 0 0 0 0 0 0 0 0
75 66 0 0 0 0 0 0 0 0 0 0 0 208 121 3 2 1 0 0 0 0 0 0 0 0
83 73 0 0 0 0 0 0 0 0 0 0 0 234 135 3 3 1 0 0 0 0 0 0 0 0
92 76 0 0 0 0 0 0 0 0 0 0 0 239 139 3 3 1 0 0 0 0 0 0 0 0
95 83 0 0 0 0 0 0 0 0 0 0 0 253 153 3 3 1 0 0 0 0 0 0 0 0
104 87 0 0 0 0 0 0 0 0 0 0 0 256 156 3 3 1 0 0 0 0 0 0 0 0
121 94 0 0 0 0 0 0 0 0 0 0 0 259 172 3 3 1 0 0 0 0 0 0 0 0
124 100 0 0 0 0 0 0 0 0 0 0 0 267 180 3 3 1 0 0 0 0 0 0 0 0
132 106 0 1 0 0 0 0 0 0 0 0 0 305 187 3 3 1 0 0 0 0 0 0 0 0
141 110 0 1 0 0 0 0 0 0 0 0 0 310 191 3 3 1 0 0 0 0 0 0 0 0
146 114 0 1 0 0 0 0 0 0 0 0 0 315 196 3 3 2 0 0 0 0 0 0 0 0
155 123 0 1 0 0 0 0 0 0 0 0 0 324 199 3 3 2 0 0 0 0 0 0 0 0
165 131 0 1 0 0 0 0 0 0 0 0 0 327 209 3 3 2 0 0 0 0 0 0 0 0
174 140 0 1 0 0 0 0 0 0 0 0 0 331 214 3 3 2 0 0 0 0 0 0 0 0
178 148 0 1 0 0 0 0 0 0 0 0 0 370 223 3 3 2 0 0 0 0 0 0 0 0
183 153 0 1 0 0 0 0 0 0 0 0 0 373 235 3 3 2 0 0 0 0 0 0 0 0
191 157 0 1 0 0 0 0 0 0 0 0 0 376 247 3 4 2 0 0 0 0 0 0 0 0
194 164 0 1 0 0 0 0 0 0 0 0 0 381 250 3 4 2 0 0 0 0 0 0 0 0
199 169 0 1 0 0 0 0 0 0 0 0 0 458 295 4 4 2 0 0 0 0 0 0 0 0
208 176 0 1 0 0 0 0 0 0 0 0 0 465 298 4 4 2 0 0 0 0 0 0 0 0
217 181 0 1 0 0 0 0 0 0 0 0 0 470 301 4 4 2 0 0 0 0 0 0 0 0
222 186 0 1 0 0 0 0 0 0 0 0 0 484 306 4 5 2 0 0 0 0 0 0 0 0
233 193 0 1 0 0 0 0 0 0 0 0 0 487 312 4 5 2 0 0 0 0 0 0 0 0
240 197 0 1 0 0 0 0 0 0 0 0 0 497 317 4 5 2 0 0 0 0 0 0 0 0
248 206 0 1 0 0 0 0 0 0 0 0 0 503 323 4 5 2 0 0 0 0 0 0 0 0
254 212 0 1 0 0 0 0 0 0 0 0 0 506 326 4 5 2 0 0 0 0 0 0 0 0
257 215 1 1 0 0 0 0 0 0 0 0 0 515 331 4 5 3 0 0 0 0 0 0 0 0
263 221 1 1 0 0 0 0 0 0 0 0 0 519 335 4 6 3 0 0 0 0 0 0 0 0
