# scores for worst/random/best/smart move selector strategies. 
# scores are 50% and 95% quantiles (based on 40 games) of: 
# game score, #destroyed, #unlocked, #stripes, #bombs, #zappers
0 0 0 0 0 0 0 0 0 0 0 0 0 10 8 0 0 0 0 0 0 0 0 0 0 0
6 6 0 0 0 0 0 0 0 0 0 0 0 15 15 0 0 0 0 0 0 0 0 0 0 0
9 9 0 0 0 0 0 0 0 0 0 0 0 36 18 1 0 0 0 0 0 0 0 0 0 0
15 15 0 0 0 0 0 0 0 0 0 0 0 39 21 1 0 0 0 0 0 0 0 0 0 0
18 18 0 0 0 0 0 0 0 0 0 0 0 56 26 1 1 0 0 0 0 0 0 0 0 0
22 22 0 0 0 0 0 0 0 0 0 0 0 70 36 1 1 0 0 0 0 0 0 0 0 0
27 27 0 0 0 0 0 0 0 0 0 0 0 75 42 2 1 0 0 0 0 0 0 0 0 0
32 31 0 0 0 0 0 0 0 0 0 0 0 78 45 2 1 0 0 0 0 0 0 0 0 0
36 36 0 0 0 0 0 0 0 0 0 0 0 82 48 2 1 0 0 0 0 0 0 0 0 0
41 40 0 0 0 0 0 0 0 0 0 0 0 96 52 2 1 0 0 0 0 0 0 0 0 0
46 44 0 0 0 0 0 0 0 0 0 0 0 100 56 2 1 0 0 0 0 0 0 0 0 0
51 49 0 0 0 0 0 0 0 0 0 0 0 103 61 2 1 0 0 0 0 0 0 0 0 0
55 54 0 0 0 0 0 0 0 0 0 0 0 112 64 2 2 0 0 0 0 0 0 0 0 0
60 58 0 0 0 0 0 0 0 0 0 0 0 115 73 2 2 0 0 0 0 0 0 0 0 0
65 63 0 0 0 0 0 0 0 0 0 0 0 118 79 2 2 0 0 0 0 0 0 0 0 0
69 67 0 0 0 0 0 0 0 0 0 0 0 124 84 2 2 0 0 0 0 0 0 0 0 0
76 72 0 0 0 0 0 0 0 0 0 0 0 137 90 2 2 0 0 0 0 0 0 0 0 0
83 75 0 0 0 0 0 0 0 0 0 0 0 142 96 2 2 0 0 0 0 0 0 0 0 0
87 81 0 0 0 0 0 0 0 0 0 0 0 155 101 2 2 0 0 0 0 0 0 0 0 0
101 84 0 0 0 0 0 0 0 0 0 0 0 158 104 2 2 1 0 0 0 0 0 0 0 0
106 89 0 0 0 0 0 0 0 0 0 0 0 184 112 2 3 1 0 0 0 0 0 0 0 0
110 93 0 0 0 0 0 0 0 0 0 0 0 191 115 2 3 1 0 0 0 0 0 0 0 0
122 98 0 1 0 0 0 0 0 0 0 0 0 196 118 2 3 1 0 0 0 0 0 0 0 0
138 105 0 1 0 0 0 0 0 0 0 0 0 201 122 2 3 1 1 0 0 0 1 0 0 0
146 110 0 1 0 0 0 0 0 0 0 0 0 211 131 3 3 1 1 0 0 0 1 0 0 0
156 116 0 1 0 0 0 0 0 0 0 0 0 214 134 4 3 1 1 0 0 0 1 0 0 0
159 119 0 1 0 0 0 0 0 0 0 0 0 223 140 5 3 1 1 1 0 0 1 0 0 0
162 124 0 1 0 0 0 0 0 0 0 0 0 241 147 5 3 1 1 1 0 0 1 0 0 0
169 129 0 1 0 0 0 0 0 0 0 0 0 245 151 5 3 1 1 1 0 0 1 0 0 0
176 135 0 1 0 0 0 0 0 0 0 0 0 258 155 6 4 1 1 1 0 0 1 0 0 0
186 141 0 1 0 0 0 0 0 0 0 0 0 271 158 6 4 1 1 1 0 0 1 0 0 0
193 149 0 1 0 0 0 0 0 0 0 0 0 276 165 6 4 1 1 1 0 0 1 0 0 0
199 153 1 2 0 0 0 0 0 0 0 0 0 285 170 6 4 1 1 1 0 0 1 0 0 0
205 157 1 2 0 0 0 0 0 0 0 0 0 291 174 6 4 1 1 1 0 0 1 0 0 0
210 161 1 2 0 0 0 0 0 0 0 0 0 314 178 6 4 1 1 1 0 0 1 0 0 0
221 164 1 2 0 0 0 0 0 0 0 0 0 326 182 6 4 1 1 1 0 0 1 0 0 0
237 171 2 2 0 0 0 0 0 0 0 0 0 331 192 6 4 1 1 1 0 0 1 0 0 0
245 175 2 2 0 0 0 0 0 0 0 0 0 394 210 6 6 1 1 1 0 0 1 0 0 0
255 180 2 2 0 0 0 0 0 0 0 0 0 402 215 6 7 1 1 1 0 0 1 0 0 0
261 184 2 2 0 0 0 0 0 0 0 0 0 407 218 6 7 1 1 1 0 0 1 0 0 0
266 187 2 2 0 0 0 0 0 0 0 0 0 415 225 6 7 1 1 1 0 0 1 0 0 0
