# scores for worst/random/best/smart move selector strategies. 
# scores are 50% and 95% quantiles (based on 40 games) of: 
# game score, #destroyed, #unlocked, #stripes, #bombs, #zappers
0 0 0 0 0 0 0 0 0 0 0 0 0 10 8 0 0 0 0 0 0 0 0 0 0 0
6 6 0 0 0 0 0 0 0 0 0 0 0 14 14 0 0 0 0 0 0 0 0 0 0 0
9 9 0 0 0 0 0 0 0 0 0 0 0 36 18 1 0 0 0 0 0 0 0 0 0 0
13 13 0 0 0 0 0 0 0 0 0 0 0 40 23 1 0 0 0 0 0 0 0 0 0 0
18 18 0 0 0 0 0 0 0 0 0 0 0 55 26 2 1 0 0 0 0 0 0 0 0 0
21 21 0 0 0 0 0 0 0 0 0 0 0 60 30 2 1 0 0 0 0 0 0 0 0 0
25 25 0 0 0 0 0 0 0 0 0 0 0 65 36 2 1 0 0 0 0 0 0 0 0 0
30 30 0 0 0 0 0 0 0 0 0 0 0 69 43 2 1 0 0 0 0 0 0 0 0 0
34 34 0 0 0 0 0 0 0 0 0 0 0 77 48 2 1 0 0 0 0 0 0 0 0 0
39 38 0 0 0 0 0 0 0 0 0 0 0 81 58 2 1 0 0 0 0 0 0 0 0 0
45 43 0 0 0 0 0 0 0 0 0 0 0 85 61 2 1 0 0 0 0 0 0 0 0 0
50 46 0 0 0 0 0 0 0 0 0 0 0 91 66 2 1 0 0 0 0 0 0 0 0 0
56 50 0 0 0 0 0 0 0 0 0 0 0 97 69 2 1 0 0 0 0 0 0 0 0 0
61 56 0 0 0 0 0 0 0 0 0 0 0 106 79 2 1 1 0 0 0 0 0 0 0 0
66 61 0 0 0 0 0 0 0 0 0 0 0 111 82 2 1 1 0 0 0 0 0 0 0 0
74 67 0 0 0 0 0 0 0 0 0 0 0 114 86 2 1 1 0 0 0 0 0 0 0 0
78 72 0 0 0 0 0 0 0 0 0 0 0 125 91 3 1 1 0 0 0 0 0 0 0 0
81 77 0 0 0 0 0 0 0 0 0 0 0 147 99 3 1 1 0 0 0 0 0 0 0 0
87 81 0 0 0 0 0 0 0 0 0 0 0 150 102 3 2 1 0 0 0 0 0 0 0 0
97 86 0 0 0 0 0 0 0 0 0 0 0 160 105 3 2 1 0 0 0 0 0 0 0 0
102 89 0 0 0 0 0 0 0 0 0 0 0 163 109 3 2 1 0 0 0 0 0 0 0 0
109 94 0 0 0 0 0 0 0 0 0 0 0 173 112 3 2 1 0 0 0 0 0 0 0 0
115 99 0 0 0 0 0 0 0 0 0 0 0 179 117 3 3 1 0 0 0 0 0 0 0 0
120 105 0 0 0 0 0 0 0 0 0 0 0 204 127 3 3 1 0 0 0 0 0 0 0 0
124 108 0 0 0 0 0 0 0 0 0 0 0 208 131 3 3 1 0 0 0 0 0 0 0 0
127 112 0 0 0 0 0 0 0 0 0 0 0 256 138 3 3 1 0 0 0 0 0 0 0 0
130 118 0 0 0 0 0 0 0 0 0 0 0 261 141 4 3 1 0 0 0 0 0 0 0 0
133 121 0 0 0 0 0 0 0 0 0 0 0 265 150 4 3 1 0 0 0 0 0 0 0 0
146 125 0 0 0 0 0 0 0 0 0 0 0 268 155 4 3 1 0 0 0 0 0 0 0 0
159 133 0 1 0 0 0 0 0 0 0 0 0 271 158 4 3 1 0 0 0 0 0 0 0 0
162 136 0 1 0 0 0 0 0 0 0 0 0 277 162 4 3 1 1 0 0 0 1 0 0 0
165 140 0 1 0 0 0 0 0 0 0 0 0 294 170 4 3 1 1 0 0 0 1 0 0 0
170 143 0 1 0 0 0 0 0 0 0 0 0 297 173 4 3 1 1 0 0 0 1 0 0 0
178 148 0 1 0 0 0 0 0 0 0 0 0 302 179 4 3 1 1 1 0 0 1 0 0 0
182 152 0 1 0 0 0 0 0 0 0 0 0 305 182 4 3 1 1 1 0 0 1 0 0 0
186 156 0 1 0 0 0 0 0 0 0 0 0 310 185 4 3 1 1 1 0 0 1 0 0 0
195 159 0 1 0 0 0 0 0 0 0 0 0 313 188 4 3 1 1 1 0 0 1 0 0 0
198 163 0 1 0 0 0 0 0 0 0 0 0 316 197 4 3 1 1 1 0 0 1 0 0 0
207 168 0 1 0 0 0 0 0 0 0 0 0 321 203 4 3 1 1 1 0 0 1 0 0 0
210 171 0 1 0 0 0 0 0 0 0 0 0 329 207 5 3 1 1 1 0 0 1 0 0 0
216 176 0 1 0 0 0 0 0 0 0 0 0 334 210 5 3 1 1 1 0 0 1 0 0 0
