# scores for worst/random/best/smart move selector strategies. 
# scores are 50% and 95% quantiles (based on 40 games) of: 
# game score, #destroyed, #unlocked, #stripes, #bombs, #zappers
0 0 0 0 0 0 0 0 0 0 0 0 0 10 8 0 0 0 0 0 0 0 0 0 0 0
6 6 0 0 0 0 0 0 0 0 0 0 0 32 14 1 0 0 0 0 0 0 0 0 0 0
10 10 0 0 0 0 0 0 0 0 0 0 0 45 19 1 1 0 0 0 0 0 0 0 0 0
15 15 0 0 0 0 0 0 0 0 0 0 0 50 26 1 1 0 0 0 0 0 0 0 0 0
18 18 0 0 0 0 0 0 0 0 0 0 0 53 29 2 1 0 0 0 0 0 0 0 0 0
24 23 0 0 0 0 0 0 0 0 0 0 0 61 38 2 1 0 0 0 0 0 0 0 0 0
27 26 0 0 0 0 0 0 0 0 0 0 0 64 44 2 1 0 0 0 0 0 0 0 0 0
30 30 0 0 0 0 0 0 0 0 0 0 0 73 47 2 1 0 0 0 0 0 0 0 0 0
34 33 0 0 0 0 0 0 0 0 0 0 0 82 50 2 1 0 0 0 0 0 0 0 0 0
42 39 0 0 0 0 0 0 0 0 0 0 0 85 56 2 1 0 0 0 0 0 0 0 0 0
45 42 0 0 0 0 0 0 0 0 0 0 0 90 60 2 1 0 0 0 0 0 0 0 0 0
51 48 0 0 0 0 0 0 0 0 0 0 0 107 65 3 1 0 0 0 0 0 0 0 0 0
57 52 0 0 0 0 0 0 0 0 0 0 0 118 70 3 2 0 0 0 0 0 0 0 0 0
62 58 0 0 0 0 0 0 0 0 0 0 0 125 73 3 2 0 0 0 0 0 0 0 0 0
72 63 0 0 0 0 0 0 0 0 0 0 0 131 84 3 2 1 0 0 0 0 0 0 0 0
75 67 0 0 0 0 0 0 0 0 0 0 0 157 95 3 2 1 0 0 0 0 0 0 0 0
87 71 0 0 0 0 0 0 0 0 0 0 0 197 105 4 3 1 0 0 0 0 0 0 0 0
97 79 0 0 0 0 0 0 0 0 0 0 0 209 110 4 3 1 1 0 0 0 0 0 0 0
104 84 0 1 0 0 0 0 0 0 0 0 0 221 113 6 3 1 1 0 0 0 0 0 0 0
123 89 0 1 0 0 0 0 0 0 0 0 0 240 119 6 4 1 1 1 0 0 1 0 0 0
128 94 0 1 0 0 0 0 0 0 0 0 0 246 125 6 4 1 1 1 0 0 1 0 0 0
135 99 0 1 0 0 0 0 0 0 0 0 0 274 148 6 4 1 1 1 0 0 1 0 0 0
156 105 0 2 0 0 0 0 0 0 0 0 0 325 160 6 5 1 1 1 0 0 1 0 0 0
161 109 0 2 0 0 0 0 0 0 0 0 0 339 177 6 5 1 1 1 0 0 1 0 0 0
173 115 1 2 0 0 0 0 0 0 0 0 0 347 184 7 5 1 1 1 0 0 1 0 0 0
176 118 2 2 0 0 0 0 0 0 0 0 0 360 189 7 5 1 1 1 0 0 1 0 0 0
180 122 2 2 0 0 0 0 0 0 0 0 0 392 194 7 5 1 1 1 0 0 1 0 0 0
200 128 2 2 0 0 0 0 0 0 0 0 0 397 201 7 5 1 1 1 0 0 1 0 0 0
210 135 2 2 0 0 0 0 0 0 0 0 0 404 208 7 6 1 1 1 0 0 1 0 0 0
221 143 2 2 0 0 0 0 0 0 0 0 0 411 215 7 6 2 1 1 0 0 1 0 0 0
234 147 2 2 0 0 0 0 0 0 0 0 0 437 227 7 6 2 1 1 0 0 1 0 0 0
246 155 2 3 0 0 0 0 0 0 0 0 0 441 233 8 6 2 1 1 1 0 1 0 0 0
273 160 3 3 0 0 0 0 0 0 0 0 0 445 236 11 6 2 1 1 1 0 1 0 0 0
276 166 3 3 0 0 0 0 0 0 0 0 0 475 242 11 6 2 1 1 1 0 1 0 0 0
299 173 3 3 0 0 0 0 0 0 0 0 0 479 246 13 6 2 1 1 1 0 1 0 0 0
314 183 4 3 0 0 0 0 0 0 0 0 0 484 260 15 8 2 1 1 1 0 1 0 0 0
322 189 4 4 0 0 0 0 0 0 0 0 0 501 264 15 8 2 1 1 1 0 1 0 0 0
327 196 4 4 0 0 0 0 0 0 0 0 0 530 274 15 9 2 1 1 1 0 1 0 0 0
332 202 4 4 0 0 0 0 0 0 0 0 0 598 279 15 9 2 1 1 1 0 1 0 0 0
340 208 4 4 0 0 0 0 0 0 0 0 0 608 287 15 9 2 2 1 1 0 1 0 0 0
376 215 4 5 0 0 0 0 0 0 0 0 0 630 292 15 9 2 2 1 1 0 1 0 0 0
