# scores for worst/random/best/smart move selector strategies. 
# scores are 50% and 95% quantiles (based on 40 games) of: 
# game score, #destroyed, #unlocked, #stripes, #bombs, #zappers
0 0 0 0 0 0 0 0 0 0 0 0 0 10 8 0 0 0 0 0 0 0 0 0 0 0
6 6 0 0 0 0 0 0 0 0 0 0 0 14 14 0 0 0 0 0 0 0 0 0 0 0
9 9 0 0 0 0 0 0 0 0 0 0 0 35 17 1 0 0 0 0 0 0 0 0 0 0
12 12 0 0 0 0 0 0 0 0 0 0 0 44 26 1 0 0 0 0 0 0 0 0 0 0
15 15 0 0 0 0 0 0 0 0 0 0 0 47 29 1 0 0 0 0 0 0 0 0 0 0
19 19 0 0 0 0 0 0 0 0 0 0 0 51 33 1 0 0 0 0 0 0 0 0 0 0
24 24 0 0 0 0 0 0 0 0 0 0 0 54 36 1 0 0 0 0 0 0 0 0 0 0
27 27 0 0 0 0 0 0 0 0 0 0 0 75 42 2 0 0 0 0 0 0 0 0 0 0
31 31 0 0 0 0 0 0 0 0 0 0 0 80 50 2 0 0 0 0 0 0 0 0 0 0
36 36 0 0 0 0 0 0 0 0 0 0 0 92 56 2 0 0 0 0 0 0 0 0 0 0
39 39 0 0 0 0 0 0 0 0 0 0 0 97 61 2 0 0 0 0 0 0 0 0 0 0
45 45 0 0 0 0 0 0 0 0 0 0 0 101 65 2 0 0 0 0 0 0 0 0 0 0
48 48 0 0 0 0 0 0 0 0 0 0 0 104 68 2 1 0 0 0 0 0 0 0 0 0
51 51 0 0 0 0 0 0 0 0 0 0 0 107 71 2 1 0 0 0 0 0 0 0 0 0
56 56 0 0 0 0 0 0 0 0 0 0 0 112 78 2 1 0 0 0 0 0 0 0 0 0
61 60 0 0 0 0 0 0 0 0 0 0 0 118 84 2 1 0 0 0 0 0 0 0 0 0
68 65 0 0 0 0 0 0 0 0 0 0 0 127 94 2 1 0 0 0 0 0 0 0 0 0
71 68 0 0 0 0 0 0 0 0 0 0 0 140 100 2 1 0 0 0 0 0 0 0 0 0
75 74 0 0 0 0 0 0 0 0 0 0 0 143 103 2 1 0 0 0 0 0 0 0 0 0
78 78 0 0 0 0 0 0 0 0 0 0 0 149 107 2 1 0 0 0 0 0 0 0 0 0
81 81 0 0 0 0 0 0 0 0 0 0 0 152 111 2 1 0 0 0 0 0 0 0 0 0
87 86 0 0 0 0 0 0 0 0 0 0 0 158 116 2 1 0 0 0 0 0 0 0 0 0
91 90 0 0 0 0 0 0 0 0 0 0 0 168 124 2 1 0 0 0 0 0 0 0 0 0
95 93 0 0 0 0 0 0 0 0 0 0 0 171 127 2 1 0 0 0 0 0 0 0 0 0
100 98 0 0 0 0 0 0 0 0 0 0 0 191 136 2 1 0 0 0 0 0 0 0 0 0
106 102 0 0 0 0 0 0 0 0 0 0 0 194 139 2 1 0 0 0 0 0 0 0 0 0
112 107 0 0 0 0 0 0 0 0 0 0 0 198 142 2 1 0 0 0 0 0 0 0 0 0
115 110 0 0 0 0 0 0 0 0 0 0 0 203 146 2 1 0 0 0 0 0 0 0 0 0
118 115 0 0 0 0 0 0 0 0 0 0 0 206 149 2 2 1 0 0 0 0 0 0 0 0
123 120 0 0 0 0 0 0 0 0 0 0 0 210 154 2 2 1 0 0 0 0 0 0 0 0
133 123 0 0 0 0 0 0 0 0 0 0 0 213 157 2 2 1 0 0 0 0 0 0 0 0
138 126 0 0 0 0 0 0 0 0 0 0 0 219 161 2 2 1 0 0 0 0 0 0 0 0
143 130 0 0 0 0 0 0 0 0 0 0 0 222 164 2 2 1 0 0 0 0 0 0 0 0
149 137 0 0 0 0 0 0 0 0 0 0 0 225 169 2 2 1 0 0 0 0 0 0 0 0
152 144 0 0 0 0 0 0 0 0 0 0 0 228 175 2 2 1 0 0 0 0 0 0 0 0
155 150 0 0 0 0 0 0 0 0 0 0 0 231 180 2 2 1 0 0 0 0 0 0 0 0
161 154 0 0 0 0 0 0 0 0 0 0 0 234 185 2 2 1 0 0 0 0 0 0 0 0
164 157 0 0 0 0 0 0 0 0 0 0 0 241 191 2 2 1 0 0 0 0 0 0 0 0
168 161 0 0 0 0 0 0 0 0 0 0 0 244 196 3 2 1 0 0 0 0 0 0 0 0
174 165 0 0 0 0 0 0 0 0 0 0 0 247 201 3 2 1 0 0 0 0 0 0 0 0
178 168 0 0 0 0 0 0 0 0 0 0 0 250 207 3 2 1 0 0 0 0 0 0 0 0
