# scores for worst/random/best/smart move selector strategies. 
# scores are 50% and 95% quantiles (based on 40 games) of: 
# game score, #destroyed, #unlocked, #stripes, #bombs, #zappers
1 1 0 0 0 0 0 0 0 0 0 0 0 6 6 0 0 0 0 0 0 0 0 0 0 0
6 6 0 0 0 0 0 0 0 0 0 0 0 15 15 0 0 0 0 0 0 0 0 0 0 0
12 12 0 0 0 0 0 0 0 0 0 0 0 36 18 0 0 0 0 0 0 0 0 0 0 0
15 15 0 0 0 0 0 0 0 0 0 0 0 40 23 0 0 0 0 0 0 0 0 0 0 0
20 20 0 0 0 0 0 0 0 0 0 0 0 45 30 0 0 0 0 0 0 0 0 0 0 0
24 24 0 0 0 0 0 0 0 0 0 0 0 59 36 0 1 0 0 0 0 0 0 0 0 0
27 27 0 0 0 0 0 0 0 0 0 0 0 65 43 0 1 0 0 0 0 0 0 0 0 0
31 31 0 0 0 0 0 0 0 0 0 0 0 68 46 0 1 0 0 0 0 0 0 0 0 0
36 36 0 0 0 0 0 0 0 0 0 0 0 88 54 0 1 0 1 0 0 0 1 0 0 0
42 40 0 0 0 0 0 0 0 0 0 0 0 113 60 1 1 0 1 0 0 0 1 0 0 0
48 46 0 0 0 0 0 0 0 0 0 0 0 132 64 1 1 0 1 0 0 0 1 0 0 0
52 50 0 0 0 0 0 0 0 0 0 0 0 156 70 2 2 0 1 0 0 0 1 0 0 0
59 55 0 0 0 0 0 0 0 0 0 0 0 173 80 3 2 0 1 0 0 0 1 0 0 0
69 59 0 0 0 0 0 0 0 0 0 0 0 180 86 4 2 0 1 0 0 0 1 0 0 0
79 63 0 0 0 0 0 0 0 0 0 0 0 190 94 4 2 0 1 0 0 0 1 0 0 0
84 66 0 0 0 0 0 0 0 0 0 0 0 196 101 4 3 0 1 1 0 0 1 0 0 0
96 72 0 1 0 0 0 0 0 0 0 0 0 205 111 4 3 0 1 1 0 0 1 0 0 0
102 75 0 1 0 0 0 0 0 0 0 0 0 208 116 4 3 0 1 1 0 0 1 0 0 0
107 81 0 1 0 0 0 0 0 0 0 0 0 212 120 5 3 0 1 1 0 0 1 0 0 0
110 84 0 1 0 0 0 0 0 0 0 0 0 234 125 5 3 1 1 1 0 0 1 0 0 0
119 90 0 1 0 0 0 0 0 0 0 0 0 237 129 5 3 1 1 1 0 0 1 0 0 0
128 94 0 1 0 0 0 0 0 0 0 0 0 241 134 5 4 1 1 1 0 0 1 0 0 0
135 99 0 1 0 0 0 0 0 0 0 0 0 244 137 5 4 1 1 1 0 0 1 0 0 0
138 104 1 1 0 0 0 0 0 0 0 0 0 264 141 7 5 1 1 1 0 0 1 0 0 0
146 107 2 1 0 0 0 0 0 0 0 0 0 279 146 7 5 1 1 1 0 0 1 0 0 0
160 113 2 1 0 0 0 0 0 0 0 0 0 283 151 7 5 1 1 1 0 0 1 0 0 0
179 122 2 1 0 0 0 0 0 0 0 0 0 380 154 8 6 1 1 1 0 0 1 0 0 0
188 126 2 1 0 0 0 0 0 0 0 0 0 399 165 8 6 1 1 1 0 0 1 0 0 0
194 131 2 2 0 0 0 0 0 0 0 0 0 416 169 8 6 1 1 1 0 0 1 0 0 0
198 135 2 2 0 0 0 0 0 0 0 0 0 463 179 8 6 1 1 1 0 0 1 0 0 0
207 139 2 2 0 0 0 0 0 0 0 0 0 494 183 8 6 1 1 1 0 0 1 0 0 0
214 142 3 2 0 0 0 0 0 0 0 0 0 500 195 8 7 1 1 1 0 0 1 0 0 0
217 147 3 2 0 0 0 0 0 0 0 0 0 506 203 9 7 1 1 1 0 0 1 0 0 0
229 151 3 2 0 0 0 0 0 0 0 0 0 510 209 9 7 1 1 1 0 0 1 0 0 0
254 158 3 2 0 0 0 0 0 0 0 0 0 558 218 9 8 1 1 2 0 0 1 0 0 0
259 163 3 2 0 0 0 0 0 0 0 0 0 561 221 9 8 1 1 2 0 0 1 0 0 0
263 168 3 2 0 0 0 0 0 0 0 0 0 621 233 9 8 1 1 2 0 0 1 0 0 0
267 172 3 2 0 0 0 0 0 0 0 0 0 629 242 9 8 1 1 2 0 0 1 0 0 0
277 176 3 2 0 0 0 0 0 0 0 0 0 637 249 9 8 1 1 2 0 0 1 0 0 0
285 181 3 3 0 0 0 0 0 0 0 0 0 641 251 9 8 1 1 2 0 0 1 0 0 0
288 186 3 3 0 0 0 0 0 0 0 0 0 657 257 9 8 1 1 2 0 0 1 0 0 0
