# scores for worst/random/best/smart move selector strategies. 
# scores are 50% and 95% quantiles (based on 40 games) of: 
# game score, #destroyed, #unlocked, #stripes, #bombs, #zappers
1 1 0 0 0 0 0 0 0 0 0 0 0 6 6 0 0 0 0 0 0 0 0 0 0 0
6 6 0 0 0 0 0 0 0 0 0 0 0 15 15 0 0 0 0 0 0 0 0 0 0 0
9 9 0 0 0 0 0 0 0 0 0 0 0 18 18 0 0 0 0 0 0 0 0 0 0 0
15 15 0 0 0 0 0 0 0 0 0 0 0 27 27 0 0 0 0 0 0 0 0 0 0 0
18 18 0 0 0 0 0 0 0 0 0 0 0 30 30 0 0 0 0 0 0 0 0 0 0 0
24 24 0 0 0 0 0 0 0 0 0 0 0 35 35 0 0 0 0 0 0 0 0 0 0 0
27 27 0 0 0 0 0 0 0 0 0 0 0 42 42 0 0 0 0 0 0 0 0 0 0 0
32 32 0 0 0 0 0 0 0 0 0 0 0 52 45 0 0 0 0 0 0 0 0 0 0 0
36 36 0 0 0 0 0 0 0 0 0 0 0 56 49 0 0 0 0 0 0 0 0 0 0 0
40 40 0 0 0 0 0 0 0 0 0 0 0 78 54 1 1 0 0 0 0 0 0 0 0 0
46 45 0 0 0 0 0 0 0 0 0 0 0 84 58 1 1 0 0 0 0 0 0 0 0 0
51 49 0 0 0 0 0 0 0 0 0 0 0 91 63 2 1 0 0 0 0 0 0 0 0 0
54 54 0 0 0 0 0 0 0 0 0 0 0 96 67 2 1 0 0 0 0 0 0 0 0 0
57 57 0 0 0 0 0 0 0 0 0 0 0 99 72 2 1 0 0 0 0 0 0 0 0 0
60 60 0 0 0 0 0 0 0 0 0 0 0 110 77 2 1 0 0 0 0 0 0 0 0 0
63 63 0 0 0 0 0 0 0 0 0 0 0 113 80 2 1 0 0 0 0 0 0 0 0 0
69 68 0 0 0 0 0 0 0 0 0 0 0 136 85 2 1 1 0 0 0 0 0 0 0 0
72 72 0 0 0 0 0 0 0 0 0 0 0 153 88 2 2 1 0 0 0 0 0 0 0 0
76 76 0 0 0 0 0 0 0 0 0 0 0 156 92 2 2 1 0 0 0 0 0 0 0 0
81 79 0 0 0 0 0 0 0 0 0 0 0 170 100 3 2 1 0 0 0 0 0 0 0 0
89 82 0 0 0 0 0 0 0 0 0 0 0 190 104 3 2 1 0 0 0 0 0 0 0 0
97 88 0 0 0 0 0 0 0 0 0 0 0 198 112 3 2 1 0 0 0 0 0 0 0 0
103 92 0 0 0 0 0 0 0 0 0 0 0 200 116 3 2 1 0 0 0 0 0 0 0 0
108 98 0 0 0 0 0 0 0 0 0 0 0 201 117 3 2 1 0 0 0 0 0 0 0 0
113 103 0 0 0 0 0 0 0 0 0 0 0 218 123 3 2 1 0 0 0 0 0 0 0 0
117 107 0 0 0 0 0 0 0 0 0 0 0 221 127 3 2 1 0 0 0 0 0 0 0 0
125 110 0 0 0 0 0 0 0 0 0 0 0 224 132 3 2 1 0 0 0 0 0 0 0 0
130 113 0 0 0 0 0 0 0 0 0 0 0 227 135 3 2 1 0 0 0 0 0 0 0 0
134 116 0 0 0 0 0 0 0 0 0 0 0 230 139 3 2 1 0 0 0 0 0 0 0 0
137 119 0 0 0 0 0 0 0 0 0 0 0 245 142 4 2 1 0 0 0 0 0 0 0 0
144 126 0 0 0 0 0 0 0 0 0 0 0 248 145 4 2 1 0 0 0 0 0 0 0 0
147 129 0 0 0 0 0 0 0 0 0 0 0 252 148 4 2 1 0 0 0 0 0 0 0 0
150 132 0 0 0 0 0 0 0 0 0 0 0 258 158 4 2 1 0 0 0 0 0 0 0 0
159 137 0 1 0 0 0 0 0 0 0 0 0 261 162 4 2 1 0 0 0 0 0 0 0 0
164 142 0 1 0 0 0 0 0 0 0 0 0 264 166 4 3 1 0 0 0 0 0 0 0 0
167 145 0 1 0 0 0 0 0 0 0 0 0 267 169 4 3 1 0 0 0 0 0 0 0 0
176 148 0 1 0 0 0 0 0 0 0 0 0 270 172 4 3 1 0 0 0 0 0 0 0 0
183 152 0 1 0 0 0 0 0 0 0 0 0 271 177 4 3 1 0 0 0 0 0 0 0 0
188 156 0 1 0 0 0 0 0 0 0 0 0 274 180 4 3 1 0 0 0 0 0 0 0 0
194 160 0 1 0 0 0 0 0 0 0 0 0 275 188 4 3 1 0 0 0 0 0 0 0 0
197 163 0 1 0 0 0 0 0 0 0 0 0 280 193 4 3 1 0 0 0 0 0 0 0 0
