# scores for worst/random/best/smart move selector strategies. 
# scores are 50% and 95% quantiles (based on 40 games) of: 
# game score, #destroyed, #unlocked, #stripes, #bombs, #zappers
1 1 0 0 0 0 0 0 0 0 0 0 0 6 6 0 0 0 0 0 0 0 0 0 0 0
6 6 0 0 0 0 0 0 0 0 0 0 0 15 15 0 0 0 0 0 0 0 0 0 0 0
12 12 0 0 0 0 0 0 0 0 0 0 0 36 20 0 0 0 0 0 0 0 0 0 0 0
15 15 0 0 0 0 0 0 0 0 0 0 0 40 25 0 0 0 0 0 0 0 0 0 0 0
21 21 0 0 0 0 0 0 0 0 0 0 0 54 28 0 0 0 0 0 0 0 0 0 0 0
24 24 0 0 0 0 0 0 0 0 0 0 0 57 36 0 0 0 0 0 0 0 0 0 0 0
27 27 0 0 0 0 0 0 0 0 0 0 0 60 39 0 0 0 0 0 0 0 0 0 0 0
32 31 0 0 0 0 0 0 0 0 0 0 0 72 42 0 1 0 0 0 0 0 0 0 0 0
36 36 0 0 0 0 0 0 0 0 0 0 0 77 45 0 1 0 0 0 0 0 0 0 0 0
40 39 0 0 0 0 0 0 0 0 0 0 0 85 54 1 1 0 0 0 0 0 0 0 0 0
43 42 0 0 0 0 0 0 0 0 0 0 0 88 62 2 1 0 0 0 0 0 0 0 0 0
48 46 0 0 0 0 0 0 0 0 0 0 0 91 66 2 1 0 0 0 0 0 0 0 0 0
51 50 0 0 0 0 0 0 0 0 0 0 0 97 73 2 1 0 0 0 0 0 0 0 0 0
54 53 0 0 0 0 0 0 0 0 0 0 0 103 76 2 1 0 0 0 0 0 0 0 0 0
57 57 0 0 0 0 0 0 0 0 0 0 0 108 80 2 1 0 0 0 0 0 0 0 0 0
60 60 0 0 0 0 0 0 0 0 0 0 0 111 83 2 1 0 0 0 0 0 0 0 0 0
63 63 0 0 0 0 0 0 0 0 0 0 0 114 88 2 1 0 0 0 0 0 0 0 0 0
68 66 0 0 0 0 0 0 0 0 0 0 0 117 91 2 1 0 0 0 0 0 0 0 0 0
75 72 0 0 0 0 0 0 0 0 0 0 0 128 96 2 1 0 0 0 0 0 0 0 0 0
81 78 0 0 0 0 0 0 0 0 0 0 0 133 100 2 1 0 0 0 0 0 0 0 0 0
84 83 0 0 0 0 0 0 0 0 0 0 0 136 103 2 1 0 0 0 0 0 0 0 0 0
88 87 0 0 0 0 0 0 0 0 0 0 0 139 106 2 1 0 0 0 0 0 0 0 0 0
93 90 0 0 0 0 0 0 0 0 0 0 0 142 109 2 1 0 0 0 0 0 0 0 0 0
96 94 0 0 0 0 0 0 0 0 0 0 0 149 116 2 1 0 0 0 0 0 0 0 0 0
102 98 0 0 0 0 0 0 0 0 0 0 0 152 119 2 1 0 0 0 0 0 0 0 0 0
105 102 0 0 0 0 0 0 0 0 0 0 0 155 122 2 1 0 0 0 0 0 0 0 0 0
108 105 0 0 0 0 0 0 0 0 0 0 0 158 125 2 1 0 0 0 0 0 0 0 0 0
111 108 0 0 0 0 0 0 0 0 0 0 0 166 128 2 1 0 0 0 0 0 0 0 0 0
118 113 0 0 0 0 0 0 0 0 0 0 0 172 133 2 1 0 0 0 0 0 0 0 0 0
121 117 0 0 0 0 0 0 0 0 0 0 0 200 144 2 1 0 0 0 0 0 0 0 0 0
126 123 0 0 0 0 0 0 0 0 0 0 0 203 156 3 2 0 0 0 0 0 0 0 0 0
129 126 0 0 0 0 0 0 0 0 0 0 0 219 159 3 2 0 0 0 0 0 0 0 0 0
133 130 0 0 0 0 0 0 0 0 0 0 0 227 162 3 2 1 0 0 0 0 0 0 0 0
136 133 0 0 0 0 0 0 0 0 0 0 0 233 166 3 2 1 0 0 0 0 0 0 0 0
141 136 0 0 0 0 0 0 0 0 0 0 0 247 169 3 2 1 0 0 0 0 0 0 0 0
146 141 0 0 0 0 0 0 0 0 0 0 0 250 172 3 2 1 0 0 0 0 0 0 0 0
149 144 0 0 0 0 0 0 0 0 0 0 0 253 175 3 2 1 0 0 0 0 0 0 0 0
153 149 0 0 0 0 0 0 0 0 0 0 0 257 179 3 2 1 0 0 0 0 0 0 0 0
157 152 0 0 0 0 0 0 0 0 0 0 0 260 182 3 2 1 0 0 0 0 0 0 0 0
163 156 0 0 0 0 0 0 0 0 0 0 0 263 185 3 2 1 0 0 0 0 0 0 0 0
168 159 0 0 0 0 0 0 0 0 0 0 0 266 188 3 2 1 0 0 0 0 0 0 0 0
