# scores for worst/random/best/smart move selector strategies. 
# scores are 50% and 95% quantiles (based on 40 games) of: 
# game score, #destroyed, #unlocked, #stripes, #bombs, #zappers
3 3 0 0 0 0 0 0 0 0 0 0 0 11 11 0 0 0 0 0 0 0 0 0 0 0
6 6 0 0 0 0 0 0 0 0 0 0 0 15 15 0 0 0 0 0 0 0 0 0 0 0
10 10 0 0 0 0 0 0 0 0 0 0 0 47 23 0 0 0 0 0 0 0 0 0 0 0
14 14 0 0 0 0 0 0 0 0 0 0 0 53 29 0 0 0 0 0 0 0 0 0 0 0
19 19 0 0 0 0 0 0 0 0 0 0 0 74 34 0 0 0 0 0 0 0 0 0 0 0
22 22 0 0 0 0 0 0 0 0 0 0 0 80 39 1 0 0 0 0 0 0 0 0 0 0
27 27 0 0 0 0 0 0 0 0 0 0 0 91 44 1 1 0 0 0 0 0 0 0 0 0
35 32 0 0 0 0 0 0 0 0 0 0 0 94 47 1 1 0 0 0 0 0 0 0 0 0
41 36 0 0 0 0 0 0 0 0 0 0 0 109 56 2 2 1 0 0 0 0 0 0 0 0
46 42 0 0 0 0 0 0 0 0 0 0 0 126 59 2 2 1 0 0 0 0 0 0 0 0
53 51 0 0 0 0 0 0 0 0 0 0 0 156 68 3 2 1 0 0 0 0 0 0 0 0
62 54 0 0 0 0 0 0 0 0 0 0 0 159 71 3 2 1 0 0 0 0 0 0 0 0
82 57 0 1 0 0 0 0 0 0 0 0 0 185 78 3 2 1 0 0 0 0 0 0 0 0
89 63 0 1 0 0 0 0 0 0 0 0 0 188 84 3 2 1 0 0 0 0 0 0 0 0
106 70 0 1 0 0 0 0 0 0 0 0 0 195 95 4 3 1 0 0 1 0 0 0 0 0
121 74 0 1 0 0 0 0 0 0 0 0 0 198 98 5 3 1 0 1 1 0 0 0 0 0
127 80 0 1 0 0 0 0 0 0 0 0 0 220 105 5 3 1 1 1 1 0 1 0 0 0
133 84 1 2 0 0 0 0 0 0 0 0 0 240 111 5 3 1 1 1 1 0 1 0 0 0
137 88 1 2 0 0 0 0 0 0 0 0 0 252 116 5 4 1 1 1 1 0 1 0 0 0
142 92 1 2 0 0 0 0 0 0 0 0 0 256 120 5 4 1 1 1 1 0 1 0 0 0
146 97 1 2 0 0 0 0 0 0 0 0 0 259 124 5 4 1 1 1 1 0 1 0 0 0
150 100 1 2 0 0 0 0 0 0 0 0 0 267 133 5 4 1 1 1 1 0 1 0 0 0
162 105 1 2 0 0 0 0 0 0 0 0 0 281 137 5 5 1 1 1 1 0 1 0 0 0
187 109 1 2 0 0 0 0 0 0 0 0 0 333 151 5 5 1 1 1 1 0 1 0 0 0
194 113 1 2 0 0 0 0 0 0 0 0 0 351 159 5 5 1 1 1 1 0 1 0 0 0
199 116 1 2 0 0 0 0 0 0 0 0 0 392 170 5 5 1 1 1 1 0 1 0 0 0
207 123 1 2 0 0 0 0 0 0 0 0 0 395 173 5 5 1 1 1 1 0 1 0 0 0
215 126 1 2 0 0 0 0 0 0 0 0 0 400 181 5 5 1 1 1 1 0 1 0 0 0
219 134 1 3 0 0 0 0 0 0 0 0 0 406 188 5 5 1 1 1 1 0 1 0 0 0
243 141 1 3 0 0 0 0 0 0 0 0 0 411 193 5 6 1 1 1 1 0 1 0 0 0
262 145 1 3 0 0 0 0 0 0 0 0 0 414 200 5 6 1 1 1 1 0 1 0 0 0
278 152 1 4 0 0 0 0 0 0 0 0 0 440 206 6 6 1 1 2 1 0 1 0 0 0
291 160 1 4 0 0 0 0 0 0 0 0 0 446 209 6 7 2 1 2 1 0 1 0 0 0
296 166 1 4 0 0 0 0 0 0 0 0 0 450 212 6 7 2 1 2 1 0 1 0 0 0
306 174 1 4 0 0 0 0 0 0 0 0 0 454 218 6 7 2 1 2 1 0 1 0 0 0
316 181 1 4 0 0 0 0 0 0 0 0 0 461 222 6 7 2 1 2 1 0 1 0 0 0
321 185 1 4 0 0 1 0 0 0 0 0 0 465 226 6 7 2 1 2 1 0 1 0 0 0
325 191 1 5 0 0 1 0 0 0 0 0 0 474 229 6 7 2 1 2 1 0 1 0 0 0
333 194 1 5 0 0 1 0 0 0 0 0 0 478 233 6 7 2 1 2 1 0 1 0 0 0
342 200 1 5 0 0 1 0 0 0 0 0 0 500 237 6 7 2 1 2 1 0 1 0 0 0
355 203 1 5 0 0 1 0 0 0 0 0 0 505 244 6 7 2 1 2 1 0 1 0 0 0
