# scores for worst/random/best/smart move selector strategies. 
# scores are 50% and 95% quantiles (based on 40 games) of: 
# game score, #destroyed, #unlocked, #stripes, #bombs, #zappers
3 3 0 0 0 0 0 0 0 0 0 0 0 11 11 0 0 0 0 0 0 0 0 0 0 0
6 6 0 0 0 0 0 0 0 0 0 0 0 15 15 0 0 0 0 0 0 0 0 0 0 0
11 11 0 0 0 0 0 0 0 0 0 0 0 27 23 0 0 0 0 0 0 0 0 0 0 0
16 16 0 0 0 0 0 0 0 0 0 0 0 58 36 0 0 0 0 0 0 0 0 0 0 0
21 21 0 0 0 0 0 0 0 0 0 0 0 104 46 1 1 1 0 0 0 0 0 0 0 0
28 27 0 0 0 0 0 0 0 0 0 0 0 110 52 1 1 1 0 0 0 0 0 0 0 0
35 33 0 0 0 0 0 0 0 0 0 0 0 130 59 3 2 1 1 0 0 0 0 0 0 0
51 38 0 0 0 0 0 0 0 0 0 0 0 151 66 4 2 1 1 1 0 0 0 0 0 0
73 44 0 1 0 0 0 0 0 0 0 0 0 162 73 4 2 1 1 1 1 0 0 0 0 0
85 50 0 1 0 0 0 0 0 0 0 0 0 183 77 4 2 1 1 1 1 0 1 0 0 0
95 57 0 1 0 0 0 0 0 0 0 0 0 195 93 5 2 1 1 1 1 0 1 0 0 0
108 65 0 1 0 0 0 0 0 0 0 0 0 214 100 5 3 1 1 1 1 0 1 0 0 0
124 69 0 1 0 0 0 0 0 0 0 0 0 233 113 5 3 1 1 1 1 0 1 0 0 0
137 75 0 1 0 0 0 0 0 0 0 0 0 238 120 5 3 1 1 1 1 0 1 0 0 0
157 81 0 1 0 0 0 0 0 0 0 0 0 259 128 5 4 1 1 1 1 0 1 0 0 0
171 86 0 2 0 0 0 0 0 0 0 0 0 269 132 5 4 1 1 1 1 0 1 0 0 0
181 93 0 2 0 0 0 0 0 0 0 0 0 331 141 5 4 1 1 1 1 0 1 0 0 0
188 99 1 2 0 0 0 0 0 0 0 0 0 349 147 6 4 1 2 1 1 0 1 0 0 0
218 112 1 3 0 0 0 0 0 0 0 0 0 396 155 6 5 1 2 1 1 0 1 0 0 0
235 119 1 3 0 0 0 0 0 0 0 0 0 403 161 6 5 1 2 1 1 0 2 0 0 0
248 128 1 3 0 0 0 0 0 0 0 0 0 407 166 6 6 1 2 1 1 0 2 0 0 0
270 134 1 4 1 0 0 0 0 0 0 0 0 412 170 6 6 1 2 1 1 0 2 0 0 0
280 140 2 4 1 0 0 0 0 0 0 0 0 430 175 6 6 2 2 1 1 0 2 0 0 0
300 144 2 4 1 0 0 0 0 0 0 0 0 436 182 6 6 2 2 1 1 0 2 0 0 0
309 153 2 4 1 0 0 0 0 0 0 0 0 441 189 6 6 2 2 1 1 0 2 0 0 0
317 160 2 4 1 0 1 0 0 0 0 0 0 447 202 6 7 2 2 1 1 0 2 0 0 0
341 167 2 5 1 0 1 0 0 0 0 0 0 462 216 6 7 2 2 1 1 0 2 0 0 0
355 177 2 5 1 0 1 0 0 0 0 0 0 666 230 6 11 2 2 2 1 0 2 0 0 0
361 182 2 5 1 0 1 0 0 0 0 0 0 669 234 6 12 2 2 2 1 0 2 0 0 0
378 186 2 5 1 0 1 0 0 0 0 0 0 684 239 6 12 2 2 2 1 0 2 0 0 0
390 192 2 6 1 0 1 0 0 0 0 0 0 689 249 6 12 2 2 2 1 0 2 0 0 0
394 199 2 6 1 0 1 0 0 0 0 0 0 695 255 6 13 2 2 2 1 0 2 0 0 0
407 207 2 6 1 0 1 0 0 0 0 0 0 699 259 6 13 2 2 2 1 0 2 0 0 0
435 215 2 6 1 0 1 0 0 0 0 0 0 756 271 6 16 2 2 2 1 0 2 1 0 0
451 223 2 6 1 0 1 0 0 0 0 0 0 763 281 6 16 2 2 2 1 0 2 1 0 0
470 230 2 7 1 1 1 0 0 1 0 0 0 768 288 6 16 2 2 2 1 0 2 1 0 0
487 236 2 7 1 1 1 0 0 1 0 0 0 780 300 6 16 2 2 2 1 0 2 1 0 0
519 241 2 7 1 1 1 0 0 1 0 0 0 807 305 6 16 2 3 2 1 0 2 1 0 0
550 252 2 8 1 1 1 0 0 1 0 0 0 816 319 6 16 3 3 2 1 0 2 1 0 0
568 260 2 8 1 1 1 0 0 1 0 0 0 862 325 6 17 3 3 2 1 0 2 1 0 0
580 269 2 8 1 1 1 0 0 1 0 0 0 868 331 6 17 3 3 3 1 0 2 1 0 0
