# scores for worst/random/best/smart move selector strategies. 
# scores are 50% and 95% quantiles (based on 40 games) of: 
# game score, #destroyed, #unlocked, #stripes, #bombs, #zappers
7 7 0 0 0 0 0 0 0 0 0 0 0 75 43 0 1 0 0 0 0 0 0 0 0 0
24 21 0 0 0 0 0 0 0 0 0 0 0 248 113 4 2 2 0 0 0 0 0 0 0 0
86 45 0 1 0 0 0 0 0 0 0 0 0 604 242 7 5 5 1 1 0 0 1 0 0 0
164 72 2 2 0 0 0 0 0 0 0 0 0 1067 389 12 10 11 3 1 1 0 1 0 0 0
339 134 4 3 2 0 0 0 0 0 0 0 0 2026 574 14 26 19 7 1 1 0 1 1 0 0
705 225 6 7 4 1 0 0 0 0 0 0 0 2739 687 16 28 35 8 2 1 1 2 1 1 0
1005 320 6 9 7 2 0 0 0 1 0 0 0 3169 800 16 34 36 9 2 1 1 2 1 1 1
1435 415 7 13 10 3 0 0 0 1 0 0 0 3777 1017 16 43 40 13 2 1 1 3 1 1 1
1548 488 7 15 11 4 0 0 0 1 0 0 0 4476 1125 18 45 53 13 2 1 1 3 1 1 1
2078 574 8 23 12 5 1 0 0 2 0 0 0 5180 1355 18 54 55 14 2 1 1 3 2 1 1
2434 712 8 27 18 6 1 1 0 2 0 0 0 5260 1415 18 63 55 15 2 2 1 3 2 1 1
2742 819 9 31 22 7 1 1 0 2 1 0 0 5502 1480 18 65 55 16 2 2 1 3 2 1 1
3489 895 9 32 27 8 1 1 0 2 1 0 0 6376 1557 18 75 71 18 2 2 2 4 2 2 1
4101 1101 9 38 32 9 1 1 0 2 1 0 0 6510 1624 18 78 74 19 2 2 2 5 2 2 1
4266 1175 9 41 35 9 1 1 0 2 1 0 0 6619 1641 18 81 74 19 2 2 2 5 2 2 1
4725 1278 9 45 42 11 1 1 0 3 1 1 0 6759 1752 18 83 74 20 2 2 2 5 2 2 1
5106 1336 9 51 47 12 1 1 0 3 1 1 0 6977 1770 18 85 75 20 2 2 2 5 3 2 2
5379 1443 9 52 50 13 1 1 0 3 1 1 0 7513 1846 18 93 88 21 2 2 3 5 3 2 2
5739 1516 9 55 52 14 1 1 0 3 1 1 0 8264 2088 18 102 90 26 3 3 3 6 3 2 2
5779 1556 9 57 54 14 1 1 0 3 1 1 0 8940 2408 18 103 98 27 3 3 3 6 3 3 2
6031 1651 9 59 58 15 1 1 0 4 1 1 1 9658 2541 18 103 100 33 3 3 3 6 3 3 2
6653 1698 9 63 58 16 1 1 1 4 1 1 1 10567 2642 18 118 117 35 3 3 3 7 3 3 2
6751 1776 9 70 64 18 1 1 1 4 1 1 1 11398 2982 18 120 118 37 3 3 3 7 3 3 2
7147 1842 9 72 65 19 1 1 1 4 1 1 1 11761 3081 18 120 119 38 4 3 3 7 3 3 2
7772 1921 9 76 71 20 2 1 1 4 1 1 1 12277 3380 18 125 124 43 4 4 3 8 3 3 2
8069 2102 9 76 72 23 2 2 1 5 2 1 1 12471 3449 18 129 125 43 4 4 3 8 3 3 2
8421 2242 9 87 77 25 2 2 1 5 2 1 1 13383 3554 18 131 127 44 4 5 3 9 3 3 2
8932 2322 9 90 82 25 2 2 1 5 2 2 1 13597 3627 18 138 129 46 4 5 3 9 4 3 2
9282 2425 9 94 82 26 2 2 1 5 2 2 1 13762 3678 18 138 130 47 4 5 3 9 4 4 3
9510 2491 9 99 86 27 2 2 1 5 2 2 1 13951 3710 18 142 138 48 4 5 4 9 4 4 3
9745 2594 9 104 88 28 2 2 1 6 2 2 1 14258 3720 18 143 147 48 4 5 4 9 4 4 3
10203 2654 9 106 90 28 2 2 1 6 2 2 1 14589 3800 18 147 150 48 4 5 4 9 4 4 3
10254 2721 9 109 91 29 2 2 1 6 2 2 1 14762 3854 18 147 152 50 4 5 4 9 4 4 3
10539 2881 9 112 92 30 2 2 1 6 3 2 1 15503 3879 18 156 169 51 5 5 4 9 4 4 3
10743 2943 9 113 97 30 2 2 1 6 3 2 1 15790 3959 18 157 170 51 5 5 4 10 4 4 3
11531 3072 9 114 102 31 2 2 1 6 3 2 1 16390 4233 18 164 170 54 5 5 4 10 4 4 3
11616 3132 9 119 105 32 2 3 2 7 3 2 1 16918 4354 18 167 174 56 5 6 4 10 4 4 3
12065 3187 9 124 109 33 2 3 2 7 3 2 1 17307 4403 18 171 176 56 5 6 4 10 5 4 3
12605 3269 9 126 109 33 2 3 2 7 3 2 1 17342 4425 18 176 177 56 5 6 4 11 5 4 4
12874 3380 9 129 112 34 2 3 2 7 3 2 1 17712 4487 18 178 178 57 5 6 4 11 5 4 4
13340 3559 9 135 120 35 2 3 2 7 3 2 1 17812 4596 18 186 183 58 5 6 4 12 5 4 4
