# scores for worst/random/best/smart move selector strategies. 
# scores are 50% and 95% quantiles (based on 40 games) of: 
# game score, #destroyed, #unlocked, #stripes, #bombs, #zappers
7 7 0 0 0 0 0 0 0 0 0 0 0 75 43 0 1 0 0 0 0 0 0 0 0 0
14 14 0 0 0 0 0 0 0 0 0 0 0 80 48 1 1 1 0 0 0 0 0 0 0 0
25 25 0 0 0 0 0 0 0 0 0 0 0 105 63 2 1 1 0 0 0 0 0 0 0 0
35 33 0 0 0 0 0 0 0 0 0 0 0 201 79 3 2 2 0 0 0 0 0 0 0 0
47 41 0 0 0 0 0 0 0 0 0 0 0 275 126 4 3 3 0 0 0 0 0 0 0 0
75 54 0 0 0 0 0 0 0 0 0 0 0 367 168 6 3 3 0 0 0 0 0 0 0 0
99 69 0 1 0 0 0 0 0 0 0 0 0 417 183 6 4 3 0 0 0 0 0 0 0 0
110 79 0 1 0 0 0 0 0 0 0 0 0 657 240 6 5 6 0 0 0 0 0 0 0 0
122 84 2 1 0 0 0 0 0 0 0 0 0 663 255 6 5 6 0 0 0 0 0 0 0 0
142 96 2 2 1 0 0 0 0 0 0 0 0 722 266 8 7 7 1 0 0 0 0 0 0 0
205 114 2 2 1 0 0 0 0 0 0 0 0 748 288 8 7 7 1 0 0 0 0 0 0 0
220 126 3 2 1 0 0 0 0 0 0 0 0 771 305 8 8 7 1 0 0 0 0 0 0 0
239 131 3 2 1 0 0 0 0 0 0 0 0 823 355 8 8 7 1 0 0 0 0 0 0 0
259 152 3 2 1 0 0 0 0 0 0 0 0 872 366 8 10 7 2 0 0 0 0 0 0 0
310 180 3 3 2 0 0 0 0 0 0 0 0 1161 468 9 10 8 2 0 0 0 0 0 0 0
355 199 3 3 2 0 0 0 0 0 0 0 0 1346 545 9 12 9 3 0 0 0 0 0 0 0
392 216 3 3 3 0 0 0 0 0 0 0 0 1349 548 9 12 10 3 0 0 0 0 0 0 0
497 241 4 4 3 0 0 0 0 0 0 0 0 1575 612 9 17 11 3 0 0 0 0 0 0 0
542 259 4 4 3 0 0 0 0 0 0 0 0 1683 641 9 19 11 3 0 0 0 0 0 0 0
615 301 4 4 4 0 0 0 0 0 0 0 0 1858 729 9 19 13 4 0 0 0 0 0 0 0
729 348 4 5 5 0 0 0 0 0 0 0 0 2112 797 9 20 14 4 0 0 0 0 0 0 0
736 351 4 5 5 0 0 0 0 0 0 0 0 2126 812 9 20 14 4 0 0 0 0 0 0 0
753 364 4 6 6 0 0 0 0 0 0 0 0 2651 903 9 20 22 6 0 0 0 0 0 0 0
796 393 5 7 6 0 0 0 0 0 0 0 0 2654 911 9 20 23 6 0 0 0 0 0 0 0
885 414 5 7 6 0 0 0 0 0 0 0 0 3037 1094 9 28 23 7 0 0 0 0 0 0 0
975 446 5 7 7 0 0 0 0 0 0 0 0 3042 1098 9 28 23 7 0 0 0 0 0 0 0
1037 457 5 7 8 1 0 0 0 0 0 0 0 3061 1117 10 28 23 7 0 0 0 0 0 0 0
1058 467 5 8 8 1 0 0 0 0 0 0 0 3064 1120 10 28 24 7 0 0 0 0 0 0 0
1075 477 5 8 8 1 0 0 0 0 0 0 0 3082 1127 10 28 24 7 0 0 0 0 0 0 0
1078 487 5 8 8 1 0 0 0 0 0 0 0 3090 1155 10 28 24 7 0 0 0 0 0 0 0
1083 511 5 8 8 1 0 0 0 0 0 0 0 3433 1215 11 30 26 8 0 0 0 0 0 0 0
1125 516 5 9 8 1 0 0 0 0 0 0 0 3861 1311 11 30 33 11 0 0 0 0 0 0 0
1177 526 5 10 8 2 0 0 0 0 0 0 0 3866 1316 11 31 33 11 0 0 0 0 0 0 0
1233 553 6 10 8 2 0 0 0 0 0 0 0 3883 1324 11 31 33 11 0 0 0 0 0 0 0
1236 568 6 11 9 2 0 0 0 0 0 0 0 3889 1331 11 31 33 11 0 0 0 0 0 0 0
1241 577 6 11 9 2 0 0 0 0 0 0 0 3903 1337 11 31 33 11 0 0 0 0 0 0 0
1269 594 6 11 9 2 0 0 0 0 0 0 0 3913 1346 11 32 33 11 0 0 0 0 0 0 0
1487 631 6 12 10 2 0 0 0 0 0 0 0 3916 1349 11 32 33 11 0 0 0 0 0 0 0
1604 658 6 12 11 2 0 0 0 0 0 0 0 3973 1400 11 32 34 14 0 0 0 0 0 0 0
1615 667 6 13 11 2 0 0 0 0 0 0 0 3984 1413 11 32 34 14 0 0 0 0 0 0 0
1618 679 6 13 11 2 0 0 0 0 0 0 0 4157 1493 11 33 34 14 0 0 0 0 0 0 0
