# scores for worst/random/best/smart move selector strategies. 
# scores are 50% and 95% quantiles (based on 40 games) of: 
# game score, #destroyed, #unlocked, #stripes, #bombs, #zappers
0 0 0 0 0 0 0 0 0 0 0 0 0 6 6 0 0 0 0 0 0 0 0 0 0 0
4 4 0 0 0 0 0 0 0 0 0 0 0 11 11 0 0 0 0 0 0 0 0 0 0 0
9 9 0 0 0 0 0 0 0 0 0 0 0 18 18 0 0 0 0 0 0 0 0 0 0 0
12 12 0 0 0 0 0 0 0 0 0 0 0 30 26 0 0 0 0 0 0 0 0 0 0 0
17 16 0 0 0 0 0 0 0 0 0 0 0 44 29 0 0 0 0 0 0 0 0 0 0 0
21 21 0 0 0 0 0 0 0 0 0 0 0 76 37 0 1 0 0 0 0 0 0 0 0 0
25 25 0 0 0 0 0 0 0 0 0 0 0 84 44 0 1 0 0 0 0 0 0 0 0 0
30 30 0 0 0 0 0 0 0 0 0 0 0 87 52 0 1 0 0 0 0 0 0 0 0 0
37 34 0 0 0 0 0 0 0 0 0 0 0 106 55 1 1 0 0 0 0 0 0 0 0 0
41 40 0 0 0 0 0 0 0 0 0 0 0 109 58 1 1 0 0 0 0 0 0 0 0 0
44 43 0 0 0 0 0 0 0 0 0 0 0 112 63 1 1 0 0 0 0 0 0 0 0 0
51 48 0 0 0 0 0 0 0 0 0 0 0 115 67 1 2 0 0 0 0 0 0 0 0 0
66 52 0 0 0 0 0 0 0 0 0 0 0 129 72 1 2 0 0 0 0 0 0 0 0 0
73 56 0 0 0 0 0 0 0 0 0 0 0 133 77 1 2 0 0 0 0 0 0 0 0 0
83 65 0 0 0 0 0 0 0 0 0 0 0 141 87 1 2 0 1 0 0 0 1 0 0 0
95 72 0 1 0 0 0 0 0 0 0 0 0 177 96 1 3 0 1 1 0 0 1 0 0 0
104 78 0 1 0 0 0 0 0 0 0 0 0 198 102 1 3 1 1 1 0 0 1 0 0 0
110 81 0 1 0 0 0 0 0 0 0 0 0 209 106 1 3 1 1 1 0 0 1 0 0 0
117 86 0 1 0 0 0 0 0 0 0 0 0 230 112 1 3 1 1 1 0 0 1 0 0 0
125 90 0 1 0 0 0 0 0 0 0 0 0 240 117 1 4 1 1 1 0 0 1 0 0 0
129 93 0 1 0 0 0 0 0 0 0 0 0 245 122 1 4 1 1 1 0 0 1 0 0 0
132 96 0 1 0 0 0 0 0 0 0 0 0 257 127 1 4 1 1 1 0 0 1 0 0 0
139 102 0 1 0 0 0 0 0 0 0 0 0 269 134 1 5 1 1 1 0 0 1 0 0 0
144 106 0 1 0 0 0 0 0 0 0 0 0 273 137 1 5 1 1 1 0 0 1 0 0 0
153 110 0 1 0 0 0 0 0 0 0 0 0 276 140 1 5 1 1 1 0 0 1 0 0 0
160 113 0 1 0 0 0 0 0 0 0 0 0 279 145 1 5 1 1 1 0 0 1 0 0 0
169 118 0 1 0 0 0 0 0 0 0 0 0 284 150 1 5 1 1 1 0 0 1 0 0 0
181 126 0 2 0 0 0 0 0 0 0 0 0 306 162 1 5 1 1 1 0 0 1 0 0 0
190 130 0 2 0 0 0 0 0 0 0 0 0 325 171 1 6 1 1 1 0 0 1 0 0 0
196 136 0 2 0 0 0 0 0 0 0 0 0 328 175 1 6 1 1 1 0 0 1 0 0 0
200 141 0 2 0 0 0 0 0 0 0 0 0 332 178 1 6 1 1 1 0 0 1 0 0 0
212 146 0 2 0 0 0 0 0 0 0 0 0 438 191 1 8 1 1 1 0 0 1 0 0 0
229 153 0 2 0 0 0 0 0 0 0 0 0 471 197 2 8 1 1 1 0 0 1 0 0 0
235 158 0 3 0 0 0 0 0 0 0 0 0 479 204 2 8 1 1 1 0 0 1 0 0 0
241 165 0 3 0 0 0 0 0 0 0 0 0 482 207 2 8 1 1 1 0 0 1 0 0 0
244 168 0 3 0 0 0 0 0 0 0 0 0 485 210 2 9 1 1 1 0 0 1 0 0 0
251 171 0 3 0 0 0 0 0 0 0 0 0 515 223 2 9 2 1 1 1 0 1 0 0 0
256 176 0 3 0 0 0 0 0 0 0 0 0 521 228 2 9 2 1 1 1 0 1 0 0 0
269 179 0 3 0 0 0 0 0 0 0 0 0 524 232 2 9 2 1 2 1 0 1 0 0 0
290 184 0 3 0 0 0 0 0 0 0 0 0 528 239 2 11 2 1 2 1 0 1 0 0 0
297 189 0 4 0 0 0 0 0 0 0 0 0 531 245 2 11 2 1 2 1 0 1 0 0 0
