# scores for worst/random/best/smart move selector strategies. 
# scores are 50% and 95% quantiles (based on 40 games) of: 
# game score, #destroyed, #unlocked, #stripes, #bombs, #zappers
0 0 0 0 0 0 0 0 0 0 0 0 0 6 6 0 0 0 0 0 0 0 0 0 0 0
6 6 0 0 0 0 0 0 0 0 0 0 0 12 12 0 0 0 0 0 0 0 0 0 0 0
9 9 0 0 0 0 0 0 0 0 0 0 0 20 20 0 0 0 0 0 0 0 0 0 0 0
13 13 0 0 0 0 0 0 0 0 0 0 0 23 23 0 0 0 0 0 0 0 0 0 0 0
18 18 0 0 0 0 0 0 0 0 0 0 0 28 28 0 0 0 0 0 0 0 0 0 0 0
22 22 0 0 0 0 0 0 0 0 0 0 0 36 36 0 0 0 0 0 0 0 0 0 0 0
25 25 0 0 0 0 0 0 0 0 0 0 0 49 45 0 0 0 0 0 0 0 0 0 0 0
30 30 0 0 0 0 0 0 0 0 0 0 0 54 48 0 1 0 0 0 0 0 0 0 0 0
33 33 0 0 0 0 0 0 0 0 0 0 0 70 53 0 1 0 0 0 0 0 0 0 0 0
36 36 0 0 0 0 0 0 0 0 0 0 0 74 57 0 1 0 0 0 0 0 0 0 0 0
41 41 0 0 0 0 0 0 0 0 0 0 0 78 60 0 1 0 0 0 0 0 0 0 0 0
45 44 0 0 0 0 0 0 0 0 0 0 0 92 68 0 1 0 0 0 0 0 0 0 0 0
48 48 0 0 0 0 0 0 0 0 0 0 0 105 73 0 1 0 0 0 0 0 0 0 0 0
54 51 0 0 0 0 0 0 0 0 0 0 0 115 80 0 1 0 0 0 0 0 0 0 0 0
57 57 0 0 0 0 0 0 0 0 0 0 0 125 84 0 1 0 0 0 0 0 0 0 0 0
63 60 0 0 0 0 0 0 0 0 0 0 0 136 89 0 1 0 0 0 0 0 0 0 0 0
70 64 0 0 0 0 0 0 0 0 0 0 0 147 93 0 2 0 0 0 0 0 0 0 0 0
79 70 0 0 0 0 0 0 0 0 0 0 0 154 97 0 2 0 0 0 0 0 0 0 0 0
86 75 0 0 0 0 0 0 0 0 0 0 0 158 103 0 2 0 0 0 0 0 0 0 0 0
89 78 0 0 0 0 0 0 0 0 0 0 0 162 106 0 2 0 0 0 0 0 0 0 0 0
93 81 0 0 0 0 0 0 0 0 0 0 0 206 113 0 2 1 0 0 0 0 0 0 0 0
97 84 0 0 0 0 0 0 0 0 0 0 0 236 121 0 3 1 0 0 0 0 0 0 0 0
104 89 0 1 0 0 0 0 0 0 0 0 0 239 124 1 3 1 0 0 0 0 0 0 0 0
111 94 0 1 0 0 0 0 0 0 0 0 0 244 129 1 4 1 0 0 0 0 0 0 0 0
117 98 0 1 0 0 0 0 0 0 0 0 0 247 133 1 4 1 0 0 0 0 0 0 0 0
120 101 0 1 0 0 0 0 0 0 0 0 0 250 138 1 4 1 0 0 0 0 0 0 0 0
128 107 0 1 0 0 0 0 0 0 0 0 0 255 149 1 4 1 0 0 0 0 0 0 0 0
133 112 0 1 0 0 0 0 0 0 0 0 0 259 152 1 4 1 0 0 0 0 0 0 0 0
138 118 0 1 0 0 0 0 0 0 0 0 0 262 155 1 4 1 0 0 0 0 0 0 0 0
141 121 0 1 0 0 0 0 0 0 0 0 0 265 160 1 4 1 0 0 0 0 0 0 0 0
144 125 0 1 0 0 0 0 0 0 0 0 0 268 165 1 4 1 0 0 0 0 0 0 0 0
150 129 0 1 0 0 0 0 0 0 0 0 0 274 168 1 4 1 0 0 0 0 0 0 0 0
153 132 0 1 0 0 0 0 0 0 0 0 0 296 176 1 5 1 0 0 0 0 0 0 0 0
157 136 0 1 0 0 0 0 0 0 0 0 0 299 180 1 5 1 0 0 0 0 0 0 0 0
163 141 0 1 0 0 0 0 0 0 0 0 0 302 183 1 5 1 0 0 0 0 0 0 0 0
170 145 0 1 0 0 0 0 0 0 0 0 0 305 186 1 5 1 0 0 0 0 0 0 0 0
173 149 0 1 0 0 0 0 0 0 0 0 0 309 189 1 5 1 0 0 0 0 0 0 0 0
180 153 0 1 0 0 0 0 0 0 0 0 0 313 192 1 5 1 0 0 0 0 0 0 0 0
185 157 0 1 0 0 0 0 0 0 0 0 0 316 195 1 5 1 0 0 0 0 0 0 0 0
190 161 0 1 0 0 0 0 0 0 0 0 0 332 198 1 5 1 0 0 0 0 0 0 0 0
195 165 0 1 0 0 0 0 0 0 0 0 0 335 204 1 5 1 0 0 0 0 0 0 0 0
