# scores for worst/random/best/smart move selector strategies. 
# scores are 50% and 95% quantiles (based on 40 games) of: 
# game score, #destroyed, #unlocked, #stripes, #bombs, #zappers
0 0 0 0 0 0 0 0 0 0 0 0 0 6 6 0 0 0 0 0 0 0 0 0 0 0
5 5 0 0 0 0 0 0 0 0 0 0 0 13 13 0 0 0 0 0 0 0 0 0 0 0
9 9 0 0 0 0 0 0 0 0 0 0 0 19 19 0 0 0 0 0 0 0 0 0 0 0
14 14 0 0 0 0 0 0 0 0 0 0 0 25 25 0 0 0 0 0 0 0 0 0 0 0
19 19 0 0 0 0 0 0 0 0 0 0 0 30 30 0 0 0 0 0 0 0 0 0 0 0
24 24 0 0 0 0 0 0 0 0 0 0 0 49 34 0 1 0 0 0 0 0 0 0 0 0
28 28 0 0 0 0 0 0 0 0 0 0 0 76 40 1 1 0 0 0 0 0 0 0 0 0
35 34 0 0 0 0 0 0 0 0 0 0 0 87 46 1 2 0 0 0 0 0 0 0 0 0
45 39 0 0 0 0 0 0 0 0 0 0 0 95 55 1 2 0 0 0 0 0 0 0 0 0
49 44 0 0 0 0 0 0 0 0 0 0 0 116 60 1 2 0 0 1 0 0 0 0 0 0
64 51 0 0 0 0 0 0 0 0 0 0 0 155 77 2 3 1 0 1 0 0 0 0 0 0
87 59 0 1 0 0 0 0 0 0 0 0 0 180 90 3 3 1 1 1 0 0 1 0 0 0
94 63 0 1 0 0 0 0 0 0 0 0 0 185 97 3 3 1 1 1 0 0 1 0 0 0
105 67 0 1 0 0 0 0 0 0 0 0 0 217 105 3 4 1 1 1 0 0 1 0 0 0
117 72 0 1 0 0 0 0 0 0 0 0 0 242 124 3 4 1 1 1 1 0 1 0 0 0
124 78 0 1 0 0 0 0 0 0 0 0 0 247 130 3 4 1 1 1 1 0 1 0 0 0
135 87 0 2 0 0 0 0 0 0 0 0 0 270 140 3 4 1 1 1 1 0 1 0 0 0
163 95 0 2 0 0 0 0 0 0 0 0 0 320 155 3 5 1 1 1 1 0 1 0 0 0
181 104 0 3 0 0 0 0 0 0 0 0 0 326 159 3 5 1 1 1 1 0 1 0 0 0
211 111 0 3 0 0 0 0 0 0 0 0 0 345 167 3 5 1 1 1 1 0 1 0 0 0
231 117 0 3 0 0 0 0 0 0 0 0 0 349 172 3 5 1 1 1 1 0 1 0 0 0
238 124 0 3 0 0 0 0 0 0 0 0 0 375 181 3 6 1 1 1 1 0 1 0 0 0
247 132 0 3 0 0 0 0 0 0 0 0 0 396 190 3 6 1 1 1 1 0 1 0 0 0
263 138 0 4 0 0 0 0 0 0 0 0 0 402 196 3 6 1 1 1 1 0 1 0 0 0
287 148 0 4 0 0 1 0 0 0 0 0 0 421 199 3 6 2 1 2 1 0 1 0 0 0
292 153 0 4 0 0 1 0 0 0 0 0 0 426 204 3 6 2 1 2 1 0 1 0 0 0
305 161 0 4 0 0 1 0 0 0 0 0 0 434 214 3 7 2 1 2 1 0 1 0 0 0
330 169 0 4 0 0 1 0 0 0 0 0 0 453 220 3 7 2 1 2 1 0 1 0 0 0
351 176 0 5 0 0 1 0 0 0 0 0 0 456 223 3 7 2 1 2 1 0 1 0 0 0
375 183 0 5 0 0 1 0 0 0 0 0 0 476 231 3 7 2 1 2 1 0 1 0 0 0
392 191 0 5 1 1 1 0 0 0 0 0 0 506 241 3 8 2 1 2 1 0 1 0 0 0
396 199 0 6 1 1 1 0 0 0 0 0 0 544 251 3 8 2 1 2 1 0 1 0 0 0
405 205 0 6 1 1 1 0 0 0 0 0 0 550 254 3 8 2 1 2 1 0 1 0 0 0
415 213 0 6 1 1 1 0 0 0 0 0 0 573 263 3 9 2 2 2 1 0 2 0 0 0
425 220 0 6 1 1 1 0 0 1 0 0 0 596 271 3 9 2 2 2 1 0 2 0 0 0
457 227 0 7 1 1 1 0 0 1 0 0 0 604 283 3 9 2 2 2 1 0 2 0 0 0
461 234 0 7 1 1 1 0 0 1 0 0 0 608 289 3 10 2 2 2 1 0 2 0 0 0
468 241 0 7 1 1 1 0 0 1 0 0 0 661 297 3 11 2 3 3 1 0 3 0 0 0
487 247 0 7 1 1 1 0 0 1 0 0 0 695 305 3 12 2 3 3 2 0 3 0 0 0
508 256 0 7 1 1 1 0 0 1 0 0 0 719 310 3 12 2 3 3 2 0 3 0 0 0
519 265 0 7 1 1 1 0 0 1 0 0 0 723 317 3 13 2 3 3 2 0 3 0 0 0
