# scores for worst/random/best/smart move selector strategies. 
# scores are 50% and 95% quantiles (based on 40 games) of: 
# game score, #destroyed, #unlocked, #stripes, #bombs, #zappers
0 0 0 0 0 0 0 0 0 0 0 0 0 6 6 0 0 0 0 0 0 0 0 0 0 0
3 3 0 0 0 0 0 0 0 0 0 0 0 13 13 0 0 0 0 0 0 0 0 0 0 0
9 9 0 0 0 0 0 0 0 0 0 0 0 20 20 0 0 0 0 0 0 0 0 0 0 0
12 12 0 0 0 0 0 0 0 0 0 0 0 24 24 0 0 0 0 0 0 0 0 0 0 0
18 18 0 0 0 0 0 0 0 0 0 0 0 31 30 0 0 0 0 0 0 0 0 0 0 0
21 21 0 0 0 0 0 0 0 0 0 0 0 34 33 0 0 0 0 0 0 0 0 0 0 0
25 25 0 0 0 0 0 0 0 0 0 0 0 42 37 0 0 0 0 0 0 0 0 0 0 0
28 28 0 0 0 0 0 0 0 0 0 0 0 46 45 0 0 0 0 0 0 0 0 0 0 0
33 33 0 0 0 0 0 0 0 0 0 0 0 74 49 0 0 0 0 0 0 0 0 0 0 0
36 36 0 0 0 0 0 0 0 0 0 0 0 77 53 0 0 0 0 0 0 0 0 0 0 0
39 39 0 0 0 0 0 0 0 0 0 0 0 80 56 0 0 0 0 0 0 0 0 0 0 0
45 45 0 0 0 0 0 0 0 0 0 0 0 83 59 0 0 0 0 0 0 0 0 0 0 0
48 48 0 0 0 0 0 0 0 0 0 0 0 88 63 0 0 0 0 0 0 0 0 0 0 0
53 53 0 0 0 0 0 0 0 0 0 0 0 91 66 0 0 0 0 0 0 0 0 0 0 0
57 57 0 0 0 0 0 0 0 0 0 0 0 94 70 0 0 0 0 0 0 0 0 0 0 0
60 60 0 0 0 0 0 0 0 0 0 0 0 97 73 0 0 0 0 0 0 0 0 0 0 0
63 63 0 0 0 0 0 0 0 0 0 0 0 103 79 0 0 0 0 0 0 0 0 0 0 0
66 66 0 0 0 0 0 0 0 0 0 0 0 106 83 0 0 0 0 0 0 0 0 0 0 0
69 69 0 0 0 0 0 0 0 0 0 0 0 110 86 0 0 0 0 0 0 0 0 0 0 0
74 74 0 0 0 0 0 0 0 0 0 0 0 117 92 0 0 0 0 0 0 0 0 0 0 0
79 79 0 0 0 0 0 0 0 0 0 0 0 123 96 0 0 0 0 0 0 0 0 0 0 0
85 85 0 0 0 0 0 0 0 0 0 0 0 131 104 0 1 1 0 0 0 0 0 0 0 0
89 88 0 0 0 0 0 0 0 0 0 0 0 140 109 0 1 1 0 0 0 0 0 0 0 0
93 92 0 0 0 0 0 0 0 0 0 0 0 143 112 0 1 1 0 0 0 0 0 0 0 0
96 96 0 0 0 0 0 0 0 0 0 0 0 146 115 0 1 1 0 0 0 0 0 0 0 0
99 99 0 0 0 0 0 0 0 0 0 0 0 149 118 0 1 1 0 0 0 0 0 0 0 0
102 102 0 0 0 0 0 0 0 0 0 0 0 154 125 0 1 1 0 0 0 0 0 0 0 0
107 106 0 0 0 0 0 0 0 0 0 0 0 159 129 0 1 1 0 0 0 0 0 0 0 0
112 109 0 0 0 0 0 0 0 0 0 0 0 162 133 0 1 1 0 0 0 0 0 0 0 0
117 114 0 0 0 0 0 0 0 0 0 0 0 166 137 0 1 1 0 0 0 0 0 0 0 0
122 117 0 0 0 0 0 0 0 0 0 0 0 170 140 0 1 1 0 0 0 0 0 0 0 0
126 121 0 0 0 0 0 0 0 0 0 0 0 173 143 0 1 1 0 0 0 0 0 0 0 0
129 124 0 0 0 0 0 0 0 0 0 0 0 179 146 0 1 1 0 0 0 0 0 0 0 0
132 128 0 0 0 0 0 0 0 0 0 0 0 182 151 0 1 1 0 0 0 0 0 0 0 0
137 131 0 0 0 0 0 0 0 0 0 0 0 187 156 0 1 1 0 0 0 0 0 0 0 0
142 135 0 0 0 0 0 0 0 0 0 0 0 190 160 0 1 1 0 0 0 0 0 0 0 0
145 141 0 0 0 0 0 0 0 0 0 0 0 193 163 0 1 1 0 0 0 0 0 0 0 0
150 144 0 0 0 0 0 0 0 0 0 0 0 196 167 0 1 1 0 0 0 0 0 0 0 0
156 147 0 0 0 0 0 0 0 0 0 0 0 199 172 0 1 1 0 0 0 0 0 0 0 0
159 150 0 0 0 0 0 0 0 0 0 0 0 203 176 0 1 1 0 0 0 0 0 0 0 0
165 155 0 0 0 0 0 0 0 0 0 0 0 206 179 0 1 1 0 0 0 0 0 0 0 0
