# scores for worst/random/best/smart move selector strategies. 
# scores are 50% and 95% quantiles (based on 40 games) of: 
# game score, #destroyed, #unlocked, #stripes, #bombs, #zappers
0 0 0 0 0 0 0 0 0 0 0 0 0 6 6 0 0 0 0 0 0 0 0 0 0 0
4 4 0 0 0 0 0 0 0 0 0 0 0 11 11 0 0 0 0 0 0 0 0 0 0 0
9 9 0 0 0 0 0 0 0 0 0 0 0 22 15 0 0 0 0 0 0 0 0 0 0 0
14 14 0 0 0 0 0 0 0 0 0 0 0 38 24 0 0 0 0 0 0 0 0 0 0 0
18 18 0 0 0 0 0 0 0 0 0 0 0 87 32 2 2 0 0 0 0 0 0 0 0 0
24 24 0 0 0 0 0 0 0 0 0 0 0 90 38 4 2 0 0 0 0 0 0 0 0 0
28 28 0 0 0 0 0 0 0 0 0 0 0 94 45 4 2 0 0 0 0 0 0 0 0 0
35 33 0 0 0 0 0 0 0 0 0 0 0 97 52 5 2 0 0 1 0 0 0 0 0 0
39 37 0 0 0 0 0 0 0 0 0 0 0 121 56 5 2 0 0 1 0 0 0 0 0 0
46 42 0 0 0 0 0 0 0 0 0 0 0 133 61 6 3 0 0 1 0 0 0 0 0 0
56 46 0 0 0 0 0 0 0 0 0 0 0 149 70 6 3 0 0 1 0 0 0 0 0 0
81 53 0 1 0 0 0 0 0 0 0 0 0 164 82 6 3 0 0 1 0 0 0 0 0 0
88 58 0 1 0 0 0 0 0 0 0 0 0 200 91 6 4 0 0 1 0 0 0 0 0 0
96 62 0 1 0 0 0 0 0 0 0 0 0 230 96 6 5 0 0 1 0 0 0 0 0 0
108 65 1 1 0 0 0 0 0 0 0 0 0 311 117 12 6 0 0 1 0 0 0 0 0 0
117 71 2 1 0 0 0 0 0 0 0 0 0 314 124 14 6 1 0 1 0 0 0 0 0 0
126 80 2 2 0 0 0 0 0 0 0 0 0 323 128 16 6 1 0 1 1 0 0 0 0 0
138 87 2 2 0 0 0 0 0 0 0 0 0 332 135 16 6 1 1 1 1 0 0 0 0 0
169 95 3 2 0 0 0 0 0 0 0 0 0 366 150 16 8 1 1 1 1 0 0 0 0 0
181 101 3 2 0 0 0 0 0 0 0 0 0 369 154 16 8 1 1 1 1 0 0 0 0 0
188 106 4 2 0 0 0 0 0 0 0 0 0 435 164 16 10 1 1 1 1 0 0 0 0 0
207 113 4 3 0 0 0 0 0 0 0 0 0 440 169 16 10 1 1 1 1 0 0 0 0 0
214 117 4 3 0 0 0 0 0 0 0 0 0 469 173 17 11 1 1 1 1 0 1 0 0 0
222 126 5 3 0 0 0 0 0 0 0 0 0 499 177 17 12 1 1 1 1 0 1 0 0 0
249 131 5 3 0 0 0 0 0 0 0 0 0 546 189 17 13 1 1 2 1 0 1 0 0 0
259 143 5 4 0 0 0 0 0 0 0 0 0 552 195 19 13 1 1 2 1 0 1 0 0 0
272 147 5 4 0 0 0 0 0 0 0 0 0 556 201 19 13 1 1 2 1 0 1 0 0 0
302 161 6 4 0 0 0 0 0 0 0 0 0 567 225 19 13 1 1 2 1 0 1 0 0 0
315 166 6 4 0 0 0 0 0 0 0 0 0 575 229 19 13 1 1 2 1 0 1 0 0 0
320 171 7 5 0 0 0 0 0 0 0 0 0 579 233 20 13 1 1 2 1 0 1 0 0 0
328 177 7 5 0 0 0 0 0 0 0 0 0 602 239 21 13 1 1 2 1 0 1 0 0 0
343 188 7 5 0 0 0 0 0 0 0 0 0 617 261 21 13 2 1 2 1 0 1 0 0 0
350 193 7 5 0 0 1 0 0 0 0 0 0 674 279 21 13 2 1 2 1 0 1 0 0 0
361 202 7 6 0 0 1 0 0 0 0 0 0 683 282 21 13 2 1 2 1 0 1 0 0 0
370 207 7 6 0 0 1 0 0 0 0 0 0 701 294 21 14 2 1 2 1 0 1 0 0 0
387 211 7 6 0 0 1 0 0 0 0 0 0 728 300 21 15 2 1 2 1 0 1 0 0 0
391 221 8 6 0 0 1 0 0 0 0 0 0 731 303 21 15 2 1 2 1 0 1 0 0 0
409 228 8 6 0 0 1 0 0 0 0 0 0 734 306 21 15 2 2 2 1 0 2 0 0 0
434 234 8 6 0 0 1 0 0 0 0 0 0 738 310 21 15 2 2 2 1 0 2 0 0 0
474 241 8 7 0 0 1 0 0 0 0 0 0 742 316 21 15 2 2 2 1 0 2 0 0 0
495 250 10 7 0 0 1 0 0 0 0 0 0 817 325 21 16 2 2 2 1 0 2 0 0 0
