# scores for worst/random/best/smart move selector strategies. 
# scores are 50% and 95% quantiles (based on 40 games) of: 
# game score, #destroyed, #unlocked, #stripes, #bombs, #zappers
0 0 0 0 0 0 0 0 0 0 0 0 0 6 6 0 0 0 0 0 0 0 0 0 0 0
3 3 0 0 0 0 0 0 0 0 0 0 0 9 9 0 0 0 0 0 0 0 0 0 0 0
9 9 0 0 0 0 0 0 0 0 0 0 0 13 13 0 0 0 0 0 0 0 0 0 0 0
12 12 0 0 0 0 0 0 0 0 0 0 0 18 18 0 0 0 0 0 0 0 0 0 0 0
16 16 0 0 0 0 0 0 0 0 0 0 0 40 24 0 0 0 0 0 0 0 0 0 0 0
21 21 0 0 0 0 0 0 0 0 0 0 0 59 31 0 1 0 0 0 0 0 0 0 0 0
24 24 0 0 0 0 0 0 0 0 0 0 0 62 34 0 1 0 0 0 0 0 0 0 0 0
30 30 0 0 0 0 0 0 0 0 0 0 0 68 38 0 1 0 0 0 0 0 0 0 0 0
33 33 0 0 0 0 0 0 0 0 0 0 0 84 45 0 1 0 0 0 0 0 0 0 0 0
39 39 0 0 0 0 0 0 0 0 0 0 0 107 53 3 1 0 0 0 0 0 0 0 0 0
45 43 0 0 0 0 0 0 0 0 0 0 0 113 57 3 2 0 0 0 0 0 0 0 0 0
49 48 0 0 0 0 0 0 0 0 0 0 0 116 64 3 2 0 0 0 0 0 0 0 0 0
54 52 0 0 0 0 0 0 0 0 0 0 0 125 74 3 2 0 0 0 0 0 0 0 0 0
60 58 0 0 0 0 0 0 0 0 0 0 0 156 83 4 2 0 0 0 0 0 0 0 0 0
64 61 0 0 0 0 0 0 0 0 0 0 0 192 91 4 2 0 0 0 0 0 0 0 0 0
77 66 0 0 0 0 0 0 0 0 0 0 0 196 97 4 2 0 0 0 0 0 0 0 0 0
85 71 0 0 0 0 0 0 0 0 0 0 0 206 100 4 3 0 0 0 0 0 0 0 0 0
91 76 0 0 0 0 0 0 0 0 0 0 0 215 108 4 3 1 0 0 0 0 0 0 0 0
98 80 0 1 0 0 0 0 0 0 0 0 0 221 114 4 3 1 0 0 0 0 0 0 0 0
110 87 0 1 0 0 0 0 0 0 0 0 0 226 117 4 3 1 0 0 0 0 0 0 0 0
115 92 0 1 0 0 0 0 0 0 0 0 0 232 125 5 3 1 0 0 0 0 0 0 0 0
121 96 0 1 0 0 0 0 0 0 0 0 0 235 128 5 3 1 0 0 0 0 0 0 0 0
129 101 0 1 0 0 0 0 0 0 0 0 0 242 131 7 3 1 0 0 0 0 0 0 0 0
137 106 0 1 0 0 0 0 0 0 0 0 0 246 142 7 3 1 0 0 0 0 0 0 0 0
141 111 0 1 0 0 0 0 0 0 0 0 0 249 149 7 3 1 0 0 0 0 0 0 0 0
155 116 1 1 0 0 0 0 0 0 0 0 0 253 153 7 3 1 1 1 0 0 1 0 0 0
164 123 1 1 0 0 0 0 0 0 0 0 0 270 162 7 3 1 1 1 0 0 1 0 0 0
168 126 1 1 0 0 0 0 0 0 0 0 0 287 165 7 4 1 1 1 0 0 1 0 0 0
178 132 2 1 0 0 0 0 0 0 0 0 0 309 173 7 4 1 1 1 0 0 1 0 0 0
182 136 2 1 0 0 0 0 0 0 0 0 0 313 177 9 5 2 1 1 0 0 1 0 0 0
198 143 2 2 0 0 0 0 0 0 0 0 0 336 184 9 5 2 1 1 0 0 1 0 0 0
204 148 2 2 0 0 0 0 0 0 0 0 0 340 194 9 5 2 1 1 0 0 1 0 0 0
219 153 2 2 0 0 0 0 0 0 0 0 0 349 198 10 5 2 1 1 0 0 1 0 0 0
226 158 2 2 0 0 0 0 0 0 0 0 0 357 201 10 5 2 1 1 0 0 1 0 0 0
232 163 2 2 0 0 0 0 0 0 0 0 0 382 213 10 5 2 1 1 0 0 1 0 0 0
249 167 3 2 0 0 0 0 0 0 0 0 0 436 232 10 6 2 1 1 0 0 1 0 0 0
254 169 3 2 0 0 0 0 0 0 0 0 0 446 238 10 6 2 1 1 0 0 1 0 0 0
260 173 3 2 0 0 0 0 0 0 0 0 0 449 243 10 6 2 1 1 0 0 1 0 0 0
263 176 3 2 0 0 0 0 0 0 0 0 0 469 253 10 6 2 1 1 0 0 1 0 0 0
273 185 3 2 0 0 0 0 0 0 0 0 0 475 260 10 6 2 1 1 0 0 1 0 0 0
276 193 3 2 0 0 0 0 0 0 0 0 0 483 267 10 6 2 1 1 0 0 1 0 0 0
