# scores for worst/random/best/smart move selector strategies. 
# scores are 50% and 95% quantiles (based on 40 games) of: 
# game score, #destroyed, #unlocked, #stripes, #bombs, #zappers
0 0 0 0 0 0 0 0 0 0 0 0 0 6 6 0 0 0 0 0 0 0 0 0 0 0
3 3 0 0 0 0 0 0 0 0 0 0 0 11 11 0 0 0 0 0 0 0 0 0 0 0
9 9 0 0 0 0 0 0 0 0 0 0 0 17 15 0 0 0 0 0 0 0 0 0 0 0
13 13 0 0 0 0 0 0 0 0 0 0 0 25 21 0 0 0 0 0 0 0 0 0 0 0
18 18 0 0 0 0 0 0 0 0 0 0 0 79 29 0 1 0 0 0 0 0 0 0 0 0
25 24 0 0 0 0 0 0 0 0 0 0 0 97 36 0 2 0 1 0 0 0 1 0 0 0
32 28 0 0 0 0 0 0 0 0 0 0 0 101 48 2 2 0 1 1 0 0 1 0 0 0
45 33 0 0 0 0 0 0 0 0 0 0 0 106 52 5 2 0 1 1 0 0 1 0 0 0
69 40 0 1 0 0 0 0 0 0 0 0 0 149 68 5 3 1 1 1 0 0 1 0 0 0
85 45 0 1 0 0 0 0 0 0 0 0 0 174 81 5 3 1 1 1 0 0 1 0 0 0
93 52 0 1 0 0 0 0 0 0 0 0 0 233 93 5 4 1 1 1 0 0 1 0 0 0
115 59 0 1 0 0 0 0 0 0 0 0 0 241 100 6 4 1 1 1 0 0 1 0 0 0
134 66 2 2 0 0 0 0 0 0 0 0 0 257 109 8 4 1 1 1 0 0 1 0 0 0
151 73 3 2 0 0 0 0 0 0 0 0 0 269 116 9 4 1 1 1 0 0 1 0 0 0
165 83 3 2 0 0 0 0 0 0 0 0 0 272 120 9 5 1 1 1 0 0 1 0 0 0
181 89 4 3 0 0 0 0 0 0 0 0 0 326 138 10 5 1 1 1 0 0 1 0 0 0
204 100 4 3 0 0 0 0 0 0 0 0 0 383 150 10 6 2 1 1 0 0 1 0 0 0
217 108 4 3 0 0 0 0 0 0 0 0 0 494 165 16 9 2 1 1 0 0 1 0 0 0
251 114 5 4 0 0 1 0 0 0 0 0 0 533 184 19 10 2 1 2 1 0 1 0 0 0
277 125 6 5 0 0 1 0 0 0 0 0 0 540 192 19 10 2 1 2 1 0 1 0 0 0
304 133 6 5 0 0 1 0 0 0 0 0 0 575 217 19 11 2 1 2 1 0 1 0 0 0
344 147 6 5 1 0 1 0 0 0 0 0 0 603 227 19 14 2 1 2 1 0 1 1 0 0
360 155 7 6 1 0 1 0 0 0 0 0 0 616 245 19 14 2 2 2 1 1 2 1 0 0
393 164 7 6 1 0 1 0 0 0 0 0 0 679 253 21 16 3 2 2 1 1 2 1 0 0
415 172 7 6 1 0 1 0 0 0 0 0 0 686 259 21 16 3 2 2 1 1 2 1 0 0
449 181 7 6 1 1 1 0 0 0 0 0 0 702 265 21 16 3 2 2 1 1 2 1 0 0
468 195 7 7 1 1 1 0 0 0 0 0 0 728 283 21 16 3 2 2 1 1 2 1 0 0
483 212 8 7 1 1 1 0 0 0 0 0 0 768 288 22 17 3 3 3 1 1 3 1 0 0
513 221 8 8 1 1 1 0 0 0 0 0 0 784 297 22 18 3 3 3 1 1 3 1 0 0
550 232 9 8 1 1 1 0 0 0 0 0 0 814 310 22 19 3 3 3 1 1 3 1 0 0
573 240 9 8 1 1 1 0 0 1 0 0 0 865 317 22 19 4 3 3 1 1 3 1 0 0
614 259 9 8 1 1 1 0 0 1 0 0 0 916 325 22 20 4 3 3 1 1 3 1 0 0
627 266 9 9 1 1 1 0 0 1 0 0 0 931 335 22 20 4 4 3 1 1 4 1 0 0
650 284 9 9 1 1 1 0 0 1 0 0 0 941 340 22 21 4 4 3 1 1 4 1 0 0
708 302 9 11 2 1 1 0 0 1 0 0 0 1043 397 22 22 4 4 4 2 1 4 1 0 0
731 308 9 11 2 1 1 0 0 1 0 0 0 1069 403 22 22 4 4 4 2 1 4 1 0 0
790 317 9 12 2 1 1 0 0 1 0 0 0 1075 407 22 22 4 4 4 2 1 4 1 0 0
808 332 9 12 2 2 1 0 0 1 0 0 0 1084 425 22 23 4 4 4 2 1 4 1 0 0
839 349 10 13 2 2 1 0 0 2 0 0 0 1142 437 22 23 5 4 4 2 1 4 1 0 0
875 364 10 13 2 2 1 0 0 2 0 0 0 1185 451 22 24 5 5 4 2 1 4 1 0 0
907 369 10 13 2 2 1 0 0 2 0 0 0 1257 476 22 25 5 5 4 2 1 4 1 0 0
