# scores for worst/random/best/smart move selector strategies. 
# scores are 50% and 95% quantiles (based on 40 games) of: 
# game score, #destroyed, #unlocked, #stripes, #bombs, #zappers
0 0 0 0 0 0 0 0 0 0 0 0 0 6 6 0 0 0 0 0 0 0 0 0 0 0
6 6 0 0 0 0 0 0 0 0 0 0 0 13 13 0 0 0 0 0 0 0 0 0 0 0
11 11 0 0 0 0 0 0 0 0 0 0 0 40 25 2 0 0 0 0 0 0 0 0 0 0
15 15 0 0 0 0 0 0 0 0 0 0 0 69 31 2 2 0 0 0 0 0 0 0 0 0
21 21 0 0 0 0 0 0 0 0 0 0 0 73 36 4 2 0 0 0 0 0 0 0 0 0
30 29 0 0 0 0 0 0 0 0 0 0 0 96 50 4 2 0 0 0 0 0 0 0 0 0
42 34 0 0 0 0 0 0 0 0 0 0 0 132 57 8 2 1 0 0 0 0 0 0 0 0
47 38 0 0 0 0 0 0 0 0 0 0 0 157 73 8 2 1 1 0 0 0 0 0 0 0
62 43 0 1 0 0 0 0 0 0 0 0 0 171 82 11 3 1 1 0 0 0 0 0 0 0
79 52 0 1 0 0 0 0 0 0 0 0 0 201 102 11 4 1 1 0 0 0 0 0 0 0
100 62 0 1 0 0 0 0 0 0 0 0 0 252 123 11 4 1 1 1 0 0 1 0 0 0
112 70 2 1 0 0 0 0 0 0 0 0 0 349 147 13 4 3 1 1 0 0 1 0 0 0
125 77 3 2 0 0 0 0 0 0 0 0 0 396 167 15 5 3 1 1 0 0 1 0 0 0
142 86 3 2 0 0 0 0 0 0 0 0 0 436 185 15 6 3 1 1 0 0 1 0 0 0
150 91 3 2 0 0 0 0 0 0 0 0 0 479 202 17 6 3 2 1 0 0 2 0 0 0
172 99 3 2 0 0 0 0 0 0 0 0 0 525 217 18 8 3 2 1 0 0 2 0 0 0
199 111 4 2 0 0 0 0 0 0 0 0 0 561 235 19 8 3 2 1 1 0 2 0 0 0
208 123 5 3 0 0 0 0 0 0 0 0 0 607 255 21 8 3 2 2 1 0 2 0 0 0
236 134 5 3 0 0 0 0 0 0 0 0 0 680 287 23 12 3 2 2 1 0 2 0 0 0
261 137 7 4 1 0 0 0 0 0 0 0 0 1064 346 23 15 4 3 2 1 0 3 1 0 0
285 152 8 4 1 0 0 0 0 0 0 0 0 1102 363 24 17 4 4 2 1 0 3 1 0 0
304 159 8 4 1 0 0 0 0 0 0 0 0 1210 388 29 21 4 4 2 1 0 3 1 0 0
322 166 9 5 1 0 0 0 0 0 0 0 0 1217 397 29 21 4 4 2 1 0 3 1 0 0
330 173 11 5 1 0 0 0 0 0 0 0 0 1243 405 29 21 4 4 2 1 0 3 1 0 0
378 189 11 5 1 1 0 0 0 0 0 0 0 1471 418 29 21 10 4 2 1 0 3 1 0 0
387 196 11 5 1 1 1 0 0 0 0 0 0 1478 440 29 21 10 4 2 2 0 3 1 0 0
475 220 13 6 1 1 1 0 0 0 0 0 0 1484 479 30 24 15 5 3 2 1 4 1 1 0
512 230 14 6 1 1 1 0 0 1 0 0 0 1508 518 30 24 15 5 3 2 1 4 1 1 0
526 243 15 7 2 1 1 0 0 1 0 0 0 1540 532 30 24 16 5 3 2 1 5 1 1 0
532 254 15 7 2 1 1 0 0 1 0 0 0 1553 538 30 30 16 5 3 2 1 5 1 1 0
584 267 15 7 2 1 1 0 0 1 0 0 0 1610 550 30 32 16 5 3 2 1 5 1 1 0
621 280 15 9 2 1 1 0 0 1 0 0 0 1620 557 30 32 16 5 3 2 1 5 1 1 0
698 300 16 9 2 1 1 0 0 1 0 0 0 1655 563 30 33 16 5 3 2 1 5 1 1 0
799 318 16 11 2 1 1 0 0 1 0 0 0 1712 576 30 34 16 6 3 2 1 5 1 1 0
854 324 16 11 2 1 1 0 0 1 0 0 0 1735 590 30 34 16 6 3 2 1 5 1 1 0
899 346 17 13 2 2 1 0 0 1 0 0 0 1778 599 30 34 16 6 3 2 1 5 1 1 0
946 380 17 13 2 2 1 0 0 1 0 0 0 1786 602 30 34 17 6 4 2 1 5 1 1 0
983 394 17 14 2 2 2 0 0 1 0 0 0 2014 669 30 35 17 6 4 2 1 5 1 1 0
1014 416 18 14 3 2 2 0 0 1 0 0 0 2022 676 30 35 17 7 4 2 1 5 1 1 0
1058 422 19 15 3 2 2 0 0 1 0 0 0 2100 681 30 36 17 7 4 2 1 5 1 1 0
1144 439 19 17 3 2 2 0 0 1 0 0 0 2111 694 30 36 17 7 4 2 1 6 1 1 0
