# scores for worst/random/best/smart move selector strategies. 
# scores are 50% and 95% quantiles (based on 40 games) of: 
# game score, #destroyed, #unlocked, #stripes, #bombs, #zappers
0 0 0 0 0 0 0 0 0 0 0 0 0 6 6 0 0 0 0 0 0 0 0 0 0 0
6 6 0 0 0 0 0 0 0 0 0 0 0 18 17 0 0 0 0 0 0 0 0 0 0 0
9 9 0 0 0 0 0 0 0 0 0 0 0 22 20 0 0 0 0 0 0 0 0 0 0 0
15 15 0 0 0 0 0 0 0 0 0 0 0 46 28 0 1 0 0 0 0 0 0 0 0 0
18 18 0 0 0 0 0 0 0 0 0 0 0 55 35 0 1 0 0 0 0 0 0 0 0 0
21 21 0 0 0 0 0 0 0 0 0 0 0 66 44 0 1 0 0 0 0 0 0 0 0 0
27 27 0 0 0 0 0 0 0 0 0 0 0 86 55 1 1 0 0 0 0 0 0 0 0 0
34 33 0 0 0 0 0 0 0 0 0 0 0 91 62 1 1 0 0 0 0 0 0 0 0 0
41 39 0 0 0 0 0 0 0 0 0 0 0 97 68 1 1 0 0 0 0 0 0 0 0 0
49 46 0 0 0 0 0 0 0 0 0 0 0 110 78 2 2 0 0 0 0 0 0 0 0 0
54 51 0 0 0 0 0 0 0 0 0 0 0 128 86 2 2 0 0 0 0 0 0 0 0 0
65 57 0 0 0 0 0 0 0 0 0 0 0 133 90 2 2 0 0 0 0 0 0 0 0 0
74 62 0 0 0 0 0 0 0 0 0 0 0 136 94 2 2 0 0 0 0 0 0 0 0 0
82 67 0 1 0 0 0 0 0 0 0 0 0 209 128 2 2 1 0 0 0 0 0 0 0 0
87 72 0 1 0 0 0 0 0 0 0 0 0 298 144 5 3 2 0 0 0 0 0 0 0 0
102 80 0 1 0 0 0 0 0 0 0 0 0 301 150 5 3 2 0 0 0 0 0 0 0 0
113 86 0 1 0 0 0 0 0 0 0 0 0 310 155 6 3 2 0 0 0 0 0 0 0 0
121 91 0 1 0 0 0 0 0 0 0 0 0 314 163 6 3 2 0 0 0 0 0 0 0 0
128 97 0 1 0 0 0 0 0 0 0 0 0 332 173 6 3 2 0 0 0 0 0 0 0 0
135 107 0 1 0 0 0 0 0 0 0 0 0 370 200 6 4 2 1 0 0 0 1 0 0 0
145 114 0 1 0 0 0 0 0 0 0 0 0 378 205 9 5 2 1 0 0 0 1 0 0 0
154 121 0 1 0 0 0 0 0 0 0 0 0 381 210 9 5 2 1 0 0 0 1 0 0 0
184 129 1 2 0 0 0 0 0 0 0 0 0 384 213 9 5 2 1 0 0 0 1 0 0 0
199 137 1 2 0 0 0 0 0 0 0 0 0 394 224 9 5 2 1 0 0 0 1 0 0 0
213 144 2 2 0 0 0 0 0 0 0 0 0 434 244 9 5 2 1 0 0 0 1 0 0 0
226 147 2 2 0 0 0 0 0 0 0 0 0 480 260 11 5 3 1 0 0 0 1 0 0 0
235 152 2 2 0 0 0 0 0 0 0 0 0 483 263 11 6 3 1 0 0 0 1 0 0 0
253 162 3 3 0 0 0 0 0 0 0 0 0 486 266 13 8 3 1 0 0 0 1 0 0 0
267 175 3 3 0 0 0 0 0 0 0 0 0 625 302 18 9 3 1 0 0 0 1 0 0 0
270 178 3 3 0 0 0 0 0 0 0 0 0 628 305 18 9 3 1 0 0 0 1 0 0 0
295 198 3 3 0 0 0 0 0 0 0 0 0 681 314 18 9 3 1 0 1 0 1 0 0 0
302 201 4 3 0 0 0 0 0 0 0 0 0 690 322 21 9 3 1 0 1 0 1 0 0 0
316 210 4 3 1 0 0 0 0 0 0 0 0 702 327 21 9 3 1 0 1 0 1 0 0 0
357 218 4 3 1 0 0 0 0 0 0 0 0 717 335 21 10 3 1 0 1 0 1 0 0 0
369 228 4 3 1 0 0 0 0 0 0 0 0 748 339 21 11 3 2 0 1 0 1 0 0 0
402 243 6 4 1 0 0 0 0 0 0 0 0 767 369 21 11 3 2 0 1 0 1 0 0 0
417 257 6 4 1 0 0 0 0 0 0 0 0 784 387 21 11 4 2 0 1 0 1 0 0 0
425 265 7 5 1 0 0 0 0 0 0 0 0 792 391 21 11 4 2 0 1 0 1 0 0 0
437 277 7 5 1 0 0 0 0 0 0 0 0 820 401 21 11 4 2 0 1 0 1 0 0 0
501 290 7 5 1 0 0 0 0 0 0 0 0 824 406 21 11 4 2 0 1 0 1 0 0 0
504 295 7 5 1 0 0 0 0 0 0 0 0 830 412 21 11 4 2 0 1 0 1 0 0 0
