# scores for worst/random/best/smart move selector strategies. 
# scores are 50% and 95% quantiles (based on 40 games) of: 
# game score, #destroyed, #unlocked, #stripes, #bombs, #zappers
0 0 0 0 0 0 0 0 0 0 0 0 0 6 6 0 0 0 0 0 0 0 0 0 0 0
6 6 0 0 0 0 0 0 0 0 0 0 0 13 13 0 0 0 0 0 0 0 0 0 0 0
9 9 0 0 0 0 0 0 0 0 0 0 0 49 24 2 1 0 0 0 0 0 0 0 0 0
14 14 0 0 0 0 0 0 0 0 0 0 0 61 30 3 1 0 0 0 0 0 0 0 0 0
18 18 0 0 0 0 0 0 0 0 0 0 0 65 33 3 1 0 0 0 0 0 0 0 0 0
24 24 0 0 0 0 0 0 0 0 0 0 0 76 45 3 1 0 0 0 0 0 0 0 0 0
32 30 0 0 0 0 0 0 0 0 0 0 0 98 53 4 1 0 0 0 0 0 0 0 0 0
49 38 0 0 0 0 0 0 0 0 0 0 0 166 71 4 2 1 1 0 0 0 1 0 0 0
64 46 0 1 0 0 0 0 0 0 0 0 0 184 79 5 2 1 1 0 0 0 1 0 0 0
70 51 0 1 0 0 0 0 0 0 0 0 0 204 93 5 2 1 1 0 0 0 1 0 0 0
88 61 0 1 0 0 0 0 0 0 0 0 0 225 103 6 3 2 1 0 0 0 1 0 0 0
96 65 0 1 0 0 0 0 0 0 0 0 0 263 122 10 3 2 1 0 0 0 1 0 0 0
115 73 0 1 0 0 0 0 0 0 0 0 0 305 141 12 4 2 1 0 0 0 1 0 0 0
143 88 2 2 0 0 0 0 0 0 0 0 0 340 150 15 5 2 1 1 0 0 1 0 0 0
161 98 2 2 0 0 0 0 0 0 0 0 0 403 173 15 5 2 1 1 0 0 1 0 0 0
166 101 2 2 0 0 0 0 0 0 0 0 0 475 189 18 7 2 1 1 0 0 1 0 0 0
196 111 3 2 0 0 0 0 0 0 0 0 0 559 227 18 7 3 2 1 0 0 1 0 0 0
247 122 4 3 0 0 0 0 0 0 0 0 0 777 255 18 9 3 2 1 1 0 2 0 0 0
257 132 5 3 0 0 0 0 0 0 0 0 0 836 271 18 9 4 2 1 1 0 2 0 0 0
280 145 5 4 1 0 0 0 0 0 0 0 0 1013 318 20 10 9 3 1 1 0 2 0 0 0
314 162 6 4 1 1 0 0 0 0 0 0 0 1027 334 21 11 9 3 2 1 0 2 0 0 0
329 169 8 5 1 1 0 0 0 1 0 0 0 1072 362 25 15 10 3 2 1 0 2 1 0 0
405 206 10 5 1 1 0 0 0 1 0 0 0 1201 371 28 15 10 3 2 1 0 2 1 0 0
445 218 11 6 2 1 0 0 0 1 0 0 0 1251 381 28 18 10 3 2 1 0 3 1 0 0
588 270 12 6 2 1 0 0 0 1 0 0 0 1353 456 28 21 10 4 2 1 0 3 1 0 0
640 289 12 6 2 1 0 0 0 1 0 0 0 1388 469 28 21 10 4 3 1 0 3 1 0 0
707 320 13 8 2 2 0 0 0 1 0 0 0 1511 486 28 22 11 4 3 1 1 3 1 0 0
773 327 14 9 2 2 0 0 0 1 0 0 0 1564 509 28 22 15 5 3 1 1 4 1 1 0
812 345 15 9 3 2 0 0 0 2 0 0 0 1575 530 29 25 15 5 3 2 1 4 1 1 0
903 369 16 10 3 2 0 0 0 2 0 0 0 1638 543 29 26 15 5 3 2 1 4 1 1 0
995 403 16 11 4 2 0 0 0 2 0 0 0 1917 556 29 27 15 5 3 2 1 4 1 1 0
1068 418 16 12 4 2 0 1 0 2 0 0 0 1970 584 29 27 15 6 3 2 1 4 1 1 0
1167 444 16 12 4 3 1 1 0 2 0 0 0 1988 591 30 28 16 6 3 2 2 4 1 1 0
1214 460 16 14 5 3 1 1 0 2 0 0 0 2070 607 30 30 16 6 3 2 2 4 1 1 0
1326 493 16 15 5 3 1 1 0 2 0 0 0 2174 625 31 30 21 6 3 2 2 4 1 1 0
1415 524 16 15 6 3 1 1 0 2 0 0 0 2222 642 31 32 21 6 3 2 2 5 1 1 0
1444 542 16 16 6 4 1 1 0 2 0 0 0 2253 684 31 33 22 6 3 2 2 5 1 1 0
1512 558 16 17 7 4 1 1 0 3 0 0 0 2412 718 31 38 22 7 3 3 2 5 1 1 0
1585 572 16 17 7 4 1 1 0 3 0 0 0 2424 735 31 40 22 7 3 3 2 6 1 1 0
1690 605 17 17 7 4 1 1 0 3 0 0 0 2548 772 31 40 28 8 4 3 2 6 1 1 0
1727 626 17 17 7 4 1 1 0 3 0 0 0 2563 827 31 40 28 8 4 3 2 6 1 1 0
