# scores for worst/random/best/smart move selector strategies. 
# scores are 50% and 95% quantiles (based on 40 games) of: 
# game score, #destroyed, #unlocked, #stripes, #bombs, #zappers
0 0 0 0 0 0 0 0 0 0 0 0 0 6 6 0 0 0 0 0 0 0 0 0 0 0
6 6 0 0 0 0 0 0 0 0 0 0 0 10 10 0 0 0 0 0 0 0 0 0 0 0
9 9 0 0 0 0 0 0 0 0 0 0 0 35 23 0 0 0 0 0 0 0 0 0 0 0
15 15 0 0 0 0 0 0 0 0 0 0 0 60 40 1 1 0 0 0 0 0 0 0 0 0
18 18 0 0 0 0 0 0 0 0 0 0 0 63 43 1 1 0 0 0 0 0 0 0 0 0
21 21 0 0 0 0 0 0 0 0 0 0 0 96 48 1 1 0 0 0 0 0 0 0 0 0
30 30 0 0 0 0 0 0 0 0 0 0 0 101 52 1 1 0 0 0 0 0 0 0 0 0
36 34 0 0 0 0 0 0 0 0 0 0 0 112 61 1 1 0 0 0 0 0 0 0 0 0
40 39 0 0 0 0 0 0 0 0 0 0 0 117 65 2 1 0 0 0 0 0 0 0 0 0
47 42 0 0 0 0 0 0 0 0 0 0 0 129 73 2 1 0 0 0 0 0 0 0 0 0
54 51 0 0 0 0 0 0 0 0 0 0 0 132 77 2 1 0 0 0 0 0 0 0 0 0
61 57 0 0 0 0 0 0 0 0 0 0 0 137 84 3 1 0 0 0 0 0 0 0 0 0
66 63 0 0 0 0 0 0 0 0 0 0 0 143 98 3 1 0 0 0 0 0 0 0 0 0
72 69 0 0 0 0 0 0 0 0 0 0 0 186 114 3 2 0 1 0 0 0 0 0 0 0
76 72 0 0 0 0 0 0 0 0 0 0 0 189 117 4 2 1 1 0 0 0 0 0 0 0
86 79 0 0 0 0 0 0 0 0 0 0 0 197 126 4 2 1 1 0 0 0 0 0 0 0
96 87 0 0 0 0 0 0 0 0 0 0 0 239 140 4 2 1 1 0 0 0 0 0 0 0
99 94 0 0 0 0 0 0 0 0 0 0 0 249 152 4 3 1 1 0 0 0 0 0 0 0
114 101 0 1 0 0 0 0 0 0 0 0 0 277 170 6 3 1 1 0 0 0 0 0 0 0
141 104 0 1 0 0 0 0 0 0 0 0 0 333 196 7 3 1 1 0 0 0 0 0 0 0
150 116 0 1 0 0 0 0 0 0 0 0 0 338 200 7 3 1 1 0 0 0 0 0 0 0
159 121 0 1 0 0 0 0 0 0 0 0 0 341 203 8 3 1 1 0 0 0 0 0 0 0
166 127 0 1 0 0 0 0 0 0 0 0 0 345 208 8 3 1 1 0 0 0 0 0 0 0
169 131 0 1 0 0 0 0 0 0 0 0 0 374 228 8 3 1 1 0 0 0 0 0 0 0
172 137 0 1 0 0 0 0 0 0 0 0 0 395 237 8 4 1 1 0 0 0 0 0 0 0
185 145 1 1 0 0 0 0 0 0 0 0 0 398 240 9 4 1 1 0 0 0 0 0 0 0
189 153 1 1 0 0 0 0 0 0 0 0 0 406 249 9 4 1 1 0 0 0 0 0 0 0
205 163 1 1 0 0 0 0 0 0 0 0 0 416 258 9 4 1 1 0 0 0 0 0 0 0
213 171 2 1 0 0 0 0 0 0 0 0 0 489 287 9 4 2 1 0 0 0 0 0 0 0
225 176 2 1 0 0 0 0 0 0 0 0 0 494 294 10 5 2 1 0 0 0 0 0 0 0
249 185 2 2 0 0 0 0 0 0 0 0 0 497 303 10 6 2 1 0 0 0 0 0 0 0
264 190 2 2 0 0 0 0 0 0 0 0 0 512 311 10 6 2 1 0 0 0 0 0 0 0
271 199 2 2 0 0 0 0 0 0 0 0 0 537 318 10 6 2 1 0 0 0 0 0 0 0
277 210 2 2 0 0 0 0 0 0 0 0 0 543 324 10 6 2 1 0 0 0 0 0 0 0
291 214 2 2 0 0 0 0 0 0 0 0 0 575 329 10 7 2 1 0 0 0 0 0 0 0
305 224 2 2 0 0 0 0 0 0 0 0 0 657 349 12 7 4 1 0 0 0 0 0 0 0
308 234 2 2 0 0 0 0 0 0 0 0 0 664 353 12 7 5 1 0 0 0 0 0 0 0
327 238 2 2 0 0 0 0 0 0 0 0 0 670 356 12 7 5 1 0 0 0 0 0 0 0
332 241 2 2 1 0 0 0 0 0 0 0 0 675 359 12 7 5 1 0 0 0 0 0 0 0
350 249 2 2 1 0 0 0 0 0 0 0 0 682 366 12 8 5 1 0 0 0 0 0 0 0
353 256 2 3 1 0 0 0 0 0 0 0 0 685 373 12 8 5 1 0 0 0 0 0 0 0
