# scores for worst/random/best/smart move selector strategies. 
# scores are 50% and 95% quantiles (based on 40 games) of: 
# game score, #destroyed, #unlocked, #stripes, #bombs, #zappers
3 3 0 0 0 0 0 0 0 0 0 0 0 12 12 0 0 0 0 0 0 0 0 0 0 0
6 6 0 0 0 0 0 0 0 0 0 0 0 15 15 0 0 0 0 0 0 0 0 0 0 0
9 9 0 0 0 0 0 0 0 0 0 0 0 20 20 0 0 0 0 0 0 0 0 0 0 0
13 13 0 0 0 0 0 0 0 0 0 0 0 29 29 0 0 0 0 0 0 0 0 0 0 0
17 17 0 0 0 0 0 0 0 0 0 0 0 33 33 0 0 0 0 0 0 0 0 0 0 0
21 21 0 0 0 0 0 0 0 0 0 0 0 36 36 0 0 0 0 0 0 0 0 0 0 0
25 25 0 0 0 0 0 0 0 0 0 0 0 57 40 0 0 0 0 0 0 0 0 0 0 0
29 29 0 0 0 0 0 0 0 0 0 0 0 75 43 0 0 0 0 0 0 0 0 0 0 0
33 33 0 0 0 0 0 0 0 0 0 0 0 78 47 0 0 0 0 0 0 0 0 0 0 0
38 38 0 0 0 0 0 0 0 0 0 0 0 84 54 0 1 0 0 0 0 0 0 0 0 0
41 41 0 0 0 0 0 0 0 0 0 0 0 87 57 0 1 0 0 0 0 0 0 0 0 0
44 44 0 0 0 0 0 0 0 0 0 0 0 90 60 0 1 0 0 0 0 0 0 0 0 0
48 48 0 0 0 0 0 0 0 0 0 0 0 96 66 0 1 0 0 0 0 0 0 0 0 0
53 53 0 0 0 0 0 0 0 0 0 0 0 99 69 0 1 0 0 0 0 0 0 0 0 0
57 57 0 0 0 0 0 0 0 0 0 0 0 105 76 0 1 0 0 0 0 0 0 0 0 0
60 60 0 0 0 0 0 0 0 0 0 0 0 109 79 0 1 0 0 0 0 0 0 0 0 0
63 63 0 0 0 0 0 0 0 0 0 0 0 112 82 0 1 0 0 0 0 0 0 0 0 0
67 67 0 0 0 0 0 0 0 0 0 0 0 116 86 0 1 0 0 0 0 0 0 0 0 0
74 72 0 0 0 0 0 0 0 0 0 0 0 122 90 0 1 0 0 0 0 0 0 0 0 0
80 75 0 0 0 0 0 0 0 0 0 0 0 128 96 0 1 0 0 0 0 0 0 0 0 0
86 79 0 0 0 0 0 0 0 0 0 0 0 138 101 0 2 0 0 0 0 0 0 0 0 0
92 83 0 0 0 0 0 0 0 0 0 0 0 156 104 0 2 0 0 0 0 0 0 0 0 0
95 86 0 0 0 0 0 0 0 0 0 0 0 161 107 0 2 0 0 0 0 0 0 0 0 0
100 91 0 0 0 0 0 0 0 0 0 0 0 174 112 0 2 0 0 0 0 0 0 0 0 0
104 96 0 0 0 0 0 0 0 0 0 0 0 177 117 0 3 0 0 0 0 0 0 0 0 0
107 102 0 0 0 0 0 0 0 0 0 0 0 180 121 0 3 0 0 0 0 0 0 0 0 0
111 106 0 0 0 0 0 0 0 0 0 0 0 188 126 0 3 0 0 0 0 0 0 0 0 0
114 109 0 0 0 0 0 0 0 0 0 0 0 199 132 0 3 0 0 0 0 0 0 0 0 0
129 115 0 0 0 0 0 0 0 0 0 0 0 203 135 0 3 0 0 0 0 0 0 0 0 0
132 119 0 0 0 0 0 0 0 0 0 0 0 208 143 0 3 0 0 0 0 0 0 0 0 0
136 122 0 0 0 0 0 0 0 0 0 0 0 217 148 0 3 0 0 0 0 0 0 0 0 0
143 125 0 1 0 0 0 0 0 0 0 0 0 222 152 0 3 0 0 0 0 0 0 0 0 0
150 129 0 1 0 0 0 0 0 0 0 0 0 228 157 0 3 0 0 1 0 0 0 0 0 0
163 133 0 1 0 0 0 0 0 0 0 0 0 231 162 0 3 0 0 1 0 0 0 0 0 0
166 136 0 1 0 0 0 0 0 0 0 0 0 234 166 0 3 0 0 1 0 0 0 0 0 0
169 140 0 1 0 0 0 0 0 0 0 0 0 237 169 0 3 0 0 1 0 0 0 0 0 0
174 144 0 1 0 0 0 0 0 0 0 0 0 250 174 0 3 0 0 1 0 0 0 0 0 0
177 147 0 1 0 0 0 0 0 0 0 0 0 267 185 0 3 1 0 1 0 0 0 0 0 0
180 152 0 1 0 0 0 0 0 0 0 0 0 272 189 0 3 1 0 1 0 0 0 0 0 0
185 155 0 1 0 0 0 0 0 0 0 0 0 291 200 0 4 1 0 1 0 0 0 0 0 0
189 159 0 1 0 0 0 0 0 0 0 0 0 294 203 0 4 1 0 1 0 0 0 0 0 0
