# scores for worst/random/best/smart move selector strategies. 
# scores are 50% and 95% quantiles (based on 40 games) of: 
# game score, #destroyed, #unlocked, #stripes, #bombs, #zappers
1 1 0 0 0 0 0 0 0 0 0 0 0 10 10 0 0 0 0 0 0 0 0 0 0 0
6 6 0 0 0 0 0 0 0 0 0 0 0 16 16 0 0 0 0 0 0 0 0 0 0 0
10 10 0 0 0 0 0 0 0 0 0 0 0 35 24 0 0 0 0 0 0 0 0 0 0 0
14 14 0 0 0 0 0 0 0 0 0 0 0 56 30 0 0 0 0 0 0 0 0 0 0 0
18 18 0 0 0 0 0 0 0 0 0 0 0 69 34 0 1 0 0 0 0 0 0 0 0 0
24 24 0 0 0 0 0 0 0 0 0 0 0 75 45 1 1 0 0 0 0 0 0 0 0 0
29 28 0 0 0 0 0 0 0 0 0 0 0 98 48 2 1 0 0 0 0 0 0 0 0 0
36 33 0 0 0 0 0 0 0 0 0 0 0 118 64 3 2 0 0 1 0 0 0 0 0 0
50 37 0 0 0 0 0 0 0 0 0 0 0 127 67 3 2 0 0 1 0 0 0 0 0 0
63 44 0 1 0 0 0 0 0 0 0 0 0 130 71 3 3 0 0 1 0 0 0 0 0 0
70 47 0 1 0 0 0 0 0 0 0 0 0 151 79 3 3 0 0 1 0 0 0 0 0 0
77 54 0 1 0 0 0 0 0 0 0 0 0 226 91 5 4 1 0 1 0 0 0 0 0 0
86 61 1 1 0 0 0 0 0 0 0 0 0 245 103 5 4 1 0 1 0 0 0 0 0 0
94 65 2 1 0 0 0 0 0 0 0 0 0 249 107 7 4 1 0 1 1 0 0 0 0 0
107 70 2 1 0 0 0 0 0 0 0 0 0 253 111 7 4 1 0 1 1 0 0 0 0 0
112 74 2 1 0 0 0 0 0 0 0 0 0 289 115 7 5 1 0 1 1 0 0 0 0 0
116 78 2 1 0 0 0 0 0 0 0 0 0 293 125 7 5 1 0 1 1 0 0 0 0 0
125 82 2 2 0 0 0 0 0 0 0 0 0 298 128 7 5 1 0 1 1 0 0 0 0 0
128 86 2 2 0 0 0 0 0 0 0 0 0 315 131 7 6 1 0 1 1 0 0 0 0 0
134 90 2 2 0 0 0 0 0 0 0 0 0 318 140 7 6 1 0 1 1 0 0 0 0 0
140 93 2 2 0 0 0 0 0 0 0 0 0 341 149 7 6 1 0 1 1 0 0 0 0 0
143 98 2 2 0 0 0 0 0 0 0 0 0 354 153 7 7 1 0 1 1 0 0 0 0 0
174 105 2 2 0 0 0 0 0 0 0 0 0 360 156 7 7 1 0 1 1 0 0 0 0 0
184 109 2 3 0 0 0 0 0 0 0 0 0 364 159 7 7 1 0 1 1 0 0 0 0 0
194 114 2 3 0 0 0 0 0 0 0 0 0 369 163 7 7 1 0 1 1 0 0 0 0 0
202 120 2 3 0 0 0 0 0 0 0 0 0 380 170 7 7 1 1 1 1 0 0 0 0 0
217 127 2 3 0 0 1 0 0 0 0 0 0 383 173 10 7 1 1 2 1 0 1 0 0 0
223 132 2 3 0 0 1 0 0 0 0 0 0 386 176 10 7 1 1 2 1 0 1 0 0 0
240 138 3 4 0 0 1 0 0 0 0 0 0 454 181 11 10 1 1 2 1 0 1 0 0 0
247 141 3 4 0 0 1 0 0 0 0 0 0 459 188 11 10 1 1 2 1 0 1 0 0 0
254 144 3 4 0 0 1 0 0 0 0 0 0 479 200 11 10 1 1 2 1 0 1 0 0 0
259 151 3 4 0 0 1 0 0 0 0 0 0 524 214 11 11 1 1 2 1 0 1 0 0 0
270 157 3 4 0 0 1 0 0 0 0 0 0 545 220 11 11 1 1 2 1 0 1 0 0 0
286 160 3 4 0 0 1 0 0 0 0 0 0 585 224 11 12 1 1 2 1 0 1 0 0 0
298 164 3 5 0 0 1 0 0 0 0 0 0 589 227 11 12 1 1 2 1 0 1 0 0 0
301 167 3 5 0 0 1 0 0 0 0 0 0 595 230 11 12 1 1 2 1 0 1 0 0 0
318 177 3 5 0 0 1 0 0 0 0 0 0 598 236 11 12 1 1 2 1 0 1 0 0 0
331 184 3 5 0 0 1 0 0 0 0 0 0 604 239 11 12 1 1 2 1 0 1 0 0 0
338 189 3 5 0 0 1 0 0 0 0 0 0 607 243 11 12 1 1 2 1 0 1 0 0 0
351 193 4 5 0 0 1 0 0 0 0 0 0 632 255 11 12 1 1 2 1 0 1 0 0 0
366 199 4 6 0 0 1 0 0 0 0 0 0 636 261 11 12 1 1 2 1 0 1 0 0 0
