# scores for worst/random/best/smart move selector strategies. 
# scores are 50% and 95% quantiles (based on 40 games) of: 
# game score, #destroyed, #unlocked, #stripes, #bombs, #zappers
1 1 0 0 0 0 0 0 0 0 0 0 0 10 10 0 0 0 0 0 0 0 0 0 0 0
6 6 0 0 0 0 0 0 0 0 0 0 0 14 14 0 0 0 0 0 0 0 0 0 0 0
9 9 0 0 0 0 0 0 0 0 0 0 0 17 17 0 0 0 0 0 0 0 0 0 0 0
15 15 0 0 0 0 0 0 0 0 0 0 0 27 24 0 0 0 0 0 0 0 0 0 0 0
18 18 0 0 0 0 0 0 0 0 0 0 0 45 29 0 0 0 0 0 0 0 0 0 0 0
21 21 0 0 0 0 0 0 0 0 0 0 0 48 34 0 0 0 0 0 0 0 0 0 0 0
26 26 0 0 0 0 0 0 0 0 0 0 0 52 37 0 1 0 0 0 0 0 0 0 0 0
30 30 0 0 0 0 0 0 0 0 0 0 0 55 40 0 1 0 0 0 0 0 0 0 0 0
33 33 0 0 0 0 0 0 0 0 0 0 0 66 45 0 1 0 0 0 0 0 0 0 0 0
37 37 0 0 0 0 0 0 0 0 0 0 0 77 50 0 1 0 0 0 0 0 0 0 0 0
42 40 0 0 0 0 0 0 0 0 0 0 0 80 54 0 1 0 0 0 0 0 0 0 0 0
45 45 0 0 0 0 0 0 0 0 0 0 0 83 59 0 1 0 0 0 0 0 0 0 0 0
49 48 0 0 0 0 0 0 0 0 0 0 0 99 63 2 1 0 0 0 0 0 0 0 0 0
53 52 0 0 0 0 0 0 0 0 0 0 0 102 68 2 1 0 0 0 0 0 0 0 0 0
61 55 0 0 0 0 0 0 0 0 0 0 0 115 71 2 1 0 0 0 0 0 0 0 0 0
68 59 0 0 0 0 0 0 0 0 0 0 0 124 75 2 2 0 0 0 0 0 0 0 0 0
75 67 0 0 0 0 0 0 0 0 0 0 0 131 80 2 2 0 0 0 0 0 0 0 0 0
78 73 0 0 0 0 0 0 0 0 0 0 0 136 84 2 2 0 0 0 0 0 0 0 0 0
82 76 0 0 0 0 0 0 0 0 0 0 0 140 89 2 2 0 0 0 0 0 0 0 0 0
85 79 0 0 0 0 0 0 0 0 0 0 0 143 92 2 2 0 0 0 0 0 0 0 0 0
90 82 0 0 0 0 0 0 0 0 0 0 0 148 95 2 2 0 0 0 0 0 0 0 0 0
94 86 0 0 0 0 0 0 0 0 0 0 0 152 104 2 2 0 0 0 0 0 0 0 0 0
100 92 0 0 0 0 0 0 0 0 0 0 0 190 112 2 2 0 0 0 0 0 0 0 0 0
103 95 0 0 0 0 0 0 0 0 0 0 0 193 115 2 2 0 0 0 0 0 0 0 0 0
106 100 0 0 0 0 0 0 0 0 0 0 0 220 118 2 2 0 1 0 0 0 0 0 0 0
120 103 0 1 0 0 0 0 0 0 0 0 0 223 122 2 2 0 1 0 0 0 0 0 0 0
125 107 0 1 0 0 0 0 0 0 0 0 0 227 125 2 2 0 1 1 0 0 0 0 0 0
133 112 0 1 0 0 0 0 0 0 0 0 0 232 131 2 2 1 1 1 0 0 0 0 0 0
136 115 0 1 0 0 0 0 0 0 0 0 0 236 136 2 2 1 1 1 0 0 0 0 0 0
139 120 0 1 0 0 0 0 0 0 0 0 0 240 142 2 2 1 1 1 0 0 0 0 0 0
142 124 0 1 0 0 0 0 0 0 0 0 0 243 145 2 2 1 1 1 0 0 0 0 0 0
146 127 0 1 0 0 0 0 0 0 0 0 0 246 151 2 2 1 1 1 0 0 0 0 0 0
153 131 0 1 0 0 0 0 0 0 0 0 0 253 154 2 3 1 1 1 0 0 0 0 0 0
160 134 0 1 0 0 0 0 0 0 0 0 0 256 157 2 3 1 1 1 0 0 0 0 0 0
165 137 0 1 0 0 0 0 0 0 0 0 0 260 161 2 3 1 1 1 0 0 0 0 0 0
169 142 0 1 0 0 0 0 0 0 0 0 0 291 168 2 3 1 1 1 0 0 0 0 0 0
176 146 0 1 0 0 0 0 0 0 0 0 0 294 171 2 3 1 1 1 0 0 0 0 0 0
185 149 0 1 0 0 0 0 0 0 0 0 0 297 174 2 3 1 1 1 0 0 0 0 0 0
192 155 1 1 0 0 0 0 0 0 0 0 0 302 179 2 3 1 1 1 0 0 0 0 0 0
202 161 1 1 0 0 0 0 0 0 0 0 0 305 182 2 3 1 1 1 0 0 0 0 0 0
210 165 1 1 0 0 0 0 0 0 0 0 0 308 186 2 3 1 1 1 0 0 0 0 0 0
