# scores for worst/random/best/smart move selector strategies. 
# scores are 50% and 95% quantiles (based on 40 games) of: 
# game score, #destroyed, #unlocked, #stripes, #bombs, #zappers
1 1 0 0 0 0 0 0 0 0 0 0 0 10 10 0 0 0 0 0 0 0 0 0 0 0
6 6 0 0 0 0 0 0 0 0 0 0 0 16 16 0 0 0 0 0 0 0 0 0 0 0
12 12 0 0 0 0 0 0 0 0 0 0 0 37 24 0 0 0 0 0 0 0 0 0 0 0
19 18 0 0 0 0 0 0 0 0 0 0 0 59 30 1 1 0 0 0 0 0 0 0 0 0
27 23 0 0 0 0 0 0 0 0 0 0 0 71 42 2 1 0 0 0 0 0 0 0 0 0
31 28 0 0 0 0 0 0 0 0 0 0 0 77 47 2 1 0 0 0 0 0 0 0 0 0
47 34 0 0 0 0 0 0 0 0 0 0 0 122 52 4 2 0 0 1 0 0 0 0 0 0
62 39 0 0 0 0 0 0 0 0 0 0 0 179 71 4 2 1 0 1 0 0 0 0 0 0
74 46 0 1 0 0 0 0 0 0 0 0 0 182 77 4 3 1 1 1 1 0 0 0 0 0
88 53 1 1 0 0 0 0 0 0 0 0 0 237 86 4 5 1 1 1 1 0 1 0 0 0
91 59 1 1 0 0 0 0 0 0 0 0 0 251 93 4 5 1 1 1 1 0 1 0 0 0
117 66 2 1 0 0 0 0 0 0 0 0 0 257 99 6 5 1 1 1 1 0 1 0 0 0
130 72 2 2 0 0 0 0 0 0 0 0 0 318 106 6 6 2 1 1 1 0 1 0 0 0
146 81 2 2 0 0 0 0 0 0 0 0 0 326 112 8 6 2 1 1 1 0 1 0 0 0
178 89 2 2 0 0 0 0 0 0 0 0 0 330 120 8 6 2 1 1 1 0 1 0 0 0
189 93 2 3 0 0 0 0 0 0 0 0 0 335 125 8 6 2 1 1 1 0 1 0 0 0
193 100 2 3 0 0 0 0 0 0 0 0 0 360 133 8 6 2 1 1 1 0 1 0 0 0
220 106 2 3 0 0 0 0 0 0 0 0 0 374 138 8 7 2 2 1 1 0 2 0 0 0
235 111 2 3 0 0 0 0 0 0 0 0 0 377 141 8 7 2 2 1 1 1 2 0 0 0
249 123 2 3 0 0 0 0 0 0 0 0 0 385 156 8 7 2 2 2 1 1 2 0 0 0
256 131 3 4 0 0 0 0 0 0 0 0 0 431 161 8 7 2 2 2 1 1 2 0 0 0
264 137 3 4 0 0 0 0 0 0 0 0 0 450 170 8 7 2 3 2 1 1 2 0 0 0
285 144 3 4 0 0 0 0 0 0 0 0 0 468 173 8 8 2 3 2 1 1 2 1 0 0
293 148 3 4 1 0 0 0 0 0 0 0 0 492 181 8 8 2 3 2 1 1 2 1 0 0
325 159 3 4 1 0 0 0 0 0 0 0 0 514 189 8 9 2 3 2 1 1 2 1 0 0
336 164 3 5 1 0 0 0 0 0 0 0 0 535 194 8 9 2 3 2 1 1 2 1 0 0
351 171 3 5 1 1 1 0 0 0 0 0 0 564 217 8 9 2 3 2 1 1 2 1 0 0
360 175 3 5 1 1 1 0 0 1 0 0 0 600 230 8 9 2 3 2 1 1 3 1 0 0
394 185 4 6 1 1 1 0 0 1 0 0 0 648 238 9 9 2 3 2 1 1 3 1 0 0
405 194 4 6 1 1 1 0 0 1 0 0 0 654 246 9 9 2 3 2 1 1 3 1 0 0
409 199 4 6 1 1 1 0 0 1 0 0 0 664 252 9 10 2 3 2 1 1 3 1 0 0
447 208 4 6 1 1 1 0 0 1 0 0 0 681 261 9 10 2 3 2 1 1 3 1 0 0
457 214 4 6 1 1 1 0 0 1 0 0 0 690 271 9 11 2 3 2 1 1 3 1 0 0
463 221 4 7 1 1 1 0 0 1 0 0 0 696 280 9 11 2 3 2 1 1 3 1 0 0
491 228 4 7 1 1 1 0 0 1 0 0 0 700 284 9 11 2 3 3 1 1 3 1 0 0
501 231 4 7 1 1 1 0 0 1 0 0 0 801 292 9 16 2 3 3 1 1 3 1 0 0
519 236 4 7 1 1 1 0 0 1 0 0 0 827 301 9 16 2 4 3 1 1 4 1 0 0
526 245 5 8 1 1 1 0 0 1 0 0 0 1078 305 9 16 3 4 3 1 1 4 1 0 0
534 251 5 8 1 1 1 0 0 1 0 0 0 1081 335 9 16 3 4 3 1 1 4 1 0 0
553 263 5 8 1 1 1 0 0 1 0 0 0 1088 346 9 16 3 4 3 2 1 4 1 0 0
570 269 5 8 1 1 1 0 0 1 0 0 0 1144 354 9 17 3 4 3 2 1 4 1 0 0
