# scores for worst/random/best/smart move selector strategies. 
# scores are 50% and 95% quantiles (based on 40 games) of: 
# game score, #destroyed, #unlocked, #stripes, #bombs, #zappers
1 1 0 0 0 0 0 0 0 0 0 0 0 10 10 0 0 0 0 0 0 0 0 0 0 0
6 6 0 0 0 0 0 0 0 0 0 0 0 16 16 0 0 0 0 0 0 0 0 0 0 0
9 9 0 0 0 0 0 0 0 0 0 0 0 24 24 0 0 0 0 0 0 0 0 0 0 0
12 12 0 0 0 0 0 0 0 0 0 0 0 27 27 0 0 0 0 0 0 0 0 0 0 0
15 15 0 0 0 0 0 0 0 0 0 0 0 30 30 0 0 0 0 0 0 0 0 0 0 0
20 20 0 0 0 0 0 0 0 0 0 0 0 41 40 0 0 0 0 0 0 0 0 0 0 0
24 24 0 0 0 0 0 0 0 0 0 0 0 44 43 0 0 0 0 0 0 0 0 0 0 0
27 27 0 0 0 0 0 0 0 0 0 0 0 47 46 0 0 0 0 0 0 0 0 0 0 0
30 30 0 0 0 0 0 0 0 0 0 0 0 52 49 0 0 0 0 0 0 0 0 0 0 0
34 34 0 0 0 0 0 0 0 0 0 0 0 55 52 0 0 0 0 0 0 0 0 0 0 0
39 39 0 0 0 0 0 0 0 0 0 0 0 58 55 0 0 0 0 0 0 0 0 0 0 0
42 42 0 0 0 0 0 0 0 0 0 0 0 61 60 0 0 0 0 0 0 0 0 0 0 0
45 45 0 0 0 0 0 0 0 0 0 0 0 65 64 0 0 0 0 0 0 0 0 0 0 0
48 48 0 0 0 0 0 0 0 0 0 0 0 68 67 0 0 0 0 0 0 0 0 0 0 0
52 52 0 0 0 0 0 0 0 0 0 0 0 91 74 0 0 0 0 0 0 0 0 0 0 0
57 57 0 0 0 0 0 0 0 0 0 0 0 96 78 0 0 0 0 0 0 0 0 0 0 0
60 60 0 0 0 0 0 0 0 0 0 0 0 104 81 0 1 0 0 0 0 0 0 0 0 0
63 63 0 0 0 0 0 0 0 0 0 0 0 109 86 0 1 0 0 0 0 0 0 0 0 0
66 66 0 0 0 0 0 0 0 0 0 0 0 113 94 0 1 0 0 0 0 0 0 0 0 0
71 71 0 0 0 0 0 0 0 0 0 0 0 116 98 0 1 0 0 0 0 0 0 0 0 0
75 75 0 0 0 0 0 0 0 0 0 0 0 121 103 1 1 0 0 0 0 0 0 0 0 0
78 78 0 0 0 0 0 0 0 0 0 0 0 124 106 1 1 0 0 0 0 0 0 0 0 0
83 83 0 0 0 0 0 0 0 0 0 0 0 129 109 1 1 0 0 0 0 0 0 0 0 0
87 87 0 0 0 0 0 0 0 0 0 0 0 134 113 1 1 0 0 0 0 0 0 0 0 0
90 90 0 0 0 0 0 0 0 0 0 0 0 137 116 1 1 0 0 0 0 0 0 0 0 0
96 96 0 0 0 0 0 0 0 0 0 0 0 141 123 1 1 0 0 0 0 0 0 0 0 0
99 99 0 0 0 0 0 0 0 0 0 0 0 144 126 1 1 0 0 0 0 0 0 0 0 0
102 102 0 0 0 0 0 0 0 0 0 0 0 147 129 1 1 0 0 0 0 0 0 0 0 0
106 106 0 0 0 0 0 0 0 0 0 0 0 150 132 1 1 0 0 0 0 0 0 0 0 0
111 111 0 0 0 0 0 0 0 0 0 0 0 154 135 1 1 0 0 0 0 0 0 0 0 0
115 115 0 0 0 0 0 0 0 0 0 0 0 157 138 1 1 0 0 0 0 0 0 0 0 0
119 119 0 0 0 0 0 0 0 0 0 0 0 160 142 1 1 0 0 0 0 0 0 0 0 0
125 124 0 0 0 0 0 0 0 0 0 0 0 176 147 1 1 0 0 0 0 0 0 0 0 0
129 128 0 0 0 0 0 0 0 0 0 0 0 179 150 1 1 0 0 0 0 0 0 0 0 0
132 131 0 0 0 0 0 0 0 0 0 0 0 182 153 1 1 0 0 0 0 0 0 0 0 0
135 134 0 0 0 0 0 0 0 0 0 0 0 185 157 1 1 0 0 0 0 0 0 0 0 0
138 137 0 0 0 0 0 0 0 0 0 0 0 204 161 2 2 0 0 0 0 0 0 0 0 0
142 140 0 0 0 0 0 0 0 0 0 0 0 221 164 2 2 0 0 0 0 0 0 0 0 0
145 144 0 0 0 0 0 0 0 0 0 0 0 228 168 2 2 0 0 0 0 0 0 0 0 0
148 147 0 0 0 0 0 0 0 0 0 0 0 231 171 2 2 0 0 0 0 0 0 0 0 0
153 151 0 0 0 0 0 0 0 0 0 0 0 234 174 2 2 0 0 0 0 0 0 0 0 0
