# scores for worst/random/best/smart move selector strategies. 
# scores are 50% and 95% quantiles (based on 40 games) of: 
# game score, #destroyed, #unlocked, #stripes, #bombs, #zappers
3 3 0 0 0 0 0 0 0 0 0 0 0 12 12 0 0 0 0 0 0 0 0 0 0 0
10 10 0 0 0 0 0 0 0 0 0 0 0 39 27 0 0 0 0 0 0 0 0 0 0 0
19 18 0 0 0 0 0 0 0 0 0 0 0 103 53 0 2 1 1 0 0 0 1 0 0 0
34 29 0 0 0 0 0 0 0 0 0 0 0 140 61 0 2 1 1 1 0 0 1 0 0 0
78 39 0 0 0 0 0 0 0 0 0 0 0 158 70 0 3 1 1 1 1 0 1 0 0 0
107 50 0 1 0 0 0 0 0 0 0 0 0 186 86 1 3 1 1 1 1 0 1 0 0 0
124 61 0 1 0 0 0 0 0 0 0 0 0 231 98 1 3 1 1 1 1 0 1 0 0 0
153 75 0 2 0 0 0 0 0 0 0 0 0 289 120 2 4 1 2 1 1 0 2 0 0 0
178 87 0 2 0 0 0 0 0 0 0 0 0 320 129 2 5 2 2 1 1 0 2 0 0 0
225 108 0 3 1 0 0 0 0 0 0 0 0 429 155 2 7 2 3 1 1 0 2 0 0 0
255 118 0 3 1 0 0 0 0 0 0 0 0 495 170 2 8 2 3 1 1 0 2 0 0 0
275 126 0 3 1 0 0 0 0 0 0 0 0 501 176 2 8 2 3 1 1 0 2 0 0 0
296 133 0 3 1 0 0 0 0 0 0 0 0 532 191 2 9 2 3 2 1 0 2 0 0 0
319 146 0 3 1 1 0 0 0 1 0 0 0 632 213 2 9 3 3 2 1 0 2 0 0 0
365 156 0 5 1 1 0 0 0 1 0 0 0 665 223 2 10 3 3 2 1 0 2 0 0 0
383 167 0 5 1 1 1 0 0 1 0 0 0 719 230 2 10 3 3 2 1 0 2 0 0 0
404 178 0 5 1 1 1 0 0 1 0 0 0 733 238 2 10 4 3 2 2 0 2 0 0 0
433 184 0 5 1 1 1 0 0 1 0 0 0 738 244 2 10 4 3 2 2 0 2 0 0 0
456 196 0 5 1 1 1 0 0 1 0 0 0 786 250 2 10 4 3 2 2 0 3 0 0 0
485 214 0 6 1 1 1 1 0 1 0 0 0 935 270 2 16 4 3 2 2 0 3 0 0 0
522 221 0 6 2 1 1 1 0 1 0 0 0 954 289 2 16 4 3 2 2 0 3 0 0 0
538 235 0 7 2 1 1 1 0 1 0 0 0 960 302 2 16 5 3 2 2 0 3 0 0 0
566 245 0 7 2 1 1 1 0 1 0 0 0 1015 314 2 16 10 3 2 2 0 3 0 0 0
579 250 0 7 2 1 1 1 0 1 0 0 0 1022 330 2 20 10 4 2 2 0 3 1 0 0
627 257 0 8 2 1 1 1 0 1 0 0 0 1037 339 2 20 10 4 3 2 0 3 1 0 0
644 272 0 8 2 1 1 1 0 1 0 0 0 1075 347 2 20 10 4 3 2 0 3 1 0 0
652 279 0 9 2 2 1 1 0 1 0 0 0 1120 361 2 22 10 4 3 2 0 4 1 0 0
680 299 0 9 2 2 1 1 0 1 0 0 0 1174 383 2 22 10 5 3 2 0 4 1 0 0
716 313 0 10 2 2 1 1 0 1 0 0 0 1180 397 2 22 10 5 3 2 0 4 1 0 0
735 322 0 10 3 2 1 1 0 2 0 0 0 1276 406 2 23 14 5 3 2 0 4 1 1 0
757 336 0 10 3 2 1 1 0 2 0 0 0 1301 418 2 23 14 5 3 2 0 4 1 1 0
810 346 0 10 3 2 1 1 0 2 0 0 0 1318 424 2 24 14 5 4 2 1 4 1 1 0
820 362 0 12 3 2 1 1 0 2 0 0 0 1358 432 2 24 14 5 4 3 1 4 1 1 0
866 377 0 12 3 2 1 1 0 2 0 0 0 1377 445 2 24 14 5 4 3 1 4 1 1 0
880 382 0 12 3 2 1 1 0 2 0 0 0 1409 451 2 24 14 5 4 3 1 5 1 1 0
907 387 0 12 3 2 1 1 0 2 0 0 0 1485 483 2 24 15 5 4 3 1 5 1 1 0
934 410 0 13 3 2 1 1 0 2 0 0 0 1488 492 2 24 15 6 4 3 1 5 1 1 0
961 420 0 13 3 2 1 1 0 2 0 0 0 1494 500 2 25 15 6 4 3 1 5 1 1 0
990 430 0 14 3 2 1 1 0 2 0 0 0 1665 516 2 27 15 6 4 3 1 5 1 1 0
1019 438 0 14 3 2 1 1 0 2 0 0 0 1687 522 2 27 15 6 4 3 1 5 1 1 0
1046 448 0 14 3 2 2 1 0 2 0 0 0 1722 536 2 27 15 6 4 3 1 5 1 1 0
