# scores for worst/random/best/smart move selector strategies. 
# scores are 50% and 95% quantiles (based on 40 games) of: 
# game score, #destroyed, #unlocked, #stripes, #bombs, #zappers
3 3 0 0 0 0 0 0 0 0 0 0 0 12 12 0 0 0 0 0 0 0 0 0 0 0
9 9 0 0 0 0 0 0 0 0 0 0 0 18 18 0 0 0 0 0 0 0 0 0 0 0
12 12 0 0 0 0 0 0 0 0 0 0 0 25 24 0 0 0 0 0 0 0 0 0 0 0
15 15 0 0 0 0 0 0 0 0 0 0 0 28 28 0 0 0 0 0 0 0 0 0 0 0
21 21 0 0 0 0 0 0 0 0 0 0 0 60 37 0 0 0 0 0 0 0 0 0 0 0
24 24 0 0 0 0 0 0 0 0 0 0 0 67 46 0 0 0 0 0 0 0 0 0 0 0
27 27 0 0 0 0 0 0 0 0 0 0 0 70 49 0 0 0 0 0 0 0 0 0 0 0
31 31 0 0 0 0 0 0 0 0 0 0 0 74 52 0 0 0 0 0 0 0 0 0 0 0
36 36 0 0 0 0 0 0 0 0 0 0 0 85 56 0 1 0 0 0 0 0 0 0 0 0
39 39 0 0 0 0 0 0 0 0 0 0 0 90 63 0 1 0 0 0 0 0 0 0 0 0
45 44 0 0 0 0 0 0 0 0 0 0 0 106 69 0 1 1 0 0 0 0 0 0 0 0
48 48 0 0 0 0 0 0 0 0 0 0 0 109 72 0 1 1 0 0 0 0 0 0 0 0
52 52 0 0 0 0 0 0 0 0 0 0 0 114 77 0 1 1 0 0 0 0 0 0 0 0
57 56 0 0 0 0 0 0 0 0 0 0 0 134 88 0 1 1 0 0 0 0 0 0 0 0
61 61 0 0 0 0 0 0 0 0 0 0 0 137 91 0 1 1 0 0 0 0 0 0 0 0
65 64 0 0 0 0 0 0 0 0 0 0 0 140 96 0 1 1 0 0 0 0 0 0 0 0
69 68 0 0 0 0 0 0 0 0 0 0 0 143 99 0 1 1 0 0 0 0 0 0 0 0
74 73 0 0 0 0 0 0 0 0 0 0 0 148 102 0 1 1 0 0 0 0 0 0 0 0
81 78 0 0 0 0 0 0 0 0 0 0 0 164 107 0 1 1 0 0 0 0 0 0 0 0
85 82 0 0 0 0 0 0 0 0 0 0 0 169 113 0 1 1 0 0 0 0 0 0 0 0
89 87 0 0 0 0 0 0 0 0 0 0 0 175 119 0 1 1 0 0 0 0 0 0 0 0
95 91 0 0 0 0 0 0 0 0 0 0 0 178 124 0 1 1 0 0 0 0 0 0 0 0
99 96 0 0 0 0 0 0 0 0 0 0 0 192 127 0 1 1 0 0 0 0 0 0 0 0
104 100 0 0 0 0 0 0 0 0 0 0 0 195 131 0 1 1 0 0 0 0 0 0 0 0
109 104 0 0 0 0 0 0 0 0 0 0 0 200 134 0 2 1 0 0 0 0 0 0 0 0
112 108 0 0 0 0 0 0 0 0 0 0 0 207 137 0 2 1 0 0 0 0 0 0 0 0
119 111 0 0 0 0 0 0 0 0 0 0 0 211 142 0 2 1 0 0 0 0 0 0 0 0
122 116 0 0 0 0 0 0 0 0 0 0 0 214 146 0 2 1 0 0 0 0 0 0 0 0
129 120 0 0 0 0 0 0 0 0 0 0 0 219 149 0 2 1 0 0 0 0 0 0 0 0
134 124 0 0 0 0 0 0 0 0 0 0 0 222 153 0 2 1 0 0 0 0 0 0 0 0
137 127 0 0 0 0 0 0 0 0 0 0 0 233 158 0 2 1 0 0 0 0 0 0 0 0
143 130 0 0 0 0 0 0 0 0 0 0 0 236 161 0 2 1 0 0 0 0 0 0 0 0
146 135 0 0 0 0 0 0 0 0 0 0 0 239 166 0 2 1 0 0 0 0 0 0 0 0
149 138 0 0 0 0 0 0 0 0 0 0 0 261 170 0 2 1 0 0 0 0 0 0 0 0
154 142 0 0 0 0 0 0 0 0 0 0 0 265 177 0 2 1 0 0 0 0 0 0 0 0
157 146 0 0 0 0 0 0 0 0 0 0 0 268 181 0 2 1 0 0 0 0 0 0 0 0
164 151 0 0 0 0 0 0 0 0 0 0 0 271 184 0 2 1 0 0 0 0 0 0 0 0
169 155 0 0 0 0 0 0 0 0 0 0 0 276 191 0 2 1 0 0 0 0 0 0 0 0
176 162 0 0 0 0 0 0 0 0 0 0 0 286 199 0 2 1 0 0 0 0 0 0 0 0
181 167 0 0 0 0 0 0 0 0 0 0 0 289 202 0 2 1 0 0 0 0 0 0 0 0
187 170 0 0 0 0 0 0 0 0 0 0 0 296 208 0 2 1 0 0 0 0 0 0 0 0
