# scores for worst/random/best/smart move selector strategies. 
# scores are 50% and 95% quantiles (based on 40 games) of: 
# game score, #destroyed, #unlocked, #stripes, #bombs, #zappers
3 3 0 0 0 0 0 0 0 0 0 0 0 12 12 0 0 0 0 0 0 0 0 0 0 0
8 8 0 0 0 0 0 0 0 0 0 0 0 16 16 0 0 0 0 0 0 0 0 0 0 0
12 12 0 0 0 0 0 0 0 0 0 0 0 50 24 0 1 0 0 0 0 0 0 0 0 0
16 16 0 0 0 0 0 0 0 0 0 0 0 65 29 0 1 0 0 0 0 0 0 0 0 0
22 22 0 0 0 0 0 0 0 0 0 0 0 74 39 0 1 0 0 0 0 0 0 0 0 0
27 27 0 0 0 0 0 0 0 0 0 0 0 85 43 0 2 0 0 1 0 0 0 0 0 0
33 31 0 0 0 0 0 0 0 0 0 0 0 154 64 0 2 1 0 1 0 0 0 0 0 0
39 36 0 0 0 0 0 0 0 0 0 0 0 166 77 0 2 1 0 1 0 0 0 0 0 0
46 42 0 0 0 0 0 0 0 0 0 0 0 197 82 0 2 1 1 1 1 0 1 0 0 0
58 47 0 0 0 0 0 0 0 0 0 0 0 200 87 0 2 1 1 1 1 0 1 0 0 0
64 52 0 0 0 0 0 0 0 0 0 0 0 225 97 0 3 1 1 1 1 0 1 0 0 0
87 57 0 0 0 0 0 0 0 0 0 0 0 259 107 0 4 1 1 1 1 0 1 0 0 0
96 62 0 1 0 0 0 0 0 0 0 0 0 266 112 0 4 1 1 1 1 0 1 0 0 0
115 67 0 1 0 0 0 0 0 0 0 0 0 270 118 0 4 1 1 1 1 0 1 0 0 0
118 71 0 1 0 0 0 0 0 0 0 0 0 273 121 0 4 1 1 1 1 0 1 0 0 0
129 74 0 1 0 0 0 0 0 0 0 0 0 278 124 0 4 1 1 1 1 0 1 0 0 0
132 78 0 1 0 0 0 0 0 0 0 0 0 282 127 0 4 1 1 1 1 0 1 0 0 0
148 83 0 1 0 0 0 0 0 0 0 0 0 285 130 0 4 1 1 1 1 0 1 0 0 0
156 88 0 1 0 0 0 0 0 0 0 0 0 292 136 0 5 1 1 1 1 0 1 0 0 0
159 93 0 2 0 0 0 0 0 0 0 0 0 304 139 0 5 1 1 1 1 0 1 0 0 0
168 97 0 2 0 0 0 0 0 0 0 0 0 347 146 0 5 1 1 1 1 0 1 0 0 0
178 107 0 3 0 0 0 0 0 0 0 0 0 357 149 0 6 1 1 1 1 0 1 0 0 0
181 111 0 3 0 0 0 0 0 0 0 0 0 360 153 0 6 1 1 1 1 0 1 0 0 0
199 117 0 3 0 0 0 0 0 0 0 0 0 447 175 0 6 1 1 1 1 0 1 0 0 0
202 122 0 3 0 0 0 0 0 0 0 0 0 452 179 0 6 1 1 1 1 0 1 0 0 0
212 129 0 3 0 0 0 0 0 0 0 0 0 458 184 0 7 1 1 2 1 0 1 0 0 0
218 134 0 3 0 0 0 0 0 0 0 0 0 463 187 0 7 1 1 2 1 0 1 0 0 0
249 140 0 3 0 0 0 0 0 0 0 0 0 466 191 0 7 1 1 2 1 0 1 0 0 0
252 144 0 3 0 0 0 0 0 0 0 0 0 469 194 0 7 1 1 2 1 0 1 0 0 0
268 147 0 3 0 0 0 0 0 0 0 0 0 472 201 0 7 1 1 2 1 0 1 0 0 0
272 152 0 3 0 0 0 0 0 0 0 0 0 475 206 0 7 1 1 2 1 0 1 0 0 0
280 158 0 4 0 0 0 0 0 0 0 0 0 478 216 0 7 1 1 2 1 0 1 0 0 0
289 164 0 4 0 0 1 0 0 0 0 0 0 481 225 0 8 1 1 2 1 0 1 0 0 0
292 169 0 5 0 0 1 0 0 0 0 0 0 487 229 0 8 1 1 2 1 0 1 0 0 0
297 172 0 5 0 0 1 0 0 0 0 0 0 492 235 1 8 1 1 2 1 0 1 0 0 0
301 176 0 5 0 0 1 0 0 0 0 0 0 517 242 1 9 1 1 2 1 0 1 0 0 0
304 180 0 5 0 0 1 0 0 0 0 0 0 520 245 1 9 1 1 2 1 0 1 0 0 0
311 185 0 5 0 0 1 0 0 0 0 0 0 525 253 1 9 1 1 2 1 0 1 0 0 0
315 191 0 5 0 0 1 0 0 0 0 0 0 564 260 1 9 1 1 2 1 0 1 0 0 0
330 196 0 5 0 0 1 0 0 0 0 0 0 567 263 1 9 1 1 2 1 0 1 0 0 0
339 201 0 5 0 0 1 0 0 0 0 0 0 570 266 1 9 1 1 2 1 0 1 0 0 0
