# scores for worst/random/best/smart move selector strategies. 
# scores are 50% and 95% quantiles (based on 40 games) of: 
# game score, #destroyed, #unlocked, #stripes, #bombs, #zappers
3 3 0 0 0 0 0 0 0 0 0 0 0 12 12 0 0 0 0 0 0 0 0 0 0 0
8 8 0 0 0 0 0 0 0 0 0 0 0 18 18 0 0 0 0 0 0 0 0 0 0 0
13 13 0 0 0 0 0 0 0 0 0 0 0 44 28 0 1 0 0 0 0 0 0 0 0 0
21 20 0 0 0 0 0 0 0 0 0 0 0 62 36 0 1 0 0 0 0 0 0 0 0 0
29 26 0 0 0 0 0 0 0 0 0 0 0 102 46 0 1 1 0 0 0 0 0 0 0 0
52 33 0 0 0 0 0 0 0 0 0 0 0 108 53 0 2 1 0 1 0 0 0 0 0 0
68 41 0 1 0 0 0 0 0 0 0 0 0 153 66 0 2 1 0 1 0 0 0 0 0 0
78 47 0 1 0 0 0 0 0 0 0 0 0 165 71 0 2 1 0 1 0 0 0 0 0 0
99 53 0 1 0 0 0 0 0 0 0 0 0 195 81 0 3 1 1 1 1 0 1 0 0 0
120 61 0 2 0 0 0 0 0 0 0 0 0 229 91 1 4 1 1 1 1 0 1 0 0 0
127 66 0 2 0 0 0 0 0 0 0 0 0 248 98 1 4 1 1 1 1 0 1 0 0 0
131 70 0 2 0 0 0 0 0 0 0 0 0 255 104 1 4 1 1 1 1 0 1 0 0 0
149 77 0 2 0 0 0 0 0 0 0 0 0 261 111 1 5 1 1 1 1 0 1 0 0 0
167 86 0 3 0 0 0 0 0 0 0 0 0 301 121 1 5 1 1 1 1 0 1 0 0 0
188 94 0 3 0 0 0 0 0 0 0 0 0 409 133 2 9 1 1 1 1 0 1 0 0 0
200 102 0 3 0 0 0 0 0 0 0 0 0 420 146 2 9 1 1 2 1 0 1 0 0 0
207 108 0 4 0 0 0 0 0 0 0 0 0 425 153 2 9 1 1 2 1 0 1 0 0 0
213 115 0 4 0 0 0 0 0 0 0 0 0 451 162 2 9 1 1 2 1 0 1 0 0 0
228 125 0 4 0 0 0 0 0 0 0 0 0 454 168 2 9 1 1 2 1 0 1 0 0 0
261 134 0 4 0 0 0 0 0 0 0 0 0 458 173 2 10 1 1 2 1 0 1 0 0 0
276 142 0 4 0 0 0 0 0 0 0 0 0 464 178 2 10 1 2 2 1 0 2 0 0 0
292 147 0 5 0 0 0 0 0 0 0 0 0 471 189 2 10 1 2 2 1 0 2 0 0 0
295 153 0 5 0 0 0 0 0 0 0 0 0 505 197 2 10 1 2 2 1 0 2 0 0 0
322 159 0 5 0 0 0 0 0 0 0 0 0 510 204 2 10 1 2 2 1 0 2 0 0 0
350 170 0 6 0 0 1 0 0 0 0 0 0 549 211 2 13 1 2 2 1 0 2 1 0 0
358 177 0 6 0 0 1 0 0 0 0 0 0 576 223 2 13 2 2 2 1 0 2 1 0 0
369 185 0 6 0 0 1 0 0 0 0 0 0 625 230 2 13 2 2 2 1 0 2 1 0 0
392 191 0 6 1 1 1 0 0 0 0 0 0 640 237 2 14 2 2 2 1 0 2 1 0 0
396 197 0 6 1 1 1 0 0 0 0 0 0 679 263 2 14 2 2 2 1 0 2 1 0 0
412 204 0 7 1 1 1 0 0 0 0 0 0 715 274 2 15 2 3 3 1 0 2 1 0 0
440 214 0 7 1 1 1 0 0 0 0 0 0 767 290 2 17 2 3 3 1 0 2 1 0 0
476 222 0 8 1 1 1 0 0 1 0 0 0 800 299 2 19 2 3 3 1 0 2 1 0 0
493 228 0 8 1 1 1 0 0 1 0 0 0 825 310 2 19 2 3 3 1 0 2 1 0 0
499 234 0 8 1 1 1 0 0 1 0 0 0 849 315 2 19 3 3 3 1 0 2 1 0 0
508 244 0 9 1 1 1 0 0 1 0 0 0 887 332 2 20 3 3 3 1 0 3 1 0 0
521 251 0 9 1 1 1 0 0 1 0 0 0 911 336 2 20 3 3 3 1 0 3 1 0 0
566 256 0 9 1 1 1 0 0 1 0 0 0 935 343 2 20 3 3 3 1 0 3 1 0 0
577 264 0 9 1 1 1 0 0 1 0 0 0 949 355 2 20 3 3 3 1 0 3 1 0 0
595 273 0 9 1 1 1 0 0 1 0 0 0 969 370 2 20 3 3 3 2 0 3 1 0 0
620 280 0 9 1 1 1 0 0 1 0 0 0 975 377 2 22 3 4 3 2 0 3 1 0 0
632 286 0 9 1 1 1 0 0 1 0 0 0 991 386 2 22 3 4 3 2 0 3 1 0 0
