# scores for worst/random/best/smart move selector strategies. 
# scores are 50% and 95% quantiles (based on 40 games) of: 
# game score, #destroyed, #unlocked, #stripes, #bombs, #zappers
3 3 0 0 0 0 0 0 0 0 0 0 0 12 12 0 0 0 0 0 0 0 0 0 0 0
6 6 0 0 0 0 0 0 0 0 0 0 0 15 15 0 0 0 0 0 0 0 0 0 0 0
9 9 0 0 0 0 0 0 0 0 0 0 0 18 18 0 0 0 0 0 0 0 0 0 0 0
12 12 0 0 0 0 0 0 0 0 0 0 0 21 21 0 0 0 0 0 0 0 0 0 0 0
18 18 0 0 0 0 0 0 0 0 0 0 0 25 25 0 0 0 0 0 0 0 0 0 0 0
21 21 0 0 0 0 0 0 0 0 0 0 0 29 29 0 0 0 0 0 0 0 0 0 0 0
24 24 0 0 0 0 0 0 0 0 0 0 0 33 33 0 0 0 0 0 0 0 0 0 0 0
28 28 0 0 0 0 0 0 0 0 0 0 0 37 37 0 0 0 0 0 0 0 0 0 0 0
33 33 0 0 0 0 0 0 0 0 0 0 0 42 42 0 0 0 0 0 0 0 0 0 0 0
36 36 0 0 0 0 0 0 0 0 0 0 0 47 47 0 0 0 0 0 0 0 0 0 0 0
39 39 0 0 0 0 0 0 0 0 0 0 0 51 51 0 0 0 0 0 0 0 0 0 0 0
42 42 0 0 0 0 0 0 0 0 0 0 0 57 54 0 0 0 0 0 0 0 0 0 0 0
45 45 0 0 0 0 0 0 0 0 0 0 0 62 57 0 0 0 0 0 0 0 0 0 0 0
48 48 0 0 0 0 0 0 0 0 0 0 0 66 61 0 0 0 0 0 0 0 0 0 0 0
54 54 0 0 0 0 0 0 0 0 0 0 0 72 67 0 0 0 0 0 0 0 0 0 0 0
57 57 0 0 0 0 0 0 0 0 0 0 0 77 72 0 0 0 0 0 0 0 0 0 0 0
60 60 0 0 0 0 0 0 0 0 0 0 0 80 75 0 0 0 0 0 0 0 0 0 0 0
65 65 0 0 0 0 0 0 0 0 0 0 0 83 78 0 0 0 0 0 0 0 0 0 0 0
69 69 0 0 0 0 0 0 0 0 0 0 0 98 83 0 0 0 0 0 0 0 0 0 0 0
72 72 0 0 0 0 0 0 0 0 0 0 0 109 92 0 1 0 0 0 0 0 0 0 0 0
76 76 0 0 0 0 0 0 0 0 0 0 0 112 95 0 1 0 0 0 0 0 0 0 0 0
79 79 0 0 0 0 0 0 0 0 0 0 0 115 98 0 1 0 0 0 0 0 0 0 0 0
84 84 0 0 0 0 0 0 0 0 0 0 0 124 101 0 1 0 0 0 0 0 0 0 0 0
87 87 0 0 0 0 0 0 0 0 0 0 0 127 106 0 1 0 0 0 0 0 0 0 0 0
92 92 0 0 0 0 0 0 0 0 0 0 0 131 109 0 1 0 0 0 0 0 0 0 0 0
96 96 0 0 0 0 0 0 0 0 0 0 0 134 114 0 1 0 0 0 0 0 0 0 0 0
99 99 0 0 0 0 0 0 0 0 0 0 0 139 120 0 1 0 0 0 0 0 0 0 0 0
102 102 0 0 0 0 0 0 0 0 0 0 0 142 123 0 1 0 0 0 0 0 0 0 0 0
107 105 0 0 0 0 0 0 0 0 0 0 0 146 126 0 1 0 0 0 0 0 0 0 0 0
110 108 0 0 0 0 0 0 0 0 0 0 0 152 131 0 1 0 0 0 0 0 0 0 0 0
114 113 0 0 0 0 0 0 0 0 0 0 0 155 134 0 1 0 0 0 0 0 0 0 0 0
117 117 0 0 0 0 0 0 0 0 0 0 0 158 137 0 1 0 0 0 0 0 0 0 0 0
120 120 0 0 0 0 0 0 0 0 0 0 0 161 141 0 1 0 0 0 0 0 0 0 0 0
123 123 0 0 0 0 0 0 0 0 0 0 0 177 144 0 1 0 0 0 0 0 0 0 0 0
127 127 0 0 0 0 0 0 0 0 0 0 0 180 149 0 1 0 0 0 0 0 0 0 0 0
130 130 0 0 0 0 0 0 0 0 0 0 0 183 152 0 1 0 0 0 0 0 0 0 0 0
133 133 0 0 0 0 0 0 0 0 0 0 0 186 155 0 1 0 0 0 0 0 0 0 0 0
137 137 0 0 0 0 0 0 0 0 0 0 0 189 160 0 1 0 0 0 0 0 0 0 0 0
141 141 0 0 0 0 0 0 0 0 0 0 0 192 164 0 1 0 0 0 0 0 0 0 0 0
144 144 0 0 0 0 0 0 0 0 0 0 0 195 167 0 1 0 0 0 0 0 0 0 0 0
148 148 0 0 0 0 0 0 0 0 0 0 0 198 170 0 1 0 0 0 0 0 0 0 0 0
