# scores for worst/random/best/smart move selector strategies. 
# scores are 50% and 95% quantiles (based on 40 games) of: 
# game score, #destroyed, #unlocked, #stripes, #bombs, #zappers
0 0 0 0 0 0 0 0 0 0 0 0 0 5 5 0 0 0 0 0 0 0 0 0 0 0
6 6 0 0 0 0 0 0 0 0 0 0 0 10 10 0 0 0 0 0 0 0 0 0 0 0
9 9 0 0 0 0 0 0 0 0 0 0 0 670 80 14 13 4 2 0 0 0 0 1 0 0
63 20 2 1 0 0 0 0 0 0 0 0 0 852 121 17 16 5 3 1 1 0 0 1 0 0
608 87 11 8 4 2 0 0 0 0 0 0 0 1057 147 17 21 11 3 1 1 0 1 1 0 0
700 111 13 9 5 2 0 0 0 0 0 0 0 1092 157 18 24 11 3 1 1 0 1 1 0 0
761 120 13 10 5 3 0 0 0 0 0 0 0 1146 167 19 25 14 3 1 1 0 1 2 1 0
772 133 13 10 5 3 0 0 0 0 0 0 0 1196 172 19 25 14 3 1 1 0 1 2 1 0
804 140 14 10 5 3 0 0 0 0 0 0 0 1220 183 19 25 14 3 1 1 0 1 2 1 0
827 146 14 11 5 3 0 0 0 0 0 0 0 1226 190 19 25 14 3 1 1 0 1 2 1 0
875 152 14 13 5 3 0 0 0 0 0 0 0 1245 194 19 25 14 4 2 1 1 2 2 1 0
901 160 14 14 5 3 0 0 0 0 1 0 0 1248 204 19 26 14 4 2 1 1 2 2 1 0
904 166 14 14 5 3 0 0 0 0 1 0 0 1258 210 19 26 14 4 2 1 1 2 2 1 0
937 176 14 14 5 3 0 0 0 0 1 0 0 1262 214 19 26 14 5 2 1 1 2 2 1 0
943 185 14 14 5 3 0 0 0 0 1 0 0 1268 218 19 26 14 5 2 1 1 2 2 1 0
980 196 14 15 5 3 0 0 0 0 1 0 0 1305 226 19 27 14 5 2 1 1 2 2 1 0
988 203 14 15 5 3 0 0 0 0 1 0 0 1318 233 19 27 14 5 2 1 1 2 2 1 0
1001 211 14 15 5 3 0 0 0 0 1 0 0 1325 250 19 27 14 5 2 2 1 2 2 1 0
1018 217 14 15 5 3 0 0 0 1 1 0 0 1347 255 19 27 14 5 2 2 1 2 2 1 0
1029 220 14 15 5 3 0 0 0 1 1 0 0 1353 261 19 28 14 5 2 2 1 2 2 1 0
1044 225 14 16 5 3 1 0 0 1 1 0 0 1365 266 19 28 14 5 2 2 1 2 2 1 0
1056 232 14 16 5 3 1 0 0 1 1 0 0 1371 269 19 28 14 5 2 2 1 2 2 1 0
1061 245 14 17 5 3 1 0 0 1 1 0 0 1407 283 19 29 14 5 2 2 1 3 2 1 0
1115 252 14 17 5 3 1 0 0 1 1 0 0 1440 290 19 29 14 5 2 2 1 3 2 1 0
1133 258 14 17 5 3 1 0 0 1 1 0 0 1492 294 19 29 14 5 2 2 1 3 2 1 0
1137 264 14 17 5 3 1 0 0 1 1 0 0 1501 300 19 29 14 5 2 2 1 3 2 1 0
1144 271 14 17 5 3 1 0 0 1 1 0 0 1506 305 19 29 14 5 3 2 1 3 2 1 0
1163 283 14 17 5 3 1 0 0 1 1 0 0 1523 310 19 29 15 6 3 2 1 3 2 1 0
1198 288 14 17 5 3 1 0 0 1 1 0 0 1533 321 19 29 15 6 3 2 1 3 2 1 0
1220 294 14 18 5 3 1 1 0 1 1 0 0 1540 331 19 30 15 6 3 2 1 3 2 1 0
1238 299 14 18 6 3 1 1 0 1 1 0 0 1562 339 19 30 15 6 3 2 1 3 2 1 0
1246 309 14 18 6 3 1 1 0 1 1 0 0 1580 345 19 30 15 6 3 2 1 3 2 1 0
1252 313 14 19 6 3 1 1 0 1 1 0 0 1587 359 19 30 15 6 3 2 1 3 2 1 0
1293 322 14 19 6 3 1 1 0 1 1 0 0 1592 366 19 30 15 6 3 2 1 3 2 1 0
1296 331 14 19 6 3 1 1 0 1 1 0 0 1615 374 19 31 15 6 3 2 1 3 2 1 0
1305 340 14 20 6 3 1 1 0 1 1 0 0 1622 382 19 31 15 6 3 2 1 3 2 1 0
1327 348 14 21 6 3 1 1 0 1 1 0 0 1669 389 19 31 15 6 3 2 1 3 2 1 0
1332 356 14 21 6 3 1 1 0 1 1 0 0 1673 404 19 32 15 6 3 2 1 4 2 1 0
1341 366 14 21 6 3 1 1 0 1 1 0 0 1709 415 19 32 15 6 3 2 1 4 2 1 0
1350 370 14 22 6 3 1 1 0 1 1 0 0 1712 427 19 32 15 6 4 2 1 4 2 1 0
1367 376 14 22 6 3 1 1 0 1 1 0 0 1729 442 19 32 15 6 4 2 1 4 2 1 0
