# scores for worst/random/best/smart move selector strategies. 
# scores are 50% and 95% quantiles (based on 40 games) of: 
# game score, #destroyed, #unlocked, #stripes, #bombs, #zappers
0 0 0 0 0 0 0 0 0 0 0 0 0 5 5 0 0 0 0 0 0 0 0 0 0 0
3 3 0 0 0 0 0 0 0 0 0 0 0 10 10 0 0 0 0 0 0 0 0 0 0 0
3 3 0 0 0 0 0 0 0 0 0 0 0 46 17 0 0 0 0 0 0 0 0 0 0 0
6 6 0 0 0 0 0 0 0 0 0 0 0 197 32 4 2 1 0 0 0 0 0 0 0 0
9 9 0 0 0 0 0 0 0 0 0 0 0 247 40 5 2 2 0 0 0 0 0 0 0 0
11 11 0 0 0 0 0 0 0 0 0 0 0 479 69 9 6 3 1 0 0 0 0 0 0 0
15 15 0 0 0 0 0 0 0 0 0 0 0 564 80 10 8 4 2 0 0 0 0 0 0 0
15 15 0 0 0 0 0 0 0 0 0 0 0 567 85 10 8 4 2 0 0 0 0 0 0 0
17 17 0 0 0 0 0 0 0 0 0 0 0 570 89 10 8 4 2 0 0 0 0 0 0 0
24 22 0 0 0 0 0 0 0 0 0 0 0 573 94 11 8 4 2 0 0 0 0 0 0 0
39 26 0 0 0 0 0 0 0 0 0 0 0 604 100 11 8 4 2 0 0 0 0 0 0 0
40 30 0 0 0 0 0 0 0 0 0 0 0 607 103 13 8 4 2 0 0 0 0 0 0 0
52 35 0 1 0 0 0 0 0 0 0 0 0 610 112 13 8 4 2 0 0 0 0 0 0 0
56 37 0 1 0 0 0 0 0 0 0 0 0 613 117 13 8 4 2 0 0 0 0 0 0 0
75 45 1 1 0 0 0 0 0 0 0 0 0 631 129 13 8 5 3 0 0 0 1 0 0 0
125 53 1 1 0 0 0 0 0 0 0 0 0 646 132 13 8 5 3 0 0 0 1 0 0 0
144 62 1 1 0 0 0 0 0 0 0 0 0 659 138 13 8 5 3 0 0 0 1 0 0 0
213 68 1 2 1 1 0 0 0 0 0 0 0 693 153 13 8 5 3 0 0 0 1 0 0 0
218 72 1 2 1 1 0 0 0 0 0 0 0 697 159 13 8 5 3 0 0 0 1 0 0 0
324 89 2 3 3 1 0 0 0 0 0 0 0 700 162 13 8 5 3 0 0 0 1 0 0 0
371 92 2 4 3 1 0 0 0 0 0 0 0 722 165 13 9 5 3 0 0 0 1 0 0 0
375 95 3 4 3 1 0 0 0 0 0 0 0 725 168 13 9 5 3 0 0 0 1 0 0 0
412 111 3 4 3 1 0 0 0 0 0 0 0 729 173 13 9 5 3 0 0 0 1 0 0 0
439 116 3 5 3 1 0 0 0 0 0 0 0 732 176 13 9 5 3 0 0 0 1 0 0 0
442 121 3 5 4 1 0 0 0 0 0 0 0 737 183 13 9 5 3 0 0 0 1 0 0 0
445 124 3 5 4 1 0 0 0 0 0 0 0 740 186 13 9 5 3 0 0 0 1 0 0 0
589 139 5 7 4 2 0 0 0 0 0 0 0 743 189 13 9 5 3 0 0 0 1 0 0 0
592 142 5 7 4 2 0 0 0 0 0 0 0 746 194 13 9 5 3 0 0 0 1 0 0 0
608 146 5 7 4 2 0 0 0 0 0 0 0 755 198 13 9 5 3 0 0 0 1 0 0 0
618 150 5 7 4 2 0 0 0 0 0 0 0 758 202 13 9 5 3 0 0 0 1 0 0 0
623 155 5 7 4 2 0 0 0 0 0 0 0 762 207 13 9 5 3 0 0 0 1 0 0 0
626 158 5 7 4 2 0 0 0 0 0 0 0 771 211 13 9 5 3 0 0 0 1 0 0 0
631 161 5 7 4 2 0 0 0 0 0 0 0 775 214 13 9 5 3 0 0 0 1 0 0 0
635 164 5 7 4 2 0 0 0 0 0 0 0 792 217 13 9 5 3 0 0 0 1 0 0 0
664 168 5 7 4 2 0 0 0 0 0 0 0 800 222 13 9 5 3 0 0 0 1 0 0 0
667 173 5 7 4 2 0 0 0 0 0 0 0 803 225 13 9 5 3 0 0 0 1 0 0 0
678 176 5 8 4 2 0 0 0 0 0 0 0 835 229 13 9 6 3 0 0 0 1 0 0 0
688 179 5 8 4 2 0 0 0 0 0 0 0 840 235 13 9 6 3 0 0 0 1 0 0 0
695 187 5 8 4 2 0 0 0 0 0 0 0 866 243 13 9 6 3 0 0 0 1 0 0 0
698 190 5 8 4 2 0 0 0 0 0 0 0 869 247 13 9 6 3 0 0 0 1 0 0 0
701 193 5 8 4 2 0 0 0 0 0 0 0 872 250 13 9 6 3 0 0 0 1 0 0 0
