# scores for worst/random/best/smart move selector strategies. 
# scores are 50% and 95% quantiles (based on 40 games) of: 
# game score, #destroyed, #unlocked, #stripes, #bombs, #zappers
3 3 0 0 0 0 0 0 0 0 0 0 0 12 12 0 0 0 0 0 0 0 0 0 0 0
8 8 0 0 0 0 0 0 0 0 0 0 0 34 34 0 0 0 0 0 0 0 0 0 0 0
13 12 0 0 0 0 0 0 0 0 0 0 0 177 53 0 1 0 1 0 0 0 0 0 0 0
20 19 0 0 0 0 0 0 0 0 0 0 0 182 60 1 2 0 1 0 0 0 0 0 0 0
24 24 0 0 0 0 0 0 0 0 0 0 0 211 67 1 2 0 1 0 0 0 1 0 0 0
33 31 0 0 0 0 0 0 0 0 0 0 0 227 71 1 2 0 1 1 0 0 1 0 0 0
41 37 0 0 0 0 0 0 0 0 0 0 0 275 82 1 3 0 1 1 0 0 1 0 0 0
60 41 0 0 0 0 0 0 0 0 0 0 0 278 86 1 3 0 1 1 0 0 1 0 0 0
71 47 0 1 0 0 0 0 0 0 0 0 0 298 97 2 4 1 1 1 0 0 1 0 0 0
77 52 0 1 0 0 0 0 0 0 0 0 0 354 116 3 4 1 1 1 1 0 1 0 0 0
90 60 0 1 0 0 0 0 0 0 0 0 0 360 123 3 4 1 1 1 1 0 1 0 0 0
101 66 0 1 0 0 0 0 0 0 0 0 0 431 158 3 5 1 2 1 1 0 2 0 0 0
121 73 0 1 0 0 0 0 0 0 0 0 0 437 163 3 5 1 2 1 1 0 2 0 0 0
127 81 0 1 0 0 0 0 0 0 0 0 0 443 174 3 5 1 2 1 1 0 2 0 0 0
131 87 0 2 0 0 0 0 0 0 0 0 0 449 190 3 6 1 2 1 1 0 2 0 0 0
147 96 0 2 0 0 0 0 0 0 0 0 0 510 200 3 6 1 2 1 1 0 2 0 0 0
160 100 0 2 0 0 0 0 0 0 0 0 0 519 211 3 7 2 2 1 1 0 2 0 0 0
168 107 0 2 0 0 0 0 0 0 0 0 0 525 214 3 7 2 2 1 1 0 2 0 0 0
191 114 0 2 0 0 0 0 0 0 0 0 0 551 219 4 7 2 2 1 1 0 2 0 0 0
205 122 0 2 0 0 0 0 0 0 0 0 0 584 223 4 7 2 2 1 1 0 2 0 0 0
256 132 0 3 0 0 0 0 0 0 0 0 0 608 235 4 8 2 2 1 1 0 2 0 0 0
261 145 0 3 0 0 0 0 0 0 0 0 0 633 256 4 8 2 2 1 1 0 2 0 0 0
267 148 0 3 0 0 0 0 0 0 0 0 0 640 262 4 9 3 2 2 1 0 2 0 0 0
276 151 0 3 0 0 0 0 0 0 0 0 0 680 268 4 9 3 2 2 1 0 2 0 0 0
288 162 0 3 0 0 0 0 0 0 0 0 0 721 277 4 11 3 2 2 1 0 2 0 0 0
305 171 1 3 0 0 0 0 0 0 0 0 0 726 284 4 11 3 2 2 1 0 2 0 0 0
321 180 1 4 0 0 0 0 0 0 0 0 0 734 288 4 13 3 2 2 1 0 2 0 0 0
342 188 1 4 0 0 0 0 0 0 0 0 0 739 293 4 13 3 2 2 1 0 2 0 0 0
395 196 1 4 1 0 0 0 0 0 0 0 0 791 299 4 13 3 2 2 1 0 2 0 0 0
406 203 1 5 1 0 0 0 0 0 0 0 0 796 303 4 13 3 2 2 1 0 2 0 0 0
436 207 1 5 1 0 1 0 0 0 0 0 0 801 306 4 13 3 2 3 1 0 2 0 0 0
440 219 1 6 1 0 1 0 0 0 0 0 0 805 313 4 14 3 2 3 1 0 2 0 0 0
454 228 1 6 1 0 1 0 0 0 0 0 0 813 324 4 15 4 3 3 1 0 3 0 0 0
463 234 1 6 1 0 1 0 0 0 0 0 0 879 337 4 15 9 3 3 1 0 3 0 0 0
506 239 1 6 1 1 1 0 0 0 0 0 0 908 342 4 19 9 3 3 1 0 3 1 0 0
512 246 1 6 1 1 1 0 0 0 0 0 0 912 350 4 19 9 3 3 1 0 3 1 0 0
522 259 1 6 1 1 1 0 0 0 0 0 0 917 354 4 20 9 3 3 1 0 3 1 0 0
547 266 1 6 1 1 1 0 0 0 0 0 0 924 357 4 20 9 3 3 1 0 3 1 0 0
554 273 1 7 1 1 1 0 0 0 0 0 0 950 361 4 20 9 3 3 1 0 3 1 0 0
568 277 1 8 1 1 1 0 0 0 0 0 0 955 367 4 20 9 3 3 1 0 3 1 0 0
588 282 1 8 1 1 1 0 0 0 0 0 0 960 381 4 22 9 3 3 1 0 3 1 0 0
