# scores for worst/random/best/smart move selector strategies. 
# scores are 50% and 95% quantiles (based on 40 games) of: 
# game score, #destroyed, #unlocked, #stripes, #bombs, #zappers
3 3 0 0 0 0 0 0 0 0 0 0 0 12 12 0 0 0 0 0 0 0 0 0 0 0
9 9 0 0 0 0 0 0 0 0 0 0 0 39 34 0 0 0 0 0 0 0 0 0 0 0
18 17 0 0 0 0 0 0 0 0 0 0 0 145 61 0 1 0 1 0 0 0 0 0 0 0
23 22 0 0 0 0 0 0 0 0 0 0 0 198 80 1 2 1 1 0 0 0 0 0 0 0
32 28 0 0 0 0 0 0 0 0 0 0 0 257 99 1 3 1 1 0 0 0 1 0 0 0
48 35 0 0 0 0 0 0 0 0 0 0 0 289 108 3 3 1 1 0 0 0 1 0 0 0
63 41 0 1 0 0 0 0 0 0 0 0 0 330 131 3 3 1 2 0 1 0 2 0 0 0
92 51 0 1 0 0 0 0 0 0 0 0 0 339 139 3 3 1 2 1 1 0 2 0 0 0
103 61 0 1 0 0 0 0 0 0 0 0 0 344 144 3 3 1 2 1 1 0 2 0 0 0
136 69 0 2 0 0 0 0 0 0 0 0 0 399 156 5 5 1 2 1 1 0 2 0 0 0
165 79 1 2 0 0 0 0 0 0 0 0 0 500 164 5 5 2 2 1 1 0 2 0 0 0
200 101 1 2 0 0 0 0 0 0 0 0 0 519 182 5 6 2 2 1 1 0 2 0 0 0
228 108 1 3 0 0 0 0 0 0 0 0 0 555 201 5 7 2 2 1 1 0 2 0 0 0
244 120 1 3 0 0 0 0 0 0 0 0 0 591 223 5 7 2 2 1 1 0 2 0 0 0
252 133 1 4 0 0 0 0 0 0 0 0 0 661 243 5 8 3 3 1 1 0 3 0 0 0
307 138 1 4 0 0 0 0 0 0 0 0 0 726 259 5 14 3 3 1 1 0 3 0 0 0
330 152 1 4 0 0 0 0 0 0 0 0 0 759 264 5 14 4 3 1 1 0 3 0 0 0
356 163 1 5 1 0 0 0 0 0 0 0 0 768 268 5 17 4 3 1 1 0 3 1 0 0
385 180 1 5 1 0 0 0 0 0 0 0 0 777 283 5 17 4 3 1 1 0 3 1 0 0
425 190 1 5 1 0 1 0 0 0 0 0 0 891 292 5 20 9 3 2 1 0 3 1 0 0
440 197 1 6 1 0 1 0 0 0 0 0 0 899 300 5 20 9 4 2 1 0 4 1 0 0
479 206 1 6 1 1 1 0 0 0 0 0 0 952 311 5 20 10 4 2 1 0 4 1 0 0
524 218 1 7 1 1 1 0 0 1 0 0 0 999 324 5 20 10 4 2 1 0 4 1 0 0
536 227 1 7 1 1 1 0 0 1 0 0 0 1033 331 5 20 10 4 2 1 0 4 1 0 0
562 233 1 7 1 1 1 0 0 1 0 0 0 1081 339 5 20 10 4 2 1 0 4 1 0 0
591 247 1 8 1 1 1 0 0 1 0 0 0 1086 345 5 21 10 4 3 1 1 4 1 0 0
607 258 1 8 1 1 1 0 0 1 0 0 0 1093 355 5 22 10 4 3 1 1 4 1 0 0
644 267 1 9 2 1 1 0 0 1 0 0 0 1124 363 5 22 13 4 3 1 1 4 1 1 0
672 282 1 9 2 1 1 0 0 1 0 0 0 1150 370 5 22 13 4 3 1 1 4 1 1 0
694 291 1 9 2 1 1 0 0 1 0 0 0 1194 381 5 23 13 4 3 1 1 4 1 1 0
724 300 1 9 2 1 1 0 0 1 0 0 0 1200 385 5 23 13 4 3 1 1 4 1 1 0
731 308 1 10 2 1 1 0 0 1 0 0 0 1235 414 5 23 13 4 3 1 1 4 1 1 0
772 316 1 10 2 1 1 0 0 1 0 0 0 1256 432 5 25 13 4 3 1 1 4 1 1 0
801 331 1 10 2 1 1 0 0 1 0 0 0 1266 452 5 25 13 5 3 2 1 4 1 1 0
832 349 1 11 2 1 1 0 0 1 0 0 0 1309 465 5 26 13 5 3 2 1 5 1 1 0
859 355 1 11 2 1 1 0 0 1 0 0 0 1334 489 5 26 13 5 3 2 1 5 1 1 0
924 367 1 11 2 2 1 0 0 1 0 0 0 1361 502 5 26 13 5 3 2 1 5 1 1 0
957 381 1 11 2 2 1 1 0 1 0 0 0 1377 510 5 26 13 5 3 2 1 5 1 1 0
964 399 1 12 2 2 1 1 0 2 0 0 0 1398 517 5 27 13 5 3 2 1 5 1 1 0
990 405 1 12 2 2 1 1 0 2 0 0 0 1408 523 5 27 14 5 3 2 1 5 1 1 0
1009 417 1 12 2 2 1 1 0 2 0 0 0 1437 531 5 27 14 6 3 2 1 5 1 1 0
