# scores for worst/random/best/smart move selector strategies. 
# scores are 50% and 95% quantiles (based on 40 games) of: 
# game score, #destroyed, #unlocked, #stripes, #bombs, #zappers
3 3 0 0 0 0 0 0 0 0 0 0 0 12 12 0 0 0 0 0 0 0 0 0 0 0
6 6 0 0 0 0 0 0 0 0 0 0 0 18 18 0 0 0 0 0 0 0 0 0 0 0
12 12 0 0 0 0 0 0 0 0 0 0 0 26 26 0 0 0 0 0 0 0 0 0 0 0
15 15 0 0 0 0 0 0 0 0 0 0 0 40 30 0 0 0 0 0 0 0 0 0 0 0
21 21 0 0 0 0 0 0 0 0 0 0 0 47 41 0 0 0 0 0 0 0 0 0 0 0
24 24 0 0 0 0 0 0 0 0 0 0 0 57 44 0 0 0 0 0 0 0 0 0 0 0
30 30 0 0 0 0 0 0 0 0 0 0 0 60 47 0 0 0 0 0 0 0 0 0 0 0
33 33 0 0 0 0 0 0 0 0 0 0 0 63 52 0 0 0 0 0 0 0 0 0 0 0
42 42 0 0 0 0 0 0 0 0 0 0 0 74 58 1 1 0 0 0 0 0 0 0 0 0
45 45 0 0 0 0 0 0 0 0 0 0 0 78 61 1 1 0 0 0 0 0 0 0 0 0
48 48 0 0 0 0 0 0 0 0 0 0 0 99 70 1 1 0 0 0 0 0 0 0 0 0
51 51 0 0 0 0 0 0 0 0 0 0 0 116 82 1 1 1 0 0 0 0 0 0 0 0
56 56 0 0 0 0 0 0 0 0 0 0 0 125 88 1 1 1 0 0 0 0 0 0 0 0
60 60 0 0 0 0 0 0 0 0 0 0 0 128 91 1 1 1 0 0 0 0 0 0 0 0
68 68 0 0 0 0 0 0 0 0 0 0 0 131 94 1 1 1 0 0 0 0 0 0 0 0
72 72 0 0 0 0 0 0 0 0 0 0 0 134 99 1 1 1 0 0 0 0 0 0 0 0
76 75 0 0 0 0 0 0 0 0 0 0 0 139 105 1 1 1 0 0 0 0 0 0 0 0
81 78 0 0 0 0 0 0 0 0 0 0 0 145 108 1 1 1 0 0 0 0 0 0 0 0
86 84 0 0 0 0 0 0 0 0 0 0 0 154 113 1 1 1 0 0 0 0 0 0 0 0
89 89 0 0 0 0 0 0 0 0 0 0 0 165 118 1 1 1 0 0 0 0 0 0 0 0
93 92 0 0 0 0 0 0 0 0 0 0 0 168 121 1 1 1 0 0 0 0 0 0 0 0
98 96 0 0 0 0 0 0 0 0 0 0 0 173 124 1 1 1 0 0 0 0 0 0 0 0
104 101 0 0 0 0 0 0 0 0 0 0 0 176 133 1 1 1 0 0 0 0 0 0 0 0
110 108 0 0 0 0 0 0 0 0 0 0 0 179 142 1 1 1 0 0 0 0 0 0 0 0
118 113 0 0 0 0 0 0 0 0 0 0 0 182 145 1 1 1 0 0 0 0 0 0 0 0
129 116 0 0 0 0 0 0 0 0 0 0 0 194 148 1 1 1 0 0 0 0 0 0 0 0
132 119 0 0 0 0 0 0 0 0 0 0 0 197 153 1 1 1 0 0 0 0 0 0 0 0
138 123 0 0 0 0 0 0 0 0 0 0 0 200 156 1 1 1 0 0 0 0 0 0 0 0
141 126 0 0 0 0 0 0 0 0 0 0 0 204 164 1 1 1 0 0 0 0 0 0 0 0
146 132 0 0 0 0 0 0 0 0 0 0 0 207 168 1 2 1 0 0 0 0 0 0 0 0
153 135 0 0 0 0 0 0 0 0 0 0 0 212 172 1 2 1 0 0 0 0 0 0 0 0
156 141 0 0 0 0 0 0 0 0 0 0 0 217 175 1 2 1 0 0 0 0 0 0 0 0
159 146 0 0 0 0 0 0 0 0 0 0 0 226 178 1 2 1 0 0 0 0 0 0 0 0
165 150 0 0 0 0 0 0 0 0 0 0 0 254 182 1 2 1 0 0 0 0 0 0 0 0
173 156 0 0 0 0 0 0 0 0 0 0 0 258 186 1 2 1 0 0 0 0 0 0 0 0
179 159 0 0 0 0 0 0 0 0 0 0 0 270 196 1 2 1 0 0 0 0 0 0 0 0
187 163 0 0 0 0 0 0 0 0 0 0 0 273 199 1 2 1 0 0 0 0 0 0 0 0
191 166 0 0 0 0 0 0 0 0 0 0 0 280 202 1 2 1 0 0 0 0 0 0 0 0
198 169 0 0 0 0 0 0 0 0 0 0 0 283 205 1 2 1 0 0 0 0 0 0 0 0
206 174 0 1 0 0 0 0 0 0 0 0 0 286 210 1 2 1 0 0 0 0 0 0 0 0
213 178 0 1 0 0 0 0 0 0 0 0 0 289 213 1 2 1 0 0 0 0 0 0 0 0
