# scores for worst/random/best/smart move selector strategies. 
# scores are 50% and 95% quantiles (based on 40 games) of: 
# game score, #destroyed, #unlocked, #stripes, #bombs, #zappers
3 3 0 0 0 0 0 0 0 0 0 0 0 16 16 0 0 0 0 0 0 0 0 0 0 0
8 8 0 0 0 0 0 0 0 0 0 0 0 72 37 0 1 0 0 0 0 0 0 0 0 0
13 13 0 0 0 0 0 0 0 0 0 0 0 99 41 1 2 0 0 0 0 0 0 0 0 0
19 19 0 0 0 0 0 0 0 0 0 0 0 110 50 2 2 0 0 0 0 0 0 0 0 0
26 26 0 0 0 0 0 0 0 0 0 0 0 115 55 2 2 0 0 1 0 0 0 0 0 0
37 32 0 0 0 0 0 0 0 0 0 0 0 123 63 5 2 0 0 1 0 0 0 0 0 0
46 38 0 0 0 0 0 0 0 0 0 0 0 132 70 5 3 0 0 1 0 0 0 0 0 0
70 48 0 1 0 0 0 0 0 0 0 0 0 187 84 10 3 1 0 1 0 0 0 0 0 0
100 55 1 1 0 0 0 0 0 0 0 0 0 202 92 10 3 1 0 1 1 0 0 0 0 0
119 65 1 2 0 0 0 0 0 0 0 0 0 215 100 10 3 1 1 1 1 0 1 0 0 0
127 70 2 2 0 0 0 0 0 0 0 0 0 262 127 11 4 1 1 1 1 0 1 0 0 0
140 81 2 2 0 0 0 0 0 0 0 0 0 276 131 11 4 1 1 1 1 0 1 0 0 0
155 89 2 2 0 0 0 0 0 0 0 0 0 313 142 11 4 1 1 1 1 0 1 0 0 0
179 98 2 2 0 0 0 0 0 0 0 0 0 332 150 11 4 1 1 2 1 0 1 0 0 0
195 103 2 3 0 0 0 0 0 0 0 0 0 336 153 11 4 1 1 2 1 0 1 0 0 0
212 110 3 3 0 0 0 0 0 0 0 0 0 396 164 12 6 1 1 2 1 0 1 0 0 0
217 118 3 3 0 0 0 0 0 0 0 0 0 456 179 13 8 2 1 2 1 0 1 0 0 0
232 123 4 4 0 0 0 0 0 0 0 0 0 460 186 13 8 2 1 2 1 0 1 0 0 0
235 129 4 4 0 0 0 0 0 0 0 0 0 499 196 13 8 2 1 2 1 0 1 0 0 0
255 137 4 4 0 0 0 0 0 0 0 0 0 503 201 13 8 2 1 2 1 0 1 0 0 0
262 142 4 4 0 0 0 0 0 0 0 0 0 543 210 13 9 2 1 2 1 0 1 0 0 0
271 152 4 4 0 0 0 0 0 0 0 0 0 551 218 13 10 2 1 2 1 0 1 0 0 0
281 157 4 5 0 0 0 0 0 0 0 0 0 572 223 14 12 2 1 2 1 0 1 0 0 0
331 164 4 5 0 0 0 0 0 0 0 0 0 577 229 14 12 2 1 3 1 0 1 0 0 0
351 171 4 5 1 0 1 0 0 0 0 0 0 581 234 15 12 2 1 3 1 0 1 0 0 0
356 180 4 5 1 0 1 0 0 0 0 0 0 771 247 15 12 2 2 3 1 0 1 0 0 0
375 185 4 5 1 0 1 0 0 0 0 0 0 778 257 15 12 2 2 3 1 0 1 0 0 0
380 194 4 5 1 0 1 0 0 0 0 0 0 783 261 15 12 3 2 3 1 0 1 0 0 0
393 198 4 6 1 0 1 0 0 0 0 0 0 804 266 15 12 3 2 3 1 0 1 0 0 0
400 204 5 6 1 0 1 0 0 0 0 0 0 836 279 15 13 3 2 3 1 0 1 0 0 0
417 209 5 6 1 0 1 0 0 0 0 0 0 875 285 15 13 3 2 3 1 1 1 0 0 0
440 217 5 7 1 0 1 0 0 0 0 0 0 878 296 15 13 3 2 3 1 1 1 0 0 0
478 222 6 8 1 0 1 0 0 0 0 0 0 886 307 15 15 3 2 3 1 1 2 1 0 0
489 233 6 8 1 0 1 0 0 0 0 0 0 932 317 15 16 3 2 3 1 1 2 1 0 0
497 239 6 8 1 0 1 0 0 0 0 0 0 936 342 15 16 3 2 3 1 1 2 1 0 0
510 243 6 9 1 0 1 0 0 0 0 0 0 976 356 15 16 3 3 3 1 1 2 1 0 0
535 254 6 9 1 0 1 0 0 0 0 0 0 984 368 15 16 3 3 3 1 1 2 1 0 0
551 262 7 9 1 0 1 0 0 0 0 0 0 1039 373 15 16 3 3 3 1 1 2 1 0 0
611 270 7 9 1 0 1 0 0 0 0 0 0 1044 380 15 16 4 3 3 1 1 2 1 0 0
624 283 7 10 1 0 1 0 0 0 0 0 0 1070 385 15 16 4 3 3 1 1 2 1 0 0
637 290 7 11 1 0 1 0 0 0 0 0 0 1096 391 15 16 4 3 3 2 1 2 1 0 0
