# scores for worst/random/best/smart move selector strategies. 
# scores are 50% and 95% quantiles (based on 40 games) of: 
# game score, #destroyed, #unlocked, #stripes, #bombs, #zappers
3 3 0 0 0 0 0 0 0 0 0 0 0 16 16 0 0 0 0 0 0 0 0 0 0 0
8 8 0 0 0 0 0 0 0 0 0 0 0 19 19 0 0 0 0 0 0 0 0 0 0 0
12 12 0 0 0 0 0 0 0 0 0 0 0 24 24 0 0 0 0 0 0 0 0 0 0 0
18 18 0 0 0 0 0 0 0 0 0 0 0 78 36 1 1 0 0 0 0 0 0 0 0 0
24 24 0 0 0 0 0 0 0 0 0 0 0 93 52 2 1 0 0 0 0 0 0 0 0 0
31 31 0 0 0 0 0 0 0 0 0 0 0 110 59 2 1 0 0 0 0 0 0 0 0 0
37 36 0 0 0 0 0 0 0 0 0 0 0 129 67 2 1 0 0 0 0 0 0 0 0 0
43 43 0 0 0 0 0 0 0 0 0 0 0 175 83 2 2 0 0 0 0 0 0 0 0 0
51 49 0 0 0 0 0 0 0 0 0 0 0 192 90 3 2 1 0 0 0 0 0 0 0 0
58 54 0 0 0 0 0 0 0 0 0 0 0 203 100 3 2 1 0 0 0 0 0 0 0 0
66 62 0 0 0 0 0 0 0 0 0 0 0 248 116 3 2 1 0 0 0 0 0 0 0 0
79 67 0 0 0 0 0 0 0 0 0 0 0 253 121 3 2 1 1 0 0 0 1 0 0 0
94 74 0 0 0 0 0 0 0 0 0 0 0 261 130 3 2 1 1 0 0 0 1 0 0 0
98 80 0 0 0 0 0 0 0 0 0 0 0 319 137 3 3 1 1 0 0 0 1 0 0 0
104 86 0 0 0 0 0 0 0 0 0 0 0 322 141 3 3 1 1 0 0 0 1 0 0 0
112 90 0 0 0 0 0 0 0 0 0 0 0 326 145 3 3 1 1 0 0 0 1 0 0 0
122 96 0 1 0 0 0 0 0 0 0 0 0 331 149 4 3 1 1 0 0 0 1 0 0 0
133 101 0 1 0 0 0 0 0 0 0 0 0 334 152 4 4 1 1 0 0 0 1 0 0 0
140 108 0 1 0 0 0 0 0 0 0 0 0 337 156 4 4 1 1 0 0 0 1 0 0 0
149 113 0 1 0 0 0 0 0 0 0 0 0 345 164 4 4 1 1 0 0 0 1 0 0 0
163 117 1 1 0 0 0 0 0 0 0 0 0 373 174 4 4 1 1 0 0 0 1 0 0 0
169 122 1 1 0 0 0 0 0 0 0 0 0 382 187 4 4 1 1 0 0 0 1 0 0 0
182 129 1 1 0 0 0 0 0 0 0 0 0 386 194 7 4 1 1 0 0 0 1 0 0 0
188 135 1 1 0 0 0 0 0 0 0 0 0 390 197 7 4 1 1 0 0 0 1 0 0 0
195 141 1 1 0 0 0 0 0 0 0 0 0 397 204 7 4 1 1 0 0 0 1 0 0 0
200 149 1 1 0 0 0 0 0 0 0 0 0 415 216 7 4 2 1 0 0 0 1 0 0 0
209 152 1 1 0 0 0 0 0 0 0 0 0 422 222 7 4 2 1 0 0 0 1 0 0 0
228 160 1 2 0 0 0 0 0 0 0 0 0 427 227 7 4 2 1 1 0 0 1 0 0 0
245 165 1 2 1 0 0 0 0 0 0 0 0 450 240 8 5 2 1 1 1 0 1 0 0 0
264 176 1 2 1 0 0 0 0 0 0 0 0 470 248 8 5 2 1 1 1 0 1 0 0 0
281 181 2 2 1 0 0 0 0 0 0 0 0 517 253 8 6 2 1 1 1 0 1 0 0 0
285 189 2 2 1 0 0 0 0 0 0 0 0 520 257 8 6 2 1 1 1 0 1 0 0 0
305 192 2 2 1 0 0 0 0 0 0 0 0 528 276 8 6 2 1 1 1 0 1 0 0 0
313 198 2 2 1 0 0 0 0 0 0 0 0 531 279 8 6 2 1 1 1 0 1 0 0 0
320 204 2 2 1 0 0 0 0 0 0 0 0 539 283 8 6 2 1 1 1 0 1 0 0 0
323 211 2 2 1 0 0 0 0 0 0 0 0 547 286 8 6 2 1 1 1 0 1 0 0 0
332 215 2 2 1 0 0 0 0 0 0 0 0 554 289 8 6 2 1 1 1 0 1 0 0 0
344 220 3 3 1 0 0 0 0 0 0 0 0 559 295 8 6 2 1 1 1 0 1 0 0 0
351 225 3 3 1 0 0 0 0 0 0 0 0 562 301 8 6 2 1 1 1 0 1 0 0 0
356 228 3 3 1 0 0 0 0 0 0 0 0 567 307 8 6 2 1 1 1 0 1 0 0 0
365 236 3 3 1 0 0 0 0 0 0 0 0 628 320 9 7 2 1 1 1 0 1 0 0 0
