# scores for worst/random/best/smart move selector strategies. 
# scores are 50% and 95% quantiles (based on 40 games) of: 
# game score, #destroyed, #unlocked, #stripes, #bombs, #zappers
3 3 0 0 0 0 0 0 0 0 0 0 0 16 16 0 0 0 0 0 0 0 0 0 0 0
10 10 0 0 0 0 0 0 0 0 0 0 0 73 29 0 1 0 0 0 0 0 0 0 0 0
18 16 0 0 0 0 0 0 0 0 0 0 0 91 40 2 2 0 0 0 0 0 0 0 0 0
32 27 0 0 0 0 0 0 0 0 0 0 0 121 58 2 2 1 1 0 0 0 1 0 0 0
63 35 0 1 0 0 0 0 0 0 0 0 0 142 71 6 3 1 1 1 0 0 1 0 0 0
84 40 0 1 0 0 0 0 0 0 0 0 0 176 79 7 3 1 1 1 1 0 1 0 0 0
107 55 2 1 0 0 0 0 0 0 0 0 0 196 86 11 3 1 1 1 1 0 1 0 0 0
129 64 2 2 0 0 0 0 0 0 0 0 0 209 93 13 3 1 1 1 1 0 1 0 0 0
154 72 2 2 0 0 0 0 0 0 0 0 0 219 100 13 4 1 1 1 1 0 1 0 0 0
169 79 2 2 0 0 0 0 0 0 0 0 0 281 126 13 4 2 1 1 1 0 1 0 0 0
193 92 2 2 0 0 0 0 0 0 0 0 0 317 137 14 5 2 1 1 1 0 1 0 0 0
225 102 2 3 1 0 0 0 0 0 0 0 0 324 148 14 6 2 1 1 1 0 1 0 0 0
244 114 2 3 1 0 0 0 0 0 0 0 0 357 163 14 6 2 2 1 1 0 2 0 0 0
278 128 4 4 1 0 0 0 0 0 0 0 0 448 187 14 7 2 2 1 1 0 2 0 0 0
303 138 4 4 1 0 0 0 0 0 0 0 0 453 197 14 7 2 2 1 1 0 2 0 0 0
320 151 4 4 1 0 0 0 0 0 0 0 0 491 206 14 8 2 2 2 1 0 2 0 0 0
362 164 4 5 1 0 0 0 0 0 0 0 0 538 216 14 9 3 2 2 2 0 2 0 0 0
373 168 4 5 1 0 0 0 0 0 0 0 0 547 224 14 10 3 2 2 2 0 2 0 0 0
419 183 4 5 1 0 0 0 0 0 0 0 0 554 233 14 10 3 2 2 2 0 2 0 0 0
432 193 4 6 1 1 1 0 0 1 0 0 0 677 249 14 13 3 2 2 2 0 2 0 0 0
450 205 5 7 1 1 1 0 0 1 0 0 0 699 255 14 14 3 2 2 2 0 2 0 0 0
490 219 5 7 1 1 1 0 0 1 0 0 0 714 269 14 14 3 2 2 2 1 2 0 0 0
520 227 5 7 1 1 1 0 0 1 0 0 0 722 282 14 14 3 2 2 2 1 2 0 0 0
540 237 5 7 1 1 1 0 0 1 0 0 0 730 299 14 14 3 2 2 2 1 2 0 0 0
563 250 5 7 1 1 1 0 0 1 0 0 0 850 327 14 14 4 3 2 2 1 2 0 0 0
587 260 5 8 1 1 1 0 0 1 0 0 0 856 335 14 15 4 3 2 2 1 2 0 0 0
624 266 5 8 2 1 1 0 0 1 0 0 0 890 358 14 16 4 3 2 2 1 2 0 0 0
646 280 6 9 2 1 1 0 0 1 0 0 0 898 372 14 16 4 3 2 3 1 3 0 0 0
698 293 6 10 2 2 1 0 0 2 0 0 0 937 388 14 19 4 3 3 3 1 3 1 0 0
722 305 6 10 2 2 1 0 0 2 0 0 0 979 404 14 19 4 3 3 3 1 3 1 0 0
746 314 6 11 2 2 1 0 0 2 0 0 0 1003 415 14 20 4 4 3 3 1 3 1 0 0
765 327 6 11 2 2 1 0 0 2 0 0 0 1035 423 14 22 5 4 3 3 1 4 1 0 0
778 333 6 11 2 2 1 0 0 2 0 0 0 1040 429 14 22 5 4 3 3 1 4 1 0 0
813 345 6 12 2 2 1 0 0 2 0 0 0 1104 450 14 23 5 4 4 3 1 4 1 0 0
835 353 6 12 2 2 1 0 0 2 0 0 0 1175 460 14 23 5 4 4 3 1 4 1 0 0
863 360 6 12 2 2 1 0 0 2 0 0 0 1179 477 14 23 5 4 4 3 1 4 1 0 0
885 376 6 13 2 2 1 0 0 2 0 0 0 1183 482 14 23 5 4 4 3 1 4 1 0 0
933 389 6 13 3 2 1 1 0 2 0 0 0 1221 499 14 23 5 4 4 3 1 4 1 0 0
995 401 6 13 3 2 1 1 0 2 0 0 0 1270 513 14 26 5 5 4 3 1 4 1 0 0
1007 413 6 13 3 2 1 1 0 2 0 0 0 1279 521 14 27 6 5 4 3 1 4 1 0 0
1036 423 6 14 3 2 2 1 0 2 0 0 0 1312 530 14 27 6 5 4 3 1 4 1 0 0
