# scores for worst/random/best/smart move selector strategies. 
# scores are 50% and 95% quantiles (based on 40 games) of: 
# game score, #destroyed, #unlocked, #stripes, #bombs, #zappers
3 3 0 0 0 0 0 0 0 0 0 0 0 16 16 0 0 0 0 0 0 0 0 0 0 0
8 8 0 0 0 0 0 0 0 0 0 0 0 21 21 0 0 0 0 0 0 0 0 0 0 0
12 12 0 0 0 0 0 0 0 0 0 0 0 29 29 0 0 0 0 0 0 0 0 0 0 0
16 16 0 0 0 0 0 0 0 0 0 0 0 33 33 0 0 0 0 0 0 0 0 0 0 0
24 24 0 0 0 0 0 0 0 0 0 0 0 47 38 0 0 0 0 0 0 0 0 0 0 0
29 29 0 0 0 0 0 0 0 0 0 0 0 52 46 0 0 0 0 0 0 0 0 0 0 0
33 33 0 0 0 0 0 0 0 0 0 0 0 70 56 0 1 0 0 0 0 0 0 0 0 0
39 39 0 0 0 0 0 0 0 0 0 0 0 88 66 0 1 0 0 0 0 0 0 0 0 0
45 45 0 0 0 0 0 0 0 0 0 0 0 106 76 1 1 0 0 0 0 0 0 0 0 0
52 51 0 0 0 0 0 0 0 0 0 0 0 113 81 1 1 0 0 0 0 0 0 0 0 0
59 56 0 0 0 0 0 0 0 0 0 0 0 122 84 2 1 0 0 0 0 0 0 0 0 0
63 61 0 0 0 0 0 0 0 0 0 0 0 128 90 2 1 0 0 0 0 0 0 0 0 0
66 65 0 0 0 0 0 0 0 0 0 0 0 131 96 2 2 0 0 0 0 0 0 0 0 0
73 69 0 0 0 0 0 0 0 0 0 0 0 155 103 2 2 0 0 0 0 0 0 0 0 0
79 75 0 0 0 0 0 0 0 0 0 0 0 158 106 2 2 0 0 0 0 0 0 0 0 0
87 79 0 0 0 0 0 0 0 0 0 0 0 165 112 2 2 0 0 0 0 0 0 0 0 0
92 86 0 0 0 0 0 0 0 0 0 0 0 176 115 3 2 0 0 0 0 0 0 0 0 0
99 91 0 0 0 0 0 0 0 0 0 0 0 179 118 3 2 0 0 0 0 0 0 0 0 0
108 99 0 0 0 0 0 0 0 0 0 0 0 182 121 3 2 0 0 0 0 0 0 0 0 0
118 105 0 0 0 0 0 0 0 0 0 0 0 193 128 3 2 0 0 0 0 0 0 0 0 0
121 110 0 0 0 0 0 0 0 0 0 0 0 210 133 3 2 0 0 0 0 0 0 0 0 0
128 116 0 0 0 0 0 0 0 0 0 0 0 217 137 3 3 0 0 0 0 0 0 0 0 0
134 120 0 0 0 0 0 0 0 0 0 0 0 254 154 3 3 1 0 0 0 0 0 0 0 0
145 126 0 1 0 0 0 0 0 0 0 0 0 258 164 3 4 1 0 0 0 0 0 0 0 0
153 132 0 1 0 0 0 0 0 0 0 0 0 266 171 3 4 1 0 0 0 0 0 0 0 0
157 135 0 1 0 0 0 0 0 0 0 0 0 291 181 3 4 1 0 0 0 0 0 0 0 0
167 141 0 1 0 0 0 0 0 0 0 0 0 294 184 3 4 1 0 0 0 0 0 0 0 0
172 147 0 1 0 0 0 0 0 0 0 0 0 300 191 3 4 1 0 0 0 0 0 0 0 0
189 151 0 1 0 0 0 0 0 0 0 0 0 303 198 3 4 1 0 0 0 0 0 0 0 0
195 156 0 1 0 0 0 0 0 0 0 0 0 321 201 3 4 1 0 0 0 0 0 0 0 0
201 160 0 1 0 0 0 0 0 0 0 0 0 324 204 3 4 1 0 0 0 0 0 0 0 0
206 164 0 1 0 0 0 0 0 0 0 0 0 334 209 3 4 1 0 0 0 0 0 0 0 0
214 171 0 1 0 0 0 0 0 0 0 0 0 337 213 3 4 1 0 0 0 0 0 0 0 0
223 177 0 1 0 0 0 0 0 0 0 0 0 342 219 3 4 1 0 0 0 0 0 0 0 0
226 185 0 1 0 0 0 0 0 0 0 0 0 345 222 3 4 1 0 0 0 0 0 0 0 0
229 189 0 1 0 0 0 0 0 0 0 0 0 354 228 3 4 1 0 0 0 0 0 0 0 0
236 192 0 1 0 0 0 0 0 0 0 0 0 359 233 3 4 1 0 0 0 0 0 0 0 0
248 197 0 1 0 0 0 0 0 0 0 0 0 362 236 3 4 1 0 0 0 0 0 0 0 0
252 200 1 1 0 0 0 0 0 0 0 0 0 376 241 3 4 1 0 0 0 0 0 0 0 0
261 209 1 1 0 0 0 0 0 0 0 0 0 386 252 3 4 1 0 0 0 0 0 0 0 0
264 212 1 1 0 0 0 0 0 0 0 0 0 389 257 3 4 1 0 0 0 0 0 0 0 0
