# scores for worst/random/best/smart move selector strategies. 
# scores are 50% and 95% quantiles (based on 40 games) of: 
# game score, #destroyed, #unlocked, #stripes, #bombs, #zappers
6 6 0 0 0 0 0 0 0 0 0 0 0 18 18 0 0 0 0 0 0 0 0 0 0 0
10 10 0 0 0 0 0 0 0 0 0 0 0 60 48 0 0 0 0 0 0 0 0 0 0 0
16 16 0 0 0 0 0 0 0 0 0 0 0 96 57 1 1 0 0 0 0 0 0 0 0 0
24 22 0 0 0 0 0 0 0 0 0 0 0 234 86 2 4 1 0 0 0 0 0 0 0 0
38 33 0 0 0 0 0 0 0 0 0 0 0 248 94 3 4 1 1 1 0 0 0 0 0 0
73 46 0 1 0 0 0 0 0 0 0 0 0 444 135 4 11 1 1 1 0 0 0 0 0 0
122 57 0 2 0 0 0 0 0 0 0 0 0 535 152 5 16 1 1 1 1 0 1 1 0 0
139 67 0 2 0 0 0 0 0 0 0 0 0 583 187 6 16 1 1 1 1 0 1 1 0 0
160 79 0 2 0 0 0 0 0 0 0 0 0 593 197 6 16 2 2 1 1 0 1 1 0 0
180 97 1 2 0 0 0 0 0 0 0 0 0 666 215 6 17 2 2 1 1 0 2 1 0 0
244 110 1 3 0 0 0 0 0 0 0 0 0 675 223 6 17 3 2 2 1 0 2 1 0 0
346 157 1 4 1 0 0 0 0 0 0 0 0 689 228 7 17 3 2 2 1 0 2 1 0 0
358 173 1 4 1 0 0 0 0 0 0 0 0 998 244 8 17 4 2 2 1 0 2 1 0 0
434 190 1 5 1 1 0 0 0 0 0 0 0 1094 303 8 22 4 2 2 1 0 2 1 0 0
449 204 2 6 1 1 0 0 0 0 0 0 0 1160 320 8 22 4 3 2 1 0 2 1 0 0
504 216 2 6 1 1 0 0 0 0 0 0 0 1216 333 8 23 9 3 2 1 0 2 1 0 0
523 233 2 6 1 1 1 0 0 0 0 0 0 1279 352 8 23 9 4 2 2 0 2 1 0 0
556 244 2 7 1 1 1 0 0 0 0 0 0 1284 359 8 23 9 4 2 2 0 3 1 0 0
569 263 2 7 1 1 1 0 0 1 0 0 0 1288 371 8 23 9 4 2 2 0 3 1 0 0
614 275 2 9 1 1 1 0 0 1 0 0 0 1396 421 8 25 9 4 3 2 0 3 1 0 0
720 295 2 9 2 1 1 0 0 1 0 0 0 1485 438 8 25 15 4 3 2 0 3 1 1 0
752 309 2 9 2 1 1 0 0 1 0 0 0 1490 445 8 26 15 4 3 2 0 3 1 1 0
780 326 2 10 3 1 1 0 0 1 0 0 0 1507 457 8 26 15 4 3 2 0 3 1 1 0
851 334 2 10 3 2 1 0 0 1 0 0 0 1663 487 8 28 16 4 3 2 0 3 1 1 0
906 347 2 11 3 2 1 0 0 1 0 0 0 1670 506 8 28 16 5 3 2 0 3 1 1 0
913 354 2 11 3 2 1 0 0 1 0 0 0 1678 537 8 30 16 5 3 2 0 4 1 1 0
948 379 2 12 3 2 1 0 0 1 0 0 0 1856 575 8 32 16 6 3 2 0 4 1 1 0
986 401 2 12 3 2 1 1 0 1 0 0 0 2076 624 8 33 19 6 3 2 1 4 1 1 0
1009 413 2 14 3 2 1 1 0 1 0 0 0 2138 632 8 33 20 6 4 2 1 4 1 1 0
1036 423 2 14 4 2 1 1 0 1 0 0 0 2144 639 8 37 20 6 4 2 1 4 1 1 0
1082 432 2 15 4 2 2 1 0 1 0 0 0 2148 655 8 38 20 7 4 2 1 5 1 1 0
1132 441 2 16 4 2 2 1 0 1 0 0 0 2430 675 8 38 20 7 5 2 1 5 1 1 0
1159 452 2 16 4 2 2 1 0 1 0 0 0 2499 691 8 40 21 7 5 2 1 5 1 1 0
1231 479 2 16 4 2 2 1 0 1 0 0 0 2565 717 8 40 21 7 5 2 1 5 1 1 0
1254 492 2 16 4 2 2 1 0 2 0 0 0 2606 758 8 42 21 7 5 2 1 5 1 1 0
1277 514 2 18 4 2 2 1 0 2 0 0 0 2792 789 8 42 22 8 5 3 1 5 1 1 0
1297 528 2 18 5 2 2 1 0 2 0 0 0 2958 816 8 42 23 8 5 3 1 6 1 1 1
1378 544 2 18 5 2 2 1 0 2 0 0 0 2964 825 8 42 23 8 5 3 1 6 1 1 1
1424 571 2 19 5 3 2 1 0 2 0 0 0 2999 846 8 44 23 8 5 3 1 6 1 1 1
1530 578 2 19 6 3 2 1 0 2 0 0 0 3033 863 8 45 23 8 5 3 1 6 1 1 1
1586 598 2 20 6 3 2 1 0 2 0 0 0 3041 877 8 46 23 8 5 3 1 6 1 1 1
