# scores for worst/random/best/smart move selector strategies. 
# scores are 50% and 95% quantiles (based on 40 games) of: 
# game score, #destroyed, #unlocked, #stripes, #bombs, #zappers
6 6 0 0 0 0 0 0 0 0 0 0 0 18 18 0 0 0 0 0 0 0 0 0 0 0
9 9 0 0 0 0 0 0 0 0 0 0 0 57 45 0 0 0 0 0 0 0 0 0 0 0
12 12 0 0 0 0 0 0 0 0 0 0 0 77 52 0 1 0 0 0 0 0 0 0 0 0
18 18 0 0 0 0 0 0 0 0 0 0 0 95 64 1 2 0 0 0 0 0 0 0 0 0
24 23 0 0 0 0 0 0 0 0 0 0 0 106 75 1 2 0 0 0 0 0 0 0 0 0
29 28 0 0 0 0 0 0 0 0 0 0 0 115 85 1 2 0 0 0 0 0 0 0 0 0
34 33 0 0 0 0 0 0 0 0 0 0 0 123 91 1 2 0 0 0 0 0 0 0 0 0
42 39 0 0 0 0 0 0 0 0 0 0 0 135 101 2 2 0 0 0 0 0 0 0 0 0
67 49 0 0 0 0 0 0 0 0 0 0 0 148 108 2 2 1 0 0 0 0 0 0 0 0
75 54 0 0 0 0 0 0 0 0 0 0 0 254 127 2 2 1 0 0 0 0 0 0 0 0
80 60 0 1 0 0 0 0 0 0 0 0 0 312 148 2 3 1 0 0 0 0 0 0 0 0
88 64 0 1 0 0 0 0 0 0 0 0 0 328 158 2 3 1 0 0 0 0 0 0 0 0
108 76 0 1 0 0 0 0 0 0 0 0 0 338 167 2 4 1 0 0 0 0 0 0 0 0
119 86 0 1 0 0 0 0 0 0 0 0 0 364 175 2 4 1 0 0 0 0 0 0 0 0
122 90 0 1 0 0 0 0 0 0 0 0 0 372 183 2 4 2 0 0 0 0 0 0 0 0
126 96 0 1 0 0 0 0 0 0 0 0 0 375 190 2 4 2 0 0 0 0 0 0 0 0
148 105 0 1 0 0 0 0 0 0 0 0 0 388 208 2 5 2 1 0 0 0 0 0 0 0
155 112 0 1 0 0 0 0 0 0 0 0 0 430 224 2 5 2 1 0 0 0 0 0 0 0
161 120 0 1 0 0 0 0 0 0 0 0 0 442 232 2 5 2 1 1 0 0 1 0 0 0
173 126 0 1 0 0 0 0 0 0 0 0 0 450 237 2 5 2 1 1 0 0 1 0 0 0
198 138 0 1 0 0 0 0 0 0 0 0 0 505 242 2 7 2 1 1 0 0 1 0 0 0
225 146 0 2 0 0 0 0 0 0 0 0 0 553 263 2 7 2 1 1 0 0 1 0 0 0
232 158 0 2 0 0 0 0 0 0 0 0 0 639 281 3 7 2 1 1 0 0 1 0 0 0
255 172 0 2 0 0 0 0 0 0 0 0 0 644 284 3 7 2 1 1 0 0 1 0 0 0
271 175 0 2 1 0 0 0 0 0 0 0 0 663 287 3 7 2 1 1 0 0 1 0 0 0
290 180 0 2 1 0 0 0 0 0 0 0 0 667 294 3 7 2 1 1 0 0 1 0 0 0
319 187 0 3 1 0 0 0 0 0 0 0 0 670 297 3 7 3 1 1 0 0 1 0 0 0
330 192 0 3 1 0 0 0 0 0 0 0 0 696 300 3 7 3 1 1 0 0 1 0 0 0
347 203 0 3 1 0 0 0 0 0 0 0 0 700 305 3 8 3 1 1 0 0 1 0 0 0
363 206 0 3 1 0 0 0 0 0 0 0 0 711 311 3 8 3 1 1 0 0 1 0 0 0
375 216 0 3 1 0 0 0 0 0 0 0 0 746 316 3 8 3 1 1 0 0 1 0 0 0
399 228 0 3 1 0 0 0 0 0 0 0 0 752 320 3 8 3 1 1 0 0 1 0 0 0
406 231 0 3 1 0 0 0 0 0 0 0 0 770 324 3 8 3 1 1 0 0 1 0 0 0
409 235 0 3 1 0 0 0 0 0 0 0 0 776 352 3 9 3 1 1 0 0 1 0 0 0
431 254 0 3 1 0 0 0 0 0 0 0 0 786 358 3 9 3 1 1 0 0 1 0 0 0
436 263 0 4 1 0 0 0 0 0 0 0 0 792 361 3 10 3 1 1 0 0 1 0 0 0
456 281 0 4 2 0 0 0 0 0 0 0 0 799 374 3 10 3 1 1 0 0 1 0 0 0
463 286 0 5 2 0 0 0 0 0 0 0 0 817 393 3 11 3 1 1 0 0 1 0 0 0
481 289 0 5 2 0 0 0 0 0 0 0 0 838 410 3 11 4 1 1 0 0 1 0 0 0
486 297 0 5 2 0 0 0 0 0 0 0 0 857 419 3 11 4 1 1 0 0 1 0 0 0
494 302 0 5 2 0 0 0 0 0 0 0 0 862 423 3 11 4 1 1 0 0 1 0 0 0
