# scores for worst/random/best/smart move selector strategies. 
# scores are 50% and 95% quantiles (based on 40 games) of: 
# game score, #destroyed, #unlocked, #stripes, #bombs, #zappers
6 6 0 0 0 0 0 0 0 0 0 0 0 18 18 0 0 0 0 0 0 0 0 0 0 0
11 11 0 0 0 0 0 0 0 0 0 0 0 74 53 0 1 0 0 0 0 0 0 0 0 0
20 20 0 0 0 0 0 0 0 0 0 0 0 211 90 1 3 0 0 0 0 0 0 0 0 0
36 32 0 0 0 0 0 0 0 0 0 0 0 362 112 5 10 1 1 1 0 0 0 0 0 0
92 45 0 1 0 0 0 0 0 0 0 0 0 373 130 5 10 1 1 1 0 0 1 0 0 0
116 60 0 2 0 0 0 0 0 0 0 0 0 532 149 5 15 2 2 1 1 0 1 1 0 0
187 78 1 2 0 0 0 0 0 0 0 0 0 571 161 5 16 2 2 1 1 0 1 1 0 0
242 96 1 3 0 0 0 0 0 0 0 0 0 692 189 6 18 3 3 1 1 0 2 1 0 0
296 118 1 3 1 0 0 0 0 0 0 0 0 724 217 6 18 3 3 1 1 0 2 1 0 0
341 148 1 4 1 1 0 0 0 1 0 0 0 968 261 6 19 5 3 1 1 1 2 1 0 0
480 169 2 4 1 1 0 0 0 1 0 0 0 1200 288 6 23 18 3 1 1 1 3 1 1 0
504 192 2 5 2 1 0 0 0 1 0 0 0 1214 315 7 25 19 4 2 1 1 3 1 1 0
566 234 2 5 2 1 0 0 0 1 0 0 0 1297 346 7 26 19 4 2 1 1 3 1 1 0
646 255 2 6 2 1 1 0 0 1 0 0 0 1353 377 7 28 20 5 2 1 1 4 1 1 0
677 263 2 7 2 1 1 0 0 1 0 0 0 1401 399 7 29 21 5 2 1 1 4 1 1 0
717 282 2 8 3 1 1 0 0 1 0 0 0 1418 435 7 30 21 5 2 1 1 4 1 1 0
777 303 2 8 3 2 1 0 0 1 0 0 0 1647 449 7 31 22 5 2 1 1 4 1 1 0
817 314 2 9 4 2 1 0 0 1 0 0 0 1652 490 7 31 22 5 2 1 1 4 1 1 0
880 338 2 10 4 2 1 0 0 2 0 0 0 1678 519 7 32 22 5 2 1 1 4 1 1 0
948 363 2 11 4 2 1 1 0 2 0 0 0 1751 551 7 32 22 5 2 1 1 5 1 1 0
1040 381 2 12 4 2 1 1 0 2 0 0 0 1762 566 7 34 22 6 3 1 1 5 1 1 0
1127 410 2 13 5 2 1 1 0 2 0 0 0 2073 597 7 34 24 6 3 2 1 6 1 1 0
1209 433 2 13 5 3 1 1 0 2 0 0 0 2167 621 7 35 25 6 3 2 1 6 1 1 0
1266 455 2 13 5 3 1 1 0 2 0 0 0 2236 647 7 35 25 6 3 2 1 6 1 1 0
1289 488 2 15 6 3 1 1 0 2 0 0 0 2308 656 7 36 25 7 3 2 1 6 1 1 0
1350 501 2 15 6 3 1 1 0 3 0 0 0 2348 692 7 36 25 7 3 2 1 7 1 1 0
1460 523 2 16 6 3 1 1 0 3 0 0 0 2472 708 7 37 26 7 3 2 1 7 1 1 0
1515 554 2 17 7 4 1 1 0 3 0 0 0 2519 729 7 38 26 7 3 3 1 7 1 1 0
1571 583 2 17 7 4 1 1 0 3 0 0 0 2561 749 7 40 26 7 3 3 1 7 1 1 0
1647 589 2 17 7 4 2 1 0 3 0 0 0 2628 766 7 41 26 8 3 3 1 7 1 1 0
1746 613 2 18 7 4 2 1 0 3 0 0 0 2727 793 7 41 27 8 3 3 1 7 1 1 0
1821 634 2 18 8 4 2 1 0 3 0 0 0 2760 810 7 41 27 8 3 3 1 7 1 1 0
1904 652 2 20 8 4 2 1 0 3 0 0 0 2911 835 7 44 28 8 3 3 1 7 1 1 0
1984 658 2 20 9 4 2 1 0 3 0 0 0 2994 864 7 45 28 8 3 3 1 7 1 1 0
2042 699 2 21 9 5 2 1 0 3 0 0 0 3027 894 7 50 28 8 3 3 2 7 2 1 0
2128 735 2 22 10 5 2 1 0 4 0 0 0 3080 922 7 53 28 9 4 3 2 7 2 1 0
2220 758 2 23 10 5 2 1 0 4 0 0 0 3186 945 7 55 30 9 4 3 2 7 2 1 0
2312 789 2 24 10 5 2 1 0 4 0 0 0 3266 976 7 55 30 10 4 3 2 7 2 1 0
2355 809 2 26 10 6 2 1 0 5 0 0 0 3299 989 7 57 30 10 4 3 2 7 2 1 0
2382 825 2 26 10 6 2 1 0 5 0 0 0 3374 1027 7 58 31 10 4 3 2 8 2 1 0
2489 844 2 27 11 6 2 1 0 5 0 0 0 3466 1032 7 58 31 11 4 3 2 8 2 1 0
