# scores for worst/random/best/smart move selector strategies. 
# scores are 50% and 95% quantiles (based on 40 games) of: 
# game score, #destroyed, #unlocked, #stripes, #bombs, #zappers
6 6 0 0 0 0 0 0 0 0 0 0 0 18 18 0 0 0 0 0 0 0 0 0 0 0
9 9 0 0 0 0 0 0 0 0 0 0 0 22 22 0 0 0 0 0 0 0 0 0 0 0
12 12 0 0 0 0 0 0 0 0 0 0 0 73 44 0 0 0 0 0 0 0 0 0 0 0
18 18 0 0 0 0 0 0 0 0 0 0 0 78 49 0 1 0 0 0 0 0 0 0 0 0
25 25 0 0 0 0 0 0 0 0 0 0 0 100 56 0 1 0 0 0 0 0 0 0 0 0
28 28 0 0 0 0 0 0 0 0 0 0 0 114 72 1 1 1 0 0 0 0 0 0 0 0
35 34 0 0 0 0 0 0 0 0 0 0 0 118 78 1 2 1 0 0 0 0 0 0 0 0
42 41 0 0 0 0 0 0 0 0 0 0 0 176 99 1 2 1 0 0 0 0 0 0 0 0
49 48 0 0 0 0 0 0 0 0 0 0 0 198 102 1 2 1 0 0 0 0 0 0 0 0
54 52 0 0 0 0 0 0 0 0 0 0 0 234 110 1 2 2 0 0 0 0 0 0 0 0
73 60 0 0 0 0 0 0 0 0 0 0 0 238 116 1 2 2 0 0 0 0 0 0 0 0
82 68 0 0 0 0 0 0 0 0 0 0 0 259 132 1 3 2 0 0 0 0 0 0 0 0
89 75 0 0 0 0 0 0 0 0 0 0 0 324 153 1 4 2 0 0 0 0 0 0 0 0
92 80 0 0 0 0 0 0 0 0 0 0 0 331 156 1 4 2 0 0 0 0 0 0 0 0
98 90 0 0 0 0 0 0 0 0 0 0 0 349 160 1 4 2 0 0 0 0 0 0 0 0
111 96 0 0 0 0 0 0 0 0 0 0 0 352 163 1 4 2 0 0 0 0 0 0 0 0
128 104 0 1 0 0 0 0 0 0 0 0 0 356 182 1 4 2 0 0 0 0 0 0 0 0
139 112 0 1 0 0 0 0 0 0 0 0 0 365 189 1 4 3 0 0 0 0 0 0 0 0
149 117 0 1 0 0 0 0 0 0 0 0 0 370 192 1 4 3 0 0 0 0 0 0 0 0
160 123 0 1 0 0 0 0 0 0 0 0 0 377 196 1 4 3 0 0 0 0 0 0 0 0
163 127 0 1 0 0 0 0 0 0 0 0 0 386 199 1 4 3 0 0 0 0 0 0 0 0
166 135 0 1 0 0 0 0 0 0 0 0 0 458 221 1 4 3 1 0 0 0 0 0 0 0
172 139 0 1 0 0 0 0 0 0 0 0 0 473 231 1 4 3 1 0 0 0 0 0 0 0
181 143 0 1 0 0 0 0 0 0 0 0 0 485 242 1 4 3 1 0 0 0 0 0 0 0
186 148 0 1 0 0 0 0 0 0 0 0 0 534 256 1 5 3 1 0 0 0 0 0 0 0
190 153 0 1 0 0 0 0 0 0 0 0 0 537 262 1 5 3 1 0 0 0 0 0 0 0
207 160 0 1 1 0 0 0 0 0 0 0 0 553 265 1 5 4 1 0 0 0 0 0 0 0
210 167 0 1 1 0 0 0 0 0 0 0 0 556 273 1 5 4 1 0 0 0 0 0 0 0
229 171 0 2 1 0 0 0 0 0 0 0 0 565 276 1 5 4 1 0 0 0 0 0 0 0
248 178 0 2 1 0 0 0 0 0 0 0 0 573 280 1 5 4 1 0 0 0 0 0 0 0
257 187 0 2 1 0 0 0 0 0 0 0 0 580 288 1 5 4 1 0 0 0 0 0 0 0
261 193 0 2 1 0 0 0 0 0 0 0 0 588 303 1 5 4 1 0 0 0 0 0 0 0
267 200 0 2 1 0 0 0 0 0 0 0 0 591 308 1 5 4 1 0 0 0 0 0 0 0
283 206 0 2 1 0 0 0 0 0 0 0 0 597 327 1 5 4 1 0 0 0 0 0 0 0
291 210 0 2 1 0 0 0 0 0 0 0 0 600 330 1 5 4 1 0 0 0 0 0 0 0
297 216 0 2 1 0 0 0 0 0 0 0 0 617 334 1 5 4 1 0 0 0 0 0 0 0
316 219 0 2 1 0 0 0 0 0 0 0 0 641 350 1 5 4 1 0 0 0 0 0 0 0
319 222 0 2 1 0 0 0 0 0 0 0 0 650 353 2 5 4 1 0 0 0 0 0 0 0
325 228 0 2 1 0 0 0 0 0 0 0 0 660 361 2 5 4 1 0 0 0 0 0 0 0
345 235 0 2 1 0 0 0 0 0 0 0 0 777 372 2 7 4 1 0 0 0 0 0 0 0
349 240 0 2 1 0 0 0 0 0 0 0 0 800 383 2 7 4 1 0 0 0 0 0 0 0
