# scores for worst/random/best/smart move selector strategies. 
# scores are 50% and 95% quantiles (based on 40 games) of: 
# game score, #destroyed, #unlocked, #stripes, #bombs, #zappers
0 0 0 0 0 0 0 0 0 0 0 0 0 6 6 0 0 0 0 0 0 0 0 0 0 0
3 3 0 0 0 0 0 0 0 0 0 0 0 11 11 0 0 0 0 0 0 0 0 0 0 0
8 8 0 0 0 0 0 0 0 0 0 0 0 22 22 0 0 0 0 0 0 0 0 0 0 0
13 13 0 0 0 0 0 0 0 0 0 0 0 33 33 0 0 0 0 0 0 0 0 0 0 0
18 18 0 0 0 0 0 0 0 0 0 0 0 44 36 0 0 0 0 0 0 0 0 0 0 0
22 21 0 0 0 0 0 0 0 0 0 0 0 68 39 2 1 0 0 0 0 0 0 0 0 0
27 26 0 0 0 0 0 0 0 0 0 0 0 85 44 2 1 0 0 0 0 0 0 0 0 0
31 31 0 0 0 0 0 0 0 0 0 0 0 106 51 4 2 0 0 0 0 0 0 0 0 0
38 35 0 0 0 0 0 0 0 0 0 0 0 114 55 4 2 0 0 0 0 0 0 0 0 0
43 40 0 0 0 0 0 0 0 0 0 0 0 134 59 4 2 0 0 0 0 0 0 0 0 0
51 46 0 0 0 0 0 0 0 0 0 0 0 152 65 4 2 0 1 0 0 0 1 0 0 0
62 50 0 0 0 0 0 0 0 0 0 0 0 161 74 5 2 0 1 0 0 0 1 0 0 0
67 54 0 0 0 0 0 0 0 0 0 0 0 187 81 5 3 0 1 0 0 0 1 0 0 0
76 61 0 0 0 0 0 0 0 0 0 0 0 194 97 7 3 0 1 0 0 0 1 0 0 0
83 65 0 0 0 0 0 0 0 0 0 0 0 197 100 7 3 0 1 0 0 0 1 0 0 0
88 71 0 0 0 0 0 0 0 0 0 0 0 201 105 7 3 0 1 0 0 0 1 0 0 0
94 74 0 1 0 0 0 0 0 0 0 0 0 212 111 7 3 0 1 0 0 0 1 0 0 0
100 80 0 1 0 0 0 0 0 0 0 0 0 216 120 8 4 0 1 0 0 0 1 0 0 0
108 85 0 1 0 0 0 0 0 0 0 0 0 247 126 9 4 0 1 1 0 0 1 0 0 0
117 91 0 1 0 0 0 0 0 0 0 0 0 274 132 9 4 1 1 1 0 0 1 0 0 0
123 95 0 1 0 0 0 0 0 0 0 0 0 284 140 9 4 1 1 1 0 0 1 0 0 0
133 100 0 1 0 0 0 0 0 0 0 0 0 303 144 9 5 1 1 1 0 0 1 0 0 0
144 108 0 1 0 0 0 0 0 0 0 0 0 306 150 9 6 1 1 1 0 0 1 0 0 0
152 113 0 1 0 0 0 0 0 0 0 0 0 315 154 9 6 1 1 1 0 0 1 0 0 0
166 119 0 1 0 0 0 0 0 0 0 0 0 346 158 9 6 1 1 1 0 0 1 0 0 0
172 123 0 1 0 0 0 0 0 0 0 0 0 349 163 9 6 1 1 1 0 0 1 0 0 0
180 131 2 2 0 0 0 0 0 0 0 0 0 364 176 9 6 1 1 1 1 0 1 0 0 0
195 135 2 2 0 0 0 0 0 0 0 0 0 369 181 9 6 1 1 1 1 0 1 0 0 0
198 139 2 2 0 0 0 0 0 0 0 0 0 372 186 9 6 1 1 1 1 0 1 0 0 0
217 143 2 2 0 0 0 0 0 0 0 0 0 377 191 9 6 1 1 1 1 0 1 0 0 0
230 155 2 2 0 0 0 0 0 0 0 0 0 380 195 11 6 1 1 1 1 0 1 0 0 0
243 159 2 3 0 0 0 0 0 0 0 0 0 405 202 11 6 1 1 1 1 0 1 0 0 0
246 162 2 3 0 0 0 0 0 0 0 0 0 440 208 11 7 1 1 2 1 0 1 0 0 0
254 167 2 3 0 0 0 0 0 0 0 0 0 443 211 11 7 1 1 2 1 0 1 0 0 0
258 173 2 3 0 0 0 0 0 0 0 0 0 446 214 11 7 1 1 2 1 0 1 0 0 0
261 176 2 3 0 0 0 0 0 0 0 0 0 450 217 11 7 1 1 2 1 0 1 0 0 0
273 179 2 3 0 0 0 0 0 0 0 0 0 485 221 11 8 1 1 2 1 0 1 0 0 0
282 182 2 3 0 0 0 0 0 0 0 0 0 489 224 11 8 1 1 2 1 0 1 0 0 0
286 189 2 3 0 0 0 0 0 0 0 0 0 496 228 11 8 1 1 2 1 0 1 0 0 0
293 194 2 4 0 0 0 0 0 0 0 0 0 499 231 11 8 1 1 2 1 0 1 0 0 0
296 198 2 4 0 0 0 0 0 0 0 0 0 504 239 11 8 1 1 2 1 0 1 0 0 0
