# scores for worst/random/best/smart move selector strategies. 
# scores are 50% and 95% quantiles (based on 40 games) of: 
# game score, #destroyed, #unlocked, #stripes, #bombs, #zappers
0 0 0 0 0 0 0 0 0 0 0 0 0 6 6 0 0 0 0 0 0 0 0 0 0 0
6 6 0 0 0 0 0 0 0 0 0 0 0 12 12 0 0 0 0 0 0 0 0 0 0 0
9 9 0 0 0 0 0 0 0 0 0 0 0 20 20 0 0 0 0 0 0 0 0 0 0 0
13 13 0 0 0 0 0 0 0 0 0 0 0 33 23 0 0 0 0 0 0 0 0 0 0 0
18 18 0 0 0 0 0 0 0 0 0 0 0 37 29 0 0 0 0 0 0 0 0 0 0 0
22 22 0 0 0 0 0 0 0 0 0 0 0 40 32 0 0 0 0 0 0 0 0 0 0 0
27 27 0 0 0 0 0 0 0 0 0 0 0 69 37 1 1 0 0 0 0 0 0 0 0 0
31 31 0 0 0 0 0 0 0 0 0 0 0 72 42 1 1 0 0 0 0 0 0 0 0 0
36 35 0 0 0 0 0 0 0 0 0 0 0 75 45 1 1 0 0 0 0 0 0 0 0 0
40 39 0 0 0 0 0 0 0 0 0 0 0 80 51 2 1 0 0 0 0 0 0 0 0 0
45 44 0 0 0 0 0 0 0 0 0 0 0 90 58 2 1 0 0 0 0 0 0 0 0 0
51 48 0 0 0 0 0 0 0 0 0 0 0 93 63 2 1 0 0 0 0 0 0 0 0 0
56 53 0 0 0 0 0 0 0 0 0 0 0 97 67 3 1 0 0 0 0 0 0 0 0 0
65 57 0 0 0 0 0 0 0 0 0 0 0 107 75 3 1 0 0 0 0 0 0 0 0 0
68 61 0 0 0 0 0 0 0 0 0 0 0 115 82 3 1 0 0 0 0 0 0 0 0 0
74 68 0 0 0 0 0 0 0 0 0 0 0 120 86 3 2 0 0 0 0 0 0 0 0 0
78 72 0 0 0 0 0 0 0 0 0 0 0 127 90 3 2 0 0 0 0 0 0 0 0 0
85 76 0 0 0 0 0 0 0 0 0 0 0 132 94 3 2 0 0 0 0 0 0 0 0 0
90 80 0 0 0 0 0 0 0 0 0 0 0 151 101 3 2 0 0 0 0 0 0 0 0 0
93 83 0 0 0 0 0 0 0 0 0 0 0 155 106 3 2 0 0 0 0 0 0 0 0 0
102 90 0 0 0 0 0 0 0 0 0 0 0 160 110 3 2 0 0 0 0 0 0 0 0 0
105 93 0 0 0 0 0 0 0 0 0 0 0 171 115 4 2 0 0 1 0 0 0 0 0 0
110 98 0 0 0 0 0 0 0 0 0 0 0 179 118 4 2 0 0 1 0 0 0 0 0 0
113 102 0 0 0 0 0 0 0 0 0 0 0 184 121 4 2 0 0 1 0 0 0 0 0 0
119 107 0 0 0 0 0 0 0 0 0 0 0 187 129 4 2 0 0 1 0 0 0 0 0 0
127 112 0 1 0 0 0 0 0 0 0 0 0 191 134 4 2 0 0 1 0 0 0 0 0 0
130 115 0 1 0 0 0 0 0 0 0 0 0 198 140 4 2 0 0 1 0 0 0 0 0 0
138 121 0 1 0 0 0 0 0 0 0 0 0 201 143 4 2 0 0 1 0 0 0 0 0 0
145 125 0 1 0 0 0 0 0 0 0 0 0 204 146 4 2 0 0 1 0 0 0 0 0 0
154 130 0 1 0 0 0 0 0 0 0 0 0 209 150 4 3 0 0 1 0 0 0 0 0 0
160 135 0 1 0 0 0 0 0 0 0 0 0 214 164 4 3 0 0 1 0 0 0 0 0 0
163 138 0 1 0 0 0 0 0 0 0 0 0 218 169 4 3 0 0 1 0 0 0 0 0 0
173 142 0 1 0 0 0 0 0 0 0 0 0 230 175 5 3 0 0 1 0 0 0 0 0 0
179 146 0 1 0 0 0 0 0 0 0 0 0 234 181 5 3 0 0 1 0 0 0 0 0 0
186 153 0 1 0 0 0 0 0 0 0 0 0 245 186 5 3 0 0 1 0 0 0 0 0 0
189 157 0 1 0 0 0 0 0 0 0 0 0 248 196 5 3 0 0 1 0 0 0 0 0 0
192 161 0 1 0 0 0 0 0 0 0 0 0 254 199 5 3 0 0 1 0 0 0 0 0 0
198 167 0 1 0 0 0 0 0 0 0 0 0 261 207 5 3 0 0 1 0 0 0 0 0 0
206 171 0 1 0 0 0 0 0 0 0 0 0 306 213 5 3 0 0 1 0 0 0 0 0 0
211 175 0 1 0 0 0 0 0 0 0 0 0 313 216 5 3 0 0 1 0 0 0 0 0 0
217 180 0 1 0 0 0 0 0 0 0 0 0 316 219 5 3 1 0 1 0 0 0 0 0 0
