# scores for worst/random/best/smart move selector strategies. 
# scores are 50% and 95% quantiles (based on 40 games) of: 
# game score, #destroyed, #unlocked, #stripes, #bombs, #zappers
0 0 0 0 0 0 0 0 0 0 0 0 0 6 6 0 0 0 0 0 0 0 0 0 0 0
3 3 0 0 0 0 0 0 0 0 0 0 0 15 15 0 0 0 0 0 0 0 0 0 0 0
9 9 0 0 0 0 0 0 0 0 0 0 0 19 19 0 0 0 0 0 0 0 0 0 0 0
15 15 0 0 0 0 0 0 0 0 0 0 0 42 30 0 0 0 0 0 0 0 0 0 0 0
19 19 0 0 0 0 0 0 0 0 0 0 0 63 35 2 1 0 0 0 0 0 0 0 0 0
24 24 0 0 0 0 0 0 0 0 0 0 0 72 43 3 1 0 0 0 0 0 0 0 0 0
31 31 0 0 0 0 0 0 0 0 0 0 0 87 53 3 1 0 0 0 0 0 0 0 0 0
43 35 0 0 0 0 0 0 0 0 0 0 0 127 56 4 2 0 0 0 0 0 0 0 0 0
54 40 0 0 0 0 0 0 0 0 0 0 0 133 66 5 2 0 0 0 0 0 0 0 0 0
65 48 0 0 0 0 0 0 0 0 0 0 0 156 76 5 2 0 1 0 0 0 1 0 0 0
71 51 0 1 0 0 0 0 0 0 0 0 0 195 88 6 3 1 1 1 0 0 1 0 0 0
75 55 0 1 0 0 0 0 0 0 0 0 0 199 93 6 4 1 1 1 0 0 1 0 0 0
81 60 0 1 0 0 0 0 0 0 0 0 0 221 104 6 4 1 1 1 0 0 1 0 0 0
96 66 0 1 0 0 0 0 0 0 0 0 0 224 110 7 4 1 1 1 0 0 1 0 0 0
110 71 0 1 0 0 0 0 0 0 0 0 0 255 115 7 5 1 1 1 0 0 1 0 0 0
118 78 0 1 0 0 0 0 0 0 0 0 0 263 120 7 5 1 1 1 0 0 1 0 0 0
132 86 1 2 0 0 0 0 0 0 0 0 0 269 128 7 5 1 1 1 0 0 1 0 0 0
136 90 1 2 0 0 0 0 0 0 0 0 0 272 131 7 5 1 1 1 0 0 1 0 0 0
160 97 2 2 0 0 0 0 0 0 0 0 0 276 139 7 5 1 1 1 0 0 1 0 0 0
180 102 2 2 0 0 0 0 0 0 0 0 0 300 145 7 5 1 1 1 0 0 1 0 0 0
201 111 2 2 0 0 0 0 0 0 0 0 0 322 152 7 6 2 1 1 0 0 1 0 0 0
208 123 2 2 0 0 0 0 0 0 0 0 0 341 164 7 6 2 1 1 0 0 1 0 0 0
222 128 2 2 0 0 0 0 0 0 0 0 0 358 167 7 7 2 1 1 0 0 1 0 0 0
232 132 2 2 0 0 0 0 0 0 0 0 0 363 175 7 7 2 1 1 0 0 1 0 0 0
255 143 2 3 0 0 0 0 0 0 0 0 0 388 183 8 7 2 1 1 0 0 1 0 0 0
265 148 2 3 0 0 0 0 0 0 0 0 0 391 187 8 8 2 1 1 0 0 1 0 0 0
270 155 3 3 0 0 0 0 0 0 0 0 0 424 198 8 8 2 1 1 0 0 1 0 0 0
291 160 3 4 0 0 0 0 0 0 0 0 0 428 205 9 8 2 2 1 0 0 2 0 0 0
301 164 3 4 0 0 0 0 0 0 0 0 0 433 210 9 8 2 2 1 0 0 2 0 0 0
308 171 3 4 0 0 0 0 0 0 0 0 0 458 216 10 8 2 2 2 1 0 2 0 0 0
320 179 4 4 0 0 0 0 0 0 0 0 0 463 222 10 8 2 2 2 1 0 2 0 0 0
332 186 4 4 0 0 0 0 0 0 0 0 0 467 230 10 8 2 2 2 1 0 2 0 0 0
357 193 4 4 0 0 0 0 0 0 0 0 0 507 244 10 10 2 2 2 1 0 2 0 0 0
377 200 5 5 0 0 0 0 0 0 0 0 0 534 258 10 10 2 2 2 1 0 2 0 0 0
386 205 5 5 0 0 0 0 0 0 0 0 0 540 262 10 10 2 2 2 1 0 2 0 0 0
397 211 5 5 0 0 0 0 0 0 0 0 0 559 268 10 11 2 2 2 1 0 2 0 0 0
401 218 5 5 0 0 0 0 0 0 0 0 0 589 274 10 11 2 2 2 1 0 2 0 0 0
416 225 5 5 1 0 0 0 0 0 0 0 0 595 281 10 11 2 2 2 1 0 2 0 0 0
459 238 6 6 1 0 0 0 0 0 0 0 0 605 293 10 12 2 2 2 1 0 2 0 0 0
489 249 6 6 1 0 0 0 0 0 0 0 0 638 298 11 12 2 2 2 1 0 2 0 0 0
492 255 6 6 1 0 0 0 0 0 0 0 0 656 303 11 12 3 2 2 1 0 2 0 0 0
