# scores for worst/random/best/smart move selector strategies. 
# scores are 50% and 95% quantiles (based on 40 games) of: 
# game score, #destroyed, #unlocked, #stripes, #bombs, #zappers
0 0 0 0 0 0 0 0 0 0 0 0 0 6 6 0 0 0 0 0 0 0 0 0 0 0
3 3 0 0 0 0 0 0 0 0 0 0 0 13 13 0 0 0 0 0 0 0 0 0 0 0
9 9 0 0 0 0 0 0 0 0 0 0 0 18 18 0 0 0 0 0 0 0 0 0 0 0
12 12 0 0 0 0 0 0 0 0 0 0 0 21 21 0 0 0 0 0 0 0 0 0 0 0
15 15 0 0 0 0 0 0 0 0 0 0 0 31 28 0 0 0 0 0 0 0 0 0 0 0
19 19 0 0 0 0 0 0 0 0 0 0 0 37 34 0 0 0 0 0 0 0 0 0 0 0
24 24 0 0 0 0 0 0 0 0 0 0 0 41 41 0 0 0 0 0 0 0 0 0 0 0
27 27 0 0 0 0 0 0 0 0 0 0 0 52 44 0 0 0 0 0 0 0 0 0 0 0
31 31 0 0 0 0 0 0 0 0 0 0 0 67 47 0 1 0 0 0 0 0 0 0 0 0
36 36 0 0 0 0 0 0 0 0 0 0 0 76 55 0 1 0 0 0 0 0 0 0 0 0
39 39 0 0 0 0 0 0 0 0 0 0 0 79 60 0 1 0 0 0 0 0 0 0 0 0
46 46 0 0 0 0 0 0 0 0 0 0 0 82 64 0 1 0 0 0 0 0 0 0 0 0
49 49 0 0 0 0 0 0 0 0 0 0 0 85 68 0 1 0 0 0 0 0 0 0 0 0
52 52 0 0 0 0 0 0 0 0 0 0 0 103 78 1 1 1 0 0 0 0 0 0 0 0
57 57 0 0 0 0 0 0 0 0 0 0 0 127 86 1 1 1 0 0 0 0 0 0 0 0
60 60 0 0 0 0 0 0 0 0 0 0 0 143 89 1 1 1 0 0 0 0 0 0 0 0
65 64 0 0 0 0 0 0 0 0 0 0 0 152 94 2 1 1 0 0 0 0 0 0 0 0
68 67 0 0 0 0 0 0 0 0 0 0 0 156 101 2 1 1 0 0 0 0 0 0 0 0
73 72 0 0 0 0 0 0 0 0 0 0 0 162 108 2 1 1 0 0 0 0 0 0 0 0
78 77 0 0 0 0 0 0 0 0 0 0 0 165 112 2 1 1 0 0 0 0 0 0 0 0
81 81 0 0 0 0 0 0 0 0 0 0 0 171 117 2 1 1 0 0 0 0 0 0 0 0
88 87 0 0 0 0 0 0 0 0 0 0 0 174 120 3 1 1 0 0 0 0 0 0 0 0
92 91 0 0 0 0 0 0 0 0 0 0 0 179 124 3 1 1 0 0 0 0 0 0 0 0
99 95 0 0 0 0 0 0 0 0 0 0 0 189 134 3 1 1 0 0 0 0 0 0 0 0
103 99 0 0 0 0 0 0 0 0 0 0 0 192 138 3 1 1 0 0 0 0 0 0 0 0
109 105 0 0 0 0 0 0 0 0 0 0 0 195 141 3 1 1 0 0 0 0 0 0 0 0
113 109 0 0 0 0 0 0 0 0 0 0 0 198 144 3 1 1 0 0 0 0 0 0 0 0
116 113 0 0 0 0 0 0 0 0 0 0 0 201 147 3 1 1 0 0 0 0 0 0 0 0
121 116 0 0 0 0 0 0 0 0 0 0 0 204 150 4 2 1 0 0 0 0 0 0 0 0
126 122 0 0 0 0 0 0 0 0 0 0 0 210 157 4 2 1 0 0 0 0 0 0 0 0
131 128 0 0 0 0 0 0 0 0 0 0 0 214 160 4 2 1 0 0 0 0 0 0 0 0
138 131 0 0 0 0 0 0 0 0 0 0 0 218 164 4 2 1 0 0 0 0 0 0 0 0
142 134 0 0 0 0 0 0 0 0 0 0 0 221 168 4 2 1 0 0 0 0 0 0 0 0
150 139 0 0 0 0 0 0 0 0 0 0 0 227 173 4 2 1 0 0 0 0 0 0 0 0
153 142 0 0 0 0 0 0 0 0 0 0 0 232 177 4 2 1 0 0 0 0 0 0 0 0
157 146 0 0 0 0 0 0 0 0 0 0 0 240 181 4 2 1 0 0 0 0 0 0 0 0
165 149 0 0 0 0 0 0 0 0 0 0 0 243 184 4 2 1 0 0 0 0 0 0 0 0
168 157 0 0 0 0 0 0 0 0 0 0 0 251 187 4 2 1 0 0 0 0 0 0 0 0
173 160 0 0 0 0 0 0 0 0 0 0 0 255 193 4 2 1 0 0 0 0 0 0 0 0
177 167 0 0 0 0 0 0 0 0 0 0 0 258 196 4 2 1 0 0 0 0 0 0 0 0
187 171 0 0 0 0 0 0 0 0 0 0 0 265 200 4 2 1 0 0 0 0 0 0 0 0
