# scores for worst/random/best/smart move selector strategies. 
# scores are 50% and 95% quantiles (based on 40 games) of: 
# game score, #destroyed, #unlocked, #stripes, #bombs, #zappers
0 0 0 0 0 0 0 0 0 0 0 0 0 10 10 0 0 0 0 0 0 0 0 0 0 0
6 6 0 0 0 0 0 0 0 0 0 0 0 16 16 0 0 0 0 0 0 0 0 0 0 0
11 11 0 0 0 0 0 0 0 0 0 0 0 35 24 0 0 0 0 0 0 0 0 0 0 0
14 14 0 0 0 0 0 0 0 0 0 0 0 48 29 0 0 0 0 0 0 0 0 0 0 0
18 18 0 0 0 0 0 0 0 0 0 0 0 63 34 0 1 0 0 0 0 0 0 0 0 0
24 24 0 0 0 0 0 0 0 0 0 0 0 71 45 1 1 0 0 0 0 0 0 0 0 0
29 28 0 0 0 0 0 0 0 0 0 0 0 98 48 2 1 0 0 0 0 0 0 0 0 0
34 33 0 0 0 0 0 0 0 0 0 0 0 118 64 2 2 0 0 1 0 0 0 0 0 0
41 37 0 0 0 0 0 0 0 0 0 0 0 127 67 3 2 0 0 1 0 0 0 0 0 0
61 44 0 0 0 0 0 0 0 0 0 0 0 132 73 3 3 0 0 1 0 0 0 0 0 0
66 47 0 1 0 0 0 0 0 0 0 0 0 151 80 3 3 0 0 1 0 0 0 0 0 0
75 54 0 1 0 0 0 0 0 0 0 0 0 226 91 5 4 1 0 1 0 0 0 0 0 0
91 61 0 1 0 0 0 0 0 0 0 0 0 245 103 5 4 1 0 1 0 0 0 0 0 0
100 66 1 1 0 0 0 0 0 0 0 0 0 249 107 7 4 1 0 1 1 0 0 0 0 0
109 70 1 1 0 0 0 0 0 0 0 0 0 253 111 7 4 1 0 1 1 0 0 0 0 0
114 75 2 1 0 0 0 0 0 0 0 0 0 289 115 7 5 1 1 1 1 0 0 0 0 0
119 79 2 1 0 0 0 0 0 0 0 0 0 293 125 7 5 1 1 1 1 0 0 0 0 0
126 83 2 2 0 0 0 0 0 0 0 0 0 298 128 7 5 1 1 1 1 0 0 0 0 0
134 86 2 2 0 0 0 0 0 0 0 0 0 315 131 7 6 1 1 1 1 0 0 0 0 0
137 91 2 2 0 0 0 0 0 0 0 0 0 318 140 7 6 1 1 1 1 0 0 0 0 0
147 94 2 2 0 0 0 0 0 0 0 0 0 341 149 7 6 1 1 1 1 0 0 0 0 0
151 99 2 2 0 0 0 0 0 0 0 0 0 354 153 7 7 1 1 1 1 0 0 0 0 0
175 107 2 2 0 0 0 0 0 0 0 0 0 360 156 7 7 1 1 1 1 0 0 0 0 0
184 110 2 3 0 0 0 0 0 0 0 0 0 364 161 7 7 1 1 1 1 0 0 0 0 0
194 115 2 3 0 0 0 0 0 0 0 0 0 369 164 7 7 1 1 1 1 0 0 0 0 0
202 120 2 3 0 0 0 0 0 0 0 0 0 380 170 7 7 1 1 1 1 0 1 0 0 0
217 127 2 3 0 0 0 0 0 0 0 0 0 383 173 10 7 1 1 2 1 0 1 0 0 0
228 132 2 3 0 0 0 0 0 0 0 0 0 403 182 10 7 1 1 2 1 0 1 0 0 0
244 139 2 4 0 0 0 0 0 0 0 0 0 460 186 11 10 1 1 2 1 0 1 0 0 0
250 142 2 4 0 0 0 0 0 0 0 0 0 487 197 11 10 1 1 2 1 0 1 0 0 0
260 145 2 4 0 0 0 0 0 0 0 0 0 525 205 11 10 1 1 2 1 0 1 0 0 0
267 153 2 4 0 0 1 0 0 0 0 0 0 539 216 11 11 1 1 2 1 0 1 0 0 0
278 158 3 4 0 0 1 0 0 0 0 0 0 548 229 11 11 1 1 2 1 0 1 0 0 0
288 161 3 4 0 0 1 0 0 0 0 0 0 588 232 11 12 1 2 2 1 0 1 0 0 0
298 164 3 5 0 0 1 0 0 0 0 0 0 602 237 11 12 1 2 2 1 0 1 0 0 0
301 170 3 5 0 0 1 0 0 0 0 0 0 609 242 11 12 1 2 2 1 0 1 0 0 0
318 177 3 5 0 0 1 0 0 0 0 0 0 615 251 11 12 1 2 2 1 0 1 0 0 0
331 184 3 5 0 0 1 0 0 0 0 0 0 618 254 11 12 1 2 2 1 0 1 0 0 0
338 189 3 5 0 0 1 0 0 0 0 0 0 621 257 11 12 1 2 2 1 0 1 0 0 0
351 193 3 5 0 0 1 0 0 0 0 0 0 632 265 11 12 1 2 2 1 0 1 0 0 0
366 199 3 5 0 0 1 0 0 0 0 0 0 636 269 11 12 1 2 2 1 0 1 0 0 0
