# scores for worst/random/best/smart move selector strategies. 
# scores are 50% and 95% quantiles (based on 40 games) of: 
# game score, #destroyed, #unlocked, #stripes, #bombs, #zappers
0 0 0 0 0 0 0 0 0 0 0 0 0 10 10 0 0 0 0 0 0 0 0 0 0 0
6 6 0 0 0 0 0 0 0 0 0 0 0 14 14 0 0 0 0 0 0 0 0 0 0 0
9 9 0 0 0 0 0 0 0 0 0 0 0 20 20 0 0 0 0 0 0 0 0 0 0 0
15 15 0 0 0 0 0 0 0 0 0 0 0 27 25 0 0 0 0 0 0 0 0 0 0 0
18 18 0 0 0 0 0 0 0 0 0 0 0 45 30 0 0 0 0 0 0 0 0 0 0 0
22 22 0 0 0 0 0 0 0 0 0 0 0 48 36 0 0 0 0 0 0 0 0 0 0 0
27 27 0 0 0 0 0 0 0 0 0 0 0 52 41 0 1 0 0 0 0 0 0 0 0 0
30 30 0 0 0 0 0 0 0 0 0 0 0 55 44 0 1 0 0 0 0 0 0 0 0 0
34 34 0 0 0 0 0 0 0 0 0 0 0 66 47 0 1 0 0 0 0 0 0 0 0 0
37 37 0 0 0 0 0 0 0 0 0 0 0 69 50 0 1 0 0 0 0 0 0 0 0 0
42 41 0 0 0 0 0 0 0 0 0 0 0 72 55 0 1 0 0 0 0 0 0 0 0 0
46 45 0 0 0 0 0 0 0 0 0 0 0 76 59 0 1 0 0 0 0 0 0 0 0 0
51 48 0 0 0 0 0 0 0 0 0 0 0 94 63 2 1 0 0 0 0 0 0 0 0 0
55 52 0 0 0 0 0 0 0 0 0 0 0 97 68 2 1 0 0 0 0 0 0 0 0 0
63 57 0 0 0 0 0 0 0 0 0 0 0 115 71 2 1 0 0 0 0 0 0 0 0 0
69 63 0 0 0 0 0 0 0 0 0 0 0 124 75 2 2 0 0 0 0 0 0 0 0 0
75 70 0 0 0 0 0 0 0 0 0 0 0 131 80 2 2 0 0 0 0 0 0 0 0 0
78 73 0 0 0 0 0 0 0 0 0 0 0 136 84 2 2 0 0 0 0 0 0 0 0 0
82 76 0 0 0 0 0 0 0 0 0 0 0 140 89 2 2 0 0 0 0 0 0 0 0 0
85 79 0 0 0 0 0 0 0 0 0 0 0 143 92 2 2 0 0 0 0 0 0 0 0 0
90 83 0 0 0 0 0 0 0 0 0 0 0 148 95 2 2 0 0 0 0 0 0 0 0 0
94 87 0 0 0 0 0 0 0 0 0 0 0 152 104 2 2 0 0 0 0 0 0 0 0 0
100 92 0 0 0 0 0 0 0 0 0 0 0 190 112 2 2 0 0 0 0 0 0 0 0 0
103 95 0 0 0 0 0 0 0 0 0 0 0 193 115 2 2 0 0 0 0 0 0 0 0 0
106 100 0 0 0 0 0 0 0 0 0 0 0 220 118 2 2 0 1 0 0 0 0 0 0 0
118 103 0 1 0 0 0 0 0 0 0 0 0 223 122 2 2 0 1 0 0 0 0 0 0 0
125 107 0 1 0 0 0 0 0 0 0 0 0 227 125 2 2 0 1 1 0 0 0 0 0 0
133 112 0 1 0 0 0 0 0 0 0 0 0 232 131 2 2 1 1 1 0 0 0 0 0 0
136 116 0 1 0 0 0 0 0 0 0 0 0 236 136 2 2 1 1 1 0 0 0 0 0 0
140 120 0 1 0 0 0 0 0 0 0 0 0 249 148 2 2 1 1 1 0 0 0 0 0 0
143 125 0 1 0 0 0 0 0 0 0 0 0 254 151 2 2 1 1 1 0 0 0 0 0 0
149 128 0 1 0 0 0 0 0 0 0 0 0 259 154 2 2 1 1 1 0 0 0 0 0 0
156 131 0 1 0 0 0 0 0 0 0 0 0 265 157 2 3 1 1 1 0 0 0 0 0 0
164 136 0 1 0 0 0 0 0 0 0 0 0 268 160 2 3 1 1 1 0 0 0 0 0 0
167 139 0 1 0 0 0 0 0 0 0 0 0 273 166 2 3 1 1 1 0 0 0 0 0 0
171 143 0 1 0 0 0 0 0 0 0 0 0 302 170 2 3 1 1 1 0 0 0 0 0 0
177 147 0 1 0 0 0 0 0 0 0 0 0 341 180 2 3 1 1 1 0 0 0 0 0 0
187 151 0 1 0 0 0 0 0 0 0 0 0 344 183 2 3 1 1 1 0 0 0 0 0 0
192 156 0 1 0 0 0 0 0 0 0 0 0 348 186 2 3 1 1 1 0 0 0 0 0 0
202 162 0 1 0 0 0 0 0 0 0 0 0 352 190 2 3 1 1 1 0 0 0 0 0 0
210 167 0 1 0 0 0 0 0 0 0 0 0 370 198 2 4 1 1 1 0 0 0 0 0 0
