# scores for worst/random/best/smart move selector strategies. 
# scores are 50% and 95% quantiles (based on 40 games) of: 
# game score, #destroyed, #unlocked, #stripes, #bombs, #zappers
0 0 0 0 0 0 0 0 0 0 0 0 0 10 10 0 0 0 0 0 0 0 0 0 0 0
6 6 0 0 0 0 0 0 0 0 0 0 0 16 16 0 0 0 0 0 0 0 0 0 0 0
12 12 0 0 0 0 0 0 0 0 0 0 0 37 24 0 0 0 0 0 0 0 0 0 0 0
19 18 0 0 0 0 0 0 0 0 0 0 0 59 30 1 1 0 0 0 0 0 0 0 0 0
26 23 0 0 0 0 0 0 0 0 0 0 0 71 42 2 1 0 0 0 0 0 0 0 0 0
35 28 0 0 0 0 0 0 0 0 0 0 0 77 47 2 1 0 0 0 0 0 0 0 0 0
47 35 0 0 0 0 0 0 0 0 0 0 0 122 52 4 2 0 0 1 0 0 0 0 0 0
65 41 0 0 0 0 0 0 0 0 0 0 0 179 71 4 2 1 0 1 0 0 0 0 0 0
76 47 0 1 0 0 0 0 0 0 0 0 0 182 77 4 3 1 1 1 1 0 0 0 0 0
89 55 0 1 0 0 0 0 0 0 0 0 0 237 86 4 5 1 1 1 1 0 1 0 0 0
92 59 1 1 0 0 0 0 0 0 0 0 0 251 93 4 5 1 1 1 1 0 1 0 0 0
117 67 2 1 0 0 0 0 0 0 0 0 0 257 99 6 5 1 1 1 1 0 1 0 0 0
130 74 2 2 0 0 0 0 0 0 0 0 0 318 106 6 6 2 1 1 1 0 1 0 0 0
149 83 2 2 0 0 0 0 0 0 0 0 0 326 112 8 6 2 1 1 1 0 1 0 0 0
178 90 2 2 0 0 0 0 0 0 0 0 0 330 120 8 6 2 1 1 1 0 1 0 0 0
189 95 2 2 0 0 0 0 0 0 0 0 0 335 125 8 6 2 1 1 1 0 1 0 0 0
193 102 2 3 0 0 0 0 0 0 0 0 0 360 133 8 6 2 1 1 1 0 1 0 0 0
227 110 2 3 0 0 0 0 0 0 0 0 0 374 138 8 7 2 2 1 1 0 2 0 0 0
237 120 2 3 0 0 0 0 0 0 0 0 0 377 141 8 7 2 2 1 1 1 2 0 0 0
252 126 2 3 0 0 0 0 0 0 0 0 0 385 156 8 7 2 2 2 1 1 2 0 0 0
256 134 2 3 0 0 0 0 0 0 0 0 0 431 161 8 7 2 2 2 1 1 2 0 0 0
271 138 2 4 0 0 0 0 0 0 0 0 0 450 171 8 7 2 3 2 1 1 2 0 0 0
288 145 2 4 0 0 0 0 0 0 0 0 0 468 176 8 8 2 3 2 1 1 2 1 0 0
299 150 2 4 1 0 0 0 0 0 0 0 0 492 191 8 8 2 3 2 1 1 2 1 0 0
333 161 2 4 1 0 0 0 0 0 0 0 0 514 199 8 9 2 3 2 1 1 2 1 0 0
344 165 2 5 1 0 0 0 0 0 0 0 0 535 208 8 9 2 3 2 1 1 2 1 0 0
364 172 3 5 1 1 0 0 0 0 0 0 0 565 226 8 9 2 3 2 1 1 2 1 0 0
376 179 3 5 1 1 0 0 0 1 0 0 0 600 232 8 9 2 3 2 1 1 3 1 0 0
401 187 3 6 1 1 0 0 0 1 0 0 0 648 243 9 9 2 3 2 1 1 3 1 0 0
416 196 3 6 1 1 1 0 0 1 0 0 0 654 249 9 9 2 3 2 1 1 3 1 0 0
427 204 3 6 1 1 1 0 0 1 0 0 0 664 255 9 10 2 3 2 1 1 3 1 0 0
453 209 3 6 1 1 1 0 0 1 0 0 0 681 265 9 10 2 3 2 1 1 3 1 0 0
465 216 3 6 1 1 1 0 0 1 0 0 0 690 274 9 11 2 3 2 1 1 3 1 0 0
470 225 3 7 1 1 1 0 0 1 0 0 0 696 280 9 11 2 3 2 1 1 3 1 0 0
498 232 3 7 1 1 1 0 0 1 0 0 0 700 284 9 11 2 3 3 1 1 3 1 0 0
507 236 3 7 1 1 1 0 0 1 0 0 0 801 292 9 16 2 3 3 1 1 3 1 0 0
522 241 3 7 1 1 1 0 0 1 0 0 0 827 301 9 16 2 4 3 1 1 4 1 0 0
528 246 4 8 1 1 1 0 0 1 0 0 0 1078 305 9 16 3 4 3 1 1 4 1 0 0
539 256 4 8 1 1 1 0 0 1 0 0 0 1081 335 9 16 3 4 3 1 1 4 1 0 0
565 263 4 8 1 1 1 0 0 1 0 0 0 1088 346 9 16 3 4 3 2 1 4 1 0 0
575 270 4 8 1 1 1 0 0 1 0 0 0 1144 354 9 17 3 4 3 2 1 4 1 0 0
