# scores for worst/random/best/smart move selector strategies. 
# scores are 50% and 95% quantiles (based on 40 games) of: 
# game score, #destroyed, #unlocked, #stripes, #bombs, #zappers
0 0 0 0 0 0 0 0 0 0 0 0 0 10 10 0 0 0 0 0 0 0 0 0 0 0
6 6 0 0 0 0 0 0 0 0 0 0 0 16 16 0 0 0 0 0 0 0 0 0 0 0
9 9 0 0 0 0 0 0 0 0 0 0 0 24 24 0 0 0 0 0 0 0 0 0 0 0
12 12 0 0 0 0 0 0 0 0 0 0 0 27 27 0 0 0 0 0 0 0 0 0 0 0
15 15 0 0 0 0 0 0 0 0 0 0 0 30 30 0 0 0 0 0 0 0 0 0 0 0
20 20 0 0 0 0 0 0 0 0 0 0 0 41 40 0 0 0 0 0 0 0 0 0 0 0
23 23 0 0 0 0 0 0 0 0 0 0 0 44 43 0 0 0 0 0 0 0 0 0 0 0
27 27 0 0 0 0 0 0 0 0 0 0 0 47 46 0 0 0 0 0 0 0 0 0 0 0
30 30 0 0 0 0 0 0 0 0 0 0 0 52 49 0 0 0 0 0 0 0 0 0 0 0
33 33 0 0 0 0 0 0 0 0 0 0 0 55 52 0 0 0 0 0 0 0 0 0 0 0
36 36 0 0 0 0 0 0 0 0 0 0 0 61 59 0 0 0 0 0 0 0 0 0 0 0
42 42 0 0 0 0 0 0 0 0 0 0 0 64 63 0 0 0 0 0 0 0 0 0 0 0
45 45 0 0 0 0 0 0 0 0 0 0 0 67 66 0 0 0 0 0 0 0 0 0 0 0
48 48 0 0 0 0 0 0 0 0 0 0 0 70 69 0 0 0 0 0 0 0 0 0 0 0
52 52 0 0 0 0 0 0 0 0 0 0 0 102 79 0 1 0 0 0 0 0 0 0 0 0
55 55 0 0 0 0 0 0 0 0 0 0 0 107 82 0 1 0 0 0 0 0 0 0 0 0
58 58 0 0 0 0 0 0 0 0 0 0 0 110 85 0 1 0 0 0 0 0 0 0 0 0
63 63 0 0 0 0 0 0 0 0 0 0 0 115 89 0 1 0 0 0 0 0 0 0 0 0
67 67 0 0 0 0 0 0 0 0 0 0 0 136 94 0 1 0 0 0 0 0 0 0 0 0
72 72 0 0 0 0 0 0 0 0 0 0 0 139 98 0 1 0 0 0 0 0 0 0 0 0
75 75 0 0 0 0 0 0 0 0 0 0 0 142 104 1 1 0 0 0 0 0 0 0 0 0
79 79 0 0 0 0 0 0 0 0 0 0 0 145 107 1 1 0 0 0 0 0 0 0 0 0
84 84 0 0 0 0 0 0 0 0 0 0 0 148 110 1 1 0 0 0 0 0 0 0 0 0
89 89 0 0 0 0 0 0 0 0 0 0 0 153 115 1 1 0 0 0 0 0 0 0 0 0
92 92 0 0 0 0 0 0 0 0 0 0 0 156 118 1 1 0 0 0 0 0 0 0 0 0
96 96 0 0 0 0 0 0 0 0 0 0 0 165 123 1 1 0 0 0 0 0 0 0 0 0
99 99 0 0 0 0 0 0 0 0 0 0 0 168 126 1 1 0 0 0 0 0 0 0 0 0
103 103 0 0 0 0 0 0 0 0 0 0 0 174 132 1 1 0 0 0 0 0 0 0 0 0
109 109 0 0 0 0 0 0 0 0 0 0 0 177 135 1 1 0 0 0 0 0 0 0 0 0
112 112 0 0 0 0 0 0 0 0 0 0 0 180 138 1 1 0 0 0 0 0 0 0 0 0
117 117 0 0 0 0 0 0 0 0 0 0 0 183 141 1 1 0 0 0 0 0 0 0 0 0
120 120 0 0 0 0 0 0 0 0 0 0 0 186 145 1 1 0 0 0 0 0 0 0 0 0
126 126 0 0 0 0 0 0 0 0 0 0 0 198 148 1 1 0 0 0 0 0 0 0 0 0
129 129 0 0 0 0 0 0 0 0 0 0 0 201 151 1 1 0 0 0 0 0 0 0 0 0
132 132 0 0 0 0 0 0 0 0 0 0 0 204 154 1 1 0 0 0 0 0 0 0 0 0
136 135 0 0 0 0 0 0 0 0 0 0 0 207 158 1 1 0 0 0 0 0 0 0 0 0
139 138 0 0 0 0 0 0 0 0 0 0 0 220 161 2 2 0 0 0 0 0 0 0 0 0
145 142 0 0 0 0 0 0 0 0 0 0 0 223 164 2 2 0 0 0 0 0 0 0 0 0
148 146 0 0 0 0 0 0 0 0 0 0 0 228 167 2 2 0 0 0 0 0 0 0 0 0
151 149 0 0 0 0 0 0 0 0 0 0 0 231 170 2 2 0 0 0 0 0 0 0 0 0
154 153 0 0 0 0 0 0 0 0 0 0 0 234 174 2 2 0 0 0 0 0 0 0 0 0
