# scores for worst/random/best/smart move selector strategies. 
# scores are 50% and 95% quantiles (based on 40 games) of: 
# game score, #destroyed, #unlocked, #stripes, #bombs, #zappers
3 3 0 0 0 0 0 0 0 0 0 0 0 9 9 0 0 0 0 0 0 0 0 0 0 0
4 4 0 0 0 0 0 0 0 0 0 0 0 12 12 0 0 0 0 0 0 0 0 0 0 0
7 7 0 0 0 0 0 0 0 0 0 0 0 15 15 0 0 0 0 0 0 0 0 0 0 0
9 9 0 0 0 0 0 0 0 0 0 0 0 22 22 0 0 0 0 0 0 0 0 0 0 0
12 12 0 0 0 0 0 0 0 0 0 0 0 126 44 7 2 0 0 0 0 0 0 0 0 0
12 12 0 0 0 0 0 0 0 0 0 0 0 419 75 7 7 3 0 0 0 0 0 0 0 0
15 15 0 0 0 0 0 0 0 0 0 0 0 646 100 12 11 6 0 0 1 0 0 0 0 0
18 18 0 0 0 0 0 0 0 0 0 0 0 652 106 12 11 6 0 0 1 0 0 0 0 0
22 22 0 0 0 0 0 0 0 0 0 0 0 696 117 21 12 6 0 1 1 0 0 0 0 0
25 25 0 0 0 0 0 0 0 0 0 0 0 701 120 21 12 6 0 1 1 1 0 0 0 0
28 28 0 0 0 0 0 0 0 0 0 0 0 707 128 22 12 6 0 1 1 1 0 0 0 0
32 31 0 0 0 0 0 0 0 0 0 0 0 741 137 22 12 6 0 1 1 1 0 0 0 0
36 35 0 0 0 0 0 0 0 0 0 0 0 745 146 22 12 6 0 1 1 1 0 0 0 0
39 38 0 0 0 0 0 0 0 0 0 0 0 748 159 22 13 7 0 1 1 1 0 0 0 0
44 39 0 0 0 0 0 0 0 0 0 0 0 752 164 22 13 7 0 2 1 1 0 0 0 0
62 47 0 0 0 0 0 0 0 0 0 0 0 772 167 22 13 7 0 2 1 1 0 0 0 0
104 55 1 2 0 0 0 0 0 0 0 0 0 779 171 22 13 7 0 2 1 1 0 0 0 0
105 56 1 2 0 0 0 0 0 0 0 0 0 813 179 22 13 7 0 2 1 1 0 0 0 0
302 87 5 6 1 0 0 0 0 0 0 0 0 818 184 22 13 7 1 2 1 1 1 0 0 0
471 98 7 8 3 0 0 0 0 0 0 0 0 822 190 22 14 7 1 2 1 1 1 0 0 0
601 105 10 9 6 0 0 0 0 0 0 0 0 885 194 22 14 7 1 2 1 1 1 0 0 0
617 119 11 10 6 0 0 0 0 0 0 0 0 891 197 22 14 7 1 2 1 1 1 0 0 0
624 123 11 10 6 0 0 0 0 0 0 0 0 900 217 22 14 7 1 2 1 1 1 0 0 0
644 127 11 10 6 0 0 0 0 0 0 0 0 927 222 22 14 7 1 2 1 1 1 0 0 0
667 140 12 10 6 0 0 0 0 0 0 0 0 930 226 22 14 7 1 2 1 1 1 0 0 0
679 145 12 10 6 0 0 0 0 0 0 0 0 944 234 22 14 7 1 2 1 1 1 0 0 0
689 149 13 10 6 0 0 0 0 0 0 0 0 947 239 22 14 7 1 2 1 1 1 0 0 0
693 154 13 11 6 0 0 0 0 0 0 0 0 950 243 22 14 7 1 2 1 1 1 0 0 0
700 157 13 11 6 0 0 0 0 0 0 0 0 957 248 22 14 7 1 2 1 1 1 0 0 0
714 161 13 11 6 0 0 0 0 0 0 0 0 996 257 22 14 7 1 2 1 1 1 0 0 0
719 166 13 11 6 0 0 0 0 0 0 0 0 1001 260 22 14 7 1 2 1 1 1 0 0 0
723 170 13 11 6 0 0 0 0 0 0 0 0 1019 265 22 14 7 1 2 1 1 1 0 0 0
727 175 13 11 6 0 1 0 0 0 0 0 0 1022 269 22 15 7 1 2 1 1 1 0 0 0
730 178 13 12 6 0 1 0 0 0 0 0 0 1025 274 22 15 7 1 2 1 1 1 0 0 0
739 184 13 12 6 0 1 0 0 0 0 0 0 1028 277 22 15 7 1 2 1 1 1 0 0 0
749 190 13 12 6 0 1 0 0 0 0 0 0 1034 287 22 15 7 1 2 1 1 1 0 0 0
752 193 13 12 6 0 1 0 0 0 0 0 0 1037 292 22 15 7 1 2 1 1 1 0 0 0
757 199 13 12 6 0 1 0 0 0 0 0 0 1064 295 22 16 7 1 2 1 1 1 0 0 0
777 202 13 12 6 0 1 0 0 0 0 0 0 1068 298 22 16 7 1 2 1 1 1 0 0 0
795 210 13 13 6 0 1 0 0 0 0 0 0 1071 301 22 16 7 1 2 1 1 1 0 0 0
803 214 13 13 6 0 1 0 0 0 0 0 0 1075 304 22 16 7 1 2 1 1 1 0 0 0
