# scores for worst/random/best/smart move selector strategies. 
# scores are 50% and 95% quantiles (based on 40 games) of: 
# game score, #destroyed, #unlocked, #stripes, #bombs, #zappers
3 3 0 0 0 0 0 0 0 0 0 0 0 9 9 0 0 0 0 0 0 0 0 0 0 0
3 3 0 0 0 0 0 0 0 0 0 0 0 13 13 0 0 0 0 0 0 0 0 0 0 0
6 6 0 0 0 0 0 0 0 0 0 0 0 13 13 0 0 0 0 0 0 0 0 0 0 0
9 9 0 0 0 0 0 0 0 0 0 0 0 17 17 0 0 0 0 0 0 0 0 0 0 0
12 12 0 0 0 0 0 0 0 0 0 0 0 23 19 0 0 0 0 0 0 0 0 0 0 0
12 12 0 0 0 0 0 0 0 0 0 0 0 26 23 0 0 0 0 0 0 0 0 0 0 0
15 15 0 0 0 0 0 0 0 0 0 0 0 27 27 0 0 0 0 0 0 0 0 0 0 0
18 18 0 0 0 0 0 0 0 0 0 0 0 77 30 1 1 0 0 0 0 0 0 0 0 0
21 20 0 0 0 0 0 0 0 0 0 0 0 110 33 4 2 0 0 1 0 0 0 0 0 0
23 22 0 0 0 0 0 0 0 0 0 0 0 206 40 6 2 2 0 1 0 0 0 0 0 0
24 24 0 0 0 0 0 0 0 0 0 0 0 209 43 6 2 2 0 1 0 0 0 0 0 0
27 27 0 0 0 0 0 0 0 0 0 0 0 212 46 6 2 2 0 1 0 0 0 0 0 0
30 30 0 0 0 0 0 0 0 0 0 0 0 607 102 12 10 6 0 1 0 0 0 0 0 0
33 32 0 0 0 0 0 0 0 0 0 0 0 629 109 13 10 6 0 1 0 0 0 0 0 0
38 36 0 0 0 0 0 0 0 0 0 0 0 646 113 13 11 6 0 1 0 0 0 0 0 0
49 42 0 0 0 0 0 0 0 0 0 0 0 658 127 16 11 6 0 1 1 0 0 0 0 0
60 49 0 0 0 0 0 0 0 0 0 0 0 662 130 18 11 6 0 1 1 0 0 0 0 0
75 54 0 1 0 0 0 0 0 0 0 0 0 668 133 18 11 6 1 1 1 0 0 0 0 0
162 67 1 2 0 0 0 0 0 0 0 0 0 678 136 18 11 6 1 1 1 0 0 0 0 0
274 79 2 3 1 0 0 0 0 0 0 0 0 681 139 18 11 6 1 1 1 0 0 0 0 0
528 99 9 8 5 0 0 0 0 0 0 0 0 697 142 19 11 6 1 1 1 0 0 0 0 0
595 105 9 10 6 0 0 0 0 0 0 0 0 700 146 19 11 6 1 1 1 0 0 0 0 0
598 108 9 10 6 0 0 0 0 0 0 0 0 704 151 19 11 6 1 1 1 0 0 0 0 0
608 112 9 10 6 0 0 0 0 0 0 0 0 734 158 19 11 6 1 1 1 0 1 0 0 0
618 117 10 10 6 0 0 0 0 0 0 0 0 741 163 19 12 6 1 1 1 0 1 0 0 0
621 120 10 10 6 0 0 0 0 0 0 0 0 746 169 19 12 6 1 1 1 0 1 0 0 0
628 127 10 10 6 0 0 0 0 0 0 0 0 749 172 19 12 6 1 1 1 0 1 0 0 0
637 130 10 10 6 0 0 0 0 0 0 0 0 752 176 19 12 6 1 2 1 0 1 0 0 0
646 133 11 10 6 0 0 0 0 0 0 0 0 756 181 19 12 6 1 2 1 0 1 0 0 0
652 138 11 10 6 0 0 0 0 0 0 0 0 759 186 19 12 6 1 2 1 0 1 0 0 0
658 141 11 10 6 0 0 0 0 0 0 0 0 762 189 19 12 6 1 2 1 0 1 0 0 0
661 145 11 10 6 0 0 0 0 0 0 0 0 765 192 19 12 6 1 2 1 0 1 0 0 0
665 150 11 10 6 0 0 0 0 0 0 0 0 768 195 19 12 6 1 2 1 0 1 0 0 0
670 155 11 10 6 0 0 0 0 0 0 0 0 800 200 19 13 7 1 2 1 0 1 0 0 0
674 161 11 10 6 0 0 0 0 0 0 0 0 803 204 19 13 7 1 2 1 0 1 0 0 0
677 165 11 10 6 0 0 0 0 0 0 0 0 806 207 19 13 7 1 2 1 0 1 0 0 0
683 169 11 10 6 0 0 0 0 0 0 0 0 809 212 19 13 7 1 2 1 0 1 0 0 0
688 174 11 10 6 0 0 0 0 0 0 0 0 812 217 19 13 7 1 2 1 0 1 0 0 0
692 183 11 10 6 0 0 0 0 0 0 0 0 817 220 19 13 7 1 2 1 0 1 0 0 0
695 186 11 10 6 0 0 0 0 0 0 0 0 820 223 19 13 7 1 2 1 0 1 0 0 0
698 189 11 10 6 0 0 0 0 0 0 0 0 823 227 19 14 7 1 2 1 0 1 0 0 0
