# scores for worst/random/best/smart move selector strategies. 
# scores are 50% and 95% quantiles (based on 40 games) of: 
# game score, #destroyed, #unlocked, #stripes, #bombs, #zappers
3 3 0 0 0 0 0 0 0 0 0 0 0 9 9 0 0 0 0 0 0 0 0 0 0 0
6 6 0 0 0 0 0 0 0 0 0 0 0 13 13 0 0 0 0 0 0 0 0 0 0 0
9 9 0 0 0 0 0 0 0 0 0 0 0 474 59 13 7 5 0 0 0 0 0 0 0 0
13 13 0 0 0 0 0 0 0 0 0 0 0 613 82 19 11 6 0 0 1 0 0 0 0 0
22 20 0 0 0 0 0 0 0 0 0 0 0 617 94 23 11 6 0 1 1 0 0 0 0 0
43 25 0 0 0 0 0 0 0 0 0 0 0 645 103 23 11 6 0 1 1 1 0 0 0 0
108 30 2 2 0 0 0 0 0 0 0 0 0 702 116 23 12 6 0 1 1 1 0 0 0 0
396 69 10 5 4 0 0 0 0 0 0 0 0 716 123 23 12 6 1 1 1 1 1 0 0 0
596 89 13 10 6 0 0 0 0 0 0 0 0 722 133 23 12 6 1 1 1 1 1 0 0 0
606 102 14 10 6 0 0 1 0 0 0 0 0 736 137 23 12 6 1 1 1 1 1 0 0 0
631 108 14 10 6 0 0 1 0 0 0 0 0 757 148 23 13 7 1 1 2 1 1 0 0 0
646 117 14 11 6 0 1 1 0 0 0 0 0 761 155 23 14 7 1 2 2 1 1 0 0 0
659 125 14 11 6 0 1 1 0 0 0 0 0 767 162 23 14 7 1 2 2 1 1 0 0 0
671 134 14 11 6 0 1 1 0 0 0 0 0 775 171 23 14 7 1 2 2 1 1 0 0 0
681 138 14 11 6 0 1 1 0 0 0 0 0 814 178 23 15 7 1 2 2 1 1 0 0 0
690 141 15 11 6 0 1 1 0 0 0 0 0 821 185 23 15 7 1 2 2 1 1 0 0 0
696 147 15 11 6 0 1 1 0 0 0 0 0 877 196 23 15 7 1 2 2 1 1 0 0 0
727 157 15 12 6 0 1 1 0 0 0 0 0 890 217 23 16 7 1 2 2 1 1 0 0 0
731 164 15 12 6 0 1 1 0 0 0 0 0 922 220 23 16 7 1 2 2 1 1 0 0 0
735 167 15 12 6 0 1 1 0 0 0 0 0 927 227 24 17 7 1 2 2 1 1 0 0 0
780 178 15 13 6 0 1 1 0 0 0 0 0 934 234 24 17 7 1 2 2 1 1 0 0 0
792 183 15 13 6 0 1 1 0 0 0 0 0 954 246 24 17 7 1 2 2 1 1 0 0 0
815 189 15 13 6 0 1 1 0 0 0 0 0 965 253 24 17 8 1 3 2 1 1 0 0 0
827 197 15 13 6 0 1 1 0 0 0 0 0 968 257 24 18 8 1 3 2 1 1 0 0 0
841 202 15 14 6 0 1 1 0 0 0 0 0 992 268 24 18 8 1 3 2 1 1 0 0 0
852 212 15 14 6 0 1 1 0 0 0 0 0 1000 279 24 18 8 1 3 2 1 1 0 0 0
857 218 15 14 6 0 1 1 0 0 0 0 0 1008 285 24 18 8 1 3 2 1 1 0 0 0
872 228 15 15 6 0 1 1 0 0 0 0 0 1016 296 24 19 8 1 3 2 1 1 0 0 0
902 236 15 15 6 0 1 1 0 0 0 0 0 1076 301 24 19 8 1 3 2 1 1 0 0 0
911 240 15 15 6 0 1 1 0 0 0 0 0 1109 305 24 20 8 1 3 2 1 1 0 0 0
929 246 15 15 6 0 1 1 0 0 0 0 0 1136 311 24 21 8 2 3 2 1 1 0 0 0
944 251 15 15 6 0 1 1 0 0 0 0 0 1144 320 24 21 8 2 3 2 1 1 0 0 0
955 262 15 16 6 0 1 1 0 0 0 0 0 1193 338 24 22 8 2 4 2 1 2 0 0 0
978 269 15 16 6 0 2 1 0 0 0 0 0 1199 343 24 22 8 2 4 2 1 2 0 0 0
1013 274 15 16 6 0 2 1 0 0 0 0 0 1231 351 24 22 8 2 4 2 1 2 0 0 0
1016 278 15 16 7 1 2 1 0 1 0 0 0 1244 359 24 22 9 2 4 2 1 2 0 0 0
1025 283 15 16 7 1 2 1 0 1 0 0 0 1248 363 24 22 9 2 4 2 1 2 0 0 0
1059 296 15 17 7 1 2 1 0 1 0 0 0 1289 369 24 23 9 2 4 2 1 2 0 0 0
1095 303 15 18 7 1 2 1 0 1 0 0 0 1294 372 24 25 9 2 4 2 1 2 1 0 0
1103 311 15 18 7 1 2 1 0 1 0 0 0 1304 377 24 25 9 2 4 2 1 2 1 0 0
1116 321 15 18 7 1 2 1 0 1 0 0 0 1436 392 24 30 9 2 5 2 1 2 1 0 0
