# scores for worst/random/best/smart move selector strategies. 
# scores are 50% and 95% quantiles (based on 40 games) of: 
# game score, #destroyed, #unlocked, #stripes, #bombs, #zappers
3 3 0 0 0 0 0 0 0 0 0 0 0 9 9 0 0 0 0 0 0 0 0 0 0 0
3 3 0 0 0 0 0 0 0 0 0 0 0 12 12 0 0 0 0 0 0 0 0 0 0 0
6 6 0 0 0 0 0 0 0 0 0 0 0 15 15 0 0 0 0 0 0 0 0 0 0 0
9 9 0 0 0 0 0 0 0 0 0 0 0 18 18 0 0 0 0 0 0 0 0 0 0 0
12 12 0 0 0 0 0 0 0 0 0 0 0 21 21 0 0 0 0 0 0 0 0 0 0 0
13 13 0 0 0 0 0 0 0 0 0 0 0 22 22 0 0 0 0 0 0 0 0 0 0 0
15 15 0 0 0 0 0 0 0 0 0 0 0 25 25 0 0 0 0 0 0 0 0 0 0 0
18 18 0 0 0 0 0 0 0 0 0 0 0 30 30 0 0 0 0 0 0 0 0 0 0 0
19 18 0 0 0 0 0 0 0 0 0 0 0 74 33 1 1 0 0 0 0 0 0 0 0 0
21 21 0 0 0 0 0 0 0 0 0 0 0 88 39 2 2 0 0 0 0 0 0 0 0 0
22 21 0 0 0 0 0 0 0 0 0 0 0 288 55 7 4 2 0 0 0 0 0 0 0 0
24 24 0 0 0 0 0 0 0 0 0 0 0 422 78 12 5 5 0 0 0 0 0 0 0 0
28 28 0 0 0 0 0 0 0 0 0 0 0 528 93 12 8 5 0 0 0 0 0 0 0 0
30 30 0 0 0 0 0 0 0 0 0 0 0 589 96 15 10 6 0 0 0 0 0 0 0 0
35 33 0 0 0 0 0 0 0 0 0 0 0 599 99 15 10 6 0 0 0 0 0 0 0 0
39 36 0 0 0 0 0 0 0 0 0 0 0 616 105 18 10 6 0 0 0 0 0 0 0 0
45 40 0 0 0 0 0 0 0 0 0 0 0 619 109 20 10 6 0 0 0 0 0 0 0 0
51 44 0 0 0 0 0 0 0 0 0 0 0 630 114 20 11 6 0 0 0 0 0 0 0 0
57 50 0 0 0 0 0 0 0 0 0 0 0 643 129 20 11 6 0 0 0 0 0 0 0 0
65 54 0 0 0 0 0 0 0 0 0 0 0 651 132 20 11 6 0 0 0 0 0 0 0 0
70 55 0 1 0 0 0 0 0 0 0 0 0 654 139 20 11 6 0 0 0 0 0 0 0 0
70 59 1 1 0 0 0 0 0 0 0 0 0 671 143 20 11 6 0 0 0 0 0 0 0 0
90 62 1 1 0 0 0 0 0 0 0 0 0 674 147 20 11 6 0 0 0 0 0 0 0 0
105 68 2 1 0 0 0 0 0 0 0 0 0 681 150 20 11 6 0 0 0 0 0 0 0 0
389 98 5 6 2 0 0 0 0 0 0 0 0 692 156 20 11 6 0 0 0 0 0 0 0 0
419 106 6 6 2 0 0 0 0 0 0 0 0 695 161 20 11 6 0 0 0 0 0 0 0 0
422 110 6 6 2 0 0 0 0 0 0 0 0 706 164 20 11 6 0 0 0 0 0 0 0 0
535 118 8 7 5 0 0 0 0 0 0 0 0 709 168 20 11 6 0 0 0 0 0 0 0 0
598 122 10 9 6 0 0 0 0 0 0 0 0 713 171 20 11 6 0 0 1 0 0 0 0 0
601 125 11 9 6 0 0 0 0 0 0 0 0 717 176 20 11 6 0 0 1 0 0 0 0 0
614 130 12 9 6 0 0 0 0 0 0 0 0 720 180 20 11 6 0 0 1 0 0 0 0 0
617 133 12 9 6 0 0 0 0 0 0 0 0 723 183 20 11 6 0 0 1 0 0 0 0 0
625 139 12 10 6 0 0 0 0 0 0 0 0 726 186 20 11 6 0 0 1 0 0 0 0 0
630 142 12 10 6 0 0 0 0 0 0 0 0 730 189 20 11 6 0 0 1 0 0 0 0 0
640 145 12 10 6 0 0 0 0 0 0 0 0 740 198 20 12 7 0 0 1 0 0 0 0 0
649 150 12 10 6 0 0 0 0 0 0 0 0 743 201 20 12 7 0 1 1 0 0 0 0 0
652 155 12 10 6 0 0 0 0 0 0 0 0 746 204 20 12 7 0 1 1 0 0 0 0 0
655 158 12 10 6 0 0 0 0 0 0 0 0 749 207 20 12 7 0 1 1 0 0 0 0 0
658 161 12 10 6 0 0 0 0 0 0 0 0 752 213 20 12 7 0 1 1 0 0 0 0 0
661 167 12 10 6 0 0 0 0 0 0 0 0 755 216 20 12 7 0 1 1 0 0 0 0 0
665 170 12 10 6 0 0 0 0 0 0 0 0 759 219 20 12 7 0 1 1 0 0 0 0 0
