# scores for worst/random/best/smart move selector strategies. 
# scores are 50% and 95% quantiles (based on 40 games) of: 
# game score, #destroyed, #unlocked, #stripes, #bombs, #zappers
3 3 0 0 0 0 0 0 0 0 0 0 0 13 13 0 0 0 0 0 0 0 0 0 0 0
6 6 0 0 0 0 0 0 0 0 0 0 0 18 18 0 0 0 0 0 0 0 0 0 0 0
12 12 0 0 0 0 0 0 0 0 0 0 0 40 27 0 0 0 0 0 0 0 0 0 0 0
17 17 0 0 0 0 0 0 0 0 0 0 0 67 35 0 0 0 0 0 0 0 0 0 0 0
21 21 0 0 0 0 0 0 0 0 0 0 0 79 39 1 1 0 0 0 0 0 0 0 0 0
24 24 0 0 0 0 0 0 0 0 0 0 0 86 46 2 1 0 0 0 0 0 0 0 0 0
30 30 0 0 0 0 0 0 0 0 0 0 0 111 53 2 1 0 0 0 0 0 0 0 0 0
36 35 0 0 0 0 0 0 0 0 0 0 0 119 58 2 1 0 0 0 0 0 0 0 0 0
44 41 0 0 0 0 0 0 0 0 0 0 0 123 62 3 2 1 0 0 0 0 0 0 0 0
49 45 0 0 0 0 0 0 0 0 0 0 0 127 71 3 2 1 0 0 0 0 0 0 0 0
54 48 0 0 0 0 0 0 0 0 0 0 0 131 76 3 2 1 0 0 0 0 0 0 0 0
58 54 0 0 0 0 0 0 0 0 0 0 0 139 81 3 2 1 0 0 0 0 0 0 0 0
73 60 0 0 0 0 0 0 0 0 0 0 0 142 86 3 2 1 0 0 0 0 0 0 0 0
78 66 0 0 0 0 0 0 0 0 0 0 0 167 92 3 2 1 1 0 0 0 0 0 0 0
84 73 0 0 0 0 0 0 0 0 0 0 0 214 107 3 2 1 1 0 0 0 1 0 0 0
97 78 0 0 0 0 0 0 0 0 0 0 0 218 113 3 2 1 1 0 0 0 1 0 0 0
103 84 0 1 0 0 0 0 0 0 0 0 0 229 123 3 2 1 1 0 0 0 1 0 0 0
107 87 0 1 0 0 0 0 0 0 0 0 0 235 126 3 3 1 1 0 0 0 1 0 0 0
114 95 0 1 0 0 0 0 0 0 0 0 0 238 129 3 3 1 1 0 0 0 1 0 0 0
133 101 0 1 0 0 0 0 0 0 0 0 0 249 139 3 3 1 1 0 0 0 1 0 0 0
145 106 0 1 0 0 0 0 0 0 0 0 0 294 143 3 3 1 1 0 0 0 1 0 0 0
148 110 0 1 0 0 0 0 0 0 0 0 0 300 149 3 3 1 1 0 0 0 1 0 0 0
155 115 0 1 0 0 0 0 0 0 0 0 0 342 152 3 3 1 1 0 0 0 1 0 0 0
163 124 0 1 0 0 0 0 0 0 0 0 0 358 165 3 3 1 1 0 0 0 1 0 0 0
175 131 0 1 0 0 0 0 0 0 0 0 0 361 169 3 3 1 1 0 0 0 1 0 0 0
181 137 0 1 0 0 0 0 0 0 0 0 0 364 174 3 3 1 1 1 0 0 1 0 0 0
185 140 0 1 0 0 0 0 0 0 0 0 0 377 179 3 3 1 1 1 0 0 1 0 0 0
190 145 0 1 0 0 0 0 0 0 0 0 0 394 182 3 4 1 1 1 0 0 1 0 0 0
200 149 1 1 0 0 0 0 0 0 0 0 0 400 187 3 4 1 1 1 0 0 1 0 0 0
209 153 1 1 0 0 0 0 0 0 0 0 0 406 190 3 4 1 1 1 0 0 1 0 0 0
212 158 1 1 0 0 0 0 0 0 0 0 0 409 193 3 4 1 1 1 0 0 1 0 0 0
215 165 1 2 0 0 0 0 0 0 0 0 0 413 200 3 4 1 1 1 0 0 1 0 0 0
220 171 1 2 0 0 0 0 0 0 0 0 0 418 207 3 5 1 1 1 0 0 1 0 0 0
230 175 1 2 0 0 0 0 0 0 0 0 0 454 216 3 5 1 1 1 0 0 1 0 0 0
254 185 1 2 0 0 0 0 0 0 0 0 0 458 219 3 5 1 1 1 0 0 1 0 0 0
257 194 1 2 0 0 0 0 0 0 0 0 0 464 225 3 5 1 1 1 0 0 1 0 0 0
264 199 1 2 0 0 0 0 0 0 0 0 0 490 228 3 6 1 1 1 0 0 1 0 0 0
276 203 1 2 0 0 0 0 0 0 0 0 0 497 232 3 6 1 1 1 0 0 1 0 0 0
283 208 1 2 0 0 0 0 0 0 0 0 0 508 239 3 6 1 1 1 0 0 1 0 0 0
302 216 1 2 0 0 0 0 0 0 0 0 0 511 253 4 6 1 1 1 0 0 1 0 0 0
312 221 1 2 0 0 0 0 0 0 0 0 0 532 256 4 6 1 1 1 0 0 1 0 0 0
