# scores for worst/random/best/smart move selector strategies. 
# scores are 50% and 95% quantiles (based on 40 games) of: 
# game score, #destroyed, #unlocked, #stripes, #bombs, #zappers
3 3 0 0 0 0 0 0 0 0 0 0 0 13 13 0 0 0 0 0 0 0 0 0 0 0
6 6 0 0 0 0 0 0 0 0 0 0 0 23 20 0 0 0 0 0 0 0 0 0 0 0
12 12 0 0 0 0 0 0 0 0 0 0 0 30 29 0 0 0 0 0 0 0 0 0 0 0
15 15 0 0 0 0 0 0 0 0 0 0 0 51 37 0 0 0 0 0 0 0 0 0 0 0
21 21 0 0 0 0 0 0 0 0 0 0 0 69 46 0 0 0 0 0 0 0 0 0 0 0
27 26 0 0 0 0 0 0 0 0 0 0 0 84 55 1 1 0 0 0 0 0 0 0 0 0
32 30 0 0 0 0 0 0 0 0 0 0 0 90 64 1 1 0 0 0 0 0 0 0 0 0
38 37 0 0 0 0 0 0 0 0 0 0 0 104 74 1 1 0 0 0 0 0 0 0 0 0
42 41 0 0 0 0 0 0 0 0 0 0 0 118 90 1 1 1 0 0 0 0 0 0 0 0
47 45 0 0 0 0 0 0 0 0 0 0 0 121 95 1 1 1 0 0 0 0 0 0 0 0
56 50 0 0 0 0 0 0 0 0 0 0 0 140 99 2 1 1 0 0 0 0 0 0 0 0
61 55 0 0 0 0 0 0 0 0 0 0 0 146 104 2 1 1 0 0 0 0 0 0 0 0
66 59 0 0 0 0 0 0 0 0 0 0 0 149 107 2 1 1 0 0 0 0 0 0 0 0
69 67 0 0 0 0 0 0 0 0 0 0 0 152 111 2 1 1 0 0 0 0 0 0 0 0
76 70 0 0 0 0 0 0 0 0 0 0 0 155 114 2 1 1 0 0 0 0 0 0 0 0
83 75 0 0 0 0 0 0 0 0 0 0 0 158 119 2 1 1 0 0 0 0 0 0 0 0
88 78 0 0 0 0 0 0 0 0 0 0 0 164 125 2 1 1 0 0 0 0 0 0 0 0
91 83 0 0 0 0 0 0 0 0 0 0 0 173 128 2 1 1 0 0 0 0 0 0 0 0
94 89 0 0 0 0 0 0 0 0 0 0 0 183 133 2 2 1 0 0 0 0 0 0 0 0
99 92 0 0 0 0 0 0 0 0 0 0 0 193 137 2 2 1 0 0 0 0 0 0 0 0
111 96 0 0 0 0 0 0 0 0 0 0 0 198 140 2 2 1 0 0 0 0 0 0 0 0
114 101 0 0 0 0 0 0 0 0 0 0 0 210 144 2 2 1 0 0 0 0 0 0 0 0
117 107 0 0 0 0 0 0 0 0 0 0 0 217 151 2 2 1 0 0 0 0 0 0 0 0
132 114 0 0 0 0 0 0 0 0 0 0 0 223 157 2 2 1 0 0 0 0 0 0 0 0
139 118 0 0 0 0 0 0 0 0 0 0 0 226 163 2 2 1 0 0 0 0 0 0 0 0
144 123 0 0 0 0 0 0 0 0 0 0 0 230 166 2 2 1 0 0 0 0 0 0 0 0
147 128 0 0 0 0 0 0 0 0 0 0 0 236 174 2 2 1 0 0 0 0 0 0 0 0
151 133 0 0 0 0 0 0 0 0 0 0 0 244 178 2 2 1 0 0 0 0 0 0 0 0
154 136 0 0 0 0 0 0 0 0 0 0 0 255 190 2 2 1 0 0 0 0 0 0 0 0
160 141 0 0 0 0 0 0 0 0 0 0 0 258 196 2 2 1 0 0 0 0 0 0 0 0
165 146 0 0 0 0 0 0 0 0 0 0 0 266 207 2 2 1 0 0 0 0 0 0 0 0
172 149 0 0 0 0 0 0 0 0 0 0 0 269 210 2 2 1 0 0 0 0 0 0 0 0
175 154 0 0 0 0 0 0 0 0 0 0 0 273 213 2 3 1 0 0 0 0 0 0 0 0
182 159 0 1 0 0 0 0 0 0 0 0 0 293 224 2 3 1 0 0 0 0 0 0 0 0
186 166 0 1 0 0 0 0 0 0 0 0 0 300 227 3 3 1 0 0 0 0 0 0 0 0
190 170 0 1 0 0 0 0 0 0 0 0 0 310 234 3 3 1 0 0 0 0 0 0 0 0
194 174 0 1 0 0 0 0 0 0 0 0 0 314 237 3 3 1 0 0 0 0 0 0 0 0
199 181 0 1 0 0 0 0 0 0 0 0 0 317 240 3 3 1 0 0 0 0 0 0 0 0
205 185 0 1 0 0 0 0 0 0 0 0 0 352 255 3 3 1 0 0 0 0 0 0 0 0
212 188 0 1 0 0 0 0 0 0 0 0 0 355 260 3 3 1 0 0 0 0 0 0 0 0
215 193 0 1 0 0 0 0 0 0 0 0 0 359 263 3 3 1 0 0 0 0 0 0 0 0
