# scores for worst/random/best/smart move selector strategies. 
# scores are 50% and 95% quantiles (based on 40 games) of: 
# game score, #destroyed, #unlocked, #stripes, #bombs, #zappers
6 6 0 0 0 0 0 0 0 0 0 0 0 25 25 0 0 0 0 0 0 0 0 0 0 0
14 14 0 0 0 0 0 0 0 0 0 0 0 103 42 0 1 0 0 0 0 0 0 0 0 0
32 26 0 0 0 0 0 0 0 0 0 0 0 113 62 0 2 1 1 1 0 0 1 0 0 0
63 37 0 0 0 0 0 0 0 0 0 0 0 128 68 0 2 1 1 1 0 0 1 0 0 0
94 47 0 0 0 0 0 0 0 0 0 0 0 405 89 0 12 1 1 1 0 0 1 1 0 0
116 56 0 1 0 0 0 0 0 0 0 0 0 428 106 0 13 1 1 1 1 0 1 1 0 0
155 71 0 2 0 0 0 0 0 0 0 0 0 435 131 0 13 2 2 1 1 0 2 1 0 0
168 83 0 2 0 0 0 0 0 0 0 0 0 535 149 0 15 2 2 1 1 0 2 1 0 0
227 109 0 3 1 0 0 0 0 0 0 0 0 566 172 0 16 2 3 1 1 0 2 1 0 0
261 122 0 4 1 0 0 0 0 0 0 0 0 659 192 0 17 2 3 2 1 0 2 1 0 0
324 135 0 4 1 0 0 0 0 0 0 0 0 804 200 0 18 3 4 2 1 0 3 1 0 0
354 143 0 4 1 0 0 0 0 0 0 0 0 851 220 0 19 3 4 2 1 0 3 1 0 0
387 152 0 6 1 1 1 0 0 0 0 0 0 860 260 0 19 3 4 2 1 0 3 1 0 0
408 161 0 6 1 1 1 0 0 0 0 0 0 866 271 0 19 4 4 2 1 1 3 1 0 0
457 173 0 6 1 1 1 0 0 0 0 0 0 872 279 0 19 4 4 2 1 1 3 1 0 0
485 187 0 7 1 1 1 0 0 0 0 0 0 904 284 0 20 4 4 2 1 1 3 1 0 0
508 202 0 7 1 1 1 0 0 0 0 0 0 937 290 0 21 5 4 2 1 1 3 1 0 0
544 213 0 8 1 1 1 0 0 1 0 0 0 971 299 0 21 5 4 2 1 1 3 1 0 0
588 224 0 9 1 1 1 0 0 1 0 0 0 976 307 0 21 5 4 2 1 1 3 1 0 0
621 236 0 9 2 1 1 0 0 1 0 0 0 1024 317 0 22 5 4 3 1 1 4 1 0 0
662 251 0 10 2 1 1 0 0 1 0 0 0 1126 345 0 22 6 5 3 1 1 4 1 0 0
671 259 0 10 2 1 1 0 0 1 0 0 0 1132 360 0 22 6 5 3 1 1 4 1 0 0
705 264 0 11 2 1 1 0 0 1 0 0 0 1176 376 0 23 7 5 3 1 1 4 1 0 0
764 284 0 11 2 1 1 0 0 1 0 0 0 1208 391 0 24 7 5 3 2 1 4 1 0 0
796 301 0 11 2 1 1 0 0 1 0 0 0 1327 405 0 25 7 5 3 2 1 4 1 0 0
827 313 0 12 2 1 1 0 0 1 0 0 0 1334 427 0 26 7 6 3 2 1 4 1 0 0
876 322 0 12 2 1 1 0 0 1 0 0 0 1372 436 0 27 9 6 4 2 1 5 1 0 0
900 334 0 13 2 1 1 0 0 1 0 0 0 1381 468 0 28 9 7 4 2 1 5 1 0 0
934 344 0 13 3 1 1 1 0 1 0 0 0 1458 501 0 28 9 7 4 2 1 5 1 0 0
979 353 0 15 3 2 1 1 0 1 0 0 0 1473 510 0 28 9 7 4 2 1 5 1 0 0
1021 374 0 15 3 2 1 1 0 1 0 0 0 1523 519 0 29 9 7 4 2 1 5 1 0 0
1048 389 0 16 3 2 1 1 0 2 0 0 0 1549 530 0 29 9 7 4 2 1 5 1 0 0
1115 396 0 16 3 2 1 1 0 2 0 0 0 1620 546 0 30 9 7 4 2 1 6 1 0 0
1165 416 0 17 3 2 2 1 0 2 0 0 0 1658 559 0 30 9 7 4 2 1 6 1 0 0
1195 435 0 17 4 2 2 1 0 2 0 0 0 1662 572 0 31 9 7 5 2 1 6 1 0 0
1209 453 0 18 4 2 2 1 0 2 0 0 0 1901 585 0 37 10 7 5 2 1 6 1 0 0
1255 460 0 19 4 2 2 1 0 2 0 0 0 1934 604 0 38 10 7 5 2 1 6 1 0 0
1273 481 0 19 4 2 2 1 0 2 0 0 0 2043 622 0 45 10 7 5 2 1 6 2 0 0
1303 486 0 20 4 2 2 1 0 2 0 0 0 2068 641 0 45 10 8 5 2 1 6 2 0 0
1359 497 0 20 4 2 2 1 0 2 0 0 0 2103 653 0 45 13 8 5 2 1 6 2 0 0
1425 512 0 20 4 2 2 1 0 2 0 0 0 2158 664 0 48 13 8 5 2 1 7 2 0 0
