# scores for worst/random/best/smart move selector strategies. 
# scores are 50% and 95% quantiles (based on 40 games) of: 
# game score, #destroyed, #unlocked, #stripes, #bombs, #zappers
6 6 0 0 0 0 0 0 0 0 0 0 0 25 25 0 0 0 0 0 0 0 0 0 0 0
13 13 0 0 0 0 0 0 0 0 0 0 0 45 34 0 1 0 0 0 0 0 0 0 0 0
17 16 0 0 0 0 0 0 0 0 0 0 0 55 41 0 1 0 0 0 0 0 0 0 0 0
20 20 0 0 0 0 0 0 0 0 0 0 0 68 49 0 1 0 0 0 0 0 0 0 0 0
29 26 0 0 0 0 0 0 0 0 0 0 0 87 55 0 1 0 0 0 0 0 0 0 0 0
43 37 0 0 0 0 0 0 0 0 0 0 0 141 68 0 1 0 0 0 0 0 0 0 0 0
49 43 0 0 0 0 0 0 0 0 0 0 0 163 72 0 2 1 0 0 0 0 0 0 0 0
55 48 0 0 0 0 0 0 0 0 0 0 0 221 104 0 3 1 1 0 0 0 0 0 0 0
74 55 0 0 0 0 0 0 0 0 0 0 0 236 107 0 3 1 1 0 0 0 0 0 0 0
85 60 0 1 0 0 0 0 0 0 0 0 0 240 110 0 3 1 1 0 0 0 0 0 0 0
113 73 0 1 0 0 0 0 0 0 0 0 0 246 117 0 4 1 1 0 0 0 1 0 0 0
124 79 0 1 0 0 0 0 0 0 0 0 0 249 122 0 4 1 1 0 0 0 1 0 0 0
128 90 0 1 0 0 0 0 0 0 0 0 0 271 127 0 4 1 1 0 0 0 1 0 0 0
144 95 0 1 0 0 0 0 0 0 0 0 0 324 137 0 4 2 1 0 0 0 1 0 0 0
149 101 0 1 0 0 0 0 0 0 0 0 0 327 143 0 4 2 1 0 0 0 1 0 0 0
160 107 0 1 0 0 0 0 0 0 0 0 0 344 160 0 4 2 1 0 0 0 1 0 0 0
180 115 0 2 0 0 0 0 0 0 0 0 0 347 164 0 4 2 1 0 0 0 1 0 0 0
191 122 0 2 0 0 0 0 0 0 0 0 0 371 169 0 4 2 1 0 0 0 1 0 0 0
197 127 0 2 0 0 0 0 0 0 0 0 0 442 178 0 5 3 1 0 0 0 1 0 0 0
210 136 0 2 1 0 0 0 0 0 0 0 0 517 192 0 5 3 1 0 0 0 1 0 0 0
223 143 0 2 1 0 0 0 0 0 0 0 0 520 215 0 6 3 1 0 0 0 1 0 0 0
235 149 0 2 1 0 0 0 0 0 0 0 0 530 230 0 6 3 1 0 0 0 1 0 0 0
239 154 0 2 1 0 0 0 0 0 0 0 0 541 236 0 6 3 1 0 0 0 1 0 0 0
258 159 0 2 1 0 0 0 0 0 0 0 0 555 246 0 6 3 1 0 0 0 1 0 0 0
281 170 0 3 1 0 0 0 0 0 0 0 0 567 251 0 6 3 1 0 0 0 1 0 0 0
293 174 0 3 1 0 0 0 0 0 0 0 0 598 273 0 11 4 1 0 0 0 1 0 0 0
303 177 0 3 1 0 0 0 0 0 0 0 0 604 282 0 11 4 1 0 0 0 1 0 0 0
318 183 0 3 1 0 0 0 0 0 0 0 0 611 289 0 11 4 1 0 0 0 1 0 0 0
335 191 0 4 1 0 0 0 0 0 0 0 0 633 294 0 11 4 1 0 0 0 1 0 0 0
344 201 0 4 1 0 0 0 0 0 0 0 0 647 312 0 11 4 1 0 0 0 1 0 0 0
348 209 0 4 1 0 0 0 0 0 0 0 0 650 327 0 11 4 1 0 0 0 1 0 0 0
361 219 0 4 1 0 0 0 0 0 0 0 0 671 340 0 12 4 1 0 0 0 1 0 0 0
374 225 0 4 1 0 0 0 0 0 0 0 0 675 344 0 12 4 1 0 0 0 1 0 0 0
390 230 0 4 1 0 0 0 0 0 0 0 0 678 347 0 12 4 1 0 0 0 1 0 0 0
397 236 0 4 1 0 0 0 0 0 0 0 0 685 353 0 13 4 2 0 0 0 1 0 0 0
405 242 0 4 1 0 0 0 0 0 0 0 0 689 357 0 13 4 2 0 1 0 1 0 0 0
418 249 0 4 1 0 0 0 0 0 0 0 0 694 361 0 13 4 2 0 1 0 1 0 0 0
432 252 0 5 1 0 0 0 0 0 0 0 0 701 367 0 13 4 2 0 1 0 1 0 0 0
438 262 0 5 1 0 0 0 0 0 0 0 0 707 372 0 13 4 2 0 1 0 1 0 0 0
460 268 0 5 1 0 0 0 0 0 0 0 0 726 382 0 13 4 2 0 1 0 1 0 0 0
475 274 0 5 1 0 0 0 0 0 0 0 0 730 385 0 13 4 2 0 1 0 1 0 0 0
