# scores for worst/random/best/smart move selector strategies. 
# scores are 50% and 95% quantiles (based on 40 games) of: 
# game score, #destroyed, #unlocked, #stripes, #bombs, #zappers
6 6 0 0 0 0 0 0 0 0 0 0 0 25 25 0 0 0 0 0 0 0 0 0 0 0
16 16 0 0 0 0 0 0 0 0 0 0 0 110 49 0 1 1 0 0 0 0 0 0 0 0
72 32 0 0 0 0 0 0 0 0 0 0 0 156 67 0 2 1 1 0 0 0 1 0 0 0
92 48 0 1 0 0 0 0 0 0 0 0 0 321 98 0 9 2 1 1 0 0 1 0 0 0
149 66 0 1 0 0 0 0 0 0 0 0 0 409 116 0 13 2 2 1 1 1 1 1 0 0
177 85 0 2 0 0 0 0 0 0 0 0 0 424 140 0 13 2 2 1 1 1 1 1 0 0
235 104 0 2 1 0 0 0 0 0 0 0 0 448 164 0 13 3 2 1 1 1 2 1 0 0
311 119 0 3 1 1 0 0 0 0 0 0 0 738 213 0 22 4 2 1 1 1 2 1 0 0
330 135 0 4 1 1 0 0 0 0 0 0 0 850 238 0 25 4 2 1 1 1 2 1 0 0
405 157 0 4 1 1 0 0 0 1 0 0 0 860 248 0 25 4 3 1 1 1 3 1 0 0
464 178 0 4 1 1 0 0 0 1 0 0 0 955 271 0 28 4 3 1 1 1 3 2 0 0
493 191 0 5 2 1 0 0 0 1 0 0 0 1276 298 0 28 13 4 1 1 1 4 2 0 0
533 215 0 5 2 1 0 0 0 1 0 0 0 1288 304 0 29 13 4 1 1 1 4 2 0 0
581 235 0 6 2 1 0 0 0 1 0 0 0 1369 334 0 29 13 4 2 2 1 4 2 0 0
641 260 0 7 2 1 0 0 0 1 0 0 0 1474 347 0 29 16 4 2 2 1 4 2 1 0
689 273 0 8 3 1 0 0 0 1 0 0 0 1706 367 0 30 16 5 2 2 1 4 2 1 0
740 289 0 9 3 2 1 0 0 1 0 0 0 1727 381 0 30 16 5 2 2 1 4 2 1 0
775 310 0 9 3 2 1 0 0 1 0 0 0 1819 417 0 30 17 5 2 2 1 5 2 1 0
795 335 0 9 3 2 1 0 0 1 0 0 0 1877 469 0 31 17 6 2 2 1 5 2 1 0
890 358 0 11 4 2 1 1 0 1 0 0 0 1958 515 0 31 17 6 3 2 1 5 2 1 0
943 371 0 11 4 2 1 1 0 1 0 0 0 2018 527 0 31 17 6 3 3 1 5 2 1 0
976 396 0 12 4 2 1 1 0 2 0 0 0 2138 574 0 31 17 6 3 3 1 5 2 1 0
1055 411 0 12 4 3 1 1 0 2 0 0 0 2170 587 0 33 17 7 3 3 2 6 2 1 0
1099 430 0 13 5 3 1 1 0 2 0 0 0 2257 604 0 34 17 8 3 3 2 6 2 1 0
1140 452 0 14 5 3 1 1 0 2 0 0 0 2348 645 0 34 18 8 3 3 2 6 2 1 0
1193 469 0 14 5 3 1 1 0 3 0 0 0 2434 652 0 35 18 9 3 3 2 7 2 1 0
1250 485 0 15 5 4 1 1 0 3 0 0 0 2447 681 0 36 21 9 3 3 2 7 2 1 0
1332 505 0 15 5 4 1 1 0 3 0 0 0 2498 707 0 36 21 9 3 3 2 7 2 1 0
1352 512 0 16 6 4 1 1 0 3 0 0 0 2534 720 0 37 21 10 3 3 2 8 2 1 0
1410 538 0 17 6 4 1 1 0 3 0 0 0 2572 746 0 38 21 10 3 3 2 8 2 1 0
1460 550 0 19 6 4 1 1 0 3 0 0 0 2579 753 0 38 22 10 3 3 2 8 2 1 0
1480 562 0 19 6 4 1 1 0 3 0 0 0 2647 783 0 47 22 10 3 3 2 8 2 1 0
1510 576 0 21 6 4 1 1 0 3 0 0 0 2653 792 0 48 22 11 4 3 2 8 2 1 0
1637 605 0 22 7 5 1 1 0 4 0 0 0 2720 797 0 48 22 11 4 3 2 8 2 1 0
1719 627 0 22 8 5 1 1 0 4 0 0 0 2794 807 0 49 22 11 4 3 2 8 2 1 0
1767 644 0 22 8 5 1 1 0 4 0 0 0 2840 837 0 49 22 11 4 3 2 9 2 1 0
1784 655 0 24 8 5 1 1 0 4 0 0 0 2849 846 0 49 22 11 4 3 2 9 2 1 0
1842 669 0 25 8 5 1 1 0 4 1 0 0 3195 884 0 50 22 11 4 3 2 9 2 1 1
1949 680 0 26 8 5 1 1 0 4 1 0 0 3251 892 0 53 22 11 4 3 2 9 2 1 1
1985 702 0 28 8 6 2 1 0 4 1 0 0 3275 906 0 54 22 11 4 3 2 9 2 1 1
2023 733 0 29 8 6 2 1 0 4 1 0 0 3287 918 0 54 22 11 4 3 2 9 2 1 1
