# scores for worst/random/best/smart move selector strategies. 
# scores are 50% and 95% quantiles (based on 40 games) of: 
# game score, #destroyed, #unlocked, #stripes, #bombs, #zappers
6 6 0 0 0 0 0 0 0 0 0 0 0 25 25 0 0 0 0 0 0 0 0 0 0 0
12 12 0 0 0 0 0 0 0 0 0 0 0 29 29 0 0 0 0 0 0 0 0 0 0 0
16 16 0 0 0 0 0 0 0 0 0 0 0 32 32 0 0 0 0 0 0 0 0 0 0 0
19 19 0 0 0 0 0 0 0 0 0 0 0 83 47 0 1 1 0 0 0 0 0 0 0 0
26 25 0 0 0 0 0 0 0 0 0 0 0 88 52 0 1 1 0 0 0 0 0 0 0 0
31 30 0 0 0 0 0 0 0 0 0 0 0 96 57 0 1 1 0 0 0 0 0 0 0 0
35 34 0 0 0 0 0 0 0 0 0 0 0 104 65 0 1 1 0 0 0 0 0 0 0 0
41 39 0 0 0 0 0 0 0 0 0 0 0 109 72 0 1 1 0 0 0 0 0 0 0 0
46 44 0 0 0 0 0 0 0 0 0 0 0 132 79 0 2 1 0 0 0 0 0 0 0 0
56 51 0 0 0 0 0 0 0 0 0 0 0 137 87 0 2 1 0 0 0 0 0 0 0 0
62 58 0 0 0 0 0 0 0 0 0 0 0 158 94 0 2 1 0 0 0 0 0 0 0 0
72 65 0 0 0 0 0 0 0 0 0 0 0 161 97 0 2 1 0 0 0 0 0 0 0 0
84 69 0 0 0 0 0 0 0 0 0 0 0 213 117 0 2 1 0 0 0 0 0 0 0 0
90 74 0 0 0 0 0 0 0 0 0 0 0 216 120 0 2 1 0 0 0 0 0 0 0 0
102 82 0 1 0 0 0 0 0 0 0 0 0 224 128 0 2 1 0 0 0 0 0 0 0 0
110 86 0 1 0 0 0 0 0 0 0 0 0 228 131 0 2 1 0 0 0 0 0 0 0 0
116 90 0 1 0 0 0 0 0 0 0 0 0 250 136 0 3 1 0 0 0 0 0 0 0 0
123 98 0 1 0 0 0 0 0 0 0 0 0 294 152 0 4 1 0 0 0 0 0 0 0 0
131 102 0 1 0 0 0 0 0 0 0 0 0 297 155 0 4 1 0 0 0 0 0 0 0 0
137 106 0 1 0 0 0 0 0 0 0 0 0 327 174 0 4 1 0 0 0 0 0 0 0 0
141 112 0 1 0 0 0 0 0 0 0 0 0 330 177 0 4 1 0 0 0 0 0 0 0 0
145 115 0 1 0 0 0 0 0 0 0 0 0 334 181 0 4 1 0 0 0 0 0 0 0 0
150 119 0 1 0 0 0 0 0 0 0 0 0 342 186 0 4 2 0 0 0 0 0 0 0 0
155 125 0 1 0 0 0 0 0 0 0 0 0 366 200 0 5 2 0 0 0 0 0 0 0 0
165 131 0 1 0 0 0 0 0 0 0 0 0 369 203 0 5 2 0 0 0 0 0 0 0 0
171 135 0 1 0 0 0 0 0 0 0 0 0 373 208 0 5 2 0 0 0 0 0 0 0 0
178 139 0 1 0 0 0 0 0 0 0 0 0 379 214 0 5 2 0 0 0 0 0 0 0 0
185 146 0 1 0 0 0 0 0 0 0 0 0 382 217 0 5 2 0 0 0 0 0 0 0 0
190 152 0 1 0 0 0 0 0 0 0 0 0 385 220 0 5 2 0 0 0 0 0 0 0 0
194 155 0 1 0 0 0 0 0 0 0 0 0 390 225 0 5 2 0 0 0 0 0 0 0 0
203 158 0 1 0 0 0 0 0 0 0 0 0 393 228 0 5 2 0 0 0 0 0 0 0 0
214 164 0 1 0 0 0 0 0 0 0 0 0 396 231 0 5 2 0 0 0 0 0 0 0 0
217 167 0 1 0 0 0 0 0 0 0 0 0 399 234 0 5 2 0 0 0 0 0 0 0 0
223 174 0 1 0 0 0 0 0 0 0 0 0 403 239 0 5 2 0 0 0 0 0 0 0 0
230 182 0 1 0 0 0 0 0 0 0 0 0 406 242 0 5 2 0 0 0 0 0 0 0 0
244 190 0 1 0 0 0 0 0 0 0 0 0 452 258 0 5 2 0 0 0 0 0 0 0 0
250 197 0 1 0 0 0 0 0 0 0 0 0 469 263 0 5 2 0 0 0 0 0 0 0 0
258 203 0 2 0 0 0 0 0 0 0 0 0 472 267 0 5 2 0 0 0 0 0 0 0 0
261 209 0 2 0 0 0 0 0 0 0 0 0 484 271 0 5 2 0 0 0 0 0 0 0 0
280 212 0 2 0 0 0 0 0 0 0 0 0 489 274 0 5 2 0 0 0 0 0 0 0 0
284 216 0 2 0 0 0 0 0 0 0 0 0 492 284 0 5 2 0 0 0 0 0 0 0 0
