# scores for worst/random/best/smart move selector strategies. 
# scores are 50% and 95% quantiles (based on 40 games) of: 
# game score, #destroyed, #unlocked, #stripes, #bombs, #zappers
3 3 0 0 0 0 0 0 0 0 0 0 0 14 14 0 0 0 0 0 0 0 0 0 0 0
7 7 0 0 0 0 0 0 0 0 0 0 0 46 20 0 1 0 0 0 0 0 0 0 0 0
12 12 0 0 0 0 0 0 0 0 0 0 0 55 26 0 1 0 0 0 0 0 0 0 0 0
16 16 0 0 0 0 0 0 0 0 0 0 0 76 32 0 2 0 0 0 0 0 0 0 0 0
22 22 0 0 0 0 0 0 0 0 0 0 0 85 35 0 2 0 0 1 0 0 0 0 0 0
27 26 0 0 0 0 0 0 0 0 0 0 0 88 43 0 2 0 0 1 0 0 0 0 0 0
30 29 0 0 0 0 0 0 0 0 0 0 0 113 54 0 2 0 0 1 0 0 0 0 0 0
34 34 0 0 0 0 0 0 0 0 0 0 0 123 62 0 2 0 0 1 0 0 0 0 0 0
37 37 0 0 0 0 0 0 0 0 0 0 0 126 70 0 2 0 0 1 0 0 0 0 0 0
42 41 0 0 0 0 0 0 0 0 0 0 0 144 78 0 2 0 0 1 0 0 0 0 0 0
46 46 0 0 0 0 0 0 0 0 0 0 0 151 82 0 2 0 0 1 0 0 0 0 0 0
54 49 0 0 0 0 0 0 0 0 0 0 0 159 89 0 3 0 0 1 0 0 0 0 0 0
76 59 0 1 0 0 0 0 0 0 0 0 0 203 96 0 3 1 0 1 0 0 0 0 0 0
89 62 0 1 0 0 0 0 0 0 0 0 0 207 102 0 3 1 0 1 0 0 0 0 0 0
100 68 0 1 0 0 0 0 0 0 0 0 0 243 105 0 3 1 0 1 0 0 0 0 0 0
111 72 0 1 0 0 0 0 0 0 0 0 0 246 108 0 4 1 0 1 0 0 0 0 0 0
123 77 0 2 0 0 0 0 0 0 0 0 0 250 113 0 4 1 0 1 0 0 0 0 0 0
137 83 0 2 0 0 0 0 0 0 0 0 0 273 125 0 5 1 1 1 0 0 0 0 0 0
142 89 0 2 0 0 0 0 0 0 0 0 0 278 128 0 5 1 1 1 1 0 0 0 0 0
148 92 0 2 0 0 0 0 0 0 0 0 0 295 132 0 6 1 1 1 1 0 1 0 0 0
151 97 0 2 0 0 0 0 0 0 0 0 0 300 141 0 6 1 1 1 1 0 1 0 0 0
158 101 0 2 0 0 0 0 0 0 0 0 0 304 145 0 6 1 1 1 1 0 1 0 0 0
161 104 0 2 0 0 0 0 0 0 0 0 0 310 148 0 6 1 1 1 1 0 1 0 0 0
168 108 0 2 0 0 0 0 0 0 0 0 0 315 155 0 6 1 1 1 1 0 1 0 0 0
177 114 0 2 0 0 0 0 0 0 0 0 0 330 163 0 6 1 1 1 1 0 1 0 0 0
187 118 0 2 0 0 0 0 0 0 0 0 0 336 168 0 7 1 1 1 1 0 1 0 0 0
190 121 0 2 0 0 0 0 0 0 0 0 0 403 174 0 9 1 1 2 1 0 1 0 0 0
196 125 0 2 0 0 0 0 0 0 0 0 0 407 178 0 9 1 1 2 1 0 1 0 0 0
199 129 0 2 0 0 0 0 0 0 0 0 0 412 181 0 9 1 1 2 1 0 1 0 0 0
215 132 0 3 0 0 0 0 0 0 0 0 0 416 186 0 9 1 1 2 1 0 1 0 0 0
221 138 0 3 0 0 0 0 0 0 0 0 0 422 190 0 9 1 1 2 1 0 1 0 0 0
235 141 0 3 0 0 0 0 0 0 0 0 0 426 194 0 9 1 1 2 1 0 1 0 0 0
248 146 0 3 0 0 0 0 0 0 0 0 0 429 197 0 9 1 1 2 1 0 1 0 0 0
262 151 0 3 0 0 0 0 0 0 0 0 0 478 206 0 11 1 1 2 1 0 1 0 0 0
276 155 0 4 0 0 0 0 0 0 0 0 0 481 210 0 11 1 1 2 1 0 1 0 0 0
281 159 0 4 0 0 0 0 0 0 0 0 0 493 214 0 11 1 1 3 1 0 1 0 0 0
284 165 0 4 0 0 0 0 0 0 0 0 0 496 218 0 11 1 1 3 1 0 1 0 0 0
287 168 0 4 0 0 0 0 0 0 0 0 0 501 226 0 11 1 1 3 1 0 1 0 0 0
297 171 0 4 0 0 0 0 0 0 0 0 0 504 230 0 11 1 1 3 1 0 1 0 0 0
303 175 0 5 0 0 1 0 0 0 0 0 0 564 236 0 13 1 1 3 1 0 1 0 0 0
308 180 0 5 0 0 1 0 0 0 0 0 0 568 240 0 13 1 1 3 1 0 1 0 0 0
