# scores for worst/random/best/smart move selector strategies. 
# scores are 50% and 95% quantiles (based on 40 games) of: 
# game score, #destroyed, #unlocked, #stripes, #bombs, #zappers
3 3 0 0 0 0 0 0 0 0 0 0 0 14 14 0 0 0 0 0 0 0 0 0 0 0
6 6 0 0 0 0 0 0 0 0 0 0 0 17 17 0 0 0 0 0 0 0 0 0 0 0
9 9 0 0 0 0 0 0 0 0 0 0 0 20 20 0 0 0 0 0 0 0 0 0 0 0
14 14 0 0 0 0 0 0 0 0 0 0 0 26 26 0 0 0 0 0 0 0 0 0 0 0
18 18 0 0 0 0 0 0 0 0 0 0 0 44 30 0 0 0 0 0 0 0 0 0 0 0
21 21 0 0 0 0 0 0 0 0 0 0 0 47 33 0 0 0 0 0 0 0 0 0 0 0
24 24 0 0 0 0 0 0 0 0 0 0 0 50 36 0 0 0 0 0 0 0 0 0 0 0
28 28 0 0 0 0 0 0 0 0 0 0 0 67 42 0 1 0 0 0 0 0 0 0 0 0
34 33 0 0 0 0 0 0 0 0 0 0 0 70 47 0 1 0 0 0 0 0 0 0 0 0
37 37 0 0 0 0 0 0 0 0 0 0 0 83 53 0 1 0 0 0 0 0 0 0 0 0
40 40 0 0 0 0 0 0 0 0 0 0 0 95 60 0 1 0 0 0 0 0 0 0 0 0
44 44 0 0 0 0 0 0 0 0 0 0 0 98 63 0 1 0 0 0 0 0 0 0 0 0
49 48 0 0 0 0 0 0 0 0 0 0 0 115 68 0 2 0 0 0 0 0 0 0 0 0
56 53 0 0 0 0 0 0 0 0 0 0 0 123 75 0 2 0 0 0 0 0 0 0 0 0
62 58 0 0 0 0 0 0 0 0 0 0 0 135 78 0 2 0 0 0 0 0 0 0 0 0
69 61 0 0 0 0 0 0 0 0 0 0 0 149 89 0 2 1 0 0 0 0 0 0 0 0
80 66 0 0 0 0 0 0 0 0 0 0 0 152 92 0 2 1 0 0 0 0 0 0 0 0
85 69 0 0 0 0 0 0 0 0 0 0 0 155 97 0 2 1 0 0 0 0 0 0 0 0
93 73 0 0 0 0 0 0 0 0 0 0 0 168 100 0 2 1 1 0 0 0 1 0 0 0
96 80 0 0 0 0 0 0 0 0 0 0 0 175 103 0 2 1 1 0 0 0 1 0 0 0
99 83 0 0 0 0 0 0 0 0 0 0 0 183 107 0 2 1 1 0 0 0 1 0 0 0
102 87 0 1 0 0 0 0 0 0 0 0 0 186 110 0 2 1 1 0 0 0 1 0 0 0
108 90 0 1 0 0 0 0 0 0 0 0 0 189 114 0 2 1 1 0 0 0 1 0 0 0
112 93 0 1 0 0 0 0 0 0 0 0 0 207 118 0 2 1 1 0 0 0 1 0 0 0
124 97 0 1 0 0 0 0 0 0 0 0 0 215 122 0 3 1 1 0 0 0 1 0 0 0
127 101 0 1 0 0 0 0 0 0 0 0 0 219 125 0 3 1 1 0 0 0 1 0 0 0
133 106 0 1 0 0 0 0 0 0 0 0 0 251 131 0 3 1 1 0 0 0 1 0 0 0
139 110 0 1 0 0 0 0 0 0 0 0 0 266 135 0 4 1 1 0 0 0 1 0 0 0
143 113 0 1 0 0 0 0 0 0 0 0 0 269 138 0 4 1 1 0 0 0 1 0 0 0
149 116 0 1 0 0 0 0 0 0 0 0 0 272 142 0 4 1 1 0 0 0 1 0 0 0
157 120 0 1 0 0 0 0 0 0 0 0 0 275 145 0 4 1 1 0 0 0 1 0 0 0
160 125 0 1 0 0 0 0 0 0 0 0 0 292 150 0 4 1 1 0 0 0 1 0 0 0
167 128 0 1 0 0 0 0 0 0 0 0 0 295 153 0 4 1 1 0 0 0 1 0 0 0
173 131 0 1 0 0 0 0 0 0 0 0 0 298 156 0 4 1 1 0 0 0 1 0 0 0
179 134 0 1 0 0 0 0 0 0 0 0 0 301 159 0 4 1 1 0 0 0 1 0 0 0
182 142 0 1 0 0 0 0 0 0 0 0 0 304 163 0 4 1 1 0 0 0 1 0 0 0
188 147 0 1 0 0 0 0 0 0 0 0 0 307 166 0 4 1 1 0 0 0 1 0 0 0
192 151 0 1 0 0 0 0 0 0 0 0 0 315 169 0 4 1 1 0 0 0 1 0 0 0
196 154 0 1 0 0 0 0 0 0 0 0 0 320 173 0 4 1 1 0 0 0 1 0 0 0
199 157 0 1 0 0 0 0 0 0 0 0 0 324 180 0 4 1 1 0 0 0 1 0 0 0
209 161 0 1 0 0 0 0 0 0 0 0 0 329 183 0 4 1 1 0 0 0 1 0 0 0
