# scores for worst/random/best/smart move selector strategies. 
# scores are 50% and 95% quantiles (based on 40 games) of: 
# game score, #destroyed, #unlocked, #stripes, #bombs, #zappers
6 6 0 0 0 0 0 0 0 0 0 0 0 15 15 0 0 0 0 0 0 0 0 0 0 0
13 13 0 0 0 0 0 0 0 0 0 0 0 35 33 0 0 0 0 0 0 0 0 0 0 0
22 22 0 0 0 0 0 0 0 0 0 0 0 156 56 8 2 1 0 0 0 0 0 0 0 0
40 30 0 0 0 0 0 0 0 0 0 0 0 168 68 10 3 1 1 1 1 0 1 0 0 0
85 45 0 1 0 0 0 0 0 0 0 0 0 225 78 10 3 2 1 1 1 0 1 0 0 0
106 51 0 1 0 0 0 0 0 0 0 0 0 256 100 10 4 2 2 1 1 0 1 0 0 0
148 66 1 2 0 0 0 0 0 0 0 0 0 354 127 10 7 2 2 1 1 0 1 0 0 0
178 80 2 2 0 0 0 0 0 0 0 0 0 624 155 13 16 2 2 1 1 0 1 1 0 0
212 97 2 3 1 0 0 0 0 0 0 0 0 682 191 13 16 2 2 1 1 0 2 1 0 0
257 107 2 3 1 0 0 0 0 0 0 0 0 807 226 13 17 2 2 1 1 0 2 1 0 0
316 126 3 4 1 0 0 0 0 0 0 0 0 963 252 14 19 2 3 2 1 0 2 1 0 0
355 139 4 5 1 0 0 0 0 0 0 0 0 976 258 14 19 2 3 2 1 0 2 1 0 0
369 151 4 5 1 0 1 0 0 0 0 0 0 1045 288 14 19 3 3 2 1 0 3 1 0 0
378 159 4 5 1 1 1 0 0 1 0 0 0 1052 298 14 19 3 3 2 1 0 3 1 0 0
424 172 4 6 1 1 1 0 0 1 0 0 0 1057 311 14 20 4 4 2 2 0 3 1 0 0
457 186 4 6 1 1 1 0 0 1 0 0 0 1060 323 14 22 4 4 2 2 0 3 1 0 0
516 200 4 6 1 1 1 0 0 1 0 0 0 1107 336 14 23 4 4 3 2 0 3 1 0 0
552 212 4 7 2 1 1 0 0 1 0 0 0 1180 352 14 23 4 4 3 2 0 4 1 0 0
653 239 5 9 2 1 1 0 0 1 0 0 0 1185 373 14 26 9 5 3 2 1 4 1 0 0
682 250 5 9 2 1 1 0 0 1 0 0 0 1203 380 14 26 10 5 3 2 1 4 1 0 0
714 272 5 10 2 1 1 0 0 1 0 0 0 1220 386 14 26 10 5 3 2 1 4 1 0 0
753 291 5 10 2 1 1 0 0 1 0 0 0 1310 404 14 26 11 5 3 2 1 4 1 0 0
796 301 5 11 2 1 1 0 0 1 0 0 0 1687 444 14 32 11 5 3 2 1 4 1 0 0
830 312 6 11 2 1 1 0 0 1 0 0 0 1697 475 14 32 11 5 3 2 1 4 1 0 0
882 328 6 11 3 1 1 0 0 1 0 0 0 1773 480 14 33 12 6 3 2 1 5 1 0 0
915 358 6 13 3 1 1 0 0 1 0 0 0 1831 490 15 34 12 6 4 2 1 5 1 0 0
922 365 6 13 4 2 1 1 0 1 0 0 0 1857 493 15 35 12 6 4 2 1 5 1 0 0
946 376 6 13 4 2 1 1 0 1 0 0 0 1892 498 15 35 12 6 4 2 1 5 1 0 0
1014 397 6 14 4 2 1 1 0 1 0 0 0 1942 518 15 36 17 6 4 2 1 5 1 1 0
1044 411 6 14 4 2 2 1 0 1 0 0 0 2116 570 15 40 19 6 4 2 1 5 1 1 0
1116 424 6 15 4 2 2 1 0 1 0 0 0 2202 621 15 42 19 6 4 2 1 5 1 1 0
1144 442 6 15 4 2 2 1 0 2 0 0 0 2235 642 15 42 19 6 4 2 1 5 1 1 0
1150 450 6 15 4 2 2 1 0 2 0 0 0 2261 648 15 42 19 6 5 2 1 5 1 1 0
1211 458 6 16 5 2 2 1 0 2 0 0 0 2294 652 15 42 20 6 5 2 1 5 1 1 0
1290 485 6 17 5 2 2 1 0 2 0 0 0 2369 675 15 42 20 6 5 2 1 5 1 1 0
1302 503 6 18 5 2 2 1 0 2 0 0 0 2377 685 15 43 20 6 5 2 1 5 1 1 0
1320 513 6 19 5 2 2 1 0 2 0 0 0 2387 705 15 43 20 6 5 3 1 5 1 1 0
1357 528 6 20 5 2 2 1 0 2 0 0 0 2417 710 15 45 20 6 5 3 1 5 1 1 0
1420 541 6 20 6 2 2 1 0 2 0 0 0 2425 745 15 45 20 6 5 3 1 5 1 1 0
1500 571 6 21 6 2 2 1 0 2 0 0 0 2526 761 15 47 20 7 5 3 1 6 1 1 0
1577 585 6 22 6 2 2 1 0 2 0 0 0 2551 791 15 47 21 7 5 3 1 6 1 1 0
