# scores for worst/random/best/smart move selector strategies. 
# scores are 50% and 95% quantiles (based on 40 games) of: 
# game score, #destroyed, #unlocked, #stripes, #bombs, #zappers
6 6 0 0 0 0 0 0 0 0 0 0 0 15 15 0 0 0 0 0 0 0 0 0 0 0
12 12 0 0 0 0 0 0 0 0 0 0 0 25 25 0 0 0 0 0 0 0 0 0 0 0
18 18 0 0 0 0 0 0 0 0 0 0 0 37 33 0 0 0 0 0 0 0 0 0 0 0
24 24 0 0 0 0 0 0 0 0 0 0 0 64 49 0 0 0 0 0 0 0 0 0 0 0
30 30 0 0 0 0 0 0 0 0 0 0 0 94 57 1 1 0 0 0 0 0 0 0 0 0
37 37 0 0 0 0 0 0 0 0 0 0 0 118 70 2 2 0 0 0 0 0 0 0 0 0
42 42 0 0 0 0 0 0 0 0 0 0 0 164 85 2 2 1 0 0 0 0 0 0 0 0
50 48 0 0 0 0 0 0 0 0 0 0 0 184 90 2 3 1 0 0 0 0 0 0 0 0
62 56 0 0 0 0 0 0 0 0 0 0 0 203 102 2 3 1 0 0 0 0 0 0 0 0
88 65 0 0 0 0 0 0 0 0 0 0 0 277 122 3 4 2 0 0 0 0 0 0 0 0
101 70 0 1 0 0 0 0 0 0 0 0 0 300 129 3 4 2 0 0 0 0 0 0 0 0
116 77 0 1 0 0 0 0 0 0 0 0 0 328 144 3 4 2 1 0 0 0 0 0 0 0
163 92 0 1 0 0 0 0 0 0 0 0 0 333 150 3 5 2 1 0 0 0 0 0 0 0
167 96 0 1 0 0 0 0 0 0 0 0 0 354 158 3 5 2 1 0 0 0 0 0 0 0
175 105 1 1 0 0 0 0 0 0 0 0 0 411 162 3 5 3 1 0 0 0 0 0 0 0
181 112 1 1 0 0 0 0 0 0 0 0 0 416 166 3 5 3 1 1 0 0 0 0 0 0
193 122 1 2 0 0 0 0 0 0 0 0 0 441 186 3 5 3 1 1 0 0 1 0 0 0
220 128 2 2 0 0 0 0 0 0 0 0 0 449 196 4 5 3 1 1 0 0 1 0 0 0
223 134 2 2 0 0 0 0 0 0 0 0 0 479 220 4 5 3 1 1 0 0 1 0 0 0
237 140 2 2 0 0 0 0 0 0 0 0 0 482 224 4 5 3 1 1 0 0 1 0 0 0
256 144 2 2 1 0 0 0 0 0 0 0 0 505 230 4 5 3 1 1 0 0 1 0 0 0
260 151 2 2 1 0 0 0 0 0 0 0 0 546 247 4 6 3 1 1 0 0 1 0 0 0
276 158 2 2 1 0 0 0 0 0 0 0 0 549 250 5 6 3 1 1 0 0 1 0 0 0
294 173 2 3 1 0 0 0 0 0 0 0 0 632 276 5 7 3 1 1 1 0 1 0 0 0
308 181 2 3 1 0 0 0 0 0 0 0 0 635 280 5 7 3 1 1 1 0 1 0 0 0
346 191 2 3 1 0 0 0 0 0 0 0 0 638 295 6 7 4 1 1 1 0 1 0 0 0
361 199 2 3 1 0 0 0 0 0 0 0 0 642 298 6 7 4 1 1 1 0 1 0 0 0
365 203 2 4 2 0 0 0 0 0 0 0 0 647 306 6 7 4 1 1 1 0 1 0 0 0
386 208 2 4 2 0 0 0 0 0 0 0 0 650 313 6 8 4 1 1 1 0 1 0 0 0
392 214 2 4 2 0 0 0 0 0 0 0 0 656 316 6 8 4 1 1 1 0 1 0 0 0
398 222 2 4 2 0 0 0 0 0 0 0 0 659 326 6 8 4 1 1 1 0 1 0 0 0
408 232 2 4 2 0 0 0 0 0 0 0 0 669 329 6 8 4 1 1 1 0 1 0 0 0
426 244 2 4 2 0 0 0 0 0 0 0 0 708 344 6 8 4 1 1 1 0 1 0 0 0
451 248 2 5 2 0 0 0 0 0 0 0 0 751 349 6 8 4 1 1 1 0 1 0 0 0
496 263 2 5 2 0 0 0 0 0 0 0 0 754 362 6 9 4 1 1 1 0 1 0 0 0
510 270 2 6 2 0 0 0 0 0 0 0 0 778 382 6 9 4 2 1 1 0 1 0 0 0
516 276 2 6 2 0 0 0 0 0 0 0 0 799 398 6 9 5 2 1 1 0 1 0 0 0
537 286 2 6 2 0 0 0 0 0 0 0 0 816 403 6 9 5 2 1 1 0 1 0 0 0
548 296 2 6 3 0 0 0 0 0 0 0 0 831 409 6 9 5 2 1 1 0 1 0 0 0
587 304 2 6 3 0 0 0 0 0 0 0 0 839 418 6 10 5 2 1 1 0 1 0 0 0
591 312 2 6 3 0 0 0 0 0 0 0 0 848 426 6 10 5 2 1 1 0 1 0 0 0
