# scores for worst/random/best/smart move selector strategies. 
# scores are 50% and 95% quantiles (based on 40 games) of: 
# game score, #destroyed, #unlocked, #stripes, #bombs, #zappers
6 6 0 0 0 0 0 0 0 0 0 0 0 15 15 0 0 0 0 0 0 0 0 0 0 0
15 15 0 0 0 0 0 0 0 0 0 0 0 84 41 1 2 0 0 0 0 0 0 0 0 0
60 30 0 0 0 0 0 0 0 0 0 0 0 247 68 8 3 1 1 1 0 0 1 0 0 0
98 47 1 1 0 0 0 0 0 0 0 0 0 425 121 15 9 2 1 1 0 0 1 0 0 0
156 65 2 2 0 0 0 0 0 0 0 0 0 578 180 15 14 3 2 1 1 0 1 1 0 0
223 95 2 2 1 0 0 0 0 0 0 0 0 710 207 15 15 4 2 1 1 0 2 1 0 0
258 110 2 3 1 0 0 0 0 0 0 0 0 851 222 15 15 10 3 1 1 0 2 1 0 0
297 121 2 3 1 0 0 0 0 0 0 0 0 917 240 15 16 11 3 1 1 0 2 1 0 0
344 154 3 4 2 1 0 0 0 1 0 0 0 1141 278 15 16 17 3 1 1 0 2 1 1 0
419 175 3 4 2 1 0 0 0 1 0 0 0 1174 292 15 16 17 3 1 1 0 3 1 1 0
492 194 3 5 2 1 0 0 0 1 0 0 0 1242 306 15 18 17 3 1 1 0 3 1 1 0
530 217 4 5 3 1 0 0 0 1 0 0 0 1331 331 16 20 18 3 2 1 1 3 1 1 0
602 244 4 6 3 1 0 0 0 1 0 0 0 1384 339 16 20 18 4 2 2 1 3 1 1 0
649 269 4 7 3 2 0 1 0 1 0 0 0 1566 377 16 24 18 4 2 2 1 3 1 1 0
767 292 4 8 3 2 0 1 0 1 0 0 0 1755 396 16 28 21 4 2 2 1 4 1 1 0
836 303 4 9 4 2 0 1 0 1 0 0 0 1783 448 16 28 21 5 2 2 1 4 1 1 0
892 332 4 9 4 2 0 1 0 2 0 0 0 1851 468 16 28 21 6 3 2 1 4 1 1 0
951 346 4 10 4 3 1 1 0 2 0 0 0 2151 489 17 30 21 6 3 2 1 4 1 1 0
1009 378 4 11 4 3 1 1 0 2 0 0 0 2167 510 17 30 22 6 3 2 1 5 1 1 0
1092 393 4 12 5 3 1 1 0 2 0 0 0 2259 558 17 35 22 7 3 2 1 5 1 1 0
1136 417 4 12 5 3 1 1 0 2 0 0 0 2374 601 17 36 23 7 3 2 1 5 1 1 0
1204 452 5 13 6 3 1 1 0 2 0 0 0 2456 627 17 36 23 7 3 2 1 5 1 1 0
1298 487 5 14 6 4 1 1 0 2 0 0 0 2487 639 17 37 23 7 3 3 1 6 1 1 0
1350 495 5 14 6 4 1 1 0 3 0 0 0 2545 655 17 37 25 7 3 3 1 6 1 1 0
1437 512 5 16 7 4 1 1 0 3 0 0 0 2568 676 17 43 25 8 4 3 1 7 2 1 0
1508 540 5 18 7 4 1 1 0 3 0 0 0 2696 708 17 43 30 8 4 3 1 7 2 1 0
1636 564 5 18 7 4 1 1 0 3 0 0 0 2806 730 17 44 31 9 4 3 1 7 2 1 0
1750 596 5 20 8 5 1 1 0 3 0 0 0 2843 759 17 53 32 10 4 3 1 7 2 1 0
1766 617 5 20 9 5 1 1 0 4 0 0 0 2859 794 17 54 33 11 4 3 1 8 2 1 0
1944 640 5 20 9 5 1 1 0 4 0 0 0 2922 818 17 54 33 11 4 3 1 8 2 1 0
2054 671 5 22 10 5 1 1 0 4 0 0 0 2973 843 17 55 34 11 4 3 1 8 2 1 0
2109 698 5 26 10 5 1 1 0 4 0 0 0 3245 859 17 56 34 11 4 3 1 9 2 1 0
2184 719 5 27 10 6 1 2 0 4 0 0 0 3292 890 17 56 34 11 4 3 2 9 2 1 0
2236 728 5 27 11 6 1 2 0 5 0 0 0 3347 925 17 56 34 11 4 3 2 9 2 1 0
2255 759 5 27 11 6 1 2 0 5 0 0 0 3424 958 17 56 35 11 4 3 2 10 2 1 0
2322 775 5 28 11 7 1 2 0 5 0 0 0 3474 969 17 56 35 11 4 3 2 10 2 1 0
2380 799 5 28 11 7 1 2 0 5 0 0 0 3496 993 17 56 35 11 4 3 2 10 2 1 0
2463 824 5 30 12 7 1 2 0 5 0 0 0 3559 1038 17 59 37 11 4 3 2 10 3 1 0
2518 837 5 31 12 7 1 2 0 5 0 0 0 3628 1060 17 60 37 12 4 3 2 10 3 1 0
2586 856 5 32 12 7 1 2 0 5 0 0 0 3727 1077 17 60 39 12 4 4 2 10 3 1 0
2634 889 5 33 12 8 2 2 0 5 1 0 0 3795 1097 17 61 39 12 4 4 2 10 3 1 0
