# scores for worst/random/best/smart move selector strategies. 
# scores are 50% and 95% quantiles (based on 40 games) of: 
# game score, #destroyed, #unlocked, #stripes, #bombs, #zappers
0 0 0 0 0 0 0 0 0 0 0 0 0 6 6 0 0 0 0 0 0 0 0 0 0 0
3 3 0 0 0 0 0 0 0 0 0 0 0 11 11 0 0 0 0 0 0 0 0 0 0 0
9 9 0 0 0 0 0 0 0 0 0 0 0 14 14 0 0 0 0 0 0 0 0 0 0 0
12 12 0 0 0 0 0 0 0 0 0 0 0 18 18 0 0 0 0 0 0 0 0 0 0 0
16 16 0 0 0 0 0 0 0 0 0 0 0 21 21 0 0 0 0 0 0 0 0 0 0 0
21 21 0 0 0 0 0 0 0 0 0 0 0 28 26 0 0 0 0 0 0 0 0 0 0 0
24 24 0 0 0 0 0 0 0 0 0 0 0 61 32 0 1 0 0 0 0 0 0 0 0 0
30 30 0 0 0 0 0 0 0 0 0 0 0 67 37 0 1 0 0 0 0 0 0 0 0 0
33 33 0 0 0 0 0 0 0 0 0 0 0 88 42 1 1 0 0 0 0 0 0 0 0 0
36 36 0 0 0 0 0 0 0 0 0 0 0 98 47 1 1 0 0 0 0 0 0 0 0 0
41 41 0 0 0 0 0 0 0 0 0 0 0 101 50 1 1 0 0 0 0 0 0 0 0 0
51 46 0 0 0 0 0 0 0 0 0 0 0 111 54 2 2 0 0 0 0 0 0 0 0 0
76 51 0 0 0 0 0 0 0 0 0 0 0 121 64 3 2 0 0 1 0 0 0 0 0 0
83 54 0 0 0 0 0 0 0 0 0 0 0 126 70 3 2 0 0 1 0 0 0 0 0 0
88 58 0 0 0 0 0 0 0 0 0 0 0 149 81 3 2 1 0 1 0 0 0 0 0 0
93 64 0 0 0 0 0 0 0 0 0 0 0 152 84 3 2 1 0 1 0 0 0 0 0 0
100 68 0 0 0 0 0 0 0 0 0 0 0 188 89 3 3 1 0 1 0 0 0 0 0 0
104 71 0 0 0 0 0 0 0 0 0 0 0 208 94 3 3 1 0 1 0 0 0 0 0 0
107 76 0 0 0 0 0 0 0 0 0 0 0 221 107 3 3 1 0 1 0 0 0 0 0 0
112 80 0 1 0 0 0 0 0 0 0 0 0 229 114 4 3 1 1 1 0 0 1 0 0 0
116 84 0 1 0 0 0 0 0 0 0 0 0 238 120 5 3 1 1 1 0 0 1 0 0 0
122 88 0 1 0 0 0 0 0 0 0 0 0 242 123 5 3 1 1 1 0 0 1 0 0 0
126 91 0 1 0 0 0 0 0 0 0 0 0 260 131 5 4 1 1 1 0 0 1 0 0 0
130 95 0 1 0 0 0 0 0 0 0 0 0 264 139 5 4 1 1 1 0 0 1 0 0 0
135 102 0 1 0 0 0 0 0 0 0 0 0 284 145 5 4 1 1 1 0 0 1 0 0 0
138 105 0 1 0 0 0 0 0 0 0 0 0 292 153 5 4 1 1 1 0 0 1 0 0 0
144 109 0 1 0 0 0 0 0 0 0 0 0 300 158 5 4 1 1 1 0 0 1 0 0 0
148 112 0 1 0 0 0 0 0 0 0 0 0 303 161 5 4 1 1 1 0 0 1 0 0 0
160 116 0 1 0 0 0 0 0 0 0 0 0 311 167 6 5 1 1 1 0 0 1 0 0 0
165 120 0 1 0 0 0 0 0 0 0 0 0 316 170 6 5 1 1 1 0 0 1 0 0 0
168 124 0 1 0 0 0 0 0 0 0 0 0 333 179 6 5 1 1 1 0 0 1 0 0 0
171 129 0 1 0 0 0 0 0 0 0 0 0 337 184 6 5 1 1 1 0 0 1 0 0 0
175 134 0 1 0 0 0 0 0 0 0 0 0 342 191 6 5 1 1 1 0 0 1 0 0 0
183 138 0 1 0 0 0 0 0 0 0 0 0 350 200 6 5 1 1 1 0 0 1 0 0 0
194 143 0 2 0 0 0 0 0 0 0 0 0 354 204 6 5 1 1 1 0 0 1 0 0 0
206 146 0 2 0 0 0 0 0 0 0 0 0 357 209 6 5 1 1 1 0 0 1 0 0 0
211 149 0 2 0 0 0 0 0 0 0 0 0 361 213 6 5 1 1 1 0 0 1 0 0 0
222 155 0 2 0 0 0 0 0 0 0 0 0 366 216 7 5 1 1 1 1 0 1 0 0 0
227 160 0 2 0 0 0 0 0 0 0 0 0 432 222 7 6 1 1 1 1 0 1 0 0 0
230 167 0 2 0 0 0 0 0 0 0 0 0 436 226 7 6 1 1 1 1 0 1 0 0 0
240 171 0 2 0 0 0 0 0 0 0 0 0 441 229 7 6 1 1 1 1 0 1 0 0 0
