# scores for worst/random/best/smart move selector strategies. 
# scores are 50% and 95% quantiles (based on 40 games) of: 
# game score, #destroyed, #unlocked, #stripes, #bombs, #zappers
0 0 0 0 0 0 0 0 0 0 0 0 0 6 6 0 0 0 0 0 0 0 0 0 0 0
3 3 0 0 0 0 0 0 0 0 0 0 0 9 9 0 0 0 0 0 0 0 0 0 0 0
7 7 0 0 0 0 0 0 0 0 0 0 0 15 15 0 0 0 0 0 0 0 0 0 0 0
12 12 0 0 0 0 0 0 0 0 0 0 0 18 18 0 0 0 0 0 0 0 0 0 0 0
15 15 0 0 0 0 0 0 0 0 0 0 0 24 24 0 0 0 0 0 0 0 0 0 0 0
18 18 0 0 0 0 0 0 0 0 0 0 0 32 27 0 0 0 0 0 0 0 0 0 0 0
24 24 0 0 0 0 0 0 0 0 0 0 0 50 31 0 0 0 0 0 0 0 0 0 0 0
27 27 0 0 0 0 0 0 0 0 0 0 0 66 41 0 1 0 0 0 0 0 0 0 0 0
30 30 0 0 0 0 0 0 0 0 0 0 0 70 44 0 1 0 0 0 0 0 0 0 0 0
35 35 0 0 0 0 0 0 0 0 0 0 0 90 50 0 1 0 0 0 0 0 0 0 0 0
39 39 0 0 0 0 0 0 0 0 0 0 0 106 53 0 2 0 0 0 0 0 0 0 0 0
43 43 0 0 0 0 0 0 0 0 0 0 0 110 56 0 2 0 0 0 0 0 0 0 0 0
48 47 0 0 0 0 0 0 0 0 0 0 0 114 63 0 2 0 0 0 0 0 0 0 0 0
51 51 0 0 0 0 0 0 0 0 0 0 0 119 67 0 2 0 0 0 0 0 0 0 0 0
55 54 0 0 0 0 0 0 0 0 0 0 0 122 73 0 2 0 0 0 0 0 0 0 0 0
59 58 0 0 0 0 0 0 0 0 0 0 0 125 77 0 2 0 0 0 0 0 0 0 0 0
63 61 0 0 0 0 0 0 0 0 0 0 0 132 81 2 2 0 0 0 0 0 0 0 0 0
69 66 0 0 0 0 0 0 0 0 0 0 0 140 86 2 2 0 0 0 0 0 0 0 0 0
73 69 0 0 0 0 0 0 0 0 0 0 0 159 94 3 2 0 0 0 0 0 0 0 0 0
79 74 0 0 0 0 0 0 0 0 0 0 0 165 99 3 2 0 0 0 0 0 0 0 0 0
93 78 0 0 0 0 0 0 0 0 0 0 0 177 106 3 2 1 0 0 0 0 0 0 0 0
97 82 0 0 0 0 0 0 0 0 0 0 0 180 109 3 2 1 0 0 0 0 0 0 0 0
100 86 0 0 0 0 0 0 0 0 0 0 0 195 115 3 2 1 0 0 0 0 0 0 0 0
108 91 0 0 0 0 0 0 0 0 0 0 0 201 125 3 2 1 0 0 0 0 0 0 0 0
122 94 0 0 0 0 0 0 0 0 0 0 0 205 129 3 2 1 0 0 0 0 0 0 0 0
127 97 0 0 0 0 0 0 0 0 0 0 0 210 135 3 2 1 0 0 0 0 0 0 0 0
134 103 0 0 0 0 0 0 0 0 0 0 0 214 140 3 2 1 0 0 0 0 0 0 0 0
141 109 0 0 0 0 0 0 0 0 0 0 0 217 144 3 2 1 0 0 0 0 0 0 0 0
144 114 0 0 0 0 0 0 0 0 0 0 0 220 147 3 2 1 0 0 0 0 0 0 0 0
148 117 0 0 0 0 0 0 0 0 0 0 0 223 149 3 2 1 1 0 0 0 1 0 0 0
152 123 0 1 0 0 0 0 0 0 0 0 0 228 152 3 2 1 1 0 0 0 1 0 0 0
156 126 0 1 0 0 0 0 0 0 0 0 0 234 157 3 3 1 1 0 0 0 1 0 0 0
160 130 0 1 0 0 0 0 0 0 0 0 0 240 165 3 3 1 1 0 0 0 1 0 0 0
167 137 0 1 0 0 0 0 0 0 0 0 0 243 168 3 3 1 1 0 0 0 1 0 0 0
173 140 0 1 0 0 0 0 0 0 0 0 0 249 170 3 3 1 1 0 0 0 1 0 0 0
178 146 0 1 0 0 0 0 0 0 0 0 0 253 174 3 3 1 1 0 0 0 1 0 0 0
185 150 0 1 0 0 0 0 0 0 0 0 0 256 177 3 3 1 1 1 0 0 1 0 0 0
188 154 0 1 0 0 0 0 0 0 0 0 0 277 186 3 3 1 1 1 0 0 1 0 0 0
201 159 0 1 0 0 0 0 0 0 0 0 0 290 191 3 3 1 1 1 0 0 1 0 0 0
216 162 0 1 0 0 0 0 0 0 0 0 0 293 194 3 3 1 1 1 0 0 1 0 0 0
222 166 0 1 0 0 0 0 0 0 0 0 0 302 197 3 4 1 1 1 0 0 1 0 0 0
