# scores for worst/random/best/smart move selector strategies. 
# scores are 50% and 95% quantiles (based on 40 games) of: 
# game score, #destroyed, #unlocked, #stripes, #bombs, #zappers
0 0 0 0 0 0 0 0 0 0 0 0 0 6 6 0 0 0 0 0 0 0 0 0 0 0
4 4 0 0 0 0 0 0 0 0 0 0 0 11 11 0 0 0 0 0 0 0 0 0 0 0
9 9 0 0 0 0 0 0 0 0 0 0 0 15 15 0 0 0 0 0 0 0 0 0 0 0
12 12 0 0 0 0 0 0 0 0 0 0 0 20 20 0 0 0 0 0 0 0 0 0 0 0
15 15 0 0 0 0 0 0 0 0 0 0 0 23 23 0 0 0 0 0 0 0 0 0 0 0
19 19 0 0 0 0 0 0 0 0 0 0 0 29 28 0 0 0 0 0 0 0 0 0 0 0
24 23 0 0 0 0 0 0 0 0 0 0 0 66 33 0 1 0 0 0 0 0 0 0 0 0
28 27 0 0 0 0 0 0 0 0 0 0 0 86 36 0 1 0 0 0 0 0 0 0 0 0
33 33 0 0 0 0 0 0 0 0 0 0 0 97 41 1 2 0 0 0 0 0 0 0 0 0
39 38 0 0 0 0 0 0 0 0 0 0 0 101 47 1 2 0 0 0 0 0 0 0 0 0
42 42 0 0 0 0 0 0 0 0 0 0 0 104 54 1 2 0 0 0 0 0 0 0 0 0
48 45 0 0 0 0 0 0 0 0 0 0 0 109 59 1 2 0 0 0 0 0 0 0 0 0
65 49 0 0 0 0 0 0 0 0 0 0 0 118 66 2 2 0 0 1 0 0 0 0 0 0
80 54 0 0 0 0 0 0 0 0 0 0 0 144 75 3 2 1 0 1 0 0 0 0 0 0
83 58 0 0 0 0 0 0 0 0 0 0 0 160 82 3 2 1 0 1 0 0 0 0 0 0
92 62 0 1 0 0 0 0 0 0 0 0 0 168 88 4 3 1 0 1 0 0 0 0 0 0
97 68 0 1 0 0 0 0 0 0 0 0 0 176 96 4 3 1 0 1 0 0 0 0 0 0
101 71 0 1 0 0 0 0 0 0 0 0 0 208 105 4 3 1 1 1 0 0 1 0 0 0
112 76 0 1 0 0 0 0 0 0 0 0 0 213 115 4 3 1 1 1 0 0 1 0 0 0
120 82 0 1 0 0 0 0 0 0 0 0 0 220 121 5 3 1 1 1 0 0 1 0 0 0
125 87 0 1 0 0 0 0 0 0 0 0 0 252 129 5 3 1 1 1 0 0 1 0 0 0
143 93 0 1 0 0 0 0 0 0 0 0 0 270 141 5 3 1 1 1 0 0 1 0 0 0
155 98 0 2 0 0 0 0 0 0 0 0 0 277 147 6 4 1 1 1 0 0 1 0 0 0
158 101 0 2 0 0 0 0 0 0 0 0 0 283 159 6 4 1 1 1 0 0 1 0 0 0
165 107 0 2 0 0 0 0 0 0 0 0 0 290 167 6 4 1 1 1 0 0 1 0 0 0
184 113 1 2 0 0 0 0 0 0 0 0 0 354 181 6 4 1 1 2 1 0 1 0 0 0
204 119 1 2 0 0 0 0 0 0 0 0 0 360 185 6 4 1 1 2 1 0 1 0 0 0
209 124 1 2 0 0 0 0 0 0 0 0 0 365 190 6 5 1 1 2 1 0 1 0 0 0
217 129 1 3 0 0 0 0 0 0 0 0 0 411 196 6 6 1 1 2 1 0 1 0 0 0
238 135 1 3 0 0 0 0 0 0 0 0 0 415 205 6 6 1 1 2 1 0 1 0 0 0
243 139 1 3 0 0 0 0 0 0 0 0 0 420 211 6 6 1 1 2 1 0 1 0 0 0
258 144 2 3 0 0 0 0 0 0 0 0 0 443 217 6 6 1 1 2 1 0 1 0 0 0
271 150 2 4 0 0 0 0 0 0 0 0 0 446 222 6 6 1 1 2 1 0 1 0 0 0
274 155 2 4 0 0 0 0 0 0 0 0 0 451 226 6 6 1 1 2 1 0 1 0 0 0
287 164 2 4 0 0 0 0 0 0 0 0 0 539 241 6 8 1 1 2 1 0 1 0 0 0
308 172 2 4 0 0 0 0 0 0 0 0 0 542 246 6 8 1 1 2 1 0 1 0 0 0
315 178 2 4 0 0 0 0 0 0 0 0 0 602 266 6 9 2 1 2 1 0 1 0 0 0
320 183 2 5 0 0 1 0 0 0 0 0 0 609 275 6 9 2 1 2 1 0 1 0 0 0
358 191 2 5 0 0 1 0 0 0 0 0 0 612 279 6 9 2 2 2 1 0 1 0 0 0
377 200 2 5 0 0 1 0 0 0 0 0 0 617 285 6 9 2 2 2 1 0 1 0 0 0
381 208 2 5 0 0 1 0 0 0 0 0 0 625 290 7 9 2 2 2 1 0 1 0 0 0
