# scores for worst/random/best/smart move selector strategies. 
# scores are 50% and 95% quantiles (based on 40 games) of: 
# game score, #destroyed, #unlocked, #stripes, #bombs, #zappers
0 0 0 0 0 0 0 0 0 0 0 0 0 6 6 0 0 0 0 0 0 0 0 0 0 0
3 3 0 0 0 0 0 0 0 0 0 0 0 9 9 0 0 0 0 0 0 0 0 0 0 0
9 9 0 0 0 0 0 0 0 0 0 0 0 15 15 0 0 0 0 0 0 0 0 0 0 0
12 12 0 0 0 0 0 0 0 0 0 0 0 18 18 0 0 0 0 0 0 0 0 0 0 0
15 15 0 0 0 0 0 0 0 0 0 0 0 21 21 0 0 0 0 0 0 0 0 0 0 0
21 21 0 0 0 0 0 0 0 0 0 0 0 30 28 0 0 0 0 0 0 0 0 0 0 0
24 24 0 0 0 0 0 0 0 0 0 0 0 35 34 0 0 0 0 0 0 0 0 0 0 0
27 27 0 0 0 0 0 0 0 0 0 0 0 39 37 0 0 0 0 0 0 0 0 0 0 0
30 30 0 0 0 0 0 0 0 0 0 0 0 54 40 0 0 0 0 0 0 0 0 0 0 0
33 33 0 0 0 0 0 0 0 0 0 0 0 72 46 0 0 0 0 0 0 0 0 0 0 0
36 36 0 0 0 0 0 0 0 0 0 0 0 87 51 0 1 0 0 0 0 0 0 0 0 0
42 42 0 0 0 0 0 0 0 0 0 0 0 90 55 0 1 0 0 0 0 0 0 0 0 0
45 45 0 0 0 0 0 0 0 0 0 0 0 118 66 0 1 0 0 0 0 0 0 0 0 0
48 48 0 0 0 0 0 0 0 0 0 0 0 122 71 0 1 0 0 0 0 0 0 0 0 0
54 54 0 0 0 0 0 0 0 0 0 0 0 125 74 0 1 0 0 0 0 0 0 0 0 0
57 57 0 0 0 0 0 0 0 0 0 0 0 128 77 0 1 0 0 0 0 0 0 0 0 0
60 60 0 0 0 0 0 0 0 0 0 0 0 133 81 0 1 0 0 0 0 0 0 0 0 0
63 63 0 0 0 0 0 0 0 0 0 0 0 136 85 0 1 0 0 0 0 0 0 0 0 0
69 67 0 0 0 0 0 0 0 0 0 0 0 139 88 0 1 0 0 0 0 0 0 0 0 0
72 70 0 0 0 0 0 0 0 0 0 0 0 142 91 0 1 0 0 0 0 0 0 0 0 0
75 75 0 0 0 0 0 0 0 0 0 0 0 145 94 0 1 0 0 0 0 0 0 0 0 0
79 78 0 0 0 0 0 0 0 0 0 0 0 151 99 0 1 0 0 0 0 0 0 0 0 0
84 82 0 0 0 0 0 0 0 0 0 0 0 154 102 0 1 0 0 0 0 0 0 0 0 0
87 87 0 0 0 0 0 0 0 0 0 0 0 168 106 0 1 0 0 0 0 0 0 0 0 0
93 91 0 0 0 0 0 0 0 0 0 0 0 173 109 0 1 0 0 0 0 0 0 0 0 0
96 94 0 0 0 0 0 0 0 0 0 0 0 176 116 0 1 0 0 0 0 0 0 0 0 0
99 99 0 0 0 0 0 0 0 0 0 0 0 181 122 0 1 1 0 0 0 0 0 0 0 0
103 102 0 0 0 0 0 0 0 0 0 0 0 184 125 0 1 1 0 0 0 0 0 0 0 0
108 105 0 0 0 0 0 0 0 0 0 0 0 199 133 2 1 1 0 0 0 0 0 0 0 0
114 111 0 0 0 0 0 0 0 0 0 0 0 213 138 3 2 1 0 0 0 0 0 0 0 0
117 115 0 0 0 0 0 0 0 0 0 0 0 216 143 3 2 1 0 0 0 0 0 0 0 0
120 118 0 0 0 0 0 0 0 0 0 0 0 223 146 3 2 1 0 0 0 0 0 0 0 0
123 123 0 0 0 0 0 0 0 0 0 0 0 226 149 3 2 1 0 0 0 0 0 0 0 0
129 127 0 0 0 0 0 0 0 0 0 0 0 234 157 3 2 1 0 0 0 0 0 0 0 0
132 130 0 0 0 0 0 0 0 0 0 0 0 239 160 3 2 1 0 0 0 0 0 0 0 0
137 135 0 0 0 0 0 0 0 0 0 0 0 242 165 3 2 1 0 0 0 0 0 0 0 0
141 139 0 0 0 0 0 0 0 0 0 0 0 245 170 3 2 1 0 0 0 0 0 0 0 0
145 142 0 0 0 0 0 0 0 0 0 0 0 248 174 3 2 1 0 0 0 0 0 0 0 0
149 147 0 0 0 0 0 0 0 0 0 0 0 251 177 3 2 1 0 0 0 0 0 0 0 0
153 150 0 0 0 0 0 0 0 0 0 0 0 261 180 3 2 1 0 0 0 0 0 0 0 0
156 153 0 0 0 0 0 0 0 0 0 0 0 264 183 3 2 1 0 0 0 0 0 0 0 0
