# scores for worst/random/best/smart move selector strategies. 
# scores are 50% and 95% quantiles (based on 40 games) of: 
# game score, #destroyed, #unlocked, #stripes, #bombs, #zappers
3 3 0 0 0 0 0 0 0 0 0 0 0 18 18 0 0 0 0 0 0 0 0 0 0 0
13 13 0 0 0 0 0 0 0 0 0 0 0 77 33 0 1 0 0 0 0 0 0 0 0 0
31 25 0 0 0 0 0 0 0 0 0 0 0 111 47 0 2 1 0 0 0 0 0 0 0 0
61 36 0 1 0 0 0 0 0 0 0 0 0 156 75 3 2 1 0 0 0 0 0 0 0 0
97 55 0 1 0 0 0 0 0 0 0 0 0 267 109 3 3 2 1 0 0 0 1 0 0 0
132 66 0 2 0 0 0 0 0 0 0 0 0 317 135 4 5 2 1 0 1 0 1 0 0 0
181 90 0 2 1 0 0 0 0 0 0 0 0 448 188 5 6 3 1 1 1 0 1 0 0 0
229 110 0 3 1 0 0 0 0 0 0 0 0 603 230 5 6 3 1 1 1 1 1 0 0 0
285 134 0 3 1 0 0 0 0 0 0 0 0 835 264 5 13 4 2 1 1 1 2 0 0 0
350 152 1 4 1 0 0 0 0 0 0 0 0 910 311 5 21 5 2 1 1 1 2 1 0 0
381 176 1 5 1 1 0 0 0 0 0 0 0 973 343 5 22 5 2 1 1 1 2 1 0 0
448 198 1 5 2 1 0 0 0 0 0 0 0 1110 374 5 23 5 3 1 1 1 3 1 0 0
517 215 1 5 2 1 0 0 0 1 0 0 0 1356 417 5 25 20 4 1 2 1 3 1 1 0
558 240 1 7 2 1 0 0 0 1 0 0 0 1429 435 5 25 20 4 1 2 1 3 1 1 0
616 274 1 7 2 1 0 0 0 1 0 0 0 1556 462 5 25 21 4 2 2 1 3 1 1 0
692 290 1 7 3 2 1 0 0 1 0 0 0 1609 482 5 26 21 4 2 2 1 4 1 1 0
757 307 1 8 3 2 1 0 0 2 0 0 0 1683 512 5 35 21 4 2 2 1 4 1 1 0
792 334 1 9 3 2 1 1 0 2 0 0 0 1923 547 5 36 21 4 2 2 1 4 1 1 0
858 353 1 9 4 3 1 1 0 2 0 0 0 1969 574 5 36 21 4 2 2 1 4 1 1 0
941 400 1 10 4 3 1 1 0 2 0 0 0 1989 602 5 37 21 5 2 2 1 4 1 1 0
998 415 1 10 4 3 1 1 0 3 0 0 0 2016 634 5 37 21 5 2 2 1 5 1 1 0
1032 438 1 12 4 3 1 1 0 3 0 0 0 2052 655 5 39 21 5 2 2 1 5 1 1 0
1098 461 1 12 4 3 1 1 0 3 0 0 0 2136 679 5 39 21 5 3 2 1 5 1 1 0
1201 495 1 13 5 4 1 1 0 3 0 0 0 2209 705 5 40 21 6 3 2 1 6 1 1 0
1257 507 1 15 5 4 1 1 0 3 0 0 0 2303 729 5 41 22 6 3 2 1 6 1 1 0
1354 545 1 16 5 4 1 1 0 3 0 0 0 2382 755 5 42 22 7 3 2 1 6 1 1 0
1388 562 1 16 6 4 1 1 0 3 0 0 0 2467 781 5 42 22 7 3 2 1 7 1 1 0
1461 599 1 16 7 4 1 1 0 3 0 0 0 2536 835 5 50 22 7 3 2 1 7 2 1 0
1511 612 1 18 7 4 1 1 0 3 0 0 0 2579 866 5 51 23 7 3 2 1 7 2 1 0
1575 622 1 19 7 4 1 1 0 3 0 0 0 2622 886 5 51 23 7 3 2 1 7 2 1 0
1591 631 1 19 7 4 1 1 0 3 0 0 0 2661 894 5 51 23 8 3 3 1 7 2 1 0
1733 651 1 20 7 5 1 1 0 4 0 0 0 2749 939 5 51 23 9 3 3 1 7 2 1 0
1779 684 1 21 7 5 1 1 0 4 0 0 0 2806 952 5 53 24 10 3 3 1 8 2 1 0
1860 711 1 24 8 5 2 1 0 4 0 0 0 2843 973 5 53 24 10 3 3 1 8 2 1 0
1933 743 1 26 8 5 2 1 0 4 0 0 0 2905 1003 5 54 24 10 3 3 1 8 2 1 0
2005 772 1 26 9 5 2 1 0 4 0 0 0 2977 1037 5 55 25 10 4 3 1 8 2 1 0
2111 795 1 27 9 5 2 1 0 4 0 0 0 3011 1069 5 56 25 11 4 3 1 8 2 1 0
2170 807 1 27 10 5 2 1 0 4 0 0 0 3127 1080 5 60 25 11 4 4 1 9 2 1 0
2214 834 1 28 10 6 2 1 0 5 0 0 0 3139 1091 5 60 25 12 4 4 1 10 2 1 0
2296 853 1 29 10 6 2 1 0 5 0 0 0 3192 1142 5 60 25 12 4 4 1 10 2 1 0
2338 876 1 29 10 6 2 1 0 5 0 0 0 3245 1173 5 60 25 12 4 4 1 10 2 1 0
