# scores for worst/random/best/smart move selector strategies. 
# scores are 50% and 95% quantiles (based on 40 games) of: 
# game score, #destroyed, #unlocked, #stripes, #bombs, #zappers
3 3 0 0 0 0 0 0 0 0 0 0 0 12 12 0 0 0 0 0 0 0 0 0 0 0
8 8 0 0 0 0 0 0 0 0 0 0 0 74 28 0 0 0 1 0 0 0 1 0 0 0
13 13 0 0 0 0 0 0 0 0 0 0 0 111 50 0 1 0 1 0 0 0 1 0 0 0
22 22 0 0 0 0 0 0 0 0 0 0 0 146 70 2 1 0 1 0 0 0 1 0 0 0
32 29 0 0 0 0 0 0 0 0 0 0 0 232 94 3 2 1 1 0 0 0 1 0 0 0
66 35 0 1 0 0 0 0 0 0 0 0 0 277 113 3 2 1 1 1 0 0 1 0 0 0
94 44 0 1 0 0 0 0 0 0 0 0 0 392 132 7 4 1 1 1 0 0 1 0 0 0
115 61 1 1 0 0 0 0 0 0 0 0 0 411 168 10 5 2 1 1 1 0 1 0 0 0
148 73 2 2 0 0 0 0 0 0 0 0 0 466 175 10 5 2 1 1 1 0 1 0 0 0
176 78 2 2 0 0 0 0 0 0 0 0 0 474 184 11 6 2 2 1 1 0 2 0 0 0
206 85 3 2 0 0 0 0 0 0 0 0 0 517 191 11 7 2 2 1 1 0 2 0 0 0
226 108 4 3 1 0 0 0 0 0 0 0 0 555 214 11 7 3 2 1 1 0 2 0 0 0
268 129 4 3 1 0 0 0 0 0 0 0 0 609 244 11 8 3 2 1 1 0 2 0 0 0
342 156 5 4 1 0 0 0 0 0 0 0 0 723 269 14 16 4 3 1 1 0 2 1 0 0
396 176 5 4 1 1 0 0 0 0 0 0 0 735 303 14 17 4 3 1 1 0 2 1 0 0
428 190 5 6 1 1 1 0 0 0 0 0 0 754 309 14 17 4 3 1 1 0 3 1 0 0
485 202 5 6 1 1 1 0 0 1 0 0 0 1261 342 14 20 4 4 2 1 0 3 1 0 0
509 212 5 6 1 1 1 0 0 1 0 0 0 1308 385 14 21 5 4 2 1 0 3 1 0 0
549 234 6 8 2 1 1 0 0 1 0 0 0 1507 416 14 22 5 4 2 1 0 3 1 0 0
594 262 6 8 2 1 1 0 0 1 0 0 0 1576 456 14 22 5 4 2 1 0 4 1 0 0
690 279 6 9 2 1 1 0 0 1 0 0 0 1688 498 14 22 13 4 2 2 0 4 1 0 0
721 291 6 9 2 1 1 0 0 1 0 0 0 1695 506 14 23 16 5 2 2 0 4 1 1 0
773 310 6 11 2 1 1 0 0 1 0 0 0 1701 511 14 23 16 5 2 2 1 4 1 1 0
845 323 6 12 3 1 1 0 0 1 0 0 0 1791 544 14 24 18 5 3 2 1 4 1 1 0
882 344 6 13 3 2 1 0 0 1 0 0 0 1801 552 14 24 18 5 3 2 1 4 1 1 0
909 365 6 13 3 2 1 0 0 1 0 0 0 1903 569 14 25 18 5 3 2 1 4 1 1 0
925 382 6 13 3 2 1 0 0 1 0 0 0 1925 593 14 25 18 5 3 2 1 4 1 1 0
998 389 6 14 3 2 1 0 0 1 0 0 0 1945 605 14 27 18 5 4 2 1 4 1 1 0
1046 403 6 15 3 2 1 1 0 1 0 0 0 2099 617 14 28 18 5 4 2 1 4 1 1 0
1051 412 6 16 3 2 2 1 0 2 0 0 0 2137 641 14 28 18 5 4 2 1 4 1 1 0
1068 435 6 16 3 2 2 1 0 2 0 0 0 2200 669 14 29 19 6 4 2 1 5 1 1 0
1142 443 6 16 4 2 2 1 0 2 0 0 0 2222 683 14 29 21 6 4 2 1 5 1 1 0
1181 449 6 17 4 2 2 1 0 2 0 0 0 2225 686 14 30 21 6 4 2 1 5 1 1 0
1225 455 6 18 4 2 2 1 0 2 0 0 0 2233 694 14 31 21 6 4 2 1 5 1 1 0
1312 477 6 19 4 2 2 1 0 2 0 0 0 2287 705 14 32 22 6 4 2 1 5 1 1 0
1321 487 6 19 4 2 2 1 0 2 0 0 0 2314 727 14 32 23 6 4 2 1 5 1 1 0
1344 509 6 20 4 2 2 1 0 2 0 0 0 2335 736 14 33 23 6 4 2 1 5 1 1 0
1369 533 6 20 4 2 2 1 0 2 0 0 0 2341 741 14 33 23 6 4 2 1 5 1 1 0
1407 539 6 20 4 2 2 1 0 2 0 0 0 2492 788 14 34 23 6 4 2 1 5 1 1 0
1443 544 6 21 4 2 2 1 0 2 0 0 0 2551 809 14 36 24 7 4 2 1 5 1 1 0
1454 552 6 21 5 2 2 1 0 2 0 0 0 2561 819 14 36 24 7 4 2 1 6 1 1 0
