# scores for worst/random/best/smart move selector strategies. 
# scores are 50% and 95% quantiles (based on 40 games) of: 
# game score, #destroyed, #unlocked, #stripes, #bombs, #zappers
3 3 0 0 0 0 0 0 0 0 0 0 0 12 12 0 0 0 0 0 0 0 0 0 0 0
7 7 0 0 0 0 0 0 0 0 0 0 0 20 20 0 0 0 0 0 0 0 0 0 0 0
12 12 0 0 0 0 0 0 0 0 0 0 0 63 31 0 0 0 0 0 0 0 0 0 0 0
16 16 0 0 0 0 0 0 0 0 0 0 0 96 46 0 0 1 1 0 0 0 1 0 0 0
24 22 0 0 0 0 0 0 0 0 0 0 0 101 56 0 1 1 1 0 0 0 1 0 0 0
32 30 0 0 0 0 0 0 0 0 0 0 0 143 63 2 1 1 1 0 0 0 1 0 0 0
44 35 0 0 0 0 0 0 0 0 0 0 0 161 69 2 1 1 1 0 0 0 1 0 0 0
48 39 0 0 0 0 0 0 0 0 0 0 0 263 107 2 3 1 1 0 0 0 1 0 0 0
71 51 0 0 0 0 0 0 0 0 0 0 0 280 112 2 4 1 1 0 0 0 1 0 0 0
81 57 0 1 0 0 0 0 0 0 0 0 0 286 118 3 4 1 1 0 0 0 1 0 0 0
93 68 0 1 0 0 0 0 0 0 0 0 0 295 121 3 5 1 1 0 0 0 1 0 0 0
109 75 0 1 0 0 0 0 0 0 0 0 0 299 126 3 5 1 1 0 0 0 1 0 0 0
117 79 0 1 0 0 0 0 0 0 0 0 0 303 130 3 5 1 1 0 0 0 1 0 0 0
137 87 0 1 0 0 0 0 0 0 0 0 0 308 137 4 5 1 1 0 0 0 1 0 0 0
143 94 0 1 0 0 0 0 0 0 0 0 0 313 141 4 5 1 2 0 0 0 1 0 0 0
159 104 0 1 0 0 0 0 0 0 0 0 0 318 144 4 5 1 2 0 0 0 1 0 0 0
171 121 1 1 0 0 0 0 0 0 0 0 0 356 169 4 6 1 2 0 0 0 1 0 0 0
191 125 1 2 0 0 0 0 0 0 0 0 0 360 172 4 6 2 2 0 0 0 1 0 0 0
222 134 1 2 0 0 0 0 0 0 0 0 0 364 179 4 6 2 2 1 0 0 1 0 0 0
230 138 1 2 0 0 0 0 0 0 0 0 0 371 189 4 6 2 2 1 0 0 1 0 0 0
250 152 1 2 1 0 0 0 0 0 0 0 0 441 210 4 6 2 2 1 0 0 1 0 0 0
253 162 1 2 1 0 0 0 0 0 0 0 0 491 229 4 6 2 2 1 0 0 2 0 0 0
264 174 1 3 1 0 0 0 0 0 0 0 0 518 254 4 6 3 2 1 0 0 2 0 0 0
300 185 1 3 1 0 0 0 0 0 0 0 0 521 258 4 7 3 2 1 0 0 2 0 0 0
306 194 1 3 1 0 0 0 0 0 0 0 0 585 270 4 7 3 2 1 0 0 2 0 0 0
343 199 2 4 1 0 0 0 0 0 0 0 0 593 276 4 7 3 2 1 0 0 2 0 0 0
352 202 2 4 1 0 0 0 0 0 0 0 0 601 284 4 7 3 2 1 0 0 2 0 0 0
376 214 2 4 1 0 0 0 0 0 0 0 0 607 290 4 7 3 2 1 0 0 2 0 0 0
386 224 2 4 1 0 0 0 0 0 0 0 0 660 316 4 7 3 2 1 0 0 2 0 0 0
397 235 2 4 1 0 0 0 0 0 0 0 0 711 322 4 7 3 2 1 0 0 2 0 0 0
413 243 2 5 1 0 0 0 0 0 0 0 0 734 335 4 8 3 2 1 0 0 2 0 0 0
416 253 2 5 1 0 0 0 0 0 0 0 0 737 340 4 8 3 2 1 0 0 2 0 0 0
426 262 2 5 1 0 0 0 0 0 0 0 0 758 349 4 8 3 2 1 0 0 2 0 0 0
449 273 2 5 1 0 0 0 0 0 0 0 0 796 369 4 9 3 2 1 0 0 2 0 0 0
465 277 2 5 2 0 0 0 0 0 0 0 0 818 378 4 11 3 2 1 0 0 2 0 0 0
474 283 2 5 2 0 0 0 0 0 0 0 0 821 382 4 11 3 2 1 0 0 2 0 0 0
519 288 2 6 2 0 0 0 0 0 0 0 0 848 391 5 11 4 2 1 0 0 2 0 0 0
529 300 2 6 2 0 0 0 0 0 0 0 0 851 396 5 11 4 2 1 0 0 2 0 0 0
535 306 2 6 2 0 0 0 0 0 0 0 0 875 405 5 11 4 2 1 0 0 2 0 0 0
566 323 2 6 2 0 0 0 0 0 0 0 0 881 410 5 11 4 2 1 0 0 2 0 0 0
587 335 2 7 2 0 0 0 0 0 0 0 0 912 413 5 11 4 2 1 0 0 2 0 0 0
