# scores for worst/random/best/smart move selector strategies. 
# scores are 50% and 95% quantiles (based on 40 games) of: 
# game score, #destroyed, #unlocked, #stripes, #bombs, #zappers
3 3 0 0 0 0 0 0 0 0 0 0 0 12 12 0 0 0 0 0 0 0 0 0 0 0
9 9 0 0 0 0 0 0 0 0 0 0 0 69 27 0 0 0 1 0 0 0 1 0 0 0
18 17 0 0 0 0 0 0 0 0 0 0 0 131 62 6 1 1 1 0 0 0 1 0 0 0
47 26 0 0 0 0 0 0 0 0 0 0 0 207 105 7 2 1 1 1 0 0 1 0 0 0
71 39 0 1 0 0 0 0 0 0 0 0 0 264 124 10 2 1 1 1 1 0 1 0 0 0
110 54 1 1 0 0 0 0 0 0 0 0 0 364 152 10 4 2 1 1 1 0 1 0 0 0
171 77 2 2 0 0 0 0 0 0 0 0 0 411 169 12 4 3 2 1 1 0 1 0 0 0
209 90 2 2 1 0 0 0 0 0 0 0 0 491 190 12 5 3 2 1 1 0 2 0 0 0
247 105 3 3 1 0 0 0 0 0 0 0 0 602 247 12 7 4 3 1 1 0 3 0 0 0
306 128 4 3 1 0 0 0 0 0 0 0 0 629 261 12 7 4 3 1 1 1 3 0 0 0
349 157 4 4 1 0 0 0 0 0 0 0 0 671 270 14 8 4 3 1 1 1 3 0 0 0
429 180 5 4 2 1 0 0 0 1 0 0 0 907 308 14 9 6 4 1 1 1 3 0 0 0
502 206 6 5 2 1 0 0 0 1 0 0 0 955 332 14 10 9 4 2 2 1 3 0 0 0
561 238 6 6 3 1 0 0 0 1 0 0 0 1003 369 14 19 9 4 2 2 1 3 1 0 0
648 261 6 7 3 1 0 0 0 1 0 0 0 1352 397 16 21 11 4 2 2 1 3 1 0 0
718 286 7 8 3 1 0 1 0 1 0 0 0 1392 422 16 23 11 4 2 2 1 4 1 0 0
768 302 7 8 3 1 0 1 0 1 0 0 0 1407 454 16 24 12 5 2 2 1 4 1 0 0
809 325 7 9 3 2 0 1 0 1 0 0 0 1698 474 16 25 12 5 2 2 1 4 1 0 0
897 346 7 10 4 2 1 1 0 1 0 0 0 1737 519 16 26 18 6 2 2 1 5 1 1 0
934 364 7 11 4 2 1 1 0 1 0 0 0 1995 537 16 28 22 6 2 3 1 5 1 1 0
972 383 7 11 4 2 1 1 0 1 0 0 0 2313 558 16 28 22 6 2 3 1 5 1 1 0
1020 399 7 12 4 2 1 1 0 1 0 0 0 2366 562 16 28 22 6 2 3 1 5 1 1 0
1096 421 7 13 5 2 1 1 0 1 0 0 0 2505 577 16 29 23 6 2 3 1 5 1 1 0
1239 449 7 14 5 2 1 1 0 1 0 0 0 2531 639 16 32 23 6 3 3 1 6 1 1 0
1323 458 7 15 5 3 1 1 0 1 0 0 0 2579 665 16 33 23 7 3 3 1 6 1 1 0
1356 478 7 16 5 3 1 1 0 2 0 0 0 2680 678 16 33 24 7 3 3 1 6 1 1 0
1429 506 7 16 5 3 1 1 0 2 0 0 0 2753 691 16 34 24 7 3 3 1 6 1 1 0
1511 523 7 18 7 3 1 1 0 2 0 0 0 2767 740 16 40 25 8 3 3 1 6 1 1 0
1583 556 7 19 7 3 1 1 0 2 0 0 0 3124 773 16 40 33 8 3 3 1 6 1 1 0
1638 579 7 19 7 4 1 1 0 2 0 0 0 3177 787 16 41 33 9 3 3 1 6 1 1 0
1690 614 7 19 7 4 1 1 0 2 0 0 0 3287 794 16 51 35 9 3 3 1 7 2 1 0
1777 637 7 19 7 4 1 1 0 2 0 0 0 3347 818 16 51 35 9 3 3 1 7 2 1 0
1795 641 7 20 7 4 1 1 0 3 0 0 0 3419 841 16 51 35 9 3 3 1 7 2 1 0
1899 674 7 21 8 4 1 1 0 3 0 0 0 3544 871 16 51 35 9 3 3 1 7 2 1 0
1909 689 7 22 8 4 1 1 0 3 0 0 0 3637 909 16 51 36 10 3 3 1 7 2 1 1
1940 710 7 23 8 4 1 2 0 3 0 0 0 3662 924 16 51 36 10 3 3 1 7 2 1 1
2017 738 7 24 8 5 1 2 0 3 0 0 0 3691 955 16 51 36 11 3 3 1 8 2 1 1
2105 761 7 24 8 5 1 2 1 3 0 0 0 3701 989 16 52 36 11 3 3 1 8 2 1 1
2114 780 7 26 9 5 1 2 1 4 0 0 0 3760 1022 16 63 37 11 3 3 1 8 3 1 1
2185 796 7 26 9 5 1 2 1 4 0 0 0 3795 1060 16 63 37 11 4 3 1 8 3 1 1
2201 831 7 29 9 5 1 2 1 4 0 0 0 3933 1079 16 63 38 11 4 4 1 8 3 1 1
