# scores for worst/random/best/smart move selector strategies. 
# scores are 50% and 95% quantiles (based on 40 games) of: 
# game score, #destroyed, #unlocked, #stripes, #bombs, #zappers
3 3 0 0 0 0 0 0 0 0 0 0 0 12 12 0 0 0 0 0 0 0 0 0 0 0
8 8 0 0 0 0 0 0 0 0 0 0 0 28 28 0 0 0 0 0 0 0 0 0 0 0
12 12 0 0 0 0 0 0 0 0 0 0 0 34 34 0 0 0 0 0 0 0 0 0 0 0
19 18 0 0 0 0 0 0 0 0 0 0 0 49 49 0 0 0 0 0 0 0 0 0 0 0
25 24 0 0 0 0 0 0 0 0 0 0 0 54 54 0 0 0 0 0 0 0 0 0 0 0
30 30 0 0 0 0 0 0 0 0 0 0 0 72 64 0 0 0 0 0 0 0 0 0 0 0
36 36 0 0 0 0 0 0 0 0 0 0 0 90 70 2 1 1 0 0 0 0 0 0 0 0
51 41 0 0 0 0 0 0 0 0 0 0 0 148 73 2 1 1 0 0 0 0 0 0 0 0
57 45 0 0 0 0 0 0 0 0 0 0 0 151 81 2 1 1 0 0 0 0 0 0 0 0
68 52 0 0 0 0 0 0 0 0 0 0 0 165 100 2 1 1 0 0 0 0 0 0 0 0
73 62 0 0 0 0 0 0 0 0 0 0 0 201 110 2 1 1 0 0 0 0 0 0 0 0
77 65 0 0 0 0 0 0 0 0 0 0 0 213 116 2 1 1 0 0 0 0 0 0 0 0
85 69 0 0 0 0 0 0 0 0 0 0 0 233 123 3 1 2 0 0 0 0 0 0 0 0
91 74 0 0 0 0 0 0 0 0 0 0 0 249 145 3 2 2 0 0 0 0 0 0 0 0
96 80 0 0 0 0 0 0 0 0 0 0 0 283 154 3 2 3 0 0 0 0 0 0 0 0
103 85 0 0 0 0 0 0 0 0 0 0 0 298 161 3 2 3 0 0 0 0 0 0 0 0
108 94 0 0 0 0 0 0 0 0 0 0 0 301 167 3 2 3 0 0 0 0 0 0 0 0
113 100 0 1 0 0 0 0 0 0 0 0 0 337 179 3 3 3 0 0 0 0 0 0 0 0
124 104 0 1 0 0 0 0 0 0 0 0 0 346 183 3 3 3 0 0 0 0 0 0 0 0
131 108 0 1 0 0 0 0 0 0 0 0 0 349 189 3 3 3 0 0 0 0 0 0 0 0
137 112 0 1 0 0 0 0 0 0 0 0 0 374 196 3 3 3 0 0 0 0 0 0 0 0
143 117 0 1 0 0 0 0 0 0 0 0 0 378 199 3 3 3 0 0 0 0 0 0 0 0
150 122 0 1 0 0 0 0 0 0 0 0 0 381 202 3 3 3 0 0 0 0 0 0 0 0
160 130 0 1 0 0 0 0 0 0 0 0 0 386 209 3 4 3 0 0 0 0 0 0 0 0
169 139 0 1 0 0 0 0 0 0 0 0 0 389 212 3 4 3 0 0 0 0 0 0 0 0
186 147 0 1 0 0 0 0 0 0 0 0 0 393 215 3 4 3 0 0 0 0 0 0 0 0
191 154 0 1 0 0 0 0 0 0 0 0 0 404 219 3 4 3 0 0 0 0 0 0 0 0
195 157 0 1 0 0 0 0 0 0 0 0 0 422 235 3 4 3 0 0 0 0 0 0 0 0
206 165 0 1 0 0 0 0 0 0 0 0 0 454 244 3 4 3 1 0 0 0 0 0 0 0
217 176 0 1 0 0 0 0 0 0 0 0 0 457 249 3 4 3 1 0 0 0 0 0 0 0
226 179 0 1 0 0 0 0 0 0 0 0 0 483 260 3 5 3 1 0 0 0 0 0 0 0
229 182 0 1 0 0 0 0 0 0 0 0 0 490 265 3 5 3 1 0 0 0 0 0 0 0
241 191 1 2 0 0 0 0 0 0 0 0 0 498 271 3 5 3 1 0 0 0 0 0 0 0
251 194 1 2 0 0 0 0 0 0 0 0 0 505 276 3 5 3 1 0 0 0 0 0 0 0
269 205 1 2 0 0 0 0 0 0 0 0 0 539 286 3 5 4 1 0 0 0 0 0 0 0
274 213 1 2 0 0 0 0 0 0 0 0 0 558 305 3 5 4 1 0 0 0 0 0 0 0
287 218 1 2 0 0 0 0 0 0 0 0 0 561 308 3 5 4 1 0 0 0 0 0 0 0
295 224 1 2 0 0 0 0 0 0 0 0 0 566 316 3 5 4 1 0 0 0 0 0 0 0
298 227 1 2 0 0 0 0 0 0 0 0 0 595 319 3 5 4 1 0 0 0 0 0 0 0
309 237 1 2 1 0 0 0 0 0 0 0 0 598 322 3 5 4 1 0 0 0 0 0 0 0
318 246 1 2 1 0 0 0 0 0 0 0 0 605 334 3 5 4 1 0 0 0 0 0 0 0
