# scores for worst/random/best/smart move selector strategies. 
# scores are 50% and 95% quantiles (based on 40 games) of: 
# game score, #destroyed, #unlocked, #stripes, #bombs, #zappers
3 3 0 0 0 0 0 0 0 0 0 0 0 12 12 0 0 0 0 0 0 0 0 0 0 0
6 6 0 0 0 0 0 0 0 0 0 0 0 15 15 0 0 0 0 0 0 0 0 0 0 0
9 9 0 0 0 0 0 0 0 0 0 0 0 20 20 0 0 0 0 0 0 0 0 0 0 0
13 13 0 0 0 0 0 0 0 0 0 0 0 29 29 0 0 0 0 0 0 0 0 0 0 0
18 18 0 0 0 0 0 0 0 0 0 0 0 33 33 0 0 0 0 0 0 0 0 0 0 0
22 22 0 0 0 0 0 0 0 0 0 0 0 36 36 0 0 0 0 0 0 0 0 0 0 0
26 26 0 0 0 0 0 0 0 0 0 0 0 57 40 0 0 0 0 0 0 0 0 0 0 0
30 30 0 0 0 0 0 0 0 0 0 0 0 75 43 0 0 0 0 0 0 0 0 0 0 0
33 33 0 0 0 0 0 0 0 0 0 0 0 78 47 0 0 0 0 0 0 0 0 0 0 0
38 38 0 0 0 0 0 0 0 0 0 0 0 84 54 0 1 0 0 0 0 0 0 0 0 0
41 41 0 0 0 0 0 0 0 0 0 0 0 87 57 0 1 0 0 0 0 0 0 0 0 0
44 44 0 0 0 0 0 0 0 0 0 0 0 97 60 0 1 0 0 0 0 0 0 0 0 0
48 48 0 0 0 0 0 0 0 0 0 0 0 101 66 0 1 0 0 0 0 0 0 0 0 0
53 53 0 0 0 0 0 0 0 0 0 0 0 104 69 0 1 0 0 0 0 0 0 0 0 0
57 57 0 0 0 0 0 0 0 0 0 0 0 110 76 0 1 0 0 0 0 0 0 0 0 0
60 60 0 0 0 0 0 0 0 0 0 0 0 113 79 0 1 0 0 0 0 0 0 0 0 0
63 63 0 0 0 0 0 0 0 0 0 0 0 116 82 0 1 0 0 0 0 0 0 0 0 0
68 68 0 0 0 0 0 0 0 0 0 0 0 119 85 0 1 0 0 0 0 0 0 0 0 0
74 73 0 0 0 0 0 0 0 0 0 0 0 125 89 0 1 0 0 0 0 0 0 0 0 0
80 76 0 0 0 0 0 0 0 0 0 0 0 128 96 0 2 0 0 0 0 0 0 0 0 0
86 79 0 0 0 0 0 0 0 0 0 0 0 138 99 0 2 0 0 0 0 0 0 0 0 0
92 83 0 0 0 0 0 0 0 0 0 0 0 156 103 0 2 0 0 0 0 0 0 0 0 0
95 86 0 0 0 0 0 0 0 0 0 0 0 161 106 0 2 0 0 0 0 0 0 0 0 0
100 91 0 0 0 0 0 0 0 0 0 0 0 174 111 0 2 0 0 0 0 0 0 0 0 0
104 96 0 0 0 0 0 0 0 0 0 0 0 177 115 0 3 0 0 0 0 0 0 0 0 0
107 102 0 0 0 0 0 0 0 0 0 0 0 180 119 0 3 0 0 0 0 0 0 0 0 0
111 106 0 0 0 0 0 0 0 0 0 0 0 188 126 0 3 0 0 0 0 0 0 0 0 0
114 109 0 0 0 0 0 0 0 0 0 0 0 199 132 0 3 0 0 0 0 0 0 0 0 0
132 116 0 0 0 0 0 0 0 0 0 0 0 203 135 0 3 0 0 0 0 0 0 0 0 0
139 119 0 1 0 0 0 0 0 0 0 0 0 208 143 0 3 0 0 0 0 0 0 0 0 0
142 122 0 1 0 0 0 0 0 0 0 0 0 217 148 0 3 0 0 0 0 0 0 0 0 0
151 126 0 1 0 0 0 0 0 0 0 0 0 222 152 0 3 0 0 0 0 0 0 0 0 0
160 130 0 1 0 0 0 0 0 0 0 0 0 228 157 0 3 0 0 1 0 0 0 0 0 0
166 134 0 1 0 0 0 0 0 0 0 0 0 231 162 0 3 0 0 1 0 0 0 0 0 0
169 137 0 1 0 0 0 0 0 0 0 0 0 234 166 0 3 0 0 1 0 0 0 0 0 0
172 141 0 1 0 0 0 0 0 0 0 0 0 237 169 0 3 0 0 1 0 0 0 0 0 0
175 144 0 1 0 0 0 0 0 0 0 0 0 250 174 0 4 0 0 1 0 0 0 0 0 0
178 148 0 1 0 0 0 0 0 0 0 0 0 267 185 0 4 1 0 1 0 0 0 0 0 0
184 152 0 1 0 0 0 0 0 0 0 0 0 272 189 0 4 1 0 1 0 0 0 0 0 0
188 156 0 1 0 0 0 0 0 0 0 0 0 291 200 0 4 1 0 1 0 0 0 0 0 0
192 161 0 1 0 0 0 0 0 0 0 0 0 294 203 0 4 1 0 1 0 0 0 0 0 0
