# scores for worst/random/best/smart move selector strategies. 
# scores are 50% and 95% quantiles (based on 40 games) of: 
# game score, #destroyed, #unlocked, #stripes, #bombs, #zappers
3 3 0 0 0 0 0 0 0 0 0 0 0 12 12 0 0 0 0 0 0 0 0 0 0 0
8 8 0 0 0 0 0 0 0 0 0 0 0 18 18 0 0 0 0 0 0 0 0 0 0 0
13 13 0 0 0 0 0 0 0 0 0 0 0 44 28 0 1 0 0 0 0 0 0 0 0 0
21 20 0 0 0 0 0 0 0 0 0 0 0 62 36 0 1 0 0 0 0 0 0 0 0 0
29 26 0 0 0 0 0 0 0 0 0 0 0 102 46 0 1 1 0 0 0 0 0 0 0 0
52 33 0 0 0 0 0 0 0 0 0 0 0 108 53 0 2 1 0 1 0 0 0 0 0 0
65 41 0 1 0 0 0 0 0 0 0 0 0 153 66 0 2 1 0 1 0 0 0 0 0 0
77 46 0 1 0 0 0 0 0 0 0 0 0 165 71 0 2 1 0 1 0 0 0 0 0 0
89 52 0 1 0 0 0 0 0 0 0 0 0 171 79 0 3 1 0 1 0 0 0 0 0 0
117 59 0 1 0 0 0 0 0 0 0 0 0 219 89 0 4 1 1 1 0 0 1 0 0 0
123 65 0 2 0 0 0 0 0 0 0 0 0 232 95 0 4 1 1 1 0 0 1 0 0 0
128 69 0 2 0 0 0 0 0 0 0 0 0 235 100 0 4 1 1 1 0 0 1 0 0 0
137 76 0 2 0 0 0 0 0 0 0 0 0 319 111 0 5 1 1 1 0 0 1 0 0 0
166 84 0 2 0 0 0 0 0 0 0 0 0 349 119 0 5 1 1 1 1 0 1 0 0 0
177 91 0 3 0 0 0 0 0 0 0 0 0 353 124 0 5 1 1 1 1 0 1 0 0 0
195 101 0 3 0 0 0 0 0 0 0 0 0 359 137 0 5 1 1 2 1 0 1 0 0 0
205 108 0 4 0 0 0 0 0 0 0 0 0 362 147 0 5 1 1 2 1 0 1 0 0 0
211 112 0 4 0 0 0 0 0 0 0 0 0 368 154 0 5 1 1 2 1 0 1 0 0 0
224 124 0 4 0 0 0 0 0 0 0 0 0 375 164 0 6 1 1 2 1 0 1 0 0 0
259 133 0 4 0 0 0 0 0 0 0 0 0 385 169 0 6 2 1 2 1 0 1 0 0 0
274 142 0 4 0 0 0 0 0 0 0 0 0 436 175 0 7 2 2 2 1 0 1 0 0 0
285 146 0 5 0 0 0 0 0 0 0 0 0 455 180 0 7 2 2 2 1 0 1 0 0 0
290 153 0 5 0 0 0 0 0 0 0 0 0 494 186 0 7 2 2 2 1 0 1 0 0 0
309 158 0 5 0 0 0 0 0 0 0 0 0 500 198 0 7 2 2 2 1 0 1 0 0 0
342 170 0 6 1 0 1 0 0 0 0 0 0 542 204 0 10 2 2 2 1 0 2 0 0 0
356 176 0 6 1 0 1 0 0 0 0 0 0 547 209 0 10 2 2 2 1 0 2 0 0 0
364 183 0 6 1 0 1 0 0 0 0 0 0 558 213 0 11 2 2 2 1 0 2 0 0 0
377 190 0 6 1 0 1 0 0 0 0 0 0 600 219 0 11 2 2 2 1 0 2 0 0 0
386 194 0 6 1 0 1 0 0 0 0 0 0 660 225 0 11 2 2 2 1 0 2 0 0 0
408 201 0 6 1 0 1 0 0 0 0 0 0 695 236 0 11 2 2 3 1 0 2 0 0 0
431 213 0 7 1 1 1 0 0 0 0 0 0 745 248 0 15 2 2 3 1 0 2 1 0 0
463 221 0 7 1 1 1 0 0 1 0 0 0 791 267 0 19 2 3 3 1 0 2 1 0 0
491 228 0 8 1 1 1 0 0 1 0 0 0 817 283 0 19 2 3 3 1 0 2 1 0 0
495 234 0 8 1 1 1 0 0 1 0 0 0 842 292 0 19 3 3 3 1 0 2 1 0 0
505 242 0 8 1 1 1 0 0 1 0 0 0 887 311 0 20 3 3 3 1 0 3 1 0 0
511 249 0 8 1 1 1 0 0 1 0 0 0 911 320 0 20 3 3 3 1 0 3 1 0 0
525 254 0 9 1 1 1 0 0 1 0 0 0 935 325 0 20 3 3 3 1 0 3 1 0 0
558 264 0 9 1 1 1 0 0 1 0 0 0 949 334 0 20 3 3 3 1 0 3 1 0 0
593 271 0 9 1 1 1 0 0 1 0 0 0 969 359 0 20 3 3 3 1 0 3 1 0 0
607 279 0 9 1 1 1 0 0 1 0 0 0 974 363 1 22 3 3 3 1 0 3 1 0 0
625 285 0 9 1 1 1 0 0 1 0 0 0 991 374 1 22 3 3 3 1 0 3 1 0 0
