# scores for worst/random/best/smart move selector strategies. 
# scores are 50% and 95% quantiles (based on 40 games) of: 
# game score, #destroyed, #unlocked, #stripes, #bombs, #zappers
0 0 0 0 0 0 0 0 0 0 0 0 0 15 15 0 0 0 0 0 0 0 0 0 0 0
6 6 0 0 0 0 0 0 0 0 0 0 0 21 21 0 0 0 0 0 0 0 0 0 0 0
9 9 0 0 0 0 0 0 0 0 0 0 0 27 27 0 0 0 0 0 0 0 0 0 0 0
12 12 0 0 0 0 0 0 0 0 0 0 0 57 35 1 0 0 0 0 0 0 0 0 0 0
18 18 0 0 0 0 0 0 0 0 0 0 0 86 44 4 2 0 0 0 0 0 0 0 0 0
24 23 0 0 0 0 0 0 0 0 0 0 0 89 50 4 2 0 0 0 0 0 0 0 0 0
28 27 0 0 0 0 0 0 0 0 0 0 0 96 54 4 2 0 0 0 0 0 0 0 0 0
33 31 0 0 0 0 0 0 0 0 0 0 0 107 61 4 2 0 0 1 0 0 0 0 0 0
38 36 0 0 0 0 0 0 0 0 0 0 0 110 68 4 2 0 0 1 0 0 0 0 0 0
42 40 0 0 0 0 0 0 0 0 0 0 0 117 72 4 2 0 0 1 0 0 0 0 0 0
49 45 0 0 0 0 0 0 0 0 0 0 0 141 80 4 2 0 0 1 0 0 0 0 0 0
56 51 0 0 0 0 0 0 0 0 0 0 0 151 86 4 2 0 0 1 0 0 0 0 0 0
67 57 0 0 0 0 0 0 0 0 0 0 0 160 92 5 3 0 0 1 0 0 0 0 0 0
85 62 0 0 0 0 0 0 0 0 0 0 0 165 95 5 3 0 0 1 0 0 0 0 0 0
89 70 0 0 0 0 0 0 0 0 0 0 0 168 101 5 3 0 0 1 0 0 0 0 0 0
94 75 0 0 0 0 0 0 0 0 0 0 0 210 108 7 3 1 0 1 0 0 0 0 0 0
102 82 0 1 0 0 0 0 0 0 0 0 0 229 118 8 3 1 0 1 0 0 0 0 0 0
113 89 0 1 0 0 0 0 0 0 0 0 0 244 127 8 4 1 1 1 0 0 1 0 0 0
117 93 0 1 0 0 0 0 0 0 0 0 0 266 131 9 4 1 1 1 0 0 1 0 0 0
153 100 1 1 0 0 0 0 0 0 0 0 0 303 142 9 4 1 1 1 0 0 1 0 0 0
169 110 1 1 0 0 0 0 0 0 0 0 0 311 148 9 4 1 1 1 0 0 1 0 0 0
179 113 1 2 0 0 0 0 0 0 0 0 0 347 158 9 4 1 1 1 0 0 1 0 0 0
189 116 2 2 0 0 0 0 0 0 0 0 0 384 167 9 5 1 1 1 0 0 1 0 0 0
193 121 2 2 0 0 0 0 0 0 0 0 0 439 186 9 5 1 1 1 0 0 1 0 0 0
198 126 2 2 0 0 0 0 0 0 0 0 0 443 195 9 5 1 1 1 0 0 1 0 0 0
208 138 2 2 0 0 0 0 0 0 0 0 0 449 204 9 5 2 2 1 0 0 1 0 0 0
213 143 2 2 0 0 0 0 0 0 0 0 0 462 208 9 7 2 2 1 0 0 1 0 0 0
244 150 2 2 0 0 0 0 0 0 0 0 0 490 217 9 7 2 2 1 0 0 1 0 0 0
266 158 2 2 0 0 0 0 0 0 0 0 0 526 232 11 8 2 2 1 0 0 1 0 0 0
279 165 2 3 0 0 0 0 0 0 0 0 0 532 238 11 8 2 2 1 0 0 1 0 0 0
292 172 3 4 0 0 0 0 0 0 0 0 0 543 244 11 8 2 2 2 0 0 1 0 0 0
311 182 4 4 0 0 0 0 0 0 0 0 0 548 248 12 8 2 2 2 1 0 1 0 0 0
321 189 4 4 0 0 0 0 0 0 0 0 0 551 254 12 9 2 2 2 1 0 1 0 0 0
338 199 4 4 0 0 0 0 0 0 0 0 0 610 272 14 11 2 2 2 1 0 2 0 0 0
355 207 4 4 0 0 0 0 0 0 0 0 0 687 286 14 11 2 2 2 1 0 2 0 0 0
360 212 4 4 0 0 0 0 0 0 0 0 0 747 292 14 14 2 2 2 1 0 2 0 0 0
396 219 4 5 0 0 0 0 0 0 0 0 0 791 311 14 14 3 2 2 1 0 2 0 0 0
401 227 4 5 0 0 0 0 0 0 0 0 0 805 317 14 14 3 2 2 1 0 2 0 0 0
412 231 5 5 0 0 0 0 0 0 0 0 0 865 323 14 18 3 2 2 1 0 2 0 0 0
415 237 5 5 0 0 0 0 0 0 0 0 0 886 337 14 18 3 2 2 1 0 2 0 0 0
421 241 5 5 0 0 1 0 0 0 0 0 0 901 340 14 18 3 2 2 1 0 2 0 0 0
