# scores for worst/random/best/smart move selector strategies. 
# scores are 50% and 95% quantiles (based on 40 games) of: 
# game score, #destroyed, #unlocked, #stripes, #bombs, #zappers
0 0 0 0 0 0 0 0 0 0 0 0 0 15 15 0 0 0 0 0 0 0 0 0 0 0
6 6 0 0 0 0 0 0 0 0 0 0 0 20 20 0 0 0 0 0 0 0 0 0 0 0
9 9 0 0 0 0 0 0 0 0 0 0 0 26 26 0 0 0 0 0 0 0 0 0 0 0
12 12 0 0 0 0 0 0 0 0 0 0 0 50 32 2 1 0 0 0 0 0 0 0 0 0
18 18 0 0 0 0 0 0 0 0 0 0 0 74 41 2 1 0 0 0 0 0 0 0 0 0
24 24 0 0 0 0 0 0 0 0 0 0 0 84 49 3 1 0 0 0 0 0 0 0 0 0
27 27 0 0 0 0 0 0 0 0 0 0 0 100 62 5 2 0 0 0 0 0 0 0 0 0
34 33 0 0 0 0 0 0 0 0 0 0 0 126 68 6 2 0 0 0 0 0 0 0 0 0
46 39 0 0 0 0 0 0 0 0 0 0 0 141 71 6 2 0 0 0 0 0 0 0 0 0
61 46 0 0 0 0 0 0 0 0 0 0 0 173 82 6 3 0 0 1 0 0 0 0 0 0
75 54 1 1 0 0 0 0 0 0 0 0 0 203 99 10 3 1 1 1 0 0 1 0 0 0
98 61 2 1 0 0 0 0 0 0 0 0 0 218 105 14 3 1 1 1 1 0 1 0 0 0
108 68 2 1 0 0 0 0 0 0 0 0 0 254 115 14 4 1 1 1 1 0 1 0 0 0
133 74 2 2 0 0 0 0 0 0 0 0 0 302 129 14 4 1 1 1 1 0 1 0 0 0
145 81 2 2 0 0 0 0 0 0 0 0 0 311 137 14 4 1 1 1 1 0 1 0 0 0
156 91 2 2 0 0 0 0 0 0 0 0 0 369 148 15 4 1 1 1 1 0 1 0 0 0
161 98 2 2 0 0 0 0 0 0 0 0 0 375 158 15 4 1 1 1 1 0 1 0 0 0
186 110 3 2 0 0 0 0 0 0 0 0 0 391 164 15 5 2 1 1 1 0 1 0 0 0
191 116 3 2 0 0 0 0 0 0 0 0 0 510 171 15 5 2 1 1 1 0 1 0 0 0
199 125 3 2 0 0 0 0 0 0 0 0 0 515 183 15 6 2 1 1 1 0 1 0 0 0
235 141 3 3 0 0 0 0 0 0 0 0 0 523 190 15 6 2 1 1 1 0 1 0 0 0
268 152 3 3 0 0 0 0 0 0 0 0 0 593 215 18 7 3 2 1 1 0 2 0 0 0
288 160 3 3 0 0 0 0 0 0 0 0 0 617 229 21 7 3 2 1 1 0 2 0 0 0
304 168 3 3 0 0 0 0 0 0 0 0 0 660 241 21 7 3 2 1 1 0 2 0 0 0
348 176 4 3 0 0 0 0 0 0 0 0 0 664 253 21 7 3 2 1 1 0 2 0 0 0
384 191 5 4 1 0 0 0 0 0 0 0 0 682 266 21 8 3 2 1 1 0 2 0 0 0
400 197 5 4 1 0 0 0 0 0 0 0 0 731 274 21 9 3 2 1 1 0 2 0 0 0
432 204 5 4 1 0 0 0 0 0 0 0 0 788 296 21 9 3 2 2 1 0 2 0 0 0
448 221 6 6 1 1 0 0 0 1 0 0 0 809 305 21 10 3 2 2 1 0 2 0 0 0
502 234 7 6 1 1 0 0 0 1 0 0 0 813 312 21 10 4 3 2 1 0 2 0 0 0
527 251 7 7 1 1 0 0 0 1 0 0 0 838 323 21 11 4 3 2 1 0 2 0 0 0
547 259 7 7 1 1 1 0 0 1 0 0 0 896 330 21 12 4 3 2 1 0 2 0 0 0
584 269 8 8 1 1 1 0 0 1 0 0 0 959 337 21 14 4 3 2 1 0 2 0 0 0
603 278 8 8 1 1 1 0 0 1 0 0 0 963 341 21 14 4 3 2 2 0 2 0 0 0
613 287 8 8 1 1 1 0 0 1 0 0 0 970 353 21 15 5 3 2 2 0 3 0 0 0
632 302 9 8 1 1 1 0 0 1 0 0 0 1004 366 21 15 5 3 2 2 0 3 0 0 0
685 314 9 8 1 1 1 0 0 1 0 0 0 1048 386 21 15 5 3 2 2 0 3 0 0 0
711 324 9 9 2 1 1 0 0 1 0 0 0 1055 391 21 16 5 3 2 2 0 3 0 0 0
725 338 9 9 2 1 1 0 0 1 0 0 0 1101 402 21 17 5 3 2 2 0 3 0 0 0
755 346 9 9 2 1 1 0 0 1 0 0 0 1108 408 21 17 5 3 2 2 0 3 0 0 0
793 362 9 10 2 1 1 0 0 1 0 0 0 1115 416 21 17 8 3 2 2 0 3 0 0 0
