# scores for worst/random/best/smart move selector strategies. 
# scores are 50% and 95% quantiles (based on 40 games) of: 
# game score, #destroyed, #unlocked, #stripes, #bombs, #zappers
9 9 0 0 0 0 0 0 0 0 0 0 0 74 55 0 0 0 0 0 0 0 0 0 0 0
21 21 0 0 0 0 0 0 0 0 0 0 0 458 184 0 3 4 1 0 0 0 1 0 0 0
87 50 0 0 0 0 0 0 0 0 0 0 0 678 267 3 6 4 2 1 1 0 1 0 0 0
223 93 0 2 0 0 0 0 0 0 0 0 0 1187 369 5 12 14 3 1 1 1 2 0 0 0
398 161 0 4 2 0 0 0 0 0 0 0 0 1791 512 8 31 22 5 1 1 1 2 1 1 0
656 242 1 5 3 1 0 0 0 0 0 0 0 2929 829 8 44 40 10 1 1 1 2 1 1 0
1174 315 1 7 6 2 0 0 0 1 0 0 0 4295 1153 11 48 48 13 1 1 1 3 1 2 1
1391 388 1 10 9 3 0 0 0 1 0 0 0 4936 1222 11 49 53 15 1 1 1 3 1 2 1
1851 468 1 13 14 5 0 0 0 1 0 0 0 6052 1367 11 52 68 19 2 1 1 3 2 2 1
2029 552 1 15 17 6 0 0 0 1 0 0 0 6585 1449 11 55 70 21 2 1 1 4 2 2 1
2625 667 1 19 22 6 0 0 0 2 0 0 0 7297 1658 11 62 75 24 2 2 2 4 2 2 1
3023 727 1 29 28 8 0 1 0 2 1 0 0 7411 1721 11 66 78 24 2 2 2 5 2 2 1
3525 850 1 35 30 9 0 1 0 2 1 0 0 7508 1838 11 72 82 25 2 2 2 5 2 2 1
3806 956 1 39 32 9 0 1 0 2 1 0 0 7880 1898 11 80 82 26 2 2 2 5 2 2 1
4292 1076 1 44 40 11 1 1 0 3 1 1 0 8527 2078 11 90 89 27 2 2 2 5 3 3 1
4599 1164 1 46 47 12 1 1 0 3 1 1 0 8829 2150 11 91 89 28 2 2 2 5 3 3 1
4864 1225 1 46 50 12 1 1 0 3 1 1 0 9361 2247 11 95 100 29 2 3 2 6 3 3 2
5060 1257 1 48 52 13 1 1 0 3 1 1 0 9447 2361 11 109 100 29 2 3 2 6 3 3 2
5800 1357 1 50 58 13 1 1 0 4 1 1 0 9880 2513 11 122 103 29 2 3 2 6 4 3 2
6043 1472 1 57 60 15 1 1 0 4 1 1 0 10285 2569 11 126 118 29 2 3 2 7 4 3 2
6390 1539 1 60 63 16 1 1 0 4 1 1 0 10658 2661 11 127 122 29 2 3 2 7 4 3 2
6551 1588 1 61 65 17 1 1 0 4 1 1 0 10770 2711 11 131 122 32 3 3 2 7 4 3 2
7036 1687 1 63 67 17 1 1 0 4 1 1 0 11144 2782 11 137 124 33 3 3 2 7 4 3 2
7442 1931 1 71 73 19 1 1 0 5 1 1 0 11373 2858 11 145 128 34 3 3 2 8 4 3 2
7849 2013 1 71 77 19 1 1 1 5 1 2 0 12213 3118 11 149 129 36 3 3 2 8 4 3 2
8368 2072 1 77 82 20 1 1 1 5 1 2 0 13320 3176 11 150 139 38 3 3 3 9 4 4 2
8576 2140 1 78 91 22 1 1 1 5 1 2 0 13894 3262 11 162 153 40 3 4 3 9 4 4 2
8992 2276 1 81 93 23 1 2 1 5 1 2 0 13959 3348 11 162 154 41 3 4 3 9 4 4 2
9701 2361 1 81 93 25 1 2 1 6 1 2 1 14340 3454 11 166 157 42 3 4 3 9 4 4 2
9967 2471 1 85 99 27 1 2 1 6 1 2 1 14688 3599 11 167 163 43 3 4 3 10 4 4 2
10190 2575 1 89 100 27 1 2 1 6 1 2 1 15850 3770 11 176 164 46 3 4 3 10 4 4 2
10411 2637 1 94 108 28 1 2 1 6 2 2 1 16575 3917 11 177 173 49 3 4 4 11 4 5 2
10904 2729 1 97 110 29 1 2 1 7 2 2 1 17282 4134 11 180 174 51 3 4 4 11 4 5 3
11485 2853 1 103 113 30 1 2 1 7 2 3 1 17710 4275 11 190 178 52 3 4 4 12 5 5 3
11825 2995 1 108 116 32 1 2 1 7 2 3 1 18575 4312 11 199 188 53 3 4 4 12 5 5 3
12364 3102 1 113 118 34 1 2 2 7 2 3 1 18995 4450 11 202 195 53 3 4 4 12 5 5 3
12941 3151 1 116 120 34 1 2 2 7 2 3 1 19197 4517 11 207 195 56 3 5 5 13 5 5 3
13184 3276 1 119 122 35 1 2 2 8 2 3 1 19359 4616 11 213 196 56 3 5 5 14 5 5 3
13612 3328 1 121 124 36 1 2 2 8 2 3 1 19986 4782 11 215 198 58 3 5 5 14 6 5 3
14088 3490 1 126 128 38 1 2 2 8 2 3 1 20231 4849 11 216 199 59 3 5 5 15 6 5 3
14493 3586 1 130 135 39 2 3 2 8 2 3 1 20814 5081 11 218 202 61 3 5 5 15 6 5 3
