# scores for worst/random/best/smart move selector strategies. 
# scores are 50% and 95% quantiles (based on 40 games) of: 
# game score, #destroyed, #unlocked, #stripes, #bombs, #zappers
9 9 0 0 0 0 0 0 0 0 0 0 0 74 55 0 0 0 0 0 0 0 0 0 0 0
14 14 0 0 0 0 0 0 0 0 0 0 0 173 90 0 2 1 0 0 0 0 0 0 0 0
24 23 0 0 0 0 0 0 0 0 0 0 0 315 146 1 3 2 0 0 0 0 0 0 0 0
35 30 0 0 0 0 0 0 0 0 0 0 0 622 220 2 4 4 1 0 0 0 0 0 0 0
49 42 0 0 0 0 0 0 0 0 0 0 0 1499 518 2 11 10 6 0 0 0 1 0 0 0
81 72 0 1 0 0 0 0 0 0 0 0 0 1532 546 2 12 12 6 0 0 0 1 0 0 0
129 92 0 2 0 0 0 0 0 0 0 0 0 2469 709 2 16 23 7 0 0 0 1 0 0 0
264 145 0 2 1 0 0 0 0 0 0 0 0 2709 778 3 17 23 8 0 0 0 1 0 0 0
479 213 0 3 4 0 0 0 0 0 0 0 0 2930 806 4 19 28 8 0 0 0 1 0 0 0
557 247 0 5 5 0 0 0 0 0 0 0 0 2937 890 4 20 28 9 0 0 0 2 0 0 0
588 285 0 6 5 1 0 0 0 0 0 0 0 3372 1057 4 23 28 10 0 0 0 2 0 0 0
652 307 1 6 5 1 0 0 0 0 0 0 0 3772 1160 5 31 32 11 0 0 0 2 0 0 0
698 310 1 7 5 1 0 0 0 0 0 0 0 3882 1226 5 31 32 11 0 1 0 2 0 0 0
849 344 1 8 7 1 0 0 0 0 0 0 0 4604 1437 5 35 36 14 0 1 0 2 0 0 0
1163 416 1 11 8 1 0 0 0 0 0 0 0 4611 1442 5 35 36 14 0 1 0 2 0 0 0
1217 468 1 11 8 1 0 0 0 0 0 0 0 4647 1449 5 35 36 15 0 1 0 2 0 0 0
1237 484 1 11 8 1 0 0 0 0 0 0 0 5073 1573 5 40 41 16 0 1 0 2 0 0 0
1301 530 1 12 9 1 0 0 0 0 0 0 0 5119 1587 5 40 42 16 0 1 0 2 0 0 0
1549 595 1 14 10 3 0 0 0 0 0 0 0 5353 1762 5 41 42 17 0 1 0 2 0 0 0
1850 664 1 15 13 4 0 0 0 0 0 0 0 5660 1838 5 44 45 18 0 1 0 3 0 0 0
1960 715 1 17 16 4 0 0 0 1 0 0 0 5896 1910 5 48 48 18 0 1 0 3 1 0 0
2147 777 1 18 16 5 0 0 0 1 0 0 0 6444 2017 5 51 54 19 0 1 0 3 1 0 0
2216 811 1 18 17 6 0 0 0 1 0 0 0 6469 2040 5 51 54 19 0 1 0 3 1 0 0
2360 849 1 19 18 7 0 0 0 1 0 0 0 6680 2138 5 51 56 20 1 1 0 3 1 0 0
2618 961 1 21 18 7 0 0 0 1 0 0 0 6913 2243 5 54 58 20 1 1 0 3 1 0 0
2635 971 1 21 19 7 0 0 0 1 0 0 0 7080 2291 5 54 60 21 1 1 0 3 1 0 0
2879 1003 1 22 22 8 0 0 0 1 0 0 0 7098 2314 5 55 60 21 1 1 0 4 1 0 0
2936 1048 1 23 23 8 0 0 0 1 0 0 0 7207 2323 5 56 61 21 1 1 0 4 1 0 0
3082 1108 1 25 24 10 0 0 0 1 0 0 0 7461 2390 5 57 63 22 1 1 0 4 1 0 0
3225 1171 1 27 25 10 0 0 0 1 0 0 0 7464 2394 5 57 66 24 1 1 0 4 1 0 0
3228 1211 1 28 25 11 0 0 0 1 0 0 0 7471 2408 5 57 66 25 1 1 0 4 1 0 0
3954 1281 1 29 28 11 0 0 0 2 0 0 0 7950 2440 5 60 70 25 1 1 0 4 1 1 0
3968 1323 1 31 29 12 0 0 0 2 0 0 0 8018 2469 5 60 72 25 1 1 0 4 1 1 0
4168 1458 1 34 31 12 0 0 0 2 0 0 0 8184 2500 5 60 72 28 1 1 0 4 1 1 0
4528 1503 1 36 31 13 0 0 0 2 0 0 0 8519 2641 5 63 72 28 1 1 0 4 1 1 0
4758 1575 1 38 33 13 0 0 0 2 0 0 0 8524 2664 5 66 72 28 1 1 0 4 1 1 0
4845 1593 1 38 36 13 0 0 0 2 0 0 0 8691 2785 5 66 73 31 1 1 0 4 1 1 0
4860 1660 1 40 36 14 0 0 0 2 0 0 0 8695 2789 5 66 78 33 1 1 0 4 1 1 0
4877 1674 1 41 36 14 0 0 0 2 0 0 0 8891 2853 5 69 79 33 1 1 0 4 1 1 0
5087 1711 1 44 38 15 0 0 0 2 0 0 0 8995 2886 5 69 81 33 1 1 0 4 1 1 0
5124 1735 1 44 38 15 0 0 0 2 0 0 0 9023 2896 5 70 81 34 1 1 0 4 1 1 0
