# scores for worst/random/best/smart move selector strategies. 
# scores are 50% and 95% quantiles (based on 40 games) of: 
# game score, #destroyed, #unlocked, #stripes, #bombs, #zappers
9 9 0 0 0 0 0 0 0 0 0 0 0 74 55 0 0 0 0 0 0 0 0 0 0 0
24 23 0 0 0 0 0 0 0 0 0 0 0 558 188 1 4 5 1 0 0 0 1 0 0 0
135 61 0 1 0 0 0 0 0 0 0 0 0 929 342 3 9 7 2 1 0 0 1 0 0 0
408 151 1 3 3 1 0 0 0 0 0 0 0 1760 431 9 13 25 4 1 1 1 2 0 1 0
672 257 1 6 5 1 0 0 0 1 0 0 0 2507 681 10 31 35 7 1 1 1 2 1 1 0
1310 357 1 9 8 2 0 0 0 1 0 0 0 2880 748 12 37 39 9 1 1 1 2 1 1 0
1732 489 1 12 14 3 0 0 0 1 0 0 0 3627 945 12 46 43 12 1 1 1 3 2 1 0
2196 624 1 16 18 4 0 0 0 2 0 0 0 4709 1029 12 51 61 14 1 1 1 3 2 2 1
2840 765 1 22 29 7 0 0 0 2 0 1 0 5415 1286 12 59 67 17 1 2 1 3 2 2 1
3438 854 1 23 36 7 0 0 0 2 0 1 0 6022 1464 12 62 72 18 1 2 1 4 2 2 1
3964 987 1 33 44 9 0 0 0 2 0 1 0 6786 1693 12 65 76 21 1 2 1 4 2 2 1
4461 1105 1 38 47 10 0 0 0 3 1 1 0 7335 1878 12 69 83 26 1 2 1 5 2 2 1
4829 1183 1 44 52 11 0 0 0 3 1 1 0 8063 1972 12 82 85 27 1 2 2 6 2 2 1
5515 1374 1 48 56 13 0 1 0 3 1 1 0 8488 2207 12 85 96 30 1 2 2 6 2 3 1
5884 1553 1 52 58 14 0 1 0 3 1 1 0 8989 2423 12 91 96 32 1 2 2 6 2 3 1
6498 1687 1 56 62 16 0 1 0 4 1 1 0 9541 2593 12 94 109 35 1 2 2 7 3 3 1
7043 1852 1 57 67 18 0 1 0 4 1 1 0 10076 2791 12 96 124 38 1 2 2 7 3 4 1
7531 2001 1 61 74 19 0 1 1 4 1 1 0 11904 2996 12 110 127 38 1 2 2 7 3 4 1
7787 2072 1 64 79 20 0 1 1 4 1 1 0 12852 3064 12 128 135 39 1 2 2 7 4 4 1
8005 2148 1 68 83 20 0 1 1 5 1 2 0 13333 3146 12 129 137 39 1 3 2 8 4 4 1
8659 2217 1 69 92 22 0 1 1 5 1 2 0 13443 3188 12 132 140 39 1 3 3 8 4 4 1
9252 2335 1 76 100 23 0 1 1 6 1 2 0 13603 3344 12 141 142 40 1 3 3 8 4 4 1
9544 2441 1 79 105 24 0 1 1 6 1 2 0 14270 3562 12 143 158 43 1 3 3 8 4 4 1
9946 2632 1 81 107 27 0 1 1 6 1 2 0 14856 3783 12 158 160 48 2 3 3 9 4 4 1
10739 2887 1 84 110 28 0 1 1 7 1 2 0 16174 4033 12 162 165 51 2 3 3 10 4 4 2
11215 3015 1 89 112 30 0 1 1 7 1 2 0 16889 4100 12 163 180 53 2 3 3 10 4 4 2
11843 3143 1 94 119 32 0 1 1 7 1 2 0 17594 4273 12 163 193 55 2 3 3 10 4 4 2
12528 3251 1 97 125 32 0 1 1 7 1 3 0 18553 4371 12 176 196 55 2 4 3 10 5 5 2
12685 3325 1 104 133 34 0 1 1 8 1 3 0 18873 4456 12 184 198 56 2 4 3 11 5 5 2
13151 3428 1 106 138 35 0 2 1 8 1 3 0 18995 4539 12 184 205 57 2 4 3 11 5 5 2
13942 3531 1 115 141 37 1 2 1 8 2 3 0 19050 4727 12 185 206 58 2 4 3 12 5 5 2
14595 3729 1 117 151 39 1 2 1 8 2 3 0 19619 5026 12 187 210 61 2 4 4 12 5 6 2
15128 3853 1 122 159 40 1 2 1 9 2 3 0 19768 5135 12 196 213 62 2 4 4 13 5 6 2
15541 4003 1 128 160 41 1 2 1 9 2 3 0 20269 5274 12 199 217 66 2 4 4 13 6 6 2
15932 4103 1 129 161 43 1 2 1 9 2 3 1 21151 5471 12 215 226 68 2 4 4 14 6 6 2
16427 4228 1 140 168 44 1 2 1 9 3 3 1 21946 5627 12 227 241 71 2 5 4 14 6 6 2
16863 4328 1 147 173 45 1 2 1 9 3 3 1 22209 5687 12 241 244 71 2 5 4 14 7 6 2
16990 4422 1 147 184 46 1 2 1 10 3 4 1 23628 6011 12 241 250 72 2 5 4 14 7 6 2
17647 4553 1 154 186 47 1 2 1 11 3 4 1 24219 6152 12 247 257 73 2 5 4 14 7 6 2
18816 4732 1 163 192 50 1 2 2 11 3 4 1 25093 6292 12 250 260 74 2 5 5 15 7 6 2
19133 4813 1 165 193 52 1 2 2 11 3 4 1 25336 6344 12 251 261 74 2 5 5 15 7 6 2
