# scores for worst/random/best/smart move selector strategies. 
# scores are 50% and 95% quantiles (based on 40 games) of: 
# game score, #destroyed, #unlocked, #stripes, #bombs, #zappers
0 0 0 0 0 0 0 0 0 0 0 0 0 6 6 0 0 0 0 0 0 0 0 0 0 0
3 3 0 0 0 0 0 0 0 0 0 0 0 13 13 0 0 0 0 0 0 0 0 0 0 0
9 9 0 0 0 0 0 0 0 0 0 0 0 18 18 0 0 0 0 0 0 0 0 0 0 0
14 14 0 0 0 0 0 0 0 0 0 0 0 49 30 0 1 0 0 0 0 0 0 0 0 0
18 18 0 0 0 0 0 0 0 0 0 0 0 58 38 0 1 0 0 0 0 0 0 0 0 0
24 24 0 0 0 0 0 0 0 0 0 0 0 61 41 0 1 0 0 0 0 0 0 0 0 0
30 27 0 0 0 0 0 0 0 0 0 0 0 73 46 4 2 0 0 1 0 0 0 0 0 0
35 33 0 0 0 0 0 0 0 0 0 0 0 78 50 4 2 0 0 1 0 0 0 0 0 0
38 36 0 0 0 0 0 0 0 0 0 0 0 86 54 4 2 0 0 1 0 0 0 0 0 0
43 39 0 0 0 0 0 0 0 0 0 0 0 92 57 5 2 0 0 1 0 0 0 0 0 0
51 45 0 0 0 0 0 0 0 0 0 0 0 112 65 7 2 0 0 1 0 0 0 0 0 0
59 51 0 0 0 0 0 0 0 0 0 0 0 137 78 11 2 0 0 1 0 0 0 0 0 0
66 55 0 0 0 0 0 0 0 0 0 0 0 161 81 11 3 0 0 1 0 0 0 0 0 0
79 65 0 0 0 0 0 0 0 0 0 0 0 168 87 12 3 0 0 1 0 0 0 0 0 0
86 72 0 1 0 0 0 0 0 0 0 0 0 174 90 12 3 0 1 1 0 0 1 0 0 0
114 78 0 1 0 0 0 0 0 0 0 0 0 190 106 14 4 0 1 1 0 0 1 0 0 0
119 84 0 1 0 0 0 0 0 0 0 0 0 233 115 14 5 0 1 1 0 0 1 0 0 0
127 89 0 1 0 0 0 0 0 0 0 0 0 262 129 14 5 1 1 1 0 0 1 0 0 0
139 95 1 2 0 0 0 0 0 0 0 0 0 267 138 15 6 1 1 1 1 0 1 0 0 0
160 104 3 2 0 0 0 0 0 0 0 0 0 272 142 17 6 1 1 1 1 0 1 0 0 0
175 111 3 2 0 0 0 0 0 0 0 0 0 297 149 17 6 1 1 1 1 0 1 0 0 0
194 118 4 3 0 0 0 0 0 0 0 0 0 331 163 17 6 1 1 1 1 0 1 0 0 0
205 126 4 3 0 0 0 0 0 0 0 0 0 350 170 17 6 1 1 1 1 0 1 0 0 0
208 131 4 3 0 0 0 0 0 0 0 0 0 360 175 17 6 1 1 2 1 0 1 0 0 0
243 142 6 3 0 0 0 0 0 0 0 0 0 366 184 17 6 1 1 2 1 0 1 0 0 0
263 149 6 4 0 0 0 0 0 0 0 0 0 374 198 18 6 1 1 2 1 0 1 0 0 0
272 154 6 4 0 0 0 0 0 0 0 0 0 431 202 18 8 1 1 2 1 0 1 0 0 0
283 159 6 5 0 0 0 0 0 0 0 0 0 559 215 18 8 1 1 2 1 0 1 0 0 0
290 165 6 5 0 0 0 0 0 0 0 0 0 566 224 18 8 1 1 2 1 0 1 0 0 0
307 172 6 5 0 0 0 0 0 0 0 0 0 579 229 18 9 1 1 2 1 0 1 0 0 0
322 182 6 5 0 0 0 0 0 0 0 0 0 582 237 18 9 1 1 2 1 0 1 0 0 0
328 185 6 5 0 0 0 0 0 0 0 0 0 586 244 18 9 1 1 2 1 0 1 0 0 0
344 194 7 5 0 0 0 0 0 0 0 0 0 593 252 18 10 2 1 2 1 0 1 0 0 0
378 203 8 6 0 0 0 0 0 0 0 0 0 601 260 19 11 2 2 2 1 0 2 0 0 0
385 210 8 6 0 0 0 0 0 0 0 0 0 623 282 19 11 2 2 2 1 0 2 0 0 0
409 219 8 6 0 0 1 0 0 0 0 0 0 666 289 19 11 2 2 2 1 0 2 0 0 0
416 225 8 6 0 0 1 0 0 0 0 0 0 672 294 19 11 2 2 2 1 0 2 0 0 0
428 230 8 7 0 0 1 0 0 0 0 0 0 677 299 19 11 2 2 3 1 0 2 0 0 0
434 237 8 7 0 0 1 0 0 0 0 0 0 707 313 19 11 2 2 3 1 0 2 0 0 0
463 250 8 7 0 0 1 0 0 0 0 0 0 714 318 20 12 2 2 3 1 0 2 1 0 0
474 253 8 7 0 0 1 0 0 0 0 0 0 752 331 20 13 2 2 3 1 0 2 1 0 0
