# scores for worst/random/best/smart move selector strategies. 
# scores are 50% and 95% quantiles (based on 40 games) of: 
# game score, #destroyed, #unlocked, #stripes, #bombs, #zappers
0 0 0 0 0 0 0 0 0 0 0 0 0 6 6 0 0 0 0 0 0 0 0 0 0 0
3 3 0 0 0 0 0 0 0 0 0 0 0 10 10 0 0 0 0 0 0 0 0 0 0 0
9 9 0 0 0 0 0 0 0 0 0 0 0 14 14 0 0 0 0 0 0 0 0 0 0 0
12 12 0 0 0 0 0 0 0 0 0 0 0 21 21 0 0 0 0 0 0 0 0 0 0 0
18 18 0 0 0 0 0 0 0 0 0 0 0 37 30 0 0 0 0 0 0 0 0 0 0 0
22 22 0 0 0 0 0 0 0 0 0 0 0 41 36 0 0 0 0 0 0 0 0 0 0 0
27 27 0 0 0 0 0 0 0 0 0 0 0 55 45 0 0 0 0 0 0 0 0 0 0 0
32 32 0 0 0 0 0 0 0 0 0 0 0 71 51 1 1 0 0 0 0 0 0 0 0 0
36 36 0 0 0 0 0 0 0 0 0 0 0 87 59 1 1 0 0 0 0 0 0 0 0 0
42 42 0 0 0 0 0 0 0 0 0 0 0 93 67 2 1 0 0 0 0 0 0 0 0 0
47 47 0 0 0 0 0 0 0 0 0 0 0 115 74 3 1 1 0 0 0 0 0 0 0 0
53 51 0 0 0 0 0 0 0 0 0 0 0 134 79 3 1 1 0 0 0 0 0 0 0 0
60 57 0 0 0 0 0 0 0 0 0 0 0 137 83 12 1 1 0 0 0 0 0 0 0 0
77 63 0 0 0 0 0 0 0 0 0 0 0 146 92 12 1 1 0 0 0 0 0 0 0 0
85 68 0 0 0 0 0 0 0 0 0 0 0 149 95 12 1 1 0 0 0 0 0 0 0 0
90 72 0 0 0 0 0 0 0 0 0 0 0 155 105 12 1 1 0 0 0 0 0 0 0 0
93 76 0 0 0 0 0 0 0 0 0 0 0 168 110 12 2 1 0 0 0 0 0 0 0 0
96 81 0 0 0 0 0 0 0 0 0 0 0 194 119 12 2 1 0 0 0 0 0 0 0 0
104 85 0 0 0 0 0 0 0 0 0 0 0 198 122 14 2 1 0 0 0 0 0 0 0 0
114 91 0 0 0 0 0 0 0 0 0 0 0 201 126 14 2 1 0 0 0 0 0 0 0 0
121 96 0 1 0 0 0 0 0 0 0 0 0 224 139 14 2 1 0 0 0 0 0 0 0 0
124 100 0 1 0 0 0 0 0 0 0 0 0 234 149 14 2 1 0 0 0 0 0 0 0 0
135 107 0 1 0 0 0 0 0 0 0 0 0 237 153 14 2 1 0 0 0 0 0 0 0 0
138 112 0 1 0 0 0 0 0 0 0 0 0 273 162 15 3 1 0 0 0 0 0 0 0 0
152 116 0 1 0 0 0 0 0 0 0 0 0 298 175 15 3 1 0 0 1 0 0 0 0 0
165 125 0 1 0 0 0 0 0 0 0 0 0 304 178 15 3 1 0 0 1 0 0 0 0 0
168 134 0 1 0 0 0 0 0 0 0 0 0 307 184 15 3 1 1 0 1 0 1 0 0 0
176 139 0 1 0 0 0 0 0 0 0 0 0 310 190 15 3 1 1 0 1 0 1 0 0 0
184 144 0 1 0 0 0 0 0 0 0 0 0 329 196 15 3 1 1 0 1 0 1 0 0 0
192 148 0 1 0 0 0 0 0 0 0 0 0 358 207 15 4 2 1 0 1 0 1 0 0 0
205 154 0 1 0 0 0 0 0 0 0 0 0 361 210 15 4 2 1 0 1 0 1 0 0 0
208 159 1 1 0 0 0 0 0 0 0 0 0 395 216 15 4 2 1 1 1 0 1 0 0 0
215 162 1 1 0 0 0 0 0 0 0 0 0 404 224 15 4 2 1 1 1 0 1 0 0 0
227 171 1 1 0 0 0 0 0 0 0 0 0 407 227 15 4 2 1 1 1 0 1 0 0 0
237 181 2 1 0 0 0 0 0 0 0 0 0 419 236 15 5 2 1 1 1 0 1 0 0 0
245 187 2 2 0 0 0 0 0 0 0 0 0 433 243 15 5 2 1 1 1 0 1 0 0 0
251 194 2 2 0 0 0 0 0 0 0 0 0 455 246 15 5 2 1 1 1 0 1 0 0 0
263 197 2 2 0 0 0 0 0 0 0 0 0 461 253 15 5 2 1 1 1 0 1 0 0 0
272 205 2 2 0 0 0 0 0 0 0 0 0 464 256 15 6 2 1 1 1 0 1 0 0 0
284 210 2 2 0 0 0 0 0 0 0 0 0 467 262 18 6 2 1 1 1 0 1 0 0 0
295 215 2 2 0 0 0 0 0 0 0 0 0 508 269 18 6 2 1 1 1 0 1 0 0 0
