# scores for worst/random/best/smart move selector strategies. 
# scores are 50% and 95% quantiles (based on 40 games) of: 
# game score, #destroyed, #unlocked, #stripes, #bombs, #zappers
0 0 0 0 0 0 0 0 0 0 0 0 0 6 6 0 0 0 0 0 0 0 0 0 0 0
3 3 0 0 0 0 0 0 0 0 0 0 0 13 11 0 0 0 0 0 0 0 0 0 0 0
8 7 0 0 0 0 0 0 0 0 0 0 0 29 14 0 0 0 0 0 0 0 0 0 0 0
12 12 0 0 0 0 0 0 0 0 0 0 0 43 20 0 0 0 0 0 0 0 0 0 0 0
17 15 0 0 0 0 0 0 0 0 0 0 0 49 26 0 1 0 0 0 0 0 0 0 0 0
21 21 0 0 0 0 0 0 0 0 0 0 0 52 32 0 1 0 0 0 0 0 0 0 0 0
26 24 0 0 0 0 0 0 0 0 0 0 0 57 37 0 1 0 0 0 0 0 0 0 0 0
31 30 0 0 0 0 0 0 0 0 0 0 0 68 43 0 1 0 0 0 0 0 0 0 0 0
34 33 0 0 0 0 0 0 0 0 0 0 0 71 46 0 1 0 0 0 0 0 0 0 0 0
39 37 0 0 0 0 0 0 0 0 0 0 0 75 51 0 1 0 0 0 0 0 0 0 0 0
42 41 0 0 0 0 0 0 0 0 0 0 0 89 58 0 1 0 0 0 0 0 0 0 0 0
45 45 0 0 0 0 0 0 0 0 0 0 0 102 65 0 2 0 0 0 0 0 0 0 0 0
50 48 0 0 0 0 0 0 0 0 0 0 0 105 68 0 2 0 0 0 0 0 0 0 0 0
54 54 0 0 0 0 0 0 0 0 0 0 0 123 74 1 2 0 0 0 0 0 0 0 0 0
58 57 0 0 0 0 0 0 0 0 0 0 0 126 77 2 2 0 0 0 0 0 0 0 0 0
64 60 0 0 0 0 0 0 0 0 0 0 0 129 85 3 2 0 0 0 0 0 0 0 0 0
69 65 0 0 0 0 0 0 0 0 0 0 0 136 90 3 2 0 0 0 0 0 0 0 0 0
75 69 0 0 0 0 0 0 0 0 0 0 0 145 93 4 2 0 0 0 0 0 0 0 0 0
78 72 0 0 0 0 0 0 0 0 0 0 0 148 98 4 2 0 0 0 0 0 0 0 0 0
91 76 0 0 0 0 0 0 0 0 0 0 0 173 110 4 3 0 0 0 0 0 0 0 0 0
97 81 0 0 0 0 0 0 0 0 0 0 0 181 114 4 3 0 0 0 0 0 0 0 0 0
102 85 0 1 0 0 0 0 0 0 0 0 0 185 117 4 3 0 0 0 0 0 0 0 0 0
108 89 0 1 0 0 0 0 0 0 0 0 0 188 121 4 3 0 0 0 0 0 0 0 0 0
113 96 0 1 0 0 0 0 0 0 0 0 0 191 124 4 3 0 0 0 0 0 0 0 0 0
120 99 0 1 0 0 0 0 0 0 0 0 0 194 133 4 3 0 0 0 0 0 0 0 0 0
130 106 0 1 0 0 0 0 0 0 0 0 0 203 137 4 3 0 0 0 0 0 0 0 0 0
133 109 0 1 0 0 0 0 0 0 0 0 0 214 142 4 3 0 0 0 0 0 0 0 0 0
136 112 0 1 0 0 0 0 0 0 0 0 0 221 145 4 4 0 0 1 0 0 0 0 0 0
141 118 0 1 0 0 0 0 0 0 0 0 0 234 152 5 4 0 0 1 0 0 0 0 0 0
144 122 0 1 0 0 0 0 0 0 0 0 0 247 161 5 4 0 0 1 0 0 0 0 0 0
149 126 1 1 0 0 0 0 0 0 0 0 0 250 166 6 4 0 0 1 0 0 0 0 0 0
152 130 1 1 0 0 0 0 0 0 0 0 0 270 169 6 4 0 0 1 0 0 0 0 0 0
156 134 1 1 0 0 0 0 0 0 0 0 0 274 175 6 4 0 0 1 0 0 0 0 0 0
162 139 1 1 0 0 0 0 0 0 0 0 0 280 178 6 4 0 0 1 0 0 0 0 0 0
167 143 1 1 0 0 0 0 0 0 0 0 0 284 183 6 4 0 0 1 0 0 0 0 0 0
171 146 1 1 0 0 0 0 0 0 0 0 0 289 187 6 4 0 0 1 0 0 0 0 0 0
175 152 1 1 0 0 0 0 0 0 0 0 0 292 196 6 4 1 0 1 0 0 0 0 0 0
178 155 1 1 0 0 0 0 0 0 0 0 0 301 199 6 4 1 0 1 0 0 0 0 0 0
181 158 1 1 0 0 0 0 0 0 0 0 0 306 202 6 4 1 0 1 0 0 0 0 0 0
185 164 1 1 0 0 0 0 0 0 0 0 0 310 207 6 4 1 0 1 0 0 0 0 0 0
202 169 1 1 0 0 0 0 0 0 0 0 0 314 210 6 4 1 0 1 0 0 0 0 0 0
