# scores for worst/random/best/smart move selector strategies. 
# scores are 50% and 95% quantiles (based on 40 games) of: 
# game score, #destroyed, #unlocked, #stripes, #bombs, #zappers
0 0 0 0 0 0 0 0 0 0 0 0 0 6 6 0 0 0 0 0 0 0 0 0 0 0
3 3 0 0 0 0 0 0 0 0 0 0 0 10 10 0 0 0 0 0 0 0 0 0 0 0
9 9 0 0 0 0 0 0 0 0 0 0 0 27 15 0 0 0 0 0 0 0 0 0 0 0
12 12 0 0 0 0 0 0 0 0 0 0 0 33 20 0 0 0 0 0 0 0 0 0 0 0
15 15 0 0 0 0 0 0 0 0 0 0 0 44 25 0 0 0 0 0 0 0 0 0 0 0
19 19 0 0 0 0 0 0 0 0 0 0 0 49 29 0 1 0 0 0 0 0 0 0 0 0
24 24 0 0 0 0 0 0 0 0 0 0 0 52 33 0 1 0 0 0 0 0 0 0 0 0
30 29 0 0 0 0 0 0 0 0 0 0 0 72 39 0 1 0 0 0 0 0 0 0 0 0
34 33 0 0 0 0 0 0 0 0 0 0 0 90 45 0 1 0 1 0 0 0 1 0 0 0
37 36 0 0 0 0 0 0 0 0 0 0 0 99 54 1 1 0 1 0 0 0 1 0 0 0
44 42 0 0 0 0 0 0 0 0 0 0 0 112 61 2 1 0 1 0 0 0 1 0 0 0
55 47 0 0 0 0 0 0 0 0 0 0 0 121 65 3 2 0 1 0 0 0 1 0 0 0
64 51 0 0 0 0 0 0 0 0 0 0 0 134 72 3 2 0 1 0 0 0 1 0 0 0
72 54 0 0 0 0 0 0 0 0 0 0 0 141 80 4 2 0 1 0 0 0 1 0 0 0
76 60 0 0 0 0 0 0 0 0 0 0 0 183 92 6 3 1 1 1 0 0 1 0 0 0
91 66 0 1 0 0 0 0 0 0 0 0 0 190 99 14 3 1 1 1 0 0 1 0 0 0
96 74 0 1 0 0 0 0 0 0 0 0 0 213 108 15 3 1 1 1 1 0 1 0 0 0
101 79 0 1 0 0 0 0 0 0 0 0 0 226 114 15 4 1 1 1 1 0 1 0 0 0
109 82 0 1 0 0 0 0 0 0 0 0 0 233 124 15 4 1 1 1 1 0 1 0 0 0
119 88 1 1 0 0 0 0 0 0 0 0 0 244 129 18 4 1 1 1 1 0 1 0 0 0
136 94 2 1 0 0 0 0 0 0 0 0 0 272 136 18 4 1 1 1 1 0 1 0 0 0
148 98 2 2 0 0 0 0 0 0 0 0 0 292 148 19 4 1 1 1 1 0 1 0 0 0
170 103 2 2 0 0 0 0 0 0 0 0 0 313 153 19 5 1 1 1 1 0 1 0 0 0
174 108 2 2 0 0 0 0 0 0 0 0 0 317 159 19 5 1 1 1 1 0 1 0 0 0
179 111 2 2 0 0 0 0 0 0 0 0 0 328 164 19 5 1 1 1 1 0 1 0 0 0
184 119 2 2 0 0 0 0 0 0 0 0 0 346 173 19 6 1 1 2 1 0 1 0 0 0
189 131 2 2 0 0 0 0 0 0 0 0 0 406 195 19 7 2 1 2 1 0 1 0 0 0
192 135 2 2 0 0 0 0 0 0 0 0 0 412 198 19 7 2 1 2 1 0 1 0 0 0
200 138 3 2 0 0 0 0 0 0 0 0 0 435 204 19 7 2 1 2 1 0 1 0 0 0
215 142 3 2 0 0 0 0 0 0 0 0 0 438 207 19 7 2 1 2 1 0 1 0 0 0
227 146 3 3 0 0 0 0 0 0 0 0 0 442 210 19 7 2 1 2 1 0 1 0 0 0
243 153 3 4 0 0 0 0 0 0 0 0 0 460 215 19 7 2 1 2 1 0 1 0 0 0
255 156 3 4 0 0 0 0 0 0 0 0 0 487 221 19 8 2 2 2 1 0 2 0 0 0
259 160 3 4 0 0 0 0 0 0 0 0 0 511 230 19 8 2 2 2 1 0 2 0 0 0
265 168 3 4 0 0 0 0 0 0 0 0 0 521 234 21 8 2 2 2 1 0 2 0 0 0
278 172 4 4 0 0 0 0 0 0 0 0 0 527 238 21 8 2 2 2 1 0 2 0 0 0
281 175 4 4 0 0 0 0 0 0 0 0 0 532 243 21 8 2 2 2 1 0 2 0 0 0
309 182 5 4 0 0 0 0 0 0 0 0 0 535 250 22 8 2 2 2 1 0 2 0 0 0
316 189 5 4 0 0 0 0 0 0 0 0 0 590 258 22 9 2 2 2 1 0 2 0 0 0
327 197 5 4 0 0 0 0 0 0 0 0 0 595 262 22 9 2 2 2 1 0 2 0 0 0
352 204 5 5 0 0 0 0 0 0 0 0 0 602 272 22 9 2 2 2 1 0 2 0 0 0
