# scores for worst/random/best/smart move selector strategies. 
# scores are 50% and 95% quantiles (based on 40 games) of: 
# game score, #destroyed, #unlocked, #stripes, #bombs, #zappers
0 0 0 0 0 0 0 0 0 0 0 0 0 6 6 0 0 0 0 0 0 0 0 0 0 0
3 3 0 0 0 0 0 0 0 0 0 0 0 10 10 0 0 0 0 0 0 0 0 0 0 0
9 9 0 0 0 0 0 0 0 0 0 0 0 15 15 0 0 0 0 0 0 0 0 0 0 0
12 12 0 0 0 0 0 0 0 0 0 0 0 18 18 0 0 0 0 0 0 0 0 0 0 0
15 15 0 0 0 0 0 0 0 0 0 0 0 24 24 0 0 0 0 0 0 0 0 0 0 0
18 18 0 0 0 0 0 0 0 0 0 0 0 30 30 0 0 0 0 0 0 0 0 0 0 0
24 24 0 0 0 0 0 0 0 0 0 0 0 38 33 0 0 0 0 0 0 0 0 0 0 0
27 27 0 0 0 0 0 0 0 0 0 0 0 42 38 0 0 0 0 0 0 0 0 0 0 0
31 31 0 0 0 0 0 0 0 0 0 0 0 53 44 0 0 0 0 0 0 0 0 0 0 0
36 36 0 0 0 0 0 0 0 0 0 0 0 59 49 0 1 0 0 0 0 0 0 0 0 0
39 39 0 0 0 0 0 0 0 0 0 0 0 66 53 2 1 0 0 0 0 0 0 0 0 0
44 43 0 0 0 0 0 0 0 0 0 0 0 71 56 3 1 0 0 0 0 0 0 0 0 0
48 47 0 0 0 0 0 0 0 0 0 0 0 78 65 3 1 0 0 0 0 0 0 0 0 0
53 52 0 0 0 0 0 0 0 0 0 0 0 81 68 3 1 0 0 0 0 0 0 0 0 0
57 56 0 0 0 0 0 0 0 0 0 0 0 86 71 3 1 0 0 0 0 0 0 0 0 0
61 60 0 0 0 0 0 0 0 0 0 0 0 95 77 3 1 0 0 0 0 0 0 0 0 0
65 64 0 0 0 0 0 0 0 0 0 0 0 101 84 3 1 0 0 0 0 0 0 0 0 0
69 69 0 0 0 0 0 0 0 0 0 0 0 107 88 3 1 0 0 0 0 0 0 0 0 0
75 73 0 0 0 0 0 0 0 0 0 0 0 117 91 3 1 0 0 0 0 0 0 0 0 0
78 77 0 0 0 0 0 0 0 0 0 0 0 120 95 3 1 0 0 0 0 0 0 0 0 0
87 81 0 0 0 0 0 0 0 0 0 0 0 123 103 3 1 0 0 0 0 0 0 0 0 0
90 85 0 0 0 0 0 0 0 0 0 0 0 130 107 3 1 0 0 0 0 0 0 0 0 0
97 90 0 0 0 0 0 0 0 0 0 0 0 133 111 3 1 0 0 0 0 0 0 0 0 0
103 96 0 0 0 0 0 0 0 0 0 0 0 142 118 3 1 0 0 0 0 0 0 0 0 0
106 99 0 0 0 0 0 0 0 0 0 0 0 147 123 3 1 0 0 0 0 0 0 0 0 0
111 102 0 0 0 0 0 0 0 0 0 0 0 155 126 3 1 1 0 0 0 0 0 0 0 0
117 106 0 0 0 0 0 0 0 0 0 0 0 159 132 3 1 1 0 0 0 0 0 0 0 0
120 112 0 0 0 0 0 0 0 0 0 0 0 162 136 4 1 1 0 0 0 0 0 0 0 0
128 117 0 0 0 0 0 0 0 0 0 0 0 178 142 4 1 1 0 0 0 0 0 0 0 0
135 121 0 0 0 0 0 0 0 0 0 0 0 183 147 4 1 1 0 0 0 0 0 0 0 0
138 125 0 0 0 0 0 0 0 0 0 0 0 189 150 4 1 1 0 0 0 0 0 0 0 0
142 132 0 0 0 0 0 0 0 0 0 0 0 197 156 4 1 1 0 0 0 0 0 0 0 0
147 135 0 0 0 0 0 0 0 0 0 0 0 209 160 4 1 1 0 0 0 0 0 0 0 0
157 139 0 0 0 0 0 0 0 0 0 0 0 216 163 4 1 1 0 0 0 0 0 0 0 0
161 142 0 0 0 0 0 0 0 0 0 0 0 219 168 4 1 1 0 0 0 0 0 0 0 0
165 147 0 0 0 0 0 0 0 0 0 0 0 222 172 4 1 1 0 0 0 0 0 0 0 0
168 150 0 0 0 0 0 0 0 0 0 0 0 228 176 4 1 1 0 0 0 0 0 0 0 0
171 153 0 0 0 0 0 0 0 0 0 0 0 233 180 4 2 1 0 0 0 0 0 0 0 0
174 156 0 0 0 0 0 0 0 0 0 0 0 244 185 4 2 1 0 0 0 0 0 0 0 0
178 159 0 0 0 0 0 0 0 0 0 0 0 249 194 4 2 1 0 0 0 0 0 0 0 0
182 164 0 0 0 0 0 0 0 0 0 0 0 255 199 4 2 1 0 0 0 0 0 0 0 0
