# scores for worst/random/best/smart move selector strategies. 
# scores are 50% and 95% quantiles (based on 40 games) of: 
# game score, #destroyed, #unlocked, #stripes, #bombs, #zappers
3 3 0 0 0 0 0 0 0 0 0 0 0 65 42 0 0 0 0 0 0 0 0 0 0 0
6 6 0 0 0 0 0 0 0 0 0 0 0 378 128 0 2 2 1 0 0 0 1 0 0 0
12 12 0 0 0 0 0 0 0 0 0 0 0 482 158 1 4 2 1 0 0 0 1 0 0 0
18 18 0 0 0 0 0 0 0 0 0 0 0 644 218 2 6 5 1 0 0 0 1 0 0 0
24 23 0 0 0 0 0 0 0 0 0 0 0 1162 347 3 10 7 3 0 0 0 1 0 0 0
38 27 0 0 0 0 0 0 0 0 0 0 0 1223 388 10 10 8 4 0 0 0 2 0 0 0
69 43 0 1 0 0 0 0 0 0 0 0 0 2460 626 14 12 24 7 0 0 0 2 0 0 0
98 52 0 1 0 0 0 0 0 0 0 0 0 2561 668 14 14 24 7 0 0 0 2 0 0 0
236 118 2 2 1 0 0 0 0 0 0 0 0 2799 746 15 17 35 9 1 1 0 3 0 1 0
409 167 6 4 2 1 0 0 0 0 0 0 0 3214 851 17 30 35 10 1 1 0 3 1 1 0
762 293 7 6 5 1 0 0 0 1 0 0 0 3364 899 21 30 38 10 1 1 1 4 1 1 0
1025 361 9 9 8 2 0 0 0 1 0 0 0 3768 1117 21 42 39 11 1 1 1 4 1 1 0
1479 444 9 11 11 2 0 0 0 1 0 0 0 4971 1271 21 48 52 14 1 1 1 4 1 1 1
1568 482 9 13 11 3 0 0 0 2 0 0 0 5596 1379 21 57 56 15 1 1 1 4 2 1 1
1702 521 10 16 15 4 0 0 0 2 0 0 0 6268 1714 21 63 67 19 2 1 1 5 2 1 1
2424 735 10 19 22 5 0 0 0 2 0 0 0 7014 1802 21 71 71 20 2 1 2 6 2 1 1
2638 841 10 22 25 7 0 0 0 2 0 0 0 7103 1861 21 72 73 21 2 2 2 6 2 1 1
3070 912 10 26 29 8 0 0 0 2 0 1 0 7377 1910 21 75 79 21 2 2 2 6 2 2 1
3585 992 11 27 38 9 0 0 0 3 0 1 0 7895 2093 21 80 87 22 2 2 2 7 2 2 1
4066 1095 11 28 41 10 0 0 1 3 0 1 0 8344 2182 21 85 88 23 3 2 2 7 2 2 1
4296 1216 11 30 46 11 1 1 1 3 0 1 0 8454 2204 21 92 90 23 3 2 2 8 2 2 1
4666 1280 11 38 49 12 1 1 1 4 0 1 0 9131 2482 21 93 98 28 3 2 2 8 2 2 1
4832 1350 11 40 50 13 1 1 1 4 0 1 0 9485 2550 21 94 105 30 3 2 3 8 2 3 1
4939 1406 11 47 54 14 1 1 1 4 0 1 0 9995 2781 21 101 112 34 3 3 3 8 2 3 1
5385 1485 11 47 55 14 1 1 1 4 1 1 0 10944 2845 21 106 123 35 3 3 3 8 2 3 1
5762 1625 11 52 58 15 1 1 1 4 1 1 0 11442 2960 21 113 127 37 3 3 3 9 3 3 2
6523 1809 11 59 64 17 1 1 1 5 1 1 0 11795 3051 21 115 130 38 3 3 3 9 3 3 2
7122 1893 11 65 69 19 1 1 1 5 1 2 0 12409 3155 21 120 145 40 3 3 3 9 3 3 2
7927 2068 11 68 78 21 1 1 1 5 1 2 0 13776 3232 21 121 167 41 3 3 3 9 3 4 2
8338 2141 11 72 81 21 1 1 1 5 1 2 0 14759 3390 21 127 168 41 3 3 3 10 3 4 2
8761 2222 11 81 82 22 1 1 1 6 1 2 0 15036 3481 21 131 169 43 3 3 3 11 3 4 2
8823 2338 11 84 83 25 1 1 1 6 1 2 1 15588 3775 21 135 170 44 3 3 3 11 3 4 2
9199 2372 11 86 86 26 1 2 1 6 1 2 1 15646 3825 21 135 174 46 3 3 3 11 3 5 2
9772 2458 11 89 92 26 1 2 1 6 1 2 1 16071 4016 21 139 182 46 3 4 4 11 3 5 2
9837 2535 11 89 94 27 1 2 1 6 1 2 1 16193 4150 21 140 184 47 3 4 4 11 3 5 3
10103 2582 11 93 97 27 1 2 1 7 1 2 1 16428 4262 21 142 185 47 3 4 4 12 3 5 3
10406 2677 11 99 98 27 2 2 2 7 1 2 1 17231 4303 21 142 196 49 3 4 4 13 3 5 3
10880 2710 11 101 105 28 2 2 2 8 1 2 1 17812 4424 21 160 210 52 3 5 4 13 4 5 3
11257 2770 11 104 107 29 2 2 2 8 1 2 1 17996 4647 21 172 210 53 3 5 4 13 4 5 3
11277 2805 11 108 113 29 2 2 2 8 2 2 1 18854 4776 21 183 212 53 3 5 4 13 4 5 3
12216 3102 11 109 118 31 2 2 2 8 2 2 1 18912 4793 21 185 212 53 3 5 5 13 4 5 3
