# scores for worst/random/best/smart move selector strategies. 
# scores are 50% and 95% quantiles (based on 40 games) of: 
# game score, #destroyed, #unlocked, #stripes, #bombs, #zappers
3 3 0 0 0 0 0 0 0 0 0 0 0 65 42 0 0 0 0 0 0 0 0 0 0 0
6 6 0 0 0 0 0 0 0 0 0 0 0 171 80 1 1 0 0 0 0 0 0 0 0 0
12 12 0 0 0 0 0 0 0 0 0 0 0 178 97 1 1 0 0 0 0 0 0 0 0 0
19 18 0 0 0 0 0 0 0 0 0 0 0 184 113 2 1 0 1 0 0 0 1 0 0 0
24 24 0 0 0 0 0 0 0 0 0 0 0 256 143 3 2 1 1 0 0 0 1 0 0 0
40 34 0 0 0 0 0 0 0 0 0 0 0 315 157 5 3 2 1 0 0 0 1 0 0 0
55 41 0 1 0 0 0 0 0 0 0 0 0 492 225 5 5 3 1 0 0 0 1 0 0 0
91 57 0 1 0 0 0 0 0 0 0 0 0 822 358 6 6 7 1 0 0 0 1 0 0 0
101 66 0 1 0 0 0 0 0 0 0 0 0 1007 408 9 8 8 2 0 0 0 1 0 0 0
146 83 1 2 0 0 0 0 0 0 0 0 0 1010 411 10 8 8 2 0 0 0 1 0 0 0
232 110 2 2 1 0 0 0 0 0 0 0 0 1126 442 11 9 9 3 0 0 0 1 0 0 0
298 145 4 3 1 0 0 0 0 0 0 0 0 1435 529 14 11 10 4 0 0 0 1 0 0 0
484 229 5 4 3 0 0 0 0 0 0 0 0 1622 574 14 15 12 5 0 0 0 1 0 0 0
600 274 6 5 4 1 0 0 0 0 0 0 0 2104 743 15 19 15 9 1 0 0 2 0 0 0
733 327 6 6 5 1 0 0 0 0 0 0 0 2242 776 15 20 16 9 1 0 0 2 0 0 0
800 356 7 7 6 1 0 0 0 0 0 0 0 3197 1058 15 24 21 15 1 0 0 2 0 0 0
1030 417 8 10 8 1 0 0 0 0 0 0 0 3204 1065 15 24 24 16 1 0 0 2 0 0 0
1296 526 9 10 10 2 0 0 0 1 0 0 0 3506 1166 16 26 28 16 1 0 0 2 0 0 0
1495 562 9 11 13 3 0 0 0 1 0 0 0 3520 1172 16 30 29 16 1 0 0 2 0 0 0
1574 617 9 13 14 3 0 0 0 1 0 0 0 4356 1416 16 31 35 17 1 0 0 2 0 0 0
1809 695 9 16 14 4 0 0 0 1 0 0 0 4408 1436 16 32 36 18 1 0 0 2 0 0 0
1931 732 9 19 15 4 0 0 0 1 0 0 0 4421 1449 16 32 37 18 1 1 0 3 0 0 0
2229 827 10 20 18 5 0 0 0 1 0 0 0 4486 1476 16 33 37 19 1 1 0 3 0 0 0
2339 849 10 22 19 6 0 0 0 1 0 0 0 5236 1705 16 40 43 19 1 1 0 3 0 0 0
2343 894 10 22 20 6 0 0 0 1 0 0 0 5266 1718 16 40 44 19 1 1 0 3 0 0 0
2497 934 10 23 20 7 0 0 0 1 0 0 0 6014 1863 16 40 48 21 1 1 0 3 0 0 1
2942 984 10 24 22 7 0 0 0 1 0 0 0 6038 1869 16 40 48 21 1 1 0 3 0 0 1
3091 1067 10 26 23 9 0 0 0 1 0 0 0 6410 1876 16 41 66 24 1 1 0 3 0 1 1
3492 1147 10 26 26 10 0 0 0 1 0 0 0 7567 2277 16 50 72 27 1 1 0 4 0 1 1
3593 1199 10 28 28 10 0 0 0 2 0 0 0 8276 2338 16 52 85 29 1 1 0 4 0 1 1
3752 1251 10 29 28 11 0 0 0 2 0 0 0 8305 2355 16 54 86 29 1 1 0 4 0 1 1
3819 1263 10 30 28 11 0 0 0 2 0 0 0 8521 2457 16 55 87 30 1 1 0 4 0 1 1
3936 1319 10 30 28 11 0 0 0 2 0 0 0 8525 2464 16 60 87 30 1 1 0 4 0 1 1
4104 1381 10 31 30 11 0 0 0 2 0 0 0 9069 2566 16 60 87 34 1 1 0 4 0 1 1
4272 1444 10 35 36 13 0 0 0 2 0 0 0 9129 2595 16 63 88 34 1 1 0 4 0 1 1
4277 1452 10 35 36 13 0 0 0 2 0 0 0 9149 2613 16 64 88 34 1 1 0 4 0 1 1
4282 1457 10 35 37 13 0 0 0 2 0 0 0 9695 2829 16 64 93 37 1 1 0 4 0 1 1
4534 1599 10 37 38 13 0 0 0 2 0 0 0 10346 3001 16 68 100 38 1 1 0 5 0 1 1
4859 1642 10 38 39 14 0 0 0 2 0 0 0 10351 3072 16 69 101 38 1 1 0 6 0 1 1
4989 1700 10 40 41 14 0 0 0 2 0 0 0 10374 3140 16 71 101 38 1 1 0 6 0 1 1
5219 1768 10 42 43 16 0 0 0 2 0 0 0 10404 3190 16 73 101 38 1 1 0 6 0 1 1
