# scores for worst/random/best/smart move selector strategies. 
# scores are 50% and 95% quantiles (based on 40 games) of: 
# game score, #destroyed, #unlocked, #stripes, #bombs, #zappers
3 3 0 0 0 0 0 0 0 0 0 0 0 65 42 0 0 0 0 0 0 0 0 0 0 0
6 6 0 0 0 0 0 0 0 0 0 0 0 173 88 0 1 0 1 0 0 0 1 0 0 0
12 12 0 0 0 0 0 0 0 0 0 0 0 458 147 2 3 2 1 0 0 0 1 0 0 0
18 18 0 0 0 0 0 0 0 0 0 0 0 615 199 5 3 4 1 0 0 0 1 0 0 0
23 22 0 0 0 0 0 0 0 0 0 0 0 695 234 6 7 5 1 0 0 0 1 0 0 0
33 30 0 0 0 0 0 0 0 0 0 0 0 1088 396 7 12 7 2 0 0 0 1 0 0 0
89 44 0 1 0 0 0 0 0 0 0 0 0 1238 464 11 14 8 3 0 0 0 2 0 0 0
120 53 0 1 0 0 0 0 0 0 0 0 0 2852 826 14 24 22 10 0 1 0 2 1 0 0
147 75 0 2 0 0 0 0 0 0 0 0 0 2942 902 14 28 29 10 1 1 0 2 1 1 0
446 166 4 4 1 0 0 0 0 0 0 0 0 4061 1148 15 34 43 13 1 1 0 2 1 1 0
614 238 7 5 3 1 0 0 0 0 0 0 0 4240 1232 16 39 45 14 1 1 0 3 1 1 0
844 321 8 9 7 2 0 0 0 1 0 0 0 5825 1475 16 47 61 19 1 1 0 3 1 1 0
1357 447 9 13 11 3 0 0 0 1 0 0 0 6515 1575 17 53 74 20 1 2 0 3 1 1 1
2219 555 9 17 18 4 0 0 0 1 0 0 0 7317 1774 19 54 81 21 1 2 1 4 1 2 1
2747 704 10 20 21 5 0 0 0 1 0 0 0 7900 1845 19 60 89 22 1 2 1 4 1 2 1
3074 808 11 24 24 7 0 0 0 1 0 0 0 8290 1927 19 61 96 24 2 2 1 4 1 2 1
3761 1002 11 29 29 8 0 0 0 2 0 0 0 8490 1987 19 74 118 24 2 2 1 5 2 3 1
4097 1108 11 32 31 9 0 0 0 2 0 0 0 8967 2050 19 83 121 25 2 2 1 5 2 3 1
4533 1226 11 36 38 10 0 1 0 3 0 0 0 10089 2367 19 83 129 28 2 2 1 6 2 4 1
4881 1403 11 41 45 14 0 1 0 3 1 0 0 10599 2467 20 87 141 29 2 2 1 6 2 4 1
5711 1479 11 49 57 15 0 1 0 3 1 1 0 10958 2648 20 95 143 32 2 2 2 7 2 4 1
6062 1556 11 54 58 18 0 1 1 3 1 1 0 11093 2717 20 106 147 33 2 2 2 7 3 4 1
6816 1686 11 55 70 18 0 1 1 3 1 1 0 11285 2787 20 116 149 34 2 2 2 7 3 4 1
7258 1952 11 62 78 20 0 1 1 4 1 1 0 11582 2838 20 118 151 34 2 3 2 7 3 4 1
8202 2003 11 67 82 21 0 1 1 4 1 1 0 12308 2973 20 119 155 35 2 3 2 7 3 4 1
8686 2100 11 74 86 22 0 1 1 4 1 2 0 12706 3023 20 124 160 35 2 3 2 7 3 4 1
8882 2232 11 78 88 22 0 1 1 5 1 2 0 13668 3280 20 127 177 39 2 3 2 7 3 4 1
8996 2326 11 80 89 23 0 1 1 5 1 2 0 14499 3520 20 132 183 41 2 3 3 8 3 5 1
9487 2526 11 83 95 25 0 1 1 5 1 2 0 15491 3627 20 137 193 44 2 3 3 8 3 5 1
10250 2591 11 87 98 26 0 1 1 5 1 2 0 16543 3849 20 140 207 47 2 3 3 8 3 6 1
10505 2689 11 89 109 26 0 1 1 5 2 2 0 17408 3919 20 148 208 49 2 3 3 9 4 6 1
10876 2821 11 93 110 28 1 1 1 5 2 2 0 17596 3979 20 150 208 50 2 3 3 10 4 6 2
11525 2868 11 107 117 30 1 2 1 6 2 2 0 17777 4087 20 153 211 50 2 3 3 10 4 6 2
12125 2947 11 109 118 32 1 2 1 6 2 3 0 18477 4211 20 159 218 51 2 4 3 10 4 6 2
12551 3154 11 113 119 32 1 2 1 6 2 3 0 18512 4266 20 161 218 51 2 4 3 10 4 7 2
13545 3224 11 116 124 35 1 2 1 7 2 3 0 18683 4303 20 161 220 52 2 4 3 10 4 7 2
13641 3353 11 123 134 36 1 2 1 7 2 3 0 19520 4542 20 166 225 55 2 4 3 11 4 7 2
14076 3494 11 130 136 37 1 2 1 7 2 3 1 19729 4614 20 168 226 57 2 4 3 12 4 7 2
14930 3617 11 138 140 38 1 2 1 8 3 3 1 20396 4943 20 176 232 60 2 4 3 12 4 7 2
15203 3766 11 140 144 40 1 2 1 8 3 3 1 20543 5034 20 177 233 61 2 4 3 12 4 7 2
15492 3955 11 144 155 42 1 2 1 8 3 3 1 21480 5090 20 179 251 62 2 4 3 12 4 7 2
