# scores for worst/random/best/smart move selector strategies. 
# scores are 50% and 95% quantiles (based on 40 games) of: 
# game score, #destroyed, #unlocked, #stripes, #bombs, #zappers
3 3 0 0 0 0 0 0 0 0 0 0 0 65 42 0 0 0 0 0 0 0 0 0 0 0
6 6 0 0 0 0 0 0 0 0 0 0 0 119 63 0 1 0 0 0 0 0 0 0 0 0
12 12 0 0 0 0 0 0 0 0 0 0 0 206 111 1 1 1 0 0 0 0 0 0 0 0
18 18 0 0 0 0 0 0 0 0 0 0 0 212 117 2 1 1 1 0 0 0 0 0 0 0
21 21 0 0 0 0 0 0 0 0 0 0 0 223 128 2 1 1 1 0 0 0 0 0 0 0
41 32 0 0 0 0 0 0 0 0 0 0 0 257 146 3 2 2 1 0 0 0 0 0 0 0
54 50 0 0 0 0 0 0 0 0 0 0 0 415 200 5 6 2 1 0 0 0 0 0 0 0
71 66 0 0 0 0 0 0 0 0 0 0 0 502 214 9 6 3 1 0 0 0 0 0 0 0
93 74 0 1 0 0 0 0 0 0 0 0 0 562 254 9 8 4 1 0 0 0 0 0 0 0
113 83 0 1 0 0 0 0 0 0 0 0 0 573 259 10 9 4 1 0 0 0 0 0 0 0
144 100 0 1 0 0 0 0 0 0 0 0 0 758 331 10 10 6 1 0 0 0 0 0 0 0
189 141 1 2 1 0 0 0 0 0 0 0 0 920 380 11 12 8 2 0 0 0 0 0 0 0
243 164 1 2 1 0 0 0 0 0 0 0 0 1267 495 12 14 8 3 0 0 0 0 0 0 0
292 171 2 2 1 0 0 0 0 0 0 0 0 1271 499 12 14 8 3 0 0 0 0 0 0 0
319 195 2 2 2 0 0 0 0 0 0 0 0 1606 589 12 16 13 3 0 0 0 0 0 0 0
438 218 3 3 2 0 0 0 0 0 0 0 0 1814 664 13 17 16 5 0 0 0 0 0 0 0
448 232 3 4 3 0 0 0 0 0 0 0 0 2018 736 13 19 17 5 0 0 0 0 0 0 0
493 253 4 4 3 0 0 0 0 0 0 0 0 2648 929 13 21 21 7 0 0 0 0 0 0 0
506 272 4 5 3 0 0 0 0 0 0 0 0 2658 939 13 21 21 7 0 0 0 0 0 0 0
664 344 5 5 4 1 0 0 0 0 0 0 0 2697 942 13 21 21 8 0 0 0 0 0 0 0
750 360 7 5 4 1 0 0 0 0 0 0 0 2904 945 13 24 23 8 0 0 0 0 0 0 0
809 383 7 7 5 1 0 0 0 0 0 0 0 2916 958 14 24 25 8 0 0 0 0 0 0 0
867 403 7 7 5 1 0 0 0 0 0 0 0 2981 1030 14 24 25 9 0 0 0 0 0 0 0
884 410 7 7 5 1 0 0 0 0 0 0 0 3102 1069 15 24 26 10 0 0 0 0 0 0 0
913 436 7 7 6 1 0 0 0 0 0 0 0 3514 1203 15 25 29 12 0 0 0 0 0 0 0
1007 458 7 8 7 1 0 0 0 0 0 0 0 3535 1215 15 25 29 12 0 0 0 0 0 0 0
1056 512 7 10 7 2 0 0 0 0 0 0 0 3553 1233 15 25 29 12 0 0 0 0 0 0 0
1265 566 9 10 9 2 0 0 0 0 0 0 0 3638 1260 15 25 30 12 0 0 0 0 0 0 0
1397 592 9 11 10 2 0 0 0 0 0 0 0 4042 1382 15 28 32 12 0 0 0 0 0 0 0
1429 606 9 11 10 2 0 0 0 0 0 0 0 4093 1408 16 28 33 12 0 0 0 0 0 0 0
1549 650 9 12 11 2 0 0 0 0 0 0 0 4096 1411 16 29 33 12 0 0 0 0 0 0 0
1790 715 9 14 13 2 0 0 0 0 0 0 0 4118 1432 16 29 33 12 0 0 0 0 0 0 0
1793 730 9 14 13 3 0 0 0 0 0 0 0 4122 1437 16 29 33 12 0 0 0 0 0 0 0
1807 773 9 15 13 3 0 0 0 0 0 0 0 4137 1451 16 29 33 14 0 0 0 0 0 0 0
1839 780 9 15 14 3 0 0 0 0 0 0 0 4183 1469 16 30 33 14 0 0 0 0 0 0 0
1865 790 9 15 14 3 0 0 0 0 0 0 0 4234 1504 16 30 34 14 0 0 0 0 0 0 0
1870 802 9 16 15 3 0 0 0 0 0 0 0 4327 1541 16 30 35 14 0 0 0 0 0 0 0
1966 844 9 16 15 4 0 0 0 0 0 0 0 5082 1746 16 37 38 17 0 0 0 0 0 0 0
2224 891 9 18 15 4 0 0 0 0 0 0 0 5089 1753 16 37 38 17 0 0 0 0 0 0 0
2444 978 9 19 18 5 0 0 0 0 0 0 0 5093 1757 16 37 38 17 0 0 0 0 0 0 0
2539 988 9 20 18 5 0 0 0 0 0 0 0 5107 1763 16 38 38 17 0 0 0 0 0 0 0
