# scores for worst/random/best/smart move selector strategies. 
# scores are 50% and 95% quantiles (based on 40 games) of: 
# game score, #destroyed, #unlocked, #stripes, #bombs, #zappers
0 0 0 0 0 0 0 0 0 0 0 0 0 9 9 0 0 0 0 0 0 0 0 0 0 0
4 4 0 0 0 0 0 0 0 0 0 0 0 13 13 0 0 0 0 0 0 0 0 0 0 0
8 8 0 0 0 0 0 0 0 0 0 0 0 18 18 0 0 0 0 0 0 0 0 0 0 0
12 12 0 0 0 0 0 0 0 0 0 0 0 37 29 0 0 0 0 0 0 0 0 0 0 0
18 17 0 0 0 0 0 0 0 0 0 0 0 50 32 0 1 0 0 0 0 0 0 0 0 0
22 21 0 0 0 0 0 0 0 0 0 0 0 72 38 0 1 0 0 0 0 0 0 0 0 0
26 24 0 0 0 0 0 0 0 0 0 0 0 75 41 1 1 0 0 0 0 0 0 0 0 0
31 30 0 0 0 0 0 0 0 0 0 0 0 85 48 2 1 0 0 0 0 0 0 0 0 0
37 35 0 0 0 0 0 0 0 0 0 0 0 92 51 2 2 0 0 0 0 0 0 0 0 0
43 40 0 0 0 0 0 0 0 0 0 0 0 95 63 2 2 0 0 0 0 0 0 0 0 0
46 44 0 0 0 0 0 0 0 0 0 0 0 100 67 2 2 0 0 0 0 0 0 0 0 0
52 48 0 0 0 0 0 0 0 0 0 0 0 103 72 2 2 0 0 0 0 0 0 0 0 0
58 53 0 0 0 0 0 0 0 0 0 0 0 139 82 2 2 0 0 0 0 0 0 0 0 0
72 56 0 0 0 0 0 0 0 0 0 0 0 143 87 2 2 0 0 0 0 0 0 0 0 0
81 62 0 1 0 0 0 0 0 0 0 0 0 167 95 2 3 1 0 0 0 0 0 0 0 0
85 69 0 1 0 0 0 0 0 0 0 0 0 193 100 2 3 1 0 0 0 0 0 0 0 0
92 72 0 1 0 0 0 0 0 0 0 0 0 198 106 2 3 1 1 0 0 0 1 0 0 0
100 76 0 1 0 0 0 0 0 0 0 0 0 203 110 3 3 1 1 0 0 0 1 0 0 0
112 80 0 1 0 0 0 0 0 0 0 0 0 206 113 3 3 1 1 0 0 0 1 0 0 0
120 87 0 1 0 0 0 0 0 0 0 0 0 215 120 3 3 1 1 0 0 0 1 0 0 0
123 92 0 1 0 0 0 0 0 0 0 0 0 222 128 3 4 1 1 0 0 0 1 0 0 0
128 98 0 1 0 0 0 0 0 0 0 0 0 235 140 4 4 1 1 0 0 0 1 0 0 0
139 104 0 1 0 0 0 0 0 0 0 0 0 258 143 4 4 1 1 1 0 0 1 0 0 0
142 108 1 1 0 0 0 0 0 0 0 0 0 266 146 4 5 1 1 1 0 0 1 0 0 0
150 114 1 1 0 0 0 0 0 0 0 0 0 269 150 4 5 1 1 1 0 0 1 0 0 0
173 120 1 2 0 0 0 0 0 0 0 0 0 273 158 5 5 1 1 1 0 0 1 0 0 0
176 124 1 2 0 0 0 0 0 0 0 0 0 286 161 5 5 1 1 1 0 0 1 0 0 0
185 131 1 2 0 0 0 0 0 0 0 0 0 325 165 5 5 1 1 1 0 0 1 0 0 0
188 134 1 2 0 0 0 0 0 0 0 0 0 330 177 5 5 1 1 1 0 0 1 0 0 0
198 139 1 2 0 0 0 0 0 0 0 0 0 339 180 5 5 1 1 1 0 0 1 0 0 0
217 146 1 2 0 0 0 0 0 0 0 0 0 355 184 5 5 1 1 1 0 0 1 0 0 0
223 150 1 2 0 0 0 0 0 0 0 0 0 360 195 5 6 1 1 1 0 0 1 0 0 0
236 156 1 2 0 0 0 0 0 0 0 0 0 370 199 5 6 1 1 1 0 0 1 0 0 0
249 161 1 2 0 0 0 0 0 0 0 0 0 375 203 5 6 1 1 1 0 0 1 0 0 0
258 166 1 2 0 0 0 0 0 0 0 0 0 378 212 5 6 1 1 1 0 0 1 0 0 0
262 172 1 3 0 0 0 0 0 0 0 0 0 423 220 6 6 1 1 1 1 0 1 0 0 0
284 177 1 3 0 0 0 0 0 0 0 0 0 428 226 6 7 1 1 1 1 0 1 0 0 0
287 182 1 3 0 0 0 0 0 0 0 0 0 438 232 6 7 1 1 1 1 0 1 0 0 0
310 190 1 3 0 0 0 0 0 0 0 0 0 471 236 6 8 1 1 2 1 0 1 0 0 0
321 194 1 4 0 0 0 0 0 0 0 0 0 475 242 6 8 1 1 2 1 0 1 0 0 0
324 201 1 4 0 0 0 0 0 0 0 0 0 480 246 6 8 1 1 2 1 0 1 0 0 0
