# scores for worst/random/best/smart move selector strategies. 
# scores are 50% and 95% quantiles (based on 40 games) of: 
# game score, #destroyed, #unlocked, #stripes, #bombs, #zappers
0 0 0 0 0 0 0 0 0 0 0 0 0 9 9 0 0 0 0 0 0 0 0 0 0 0
6 6 0 0 0 0 0 0 0 0 0 0 0 13 13 0 0 0 0 0 0 0 0 0 0 0
9 9 0 0 0 0 0 0 0 0 0 0 0 21 21 0 0 0 0 0 0 0 0 0 0 0
14 14 0 0 0 0 0 0 0 0 0 0 0 27 24 0 0 0 0 0 0 0 0 0 0 0
18 18 0 0 0 0 0 0 0 0 0 0 0 41 30 0 0 0 0 0 0 0 0 0 0 0
22 22 0 0 0 0 0 0 0 0 0 0 0 53 34 0 0 0 0 0 0 0 0 0 0 0
25 25 0 0 0 0 0 0 0 0 0 0 0 61 39 0 1 0 0 0 0 0 0 0 0 0
30 30 0 0 0 0 0 0 0 0 0 0 0 79 47 0 1 0 0 0 0 0 0 0 0 0
35 35 0 0 0 0 0 0 0 0 0 0 0 89 52 1 1 0 0 0 0 0 0 0 0 0
39 39 0 0 0 0 0 0 0 0 0 0 0 97 59 1 2 0 0 0 0 0 0 0 0 0
43 43 0 0 0 0 0 0 0 0 0 0 0 106 66 1 2 0 0 0 0 0 0 0 0 0
47 46 0 0 0 0 0 0 0 0 0 0 0 109 69 2 2 0 0 0 0 0 0 0 0 0
51 51 0 0 0 0 0 0 0 0 0 0 0 113 74 2 2 0 0 0 0 0 0 0 0 0
57 55 0 0 0 0 0 0 0 0 0 0 0 132 77 2 2 0 0 0 0 0 0 0 0 0
61 58 0 0 0 0 0 0 0 0 0 0 0 135 81 2 2 1 0 0 0 0 0 0 0 0
66 63 0 0 0 0 0 0 0 0 0 0 0 139 86 2 2 1 0 0 0 0 0 0 0 0
75 67 0 0 0 0 0 0 0 0 0 0 0 142 89 2 2 1 0 0 0 0 0 0 0 0
83 73 0 0 0 0 0 0 0 0 0 0 0 145 96 2 2 1 0 0 0 0 0 0 0 0
87 78 0 0 0 0 0 0 0 0 0 0 0 160 102 2 2 1 0 0 0 0 0 0 0 0
96 83 0 0 0 0 0 0 0 0 0 0 0 163 106 2 2 1 0 0 0 0 0 0 0 0
100 86 0 0 0 0 0 0 0 0 0 0 0 181 115 2 3 1 0 0 0 0 0 0 0 0
103 90 0 0 0 0 0 0 0 0 0 0 0 188 121 2 3 1 0 0 0 0 0 0 0 0
109 95 0 0 0 0 0 0 0 0 0 0 0 191 128 3 3 1 0 0 0 0 0 0 0 0
117 99 0 0 0 0 0 0 0 0 0 0 0 196 131 3 3 1 0 0 0 0 0 0 0 0
130 106 0 0 0 0 0 0 0 0 0 0 0 199 135 3 3 1 1 0 0 0 1 0 0 0
133 109 0 0 0 0 0 0 0 0 0 0 0 224 144 3 3 1 1 0 0 0 1 0 0 0
138 112 0 0 0 0 0 0 0 0 0 0 0 235 147 3 3 1 1 0 0 0 1 0 0 0
142 115 0 0 0 0 0 0 0 0 0 0 0 238 151 3 3 1 1 0 0 0 1 0 0 0
148 121 0 0 0 0 0 0 0 0 0 0 0 273 154 3 3 1 1 0 0 0 1 0 0 0
158 127 0 0 0 0 0 0 0 0 0 0 0 276 162 3 3 1 1 0 0 0 1 0 0 0
165 130 0 1 0 0 0 0 0 0 0 0 0 279 169 3 3 1 1 0 0 0 1 0 0 0
176 134 0 1 0 0 0 0 0 0 0 0 0 285 175 3 3 1 1 0 0 0 1 0 0 0
182 142 0 1 0 0 0 0 0 0 0 0 0 288 178 3 3 1 1 0 0 0 1 0 0 0
185 145 0 1 0 0 0 0 0 0 0 0 0 293 182 3 3 1 1 0 0 0 1 0 0 0
188 148 0 1 0 0 0 0 0 0 0 0 0 296 185 3 3 1 1 0 0 0 1 0 0 0
191 152 0 1 0 0 0 0 0 0 0 0 0 299 190 3 3 1 1 0 0 0 1 0 0 0
197 155 0 1 0 0 0 0 0 0 0 0 0 311 196 3 3 1 1 0 0 0 1 0 0 0
200 161 0 1 0 0 0 0 0 0 0 0 0 314 200 3 4 1 1 0 0 0 1 0 0 0
211 164 0 1 0 0 0 0 0 0 0 0 0 317 204 4 4 1 1 0 0 0 1 0 0 0
221 169 0 1 0 0 0 0 0 0 0 0 0 320 207 4 4 1 1 0 0 0 1 0 0 0
227 174 0 1 0 0 0 0 0 0 0 0 0 324 213 4 4 1 1 0 0 0 1 0 0 0
