# scores for worst/random/best/smart move selector strategies. 
# scores are 50% and 95% quantiles (based on 40 games) of: 
# game score, #destroyed, #unlocked, #stripes, #bombs, #zappers
0 0 0 0 0 0 0 0 0 0 0 0 0 9 9 0 0 0 0 0 0 0 0 0 0 0
5 5 0 0 0 0 0 0 0 0 0 0 0 15 15 0 0 0 0 0 0 0 0 0 0 0
9 9 0 0 0 0 0 0 0 0 0 0 0 21 21 0 0 0 0 0 0 0 0 0 0 0
14 14 0 0 0 0 0 0 0 0 0 0 0 40 27 0 0 0 0 0 0 0 0 0 0 0
19 19 0 0 0 0 0 0 0 0 0 0 0 55 33 0 1 0 0 0 0 0 0 0 0 0
25 25 0 0 0 0 0 0 0 0 0 0 0 70 38 0 1 0 0 0 0 0 0 0 0 0
31 30 0 0 0 0 0 0 0 0 0 0 0 86 44 1 1 0 0 0 0 0 0 0 0 0
39 36 0 0 0 0 0 0 0 0 0 0 0 96 53 2 2 0 0 0 0 0 0 0 0 0
53 41 0 0 0 0 0 0 0 0 0 0 0 122 69 2 2 0 0 0 0 0 0 0 0 0
57 45 0 0 0 0 0 0 0 0 0 0 0 185 80 2 2 0 1 0 0 0 0 0 0 0
80 51 0 1 0 0 0 0 0 0 0 0 0 204 93 4 3 1 1 1 0 0 1 0 0 0
83 57 0 1 0 0 0 0 0 0 0 0 0 248 101 4 3 1 1 1 0 0 1 0 0 0
90 62 0 1 0 0 0 0 0 0 0 0 0 259 110 4 3 1 1 1 0 0 1 0 0 0
98 67 1 1 0 0 0 0 0 0 0 0 0 273 115 4 3 1 1 1 0 0 1 0 0 0
117 78 1 1 0 0 0 0 0 0 0 0 0 298 118 4 4 1 1 1 0 0 1 0 0 0
139 85 1 2 0 0 0 0 0 0 0 0 0 305 123 6 4 1 1 1 0 0 1 0 0 0
150 92 1 2 0 0 0 0 0 0 0 0 0 364 145 6 5 1 2 1 0 0 1 0 0 0
163 100 1 2 0 0 0 0 0 0 0 0 0 372 153 6 5 1 2 1 0 0 1 0 0 0
177 110 1 2 0 0 0 0 0 0 0 0 0 393 162 7 6 1 2 1 1 0 1 0 0 0
186 113 1 3 0 0 0 0 0 0 0 0 0 409 166 7 6 1 2 1 1 0 1 0 0 0
192 120 1 3 0 0 0 0 0 0 0 0 0 435 174 7 7 1 2 1 1 0 1 0 0 0
209 127 1 3 0 0 0 0 0 0 0 0 0 440 180 7 7 1 2 1 1 0 1 0 0 0
223 134 2 3 0 0 0 0 0 0 0 0 0 464 189 7 8 1 2 1 1 0 1 0 0 0
237 142 2 3 0 0 0 0 0 0 0 0 0 517 201 7 8 1 2 1 1 0 2 0 0 0
247 147 2 3 0 0 0 0 0 0 0 0 0 571 209 7 8 1 2 1 1 0 2 0 0 0
268 156 2 3 0 0 0 0 0 0 0 0 0 574 213 7 8 1 2 1 1 0 2 0 0 0
277 162 2 4 0 0 0 0 0 0 0 0 0 580 220 7 8 1 2 1 1 0 2 0 0 0
289 167 2 4 0 0 0 0 0 0 0 0 0 584 225 7 8 1 2 1 1 0 2 0 0 0
302 175 2 4 0 0 0 0 0 0 0 0 0 597 233 7 8 1 2 2 1 0 2 0 0 0
316 179 2 4 1 0 0 0 0 0 0 0 0 600 238 7 9 1 2 2 1 0 2 0 0 0
321 184 3 4 1 0 0 0 0 0 0 0 0 605 242 7 9 2 2 2 1 0 2 0 0 0
324 189 3 5 1 0 1 0 0 0 0 0 0 612 249 7 9 2 2 2 1 0 2 0 0 0
351 197 3 5 1 0 1 0 0 0 0 0 0 617 254 7 10 2 2 2 1 0 2 0 0 0
383 208 3 6 1 0 1 0 0 0 0 0 0 669 265 7 11 2 2 2 1 0 2 0 0 0
397 215 3 6 1 0 1 0 0 0 0 0 0 675 269 7 11 2 2 2 1 0 2 0 0 0
408 218 3 6 1 0 1 0 0 0 0 0 0 703 277 7 11 2 2 2 1 0 2 0 0 0
428 221 3 6 1 0 1 0 0 0 0 0 0 707 283 7 11 2 2 2 1 0 2 0 0 0
438 227 3 6 1 0 1 0 0 0 0 0 0 744 293 7 12 2 2 2 1 0 2 0 0 0
469 246 3 7 1 0 1 0 0 0 0 0 0 764 298 7 12 2 2 2 1 0 2 0 0 0
487 253 3 8 1 0 1 0 0 0 0 0 0 781 306 7 12 2 3 2 1 0 3 0 0 0
507 258 3 8 1 1 1 0 0 1 0 0 0 785 321 7 13 2 3 2 1 0 3 0 0 0
