# scores for worst/random/best/smart move selector strategies. 
# scores are 50% and 95% quantiles (based on 40 games) of: 
# game score, #destroyed, #unlocked, #stripes, #bombs, #zappers
0 0 0 0 0 0 0 0 0 0 0 0 0 9 9 0 0 0 0 0 0 0 0 0 0 0
3 3 0 0 0 0 0 0 0 0 0 0 0 15 15 0 0 0 0 0 0 0 0 0 0 0
9 9 0 0 0 0 0 0 0 0 0 0 0 21 21 0 0 0 0 0 0 0 0 0 0 0
12 12 0 0 0 0 0 0 0 0 0 0 0 24 24 0 0 0 0 0 0 0 0 0 0 0
16 16 0 0 0 0 0 0 0 0 0 0 0 38 27 0 0 0 0 0 0 0 0 0 0 0
21 21 0 0 0 0 0 0 0 0 0 0 0 41 32 0 0 0 0 0 0 0 0 0 0 0
24 24 0 0 0 0 0 0 0 0 0 0 0 49 39 0 0 0 0 0 0 0 0 0 0 0
27 27 0 0 0 0 0 0 0 0 0 0 0 58 47 0 0 0 0 0 0 0 0 0 0 0
33 33 0 0 0 0 0 0 0 0 0 0 0 76 51 0 0 0 0 0 0 0 0 0 0 0
36 36 0 0 0 0 0 0 0 0 0 0 0 89 57 0 0 0 0 0 0 0 0 0 0 0
39 39 0 0 0 0 0 0 0 0 0 0 0 92 61 0 1 0 0 0 0 0 0 0 0 0
45 45 0 0 0 0 0 0 0 0 0 0 0 95 65 0 1 0 0 0 0 0 0 0 0 0
48 48 0 0 0 0 0 0 0 0 0 0 0 100 69 0 1 0 0 0 0 0 0 0 0 0
54 54 0 0 0 0 0 0 0 0 0 0 0 103 72 0 1 0 0 0 0 0 0 0 0 0
57 57 0 0 0 0 0 0 0 0 0 0 0 107 75 0 1 0 0 0 0 0 0 0 0 0
62 61 0 0 0 0 0 0 0 0 0 0 0 110 80 0 1 0 0 0 0 0 0 0 0 0
66 65 0 0 0 0 0 0 0 0 0 0 0 114 87 0 1 0 0 0 0 0 0 0 0 0
72 69 0 0 0 0 0 0 0 0 0 0 0 117 90 0 1 0 0 0 0 0 0 0 0 0
75 75 0 0 0 0 0 0 0 0 0 0 0 120 99 0 1 0 0 0 0 0 0 0 0 0
81 78 0 0 0 0 0 0 0 0 0 0 0 123 102 0 1 0 0 0 0 0 0 0 0 0
84 81 0 0 0 0 0 0 0 0 0 0 0 130 109 0 1 0 0 0 0 0 0 0 0 0
88 85 0 0 0 0 0 0 0 0 0 0 0 135 117 0 1 0 0 0 0 0 0 0 0 0
92 88 0 0 0 0 0 0 0 0 0 0 0 138 120 0 1 0 0 0 0 0 0 0 0 0
95 91 0 0 0 0 0 0 0 0 0 0 0 145 123 0 1 0 0 0 0 0 0 0 0 0
99 96 0 0 0 0 0 0 0 0 0 0 0 150 126 0 1 0 0 0 0 0 0 0 0 0
107 102 0 0 0 0 0 0 0 0 0 0 0 154 132 0 1 0 0 0 0 0 0 0 0 0
111 106 0 0 0 0 0 0 0 0 0 0 0 161 135 0 1 0 0 0 0 0 0 0 0 0
115 109 0 0 0 0 0 0 0 0 0 0 0 164 140 0 1 0 0 0 0 0 0 0 0 0
118 114 0 0 0 0 0 0 0 0 0 0 0 167 147 0 1 0 0 0 0 0 0 0 0 0
125 117 0 0 0 0 0 0 0 0 0 0 0 170 150 0 1 0 0 0 0 0 0 0 0 0
129 120 0 0 0 0 0 0 0 0 0 0 0 173 153 0 1 0 0 0 0 0 0 0 0 0
132 126 0 0 0 0 0 0 0 0 0 0 0 176 156 0 1 0 0 0 0 0 0 0 0 0
135 130 0 0 0 0 0 0 0 0 0 0 0 179 159 0 1 0 0 0 0 0 0 0 0 0
140 134 0 0 0 0 0 0 0 0 0 0 0 196 162 0 2 0 0 0 0 0 0 0 0 0
144 139 0 0 0 0 0 0 0 0 0 0 0 199 166 0 2 0 0 0 0 0 0 0 0 0
147 144 0 0 0 0 0 0 0 0 0 0 0 205 169 0 2 0 0 0 0 0 0 0 0 0
151 148 0 0 0 0 0 0 0 0 0 0 0 208 172 0 2 0 0 0 0 0 0 0 0 0
157 151 0 0 0 0 0 0 0 0 0 0 0 211 175 0 2 0 0 0 0 0 0 0 0 0
160 155 0 0 0 0 0 0 0 0 0 0 0 216 180 0 2 0 0 0 0 0 0 0 0 0
166 158 0 0 0 0 0 0 0 0 0 0 0 221 183 1 2 0 0 0 0 0 0 0 0 0
169 165 0 0 0 0 0 0 0 0 0 0 0 227 187 1 2 1 0 0 0 0 0 0 0 0
