# scores for worst/random/best/smart move selector strategies. 
# scores are 50% and 95% quantiles (based on 40 games) of: 
# game score, #destroyed, #unlocked, #stripes, #bombs, #zappers
7 7 0 0 0 0 0 0 0 0 0 0 0 30 29 0 0 0 0 0 0 0 0 0 0 0
16 16 0 0 0 0 0 0 0 0 0 0 0 87 45 1 1 0 0 0 0 0 0 0 0 0
31 29 0 0 0 0 0 0 0 0 0 0 0 136 54 3 2 1 0 0 0 0 0 0 0 0
58 40 0 0 0 0 0 0 0 0 0 0 0 168 77 4 2 1 1 1 0 0 1 0 0 0
109 56 2 1 0 0 0 0 0 0 0 0 0 309 139 8 3 1 1 1 0 0 1 0 0 0
140 75 2 2 0 0 0 0 0 0 0 0 0 354 166 8 4 2 1 1 1 0 1 0 0 0
184 88 2 2 0 0 0 0 0 0 0 0 0 482 190 9 6 2 2 1 1 0 2 0 0 0
258 109 4 3 1 0 0 0 0 0 0 0 0 614 219 11 6 3 2 1 1 0 2 0 0 0
285 124 4 3 1 0 0 0 0 0 0 0 0 852 233 12 6 9 2 1 1 0 2 0 0 0
330 143 4 4 1 0 0 0 0 0 0 0 0 993 250 14 7 10 3 1 1 0 2 0 0 0
360 158 5 4 2 0 0 0 0 0 0 0 0 1000 265 14 8 10 3 1 1 0 3 0 0 0
396 171 5 5 2 1 0 0 0 0 0 0 0 1149 295 14 16 10 4 2 1 0 3 0 0 0
445 200 6 5 2 1 0 0 0 1 0 0 0 1153 316 15 16 11 4 2 1 0 3 0 0 0
491 211 6 6 2 1 0 0 0 1 0 0 0 1445 350 15 21 15 5 2 1 0 3 1 1 0
513 223 7 7 2 1 0 0 0 1 0 0 0 1472 392 15 21 15 5 3 1 0 4 1 1 0
542 240 7 7 2 1 0 0 0 1 0 0 0 1524 400 15 21 15 5 3 1 0 4 1 1 0
657 255 8 7 3 1 0 0 0 1 0 0 0 1724 445 15 25 15 6 3 1 0 4 1 1 0
704 268 8 8 3 1 0 0 0 1 0 0 0 1800 454 15 26 16 6 3 2 0 4 1 1 0
735 284 8 9 3 1 0 0 0 1 0 0 0 1870 480 15 33 16 7 3 2 1 4 1 1 0
772 307 9 9 3 1 0 1 0 1 0 0 0 1987 503 15 39 20 8 3 2 1 5 2 1 0
828 323 9 11 3 2 1 1 0 1 0 0 0 2047 553 15 41 20 8 3 2 1 5 2 1 0
896 343 9 12 4 2 1 1 0 1 0 0 0 2094 564 15 41 20 8 3 2 1 5 2 1 0
926 360 9 12 4 2 1 1 0 1 0 0 0 2271 598 15 42 20 8 3 2 1 5 2 1 0
977 368 9 13 4 2 1 1 0 1 0 0 0 2297 607 15 42 20 9 3 2 1 6 2 1 0
1020 386 9 14 4 2 1 1 0 1 0 0 0 2301 627 15 42 20 9 3 2 1 6 2 1 0
1079 413 9 15 5 2 1 1 0 2 0 0 0 2307 652 15 44 20 10 3 2 1 6 2 1 0
1100 436 9 16 5 2 1 1 0 2 0 0 0 2315 660 15 44 20 10 3 2 1 6 2 1 0
1220 449 9 17 5 2 1 1 0 2 0 0 0 2381 679 15 45 20 10 3 2 1 6 2 1 0
1243 472 9 18 5 2 1 1 0 2 0 0 0 2414 708 15 45 20 10 3 2 1 6 2 1 0
1276 481 9 19 5 2 1 1 0 2 0 0 0 2418 725 15 45 20 10 3 2 1 6 2 1 0
1294 496 9 19 6 2 1 1 0 2 0 0 0 2611 765 15 48 20 10 3 2 1 6 2 1 0
1319 505 9 19 6 3 1 1 0 2 0 0 0 2616 771 15 48 20 10 4 3 1 6 2 1 0
1482 527 9 21 6 3 1 1 0 2 0 0 0 2660 780 15 49 22 10 4 3 1 6 2 1 0
1490 532 9 21 6 3 1 1 0 2 0 0 0 2717 785 15 49 23 10 4 3 1 6 2 1 0
1496 544 9 21 6 3 1 1 0 2 0 0 0 2728 801 15 49 23 10 4 3 1 6 2 1 0
1734 564 9 21 6 3 1 1 0 2 0 0 0 2741 804 15 49 24 10 4 3 1 6 2 1 0
1812 573 9 22 6 3 2 1 0 2 0 0 0 2746 810 15 49 24 10 4 3 1 6 2 1 0
1821 586 9 22 6 3 2 1 0 2 0 0 0 2768 816 15 52 25 10 4 3 1 7 2 1 0
1914 613 9 23 6 3 2 1 0 2 0 0 0 2822 829 15 52 28 10 4 3 1 7 2 1 0
1937 632 9 24 6 3 2 1 0 2 0 0 0 2870 854 15 52 28 10 4 3 1 7 2 1 0
1974 645 9 25 7 3 2 1 0 2 0 0 0 2876 859 15 52 28 10 4 3 1 7 2 1 0
