# scores for worst/random/best/smart move selector strategies. 
# scores are 50% and 95% quantiles (based on 40 games) of: 
# game score, #destroyed, #unlocked, #stripes, #bombs, #zappers
7 7 0 0 0 0 0 0 0 0 0 0 0 30 29 0 0 0 0 0 0 0 0 0 0 0
15 15 0 0 0 0 0 0 0 0 0 0 0 59 42 2 1 0 0 0 0 0 0 0 0 0
24 22 0 0 0 0 0 0 0 0 0 0 0 94 58 2 1 0 0 0 0 0 0 0 0 0
31 29 0 0 0 0 0 0 0 0 0 0 0 146 75 3 2 0 0 0 0 0 0 0 0 0
44 37 0 0 0 0 0 0 0 0 0 0 0 161 86 3 3 1 0 0 0 0 0 0 0 0
58 46 0 0 0 0 0 0 0 0 0 0 0 179 103 3 3 1 0 0 0 0 0 0 0 0
73 52 0 0 0 0 0 0 0 0 0 0 0 232 119 3 3 1 0 0 0 0 0 0 0 0
86 64 0 0 0 0 0 0 0 0 0 0 0 263 130 5 3 1 1 0 0 0 1 0 0 0
99 69 0 1 0 0 0 0 0 0 0 0 0 270 148 6 3 1 1 0 0 0 1 0 0 0
105 84 0 1 0 0 0 0 0 0 0 0 0 329 156 6 3 2 1 0 0 0 1 0 0 0
128 94 0 1 0 0 0 0 0 0 0 0 0 402 185 6 4 2 1 0 0 0 1 0 0 0
146 100 1 1 0 0 0 0 0 0 0 0 0 427 195 6 4 2 1 0 0 0 1 0 0 0
167 110 1 2 0 0 0 0 0 0 0 0 0 450 198 9 4 3 1 0 0 0 1 0 0 0
199 121 2 2 0 0 0 0 0 0 0 0 0 455 207 9 4 3 1 0 0 0 1 0 0 0
223 131 2 2 0 0 0 0 0 0 0 0 0 461 215 9 5 3 1 0 0 0 1 0 0 0
234 141 2 2 1 0 0 0 0 0 0 0 0 523 227 9 6 4 1 1 0 0 1 0 0 0
258 153 2 3 1 0 0 0 0 0 0 0 0 617 264 9 7 4 2 1 0 0 1 0 0 0
272 166 2 3 1 0 0 0 0 0 0 0 0 710 293 9 7 4 2 1 0 0 1 0 0 0
298 179 3 3 1 0 0 0 0 0 0 0 0 717 299 9 7 4 2 1 0 0 1 0 0 0
305 187 3 3 1 0 0 0 0 0 0 0 0 744 313 9 8 4 2 1 0 0 1 0 0 0
347 196 3 3 1 0 0 0 0 0 0 0 0 763 320 9 8 4 2 1 0 0 1 0 0 0
371 200 3 4 1 0 0 0 0 0 0 0 0 780 331 9 9 5 2 1 0 0 1 0 0 0
381 212 3 4 1 0 0 0 0 0 0 0 0 815 348 9 9 5 2 1 0 0 2 0 0 0
400 232 3 4 1 0 0 0 0 0 0 0 0 819 355 12 9 5 2 1 0 0 2 0 0 0
403 238 3 4 1 0 0 0 0 0 0 0 0 838 359 12 9 5 2 1 0 0 2 0 0 0
433 243 3 4 1 0 0 0 0 0 0 0 0 841 364 12 9 5 2 1 0 0 2 0 0 0
440 249 4 4 2 0 0 0 0 0 0 0 0 851 369 12 9 5 2 1 0 0 2 0 0 0
453 255 4 4 2 0 0 0 0 0 0 0 0 854 374 12 10 5 2 1 0 0 2 0 0 0
470 272 4 4 2 0 0 0 0 0 0 0 0 872 381 12 10 5 2 1 0 0 2 0 0 0
519 282 5 5 2 0 0 0 0 0 0 0 0 876 384 12 10 5 2 1 0 0 2 0 0 0
522 288 5 5 2 1 0 0 0 0 0 0 0 901 392 12 10 7 2 1 0 0 2 0 0 0
536 296 5 5 2 1 0 0 0 0 0 0 0 913 402 12 11 7 2 1 0 0 2 0 0 0
557 307 5 6 2 1 0 0 0 1 0 0 0 971 424 12 12 7 2 1 0 0 2 0 0 0
629 319 5 6 2 1 0 0 0 1 0 0 0 984 437 12 13 7 2 1 0 0 2 0 0 0
644 334 5 6 2 1 0 0 0 1 0 0 0 992 448 13 13 7 2 1 0 0 2 0 0 0
649 340 5 6 2 1 0 0 0 1 0 0 0 996 452 13 13 7 2 1 1 0 2 0 0 0
654 344 5 7 2 1 0 0 0 1 0 0 0 1006 466 13 13 7 2 1 1 0 2 0 0 0
667 358 5 7 3 1 0 0 0 1 0 0 0 1010 473 13 13 7 2 1 1 0 2 0 0 0
693 366 5 7 3 1 0 0 0 1 0 0 0 1143 504 13 13 8 3 1 1 0 2 0 0 0
709 376 5 7 3 1 0 0 0 1 0 0 0 1194 514 15 14 8 3 1 1 0 2 0 0 0
722 385 5 8 3 1 0 0 0 1 0 0 0 1221 532 15 14 8 3 1 1 0 2 0 0 0
