# scores for worst/random/best/smart move selector strategies. 
# scores are 50% and 95% quantiles (based on 40 games) of: 
# game score, #destroyed, #unlocked, #stripes, #bombs, #zappers
7 7 0 0 0 0 0 0 0 0 0 0 0 30 29 0 0 0 0 0 0 0 0 0 0 0
12 12 0 0 0 0 0 0 0 0 0 0 0 45 38 1 0 0 0 0 0 0 0 0 0 0
18 18 0 0 0 0 0 0 0 0 0 0 0 87 54 1 1 0 0 0 0 0 0 0 0 0
27 27 0 0 0 0 0 0 0 0 0 0 0 90 63 2 1 0 0 0 0 0 0 0 0 0
34 33 0 0 0 0 0 0 0 0 0 0 0 98 72 2 1 0 0 0 0 0 0 0 0 0
43 39 0 0 0 0 0 0 0 0 0 0 0 133 83 2 1 1 0 0 0 0 0 0 0 0
54 46 0 0 0 0 0 0 0 0 0 0 0 137 88 2 1 1 0 0 0 0 0 0 0 0
66 57 0 0 0 0 0 0 0 0 0 0 0 151 97 2 1 1 0 0 0 0 0 0 0 0
72 66 0 0 0 0 0 0 0 0 0 0 0 176 110 2 2 1 0 0 0 0 0 0 0 0
84 71 0 0 0 0 0 0 0 0 0 0 0 205 120 2 2 1 0 0 0 0 0 0 0 0
101 80 0 0 0 0 0 0 0 0 0 0 0 250 135 5 4 1 0 0 0 0 0 0 0 0
113 92 0 0 0 0 0 0 0 0 0 0 0 261 140 5 4 1 0 0 0 0 0 0 0 0
139 99 0 1 0 0 0 0 0 0 0 0 0 265 147 5 4 2 0 0 0 0 0 0 0 0
157 108 0 1 0 0 0 0 0 0 0 0 0 327 187 5 4 2 0 0 0 0 0 0 0 0
174 117 0 1 0 0 0 0 0 0 0 0 0 332 198 5 5 2 0 0 0 0 0 0 0 0
183 122 0 1 0 0 0 0 0 0 0 0 0 344 213 5 5 2 0 0 0 0 0 0 0 0
196 133 0 1 0 0 0 0 0 0 0 0 0 350 216 8 6 3 0 0 0 0 0 0 0 0
204 142 0 1 0 0 0 0 0 0 0 0 0 375 224 8 6 3 0 0 0 0 0 0 0 0
213 148 0 1 0 0 0 0 0 0 0 0 0 402 241 8 6 3 0 0 0 0 0 0 0 0
222 164 0 1 0 0 0 0 0 0 0 0 0 414 254 8 6 3 1 0 0 0 0 0 0 0
225 175 0 1 1 0 0 0 0 0 0 0 0 549 289 9 7 3 1 0 0 0 0 0 0 0
231 180 0 2 1 0 0 0 0 0 0 0 0 570 301 9 7 3 1 0 0 0 0 0 0 0
234 186 0 2 1 0 0 0 0 0 0 0 0 645 315 9 7 3 1 0 0 0 0 0 0 0
269 192 0 2 1 0 0 0 0 0 0 0 0 648 323 9 7 3 1 0 0 0 0 0 0 0
277 199 1 2 1 0 0 0 0 0 0 0 0 651 326 9 7 3 1 0 0 0 0 0 0 0
284 207 1 2 1 0 0 0 0 0 0 0 0 740 345 9 7 4 1 0 0 0 0 0 0 0
311 219 1 3 1 0 0 0 0 0 0 0 0 746 348 9 8 4 1 0 0 0 0 0 0 0
350 228 1 3 1 0 0 0 0 0 0 0 0 756 358 9 8 4 1 0 0 0 0 0 0 0
353 236 1 3 1 0 0 0 0 0 0 0 0 782 366 9 8 4 1 0 0 0 0 0 0 0
381 247 1 3 1 0 0 0 0 0 0 0 0 798 374 9 8 4 1 0 0 0 0 0 0 0
398 253 1 3 1 0 0 0 0 0 0 0 0 818 400 9 9 4 2 0 0 0 0 0 0 0
408 261 1 3 1 0 0 0 0 0 0 0 0 821 403 9 9 4 2 0 0 0 0 0 0 0
414 271 2 3 1 0 0 0 0 0 0 0 0 824 407 11 9 4 2 0 0 0 0 0 0 0
418 275 2 3 1 0 0 0 0 0 0 0 0 835 417 11 9 4 2 0 0 0 0 0 0 0
426 282 2 4 1 0 0 0 0 0 0 0 0 840 422 11 9 4 2 0 0 0 0 0 0 0
437 287 2 4 1 0 0 0 0 0 0 0 0 843 425 11 9 5 2 0 0 0 0 0 0 0
451 297 2 4 1 0 0 0 0 0 0 0 0 857 439 11 9 5 2 0 0 0 0 0 0 0
457 301 2 4 1 0 0 0 0 0 0 0 0 923 446 11 9 5 2 0 0 0 0 0 0 0
466 308 2 4 1 0 0 0 0 0 0 0 0 930 451 11 9 5 2 0 0 0 0 0 0 0
473 315 2 4 1 0 0 0 0 0 0 0 0 938 459 11 9 5 2 0 0 0 0 0 0 0
478 321 2 4 1 0 0 0 0 0 0 0 0 943 463 11 9 5 2 0 0 0 0 0 0 0
