# scores for worst/random/best/smart move selector strategies. 
# scores are 50% and 95% quantiles (based on 40 games) of: 
# game score, #destroyed, #unlocked, #stripes, #bombs, #zappers
1 1 0 0 0 0 0 0 0 0 0 0 0 6 6 0 0 0 0 0 0 0 0 0 0 0
6 6 0 0 0 0 0 0 0 0 0 0 0 10 10 0 0 0 0 0 0 0 0 0 0 0
10 10 0 0 0 0 0 0 0 0 0 0 0 18 17 0 0 0 0 0 0 0 0 0 0 0
13 13 0 0 0 0 0 0 0 0 0 0 0 63 25 0 0 0 0 0 0 0 0 0 0 0
18 18 0 0 0 0 0 0 0 0 0 0 0 70 33 0 1 0 0 0 0 0 0 0 0 0
24 23 0 0 0 0 0 0 0 0 0 0 0 78 43 1 1 0 0 0 0 0 0 0 0 0
29 27 0 0 0 0 0 0 0 0 0 0 0 96 49 2 2 0 0 0 0 0 0 0 0 0
35 32 0 0 0 0 0 0 0 0 0 0 0 124 62 2 2 0 0 0 0 0 0 0 0 0
39 35 0 0 0 0 0 0 0 0 0 0 0 145 70 2 2 0 1 1 0 0 1 0 0 0
55 42 0 0 0 0 0 0 0 0 0 0 0 186 76 3 3 0 1 1 0 0 1 0 0 0
64 47 0 0 0 0 0 0 0 0 0 0 0 208 82 3 4 0 1 1 0 0 1 0 0 0
78 54 0 1 0 0 0 0 0 0 0 0 0 244 98 5 4 0 1 1 0 0 1 0 0 0
81 60 0 1 0 0 0 0 0 0 0 0 0 265 106 5 4 0 1 1 0 0 1 0 0 0
92 67 0 1 0 0 0 0 0 0 0 0 0 275 115 5 4 0 1 1 0 0 1 0 0 0
102 72 0 1 0 0 0 0 0 0 0 0 0 281 121 5 6 0 1 2 0 0 1 0 0 0
144 81 0 2 0 0 0 0 0 0 0 0 0 332 136 5 6 1 1 2 0 0 1 0 0 0
171 89 1 2 0 0 0 0 0 0 0 0 0 353 141 6 6 1 1 2 1 0 1 0 0 0
196 96 2 3 0 0 0 0 0 0 0 0 0 369 148 6 6 1 1 2 1 0 1 0 0 0
206 100 2 3 0 0 0 0 0 0 0 0 0 374 153 6 6 1 1 2 1 0 1 0 0 0
220 113 2 3 0 0 0 0 0 0 0 0 0 398 174 6 6 2 1 2 1 0 1 0 0 0
231 119 2 3 0 0 0 0 0 0 0 0 0 418 192 6 7 2 1 2 1 0 1 0 0 0
244 124 2 3 0 0 0 0 0 0 0 0 0 444 199 6 7 2 1 2 1 0 1 0 0 0
261 137 2 4 0 0 0 0 0 0 0 0 0 484 208 6 7 2 1 2 1 0 1 0 0 0
281 145 3 4 0 0 0 0 0 0 0 0 0 516 214 7 7 2 1 2 1 0 1 0 0 0
317 151 3 4 0 0 1 0 0 0 0 0 0 537 231 8 8 2 1 2 1 0 1 0 0 0
328 158 3 5 0 0 1 0 0 0 0 0 0 543 239 8 8 2 1 2 1 0 1 0 0 0
336 166 3 5 0 0 1 0 0 0 0 0 0 592 242 8 9 2 1 2 1 0 1 0 0 0
353 173 4 6 0 0 1 0 0 0 0 0 0 598 247 9 10 2 1 2 1 0 1 0 0 0
360 179 4 6 0 0 1 0 0 0 0 0 0 619 269 9 10 2 1 2 1 0 1 0 0 0
374 187 4 6 0 0 1 0 0 0 0 0 0 640 284 9 10 2 1 2 1 0 1 0 0 0
385 200 4 6 0 0 1 0 0 0 0 0 0 668 292 9 11 2 1 2 1 0 1 0 0 0
408 208 4 6 1 0 1 0 0 0 0 0 0 671 298 9 11 2 1 2 1 0 1 0 0 0
445 216 4 7 1 0 1 0 0 0 0 0 0 692 309 9 13 2 1 3 1 0 1 0 0 0
456 221 4 7 1 0 1 0 0 0 0 0 0 698 316 9 13 2 1 3 1 0 1 0 0 0
495 235 5 8 1 0 1 0 0 0 0 0 0 768 321 9 16 3 2 3 1 0 1 1 0 0
501 244 5 8 1 0 1 0 0 0 0 0 0 774 328 9 16 3 2 3 1 0 1 1 0 0
550 248 5 8 1 0 1 0 0 0 0 0 0 779 331 9 16 3 2 3 1 0 2 1 0 0
557 253 5 9 1 0 1 0 0 0 0 0 0 782 336 9 16 3 2 3 1 0 2 1 0 0
573 266 5 9 1 0 1 0 0 0 0 0 0 785 347 9 16 3 2 3 1 0 2 1 0 0
585 279 5 9 1 0 1 0 0 0 0 0 0 792 350 9 16 3 2 3 1 0 2 1 0 0
603 286 5 9 1 0 1 0 0 0 0 0 0 802 357 9 16 3 2 3 1 0 2 1 0 0
