# scores for worst/random/best/smart move selector strategies. 
# scores are 50% and 95% quantiles (based on 40 games) of: 
# game score, #destroyed, #unlocked, #stripes, #bombs, #zappers
1 1 0 0 0 0 0 0 0 0 0 0 0 6 6 0 0 0 0 0 0 0 0 0 0 0
6 6 0 0 0 0 0 0 0 0 0 0 0 14 14 0 0 0 0 0 0 0 0 0 0 0
9 9 0 0 0 0 0 0 0 0 0 0 0 19 19 0 0 0 0 0 0 0 0 0 0 0
12 12 0 0 0 0 0 0 0 0 0 0 0 23 23 0 0 0 0 0 0 0 0 0 0 0
18 18 0 0 0 0 0 0 0 0 0 0 0 42 30 0 0 0 0 0 0 0 0 0 0 0
21 21 0 0 0 0 0 0 0 0 0 0 0 50 34 0 0 0 0 0 0 0 0 0 0 0
27 27 0 0 0 0 0 0 0 0 0 0 0 70 42 0 0 0 0 0 0 0 0 0 0 0
30 30 0 0 0 0 0 0 0 0 0 0 0 79 46 0 0 0 0 0 0 0 0 0 0 0
33 33 0 0 0 0 0 0 0 0 0 0 0 95 54 0 1 0 0 0 0 0 0 0 0 0
36 36 0 0 0 0 0 0 0 0 0 0 0 98 57 0 1 0 0 0 0 0 0 0 0 0
44 44 0 0 0 0 0 0 0 0 0 0 0 117 67 2 1 0 0 0 0 0 0 0 0 0
49 48 0 0 0 0 0 0 0 0 0 0 0 125 72 2 1 1 0 0 0 0 0 0 0 0
54 54 0 0 0 0 0 0 0 0 0 0 0 133 75 2 1 1 0 0 0 0 0 0 0 0
60 59 0 0 0 0 0 0 0 0 0 0 0 153 82 4 3 1 0 0 0 0 0 0 0 0
63 63 0 0 0 0 0 0 0 0 0 0 0 185 93 4 3 1 1 0 0 0 1 0 0 0
69 67 0 0 0 0 0 0 0 0 0 0 0 203 101 4 3 1 1 0 0 0 1 0 0 0
75 70 0 0 0 0 0 0 0 0 0 0 0 206 104 4 3 1 1 0 0 0 1 0 0 0
84 75 0 0 0 0 0 0 0 0 0 0 0 215 107 5 3 1 1 0 0 0 1 0 0 0
100 79 0 0 0 0 0 0 0 0 0 0 0 224 115 5 3 1 1 1 0 0 1 0 0 0
113 87 0 1 0 0 0 0 0 0 0 0 0 259 122 5 4 1 1 1 0 0 1 0 0 0
121 90 0 1 0 0 0 0 0 0 0 0 0 267 131 5 4 1 1 1 0 0 1 0 0 0
124 94 0 1 0 0 0 0 0 0 0 0 0 277 140 5 4 1 1 1 0 0 1 0 0 0
127 98 0 1 0 0 0 0 0 0 0 0 0 281 143 5 4 1 1 1 0 0 1 0 0 0
130 104 0 1 0 0 0 0 0 0 0 0 0 332 162 7 5 1 1 1 0 0 1 0 0 0
145 109 0 1 0 0 0 0 0 0 0 0 0 336 166 7 5 1 1 1 0 0 1 0 0 0
152 116 0 1 0 0 0 0 0 0 0 0 0 354 173 7 5 1 1 1 0 0 1 0 0 0
160 122 0 1 0 0 0 0 0 0 0 0 0 362 181 7 5 1 1 1 0 0 1 0 0 0
186 126 0 1 0 0 0 0 0 0 0 0 0 375 191 7 5 1 1 1 0 0 1 0 0 0
190 132 0 1 0 0 0 0 0 0 0 0 0 380 194 7 5 1 1 1 0 0 1 0 0 0
194 139 0 1 0 0 0 0 0 0 0 0 0 383 197 7 6 1 1 1 0 0 1 0 0 0
197 142 1 1 0 0 0 0 0 0 0 0 0 386 200 7 6 1 1 1 0 0 1 0 0 0
206 151 1 1 0 0 0 0 0 0 0 0 0 389 203 7 6 1 1 1 0 0 1 0 0 0
211 154 1 2 0 0 0 0 0 0 0 0 0 395 206 7 6 1 1 1 0 0 1 0 0 0
214 158 1 2 0 0 0 0 0 0 0 0 0 399 209 7 6 1 1 1 0 0 1 0 0 0
217 164 1 2 0 0 0 0 0 0 0 0 0 402 214 7 6 1 1 1 0 0 1 0 0 0
224 173 1 2 0 0 0 0 0 0 0 0 0 408 223 7 6 1 1 1 0 0 1 0 0 0
231 176 1 2 0 0 0 0 0 0 0 0 0 411 226 7 6 2 1 1 0 0 1 0 0 0
279 185 1 2 0 0 0 0 0 0 0 0 0 435 231 7 6 2 1 1 0 0 1 0 0 0
296 191 1 2 0 0 0 0 0 0 0 0 0 438 235 7 6 2 1 1 0 0 1 0 0 0
319 199 1 2 0 0 0 0 0 0 0 0 0 441 239 7 6 2 1 1 0 0 1 0 0 0
322 202 1 3 0 0 0 0 0 0 0 0 0 446 249 7 6 2 1 1 0 0 1 0 0 0
