# scores for worst/random/best/smart move selector strategies. 
# scores are 50% and 95% quantiles (based on 40 games) of: 
# game score, #destroyed, #unlocked, #stripes, #bombs, #zappers
1 1 0 0 0 0 0 0 0 0 0 0 0 6 6 0 0 0 0 0 0 0 0 0 0 0
6 6 0 0 0 0 0 0 0 0 0 0 0 11 11 0 0 0 0 0 0 0 0 0 0 0
10 10 0 0 0 0 0 0 0 0 0 0 0 34 16 0 0 0 0 0 0 0 0 0 0 0
14 14 0 0 0 0 0 0 0 0 0 0 0 87 27 1 1 0 0 0 0 0 0 0 0 0
19 19 0 0 0 0 0 0 0 0 0 0 0 94 34 1 1 0 0 0 0 0 0 0 0 0
24 23 0 0 0 0 0 0 0 0 0 0 0 119 53 4 2 0 0 0 0 0 0 0 0 0
28 28 0 0 0 0 0 0 0 0 0 0 0 152 62 4 2 0 1 0 0 0 1 0 0 0
36 34 0 0 0 0 0 0 0 0 0 0 0 166 69 5 2 0 1 0 0 0 1 0 0 0
57 39 0 0 0 0 0 0 0 0 0 0 0 189 78 5 3 0 1 1 0 0 1 0 0 0
69 46 0 1 0 0 0 0 0 0 0 0 0 273 103 6 3 1 1 1 0 0 1 0 0 0
80 55 0 1 0 0 0 0 0 0 0 0 0 288 113 6 3 1 1 1 0 0 1 0 0 0
118 65 0 1 0 0 0 0 0 0 0 0 0 317 131 9 4 1 1 1 1 0 1 0 0 0
150 74 1 2 0 0 0 0 0 0 0 0 0 365 149 9 5 1 1 1 1 0 1 0 0 0
169 86 1 2 0 0 0 0 0 0 0 0 0 391 162 9 5 2 2 1 1 0 1 0 0 0
212 103 2 2 0 0 0 0 0 0 0 0 0 487 171 9 6 3 2 1 1 0 1 0 0 0
226 108 2 3 0 0 0 0 0 0 0 0 0 492 176 10 7 3 2 1 1 0 2 0 0 0
255 118 2 3 0 0 0 0 0 0 0 0 0 502 184 10 8 3 2 1 1 0 2 0 0 0
266 125 2 3 0 0 0 0 0 0 0 0 0 519 196 10 8 3 2 1 1 0 2 0 0 0
288 138 3 4 0 0 0 0 0 0 0 0 0 538 224 10 8 3 2 1 1 0 2 0 0 0
314 142 3 4 0 0 0 0 0 0 0 0 0 544 233 10 9 3 2 1 1 0 2 0 0 0
338 155 3 5 1 1 0 0 0 1 0 0 0 624 255 10 10 3 2 1 1 0 2 0 0 0
370 166 3 5 1 1 0 0 0 1 0 0 0 666 260 10 10 3 3 1 1 0 2 0 0 0
386 184 3 5 1 1 0 0 0 1 0 0 0 707 271 10 11 3 3 2 1 0 2 0 0 0
421 195 4 5 1 1 1 0 0 1 0 0 0 733 281 10 13 3 3 2 1 0 2 0 0 0
475 210 4 6 1 1 1 0 0 1 0 0 0 840 300 10 13 4 3 2 2 0 2 0 0 0
488 217 4 6 1 1 1 0 0 1 0 0 0 856 312 10 15 4 3 2 2 0 3 1 0 0
514 226 4 7 1 1 1 0 0 1 0 0 0 918 332 10 16 4 3 2 2 0 3 1 0 0
546 234 4 7 1 1 1 0 0 1 0 0 0 963 343 10 16 5 3 2 2 0 3 1 0 0
561 242 4 7 1 1 1 0 0 1 0 0 0 982 371 10 16 5 3 2 2 0 3 1 0 0
606 259 4 8 2 1 1 0 0 1 0 0 0 989 396 10 16 5 3 2 2 0 3 1 0 0
611 265 4 8 2 1 1 0 0 1 0 0 0 993 399 10 16 5 4 2 2 0 4 1 0 0
628 278 4 8 2 1 1 0 0 1 0 0 0 1070 422 10 16 5 4 2 2 0 4 1 0 0
668 298 4 9 2 2 1 0 0 1 0 0 0 1128 430 10 20 5 4 3 2 0 4 1 0 0
672 305 4 9 2 2 1 0 0 1 0 0 0 1161 440 10 20 7 4 3 2 1 4 1 0 0
737 314 4 10 2 2 1 0 0 1 0 0 0 1175 448 10 25 7 4 3 2 1 4 1 0 0
772 321 4 10 2 2 1 0 0 1 0 0 0 1184 456 10 25 7 4 3 2 1 4 1 0 0
777 331 4 10 2 2 1 0 0 1 0 0 0 1187 460 10 25 7 4 3 2 1 4 1 0 0
794 341 4 11 2 2 1 0 0 2 0 0 0 1225 467 10 26 7 4 3 2 1 4 1 0 0
829 350 4 11 2 2 1 0 0 2 0 0 0 1266 492 10 26 7 4 3 2 1 4 1 0 0
860 357 4 12 2 2 1 1 0 2 0 0 0 1291 500 10 26 7 4 3 2 1 4 1 0 0
884 368 4 12 2 2 1 1 0 2 0 0 0 1347 507 10 26 7 5 3 2 1 4 1 0 0
