# scores for worst/random/best/smart move selector strategies. 
# scores are 50% and 95% quantiles (based on 40 games) of: 
# game score, #destroyed, #unlocked, #stripes, #bombs, #zappers
1 1 0 0 0 0 0 0 0 0 0 0 0 6 6 0 0 0 0 0 0 0 0 0 0 0
6 6 0 0 0 0 0 0 0 0 0 0 0 10 10 0 0 0 0 0 0 0 0 0 0 0
9 9 0 0 0 0 0 0 0 0 0 0 0 15 15 0 0 0 0 0 0 0 0 0 0 0
12 12 0 0 0 0 0 0 0 0 0 0 0 21 21 0 0 0 0 0 0 0 0 0 0 0
15 15 0 0 0 0 0 0 0 0 0 0 0 28 28 0 0 0 0 0 0 0 0 0 0 0
19 19 0 0 0 0 0 0 0 0 0 0 0 32 32 0 0 0 0 0 0 0 0 0 0 0
24 24 0 0 0 0 0 0 0 0 0 0 0 35 35 0 0 0 0 0 0 0 0 0 0 0
27 27 0 0 0 0 0 0 0 0 0 0 0 41 41 0 0 0 0 0 0 0 0 0 0 0
33 33 0 0 0 0 0 0 0 0 0 0 0 46 46 0 0 0 0 0 0 0 0 0 0 0
36 36 0 0 0 0 0 0 0 0 0 0 0 91 54 0 1 0 0 0 0 0 0 0 0 0
40 40 0 0 0 0 0 0 0 0 0 0 0 94 57 0 1 0 0 0 0 0 0 0 0 0
45 45 0 0 0 0 0 0 0 0 0 0 0 98 63 0 1 0 0 0 0 0 0 0 0 0
48 48 0 0 0 0 0 0 0 0 0 0 0 103 68 0 1 0 0 0 0 0 0 0 0 0
51 51 0 0 0 0 0 0 0 0 0 0 0 108 71 0 1 0 0 0 0 0 0 0 0 0
57 57 0 0 0 0 0 0 0 0 0 0 0 126 77 0 2 0 0 0 0 0 0 0 0 0
61 61 0 0 0 0 0 0 0 0 0 0 0 131 83 0 2 0 0 0 0 0 0 0 0 0
66 66 0 0 0 0 0 0 0 0 0 0 0 134 87 0 2 0 0 0 0 0 0 0 0 0
72 72 0 0 0 0 0 0 0 0 0 0 0 142 93 0 2 0 0 0 0 0 0 0 0 0
75 75 0 0 0 0 0 0 0 0 0 0 0 148 97 1 2 0 0 0 0 0 0 0 0 0
78 78 0 0 0 0 0 0 0 0 0 0 0 153 107 1 2 0 0 0 0 0 0 0 0 0
81 81 0 0 0 0 0 0 0 0 0 0 0 160 111 1 2 0 0 0 0 0 0 0 0 0
84 84 0 0 0 0 0 0 0 0 0 0 0 163 115 1 2 0 0 0 0 0 0 0 0 0
89 89 0 0 0 0 0 0 0 0 0 0 0 170 119 1 2 0 0 0 0 0 0 0 0 0
93 93 0 0 0 0 0 0 0 0 0 0 0 173 122 1 2 0 0 0 0 0 0 0 0 0
99 98 0 0 0 0 0 0 0 0 0 0 0 178 129 1 2 0 0 0 0 0 0 0 0 0
105 102 0 0 0 0 0 0 0 0 0 0 0 197 135 1 2 1 0 0 0 0 0 0 0 0
110 109 0 0 0 0 0 0 0 0 0 0 0 201 138 1 2 1 0 0 0 0 0 0 0 0
123 113 0 0 0 0 0 0 0 0 0 0 0 204 143 1 2 1 0 0 0 0 0 0 0 0
126 117 0 0 0 0 0 0 0 0 0 0 0 226 158 1 2 1 0 0 0 0 0 0 0 0
139 120 0 0 0 0 0 0 0 0 0 0 0 229 161 1 2 1 0 0 0 0 0 0 0 0
143 125 0 0 0 0 0 0 0 0 0 0 0 282 176 1 2 1 0 0 0 0 0 0 0 0
152 129 0 0 0 0 0 0 0 0 0 0 0 289 180 1 2 1 0 0 0 0 0 0 0 0
157 136 0 0 0 0 0 0 0 0 0 0 0 292 183 1 2 1 0 0 0 0 0 0 0 0
161 140 0 0 0 0 0 0 0 0 0 0 0 296 189 1 2 1 0 0 0 0 0 0 0 0
166 144 0 0 0 0 0 0 0 0 0 0 0 299 192 1 2 1 0 0 0 0 0 0 0 0
176 147 0 0 0 0 0 0 0 0 0 0 0 304 200 1 2 1 0 0 0 0 0 0 0 0
179 153 0 0 0 0 0 0 0 0 0 0 0 333 203 1 3 1 0 0 0 0 0 0 0 0
184 158 0 1 0 0 0 0 0 0 0 0 0 338 207 1 3 1 0 0 0 0 0 0 0 0
188 161 0 1 0 0 0 0 0 0 0 0 0 341 210 1 3 1 0 0 0 0 0 0 0 0
194 167 0 1 0 0 0 0 0 0 0 0 0 360 220 2 3 1 0 0 0 0 0 0 0 0
198 170 0 1 0 0 0 0 0 0 0 0 0 363 223 2 3 1 0 0 0 0 0 0 0 0
