# scores for worst/random/best/smart move selector strategies. 
# scores are 50% and 95% quantiles (based on 40 games) of: 
# game score, #destroyed, #unlocked, #stripes, #bombs, #zappers
0 0 0 0 0 0 0 0 0 0 0 0 0 8 8 0 0 0 0 0 0 0 0 0 0 0
6 6 0 0 0 0 0 0 0 0 0 0 0 60 27 0 1 0 0 0 0 0 0 0 0 0
10 10 0 0 0 0 0 0 0 0 0 0 0 69 34 0 1 0 0 0 0 0 0 0 0 0
16 15 0 0 0 0 0 0 0 0 0 0 0 94 42 1 1 0 0 0 0 0 0 0 0 0
29 23 0 0 0 0 0 0 0 0 0 0 0 126 56 1 1 1 1 0 0 0 1 0 0 0
48 29 0 0 0 0 0 0 0 0 0 0 0 165 71 4 2 1 1 0 0 0 1 0 0 0
56 34 0 0 0 0 0 0 0 0 0 0 0 202 77 4 3 1 1 0 0 0 1 0 0 0
71 46 0 1 0 0 0 0 0 0 0 0 0 253 84 15 3 1 1 0 0 0 1 0 0 0
96 50 0 1 0 0 0 0 0 0 0 0 0 327 99 24 5 1 1 1 0 0 1 0 0 0
106 59 0 1 0 0 0 0 0 0 0 0 0 343 111 24 6 2 1 1 0 0 1 0 0 0
153 75 1 1 0 0 0 0 0 0 0 0 0 387 120 24 6 2 2 1 1 0 1 0 0 0
161 83 2 2 0 0 0 0 0 0 0 0 0 495 146 24 10 2 2 1 1 0 1 1 0 0
203 93 4 2 0 0 0 0 0 0 0 0 0 531 165 24 10 2 2 1 1 0 1 1 0 0
230 103 5 3 1 0 0 0 0 0 0 0 0 669 173 25 11 3 2 1 1 0 1 1 0 0
247 110 5 4 1 0 0 0 0 0 0 0 0 679 184 25 11 3 2 1 1 0 1 1 0 0
292 131 6 4 1 0 0 0 0 0 0 0 0 794 239 25 12 4 2 1 1 0 1 1 0 0
328 146 8 4 1 1 0 0 0 0 0 0 0 859 244 25 12 4 2 2 1 0 2 1 0 0
362 157 8 6 1 1 0 0 0 0 0 0 0 864 252 25 12 4 2 2 1 0 2 1 0 0
414 175 9 6 1 1 0 0 0 0 0 0 0 869 263 25 12 4 2 2 1 0 2 1 0 0
471 192 10 6 1 1 1 0 0 1 0 0 0 1013 275 25 14 9 3 2 1 0 2 1 0 0
520 208 11 6 1 1 1 0 0 1 0 0 0 1037 304 25 15 9 3 2 1 1 2 1 0 0
566 229 11 7 2 1 1 0 0 1 0 0 0 1061 331 25 17 9 3 2 1 1 3 1 0 0
603 238 11 8 2 1 1 1 0 1 0 0 0 1108 360 25 18 10 3 3 2 1 3 1 0 0
660 266 11 8 2 1 1 1 0 1 0 0 0 1174 371 25 18 13 3 3 2 1 3 1 1 0
726 277 11 9 2 1 1 1 0 1 0 0 0 1255 387 25 19 13 4 3 2 1 3 1 1 0
809 298 12 9 2 1 1 1 0 1 0 0 0 1407 401 25 19 14 4 3 2 1 3 1 1 0
830 310 13 10 3 1 1 1 0 1 0 0 0 1447 435 25 23 14 5 3 2 1 4 1 1 0
876 327 13 11 3 2 1 1 0 1 0 0 0 1579 457 25 23 17 5 3 2 1 4 1 1 0
888 343 13 11 3 2 1 1 0 1 0 0 0 1666 507 25 23 18 5 3 3 1 4 1 1 0
903 356 13 11 3 2 1 1 0 2 0 0 0 1713 516 25 23 18 6 3 3 1 4 1 1 0
933 373 13 12 3 2 1 1 0 2 0 0 0 1812 539 25 23 18 6 3 3 1 4 1 1 0
978 384 13 13 3 2 1 1 0 2 0 0 0 1821 548 25 23 18 6 3 3 1 4 1 1 0
1062 415 13 14 4 2 1 1 0 2 0 0 0 1969 552 25 25 21 6 3 3 1 4 1 1 0
1122 430 13 15 4 2 1 1 0 2 0 0 0 1994 587 25 25 21 6 3 3 1 5 1 1 0
1135 436 13 16 5 2 2 1 0 2 0 0 0 2011 606 25 29 21 6 4 3 1 5 1 1 0
1140 453 13 16 5 2 2 1 0 2 0 0 0 2016 613 25 31 22 7 4 3 1 5 1 1 0
1193 469 13 17 5 2 2 1 0 2 0 0 0 2162 643 25 31 22 7 4 3 1 5 1 1 0
1206 476 13 17 5 2 2 1 0 2 0 0 0 2169 654 25 32 22 7 4 3 1 5 1 1 0
1219 488 13 17 5 2 2 1 0 2 0 0 0 2215 661 25 32 22 7 4 3 1 5 1 1 0
1284 522 13 18 5 3 2 1 0 2 0 0 0 2373 696 25 37 22 7 4 3 1 5 1 1 0
1347 548 13 19 5 3 2 1 0 2 0 0 0 2579 739 25 37 22 7 4 3 1 5 1 1 0
