# scores for worst/random/best/smart move selector strategies. 
# scores are 50% and 95% quantiles (based on 40 games) of: 
# game score, #destroyed, #unlocked, #stripes, #bombs, #zappers
0 0 0 0 0 0 0 0 0 0 0 0 0 8 8 0 0 0 0 0 0 0 0 0 0 0
6 6 0 0 0 0 0 0 0 0 0 0 0 59 18 0 1 0 0 0 0 0 0 0 0 0
11 11 0 0 0 0 0 0 0 0 0 0 0 70 23 0 1 0 0 0 0 0 0 0 0 0
18 17 0 0 0 0 0 0 0 0 0 0 0 113 40 0 1 1 1 0 0 0 1 0 0 0
25 23 0 0 0 0 0 0 0 0 0 0 0 152 66 2 2 1 1 0 0 0 1 0 0 0
44 29 0 0 0 0 0 0 0 0 0 0 0 254 83 4 2 2 1 0 0 0 1 0 0 0
83 39 0 1 0 0 0 0 0 0 0 0 0 338 121 12 4 2 1 1 1 0 1 0 0 0
100 49 0 1 0 0 0 0 0 0 0 0 0 349 131 12 4 3 1 1 1 0 1 0 0 0
125 59 1 1 0 0 0 0 0 0 0 0 0 442 159 12 5 3 2 1 1 0 1 0 0 0
152 76 3 2 0 0 0 0 0 0 0 0 0 475 177 12 5 3 3 1 1 0 2 0 0 0
205 90 4 2 0 0 0 0 0 0 0 0 0 613 215 13 6 6 3 1 1 0 2 0 0 0
228 101 4 3 0 0 0 0 0 0 0 0 0 648 236 13 7 6 3 1 1 0 2 0 0 0
281 115 5 3 1 0 0 0 0 0 0 0 0 664 257 13 7 6 3 2 1 0 2 0 0 0
351 125 6 4 1 0 0 0 0 0 0 0 0 771 281 19 8 7 3 2 1 1 3 0 0 0
371 143 7 5 1 1 0 0 0 0 0 0 0 819 299 23 9 8 3 2 1 1 3 1 0 0
430 161 8 5 2 1 0 0 0 1 0 0 0 1154 340 24 11 11 3 2 1 1 3 1 1 0
470 177 8 5 2 1 1 0 0 1 0 0 0 1214 367 24 12 11 3 2 1 1 3 1 1 0
532 208 8 6 3 1 1 0 0 1 0 0 0 1321 414 24 13 11 4 2 1 1 3 1 1 0
597 238 8 7 3 1 1 0 0 1 0 0 0 1477 433 24 16 11 5 2 1 1 3 1 1 0
696 258 8 7 3 2 1 0 0 1 0 0 0 1535 447 24 19 11 5 2 1 1 4 1 1 0
773 280 9 9 4 2 1 0 0 2 0 0 0 1549 467 24 19 15 5 2 1 1 4 1 1 0
833 294 9 9 4 3 1 0 0 2 0 0 0 1660 481 24 28 15 5 2 1 1 4 1 1 0
881 318 9 9 4 3 1 0 0 2 0 0 0 1682 497 24 29 15 6 2 1 1 5 1 1 0
969 354 10 10 4 3 1 0 0 2 0 0 0 1801 546 24 32 15 6 3 2 1 5 1 1 0
1037 385 10 10 5 3 1 1 0 3 0 0 0 1875 561 24 33 16 6 3 2 1 5 1 1 0
1102 407 10 11 5 3 1 1 0 3 0 0 0 1898 598 24 33 16 6 3 2 1 5 1 1 0
1110 420 10 12 5 3 1 1 0 3 0 0 0 2028 637 24 34 16 7 3 2 1 5 1 1 0
1190 445 11 12 5 4 1 1 0 3 0 0 0 2050 659 24 34 16 7 3 2 1 5 1 1 0
1219 456 11 13 5 4 1 1 0 3 0 0 0 2093 695 24 34 17 7 3 2 1 5 1 1 0
1294 478 11 14 6 4 1 1 0 3 0 0 0 2183 731 24 34 17 8 3 2 1 6 1 1 0
1330 490 11 15 7 4 1 1 0 3 0 0 0 2223 740 24 35 17 8 3 2 2 6 1 1 0
1386 548 11 16 7 4 1 1 0 3 0 0 0 2244 762 24 35 18 8 3 2 2 6 1 1 0
1445 560 11 16 8 4 1 1 0 3 0 0 0 2259 776 24 36 18 8 3 2 2 6 1 1 0
1509 590 11 17 8 4 1 1 0 4 0 0 0 2321 791 24 36 18 8 3 2 2 6 1 1 0
1755 620 11 20 8 5 1 1 0 4 0 0 0 2362 822 24 36 19 8 3 3 2 6 1 1 0
1805 635 11 20 8 5 1 1 0 4 0 0 0 2459 827 24 37 19 8 3 3 2 7 1 1 0
1854 662 11 22 9 5 1 1 0 4 0 0 0 2477 890 24 37 19 8 3 3 2 7 1 1 0
1927 692 11 22 9 5 1 1 0 4 0 0 0 2564 900 24 39 19 9 4 3 2 8 1 1 0
1955 707 11 23 9 6 1 1 0 4 0 0 0 2778 926 24 43 19 10 4 3 2 8 1 1 0
2016 737 11 24 9 6 2 1 0 5 0 0 0 2840 955 24 45 19 10 4 3 2 8 2 1 0
2112 766 11 26 9 7 2 1 0 5 0 0 0 2845 969 24 45 20 10 4 3 2 8 2 1 0
