# scores for worst/random/best/smart move selector strategies. 
# scores are 50% and 95% quantiles (based on 40 games) of: 
# game score, #destroyed, #unlocked, #stripes, #bombs, #zappers
0 0 0 0 0 0 0 0 0 0 0 0 0 8 8 0 0 0 0 0 0 0 0 0 0 0
6 6 0 0 0 0 0 0 0 0 0 0 0 46 16 0 1 0 0 0 0 0 0 0 0 0
9 9 0 0 0 0 0 0 0 0 0 0 0 55 25 0 1 0 0 0 0 0 0 0 0 0
15 15 0 0 0 0 0 0 0 0 0 0 0 60 30 0 1 0 0 0 0 0 0 0 0 0
21 21 0 0 0 0 0 0 0 0 0 0 0 65 37 0 1 0 0 0 0 0 0 0 0 0
27 27 0 0 0 0 0 0 0 0 0 0 0 69 40 0 1 0 0 0 0 0 0 0 0 0
32 30 0 0 0 0 0 0 0 0 0 0 0 72 54 0 1 0 0 0 0 0 0 0 0 0
37 37 0 0 0 0 0 0 0 0 0 0 0 85 64 0 1 0 0 0 0 0 0 0 0 0
41 40 0 0 0 0 0 0 0 0 0 0 0 103 71 1 1 0 0 0 0 0 0 0 0 0
48 47 0 0 0 0 0 0 0 0 0 0 0 106 74 1 1 0 0 0 0 0 0 0 0 0
54 51 0 0 0 0 0 0 0 0 0 0 0 188 99 1 2 1 0 0 0 0 0 0 0 0
65 58 0 0 0 0 0 0 0 0 0 0 0 196 106 2 2 1 0 0 0 0 0 0 0 0
72 63 0 0 0 0 0 0 0 0 0 0 0 199 112 3 2 1 0 0 0 0 0 0 0 0
86 70 0 0 0 0 0 0 0 0 0 0 0 206 117 3 2 1 0 0 0 0 0 0 0 0
92 74 0 0 0 0 0 0 0 0 0 0 0 228 123 3 3 1 0 0 0 0 0 0 0 0
100 80 0 0 0 0 0 0 0 0 0 0 0 233 128 3 3 1 0 0 0 0 0 0 0 0
104 88 0 0 0 0 0 0 0 0 0 0 0 236 129 3 3 1 0 0 0 0 0 0 0 0
115 96 0 0 0 0 0 0 0 0 0 0 0 239 132 3 3 1 0 0 0 0 0 0 0 0
126 99 0 0 0 0 0 0 0 0 0 0 0 245 148 3 3 1 0 0 0 0 0 0 0 0
131 104 0 0 0 0 0 0 0 0 0 0 0 254 155 4 3 1 0 0 0 0 0 0 0 0
134 112 0 1 0 0 0 0 0 0 0 0 0 267 160 5 3 1 0 0 0 0 0 0 0 0
139 115 0 1 0 0 0 0 0 0 0 0 0 320 171 5 3 2 0 0 0 0 0 0 0 0
147 121 0 1 0 0 0 0 0 0 0 0 0 327 185 5 3 2 0 0 0 0 0 0 0 0
153 124 0 1 0 0 0 0 0 0 0 0 0 332 188 5 3 2 0 0 0 0 0 0 0 0
162 139 0 1 0 0 0 0 0 0 0 0 0 342 198 5 3 2 0 0 0 0 0 0 0 0
183 143 0 1 0 0 0 0 0 0 0 0 0 345 201 5 4 2 0 0 0 0 0 0 0 0
189 149 0 1 0 0 0 0 0 0 0 0 0 353 214 5 4 2 0 0 0 0 0 0 0 0
195 156 0 1 0 0 0 0 0 0 0 0 0 359 220 5 4 2 0 0 0 0 0 0 0 0
203 163 0 1 0 0 0 0 0 0 0 0 0 387 234 5 4 2 0 0 0 0 0 0 0 0
221 168 0 1 0 0 0 0 0 0 0 0 0 420 245 5 4 3 0 0 0 0 0 0 0 0
233 174 1 1 0 0 0 0 0 0 0 0 0 423 248 5 4 3 0 0 0 0 0 0 0 0
242 183 1 1 0 0 0 0 0 0 0 0 0 433 259 6 4 3 0 0 0 0 0 0 0 0
250 188 1 1 0 0 0 0 0 0 0 0 0 449 273 6 4 3 1 0 0 0 0 0 0 0
255 193 1 1 0 0 0 0 0 0 0 0 0 452 276 6 4 3 1 0 0 0 0 0 0 0
272 204 2 2 0 0 0 0 0 0 0 0 0 458 290 6 4 3 1 0 0 0 0 0 0 0
279 208 2 2 0 0 0 0 0 0 0 0 0 464 294 6 4 3 1 0 0 0 0 0 0 0
290 212 2 2 0 0 0 0 0 0 0 0 0 469 299 6 4 3 1 0 0 0 0 0 0 0
299 215 2 2 1 0 0 0 0 0 0 0 0 473 305 6 4 3 1 0 0 0 0 0 0 0
307 226 2 2 1 0 0 0 0 0 0 0 0 478 310 6 4 3 1 0 0 0 0 0 0 0
336 236 2 2 1 0 0 0 0 0 0 0 0 481 313 6 5 3 1 0 0 0 0 0 0 0
354 243 2 2 1 0 0 0 0 0 0 0 0 538 319 6 5 3 1 0 0 0 0 0 0 0
