# scores for worst/random/best/smart move selector strategies. 
# scores are 50% and 95% quantiles (based on 40 games) of: 
# game score, #destroyed, #unlocked, #stripes, #bombs, #zappers
0 0 0 0 0 0 0 0 0 0 0 0 0 3 3 0 0 0 0 0 0 0 0 0 0 0
3 3 0 0 0 0 0 0 0 0 0 0 0 9 9 0 0 0 0 0 0 0 0 0 0 0
7 7 0 0 0 0 0 0 0 0 0 0 0 14 14 0 0 0 0 0 0 0 0 0 0 0
12 12 0 0 0 0 0 0 0 0 0 0 0 22 21 0 0 0 0 0 0 0 0 0 0 0
15 15 0 0 0 0 0 0 0 0 0 0 0 43 26 0 0 0 0 0 0 0 0 0 0 0
20 19 0 0 0 0 0 0 0 0 0 0 0 46 35 0 0 0 0 0 0 0 0 0 0 0
23 22 0 0 0 0 0 0 0 0 0 0 0 49 38 0 0 0 0 0 0 0 0 0 0 0
27 27 0 0 0 0 0 0 0 0 0 0 0 63 41 0 0 0 0 0 0 0 0 0 0 0
32 31 0 0 0 0 0 0 0 0 0 0 0 75 47 0 1 0 0 0 0 0 0 0 0 0
36 36 0 0 0 0 0 0 0 0 0 0 0 78 50 0 1 0 0 0 0 0 0 0 0 0
39 39 0 0 0 0 0 0 0 0 0 0 0 85 55 0 1 0 0 0 0 0 0 0 0 0
45 44 0 0 0 0 0 0 0 0 0 0 0 99 60 1 1 0 0 0 0 0 0 0 0 0
48 47 0 0 0 0 0 0 0 0 0 0 0 118 64 3 1 0 0 0 0 0 0 0 0 0
51 51 0 0 0 0 0 0 0 0 0 0 0 122 69 3 1 0 0 0 0 0 0 0 0 0
57 54 0 0 0 0 0 0 0 0 0 0 0 127 73 3 1 0 0 0 0 0 0 0 0 0
61 59 0 0 0 0 0 0 0 0 0 0 0 130 76 3 1 0 0 0 0 0 0 0 0 0
64 63 0 0 0 0 0 0 0 0 0 0 0 146 82 3 2 0 0 1 0 0 0 0 0 0
71 66 0 0 0 0 0 0 0 0 0 0 0 176 90 3 2 1 0 1 0 0 0 0 0 0
83 70 0 0 0 0 0 0 0 0 0 0 0 179 93 4 2 1 0 1 0 0 0 0 0 0
86 75 0 0 0 0 0 0 0 0 0 0 0 184 100 4 2 1 0 1 0 0 0 0 0 0
94 78 0 0 0 0 0 0 0 0 0 0 0 187 105 4 2 1 0 1 0 0 0 0 0 0
97 83 0 0 0 0 0 0 0 0 0 0 0 230 116 4 2 1 0 1 0 0 0 0 0 0
105 87 0 1 0 0 0 0 0 0 0 0 0 233 119 4 2 1 0 1 0 0 0 0 0 0
114 91 0 1 0 0 0 0 0 0 0 0 0 236 123 4 2 1 0 1 0 0 0 0 0 0
125 99 0 1 0 0 0 0 0 0 0 0 0 250 129 6 3 1 0 1 0 0 0 0 0 0
128 103 0 1 0 0 0 0 0 0 0 0 0 253 132 6 3 1 0 1 0 0 0 0 0 0
137 107 0 1 0 0 0 0 0 0 0 0 0 256 135 6 3 1 0 1 0 0 0 0 0 0
141 110 0 1 0 0 0 0 0 0 0 0 0 264 141 6 3 1 0 1 0 0 0 0 0 0
144 113 0 1 0 0 0 0 0 0 0 0 0 270 145 6 3 1 0 1 0 0 0 0 0 0
151 120 0 1 0 0 0 0 0 0 0 0 0 273 148 6 3 1 0 1 0 0 0 0 0 0
155 124 0 1 0 0 0 0 0 0 0 0 0 290 154 6 3 1 0 1 0 0 0 0 0 0
160 127 0 1 0 0 0 0 0 0 0 0 0 295 160 6 3 1 0 1 0 0 0 0 0 0
177 131 1 1 0 0 0 0 0 0 0 0 0 300 164 6 3 1 0 1 0 0 0 0 0 0
180 134 1 1 0 0 0 0 0 0 0 0 0 305 171 6 3 1 0 1 0 0 0 0 0 0
185 140 1 1 0 0 0 0 0 0 0 0 0 308 177 6 3 1 0 1 0 0 0 0 0 0
188 143 1 1 0 0 0 0 0 0 0 0 0 315 180 6 3 1 0 1 0 0 0 0 0 0
192 148 2 2 0 0 0 0 0 0 0 0 0 319 184 6 3 1 0 1 0 0 0 0 0 0
201 152 2 2 0 0 0 0 0 0 0 0 0 322 187 6 3 1 0 1 0 0 0 0 0 0
206 155 2 2 0 0 0 0 0 0 0 0 0 325 191 7 4 1 0 1 0 0 0 0 0 0
213 159 2 2 0 0 0 0 0 0 0 0 0 330 194 7 4 1 0 1 0 0 0 0 0 0
217 166 2 2 0 0 0 0 0 0 0 0 0 337 201 7 4 1 0 1 0 0 0 0 0 0
