# scores for worst/random/best/smart move selector strategies. 
# scores are 50% and 95% quantiles (based on 40 games) of: 
# game score, #destroyed, #unlocked, #stripes, #bombs, #zappers
0 0 0 0 0 0 0 0 0 0 0 0 0 3 3 0 0 0 0 0 0 0 0 0 0 0
3 3 0 0 0 0 0 0 0 0 0 0 0 8 8 0 0 0 0 0 0 0 0 0 0 0
7 7 0 0 0 0 0 0 0 0 0 0 0 13 13 0 0 0 0 0 0 0 0 0 0 0
12 12 0 0 0 0 0 0 0 0 0 0 0 42 23 0 0 0 0 0 0 0 0 0 0 0
15 15 0 0 0 0 0 0 0 0 0 0 0 58 26 0 0 0 0 0 0 0 0 0 0 0
18 18 0 0 0 0 0 0 0 0 0 0 0 68 33 0 1 0 0 0 0 0 0 0 0 0
22 22 0 0 0 0 0 0 0 0 0 0 0 76 37 0 1 0 0 0 0 0 0 0 0 0
27 27 0 0 0 0 0 0 0 0 0 0 0 87 41 0 1 0 0 0 0 0 0 0 0 0
31 31 0 0 0 0 0 0 0 0 0 0 0 98 47 0 2 0 0 0 0 0 0 0 0 0
36 36 0 0 0 0 0 0 0 0 0 0 0 104 53 0 2 0 0 0 0 0 0 0 0 0
42 39 0 0 0 0 0 0 0 0 0 0 0 108 57 2 2 0 0 0 0 0 0 0 0 0
51 45 0 0 0 0 0 0 0 0 0 0 0 124 64 2 2 0 0 0 0 0 0 0 0 0
61 49 0 0 0 0 0 0 0 0 0 0 0 155 73 3 2 1 0 0 0 0 0 0 0 0
75 55 0 1 0 0 0 0 0 0 0 0 0 199 82 4 2 1 0 0 0 0 0 0 0 0
80 60 0 1 0 0 0 0 0 0 0 0 0 209 88 4 2 1 0 0 0 0 0 0 0 0
88 64 0 1 0 0 0 0 0 0 0 0 0 231 100 8 3 1 0 1 0 0 0 0 0 0
102 70 0 1 0 0 0 0 0 0 0 0 0 234 103 8 3 1 0 1 0 0 0 0 0 0
117 77 0 1 0 0 0 0 0 0 0 0 0 244 114 8 3 1 0 1 0 0 0 0 0 0
130 84 2 1 0 0 0 0 0 0 0 0 0 410 146 12 9 1 1 1 0 0 1 0 0 0
146 88 2 2 0 0 0 0 0 0 0 0 0 414 150 12 9 1 1 1 0 0 1 0 0 0
156 93 2 2 0 0 0 0 0 0 0 0 0 433 156 12 9 1 1 1 0 0 1 0 0 0
168 99 2 2 0 0 0 0 0 0 0 0 0 442 166 14 11 1 1 1 0 0 1 0 0 0
181 103 3 2 0 0 0 0 0 0 0 0 0 451 177 15 11 1 1 1 0 0 1 1 0 0
194 110 3 2 0 0 0 0 0 0 0 0 0 459 184 15 11 1 1 1 0 0 1 1 0 0
206 116 3 2 0 0 0 0 0 0 0 0 0 496 189 15 11 1 1 1 0 0 1 1 0 0
218 121 3 2 0 0 0 0 0 0 0 0 0 502 193 15 11 1 1 2 0 0 1 1 0 0
223 127 4 2 0 0 0 0 0 0 0 0 0 525 199 15 11 1 1 2 0 0 1 1 0 0
237 135 4 3 0 0 0 0 0 0 0 0 0 530 204 15 11 1 1 2 0 0 1 1 0 0
244 140 4 3 0 0 0 0 0 0 0 0 0 542 216 16 11 1 1 2 1 0 1 1 0 0
275 147 6 4 0 0 0 0 0 0 0 0 0 548 224 16 11 2 1 2 1 0 1 1 0 0
288 158 6 4 0 0 0 0 0 0 0 0 0 593 241 17 11 2 1 2 1 0 1 1 0 0
319 166 6 4 0 0 0 0 0 0 0 0 0 596 246 17 11 2 1 2 1 0 1 1 0 0
340 175 6 4 1 0 0 0 0 0 0 0 0 608 253 17 11 2 2 2 1 0 1 1 0 0
348 180 6 5 1 0 0 0 0 0 0 0 0 626 258 17 12 2 2 2 1 0 1 1 0 0
355 185 6 5 1 0 0 0 0 0 0 0 0 658 272 17 12 2 2 2 1 0 1 1 0 0
373 191 7 5 1 0 0 0 0 0 0 0 0 673 277 18 13 2 2 2 1 0 1 1 0 0
384 199 8 5 1 0 0 0 0 0 0 0 0 676 283 18 13 3 2 2 1 0 1 1 0 0
389 207 8 5 1 0 0 0 0 0 0 0 0 714 292 18 13 3 2 2 1 0 1 1 0 0
401 212 8 6 1 0 0 0 0 0 0 0 0 720 300 19 13 3 2 2 1 0 2 1 0 0
416 219 8 6 1 0 0 0 0 0 0 0 0 728 306 19 13 3 2 2 1 0 2 1 0 0
426 225 8 6 1 0 1 0 0 0 0 0 0 732 310 19 14 3 2 2 1 0 2 1 0 0
