# scores for worst/random/best/smart move selector strategies. 
# scores are 50% and 95% quantiles (based on 40 games) of: 
# game score, #destroyed, #unlocked, #stripes, #bombs, #zappers
0 0 0 0 0 0 0 0 0 0 0 0 0 3 3 0 0 0 0 0 0 0 0 0 0 0
3 3 0 0 0 0 0 0 0 0 0 0 0 9 9 0 0 0 0 0 0 0 0 0 0 0
7 7 0 0 0 0 0 0 0 0 0 0 0 15 15 0 0 0 0 0 0 0 0 0 0 0
12 12 0 0 0 0 0 0 0 0 0 0 0 20 20 0 0 0 0 0 0 0 0 0 0 0
15 15 0 0 0 0 0 0 0 0 0 0 0 26 26 0 0 0 0 0 0 0 0 0 0 0
18 18 0 0 0 0 0 0 0 0 0 0 0 30 30 0 0 0 0 0 0 0 0 0 0 0
21 21 0 0 0 0 0 0 0 0 0 0 0 33 33 0 0 0 0 0 0 0 0 0 0 0
25 25 0 0 0 0 0 0 0 0 0 0 0 37 37 0 0 0 0 0 0 0 0 0 0 0
30 30 0 0 0 0 0 0 0 0 0 0 0 43 42 0 0 0 0 0 0 0 0 0 0 0
36 36 0 0 0 0 0 0 0 0 0 0 0 46 45 0 0 0 0 0 0 0 0 0 0 0
39 39 0 0 0 0 0 0 0 0 0 0 0 50 49 0 0 0 0 0 0 0 0 0 0 0
42 42 0 0 0 0 0 0 0 0 0 0 0 53 52 0 0 0 0 0 0 0 0 0 0 0
45 45 0 0 0 0 0 0 0 0 0 0 0 63 59 0 0 0 0 0 0 0 0 0 0 0
48 48 0 0 0 0 0 0 0 0 0 0 0 70 66 0 0 0 0 0 0 0 0 0 0 0
54 54 0 0 0 0 0 0 0 0 0 0 0 73 69 0 0 0 0 0 0 0 0 0 0 0
57 57 0 0 0 0 0 0 0 0 0 0 0 104 74 0 0 0 0 0 0 0 0 0 0 0
62 62 0 0 0 0 0 0 0 0 0 0 0 108 79 0 0 0 0 0 0 0 0 0 0 0
65 65 0 0 0 0 0 0 0 0 0 0 0 111 82 0 0 0 0 0 0 0 0 0 0 0
69 69 0 0 0 0 0 0 0 0 0 0 0 116 86 0 0 0 0 0 0 0 0 0 0 0
72 72 0 0 0 0 0 0 0 0 0 0 0 121 92 0 1 0 0 0 0 0 0 0 0 0
75 75 0 0 0 0 0 0 0 0 0 0 0 124 95 0 1 0 0 0 0 0 0 0 0 0
79 79 0 0 0 0 0 0 0 0 0 0 0 132 100 0 1 0 0 0 0 0 0 0 0 0
84 84 0 0 0 0 0 0 0 0 0 0 0 136 106 0 1 0 0 0 0 0 0 0 0 0
87 87 0 0 0 0 0 0 0 0 0 0 0 139 109 0 1 0 0 0 0 0 0 0 0 0
90 90 0 0 0 0 0 0 0 0 0 0 0 142 112 0 1 0 0 0 0 0 0 0 0 0
93 93 0 0 0 0 0 0 0 0 0 0 0 155 118 0 1 1 0 0 0 0 0 0 0 0
96 96 0 0 0 0 0 0 0 0 0 0 0 176 125 2 1 1 0 0 0 0 0 0 0 0
100 100 0 0 0 0 0 0 0 0 0 0 0 188 128 2 1 1 0 0 0 0 0 0 0 0
105 105 0 0 0 0 0 0 0 0 0 0 0 191 131 3 1 1 0 0 0 0 0 0 0 0
114 111 0 0 0 0 0 0 0 0 0 0 0 194 134 3 1 1 0 0 0 0 0 0 0 0
118 114 0 0 0 0 0 0 0 0 0 0 0 197 137 3 1 1 0 0 0 0 0 0 0 0
121 118 0 0 0 0 0 0 0 0 0 0 0 201 142 3 1 1 0 0 0 0 0 0 0 0
126 122 0 0 0 0 0 0 0 0 0 0 0 204 145 3 1 1 0 0 0 0 0 0 0 0
132 127 0 0 0 0 0 0 0 0 0 0 0 208 148 3 1 1 0 0 0 0 0 0 0 0
139 132 0 0 0 0 0 0 0 0 0 0 0 211 151 3 1 1 0 0 0 0 0 0 0 0
142 135 0 0 0 0 0 0 0 0 0 0 0 214 154 3 1 1 0 0 0 0 0 0 0 0
146 138 0 0 0 0 0 0 0 0 0 0 0 217 157 3 2 1 0 0 0 0 0 0 0 0
150 142 0 0 0 0 0 0 0 0 0 0 0 225 166 3 2 1 0 0 0 0 0 0 0 0
154 147 0 0 0 0 0 0 0 0 0 0 0 228 169 3 2 1 0 0 0 0 0 0 0 0
157 150 0 0 0 0 0 0 0 0 0 0 0 232 172 3 2 1 0 0 0 0 0 0 0 0
163 153 0 0 0 0 0 0 0 0 0 0 0 235 175 3 2 1 0 0 0 0 0 0 0 0
