# scores for worst/random/best/smart move selector strategies. 
# scores are 50% and 95% quantiles (based on 40 games) of: 
# game score, #destroyed, #unlocked, #stripes, #bombs, #zappers
0 0 0 0 0 0 0 0 0 0 0 0 0 5 5 0 0 0 0 0 0 0 0 0 0 0
3 3 0 0 0 0 0 0 0 0 0 0 0 11 11 0 0 0 0 0 0 0 0 0 0 0
9 9 0 0 0 0 0 0 0 0 0 0 0 23 23 0 0 0 0 0 0 0 0 0 0 0
12 12 0 0 0 0 0 0 0 0 0 0 0 59 36 0 0 0 0 0 0 0 0 0 0 0
16 16 0 0 0 0 0 0 0 0 0 0 0 69 46 0 0 0 0 0 0 0 0 0 0 0
22 22 0 0 0 0 0 0 0 0 0 0 0 90 57 1 1 1 0 0 0 0 0 0 0 0
29 27 0 0 0 0 0 0 0 0 0 0 0 107 61 2 1 1 0 0 0 0 0 0 0 0
33 30 0 0 0 0 0 0 0 0 0 0 0 123 69 2 1 1 0 0 0 0 0 0 0 0
38 37 0 0 0 0 0 0 0 0 0 0 0 128 76 2 1 1 0 0 0 0 0 0 0 0
44 42 0 0 0 0 0 0 0 0 0 0 0 158 81 2 1 1 0 0 0 0 0 0 0 0
62 50 0 0 0 0 0 0 0 0 0 0 0 192 90 4 1 1 1 0 0 0 1 0 0 0
72 58 0 0 0 0 0 0 0 0 0 0 0 213 103 5 2 1 1 0 0 0 1 0 0 0
83 65 0 0 0 0 0 0 0 0 0 0 0 271 132 5 4 1 1 0 0 0 1 0 0 0
91 72 0 0 0 0 0 0 0 0 0 0 0 278 139 7 4 1 1 0 0 0 1 0 0 0
112 77 0 1 0 0 0 0 0 0 0 0 0 317 146 7 5 1 2 0 1 0 2 0 0 0
124 90 0 1 0 0 0 0 0 0 0 0 0 322 151 10 5 1 2 1 1 0 2 0 0 0
141 101 0 1 0 0 0 0 0 0 0 0 0 329 160 10 5 1 2 1 1 0 2 0 0 0
151 109 0 1 0 0 0 0 0 0 0 0 0 420 176 10 7 1 2 1 1 0 2 0 0 0
179 112 0 1 0 0 0 0 0 0 0 0 0 431 183 10 7 1 2 1 1 0 2 0 0 0
188 124 1 1 0 0 0 0 0 0 0 0 0 438 188 10 7 1 2 1 1 0 2 0 0 0
222 132 1 2 0 0 0 0 0 0 0 0 0 485 201 10 9 1 2 1 1 0 2 0 0 0
245 138 1 2 0 0 0 0 0 0 0 0 0 550 207 10 12 1 2 1 1 0 2 0 0 0
260 148 2 2 0 0 0 0 0 0 0 0 0 556 211 10 12 1 2 1 1 0 2 0 0 0
269 153 2 3 0 0 0 0 0 0 0 0 0 564 218 11 12 1 2 1 1 0 2 0 0 0
278 161 2 3 0 0 0 0 0 0 0 0 0 579 225 13 13 2 2 1 1 0 2 0 0 0
295 166 2 3 0 0 0 0 0 0 0 0 0 607 236 13 13 2 2 1 1 0 2 1 0 0
327 173 3 3 0 0 0 0 0 0 0 0 0 629 241 13 14 2 2 2 1 0 2 1 0 0
340 180 3 3 0 0 0 0 0 0 0 0 0 632 244 13 14 2 2 2 1 0 2 1 0 0
350 187 3 4 0 0 0 0 0 0 0 0 0 637 261 13 14 2 2 2 1 0 2 1 0 0
394 196 4 5 0 0 1 0 0 0 0 0 0 662 268 13 14 2 2 2 1 0 2 1 0 0
412 204 4 5 1 0 1 0 0 0 0 0 0 665 273 13 14 2 2 2 1 0 2 1 0 0
436 217 5 6 1 0 1 0 0 0 0 0 0 669 285 13 14 2 2 2 1 0 2 1 0 0
444 223 5 6 1 0 1 0 0 0 0 0 0 672 292 13 14 2 2 2 1 0 2 1 0 0
459 231 5 6 1 0 1 0 0 0 0 0 0 675 298 13 14 2 2 2 1 0 2 1 0 0
462 235 5 6 1 0 1 0 0 0 0 0 0 701 302 13 15 2 2 2 1 0 2 1 0 0
468 243 5 6 1 0 1 0 0 0 0 0 0 747 309 13 15 2 2 2 1 0 2 1 0 0
475 249 6 7 1 0 1 0 0 0 0 0 0 754 319 14 15 2 2 2 1 0 2 1 0 0
483 252 6 7 1 0 1 0 0 0 0 0 0 760 328 14 15 2 2 2 1 0 2 1 0 0
503 262 6 7 1 0 1 0 0 0 0 0 0 794 337 14 16 2 2 2 1 0 2 1 0 0
513 271 6 7 1 0 1 0 0 0 0 0 0 846 359 14 16 3 2 2 1 0 2 1 0 0
555 278 6 8 1 0 1 0 0 0 0 0 0 902 367 14 18 3 2 2 2 0 2 1 0 0
