# scores for worst/random/best/smart move selector strategies. 
# scores are 50% and 95% quantiles (based on 40 games) of: 
# game score, #destroyed, #unlocked, #stripes, #bombs, #zappers
0 0 0 0 0 0 0 0 0 0 0 0 0 5 5 0 0 0 0 0 0 0 0 0 0 0
3 3 0 0 0 0 0 0 0 0 0 0 0 14 14 0 0 0 0 0 0 0 0 0 0 0
9 9 0 0 0 0 0 0 0 0 0 0 0 25 25 0 0 0 0 0 0 0 0 0 0 0
12 12 0 0 0 0 0 0 0 0 0 0 0 31 31 0 0 0 0 0 0 0 0 0 0 0
18 18 0 0 0 0 0 0 0 0 0 0 0 35 35 0 0 0 0 0 0 0 0 0 0 0
24 24 0 0 0 0 0 0 0 0 0 0 0 72 51 0 0 0 0 0 0 0 0 0 0 0
29 29 0 0 0 0 0 0 0 0 0 0 0 89 60 1 1 0 0 0 0 0 0 0 0 0
34 34 0 0 0 0 0 0 0 0 0 0 0 139 70 2 2 0 0 0 0 0 0 0 0 0
45 42 0 0 0 0 0 0 0 0 0 0 0 151 82 3 2 1 0 0 0 0 0 0 0 0
51 48 0 0 0 0 0 0 0 0 0 0 0 169 85 3 2 1 0 1 0 0 0 0 0 0
57 57 0 0 0 0 0 0 0 0 0 0 0 172 91 3 2 1 0 1 0 0 0 0 0 0
70 61 0 0 0 0 0 0 0 0 0 0 0 176 94 3 2 1 0 1 0 0 0 0 0 0
80 66 0 0 0 0 0 0 0 0 0 0 0 185 105 3 2 1 0 1 0 0 0 0 0 0
88 71 0 0 0 0 0 0 0 0 0 0 0 192 114 3 2 1 0 1 0 0 0 0 0 0
91 77 0 0 0 0 0 0 0 0 0 0 0 249 126 4 3 1 1 1 0 0 1 0 0 0
98 81 0 1 0 0 0 0 0 0 0 0 0 252 132 4 3 1 1 1 0 0 1 0 0 0
104 87 0 1 0 0 0 0 0 0 0 0 0 255 137 9 3 1 1 1 0 0 1 0 0 0
110 91 0 1 0 0 0 0 0 0 0 0 0 261 142 9 3 1 1 1 0 0 1 0 0 0
116 96 0 1 0 0 0 0 0 0 0 0 0 275 146 9 3 1 1 1 0 0 1 0 0 0
124 104 0 1 0 0 0 0 0 0 0 0 0 296 150 9 3 1 1 1 0 0 1 0 0 0
131 110 0 1 0 0 0 0 0 0 0 0 0 305 156 9 3 1 1 1 0 0 1 0 0 0
147 114 0 1 0 0 0 0 0 0 0 0 0 309 160 9 3 1 1 1 0 0 1 0 0 0
158 119 0 1 0 0 0 0 0 0 0 0 0 326 168 9 3 1 1 1 0 0 1 0 0 0
163 124 0 1 0 0 0 0 0 0 0 0 0 329 181 9 3 1 1 1 0 0 1 0 0 0
174 137 0 1 0 0 0 0 0 0 0 0 0 336 186 9 3 2 1 1 0 0 1 0 0 0
177 140 0 1 0 0 0 0 0 0 0 0 0 346 193 9 3 2 1 1 0 0 1 0 0 0
183 146 0 1 0 0 0 0 0 0 0 0 0 349 200 9 3 2 1 1 0 0 1 0 0 0
200 152 0 1 0 0 0 0 0 0 0 0 0 372 211 9 4 2 1 1 0 0 1 0 0 0
203 155 0 1 0 0 0 0 0 0 0 0 0 383 218 9 5 2 1 1 0 0 1 0 0 0
213 159 0 1 0 0 0 0 0 0 0 0 0 396 230 9 5 2 1 1 0 0 1 0 0 0
222 166 0 1 0 0 0 0 0 0 0 0 0 399 240 9 5 2 1 1 0 0 1 0 0 0
231 174 0 2 0 0 0 0 0 0 0 0 0 402 243 9 5 2 1 1 0 0 1 0 0 0
253 179 0 2 0 0 0 0 0 0 0 0 0 405 251 9 5 2 1 1 0 0 1 0 0 0
258 184 1 2 0 0 0 0 0 0 0 0 0 410 254 9 5 2 1 1 0 0 1 0 0 0
262 191 1 2 0 0 0 0 0 0 0 0 0 413 258 9 5 2 1 1 0 0 1 0 0 0
268 195 1 2 0 0 0 0 0 0 0 0 0 416 261 9 5 2 1 1 0 0 1 0 0 0
275 201 1 2 0 0 0 0 0 0 0 0 0 448 275 9 5 2 1 1 0 0 1 0 0 0
281 208 1 3 0 0 0 0 0 0 0 0 0 488 288 12 5 2 1 1 0 0 1 0 0 0
289 214 1 3 0 0 0 0 0 0 0 0 0 494 292 12 5 3 1 1 0 0 1 0 0 0
306 224 1 3 0 0 0 0 0 0 0 0 0 498 297 12 5 3 1 1 0 0 1 0 0 0
320 229 1 3 0 0 0 0 0 0 0 0 0 524 301 12 5 3 1 1 0 0 1 0 0 0
