# scores for worst/random/best/smart move selector strategies. 
# scores are 50% and 95% quantiles (based on 40 games) of: 
# game score, #destroyed, #unlocked, #stripes, #bombs, #zappers
0 0 0 0 0 0 0 0 0 0 0 0 0 5 5 0 0 0 0 0 0 0 0 0 0 0
3 3 0 0 0 0 0 0 0 0 0 0 0 12 12 0 0 0 0 0 0 0 0 0 0 0
9 9 0 0 0 0 0 0 0 0 0 0 0 30 25 0 0 0 0 0 0 0 0 0 0 0
14 14 0 0 0 0 0 0 0 0 0 0 0 61 35 0 0 0 0 0 0 0 0 0 0 0
20 19 0 0 0 0 0 0 0 0 0 0 0 95 51 1 1 1 0 0 0 0 0 0 0 0
29 28 0 0 0 0 0 0 0 0 0 0 0 106 61 1 1 1 0 0 0 0 0 0 0 0
42 35 0 0 0 0 0 0 0 0 0 0 0 177 88 3 2 1 1 0 0 0 0 0 0 0
53 40 0 0 0 0 0 0 0 0 0 0 0 197 96 3 2 1 1 0 0 0 1 0 0 0
70 48 0 0 0 0 0 0 0 0 0 0 0 204 100 3 2 1 1 0 0 0 1 0 0 0
86 53 0 0 0 0 0 0 0 0 0 0 0 248 108 3 2 1 1 0 0 0 1 0 0 0
91 60 0 1 0 0 0 0 0 0 0 0 0 265 121 3 3 1 1 0 0 0 1 0 0 0
106 70 0 1 0 0 0 0 0 0 0 0 0 282 133 3 3 2 1 0 0 0 1 0 0 0
135 74 0 1 0 0 0 0 0 0 0 0 0 300 141 4 4 2 1 1 0 0 1 0 0 0
142 83 0 1 0 0 0 0 0 0 0 0 0 393 147 4 6 2 2 1 0 0 1 0 0 0
181 95 1 1 0 0 0 0 0 0 0 0 0 438 156 4 6 2 2 1 0 0 2 0 0 0
202 102 1 2 0 0 0 0 0 0 0 0 0 486 164 6 6 2 2 1 1 0 2 0 0 0
216 111 1 2 0 0 0 0 0 0 0 0 0 537 193 7 10 2 2 1 1 0 2 0 0 0
256 129 2 2 0 0 0 0 0 0 0 0 0 561 205 7 11 3 2 1 1 0 2 0 0 0
291 139 2 3 0 0 0 0 0 0 0 0 0 609 219 9 14 3 2 1 1 0 2 1 0 0
302 150 2 3 0 0 0 0 0 0 0 0 0 668 229 12 14 3 3 1 1 0 3 1 0 0
329 158 3 4 1 0 0 0 0 0 0 0 0 704 233 12 14 3 3 1 1 0 3 1 0 0
384 180 4 4 1 0 0 0 0 0 0 0 0 710 240 12 15 3 3 1 1 0 3 1 0 0
396 191 4 5 1 0 0 0 0 0 0 0 0 720 254 12 15 3 3 1 1 0 3 1 0 0
406 199 4 5 1 1 0 0 0 0 0 0 0 792 263 12 15 3 3 1 1 0 3 1 0 0
429 204 4 5 1 1 0 0 0 0 0 0 0 798 273 14 16 3 3 1 1 0 3 1 0 0
452 215 4 5 1 1 0 0 0 1 0 0 0 829 291 14 16 3 3 1 1 0 3 1 0 0
459 218 4 6 1 1 0 0 0 1 0 0 0 835 316 14 16 4 4 2 1 0 4 1 0 0
475 226 4 6 1 1 0 0 0 1 0 0 0 883 336 14 17 4 4 2 1 0 4 1 0 0
485 234 5 7 1 1 1 0 0 1 0 0 0 921 355 14 17 4 4 2 1 0 4 1 0 0
528 246 5 7 1 1 1 0 0 1 0 0 0 926 375 14 18 4 4 2 1 0 4 1 0 0
552 262 5 7 2 1 1 0 0 1 0 0 0 931 395 14 18 4 5 2 1 0 5 1 0 0
573 271 5 7 2 1 1 0 0 1 0 0 0 969 414 14 18 4 5 2 1 1 5 1 0 0
612 289 5 8 2 1 1 0 0 1 0 0 0 1030 422 14 20 5 6 2 1 1 6 1 0 0
642 303 5 9 2 1 1 0 0 1 0 0 0 1143 434 14 22 5 6 2 1 1 6 1 0 0
667 318 5 9 2 1 1 0 0 1 0 0 0 1199 461 14 22 5 6 2 2 1 6 1 0 0
692 330 5 9 2 1 1 0 0 1 0 0 0 1222 466 14 23 5 6 2 2 1 6 1 0 0
741 349 5 10 2 1 1 0 0 1 0 0 0 1274 480 14 23 5 6 2 2 1 6 1 0 0
764 356 5 10 2 2 1 0 0 1 0 0 0 1318 487 14 25 6 6 2 2 1 6 1 0 0
814 369 6 10 2 2 1 0 0 1 0 0 0 1328 499 14 25 6 6 2 2 1 6 1 0 0
857 382 6 10 2 2 1 0 0 2 0 0 0 1413 510 14 25 6 7 2 2 1 7 1 0 0
864 389 6 11 2 2 1 0 0 2 0 0 0 1453 521 14 26 6 7 2 2 1 7 1 0 0
