# scores for worst/random/best/smart move selector strategies. 
# scores are 50% and 95% quantiles (based on 40 games) of: 
# game score, #destroyed, #unlocked, #stripes, #bombs, #zappers
0 0 0 0 0 0 0 0 0 0 0 0 0 5 5 0 0 0 0 0 0 0 0 0 0 0
3 3 0 0 0 0 0 0 0 0 0 0 0 13 13 0 0 0 0 0 0 0 0 0 0 0
9 9 0 0 0 0 0 0 0 0 0 0 0 18 18 0 0 0 0 0 0 0 0 0 0 0
12 12 0 0 0 0 0 0 0 0 0 0 0 24 24 0 0 0 0 0 0 0 0 0 0 0
18 18 0 0 0 0 0 0 0 0 0 0 0 54 35 0 0 0 0 0 0 0 0 0 0 0
21 21 0 0 0 0 0 0 0 0 0 0 0 61 42 0 0 0 0 0 0 0 0 0 0 0
27 27 0 0 0 0 0 0 0 0 0 0 0 64 45 0 0 0 0 0 0 0 0 0 0 0
33 33 0 0 0 0 0 0 0 0 0 0 0 82 60 0 1 0 0 0 0 0 0 0 0 0
36 36 0 0 0 0 0 0 0 0 0 0 0 85 65 0 1 0 0 0 0 0 0 0 0 0
42 42 0 0 0 0 0 0 0 0 0 0 0 92 72 0 1 0 0 0 0 0 0 0 0 0
45 45 0 0 0 0 0 0 0 0 0 0 0 101 77 0 1 0 0 0 0 0 0 0 0 0
48 48 0 0 0 0 0 0 0 0 0 0 0 104 84 0 1 0 0 0 0 0 0 0 0 0
53 52 0 0 0 0 0 0 0 0 0 0 0 108 89 0 1 0 0 0 0 0 0 0 0 0
57 57 0 0 0 0 0 0 0 0 0 0 0 111 92 0 1 0 0 0 0 0 0 0 0 0
63 63 0 0 0 0 0 0 0 0 0 0 0 116 96 1 1 0 0 0 0 0 0 0 0 0
67 66 0 0 0 0 0 0 0 0 0 0 0 125 105 1 1 0 0 0 0 0 0 0 0 0
71 70 0 0 0 0 0 0 0 0 0 0 0 140 109 1 1 0 0 0 0 0 0 0 0 0
75 75 0 0 0 0 0 0 0 0 0 0 0 143 113 1 2 0 0 0 0 0 0 0 0 0
80 79 0 0 0 0 0 0 0 0 0 0 0 147 116 1 2 0 0 0 0 0 0 0 0 0
86 85 0 0 0 0 0 0 0 0 0 0 0 150 119 1 2 0 0 0 0 0 0 0 0 0
96 90 0 0 0 0 0 0 0 0 0 0 0 153 124 2 2 0 0 0 0 0 0 0 0 0
100 95 0 0 0 0 0 0 0 0 0 0 0 156 127 2 2 0 0 0 0 0 0 0 0 0
103 99 0 0 0 0 0 0 0 0 0 0 0 159 141 2 2 0 0 0 0 0 0 0 0 0
107 105 0 0 0 0 0 0 0 0 0 0 0 167 147 2 2 0 0 0 0 0 0 0 0 0
111 109 0 0 0 0 0 0 0 0 0 0 0 184 150 2 2 0 0 0 0 0 0 0 0 0
117 113 0 0 0 0 0 0 0 0 0 0 0 189 155 2 2 0 0 0 0 0 0 0 0 0
122 118 0 0 0 0 0 0 0 0 0 0 0 213 160 2 2 0 0 0 0 0 0 0 0 0
128 124 0 0 0 0 0 0 0 0 0 0 0 263 171 2 2 1 0 0 0 0 0 0 0 0
134 129 0 0 0 0 0 0 0 0 0 0 0 267 174 2 2 1 0 0 0 0 0 0 0 0
144 133 0 0 0 0 0 0 0 0 0 0 0 270 178 2 2 1 0 0 0 0 0 0 0 0
152 136 0 0 0 0 0 0 0 0 0 0 0 276 188 2 2 1 0 0 0 0 0 0 0 0
160 142 0 0 0 0 0 0 0 0 0 0 0 296 191 2 3 1 0 0 0 0 0 0 0 0
166 149 0 0 0 0 0 0 0 0 0 0 0 304 194 3 3 1 0 0 0 0 0 0 0 0
173 154 0 1 0 0 0 0 0 0 0 0 0 314 201 3 3 1 0 0 0 0 0 0 0 0
178 159 0 1 0 0 0 0 0 0 0 0 0 319 204 3 3 1 0 0 0 0 0 0 0 0
182 162 0 1 0 0 0 0 0 0 0 0 0 322 209 3 3 1 0 0 0 0 0 0 0 0
185 166 0 1 0 0 0 0 0 0 0 0 0 328 212 3 3 1 0 0 0 0 0 0 0 0
190 171 0 1 0 0 0 0 0 0 0 0 0 331 215 4 3 1 0 0 0 0 0 0 0 0
196 177 0 1 0 0 0 0 0 0 0 0 0 334 224 4 3 1 0 0 0 0 0 0 0 0
201 183 0 1 0 0 0 0 0 0 0 0 0 339 228 4 3 1 0 0 0 0 0 0 0 0
205 186 0 1 0 0 0 0 0 0 0 0 0 344 235 4 3 1 0 0 0 0 0 0 0 0
