# scores for worst/random/best/smart move selector strategies. 
# scores are 50% and 95% quantiles (based on 40 games) of: 
# game score, #destroyed, #unlocked, #stripes, #bombs, #zappers
3 3 0 0 0 0 0 0 0 0 0 0 0 12 12 0 0 0 0 0 0 0 0 0 0 0
7 7 0 0 0 0 0 0 0 0 0 0 0 16 16 0 0 0 0 0 0 0 0 0 0 0
12 12 0 0 0 0 0 0 0 0 0 0 0 36 21 0 0 0 0 0 0 0 0 0 0 0
16 16 0 0 0 0 0 0 0 0 0 0 0 54 25 0 1 0 0 0 0 0 0 0 0 0
20 20 0 0 0 0 0 0 0 0 0 0 0 56 29 0 1 0 0 0 0 0 0 0 0 0
25 24 0 0 0 0 0 0 0 0 0 0 0 65 38 1 1 0 0 0 0 0 0 0 0 0
30 29 0 0 0 0 0 0 0 0 0 0 0 84 45 1 2 0 0 0 0 0 0 0 0 0
34 34 0 0 0 0 0 0 0 0 0 0 0 117 53 1 2 0 0 0 0 0 0 0 0 0
37 37 0 0 0 0 0 0 0 0 0 0 0 233 66 4 3 2 0 0 0 0 0 0 0 0
42 42 0 0 0 0 0 0 0 0 0 0 0 256 71 4 4 2 0 0 0 0 0 0 0 0
52 47 0 0 0 0 0 0 0 0 0 0 0 412 98 9 6 3 0 1 1 0 0 0 0 0
55 54 0 0 0 0 0 0 0 0 0 0 0 448 103 9 7 4 0 1 1 0 0 0 0 0
82 60 0 1 0 0 0 0 0 0 0 0 0 454 115 9 7 4 0 1 1 0 0 0 0 0
96 65 0 1 0 0 0 0 0 0 0 0 0 488 128 9 8 4 0 1 1 0 0 0 0 0
107 70 1 2 0 0 0 0 0 0 0 0 0 504 141 9 8 4 0 2 1 0 0 0 0 0
122 76 1 2 0 0 0 0 0 0 0 0 0 522 153 9 8 4 0 2 1 1 0 0 0 0
137 81 1 2 0 0 0 0 0 0 0 0 0 526 156 9 8 4 1 2 1 1 1 0 0 0
149 90 1 2 0 0 0 0 0 0 0 0 0 542 161 9 8 4 1 2 1 1 1 0 0 0
216 101 2 4 1 0 0 0 0 0 0 0 0 552 167 9 9 4 1 2 1 1 1 0 0 0
318 110 3 4 1 0 0 0 0 0 0 0 0 560 171 9 10 4 1 2 1 1 1 0 0 0
402 125 5 5 3 0 0 0 0 0 0 0 0 624 179 9 10 4 1 2 1 1 1 0 0 0
405 128 5 5 3 0 0 0 0 0 0 0 0 628 187 9 10 4 1 2 1 1 1 0 0 0
408 132 5 5 3 0 0 0 0 0 0 0 0 631 193 9 10 4 1 2 1 1 1 0 0 0
413 138 5 5 3 0 0 0 0 0 0 0 0 634 201 9 10 4 1 2 1 1 1 0 0 0
417 141 5 5 3 0 0 0 0 0 0 0 0 639 205 9 11 4 1 2 1 1 1 0 0 0
420 144 5 5 3 0 0 0 0 0 0 0 0 643 208 9 11 4 1 2 1 1 1 0 0 0
446 150 5 6 3 0 0 0 0 0 0 0 0 648 213 9 11 4 1 2 1 1 1 0 0 0
476 162 5 6 3 0 0 0 0 0 0 0 0 651 219 9 11 4 1 2 1 1 1 0 0 0
482 169 6 6 3 0 0 1 0 0 0 0 0 656 223 9 11 4 1 2 1 1 1 0 0 0
503 177 6 6 3 0 0 1 0 0 0 0 0 696 229 10 11 4 1 2 1 1 1 0 0 0
520 180 6 7 3 0 0 1 0 0 0 0 0 700 234 10 11 4 1 2 2 1 1 0 0 0
533 189 6 7 3 0 0 1 0 0 0 0 0 707 242 10 12 4 1 2 2 1 1 0 0 0
538 192 6 7 3 0 0 1 0 0 0 0 0 712 245 10 12 4 1 2 2 1 1 0 0 0
557 198 6 7 3 0 0 1 0 0 0 0 0 716 249 10 12 4 1 2 2 1 1 0 0 0
567 206 6 8 3 0 1 1 0 0 0 0 0 719 252 10 12 4 1 2 2 1 1 0 0 0
580 212 6 8 3 0 1 1 0 0 0 0 0 803 255 10 14 4 1 2 2 1 1 0 0 0
583 215 6 8 3 0 1 1 0 0 0 0 0 808 260 10 14 4 1 2 2 1 1 0 0 0
586 222 6 8 3 0 1 1 0 0 0 0 0 846 263 10 15 4 1 2 2 1 1 0 0 0
592 226 6 8 3 0 1 1 0 0 0 0 0 850 270 10 15 4 1 2 2 1 1 0 0 0
595 229 6 8 3 0 1 1 0 0 0 0 0 853 274 10 15 4 1 2 2 1 1 0 0 0
598 232 6 8 3 0 1 1 0 0 0 0 0 856 277 10 15 4 1 2 2 1 1 0 0 0
