# scores for worst/random/best/smart move selector strategies. 
# scores are 50% and 95% quantiles (based on 40 games) of: 
# game score, #destroyed, #unlocked, #stripes, #bombs, #zappers
3 3 0 0 0 0 0 0 0 0 0 0 0 12 12 0 0 0 0 0 0 0 0 0 0 0
6 6 0 0 0 0 0 0 0 0 0 0 0 16 16 0 0 0 0 0 0 0 0 0 0 0
11 11 0 0 0 0 0 0 0 0 0 0 0 19 19 0 0 0 0 0 0 0 0 0 0 0
14 14 0 0 0 0 0 0 0 0 0 0 0 22 22 0 0 0 0 0 0 0 0 0 0 0
16 16 0 0 0 0 0 0 0 0 0 0 0 50 32 0 0 0 0 0 0 0 0 0 0 0
20 20 0 0 0 0 0 0 0 0 0 0 0 54 36 0 0 0 0 0 0 0 0 0 0 0
24 24 0 0 0 0 0 0 0 0 0 0 0 57 39 0 0 0 0 0 0 0 0 0 0 0
27 27 0 0 0 0 0 0 0 0 0 0 0 67 42 1 1 0 0 0 0 0 0 0 0 0
30 30 0 0 0 0 0 0 0 0 0 0 0 68 44 1 1 0 0 0 0 0 0 0 0 0
36 35 0 0 0 0 0 0 0 0 0 0 0 71 47 1 1 0 0 0 0 0 0 0 0 0
38 37 0 0 0 0 0 0 0 0 0 0 0 74 51 1 1 0 0 0 0 0 0 0 0 0
42 42 0 0 0 0 0 0 0 0 0 0 0 110 55 2 1 1 0 0 0 0 0 0 0 0
46 45 0 0 0 0 0 0 0 0 0 0 0 233 72 3 2 2 0 0 0 0 0 0 0 0
51 49 0 0 0 0 0 0 0 0 0 0 0 236 83 3 3 2 0 0 0 0 0 0 0 0
57 55 0 0 0 0 0 0 0 0 0 0 0 310 92 4 3 3 0 0 0 0 0 0 0 0
61 59 0 0 0 0 0 0 0 0 0 0 0 313 95 5 3 3 0 0 0 0 0 0 0 0
64 64 0 0 0 0 0 0 0 0 0 0 0 331 101 5 4 3 0 0 0 0 0 0 0 0
67 67 0 0 0 0 0 0 0 0 0 0 0 335 105 5 4 3 0 0 0 0 0 0 0 0
71 70 0 0 0 0 0 0 0 0 0 0 0 340 111 6 4 3 0 0 0 0 0 0 0 0
77 74 0 0 0 0 0 0 0 0 0 0 0 343 114 6 4 3 0 0 0 0 0 0 0 0
81 78 0 0 0 0 0 0 0 0 0 0 0 381 122 7 5 3 0 0 0 0 0 0 0 0
84 82 0 0 0 0 0 0 0 0 0 0 0 403 128 7 6 3 0 0 0 0 0 0 0 0
93 85 0 0 0 0 0 0 0 0 0 0 0 410 131 7 6 3 0 1 0 0 0 0 0 0
101 90 0 0 0 0 0 0 0 0 0 0 0 415 135 7 6 3 0 1 0 1 0 0 0 0
111 95 0 1 0 0 0 0 0 0 0 0 0 418 139 7 6 3 0 1 0 1 0 0 0 0
121 99 0 1 0 0 0 0 0 0 0 0 0 460 144 7 6 3 0 1 0 1 0 0 0 0
128 102 0 1 0 0 0 0 0 0 0 0 0 469 156 7 6 3 0 1 1 1 0 0 0 0
145 106 0 1 0 0 0 0 0 0 0 0 0 472 161 7 6 4 0 1 1 1 0 0 0 0
169 111 1 1 0 0 0 0 0 0 0 0 0 475 165 7 6 4 0 1 1 1 0 0 0 0
216 120 1 1 1 0 0 0 0 0 0 0 0 482 168 7 7 4 0 1 1 1 0 0 0 0
271 130 2 2 2 0 0 0 0 0 0 0 0 487 171 7 7 4 0 1 1 1 0 0 0 0
293 132 2 2 2 0 0 0 0 0 0 0 0 490 177 7 7 4 0 1 1 1 0 0 0 0
355 138 3 4 3 0 0 0 0 0 0 0 0 495 180 7 7 4 0 1 1 1 0 0 0 0
360 143 3 4 3 0 0 0 0 0 0 0 0 498 183 7 7 4 0 1 1 1 0 0 0 0
375 152 3 4 3 0 0 0 0 0 0 0 0 528 186 8 8 4 0 1 1 1 0 0 0 0
386 155 3 4 3 0 0 0 0 0 0 0 0 531 189 8 8 4 0 1 1 1 0 0 0 0
394 160 4 4 3 0 0 0 0 0 0 0 0 535 193 8 8 4 0 1 1 1 0 0 0 0
415 165 4 5 3 0 0 0 0 0 0 0 0 538 196 8 8 4 0 1 1 1 0 0 0 0
418 171 4 5 3 0 0 0 0 0 0 0 0 541 200 8 8 4 0 1 1 1 0 0 0 0
421 176 4 5 3 0 0 0 0 0 0 0 0 550 214 8 8 4 0 1 1 1 0 0 0 0
437 179 4 5 3 0 0 0 0 0 0 0 0 553 217 8 8 4 0 1 1 1 0 0 0 0
