# scores for worst/random/best/smart move selector strategies. 
# scores are 50% and 95% quantiles (based on 40 games) of: 
# game score, #destroyed, #unlocked, #stripes, #bombs, #zappers
3 3 0 0 0 0 0 0 0 0 0 0 0 12 12 0 0 0 0 0 0 0 0 0 0 0
8 8 0 0 0 0 0 0 0 0 0 0 0 18 18 0 0 0 0 0 0 0 0 0 0 0
14 14 0 0 0 0 0 0 0 0 0 0 0 44 32 0 0 0 0 0 0 0 0 0 0 0
19 19 0 0 0 0 0 0 0 0 0 0 0 87 42 1 2 0 0 0 0 0 0 0 0 0
25 25 0 0 0 0 0 0 0 0 0 0 0 110 48 1 2 0 0 0 0 0 0 0 0 0
35 30 0 0 0 0 0 0 0 0 0 0 0 321 61 6 8 3 1 1 0 0 0 0 0 0
50 35 0 0 0 0 0 0 0 0 0 0 0 409 86 7 9 3 1 1 0 0 0 0 0 0
96 48 0 1 0 0 0 0 0 0 0 0 0 422 94 8 10 3 1 1 1 1 1 0 0 0
102 51 1 1 0 0 0 0 0 0 0 0 0 544 108 8 11 4 1 1 1 1 1 0 0 0
141 65 1 2 0 0 0 0 0 0 0 0 0 550 121 8 11 4 1 1 1 1 1 0 0 0
181 80 1 3 1 0 0 0 0 0 0 0 0 554 127 8 13 4 1 1 1 1 1 1 0 0
313 93 3 4 3 0 0 0 0 0 0 0 0 626 133 8 14 5 1 1 1 1 1 1 0 0
349 104 3 5 3 0 0 0 0 0 0 0 0 635 139 8 14 5 1 2 1 1 1 1 0 0
381 110 5 6 3 0 0 0 0 0 0 0 0 640 146 9 14 5 1 2 1 1 1 1 0 0
439 123 6 6 3 0 1 0 0 0 0 0 0 665 154 9 14 5 1 2 1 1 1 1 0 0
452 132 6 7 3 0 1 0 0 0 0 0 0 712 166 9 14 5 1 2 1 1 1 1 0 0
465 138 6 8 3 0 1 0 0 0 0 0 0 717 175 9 14 5 1 2 1 1 1 1 0 0
472 145 6 8 3 0 1 0 0 0 0 0 0 742 185 9 16 5 1 2 1 1 1 1 0 0
513 153 6 8 3 0 1 0 0 0 0 0 0 748 191 9 16 5 1 2 1 1 1 1 0 0
522 162 6 8 3 0 1 0 0 0 0 0 0 762 202 9 16 5 1 2 1 1 1 1 0 0
554 173 6 8 3 0 1 0 0 0 0 0 0 803 207 9 17 5 2 2 1 1 2 1 0 0
558 180 6 8 3 0 1 0 0 0 0 0 0 806 211 9 17 5 2 2 1 1 2 1 0 0
571 186 6 8 3 0 1 0 0 0 0 0 0 836 222 9 17 5 2 3 1 1 2 1 0 0
589 192 6 9 3 0 1 0 0 0 0 0 0 845 233 9 17 5 2 3 1 1 2 1 0 0
609 198 6 9 3 0 1 0 0 0 0 0 0 852 238 9 18 5 2 3 1 1 2 1 0 0
621 203 6 10 3 1 1 0 0 0 0 0 0 857 242 9 18 5 2 3 1 1 2 1 0 0
635 211 6 10 3 1 1 0 0 0 0 0 0 879 251 9 18 5 2 3 1 1 2 1 0 0
649 214 6 10 3 1 1 0 0 0 0 0 0 887 255 9 18 5 2 3 1 1 2 1 0 0
664 221 6 10 3 1 1 0 0 1 0 0 0 892 262 9 19 5 2 3 1 1 2 1 0 0
675 226 6 11 3 1 1 0 0 1 0 0 0 909 271 9 19 5 2 3 1 1 2 1 0 0
683 233 6 11 3 1 1 0 0 1 0 0 0 913 278 9 19 5 2 3 1 1 2 1 0 0
714 244 6 12 3 1 1 0 0 1 0 0 0 942 284 9 19 5 2 3 1 1 2 1 0 0
727 252 6 12 3 1 1 0 0 1 0 0 0 952 299 9 19 5 2 4 1 1 2 1 0 0
741 256 6 12 3 1 1 0 0 1 0 0 0 1009 314 9 20 5 2 4 1 1 2 1 0 0
750 261 6 12 3 1 1 0 0 1 0 0 0 1013 320 9 20 5 2 4 1 1 2 1 0 0
762 268 6 12 3 1 1 0 0 1 0 0 0 1017 324 9 20 5 2 4 1 1 2 1 0 0
781 273 6 13 3 1 1 0 0 1 0 0 0 1037 334 9 20 5 2 4 2 1 2 1 0 0
784 278 6 13 4 1 1 1 0 1 0 0 0 1047 346 9 21 5 3 4 2 1 2 1 0 0
798 285 6 13 4 1 2 1 0 1 0 0 0 1090 351 9 22 5 3 4 2 1 2 1 0 0
812 290 6 13 4 1 2 1 0 1 0 0 0 1100 358 9 22 5 3 4 2 1 2 1 0 0
819 300 6 14 4 1 2 1 0 1 0 0 0 1171 368 9 23 5 3 4 2 1 2 1 0 0
