# scores for worst/random/best/smart move selector strategies. 
# scores are 50% and 95% quantiles (based on 40 games) of: 
# game score, #destroyed, #unlocked, #stripes, #bombs, #zappers
0 0 0 0 0 0 0 0 0 0 0 0 0 4 4 0 0 0 0 0 0 0 0 0 0 0
3 3 0 0 0 0 0 0 0 0 0 0 0 10 10 0 0 0 0 0 0 0 0 0 0 0
9 9 0 0 0 0 0 0 0 0 0 0 0 46 21 0 0 0 0 0 0 0 0 0 0 0
12 12 0 0 0 0 0 0 0 0 0 0 0 65 31 0 0 0 0 0 0 0 0 0 0 0
18 18 0 0 0 0 0 0 0 0 0 0 0 80 35 0 1 0 0 0 0 0 0 0 0 0
22 22 0 0 0 0 0 0 0 0 0 0 0 85 48 0 1 0 0 0 0 0 0 0 0 0
30 26 0 0 0 0 0 0 0 0 0 0 0 94 52 0 1 0 1 0 0 0 1 0 0 0
37 32 0 0 0 0 0 0 0 0 0 0 0 99 56 0 1 0 1 0 0 0 1 0 0 0
45 39 0 0 0 0 0 0 0 0 0 0 0 209 87 1 2 1 1 0 1 0 1 0 0 0
66 44 0 0 0 0 0 0 0 0 0 0 0 234 98 1 2 1 1 1 1 0 1 0 0 0
78 52 0 1 0 0 0 0 0 0 0 0 0 258 104 1 3 2 1 1 1 0 1 0 0 0
88 58 0 1 0 0 0 0 0 0 0 0 0 264 109 2 3 2 1 1 1 0 1 0 0 0
119 66 0 1 0 0 0 0 0 0 0 0 0 268 112 2 3 2 1 1 1 0 1 0 0 0
131 74 0 1 0 0 0 0 0 0 0 0 0 303 127 3 3 2 1 1 1 0 1 0 0 0
160 85 0 2 0 0 0 0 0 0 0 0 0 316 138 3 4 2 1 1 1 0 1 0 0 0
184 96 0 2 0 0 0 0 0 0 0 0 0 352 143 3 5 2 1 1 1 0 1 0 0 0
191 102 0 2 0 0 0 0 0 0 0 0 0 360 147 3 5 2 1 1 1 0 1 0 0 0
214 112 0 2 0 0 0 0 0 0 0 0 0 394 165 3 7 2 2 1 1 0 2 0 0 0
232 121 0 2 0 0 0 0 0 0 0 0 0 420 174 3 7 2 2 2 1 0 2 0 0 0
257 126 0 3 0 0 0 0 0 0 0 0 0 444 183 3 8 2 2 2 1 0 2 0 0 0
269 131 0 3 0 0 0 0 0 0 0 0 0 467 193 3 9 2 2 2 1 0 2 0 0 0
280 137 0 3 0 0 0 0 0 0 0 0 0 472 202 3 9 2 2 2 1 0 2 0 0 0
291 142 0 4 0 0 0 0 0 0 0 0 0 522 216 3 9 2 2 2 1 0 2 0 0 0
297 151 0 4 0 0 0 0 0 0 0 0 0 579 227 3 10 2 2 2 2 0 2 0 0 0
308 157 0 4 0 0 0 0 0 0 0 0 0 582 230 3 10 2 2 2 2 0 2 0 0 0
315 164 0 4 0 0 0 0 0 0 0 0 0 585 234 3 10 2 2 2 2 0 2 0 0 0
324 170 0 4 0 0 0 0 0 0 0 0 0 612 244 3 11 2 2 2 2 0 2 0 0 0
345 182 0 5 0 0 0 0 0 0 0 0 0 618 249 3 11 3 2 2 2 0 2 0 0 0
368 190 0 5 1 0 0 0 0 0 0 0 0 627 256 3 11 3 2 2 2 1 2 0 0 0
384 196 0 5 1 0 0 0 0 0 0 0 0 633 260 3 11 3 2 2 2 1 2 0 0 0
391 202 0 5 1 0 0 0 0 0 0 0 0 636 264 3 11 3 2 2 2 1 2 0 0 0
407 210 0 6 1 0 0 0 0 0 0 0 0 662 267 3 11 3 2 2 2 1 2 0 0 0
428 213 0 6 1 0 1 0 0 0 0 0 0 667 271 3 11 3 2 2 2 1 2 0 0 0
442 221 0 7 1 0 1 0 0 0 0 0 0 685 286 3 12 3 2 2 2 1 2 0 0 0
449 227 0 7 1 0 1 0 0 0 0 0 0 754 297 3 14 3 2 2 2 1 2 0 0 0
468 237 0 7 1 0 1 0 0 0 0 0 0 779 300 3 14 3 2 3 2 1 2 0 0 0
491 249 0 7 1 0 1 0 0 0 0 0 0 783 304 3 14 3 2 3 2 1 2 0 0 0
503 256 0 7 1 0 1 0 0 0 0 0 0 786 315 3 14 3 2 3 2 1 2 0 0 0
519 261 0 8 1 0 1 0 0 0 0 0 0 809 342 3 15 3 3 3 2 1 3 0 0 0
547 266 0 8 1 0 1 0 0 0 0 0 0 853 356 3 16 3 3 3 2 1 3 0 0 0
563 279 0 8 1 0 1 0 0 0 0 0 0 861 363 3 16 3 3 3 2 1 3 0 0 0
