# scores for worst/random/best/smart move selector strategies. 
# scores are 50% and 95% quantiles (based on 40 games) of: 
# game score, #destroyed, #unlocked, #stripes, #bombs, #zappers
0 0 0 0 0 0 0 0 0 0 0 0 0 4 4 0 0 0 0 0 0 0 0 0 0 0
3 3 0 0 0 0 0 0 0 0 0 0 0 14 14 0 0 0 0 0 0 0 0 0 0 0
9 9 0 0 0 0 0 0 0 0 0 0 0 25 25 0 0 0 0 0 0 0 0 0 0 0
12 12 0 0 0 0 0 0 0 0 0 0 0 31 31 0 0 0 0 0 0 0 0 0 0 0
18 18 0 0 0 0 0 0 0 0 0 0 0 62 36 0 1 0 0 0 0 0 0 0 0 0
21 21 0 0 0 0 0 0 0 0 0 0 0 66 41 0 1 0 0 0 0 0 0 0 0 0
29 29 0 0 0 0 0 0 0 0 0 0 0 72 46 0 1 0 0 0 0 0 0 0 0 0
34 34 0 0 0 0 0 0 0 0 0 0 0 75 51 0 1 0 0 0 0 0 0 0 0 0
39 39 0 0 0 0 0 0 0 0 0 0 0 80 57 0 1 0 0 0 0 0 0 0 0 0
45 45 0 0 0 0 0 0 0 0 0 0 0 83 60 0 1 0 0 0 0 0 0 0 0 0
48 48 0 0 0 0 0 0 0 0 0 0 0 89 65 0 1 0 0 0 0 0 0 0 0 0
54 51 0 0 0 0 0 0 0 0 0 0 0 97 71 0 1 0 0 0 0 0 0 0 0 0
61 60 0 0 0 0 0 0 0 0 0 0 0 130 80 0 1 0 0 0 0 0 0 0 0 0
69 64 0 0 0 0 0 0 0 0 0 0 0 140 84 0 2 0 0 0 0 0 0 0 0 0
74 69 0 0 0 0 0 0 0 0 0 0 0 146 92 0 2 0 0 0 0 0 0 0 0 0
85 74 0 0 0 0 0 0 0 0 0 0 0 150 97 0 2 1 0 0 0 0 0 0 0 0
94 79 0 1 0 0 0 0 0 0 0 0 0 168 106 0 2 1 0 0 0 0 0 0 0 0
99 82 0 1 0 0 0 0 0 0 0 0 0 175 113 0 2 1 0 0 0 0 0 0 0 0
104 87 0 1 0 0 0 0 0 0 0 0 0 187 117 0 2 1 0 0 0 0 0 0 0 0
107 92 0 1 0 0 0 0 0 0 0 0 0 191 124 0 2 1 0 0 0 0 0 0 0 0
113 97 0 1 0 0 0 0 0 0 0 0 0 222 132 0 2 1 0 0 0 0 0 0 0 0
127 103 0 1 0 0 0 0 0 0 0 0 0 236 139 0 2 1 0 0 0 0 0 0 0 0
130 109 0 1 0 0 0 0 0 0 0 0 0 256 151 0 3 1 0 0 0 0 0 0 0 0
133 113 0 1 0 0 0 0 0 0 0 0 0 265 157 0 3 1 0 0 0 0 0 0 0 0
136 117 0 1 0 0 0 0 0 0 0 0 0 268 163 0 3 1 0 0 0 0 0 0 0 0
140 120 0 1 0 0 0 0 0 0 0 0 0 272 173 0 3 1 0 0 0 0 0 0 0 0
155 124 0 1 0 0 0 0 0 0 0 0 0 277 176 0 3 1 0 0 0 0 0 0 0 0
166 130 0 1 0 0 0 0 0 0 0 0 0 281 183 1 3 1 0 0 0 0 0 0 0 0
173 135 0 1 0 0 0 0 0 0 0 0 0 391 209 1 4 1 1 0 0 0 0 0 0 0
188 142 0 1 0 0 0 0 0 0 0 0 0 394 212 1 4 1 1 0 0 0 0 0 0 0
195 148 0 2 0 0 0 0 0 0 0 0 0 400 219 1 4 1 1 0 0 0 0 0 0 0
198 151 0 2 0 0 0 0 0 0 0 0 0 403 223 1 4 1 1 0 0 0 0 0 0 0
201 155 0 2 0 0 0 0 0 0 0 0 0 409 226 1 4 1 1 0 0 0 0 0 0 0
213 162 0 2 0 0 0 0 0 0 0 0 0 414 235 1 4 1 1 0 0 0 1 0 0 0
222 165 0 2 0 0 0 0 0 0 0 0 0 419 238 1 5 1 1 0 0 0 1 0 0 0
225 169 0 2 0 0 0 0 0 0 0 0 0 422 243 1 5 1 1 0 0 0 1 0 0 0
235 174 0 2 0 0 0 0 0 0 0 0 0 435 249 1 5 1 1 0 0 0 1 0 0 0
245 181 0 2 0 0 0 0 0 0 0 0 0 441 254 1 5 1 1 0 0 0 1 0 0 0
252 186 0 2 0 0 0 0 0 0 0 0 0 448 261 1 5 1 1 0 0 0 1 0 0 0
266 192 0 2 0 0 0 0 0 0 0 0 0 451 265 1 5 1 1 0 0 0 1 0 0 0
273 197 0 2 0 0 0 0 0 0 0 0 0 454 268 1 5 2 1 0 0 0 1 0 0 0
