# scores for worst/random/best/smart move selector strategies. 
# scores are 50% and 95% quantiles (based on 40 games) of: 
# game score, #destroyed, #unlocked, #stripes, #bombs, #zappers
0 0 0 0 0 0 0 0 0 0 0 0 0 4 4 0 0 0 0 0 0 0 0 0 0 0
3 3 0 0 0 0 0 0 0 0 0 0 0 14 14 0 0 0 0 0 0 0 0 0 0 0
9 9 0 0 0 0 0 0 0 0 0 0 0 20 20 0 0 0 0 0 0 0 0 0 0 0
15 15 0 0 0 0 0 0 0 0 0 0 0 29 29 0 0 0 0 0 0 0 0 0 0 0
18 18 0 0 0 0 0 0 0 0 0 0 0 34 34 0 0 0 0 0 0 0 0 0 0 0
21 21 0 0 0 0 0 0 0 0 0 0 0 41 38 0 0 0 0 0 0 0 0 0 0 0
27 27 0 0 0 0 0 0 0 0 0 0 0 68 45 0 0 0 0 0 0 0 0 0 0 0
30 30 0 0 0 0 0 0 0 0 0 0 0 73 48 0 0 0 0 0 0 0 0 0 0 0
36 36 0 0 0 0 0 0 0 0 0 0 0 88 54 0 0 0 0 0 0 0 0 0 0 0
40 40 0 0 0 0 0 0 0 0 0 0 0 92 64 0 0 0 0 0 0 0 0 0 0 0
44 44 0 0 0 0 0 0 0 0 0 0 0 101 67 0 1 0 0 0 0 0 0 0 0 0
48 48 0 0 0 0 0 0 0 0 0 0 0 104 73 0 1 0 0 0 0 0 0 0 0 0
54 53 0 0 0 0 0 0 0 0 0 0 0 107 79 2 1 0 0 0 0 0 0 0 0 0
57 57 0 0 0 0 0 0 0 0 0 0 0 115 88 2 1 0 0 0 0 0 0 0 0 0
63 63 0 0 0 0 0 0 0 0 0 0 0 118 91 2 1 0 0 0 0 0 0 0 0 0
68 68 0 0 0 0 0 0 0 0 0 0 0 125 96 2 1 0 0 0 0 0 0 0 0 0
72 72 0 0 0 0 0 0 0 0 0 0 0 133 100 2 1 1 0 0 0 0 0 0 0 0
75 75 0 0 0 0 0 0 0 0 0 0 0 137 104 2 1 1 0 0 0 0 0 0 0 0
82 82 0 0 0 0 0 0 0 0 0 0 0 149 115 2 1 1 0 0 0 0 0 0 0 0
87 87 0 0 0 0 0 0 0 0 0 0 0 153 118 2 1 1 0 0 0 0 0 0 0 0
93 92 0 0 0 0 0 0 0 0 0 0 0 156 123 2 1 1 0 0 0 0 0 0 0 0
99 97 0 0 0 0 0 0 0 0 0 0 0 160 126 2 1 1 0 0 0 0 0 0 0 0
102 102 0 0 0 0 0 0 0 0 0 0 0 163 130 2 1 1 0 0 0 0 0 0 0 0
105 105 0 0 0 0 0 0 0 0 0 0 0 167 133 2 1 1 0 0 0 0 0 0 0 0
108 108 0 0 0 0 0 0 0 0 0 0 0 193 139 2 1 1 0 0 0 0 0 0 0 0
115 111 0 0 0 0 0 0 0 0 0 0 0 199 144 2 1 1 0 0 0 0 0 0 0 0
122 118 0 0 0 0 0 0 0 0 0 0 0 204 147 2 1 1 0 0 0 0 0 0 0 0
126 124 0 0 0 0 0 0 0 0 0 0 0 207 152 2 1 1 0 0 0 0 0 0 0 0
129 127 0 0 0 0 0 0 0 0 0 0 0 211 155 2 1 1 0 0 0 0 0 0 0 0
134 130 0 0 0 0 0 0 0 0 0 0 0 214 160 2 1 1 0 0 0 0 0 0 0 0
140 133 0 0 0 0 0 0 0 0 0 0 0 217 168 2 1 1 0 0 0 0 0 0 0 0
144 137 0 0 0 0 0 0 0 0 0 0 0 220 174 2 1 1 0 0 0 0 0 0 0 0
150 142 0 0 0 0 0 0 0 0 0 0 0 248 182 2 2 1 0 0 0 0 0 0 0 0
155 145 0 0 0 0 0 0 0 0 0 0 0 251 185 2 2 1 0 0 0 0 0 0 0 0
161 150 0 0 0 0 0 0 0 0 0 0 0 254 188 2 2 1 0 0 0 0 0 0 0 0
166 155 0 0 0 0 0 0 0 0 0 0 0 257 191 2 2 1 0 0 0 0 0 0 0 0
176 160 0 0 0 0 0 0 0 0 0 0 0 266 195 2 2 1 0 0 0 0 0 0 0 0
181 165 0 0 0 0 0 0 0 0 0 0 0 269 198 2 2 1 0 0 0 0 0 0 0 0
184 170 0 0 0 0 0 0 0 0 0 0 0 284 201 2 2 1 0 0 0 0 0 0 0 0
187 173 0 0 0 0 0 0 0 0 0 0 0 287 208 2 2 1 0 0 0 0 0 0 0 0
193 176 0 0 0 0 0 0 0 0 0 0 0 290 211 2 2 1 0 0 0 0 0 0 0 0
