# scores for worst/random/best/smart move selector strategies. 
# scores are 50% and 95% quantiles (based on 40 games) of: 
# game score, #destroyed, #unlocked, #stripes, #bombs, #zappers
3 3 0 0 0 0 0 0 0 0 0 0 0 11 11 0 0 0 0 0 0 0 0 0 0 0
6 6 0 0 0 0 0 0 0 0 0 0 0 18 18 0 0 0 0 0 0 0 0 0 0 0
9 9 0 0 0 0 0 0 0 0 0 0 0 43 26 0 0 0 0 0 0 0 0 0 0 0
14 14 0 0 0 0 0 0 0 0 0 0 0 63 38 0 1 0 0 0 0 0 0 0 0 0
18 18 0 0 0 0 0 0 0 0 0 0 0 72 44 1 1 0 0 0 0 0 0 0 0 0
24 24 0 0 0 0 0 0 0 0 0 0 0 77 51 1 1 0 0 0 0 0 0 0 0 0
30 30 0 0 0 0 0 0 0 0 0 0 0 104 61 1 1 0 0 0 0 0 0 0 0 0
33 33 0 0 0 0 0 0 0 0 0 0 0 109 67 1 1 0 0 0 0 0 0 0 0 0
38 38 0 0 0 0 0 0 0 0 0 0 0 114 70 1 1 0 0 0 0 0 0 0 0 0
46 43 0 0 0 0 0 0 0 0 0 0 0 133 73 2 2 0 0 1 0 0 0 0 0 0
58 50 0 0 0 0 0 0 0 0 0 0 0 145 80 2 2 1 0 1 0 0 0 0 0 0
66 54 0 0 0 0 0 0 0 0 0 0 0 160 83 3 2 1 0 1 0 0 0 0 0 0
76 58 0 0 0 0 0 0 0 0 0 0 0 166 93 3 2 1 0 1 0 0 0 0 0 0
87 65 0 1 0 0 0 0 0 0 0 0 0 171 100 3 3 1 0 1 0 0 0 0 0 0
95 70 0 1 0 0 0 0 0 0 0 0 0 180 103 4 3 1 0 1 0 0 0 0 0 0
106 75 1 1 0 0 0 0 0 0 0 0 0 198 106 5 3 1 0 1 0 0 0 0 0 0
109 79 1 1 0 0 0 0 0 0 0 0 0 201 115 5 3 1 0 1 0 0 0 0 0 0
121 85 1 1 0 0 0 0 0 0 0 0 0 205 120 5 3 1 0 1 0 0 0 0 0 0
127 88 1 1 0 0 0 0 0 0 0 0 0 235 126 6 3 1 0 1 0 0 0 0 0 0
145 98 1 1 0 0 0 0 0 0 0 0 0 249 134 6 3 1 0 1 0 0 0 0 0 0
154 104 1 1 0 0 0 0 0 0 0 0 0 282 146 6 6 1 1 1 0 0 0 0 0 0
162 110 1 2 0 0 0 0 0 0 0 0 0 303 153 6 7 1 1 1 0 0 0 0 0 0
168 115 1 2 0 0 0 0 0 0 0 0 0 307 157 6 7 1 1 1 0 0 1 0 0 0
173 118 1 2 0 0 0 0 0 0 0 0 0 311 161 6 7 1 1 1 0 0 1 0 0 0
183 123 1 2 0 0 0 0 0 0 0 0 0 428 165 6 7 1 1 1 0 0 1 0 0 0
187 126 1 2 0 0 0 0 0 0 0 0 0 432 169 6 7 1 1 1 0 0 1 0 0 0
200 131 1 2 0 0 0 0 0 0 0 0 0 435 176 6 7 1 1 1 0 0 1 0 0 0
204 136 1 2 0 0 0 0 0 0 0 0 0 438 179 6 7 1 1 1 0 0 1 0 0 0
207 140 1 2 0 0 0 0 0 0 0 0 0 443 183 6 7 1 1 1 0 0 1 0 0 0
210 143 1 2 0 0 0 0 0 0 0 0 0 491 194 6 8 1 1 1 0 0 1 0 0 0
240 149 1 2 0 0 0 0 0 0 0 0 0 495 198 6 8 1 1 1 0 0 1 0 0 0
243 155 1 2 0 0 0 0 0 0 0 0 0 498 201 6 8 1 1 1 0 0 1 0 0 0
246 159 1 2 0 0 0 0 0 0 0 0 0 503 214 7 8 1 1 1 0 0 1 0 0 0
249 164 1 3 0 0 0 0 0 0 0 0 0 508 224 7 8 1 1 1 0 0 1 0 0 0
270 167 2 3 0 0 0 0 0 0 0 0 0 514 228 7 8 1 1 1 0 0 1 0 0 0
273 172 2 3 0 0 0 0 0 0 0 0 0 518 237 7 8 1 1 1 0 0 1 0 0 0
278 177 2 3 0 0 0 0 0 0 0 0 0 523 243 7 8 1 1 1 0 0 1 0 0 0
290 185 2 3 0 0 0 0 0 0 0 0 0 526 246 7 8 1 1 1 0 0 1 0 0 0
308 190 2 3 0 0 0 0 0 0 0 0 0 529 249 7 8 1 1 1 1 0 1 0 0 0
311 193 2 4 0 0 0 0 0 0 0 0 0 532 253 7 8 1 1 1 1 0 1 0 0 0
323 196 2 4 0 0 0 0 0 0 0 0 0 561 256 7 8 1 1 1 1 0 1 0 0 0
