# scores for worst/random/best/smart move selector strategies. 
# scores are 50% and 95% quantiles (based on 40 games) of: 
# game score, #destroyed, #unlocked, #stripes, #bombs, #zappers
3 3 0 0 0 0 0 0 0 0 0 0 0 11 11 0 0 0 0 0 0 0 0 0 0 0
6 6 0 0 0 0 0 0 0 0 0 0 0 15 15 0 0 0 0 0 0 0 0 0 0 0
9 9 0 0 0 0 0 0 0 0 0 0 0 20 20 0 0 0 0 0 0 0 0 0 0 0
13 13 0 0 0 0 0 0 0 0 0 0 0 26 26 0 0 0 0 0 0 0 0 0 0 0
18 18 0 0 0 0 0 0 0 0 0 0 0 41 37 0 0 0 0 0 0 0 0 0 0 0
22 22 0 0 0 0 0 0 0 0 0 0 0 44 40 0 0 0 0 0 0 0 0 0 0 0
27 27 0 0 0 0 0 0 0 0 0 0 0 55 48 0 0 0 0 0 0 0 0 0 0 0
33 30 0 0 0 0 0 0 0 0 0 0 0 59 51 1 1 0 0 0 0 0 0 0 0 0
36 36 0 0 0 0 0 0 0 0 0 0 0 68 55 1 1 0 0 0 0 0 0 0 0 0
40 39 0 0 0 0 0 0 0 0 0 0 0 73 58 1 1 0 0 0 0 0 0 0 0 0
45 43 0 0 0 0 0 0 0 0 0 0 0 76 68 1 1 0 0 0 0 0 0 0 0 0
50 48 0 0 0 0 0 0 0 0 0 0 0 84 71 1 1 0 0 0 0 0 0 0 0 0
54 53 0 0 0 0 0 0 0 0 0 0 0 140 79 2 1 1 0 0 0 0 0 0 0 0
59 57 0 0 0 0 0 0 0 0 0 0 0 143 85 2 1 1 0 0 0 0 0 0 0 0
65 61 0 0 0 0 0 0 0 0 0 0 0 147 89 2 2 1 0 0 0 0 0 0 0 0
68 64 0 0 0 0 0 0 0 0 0 0 0 151 94 2 2 1 0 0 0 0 0 0 0 0
73 70 0 0 0 0 0 0 0 0 0 0 0 157 98 2 2 1 0 0 0 0 0 0 0 0
76 75 0 0 0 0 0 0 0 0 0 0 0 160 101 2 2 1 0 0 0 0 0 0 0 0
82 78 0 0 0 0 0 0 0 0 0 0 0 165 106 2 2 1 0 0 0 0 0 0 0 0
87 81 0 0 0 0 0 0 0 0 0 0 0 182 113 2 2 1 0 0 0 0 0 0 0 0
93 86 0 0 0 0 0 0 0 0 0 0 0 185 116 2 2 1 0 0 0 0 0 0 0 0
100 91 0 0 0 0 0 0 0 0 0 0 0 188 119 2 2 1 0 0 0 0 0 0 0 0
105 94 0 0 0 0 0 0 0 0 0 0 0 191 129 2 2 1 0 0 0 0 0 0 0 0
108 98 0 0 0 0 0 0 0 0 0 0 0 202 132 2 3 1 0 0 0 0 0 0 0 0
116 104 0 0 0 0 0 0 0 0 0 0 0 212 135 2 3 1 0 0 0 0 0 0 0 0
123 110 0 0 0 0 0 0 0 0 0 0 0 215 140 2 3 1 0 0 0 0 0 0 0 0
129 114 0 0 0 0 0 0 0 0 0 0 0 220 143 2 3 1 0 0 0 0 0 0 0 0
136 118 0 0 0 0 0 0 0 0 0 0 0 225 146 3 3 1 0 0 0 0 0 0 0 0
150 124 0 0 0 0 0 0 0 0 0 0 0 232 151 3 3 1 0 0 0 0 0 0 0 0
156 128 0 1 0 0 0 0 0 0 0 0 0 235 159 3 3 1 0 0 0 0 0 0 0 0
160 131 0 1 0 0 0 0 0 0 0 0 0 238 162 4 3 1 0 1 0 0 0 0 0 0
163 135 0 1 0 0 0 0 0 0 0 0 0 243 166 4 3 1 0 1 0 0 0 0 0 0
167 138 0 1 0 0 0 0 0 0 0 0 0 246 171 4 3 1 0 1 0 0 0 0 0 0
171 143 0 1 0 0 0 0 0 0 0 0 0 250 179 4 3 1 0 1 0 0 0 0 0 0
177 148 0 1 0 0 0 0 0 0 0 0 0 255 182 4 4 1 0 1 0 0 0 0 0 0
182 152 0 1 0 0 0 0 0 0 0 0 0 259 187 4 4 1 0 1 0 0 0 0 0 0
196 158 0 1 0 0 0 0 0 0 0 0 0 264 190 5 4 1 0 1 0 0 0 0 0 0
203 163 0 1 0 0 0 0 0 0 0 0 0 267 193 5 4 1 0 1 0 0 0 0 0 0
206 167 0 1 0 0 0 0 0 0 0 0 0 272 198 5 4 1 0 1 0 0 0 0 0 0
209 170 0 1 0 0 0 0 0 0 0 0 0 281 203 5 4 1 0 1 0 0 0 0 0 0
215 174 0 1 0 0 0 0 0 0 0 0 0 284 207 5 4 1 0 1 0 0 0 0 0 0
