# scores for worst/random/best/smart move selector strategies. 
# scores are 50% and 95% quantiles (based on 40 games) of: 
# game score, #destroyed, #unlocked, #stripes, #bombs, #zappers
3 3 0 0 0 0 0 0 0 0 0 0 0 11 11 0 0 0 0 0 0 0 0 0 0 0
6 6 0 0 0 0 0 0 0 0 0 0 0 16 16 0 0 0 0 0 0 0 0 0 0 0
11 11 0 0 0 0 0 0 0 0 0 0 0 50 24 0 0 0 0 0 0 0 0 0 0 0
15 15 0 0 0 0 0 0 0 0 0 0 0 67 37 1 1 0 0 0 0 0 0 0 0 0
21 21 0 0 0 0 0 0 0 0 0 0 0 81 47 1 1 0 0 0 0 0 0 0 0 0
27 25 0 0 0 0 0 0 0 0 0 0 0 91 52 1 2 0 0 0 0 0 0 0 0 0
36 32 0 0 0 0 0 0 0 0 0 0 0 126 60 2 2 1 0 1 0 0 0 0 0 0
52 38 0 0 0 0 0 0 0 0 0 0 0 190 68 3 2 1 0 1 0 0 0 0 0 0
70 44 0 1 0 0 0 0 0 0 0 0 0 201 80 4 3 1 1 1 0 0 0 0 0 0
84 49 0 1 0 0 0 0 0 0 0 0 0 204 83 5 3 1 1 1 0 0 0 0 0 0
95 57 1 1 0 0 0 0 0 0 0 0 0 291 89 5 7 1 1 1 1 0 1 0 0 0
113 63 1 1 0 0 0 0 0 0 0 0 0 297 93 5 7 1 1 1 1 0 1 0 0 0
121 69 1 1 0 0 0 0 0 0 0 0 0 322 102 5 7 1 1 1 1 0 1 0 0 0
140 79 1 1 0 0 0 0 0 0 0 0 0 343 112 5 7 1 1 1 1 0 1 0 0 0
148 85 1 1 0 0 0 0 0 0 0 0 0 363 120 5 7 1 1 1 1 0 1 0 0 0
157 89 1 2 0 0 0 0 0 0 0 0 0 370 125 5 7 1 1 1 1 0 1 0 0 0
168 95 1 2 0 0 0 0 0 0 0 0 0 403 138 5 8 1 1 1 1 0 1 0 0 0
178 100 1 2 0 0 0 0 0 0 0 0 0 407 152 5 8 1 1 1 1 0 1 0 0 0
196 108 2 3 0 0 0 0 0 0 0 0 0 431 166 7 9 1 1 1 1 0 1 1 0 0
207 114 2 3 0 0 0 0 0 0 0 0 0 434 171 8 9 1 1 1 1 0 1 1 0 0
221 124 2 3 0 0 0 0 0 0 0 0 0 472 183 8 11 1 1 1 1 0 1 1 0 0
255 129 2 3 0 0 0 0 0 0 0 0 0 489 188 8 12 1 1 1 1 0 1 1 0 0
288 137 2 4 0 0 0 0 0 0 0 0 0 495 195 8 12 1 2 2 1 0 1 1 0 0
310 148 2 4 0 0 0 0 0 0 0 0 0 502 203 8 13 1 2 2 1 0 1 1 0 0
316 155 2 4 0 0 0 0 0 0 0 0 0 507 211 8 13 1 2 2 1 0 2 1 0 0
331 160 2 4 0 1 0 0 0 0 0 0 0 515 219 8 13 1 2 2 1 0 2 1 0 0
339 169 2 4 0 1 0 0 0 0 0 0 0 521 226 8 13 1 2 2 1 0 2 1 0 0
352 179 2 5 0 1 1 0 0 0 0 0 0 562 230 8 14 1 2 2 1 0 2 1 0 0
358 182 2 5 0 1 1 0 0 1 0 0 0 574 234 8 14 2 2 2 1 0 2 1 0 0
366 186 2 5 0 1 1 0 0 1 0 0 0 598 246 8 14 2 2 2 1 0 2 1 0 0
391 196 3 6 0 1 1 0 0 1 0 0 0 604 251 8 14 2 2 2 1 0 2 1 0 0
418 202 3 6 0 1 1 0 0 1 0 0 0 625 256 8 16 2 2 2 1 0 2 1 0 0
425 208 3 6 0 1 1 0 0 1 0 0 0 628 262 8 16 2 2 2 1 0 2 1 0 0
435 218 3 6 0 1 1 0 0 1 0 0 0 633 267 8 16 2 2 2 1 0 2 1 0 0
466 228 3 7 0 1 1 0 0 1 0 0 0 683 275 8 16 2 3 2 1 0 2 1 0 0
480 234 3 7 0 1 1 0 0 1 0 0 0 687 293 8 16 2 3 2 1 0 3 1 0 0
498 240 3 7 0 1 1 0 0 1 0 0 0 716 303 8 16 2 3 3 1 0 3 1 0 0
525 247 3 7 0 1 1 0 0 1 0 0 0 752 307 9 16 2 3 3 1 0 3 1 0 0
534 253 3 8 0 1 1 0 0 1 0 0 0 777 311 9 16 2 3 3 1 0 3 1 0 0
548 266 3 8 0 1 1 0 0 1 0 0 0 817 321 9 16 2 4 3 1 0 3 1 0 0
559 272 3 8 0 1 1 0 0 1 0 0 0 880 330 9 16 2 4 3 1 0 3 1 0 0
