# scores for worst/random/best/smart move selector strategies. 
# scores are 50% and 95% quantiles (based on 40 games) of: 
# game score, #destroyed, #unlocked, #stripes, #bombs, #zappers
3 3 0 0 0 0 0 0 0 0 0 0 0 12 12 0 0 0 0 0 0 0 0 0 0 0
9 9 0 0 0 0 0 0 0 0 0 0 0 20 20 0 0 0 0 0 0 0 0 0 0 0
12 12 0 0 0 0 0 0 0 0 0 0 0 42 30 0 0 0 0 0 0 0 0 0 0 0
18 18 0 0 0 0 0 0 0 0 0 0 0 74 40 0 0 0 0 0 0 0 0 0 0 0
21 21 0 0 0 0 0 0 0 0 0 0 0 82 46 0 0 0 0 0 0 0 0 0 0 0
25 24 0 0 0 0 0 0 0 0 0 0 0 85 52 0 0 0 0 0 0 0 0 0 0 0
31 31 0 0 0 0 0 0 0 0 0 0 0 93 59 0 0 1 0 0 0 0 0 0 0 0
36 36 0 0 0 0 0 0 0 0 0 0 0 98 62 0 0 1 0 0 0 0 0 0 0 0
40 39 0 0 0 0 0 0 0 0 0 0 0 107 74 0 1 1 0 0 0 0 0 0 0 0
45 43 0 0 0 0 0 0 0 0 0 0 0 110 77 0 1 1 0 0 0 0 0 0 0 0
51 48 0 0 0 0 0 0 0 0 0 0 0 113 80 0 1 1 0 0 0 0 0 0 0 0
55 51 0 0 0 0 0 0 0 0 0 0 0 117 84 0 1 1 0 0 0 0 0 0 0 0
60 54 0 0 0 0 0 0 0 0 0 0 0 124 92 0 1 1 0 0 0 0 0 0 0 0
64 59 0 0 0 0 0 0 0 0 0 0 0 128 96 0 1 1 0 0 0 0 0 0 0 0
70 67 0 0 0 0 0 0 0 0 0 0 0 155 99 0 1 1 1 0 0 0 1 0 0 0
81 72 0 0 0 0 0 0 0 0 0 0 0 171 102 0 2 1 1 0 0 0 1 0 0 0
88 77 0 0 0 0 0 0 0 0 0 0 0 192 106 0 2 1 1 0 0 0 1 0 0 0
93 80 0 0 0 0 0 0 0 0 0 0 0 195 116 0 2 1 1 0 0 0 1 0 0 0
96 85 0 0 0 0 0 0 0 0 0 0 0 198 125 0 3 1 1 0 0 0 1 0 0 0
107 97 0 0 0 0 0 0 0 0 0 0 0 229 129 0 3 1 1 0 0 0 1 0 0 0
111 102 0 0 0 0 0 0 0 0 0 0 0 248 139 0 3 1 1 0 0 0 1 0 0 0
116 105 0 0 0 0 0 0 0 0 0 0 0 273 150 0 4 1 1 0 0 0 1 0 0 0
126 109 0 0 0 0 0 0 0 0 0 0 0 303 165 0 4 1 1 0 0 0 1 0 0 0
136 113 0 0 0 0 0 0 0 0 0 0 0 307 168 0 4 1 1 0 0 0 1 0 0 0
142 117 0 0 0 0 0 0 0 0 0 0 0 311 171 0 4 1 1 0 0 0 1 0 0 0
151 124 0 1 0 0 0 0 0 0 0 0 0 314 174 0 4 1 1 0 0 0 1 0 0 0
162 127 0 1 0 0 0 0 0 0 0 0 0 317 177 0 4 1 1 0 0 0 1 0 0 0
169 131 0 1 0 0 0 0 0 0 0 0 0 321 180 0 4 1 1 0 0 0 1 0 0 0
182 138 0 1 0 0 0 0 0 0 0 0 0 325 188 0 4 1 1 0 0 0 1 0 0 0
187 144 0 1 0 0 0 0 0 0 0 0 0 346 191 0 5 1 1 1 0 0 1 0 0 0
195 148 0 1 0 0 0 0 0 0 0 0 0 364 197 0 5 1 1 1 0 0 1 0 0 0
201 153 0 1 0 0 0 0 0 0 0 0 0 367 200 0 5 1 1 1 0 0 1 0 0 0
205 158 0 1 0 0 0 0 0 0 0 0 0 392 214 0 5 1 1 1 0 0 1 0 0 0
208 165 0 1 0 0 0 0 0 0 0 0 0 398 217 0 5 1 1 1 0 0 1 0 0 0
217 168 0 1 0 0 0 0 0 0 0 0 0 419 226 0 6 1 1 1 0 0 1 0 0 0
221 172 0 1 0 0 0 0 0 0 0 0 0 422 230 0 6 1 1 1 0 0 1 0 0 0
243 178 0 2 0 0 0 0 0 0 0 0 0 450 236 0 6 1 1 1 0 0 1 0 0 0
254 183 0 2 0 0 0 0 0 0 0 0 0 455 241 0 6 1 1 1 0 0 1 0 0 0
261 187 0 2 0 0 0 0 0 0 0 0 0 459 247 0 6 1 1 1 0 0 1 0 0 0
272 195 0 2 0 0 0 0 0 0 0 0 0 465 250 0 6 1 1 1 0 0 1 0 0 0
279 199 0 2 0 0 0 0 0 0 0 0 0 470 256 0 6 1 1 1 0 0 1 0 0 0
