# scores for worst/random/best/smart move selector strategies. 
# scores are 50% and 95% quantiles (based on 40 games) of: 
# game score, #destroyed, #unlocked, #stripes, #bombs, #zappers
3 3 0 0 0 0 0 0 0 0 0 0 0 12 12 0 0 0 0 0 0 0 0 0 0 0
10 10 0 0 0 0 0 0 0 0 0 0 0 39 27 0 0 0 0 0 0 0 0 0 0 0
19 18 0 0 0 0 0 0 0 0 0 0 0 103 53 0 2 1 1 0 0 0 1 0 0 0
34 28 0 0 0 0 0 0 0 0 0 0 0 140 61 0 2 1 1 1 0 0 1 0 0 0
67 39 0 0 0 0 0 0 0 0 0 0 0 158 70 0 3 1 1 1 0 0 1 0 0 0
93 48 0 1 0 0 0 0 0 0 0 0 0 186 86 0 3 1 1 1 1 0 1 0 0 0
113 60 0 1 0 0 0 0 0 0 0 0 0 231 98 0 3 1 1 1 1 0 1 0 0 0
151 70 0 2 0 0 0 0 0 0 0 0 0 289 120 0 4 1 2 1 1 0 2 0 0 0
174 84 0 2 0 0 0 0 0 0 0 0 0 320 129 0 5 2 2 1 1 0 2 0 0 0
218 103 0 3 1 0 0 0 0 0 0 0 0 429 155 0 7 2 3 1 1 0 2 0 0 0
250 114 0 3 1 0 0 0 0 0 0 0 0 495 169 0 8 2 3 1 1 0 2 0 0 0
273 124 0 3 1 0 0 0 0 0 0 0 0 501 176 0 8 2 3 1 1 0 2 0 0 0
285 131 0 3 1 0 0 0 0 0 0 0 0 532 191 0 9 2 3 2 1 0 2 0 0 0
312 141 0 3 1 1 0 0 0 1 0 0 0 539 213 0 9 3 3 2 1 0 2 0 0 0
360 154 0 4 1 1 1 0 0 1 0 0 0 585 223 0 10 3 3 2 1 0 2 0 0 0
379 163 0 5 1 1 1 0 0 1 0 0 0 630 230 0 10 3 3 2 1 0 2 0 0 0
395 175 0 5 1 1 1 0 0 1 0 0 0 647 238 1 10 3 3 2 1 0 2 0 0 0
406 181 0 5 1 1 1 0 0 1 0 0 0 664 244 1 10 4 3 2 1 0 2 0 0 0
445 195 0 6 1 1 1 0 0 1 0 0 0 671 250 1 10 4 3 2 1 0 3 0 0 0
464 207 0 6 1 1 1 1 0 1 0 0 0 839 270 1 16 4 3 2 1 0 3 0 0 0
488 213 0 6 1 1 1 1 0 1 0 0 0 886 289 1 16 4 3 2 1 0 3 0 0 0
533 231 0 7 1 1 1 1 0 1 0 0 0 890 302 1 16 4 3 2 2 0 3 0 0 0
547 241 0 7 1 1 1 1 0 1 0 0 0 991 314 1 16 4 3 2 2 0 3 0 0 0
571 248 0 7 2 1 1 1 0 1 0 0 0 1022 330 1 20 4 4 2 2 0 3 1 0 0
582 254 0 8 2 1 1 1 0 1 0 0 0 1030 339 1 20 4 4 3 2 0 4 1 0 0
625 269 0 9 2 1 1 1 0 1 0 0 0 1070 347 1 20 4 4 3 2 0 4 1 0 0
642 279 0 10 2 2 1 1 0 1 0 0 0 1120 361 1 22 5 4 3 2 0 4 1 0 0
661 299 0 10 2 2 1 1 0 1 0 0 0 1174 383 1 22 5 5 3 2 0 4 1 0 0
689 312 0 10 2 2 1 1 0 1 0 0 0 1180 397 1 22 5 5 3 2 0 4 1 0 0
711 316 0 10 2 2 1 1 0 2 0 0 0 1276 406 1 23 10 5 3 2 0 4 1 0 0
744 327 0 10 2 2 1 1 0 2 0 0 0 1301 418 1 23 10 5 3 2 0 4 1 0 0
782 341 0 11 2 2 1 1 0 2 0 0 0 1318 424 1 24 10 5 4 2 1 4 1 0 0
814 350 0 12 2 2 1 1 0 2 0 0 0 1327 432 1 24 10 5 4 2 1 4 1 0 0
845 373 0 12 3 2 1 1 0 2 0 0 0 1372 445 1 24 10 5 4 2 1 5 1 0 0
864 379 0 12 3 2 1 1 0 2 0 0 0 1380 450 1 24 10 5 4 2 1 5 1 0 0
884 386 0 12 3 2 1 1 0 2 0 0 0 1485 482 1 24 11 5 4 3 1 5 1 0 0
930 402 0 13 3 2 1 1 0 2 0 0 0 1488 492 1 24 11 6 4 3 1 5 1 0 0
961 410 0 14 3 2 1 1 0 2 0 0 0 1494 500 1 25 11 6 4 3 1 5 1 0 0
990 426 0 14 3 2 2 1 0 2 0 0 0 1665 516 1 27 11 6 4 3 1 5 1 0 0
1018 436 0 14 3 2 2 1 0 2 0 0 0 1687 522 1 27 12 6 4 3 1 5 1 0 0
1046 447 0 15 3 2 2 1 0 2 0 0 0 1722 536 1 27 12 6 4 3 1 5 1 0 0
