# scores for worst/random/best/smart move selector strategies. 
# scores are 50% and 95% quantiles (based on 40 games) of: 
# game score, #destroyed, #unlocked, #stripes, #bombs, #zappers
3 3 0 0 0 0 0 0 0 0 0 0 0 16 16 0 0 0 0 0 0 0 0 0 0 0
6 6 0 0 0 0 0 0 0 0 0 0 0 20 20 0 0 0 0 0 0 0 0 0 0 0
12 12 0 0 0 0 0 0 0 0 0 0 0 54 32 0 1 0 0 0 0 0 0 0 0 0
17 16 0 0 0 0 0 0 0 0 0 0 0 57 36 0 1 0 0 0 0 0 0 0 0 0
22 21 0 0 0 0 0 0 0 0 0 0 0 80 40 1 1 0 0 0 0 0 0 0 0 0
27 25 0 0 0 0 0 0 0 0 0 0 0 83 43 1 1 0 0 0 0 0 0 0 0 0
33 30 0 0 0 0 0 0 0 0 0 0 0 101 56 1 2 0 0 0 0 0 0 0 0 0
50 37 0 0 0 0 0 0 0 0 0 0 0 112 65 2 2 0 0 0 0 0 0 0 0 0
55 42 0 0 0 0 0 0 0 0 0 0 0 131 81 3 2 0 0 0 0 0 0 0 0 0
64 50 0 1 0 0 0 0 0 0 0 0 0 156 88 3 2 0 0 0 0 0 0 0 0 0
71 54 0 1 0 0 0 0 0 0 0 0 0 168 93 3 3 1 0 0 0 0 0 0 0 0
95 68 0 1 0 0 0 0 0 0 0 0 0 184 97 3 3 1 0 0 1 0 0 0 0 0
117 75 0 1 0 0 0 0 0 0 0 0 0 198 108 4 4 1 1 1 1 0 1 0 0 0
125 81 0 1 0 0 0 0 0 0 0 0 0 291 133 5 4 2 1 1 1 0 1 0 0 0
148 90 0 2 0 0 0 0 0 0 0 0 0 296 138 5 5 2 1 1 1 0 1 0 0 0
160 94 1 2 0 0 0 0 0 0 0 0 0 307 142 5 5 2 1 1 1 0 1 0 0 0
164 101 1 2 0 0 0 0 0 0 0 0 0 344 148 6 5 2 1 1 1 0 1 0 0 0
172 106 1 2 0 0 0 0 0 0 0 0 0 352 158 6 5 2 1 1 1 0 1 0 0 0
186 112 1 2 0 0 0 0 0 0 0 0 0 355 162 6 5 2 1 1 1 0 1 0 0 0
202 120 1 2 0 0 0 0 0 0 0 0 0 375 170 6 5 2 1 1 1 0 1 0 0 0
210 125 1 2 0 0 0 0 0 0 0 0 0 381 173 6 5 2 1 1 1 0 1 0 0 0
223 135 1 2 0 0 0 0 0 0 0 0 0 387 177 6 6 2 1 2 1 0 1 0 0 0
239 139 1 2 0 0 0 0 0 0 0 0 0 421 187 6 7 2 1 2 1 0 1 0 0 0
257 146 1 3 0 0 0 0 0 0 0 0 0 455 195 6 7 2 1 2 1 0 1 0 0 0
265 155 1 3 0 0 0 0 0 0 0 0 0 465 205 6 7 2 1 2 1 0 1 0 0 0
279 158 1 3 0 0 0 0 0 0 0 0 0 468 208 6 7 2 1 2 1 0 1 0 0 0
292 168 2 3 0 0 0 0 0 0 0 0 0 471 221 7 8 2 1 2 1 0 1 0 0 0
339 180 2 4 0 0 0 0 0 0 0 0 0 508 228 7 8 3 2 2 1 0 1 0 0 0
347 186 2 5 0 0 0 0 0 0 0 0 0 586 254 7 10 3 2 2 1 0 1 0 0 0
354 192 2 5 0 0 0 0 0 0 0 0 0 623 260 7 11 3 2 2 1 0 1 0 0 0
360 198 2 5 0 0 0 0 0 0 0 0 0 627 266 7 11 3 2 2 1 0 1 0 0 0
369 204 2 5 0 0 0 0 0 0 0 0 0 687 284 8 11 3 2 2 1 0 1 0 0 0
389 210 2 5 1 0 0 0 0 0 0 0 0 719 292 8 11 3 2 2 1 0 1 0 0 0
409 218 2 6 1 0 0 0 0 0 0 0 0 725 300 8 12 3 2 2 1 0 2 0 0 0
412 223 2 6 1 0 0 0 0 0 0 0 0 750 307 8 12 3 2 2 1 0 2 0 0 0
458 235 2 6 1 0 1 0 0 0 0 0 0 755 310 8 12 3 2 2 2 0 2 0 0 0
461 242 2 6 1 0 1 0 0 0 0 0 0 776 326 8 13 3 2 2 2 0 2 0 0 0
464 249 2 6 1 0 1 0 0 0 0 0 0 783 335 8 13 3 2 2 2 0 2 0 0 0
482 256 2 6 1 0 1 0 0 0 0 0 0 805 338 8 14 3 2 2 2 0 2 0 0 0
496 263 2 7 1 0 1 0 0 0 0 0 0 841 348 8 14 4 2 2 2 0 2 0 0 0
526 267 2 7 1 0 1 0 0 0 0 0 0 845 354 8 15 4 2 3 2 0 2 0 0 0
