# scores for worst/random/best/smart move selector strategies. 
# scores are 50% and 95% quantiles (based on 40 games) of: 
# game score, #destroyed, #unlocked, #stripes, #bombs, #zappers
3 3 0 0 0 0 0 0 0 0 0 0 0 16 16 0 0 0 0 0 0 0 0 0 0 0
6 6 0 0 0 0 0 0 0 0 0 0 0 21 21 0 0 0 0 0 0 0 0 0 0 0
12 12 0 0 0 0 0 0 0 0 0 0 0 24 24 0 0 0 0 0 0 0 0 0 0 0
15 15 0 0 0 0 0 0 0 0 0 0 0 27 27 0 0 0 0 0 0 0 0 0 0 0
21 21 0 0 0 0 0 0 0 0 0 0 0 33 33 0 0 0 0 0 0 0 0 0 0 0
24 24 0 0 0 0 0 0 0 0 0 0 0 54 39 0 0 0 0 0 0 0 0 0 0 0
29 29 0 0 0 0 0 0 0 0 0 0 0 67 45 0 0 0 0 0 0 0 0 0 0 0
34 34 0 0 0 0 0 0 0 0 0 0 0 84 52 0 1 0 0 0 0 0 0 0 0 0
42 42 0 0 0 0 0 0 0 0 0 0 0 87 56 0 1 0 0 0 0 0 0 0 0 0
45 45 0 0 0 0 0 0 0 0 0 0 0 90 59 0 1 0 0 0 0 0 0 0 0 0
53 52 0 0 0 0 0 0 0 0 0 0 0 103 72 1 1 0 0 0 0 0 0 0 0 0
57 56 0 0 0 0 0 0 0 0 0 0 0 107 76 1 1 0 0 0 0 0 0 0 0 0
63 61 0 0 0 0 0 0 0 0 0 0 0 110 81 1 1 0 0 0 0 0 0 0 0 0
69 66 0 0 0 0 0 0 0 0 0 0 0 119 84 1 2 0 0 0 0 0 0 0 0 0
75 71 0 0 0 0 0 0 0 0 0 0 0 124 88 1 2 0 0 0 0 0 0 0 0 0
80 78 0 0 0 0 0 0 0 0 0 0 0 173 92 2 2 1 0 0 0 0 0 0 0 0
90 81 0 0 0 0 0 0 0 0 0 0 0 181 98 2 2 1 0 0 0 0 0 0 0 0
93 85 0 0 0 0 0 0 0 0 0 0 0 185 104 2 2 1 0 0 0 0 0 0 0 0
98 90 0 0 0 0 0 0 0 0 0 0 0 190 107 2 2 1 0 0 0 0 0 0 0 0
106 98 0 0 0 0 0 0 0 0 0 0 0 209 120 2 3 1 0 0 0 0 0 0 0 0
123 103 0 0 0 0 0 0 0 0 0 0 0 243 135 2 3 1 1 0 0 0 0 0 0 0
129 109 0 0 0 0 0 0 0 0 0 0 0 247 140 2 3 1 1 0 0 0 0 0 0 0
133 113 0 1 0 0 0 0 0 0 0 0 0 251 146 2 3 1 1 0 0 0 0 0 0 0
137 120 0 1 0 0 0 0 0 0 0 0 0 254 149 2 3 1 1 0 0 0 0 0 0 0
146 123 0 1 0 0 0 0 0 0 0 0 0 269 158 2 3 1 1 0 0 0 1 0 0 0
161 127 0 1 0 0 0 0 0 0 0 0 0 324 169 3 3 2 1 0 0 0 1 0 0 0
172 132 0 1 0 0 0 0 0 0 0 0 0 330 176 3 3 2 1 0 0 0 1 0 0 0
177 137 0 1 0 0 0 0 0 0 0 0 0 333 185 3 3 2 1 0 0 0 1 0 0 0
180 144 0 1 0 0 0 0 0 0 0 0 0 337 188 3 3 2 1 0 0 0 1 0 0 0
187 149 0 1 0 0 0 0 0 0 0 0 0 340 191 3 3 2 1 0 0 0 1 0 0 0
212 158 0 1 0 0 0 0 0 0 0 0 0 348 197 4 4 2 1 0 0 0 1 0 0 0
224 163 0 1 0 0 0 0 0 0 0 0 0 351 202 4 4 2 1 0 0 0 1 0 0 0
234 166 0 1 0 0 0 0 0 0 0 0 0 356 206 4 4 2 1 0 0 0 1 0 0 0
240 175 0 2 0 0 0 0 0 0 0 0 0 379 213 4 4 2 1 1 0 0 1 0 0 0
243 181 0 2 0 0 0 0 0 0 0 0 0 384 217 4 4 2 1 1 0 0 1 0 0 0
250 184 1 2 0 0 0 0 0 0 0 0 0 388 224 4 4 2 1 1 0 0 1 0 0 0
256 187 1 2 0 0 0 0 0 0 0 0 0 394 232 4 4 2 1 1 0 0 1 0 0 0
262 194 1 2 0 0 0 0 0 0 0 0 0 400 237 4 4 2 1 1 0 0 1 0 0 0
267 197 1 2 0 0 0 0 0 0 0 0 0 404 241 4 4 2 1 1 0 0 1 0 0 0
273 203 1 2 0 0 0 0 0 0 0 0 0 407 244 4 4 2 1 1 0 0 1 0 0 0
279 209 1 2 0 0 0 0 0 0 0 0 0 410 254 4 5 2 1 1 0 0 1 0 0 0
