# scores for worst/random/best/smart move selector strategies. 
# scores are 50% and 95% quantiles (based on 40 games) of: 
# game score, #destroyed, #unlocked, #stripes, #bombs, #zappers
3 3 0 0 0 0 0 0 0 0 0 0 0 16 16 0 0 0 0 0 0 0 0 0 0 0
6 6 0 0 0 0 0 0 0 0 0 0 0 24 24 0 0 0 0 0 0 0 0 0 0 0
13 12 0 0 0 0 0 0 0 0 0 0 0 44 33 1 1 0 0 0 0 0 0 0 0 0
20 18 0 0 0 0 0 0 0 0 0 0 0 67 41 1 1 0 0 0 0 0 0 0 0 0
30 24 0 0 0 0 0 0 0 0 0 0 0 103 47 2 2 1 0 0 0 0 0 0 0 0
36 27 0 0 0 0 0 0 0 0 0 0 0 119 59 2 2 1 0 0 0 0 0 0 0 0
57 36 0 0 0 0 0 0 0 0 0 0 0 129 66 2 2 1 0 0 0 0 0 0 0 0
69 45 0 1 0 0 0 0 0 0 0 0 0 177 77 2 3 1 1 1 0 0 1 0 0 0
82 53 0 1 0 0 0 0 0 0 0 0 0 209 92 2 3 1 1 1 0 0 1 0 0 0
107 63 1 1 0 0 0 0 0 0 0 0 0 248 118 7 4 1 1 1 1 0 1 0 0 0
128 70 1 2 0 0 0 0 0 0 0 0 0 269 125 7 4 1 1 1 1 0 1 0 0 0
133 78 1 2 0 0 0 0 0 0 0 0 0 295 139 7 4 1 1 1 1 0 1 0 0 0
148 87 1 2 0 0 0 0 0 0 0 0 0 304 148 7 4 1 1 1 1 0 1 0 0 0
153 96 1 2 0 0 0 0 0 0 0 0 0 338 162 8 5 1 2 1 1 0 2 0 0 0
176 103 1 2 0 0 0 0 0 0 0 0 0 375 178 8 5 1 2 1 1 0 2 0 0 0
201 115 1 3 0 0 0 0 0 0 0 0 0 435 191 8 6 1 2 1 1 0 2 0 0 0
213 124 2 3 0 0 0 0 0 0 0 0 0 481 205 10 7 2 2 1 1 0 2 0 0 0
255 135 2 4 0 0 0 0 0 0 0 0 0 495 215 10 7 2 2 1 1 0 2 0 0 0
285 142 2 4 1 0 0 0 0 0 0 0 0 516 224 10 7 2 2 2 1 0 2 0 0 0
314 155 2 4 1 0 1 0 0 0 0 0 0 550 244 10 9 3 3 2 1 0 3 0 0 0
337 164 2 5 1 0 1 0 0 0 0 0 0 564 256 10 9 3 3 2 1 0 3 0 0 0
389 179 3 6 1 0 1 0 0 0 0 0 0 648 265 10 11 3 3 2 1 0 3 0 0 0
399 185 3 6 1 0 1 0 0 0 0 0 0 716 271 10 12 4 3 2 1 0 3 0 0 0
414 193 3 6 1 0 1 0 0 0 0 0 0 783 283 10 12 4 3 2 1 0 3 0 0 0
428 205 3 6 1 1 1 0 0 0 0 0 0 798 291 10 12 4 3 2 1 0 3 0 0 0
449 212 3 7 1 1 1 0 0 0 0 0 0 836 300 10 13 4 3 3 1 0 3 0 0 0
475 221 3 7 1 1 1 0 0 1 0 0 0 872 310 10 13 5 3 3 1 0 3 0 0 0
512 231 3 7 1 1 1 0 0 1 0 0 0 929 320 10 14 5 3 3 1 0 3 0 0 0
531 240 3 7 1 1 1 0 0 1 0 0 0 933 330 10 15 6 3 3 1 0 3 0 0 0
571 254 3 8 1 1 1 0 0 1 0 0 0 968 343 10 15 6 3 3 1 0 3 0 0 0
593 264 3 8 1 1 1 0 0 1 0 0 0 994 358 10 15 6 3 3 1 0 3 0 0 0
626 277 3 8 2 1 1 0 0 1 0 0 0 1029 374 10 15 6 3 3 1 1 3 0 0 0
649 283 3 9 2 1 1 0 0 1 0 0 0 1069 380 10 16 6 3 3 1 1 3 0 0 0
675 291 3 9 2 1 1 0 0 1 0 0 0 1080 387 10 16 6 3 3 1 1 3 0 0 0
694 297 3 10 2 1 1 0 0 1 0 0 0 1136 407 10 17 6 4 3 1 1 3 0 0 0
719 318 3 11 2 1 2 0 0 1 0 0 0 1176 414 10 17 6 4 3 1 1 3 0 0 0
731 331 3 11 2 1 2 0 0 1 0 0 0 1198 421 10 17 6 4 4 1 1 3 0 0 0
794 344 3 11 2 1 2 0 0 1 0 0 0 1245 428 10 17 6 4 4 1 1 4 0 0 0
811 353 3 12 2 2 2 0 0 1 0 0 0 1298 451 10 21 6 4 4 2 1 4 1 0 0
857 358 3 12 2 2 2 0 0 2 0 0 0 1342 458 10 21 6 4 4 2 1 4 1 0 0
879 372 3 13 2 2 2 0 0 2 0 0 0 1353 475 10 21 6 4 4 2 1 4 1 0 0
