# scores for worst/random/best/smart move selector strategies. 
# scores are 50% and 95% quantiles (based on 40 games) of: 
# game score, #destroyed, #unlocked, #stripes, #bombs, #zappers
3 3 0 0 0 0 0 0 0 0 0 0 0 16 16 0 0 0 0 0 0 0 0 0 0 0
6 6 0 0 0 0 0 0 0 0 0 0 0 21 21 0 0 0 0 0 0 0 0 0 0 0
9 9 0 0 0 0 0 0 0 0 0 0 0 25 25 0 0 0 0 0 0 0 0 0 0 0
13 13 0 0 0 0 0 0 0 0 0 0 0 32 32 0 0 0 0 0 0 0 0 0 0 0
18 18 0 0 0 0 0 0 0 0 0 0 0 61 37 0 0 0 0 0 0 0 0 0 0 0
21 21 0 0 0 0 0 0 0 0 0 0 0 66 42 0 0 0 0 0 0 0 0 0 0 0
27 27 0 0 0 0 0 0 0 0 0 0 0 69 45 0 0 0 0 0 0 0 0 0 0 0
30 30 0 0 0 0 0 0 0 0 0 0 0 80 48 0 0 0 0 0 0 0 0 0 0 0
33 33 0 0 0 0 0 0 0 0 0 0 0 84 63 0 0 0 0 0 0 0 0 0 0 0
39 39 0 0 0 0 0 0 0 0 0 0 0 91 66 0 0 0 0 0 0 0 0 0 0 0
42 42 0 0 0 0 0 0 0 0 0 0 0 94 69 0 0 0 0 0 0 0 0 0 0 0
48 47 0 0 0 0 0 0 0 0 0 0 0 97 75 1 1 0 0 0 0 0 0 0 0 0
51 51 0 0 0 0 0 0 0 0 0 0 0 100 79 1 1 0 0 0 0 0 0 0 0 0
55 55 0 0 0 0 0 0 0 0 0 0 0 116 82 1 1 0 0 0 0 0 0 0 0 0
66 63 0 0 0 0 0 0 0 0 0 0 0 119 87 1 1 0 0 0 0 0 0 0 0 0
69 67 0 0 0 0 0 0 0 0 0 0 0 129 99 1 1 0 0 0 0 0 0 0 0 0
73 72 0 0 0 0 0 0 0 0 0 0 0 146 107 1 1 1 0 0 0 0 0 0 0 0
86 80 0 0 0 0 0 0 0 0 0 0 0 161 112 1 1 1 0 0 0 0 0 0 0 0
90 83 0 0 0 0 0 0 0 0 0 0 0 165 120 1 1 1 0 0 0 0 0 0 0 0
96 86 0 0 0 0 0 0 0 0 0 0 0 170 123 1 1 1 0 0 0 0 0 0 0 0
99 91 0 0 0 0 0 0 0 0 0 0 0 175 126 1 1 1 0 0 0 0 0 0 0 0
102 94 0 0 0 0 0 0 0 0 0 0 0 179 132 1 1 1 0 0 0 0 0 0 0 0
105 97 0 0 0 0 0 0 0 0 0 0 0 182 135 1 1 1 0 0 0 0 0 0 0 0
114 101 0 0 0 0 0 0 0 0 0 0 0 187 142 1 2 1 0 0 0 0 0 0 0 0
117 104 0 0 0 0 0 0 0 0 0 0 0 190 145 1 2 1 0 0 0 0 0 0 0 0
125 109 0 0 0 0 0 0 0 0 0 0 0 198 155 1 2 1 0 0 0 0 0 0 0 0
128 114 0 0 0 0 0 0 0 0 0 0 0 201 159 1 2 1 0 0 0 0 0 0 0 0
132 117 0 0 0 0 0 0 0 0 0 0 0 204 162 1 2 1 0 0 0 0 0 0 0 0
136 123 0 0 0 0 0 0 0 0 0 0 0 209 166 1 2 1 0 0 0 0 0 0 0 0
141 129 0 0 0 0 0 0 0 0 0 0 0 219 169 1 2 1 0 0 0 0 0 0 0 0
144 134 0 0 0 0 0 0 0 0 0 0 0 238 178 1 2 1 0 0 0 0 0 0 0 0
151 140 0 0 0 0 0 0 0 0 0 0 0 241 183 1 2 1 0 0 0 0 0 0 0 0
155 145 0 0 0 0 0 0 0 0 0 0 0 266 190 1 2 1 0 0 0 0 0 0 0 0
164 149 0 0 0 0 0 0 0 0 0 0 0 276 200 1 2 1 0 0 0 0 0 0 0 0
171 155 0 0 0 0 0 0 0 0 0 0 0 279 203 1 2 1 0 0 0 0 0 0 0 0
179 159 0 0 0 0 0 0 0 0 0 0 0 283 208 1 2 1 0 0 0 0 0 0 0 0
186 162 0 0 0 0 0 0 0 0 0 0 0 286 211 1 2 1 0 0 0 0 0 0 0 0
189 168 0 0 0 0 0 0 0 0 0 0 0 296 219 1 2 1 0 0 0 0 0 0 0 0
192 171 0 1 0 0 0 0 0 0 0 0 0 341 226 1 2 1 0 0 0 0 0 0 0 0
195 175 0 1 0 0 0 0 0 0 0 0 0 344 229 1 2 1 0 0 0 0 0 0 0 0
198 180 0 1 0 0 0 0 0 0 0 0 0 347 232 1 2 1 0 0 0 0 0 0 0 0
