# scores for worst/random/best/smart move selector strategies. 
# scores are 50% and 95% quantiles (based on 40 games) of: 
# game score, #destroyed, #unlocked, #stripes, #bombs, #zappers
3 3 0 0 0 0 0 0 0 0 0 0 0 7 7 0 0 0 0 0 0 0 0 0 0 0
9 9 0 0 0 0 0 0 0 0 0 0 0 14 14 0 0 0 0 0 0 0 0 0 0 0
12 12 0 0 0 0 0 0 0 0 0 0 0 19 19 0 0 0 0 0 0 0 0 0 0 0
16 16 0 0 0 0 0 0 0 0 0 0 0 25 25 0 0 0 0 0 0 0 0 0 0 0
21 21 0 0 0 0 0 0 0 0 0 0 0 30 30 0 0 0 0 0 0 0 0 0 0 0
24 24 0 0 0 0 0 0 0 0 0 0 0 59 36 0 1 0 0 0 0 0 0 0 0 0
29 29 0 0 0 0 0 0 0 0 0 0 0 70 48 1 1 0 0 0 0 0 0 0 0 0
33 33 0 0 0 0 0 0 0 0 0 0 0 75 52 1 1 0 0 0 0 0 0 0 0 0
39 39 0 0 0 0 0 0 0 0 0 0 0 80 58 1 1 0 0 0 0 0 0 0 0 0
42 42 0 0 0 0 0 0 0 0 0 0 0 97 66 1 1 0 0 0 0 0 0 0 0 0
47 47 0 0 0 0 0 0 0 0 0 0 0 101 69 1 1 0 0 0 0 0 0 0 0 0
52 52 0 0 0 0 0 0 0 0 0 0 0 110 74 1 1 0 0 0 0 0 0 0 0 0
57 57 0 0 0 0 0 0 0 0 0 0 0 148 81 1 2 0 0 0 0 0 0 0 0 0
63 60 0 0 0 0 0 0 0 0 0 0 0 153 90 1 2 1 0 0 0 0 0 0 0 0
70 65 0 0 0 0 0 0 0 0 0 0 0 175 94 1 2 1 0 0 0 0 0 0 0 0
75 72 0 0 0 0 0 0 0 0 0 0 0 182 100 1 2 1 0 0 0 0 0 0 0 0
83 75 0 0 0 0 0 0 0 0 0 0 0 185 106 1 2 1 0 0 0 0 0 0 0 0
91 79 0 0 0 0 0 0 0 0 0 0 0 192 113 1 2 1 0 0 0 0 0 0 0 0
104 84 0 0 0 0 0 0 0 0 0 0 0 196 119 1 2 1 0 0 0 0 0 0 0 0
112 88 0 0 0 0 0 0 0 0 0 0 0 200 127 1 2 1 0 0 0 0 0 0 0 0
118 92 0 0 0 0 0 0 0 0 0 0 0 220 133 1 2 1 0 0 0 0 0 0 0 0
128 99 0 1 0 0 0 0 0 0 0 0 0 258 145 2 3 1 0 0 0 0 0 0 0 0
138 104 0 1 0 0 0 0 0 0 0 0 0 268 149 2 3 1 0 0 0 0 0 0 0 0
143 109 0 1 0 0 0 0 0 0 0 0 0 271 153 2 3 1 0 0 0 0 0 0 0 0
153 117 0 1 0 0 0 0 0 0 0 0 0 325 162 2 3 1 0 0 0 0 0 0 0 0
157 121 0 1 0 0 0 0 0 0 0 0 0 330 171 2 3 1 0 0 0 0 0 0 0 0
165 127 0 1 0 0 0 0 0 0 0 0 0 333 175 2 3 1 0 0 0 0 0 0 0 0
173 130 0 1 0 0 0 0 0 0 0 0 0 336 180 3 3 1 0 0 0 0 0 0 0 0
176 133 0 1 0 0 0 0 0 0 0 0 0 346 183 3 3 1 0 0 0 0 0 0 0 0
184 139 0 1 0 0 0 0 0 0 0 0 0 351 186 3 3 1 0 0 0 0 0 0 0 0
193 145 0 2 0 0 0 0 0 0 0 0 0 372 190 3 4 2 0 0 0 0 0 0 0 0
202 150 0 2 0 0 0 0 0 0 0 0 0 390 195 3 4 2 0 0 0 0 0 0 0 0
208 155 0 2 0 0 0 0 0 0 0 0 0 408 202 3 5 2 0 0 0 0 0 0 0 0
219 160 0 2 0 0 0 0 0 0 0 0 0 423 212 3 5 2 0 0 0 0 0 0 0 0
222 167 0 2 0 0 0 0 0 0 0 0 0 426 217 3 6 2 0 0 0 0 0 0 0 0
230 173 0 2 0 0 0 0 0 0 0 0 0 431 220 3 6 2 1 0 0 0 0 0 0 0
240 177 0 2 0 0 0 0 0 0 0 0 0 434 223 3 6 2 1 0 0 0 0 0 0 0
243 180 0 2 0 0 0 0 0 0 0 0 0 457 230 3 6 2 1 0 0 0 0 0 0 0
246 190 0 2 0 0 0 0 0 0 0 0 0 460 233 4 6 2 1 0 0 0 0 0 0 0
249 195 0 2 0 0 0 0 0 0 0 0 0 467 239 4 6 2 1 0 0 0 0 0 0 0
267 200 0 2 0 0 0 0 0 0 0 0 0 472 242 4 6 2 1 0 0 0 1 0 0 0
