# scores for worst/random/best/smart move selector strategies. 
# scores are 50% and 95% quantiles (based on 40 games) of: 
# game score, #destroyed, #unlocked, #stripes, #bombs, #zappers
3 3 0 0 0 0 0 0 0 0 0 0 0 7 7 0 0 0 0 0 0 0 0 0 0 0
9 9 0 0 0 0 0 0 0 0 0 0 0 18 18 0 0 0 0 0 0 0 0 0 0 0
15 15 0 0 0 0 0 0 0 0 0 0 0 36 30 0 0 0 0 0 0 0 0 0 0 0
30 22 0 0 0 0 0 0 0 0 0 0 0 129 51 2 2 0 1 1 0 0 1 0 0 0
56 28 0 0 0 0 0 0 0 0 0 0 0 141 71 2 2 0 1 1 0 0 1 0 0 0
83 38 0 1 0 0 0 0 0 0 0 0 0 190 81 2 3 1 1 1 0 0 1 0 0 0
99 48 0 1 0 0 0 0 0 0 0 0 0 222 93 2 4 1 1 1 1 0 1 0 0 0
120 58 0 2 0 0 0 0 0 0 0 0 0 303 108 7 6 1 1 1 1 0 1 0 0 0
154 67 1 2 0 0 0 0 0 0 0 0 0 322 117 7 6 2 1 1 1 0 1 0 0 0
180 78 1 3 0 0 0 0 0 0 0 0 0 381 132 7 6 2 2 1 1 0 2 0 0 0
200 88 2 3 0 0 0 0 0 0 0 0 0 390 143 8 7 2 2 1 1 0 2 0 0 0
215 100 2 3 0 0 0 0 0 0 0 0 0 429 155 8 7 2 3 1 1 0 2 0 0 0
232 109 2 3 0 0 0 0 0 0 0 0 0 441 164 8 8 2 3 1 1 0 3 0 0 0
266 115 2 4 0 0 0 0 0 0 0 0 0 611 181 8 12 2 3 1 1 0 3 1 0 0
273 122 2 4 0 0 0 0 0 0 0 0 0 712 201 8 16 2 3 1 1 0 3 1 0 0
330 139 2 4 0 1 0 0 0 1 0 0 0 758 213 8 17 2 3 2 1 0 3 1 0 0
353 147 2 5 1 1 1 0 0 1 0 0 0 793 223 8 17 2 3 2 1 0 3 1 0 0
368 158 2 5 1 1 1 0 0 1 0 0 0 804 244 8 17 2 3 2 1 0 3 1 0 0
407 164 2 5 1 1 1 0 0 1 0 0 0 861 254 8 18 3 4 2 1 0 3 1 0 0
434 179 2 6 1 1 1 0 0 1 0 0 0 959 281 8 18 3 4 2 1 0 3 1 0 0
463 191 2 6 1 1 1 0 0 1 0 0 0 967 291 8 18 3 4 2 1 0 4 1 0 0
480 198 2 6 1 1 1 0 0 1 0 0 0 1040 308 8 18 4 4 2 1 0 4 1 0 0
530 219 2 7 1 2 1 0 0 1 0 0 0 1065 329 9 19 4 5 2 2 0 4 1 0 0
540 232 2 7 1 2 1 0 0 1 0 0 0 1237 347 9 21 4 5 2 2 0 4 1 0 0
597 247 2 8 1 2 1 0 0 1 0 0 0 1426 383 9 28 8 5 2 2 0 4 1 0 0
616 259 2 8 1 2 1 0 0 1 0 0 0 1431 389 9 29 8 5 2 2 0 4 1 0 0
633 269 2 8 1 2 1 0 0 1 0 0 0 1448 394 9 29 8 5 2 2 0 4 1 0 0
643 275 2 9 1 2 1 0 0 1 0 0 0 1454 401 9 29 8 5 2 2 0 4 1 0 0
699 293 2 10 2 2 1 0 0 1 0 0 0 1458 411 9 29 8 5 2 2 1 4 1 0 0
707 301 2 10 2 2 1 0 0 1 0 0 0 1483 420 9 29 8 5 3 2 1 4 1 0 0
741 311 2 11 2 2 1 0 0 1 0 0 0 1489 424 9 30 8 5 3 2 1 4 1 0 0
750 320 2 11 2 2 1 0 0 2 0 0 0 1494 430 9 30 8 5 3 2 1 4 1 0 0
803 335 2 11 2 2 1 0 0 2 0 0 0 1562 441 9 30 8 5 3 2 1 4 1 0 0
833 349 2 11 2 2 1 1 0 2 0 0 0 1589 456 9 30 8 5 3 2 1 4 1 0 0
863 358 2 12 2 2 1 1 0 2 0 0 0 1632 471 9 31 9 5 3 2 1 4 1 0 0
902 377 2 13 2 2 1 1 0 2 0 0 0 1653 476 9 31 9 5 3 2 1 4 1 0 0
941 392 2 13 2 2 2 1 0 2 0 0 0 1662 496 9 31 9 5 3 2 1 5 1 0 0
955 401 2 13 2 2 2 1 0 2 0 0 0 1684 506 9 31 9 5 3 2 1 5 1 0 0
981 410 2 13 2 2 2 1 0 2 0 0 0 1738 521 9 31 9 5 3 2 1 5 1 0 0
989 419 2 13 2 2 2 1 0 2 0 0 0 1749 529 9 31 9 5 3 2 1 5 1 0 0
1037 426 2 14 3 2 2 1 0 2 0 0 0 1795 545 9 33 9 5 3 2 1 5 1 0 0
