# scores for worst/random/best/smart move selector strategies. 
# scores are 50% and 95% quantiles (based on 40 games) of: 
# game score, #destroyed, #unlocked, #stripes, #bombs, #zappers
3 3 0 0 0 0 0 0 0 0 0 0 0 7 7 0 0 0 0 0 0 0 0 0 0 0
9 9 0 0 0 0 0 0 0 0 0 0 0 12 12 0 0 0 0 0 0 0 0 0 0 0
12 12 0 0 0 0 0 0 0 0 0 0 0 22 22 0 0 0 0 0 0 0 0 0 0 0
15 15 0 0 0 0 0 0 0 0 0 0 0 25 25 0 0 0 0 0 0 0 0 0 0 0
20 20 0 0 0 0 0 0 0 0 0 0 0 35 35 0 0 0 0 0 0 0 0 0 0 0
23 23 0 0 0 0 0 0 0 0 0 0 0 44 42 0 0 0 0 0 0 0 0 0 0 0
27 27 0 0 0 0 0 0 0 0 0 0 0 57 45 0 0 0 0 0 0 0 0 0 0 0
30 30 0 0 0 0 0 0 0 0 0 0 0 62 50 0 0 0 0 0 0 0 0 0 0 0
36 36 0 0 0 0 0 0 0 0 0 0 0 76 53 0 1 0 0 0 0 0 0 0 0 0
40 39 0 0 0 0 0 0 0 0 0 0 0 79 56 0 1 0 0 0 0 0 0 0 0 0
43 42 0 0 0 0 0 0 0 0 0 0 0 82 59 0 1 0 0 0 0 0 0 0 0 0
51 50 0 0 0 0 0 0 0 0 0 0 0 96 63 1 1 0 0 0 0 0 0 0 0 0
54 54 0 0 0 0 0 0 0 0 0 0 0 104 71 1 1 0 0 0 0 0 0 0 0 0
57 57 0 0 0 0 0 0 0 0 0 0 0 107 75 1 1 0 0 0 0 0 0 0 0 0
63 61 0 0 0 0 0 0 0 0 0 0 0 110 80 1 1 0 0 0 0 0 0 0 0 0
68 66 0 0 0 0 0 0 0 0 0 0 0 113 84 1 1 0 0 0 0 0 0 0 0 0
72 69 0 0 0 0 0 0 0 0 0 0 0 126 94 1 1 0 0 0 0 0 0 0 0 0
76 75 0 0 0 0 0 0 0 0 0 0 0 129 99 1 1 0 0 0 0 0 0 0 0 0
79 78 0 0 0 0 0 0 0 0 0 0 0 137 111 1 1 0 0 0 0 0 0 0 0 0
84 81 0 0 0 0 0 0 0 0 0 0 0 144 118 1 1 0 0 0 0 0 0 0 0 0
90 86 0 0 0 0 0 0 0 0 0 0 0 157 121 1 1 1 0 0 0 0 0 0 0 0
96 91 0 0 0 0 0 0 0 0 0 0 0 163 127 1 1 1 0 0 0 0 0 0 0 0
101 95 0 0 0 0 0 0 0 0 0 0 0 166 130 1 1 1 0 0 0 0 0 0 0 0
105 99 0 0 0 0 0 0 0 0 0 0 0 170 134 1 1 1 0 0 0 0 0 0 0 0
110 103 0 0 0 0 0 0 0 0 0 0 0 174 138 1 1 1 0 0 0 0 0 0 0 0
115 108 0 0 0 0 0 0 0 0 0 0 0 195 141 1 1 1 0 0 0 0 0 0 0 0
121 114 0 0 0 0 0 0 0 0 0 0 0 198 144 1 1 1 0 0 0 0 0 0 0 0
124 119 0 0 0 0 0 0 0 0 0 0 0 201 152 1 1 1 0 0 0 0 0 0 0 0
129 122 0 0 0 0 0 0 0 0 0 0 0 204 155 1 1 1 0 0 0 0 0 0 0 0
134 127 0 0 0 0 0 0 0 0 0 0 0 212 162 1 1 1 0 0 0 0 0 0 0 0
139 133 0 0 0 0 0 0 0 0 0 0 0 215 165 1 1 1 0 0 0 0 0 0 0 0
144 137 0 0 0 0 0 0 0 0 0 0 0 218 169 1 1 1 0 0 0 0 0 0 0 0
152 140 0 0 0 0 0 0 0 0 0 0 0 223 175 1 1 1 0 0 0 0 0 0 0 0
156 146 0 0 0 0 0 0 0 0 0 0 0 227 179 1 1 1 0 0 0 0 0 0 0 0
161 151 0 0 0 0 0 0 0 0 0 0 0 234 184 1 2 1 0 0 0 0 0 0 0 0
170 154 0 0 0 0 0 0 0 0 0 0 0 237 187 1 2 1 0 0 0 0 0 0 0 0
174 158 0 0 0 0 0 0 0 0 0 0 0 242 191 1 2 1 0 0 0 0 0 0 0 0
177 161 0 0 0 0 0 0 0 0 0 0 0 245 194 1 2 1 0 0 0 0 0 0 0 0
180 164 0 0 0 0 0 0 0 0 0 0 0 249 201 1 2 1 0 0 0 0 0 0 0 0
187 171 0 0 0 0 0 0 0 0 0 0 0 253 206 1 2 1 0 0 0 0 0 0 0 0
191 176 0 0 0 0 0 0 0 0 0 0 0 259 210 1 2 1 0 0 0 0 0 0 0 0
