# scores for worst/random/best/smart move selector strategies. 
# scores are 50% and 95% quantiles (based on 40 games) of: 
# game score, #destroyed, #unlocked, #stripes, #bombs, #zappers
0 0 0 0 0 0 0 0 0 0 0 0 0 9 9 0 0 0 0 0 0 0 0 0 0 0
6 6 0 0 0 0 0 0 0 0 0 0 0 34 17 0 0 0 0 0 0 0 0 0 0 0
9 9 0 0 0 0 0 0 0 0 0 0 0 56 26 0 1 0 0 0 0 0 0 0 0 0
12 12 0 0 0 0 0 0 0 0 0 0 0 60 30 0 1 0 0 0 0 0 0 0 0 0
16 16 0 0 0 0 0 0 0 0 0 0 0 63 33 0 1 0 0 0 0 0 0 0 0 0
21 20 0 0 0 0 0 0 0 0 0 0 0 66 36 0 1 0 0 0 0 0 0 0 0 0
24 24 0 0 0 0 0 0 0 0 0 0 0 69 39 0 1 0 0 0 0 0 0 0 0 0
28 28 0 0 0 0 0 0 0 0 0 0 0 77 44 0 1 0 0 0 0 0 0 0 0 0
33 33 0 0 0 0 0 0 0 0 0 0 0 82 50 0 1 0 0 0 0 0 0 0 0 0
37 36 0 0 0 0 0 0 0 0 0 0 0 85 53 0 1 0 0 0 0 0 0 0 0 0
42 40 0 0 0 0 0 0 0 0 0 0 0 95 56 0 1 0 0 0 0 0 0 0 0 0
46 44 0 0 0 0 0 0 0 0 0 0 0 110 59 0 2 0 0 0 0 0 0 0 0 0
50 47 0 0 0 0 0 0 0 0 0 0 0 113 62 0 2 0 0 0 0 0 0 0 0 0
60 50 0 0 0 0 0 0 0 0 0 0 0 118 65 0 2 0 0 0 0 0 0 0 0 0
67 54 0 0 0 0 0 0 0 0 0 0 0 122 69 0 2 0 0 0 0 0 0 0 0 0
78 60 0 0 0 0 0 0 0 0 0 0 0 126 73 0 2 0 0 0 0 0 0 0 0 0
88 65 0 0 0 0 0 0 0 0 0 0 0 147 79 0 2 0 1 1 0 0 1 0 0 0
96 68 0 1 0 0 0 0 0 0 0 0 0 164 85 0 2 0 1 1 0 0 1 0 0 0
104 72 0 1 0 0 0 0 0 0 0 0 0 175 89 0 3 0 1 1 0 0 1 0 0 0
108 76 0 1 0 0 0 0 0 0 0 0 0 178 94 0 3 0 1 1 0 0 1 0 0 0
117 81 0 1 0 0 0 0 0 0 0 0 0 181 98 0 3 0 1 1 0 0 1 0 0 0
123 84 0 1 0 0 0 0 0 0 0 0 0 205 105 0 3 0 1 1 0 0 1 0 0 0
129 89 0 1 0 0 0 0 0 0 0 0 0 241 108 0 3 0 1 1 0 0 1 0 0 0
132 94 0 1 0 0 0 0 0 0 0 0 0 245 114 0 3 0 1 1 0 0 1 0 0 0
138 97 0 1 0 0 0 0 0 0 0 0 0 250 118 0 4 0 1 1 0 0 1 0 0 0
143 103 0 1 0 0 0 0 0 0 0 0 0 259 121 0 4 0 1 1 0 0 1 0 0 0
146 107 0 1 0 0 0 0 0 0 0 0 0 263 125 0 4 0 1 1 0 0 1 0 0 0
150 111 0 1 0 0 0 0 0 0 0 0 0 295 134 0 5 0 1 1 0 0 1 0 0 0
157 118 0 1 0 0 0 0 0 0 0 0 0 300 139 0 5 0 1 1 0 0 1 0 0 0
164 121 0 1 0 0 0 0 0 0 0 0 0 307 142 0 5 0 1 1 0 0 1 0 0 0
173 125 0 1 0 0 0 0 0 0 0 0 0 340 153 0 5 0 1 1 0 0 1 0 0 0
178 131 0 1 0 0 0 0 0 0 0 0 0 343 156 0 5 0 1 1 0 0 1 0 0 0
183 134 0 2 0 0 0 0 0 0 0 0 0 348 159 0 5 0 1 1 0 0 1 0 0 0
187 138 0 2 0 0 0 0 0 0 0 0 0 351 164 0 5 0 1 1 0 0 1 0 0 0
192 141 0 2 0 0 0 0 0 0 0 0 0 383 174 0 6 0 1 1 0 0 1 0 0 0
195 144 0 2 0 0 0 0 0 0 0 0 0 387 177 0 6 0 1 1 0 0 1 0 0 0
199 149 0 2 0 0 0 0 0 0 0 0 0 390 181 0 6 0 1 1 0 0 1 0 0 0
207 152 0 2 0 0 0 0 0 0 0 0 0 410 185 0 6 0 1 1 0 0 1 0 0 0
212 156 0 2 0 0 0 0 0 0 0 0 0 417 188 0 6 0 1 1 0 0 1 0 0 0
217 161 0 2 0 0 0 0 0 0 0 0 0 440 191 0 7 0 1 1 0 0 1 0 0 0
220 166 0 2 0 0 0 0 0 0 0 0 0 443 196 0 7 0 1 1 0 0 1 0 0 0
