# scores for worst/random/best/smart move selector strategies. 
# scores are 50% and 95% quantiles (based on 40 games) of: 
# game score, #destroyed, #unlocked, #stripes, #bombs, #zappers
0 0 0 0 0 0 0 0 0 0 0 0 0 9 9 0 0 0 0 0 0 0 0 0 0 0
6 6 0 0 0 0 0 0 0 0 0 0 0 12 12 0 0 0 0 0 0 0 0 0 0 0
10 10 0 0 0 0 0 0 0 0 0 0 0 34 17 0 0 0 0 0 0 0 0 0 0 0
13 13 0 0 0 0 0 0 0 0 0 0 0 37 21 0 0 0 0 0 0 0 0 0 0 0
18 17 0 0 0 0 0 0 0 0 0 0 0 40 26 0 0 0 0 0 0 0 0 0 0 0
22 22 0 0 0 0 0 0 0 0 0 0 0 56 29 0 1 0 0 0 0 0 0 0 0 0
26 25 0 0 0 0 0 0 0 0 0 0 0 59 32 0 1 0 0 0 0 0 0 0 0 0
30 30 0 0 0 0 0 0 0 0 0 0 0 82 39 0 1 0 0 0 0 0 0 0 0 0
34 33 0 0 0 0 0 0 0 0 0 0 0 93 44 0 1 0 0 0 0 0 0 0 0 0
37 36 0 0 0 0 0 0 0 0 0 0 0 101 51 0 2 0 0 0 0 0 0 0 0 0
43 40 0 0 0 0 0 0 0 0 0 0 0 104 54 0 2 0 0 1 0 0 0 0 0 0
47 44 0 0 0 0 0 0 0 0 0 0 0 114 63 0 2 0 0 1 0 0 0 0 0 0
54 48 0 0 0 0 0 0 0 0 0 0 0 127 67 0 2 0 0 1 0 0 0 0 0 0
80 53 0 0 0 0 0 0 0 0 0 0 0 152 70 0 3 0 0 1 0 0 0 0 0 0
84 59 0 0 0 0 0 0 0 0 0 0 0 156 75 0 3 0 0 1 0 0 0 0 0 0
90 63 0 0 0 0 0 0 0 0 0 0 0 166 81 0 3 0 0 1 0 0 0 0 0 0
96 69 0 1 0 0 0 0 0 0 0 0 0 174 85 0 3 0 0 1 0 0 0 0 0 0
100 72 0 1 0 0 0 0 0 0 0 0 0 178 88 0 3 0 0 1 0 0 0 0 0 0
105 76 0 1 0 0 0 0 0 0 0 0 0 183 93 0 3 0 0 1 0 0 0 0 0 0
109 81 0 1 0 0 0 0 0 0 0 0 0 187 97 0 3 0 0 1 0 0 0 0 0 0
121 85 0 1 0 0 0 0 0 0 0 0 0 200 102 0 3 0 0 1 0 0 0 0 0 0
142 89 0 1 0 0 0 0 0 0 0 0 0 215 105 0 4 0 0 1 0 0 0 0 0 0
150 92 0 2 0 0 0 0 0 0 0 0 0 218 111 0 4 0 0 1 0 0 0 0 0 0
154 97 0 2 0 0 0 0 0 0 0 0 0 224 114 0 4 0 0 1 0 0 0 0 0 0
158 102 0 2 0 0 0 0 0 0 0 0 0 242 117 0 4 0 0 1 0 0 0 0 0 0
163 105 0 2 0 0 0 0 0 0 0 0 0 249 122 0 4 0 0 1 0 0 0 0 0 0
170 110 0 2 0 0 0 0 0 0 0 0 0 262 133 0 4 0 1 1 0 0 1 0 0 0
184 114 0 2 0 0 0 0 0 0 0 0 0 266 138 0 4 0 1 1 0 0 1 0 0 0
187 120 0 2 0 0 0 0 0 0 0 0 0 277 142 0 4 0 1 1 0 0 1 0 0 0
193 124 0 2 0 0 0 0 0 0 0 0 0 300 150 0 4 0 1 1 0 0 1 0 0 0
206 128 0 2 0 0 0 0 0 0 0 0 0 319 158 0 4 0 1 1 0 0 1 0 0 0
209 132 0 2 0 0 0 0 0 0 0 0 0 331 164 0 5 0 1 1 0 0 1 0 0 0
212 135 0 2 0 0 0 0 0 0 0 0 0 334 167 0 5 0 1 1 0 0 1 0 0 0
215 139 0 2 0 0 0 0 0 0 0 0 0 338 170 0 5 0 1 1 0 0 1 0 0 0
218 144 0 2 0 0 0 0 0 0 0 0 0 350 175 0 5 0 1 1 0 0 1 0 0 0
221 149 0 2 0 0 0 0 0 0 0 0 0 356 178 0 5 0 1 1 0 0 1 0 0 0
239 153 0 2 0 0 0 0 0 0 0 0 0 360 181 0 6 0 1 1 0 0 1 0 0 0
242 157 0 2 0 0 0 0 0 0 0 0 0 373 185 0 6 0 1 1 0 0 1 0 0 0
251 161 0 2 0 0 0 0 0 0 0 0 0 376 190 0 6 0 1 1 0 0 1 0 0 0
256 167 0 3 0 0 0 0 0 0 0 0 0 411 198 0 6 0 1 1 0 0 1 0 0 0
265 171 0 3 0 0 0 0 0 0 0 0 0 416 201 0 6 0 1 1 0 0 1 0 0 0
