# scores for worst/random/best/smart move selector strategies. 
# scores are 50% and 95% quantiles (based on 40 games) of: 
# game score, #destroyed, #unlocked, #stripes, #bombs, #zappers
0 0 0 0 0 0 0 0 0 0 0 0 0 9 9 0 0 0 0 0 0 0 0 0 0 0
4 4 0 0 0 0 0 0 0 0 0 0 0 12 12 0 0 0 0 0 0 0 0 0 0 0
9 9 0 0 0 0 0 0 0 0 0 0 0 16 16 0 0 0 0 0 0 0 0 0 0 0
12 12 0 0 0 0 0 0 0 0 0 0 0 21 21 0 0 0 0 0 0 0 0 0 0 0
15 15 0 0 0 0 0 0 0 0 0 0 0 25 25 0 0 0 0 0 0 0 0 0 0 0
18 18 0 0 0 0 0 0 0 0 0 0 0 29 29 0 0 0 0 0 0 0 0 0 0 0
24 24 0 0 0 0 0 0 0 0 0 0 0 33 33 0 0 0 0 0 0 0 0 0 0 0
27 27 0 0 0 0 0 0 0 0 0 0 0 38 38 0 0 0 0 0 0 0 0 0 0 0
33 33 0 0 0 0 0 0 0 0 0 0 0 42 42 0 0 0 0 0 0 0 0 0 0 0
36 36 0 0 0 0 0 0 0 0 0 0 0 46 46 0 0 0 0 0 0 0 0 0 0 0
39 39 0 0 0 0 0 0 0 0 0 0 0 60 49 0 0 0 0 0 0 0 0 0 0 0
43 43 0 0 0 0 0 0 0 0 0 0 0 78 58 0 1 0 0 0 0 0 0 0 0 0
47 47 0 0 0 0 0 0 0 0 0 0 0 93 66 0 1 0 0 0 0 0 0 0 0 0
51 51 0 0 0 0 0 0 0 0 0 0 0 103 69 0 1 0 0 0 0 0 0 0 0 0
55 55 0 0 0 0 0 0 0 0 0 0 0 106 74 0 1 0 0 0 0 0 0 0 0 0
60 60 0 0 0 0 0 0 0 0 0 0 0 109 77 0 1 0 0 0 0 0 0 0 0 0
63 63 0 0 0 0 0 0 0 0 0 0 0 112 80 0 1 0 0 0 0 0 0 0 0 0
66 66 0 0 0 0 0 0 0 0 0 0 0 123 86 0 1 0 0 0 0 0 0 0 0 0
69 69 0 0 0 0 0 0 0 0 0 0 0 129 92 0 1 0 0 0 0 0 0 0 0 0
74 74 0 0 0 0 0 0 0 0 0 0 0 165 95 0 2 0 0 0 0 0 0 0 0 0
78 78 0 0 0 0 0 0 0 0 0 0 0 170 99 0 2 0 0 0 0 0 0 0 0 0
83 83 0 0 0 0 0 0 0 0 0 0 0 173 102 0 2 0 0 0 0 0 0 0 0 0
86 86 0 0 0 0 0 0 0 0 0 0 0 176 105 0 2 0 0 0 0 0 0 0 0 0
89 89 0 0 0 0 0 0 0 0 0 0 0 179 110 0 2 0 0 0 0 0 0 0 0 0
93 92 0 0 0 0 0 0 0 0 0 0 0 184 113 0 2 0 0 0 0 0 0 0 0 0
96 96 0 0 0 0 0 0 0 0 0 0 0 189 117 0 2 0 0 0 0 0 0 0 0 0
99 99 0 0 0 0 0 0 0 0 0 0 0 192 122 0 2 0 0 0 0 0 0 0 0 0
105 105 0 0 0 0 0 0 0 0 0 0 0 195 130 0 2 0 0 0 0 0 0 0 0 0
108 108 0 0 0 0 0 0 0 0 0 0 0 199 133 0 2 0 0 0 0 0 0 0 0 0
114 113 0 0 0 0 0 0 0 0 0 0 0 202 136 0 2 0 0 0 0 0 0 0 0 0
117 116 0 0 0 0 0 0 0 0 0 0 0 205 139 0 2 0 0 0 0 0 0 0 0 0
120 119 0 0 0 0 0 0 0 0 0 0 0 211 142 0 2 0 1 0 0 0 1 0 0 0
123 122 0 0 0 0 0 0 0 0 0 0 0 214 149 0 2 0 1 0 0 0 1 0 0 0
128 126 0 0 0 0 0 0 0 0 0 0 0 217 154 0 2 0 1 0 0 0 1 0 0 0
132 130 0 0 0 0 0 0 0 0 0 0 0 220 157 0 2 0 1 0 0 0 1 0 0 0
136 135 0 0 0 0 0 0 0 0 0 0 0 224 160 0 2 0 1 0 0 0 1 0 0 0
141 141 0 0 0 0 0 0 0 0 0 0 0 227 163 0 2 0 1 0 0 0 1 0 0 0
145 144 0 0 0 0 0 0 0 0 0 0 0 230 166 0 2 0 1 0 0 0 1 0 0 0
148 147 0 0 0 0 0 0 0 0 0 0 0 234 172 0 2 0 1 0 0 0 1 0 0 0
154 151 0 0 0 0 0 0 0 0 0 0 0 255 180 0 2 0 1 0 0 0 1 0 0 0
158 154 0 0 0 0 0 0 0 0 0 0 0 260 184 0 2 0 1 0 0 0 1 0 0 0
