# scores for worst/random/best/smart move selector strategies. 
# scores are 50% and 95% quantiles (based on 40 games) of: 
# game score, #destroyed, #unlocked, #stripes, #bombs, #zappers
0 0 0 0 0 0 0 0 0 0 0 0 0 3 3 0 0 0 0 0 0 0 0 0 0 0
1 1 0 0 0 0 0 0 0 0 0 0 0 6 6 0 0 0 0 0 0 0 0 0 0 0
3 3 0 0 0 0 0 0 0 0 0 0 0 6 6 0 0 0 0 0 0 0 0 0 0 0
6 6 0 0 0 0 0 0 0 0 0 0 0 649 65 20 7 9 0 0 0 0 0 0 0 0
6 6 0 0 0 0 0 0 0 0 0 0 0 1094 104 32 13 16 0 0 1 0 0 0 0 0
9 9 0 0 0 0 0 0 0 0 0 0 0 1097 107 32 13 16 0 0 1 0 0 0 0 0
12 12 0 0 0 0 0 0 0 0 0 0 0 1196 112 33 13 18 0 0 1 0 0 0 0 0
12 12 0 0 0 0 0 0 0 0 0 0 0 1244 115 33 14 19 0 0 1 0 0 0 0 0
15 15 0 0 0 0 0 0 0 0 0 0 0 1288 122 34 14 20 0 0 1 0 0 0 0 0
18 18 0 0 0 0 0 0 0 0 0 0 0 1292 126 34 14 20 0 0 1 0 0 0 0 0
21 20 0 0 0 0 0 0 0 0 0 0 0 1311 133 34 14 20 0 0 1 0 0 0 0 0
27 25 0 0 0 0 0 0 0 0 0 0 0 1325 143 34 15 20 0 0 1 0 0 0 0 0
72 34 0 0 1 0 0 0 0 0 0 0 0 1328 147 34 15 20 0 1 1 0 0 0 0 0
1019 105 16 12 13 0 0 0 0 0 0 0 0 1331 157 35 15 20 0 1 1 0 0 0 0 0
1225 112 22 13 18 0 0 0 0 0 0 0 0 1360 162 35 15 20 0 1 1 1 0 0 0 0
1268 118 24 14 19 0 0 0 0 0 0 0 0 1372 167 35 15 20 1 1 1 1 0 0 0 0
1282 128 25 14 20 0 0 0 0 0 0 0 0 1376 171 35 15 20 1 1 1 1 1 0 0 0
1290 134 25 14 20 0 0 0 0 0 0 0 0 1385 179 35 15 20 1 1 1 1 1 0 0 0
1298 139 25 14 20 0 0 0 0 0 0 0 0 1388 182 35 15 20 1 1 1 1 1 0 0 0
1313 143 25 14 20 0 0 0 0 0 0 0 0 1401 187 35 15 20 1 1 1 1 1 0 0 0
1322 148 26 14 20 0 0 0 0 0 0 0 0 1430 196 35 16 20 1 1 1 1 1 0 0 0
1328 154 26 14 20 0 0 0 0 0 0 0 0 1459 200 35 16 21 1 1 1 1 1 0 0 0
1333 159 26 14 20 0 0 0 0 0 0 0 0 1465 204 35 16 21 1 1 1 1 1 0 0 0
1338 162 27 14 20 0 0 0 0 0 0 0 0 1472 209 35 16 21 1 1 1 1 1 0 0 0
1354 167 28 15 20 0 0 0 0 0 0 0 0 1493 215 35 17 21 1 1 1 1 1 0 0 0
1365 173 28 15 20 0 0 0 0 0 0 0 0 1496 219 35 17 21 1 1 1 1 1 0 0 0
1368 177 28 15 20 0 0 0 0 0 0 0 0 1521 228 35 17 21 1 1 1 1 1 0 0 0
1379 182 28 15 20 0 0 0 0 0 0 0 0 1542 236 35 18 21 1 1 1 1 1 0 0 0
1386 189 28 15 20 0 0 0 0 0 0 0 0 1577 241 35 19 21 1 2 1 1 1 0 0 0
1394 193 28 15 20 0 0 0 0 0 0 0 0 1582 257 35 19 21 1 2 2 1 1 0 0 0
1397 196 28 15 20 0 0 0 0 0 0 0 0 1588 260 35 19 21 1 2 2 1 1 0 0 0
1400 200 28 15 20 0 0 0 0 0 0 0 0 1614 266 35 19 21 1 2 2 1 1 0 0 0
1404 205 28 15 20 0 0 0 0 0 0 0 0 1618 271 35 19 21 1 2 2 1 1 0 0 0
1408 208 28 16 20 0 0 0 0 0 0 0 0 1622 277 35 19 21 1 2 2 1 1 0 0 0
1411 214 28 16 20 0 0 0 0 0 0 0 0 1625 280 35 19 22 1 2 2 1 1 0 0 0
1421 217 28 16 20 0 0 0 0 0 0 0 0 1631 285 35 19 22 1 2 2 1 1 0 0 0
1438 221 28 16 20 0 0 0 0 0 0 0 0 1634 289 35 19 22 1 2 2 1 1 0 0 0
1483 228 28 16 20 0 0 0 0 0 0 0 0 1708 293 35 20 22 1 2 2 1 1 0 0 0
1491 236 28 17 20 0 0 0 0 0 0 0 0 1728 298 35 20 22 1 2 2 1 1 0 0 0
1494 241 28 17 20 0 0 0 0 0 0 0 0 1732 303 35 20 22 1 2 2 1 1 0 0 0
1507 248 28 17 20 0 0 0 0 0 0 0 0 1737 307 35 21 22 1 2 2 1 1 0 0 0
