# scores for worst/random/best/smart move selector strategies. 
# scores are 50% and 95% quantiles (based on 40 games) of: 
# game score, #destroyed, #unlocked, #stripes, #bombs, #zappers
0 0 0 0 0 0 0 0 0 0 0 0 0 6 6 0 0 0 0 0 0 0 0 0 0 0
3 3 0 0 0 0 0 0 0 0 0 0 0 8 8 0 0 0 0 0 0 0 0 0 0 0
6 6 0 0 0 0 0 0 0 0 0 0 0 10 10 0 0 0 0 0 0 0 0 0 0 0
6 6 0 0 0 0 0 0 0 0 0 0 0 775 60 17 9 11 0 0 0 0 0 0 0 0
9 9 0 0 0 0 0 0 0 0 0 0 0 1263 93 26 14 20 0 0 0 0 0 0 0 0
12 12 0 0 0 0 0 0 0 0 0 0 0 1276 106 26 14 20 0 0 0 0 0 0 0 0
13 13 0 0 0 0 0 0 0 0 0 0 0 1279 109 26 14 20 0 0 0 0 0 0 0 0
17 17 0 0 0 0 0 0 0 0 0 0 0 1282 112 26 14 20 0 0 0 0 0 0 0 0
18 18 0 0 0 0 0 0 0 0 0 0 0 1331 130 27 15 20 0 0 1 0 0 0 0 0
22 21 0 0 0 0 0 0 0 0 0 0 0 1345 137 29 15 20 0 0 1 0 0 0 0 0
24 24 0 0 0 0 0 0 0 0 0 0 0 1358 143 29 15 20 0 0 1 0 0 0 0 0
27 27 0 0 0 0 0 0 0 0 0 0 0 1361 146 29 15 20 0 1 1 0 0 0 0 0
338 63 5 5 3 0 0 0 0 0 0 0 0 1365 149 29 15 20 0 1 1 0 0 0 0 0
1019 107 16 13 13 0 0 0 0 0 0 0 0 1372 157 31 15 20 0 1 1 0 0 0 0 0
1293 117 20 14 20 0 0 0 0 0 0 0 0 1376 160 32 15 20 0 1 1 0 0 0 0 0
1296 120 22 14 20 0 0 0 0 0 0 0 0 1385 165 32 15 20 0 1 1 0 0 0 0 0
1299 123 22 14 20 0 0 0 0 0 0 0 0 1388 168 32 15 20 0 1 1 0 0 0 0 0
1315 138 22 14 20 0 0 0 0 0 0 0 0 1398 172 32 16 21 0 1 1 0 0 0 0 0
1320 143 22 14 20 0 0 0 0 0 0 0 0 1401 175 32 16 21 0 1 1 0 0 0 0 0
1323 146 22 14 20 0 0 0 0 0 0 0 0 1421 179 32 16 21 0 1 1 0 0 0 0 0
1326 150 22 14 20 0 0 0 0 0 0 0 0 1431 184 32 17 21 0 1 1 0 0 0 0 0
1334 156 23 14 20 0 0 0 0 0 0 0 0 1436 188 32 17 21 0 1 1 0 0 0 0 0
1337 160 24 14 20 0 0 0 0 0 0 0 0 1441 194 32 17 21 0 1 1 0 0 0 0 0
1340 164 24 14 20 0 0 0 0 0 0 0 0 1444 198 32 17 21 0 1 1 0 0 0 0 0
1343 167 24 14 20 0 0 0 0 0 0 0 0 1447 201 32 17 21 0 1 1 0 0 0 0 0
1348 170 24 14 20 0 0 0 0 0 0 0 0 1451 206 32 17 21 0 1 1 0 0 0 0 0
1354 174 24 14 20 0 0 0 0 0 0 0 0 1454 209 32 17 21 0 1 1 0 0 0 0 0
1358 177 24 14 20 0 0 0 0 0 0 0 0 1458 212 32 17 21 0 1 1 0 0 0 0 0
1361 182 24 14 20 0 0 0 0 0 0 0 0 1461 215 32 17 21 0 1 1 0 0 0 0 0
1364 185 24 14 20 0 0 0 0 0 0 0 0 1464 218 32 17 21 0 1 1 0 0 0 0 0
1369 189 24 14 20 0 0 0 0 0 0 0 0 1473 222 32 17 21 0 1 1 0 0 0 0 0
1372 192 24 14 20 0 0 0 0 0 0 0 0 1476 228 32 17 21 0 1 1 0 0 0 0 0
1375 196 24 14 20 0 0 0 0 0 0 0 0 1479 235 32 17 21 0 1 1 0 0 0 0 0
1380 199 24 14 20 0 0 0 0 0 0 0 0 1492 238 32 17 21 0 1 1 0 0 0 0 0
1386 202 24 14 20 0 0 0 0 0 0 0 0 1495 241 32 17 21 0 1 1 0 0 0 0 0
1394 206 24 14 20 0 0 0 0 0 0 0 0 1498 246 32 17 21 0 1 1 0 0 0 0 0
1404 213 24 14 20 0 0 0 0 0 0 0 0 1501 249 32 17 21 0 1 1 0 0 0 0 0
1410 218 24 14 20 0 0 0 0 0 0 0 0 1514 252 32 17 21 0 1 1 0 0 0 0 0
1414 222 24 14 20 0 0 0 0 0 0 0 0 1517 255 32 17 21 0 1 1 0 0 0 0 0
1417 227 24 14 20 0 0 0 0 0 0 0 0 1520 268 32 17 21 0 1 1 0 0 0 0 0
1421 231 24 14 20 0 0 0 0 0 0 0 0 1526 271 32 17 21 0 1 1 0 0 0 0 0
