# scores for worst/random/best/smart move selector strategies. 
# scores are 50% and 95% quantiles (based on 40 games) of: 
# game score, #destroyed, #unlocked, #stripes, #bombs, #zappers
3 3 0 0 0 0 0 0 0 0 0 0 0 16 15 0 0 0 0 0 0 0 0 0 0 0
10 10 0 0 0 0 0 0 0 0 0 0 0 125 47 0 1 0 0 0 0 0 0 0 0 0
20 19 0 0 0 0 0 0 0 0 0 0 0 352 99 6 7 2 1 0 0 0 0 0 0 0
58 35 0 1 0 0 0 0 0 0 0 0 0 671 135 7 9 4 1 1 1 0 1 0 0 0
100 49 0 2 0 0 0 0 0 0 0 0 0 725 146 7 9 4 1 1 1 0 1 0 0 0
133 57 0 2 1 0 0 0 0 0 0 0 0 926 176 8 12 4 2 1 1 0 1 0 0 0
272 93 0 4 1 0 0 0 0 0 0 0 0 930 187 9 13 5 2 1 1 0 1 0 0 0
317 106 1 5 2 0 0 0 0 0 0 0 0 964 210 9 13 11 2 1 2 0 2 0 0 0
405 125 1 6 2 0 0 0 0 0 0 0 0 1026 228 9 19 11 3 1 2 0 2 1 0 0
479 147 1 7 3 0 0 0 0 0 0 0 0 1087 254 9 19 11 3 1 2 0 3 1 0 0
502 168 1 7 3 0 0 0 0 0 0 0 0 1093 267 9 19 12 3 1 2 0 3 1 0 0
559 181 1 8 3 0 0 0 0 0 0 0 0 1110 295 9 19 12 4 1 2 0 3 1 0 0
572 195 1 9 4 0 0 1 0 0 0 0 0 1265 335 9 20 18 4 2 2 0 4 1 1 0
619 213 2 9 4 0 1 1 0 0 0 0 0 1348 347 9 20 18 5 2 2 0 4 1 1 0
683 223 2 10 4 1 1 1 0 0 0 0 0 1454 355 9 22 21 5 2 2 0 4 1 1 0
720 241 2 10 4 1 1 1 0 0 0 0 0 1468 366 9 22 21 5 2 2 0 4 1 1 0
771 246 2 11 4 1 1 1 0 0 0 0 0 1493 371 9 22 21 5 2 2 0 4 1 1 0
809 257 2 12 4 1 1 1 0 0 0 0 0 1498 383 9 24 21 5 2 2 0 4 1 1 0
850 284 2 12 5 1 1 1 0 1 0 0 0 1542 399 9 24 21 5 2 3 0 4 1 1 0
874 296 2 12 5 1 1 1 0 1 0 0 0 1614 419 9 25 21 5 2 3 0 4 1 1 0
889 302 2 13 5 1 1 1 0 1 0 0 0 1729 442 9 28 21 5 2 3 0 4 1 1 0
893 309 2 13 5 1 1 1 0 1 0 0 0 1760 451 9 28 21 5 2 3 0 4 1 1 0
911 323 2 14 5 1 1 1 0 1 0 0 0 1771 496 9 31 21 5 3 3 0 4 1 1 0
943 336 2 15 6 1 1 1 0 1 0 0 0 1776 507 9 31 21 5 3 3 0 4 1 1 0
1067 363 2 15 6 1 1 1 0 1 0 0 0 1784 519 9 31 21 5 3 3 0 4 1 1 0
1087 388 2 16 6 1 1 1 0 1 0 0 0 1788 553 9 32 22 5 3 3 0 4 1 1 0
1138 400 2 16 6 2 1 1 0 1 0 0 0 1920 559 9 33 22 5 3 3 0 4 1 1 0
1224 424 2 16 6 2 2 1 0 1 0 0 0 2017 569 9 35 23 5 3 3 0 5 1 1 0
1257 442 2 18 6 2 2 1 0 1 0 0 0 2054 582 9 35 23 5 3 3 0 5 1 1 0
1265 457 2 18 7 2 2 1 0 1 0 0 0 2222 603 9 36 23 5 3 4 0 5 1 1 0
1338 468 2 18 7 2 2 1 0 1 0 0 0 2319 620 9 36 24 5 3 4 0 5 1 1 0
1361 481 2 18 7 2 2 1 0 1 0 0 0 2338 636 9 36 24 6 3 4 0 5 1 1 0
1475 526 2 19 7 2 2 1 0 1 0 0 0 2406 651 9 39 25 6 4 4 0 5 1 1 0
1522 537 2 19 7 2 2 1 0 1 0 0 0 2499 679 9 39 26 6 4 4 0 5 1 1 0
1560 550 2 21 7 2 2 1 0 1 0 0 0 2532 690 9 39 26 6 4 4 0 5 1 1 0
1595 557 2 22 7 2 2 1 0 2 0 0 0 2572 708 9 43 26 6 4 4 0 6 1 1 0
1630 578 2 22 8 2 2 1 0 2 0 0 0 2659 741 9 43 27 6 4 4 0 6 1 1 0
1646 597 2 23 8 2 2 1 0 2 0 0 0 3110 755 9 44 27 6 5 4 0 6 1 1 0
1699 613 2 24 8 3 2 1 0 2 0 0 0 3117 767 9 44 27 7 5 4 0 6 1 1 0
1758 631 2 24 8 3 2 1 0 2 0 0 0 3150 786 9 46 27 7 5 4 0 6 1 1 0
1825 650 2 25 8 3 2 1 0 2 0 0 0 3262 828 9 46 28 7 5 4 1 6 1 1 0
