# scores for worst/random/best/smart move selector strategies. 
# scores are 50% and 95% quantiles (based on 40 games) of: 
# game score, #destroyed, #unlocked, #stripes, #bombs, #zappers
3 3 0 0 0 0 0 0 0 0 0 0 0 16 15 0 0 0 0 0 0 0 0 0 0 0
7 7 0 0 0 0 0 0 0 0 0 0 0 21 21 0 0 0 0 0 0 0 0 0 0 0
17 17 0 0 0 0 0 0 0 0 0 0 0 76 45 0 1 0 0 0 0 0 0 0 0 0
25 25 0 0 0 0 0 0 0 0 0 0 0 131 72 2 2 1 0 0 0 0 0 0 0 0
33 30 0 0 0 0 0 0 0 0 0 0 0 165 84 3 3 1 0 0 0 0 0 0 0 0
63 40 0 0 0 0 0 0 0 0 0 0 0 174 89 4 3 2 0 0 0 0 0 0 0 0
81 43 0 1 0 0 0 0 0 0 0 0 0 428 146 5 7 3 0 0 0 0 0 0 0 0
99 55 0 1 0 0 0 0 0 0 0 0 0 482 160 5 7 3 0 0 0 0 0 0 0 0
104 59 0 1 1 0 0 0 0 0 0 0 0 537 182 5 8 4 0 0 1 0 0 0 0 0
142 66 0 1 1 0 0 0 0 0 0 0 0 540 188 5 8 4 1 0 1 0 0 0 0 0
170 75 0 2 1 0 0 0 0 0 0 0 0 543 191 5 8 4 1 0 1 0 1 0 0 0
191 83 0 2 1 0 0 0 0 0 0 0 0 555 203 5 8 4 1 0 1 0 1 0 0 0
225 94 0 3 1 0 0 0 0 0 0 0 0 605 209 5 8 4 2 0 1 0 1 0 0 0
259 107 1 4 2 0 0 0 0 0 0 0 0 610 216 5 9 4 2 0 1 0 1 0 0 0
356 127 1 5 2 0 0 0 0 0 0 0 0 616 225 5 9 4 2 1 1 0 1 0 0 0
383 136 1 6 2 0 0 0 0 0 0 0 0 622 228 5 9 4 2 1 1 0 1 0 0 0
416 141 1 6 3 0 0 0 0 0 0 0 0 635 238 5 9 5 2 1 1 0 1 0 0 0
428 145 1 6 3 0 0 0 0 0 0 0 0 776 251 6 9 5 2 1 1 0 1 0 0 0
452 161 1 7 3 0 0 0 0 0 0 0 0 783 254 6 10 5 2 1 1 0 1 0 0 0
492 182 1 7 3 0 0 0 0 0 0 0 0 805 279 6 10 5 2 1 1 0 1 0 0 0
507 191 1 8 3 0 0 0 0 0 0 0 0 808 286 6 10 5 2 1 1 0 1 0 0 0
523 199 1 8 3 0 0 0 0 0 0 0 0 811 291 6 11 5 2 1 1 0 1 0 0 0
560 211 1 8 3 0 0 0 0 0 0 0 0 956 307 6 12 8 2 1 1 0 1 0 0 0
581 222 1 8 3 0 0 0 0 0 0 0 0 960 312 6 12 8 2 1 1 0 1 0 0 0
587 226 1 8 3 0 0 0 0 0 0 0 0 967 316 6 12 8 2 1 1 0 1 0 0 0
596 236 1 8 3 0 0 0 0 0 0 0 0 979 363 6 13 8 2 1 1 0 1 0 0 0
604 243 1 9 3 0 0 0 0 0 0 0 0 986 371 6 13 8 2 1 1 0 1 0 0 0
620 255 1 9 3 0 0 0 0 0 0 0 0 991 376 6 13 8 2 1 1 0 1 0 0 0
653 263 1 9 3 0 0 0 0 0 0 0 0 1005 390 6 13 8 2 1 1 0 1 0 0 0
678 267 1 9 4 0 0 0 0 0 0 0 0 1028 393 6 13 8 2 1 1 0 1 0 0 0
682 274 1 9 4 0 0 0 0 0 0 0 0 1037 401 6 13 8 2 1 1 0 1 0 0 0
688 280 1 9 4 0 0 0 0 0 0 0 0 1041 408 6 13 8 2 1 1 0 1 0 0 0
702 286 1 9 4 0 0 0 0 0 0 0 0 1073 424 6 13 8 2 1 1 0 1 0 0 0
706 299 1 9 4 0 0 0 0 0 0 0 0 1091 432 6 14 8 2 1 1 0 1 0 0 0
717 304 1 10 4 0 0 0 0 0 0 0 0 1095 437 6 15 8 2 1 1 0 1 0 0 0
720 309 1 10 4 0 0 0 0 0 0 0 0 1170 448 6 15 8 2 1 1 0 1 0 0 0
734 317 1 10 4 0 0 0 0 0 0 0 0 1174 451 6 19 8 2 1 1 0 2 0 0 0
767 324 1 10 4 0 0 0 0 0 0 0 0 1210 467 6 19 9 2 1 1 0 2 0 0 0
794 331 1 10 4 0 0 0 0 0 0 0 0 1236 474 6 20 9 2 1 1 0 2 0 0 0
800 337 1 10 4 0 0 0 0 0 0 0 0 1253 478 6 20 9 2 1 1 0 2 0 0 0
816 344 1 10 4 0 0 0 0 0 0 0 0 1303 489 6 20 9 2 1 1 0 2 0 0 0
