# scores for worst/random/best/smart move selector strategies. 
# scores are 50% and 95% quantiles (based on 40 games) of: 
# game score, #destroyed, #unlocked, #stripes, #bombs, #zappers
3 3 0 0 0 0 0 0 0 0 0 0 0 16 15 0 0 0 0 0 0 0 0 0 0 0
6 6 0 0 0 0 0 0 0 0 0 0 0 32 20 0 0 0 0 0 0 0 0 0 0 0
12 12 0 0 0 0 0 0 0 0 0 0 0 41 25 0 1 0 0 0 0 0 0 0 0 0
18 18 0 0 0 0 0 0 0 0 0 0 0 69 41 0 1 0 0 0 0 0 0 0 0 0
23 22 0 0 0 0 0 0 0 0 0 0 0 213 72 1 3 1 0 0 0 0 0 0 0 0
27 27 0 0 0 0 0 0 0 0 0 0 0 304 79 2 4 3 0 0 0 0 0 0 0 0
33 33 0 0 0 0 0 0 0 0 0 0 0 311 86 2 4 3 0 0 0 0 0 0 0 0
53 43 0 0 0 0 0 0 0 0 0 0 0 317 92 2 5 3 0 0 0 0 0 0 0 0
70 48 0 0 0 0 0 0 0 0 0 0 0 323 99 4 5 3 0 0 0 0 0 0 0 0
77 49 0 1 0 0 0 0 0 0 0 0 0 384 126 4 5 3 0 0 0 0 0 0 0 0
84 55 0 1 0 0 0 0 0 0 0 0 0 387 129 4 6 3 0 0 0 0 0 0 0 0
88 60 0 1 0 0 0 0 0 0 0 0 0 390 132 4 6 3 0 0 0 0 0 0 0 0
99 66 0 1 0 0 0 0 0 0 0 0 0 393 135 4 6 3 0 0 0 0 0 0 0 0
113 71 0 1 0 0 0 0 0 0 0 0 0 433 151 4 6 3 0 0 0 0 0 0 0 0
138 82 0 2 1 0 0 0 0 0 0 0 0 494 168 4 7 3 1 0 0 0 0 0 0 0
152 89 0 2 1 0 0 0 0 0 0 0 0 497 171 4 7 3 1 0 0 0 0 0 0 0
171 99 0 2 1 0 0 0 0 0 0 0 0 504 188 4 7 4 1 0 0 0 0 0 0 0
183 104 0 2 1 0 0 0 0 0 0 0 0 506 189 4 7 4 1 0 0 0 0 0 0 0
193 108 0 3 1 0 0 0 0 0 0 0 0 520 203 4 7 4 1 0 0 0 0 0 0 0
213 112 0 3 1 0 0 0 0 0 0 0 0 577 207 4 8 4 1 0 0 0 0 0 0 0
246 119 0 3 1 0 0 0 0 0 0 0 0 580 210 5 8 4 1 0 0 0 0 0 0 0
300 127 0 3 2 0 0 0 0 0 0 0 0 583 214 5 8 4 1 0 0 0 0 0 0 0
320 140 0 4 2 0 0 0 0 0 0 0 0 586 218 5 8 4 1 0 0 0 0 0 0 0
335 149 0 4 2 0 0 0 0 0 0 0 0 589 232 5 8 4 1 0 0 0 0 0 0 0
348 158 0 5 2 0 0 0 0 0 0 0 0 608 238 5 8 4 1 0 0 0 0 0 0 0
352 163 0 5 2 0 0 0 0 0 0 0 0 679 268 5 8 5 1 0 0 0 0 0 0 0
361 167 0 5 2 0 0 0 0 0 0 0 0 700 297 5 9 5 1 0 0 0 0 0 0 0
376 174 0 5 2 0 0 0 0 0 0 0 0 707 304 5 9 5 1 0 0 0 0 0 0 0
382 185 0 5 2 0 0 0 0 0 0 0 0 736 307 5 9 5 1 0 0 0 0 0 0 0
407 191 0 5 2 0 0 0 0 0 0 0 0 762 322 5 9 5 1 0 0 0 0 0 0 0
437 200 1 6 2 0 0 0 0 0 0 0 0 792 329 5 9 5 1 0 0 0 0 0 0 0
442 203 1 6 2 0 0 0 0 0 0 0 0 797 334 5 9 5 1 0 0 0 0 0 0 0
450 220 1 6 2 0 0 0 0 0 0 0 0 802 337 5 10 5 1 0 0 0 0 0 0 0
462 223 1 6 2 0 0 0 0 0 0 0 0 806 343 5 10 5 1 0 0 0 0 0 0 0
471 226 1 6 2 0 0 0 0 0 0 0 0 809 346 5 10 5 1 0 0 0 0 0 0 0
480 232 1 6 2 0 0 0 0 0 0 0 0 812 352 5 10 5 1 0 0 0 0 0 0 0
492 236 1 6 2 0 0 0 0 0 0 0 0 815 380 5 10 5 1 0 0 0 0 0 0 0
503 241 1 6 3 0 0 0 0 0 0 0 0 820 385 5 10 5 1 0 0 0 0 0 0 0
511 244 1 6 3 0 0 0 0 0 0 0 0 825 388 5 10 5 1 0 0 0 0 0 0 0
517 250 1 7 3 0 0 0 0 0 0 0 0 831 394 5 10 5 1 0 0 0 0 0 0 0
543 255 1 7 3 0 0 0 0 0 0 0 0 866 402 5 11 5 1 0 0 0 0 0 0 0
