# scores for worst/random/best/smart move selector strategies. 
# scores are 50% and 95% quantiles (based on 40 games) of: 
# game score, #destroyed, #unlocked, #stripes, #bombs, #zappers
0 0 0 0 0 0 0 0 0 0 0 0 0 3 3 0 0 0 0 0 0 0 0 0 0 0
3 3 0 0 0 0 0 0 0 0 0 0 0 8 8 0 0 0 0 0 0 0 0 0 0 0
6 6 0 0 0 0 0 0 0 0 0 0 0 15 15 0 0 0 0 0 0 0 0 0 0 0
12 12 0 0 0 0 0 0 0 0 0 0 0 26 21 0 0 0 0 0 0 0 0 0 0 0
15 15 0 0 0 0 0 0 0 0 0 0 0 29 24 0 0 0 0 0 0 0 0 0 0 0
18 18 0 0 0 0 0 0 0 0 0 0 0 34 30 0 0 0 0 0 0 0 0 0 0 0
21 21 0 0 0 0 0 0 0 0 0 0 0 37 36 0 0 0 0 0 0 0 0 0 0 0
26 26 0 0 0 0 0 0 0 0 0 0 0 43 40 0 0 0 0 0 0 0 0 0 0 0
30 30 0 0 0 0 0 0 0 0 0 0 0 48 45 0 0 0 0 0 0 0 0 0 0 0
34 34 0 0 0 0 0 0 0 0 0 0 0 64 48 0 0 0 0 0 0 0 0 0 0 0
39 39 0 0 0 0 0 0 0 0 0 0 0 71 51 0 0 0 0 0 0 0 0 0 0 0
42 42 0 0 0 0 0 0 0 0 0 0 0 80 56 0 1 0 0 0 0 0 0 0 0 0
48 47 0 0 0 0 0 0 0 0 0 0 0 86 59 1 1 0 0 0 0 0 0 0 0 0
51 50 0 0 0 0 0 0 0 0 0 0 0 91 63 1 1 0 0 0 0 0 0 0 0 0
54 54 0 0 0 0 0 0 0 0 0 0 0 97 67 1 1 0 0 0 0 0 0 0 0 0
60 59 0 0 0 0 0 0 0 0 0 0 0 102 73 1 1 0 0 0 0 0 0 0 0 0
64 63 0 0 0 0 0 0 0 0 0 0 0 108 78 1 1 0 0 0 0 0 0 0 0 0
69 67 0 0 0 0 0 0 0 0 0 0 0 116 86 1 1 0 0 0 0 0 0 0 0 0
72 70 0 0 0 0 0 0 0 0 0 0 0 122 92 1 1 0 0 0 0 0 0 0 0 0
78 75 0 0 0 0 0 0 0 0 0 0 0 147 101 1 1 0 0 0 0 0 0 0 0 0
81 78 0 0 0 0 0 0 0 0 0 0 0 150 111 1 1 0 0 0 0 0 0 0 0 0
84 81 0 0 0 0 0 0 0 0 0 0 0 169 119 1 1 0 0 0 0 0 0 0 0 0
87 84 0 0 0 0 0 0 0 0 0 0 0 173 123 1 1 0 0 0 0 0 0 0 0 0
90 89 0 0 0 0 0 0 0 0 0 0 0 176 129 1 2 0 0 0 0 0 0 0 0 0
93 92 0 0 0 0 0 0 0 0 0 0 0 181 136 1 2 0 0 0 0 0 0 0 0 0
96 95 0 0 0 0 0 0 0 0 0 0 0 184 139 1 2 0 0 0 0 0 0 0 0 0
99 99 0 0 0 0 0 0 0 0 0 0 0 190 144 1 2 0 0 0 0 0 0 0 0 0
108 102 0 0 0 0 0 0 0 0 0 0 0 193 148 1 2 0 0 0 0 0 0 0 0 0
111 105 0 0 0 0 0 0 0 0 0 0 0 198 151 1 2 0 0 0 0 0 0 0 0 0
114 110 0 0 0 0 0 0 0 0 0 0 0 203 154 1 2 0 0 0 0 0 0 0 0 0
117 113 0 0 0 0 0 0 0 0 0 0 0 207 160 1 2 0 0 0 0 0 0 0 0 0
120 116 0 0 0 0 0 0 0 0 0 0 0 210 163 1 2 0 0 0 0 0 0 0 0 0
123 120 0 0 0 0 0 0 0 0 0 0 0 224 168 1 2 0 0 0 0 0 0 0 0 0
126 123 0 0 0 0 0 0 0 0 0 0 0 229 173 1 2 0 0 0 0 0 0 0 0 0
130 126 0 0 0 0 0 0 0 0 0 0 0 235 176 1 2 0 0 0 0 0 0 0 0 0
133 129 0 0 0 0 0 0 0 0 0 0 0 239 179 1 2 0 0 0 0 0 0 0 0 0
136 132 0 0 0 0 0 0 0 0 0 0 0 251 191 1 2 0 0 0 0 0 0 0 0 0
141 138 0 0 0 0 0 0 0 0 0 0 0 261 201 1 2 0 0 0 0 0 0 0 0 0
147 142 0 0 0 0 0 0 0 0 0 0 0 264 204 1 2 0 0 0 0 0 0 0 0 0
150 145 0 0 0 0 0 0 0 0 0 0 0 267 207 1 2 0 0 0 0 0 0 0 0 0
153 151 0 0 0 0 0 0 0 0 0 0 0 286 216 1 2 0 0 0 0 0 0 0 0 0
