# scores for worst/random/best/smart move selector strategies. 
# scores are 50% and 95% quantiles (based on 40 games) of: 
# game score, #destroyed, #unlocked, #stripes, #bombs, #zappers
0 0 0 0 0 0 0 0 0 0 0 0 0 6 6 0 0 0 0 0 0 0 0 0 0 0
3 3 0 0 0 0 0 0 0 0 0 0 0 12 12 0 0 0 0 0 0 0 0 0 0 0
9 9 0 0 0 0 0 0 0 0 0 0 0 16 16 0 0 0 0 0 0 0 0 0 0 0
15 15 0 0 0 0 0 0 0 0 0 0 0 88 42 0 0 0 0 0 0 0 0 0 0 0
18 18 0 0 0 0 0 0 0 0 0 0 0 91 45 0 0 0 0 0 0 0 0 0 0 0
22 22 0 0 0 0 0 0 0 0 0 0 0 95 48 1 1 0 0 0 0 0 0 0 0 0
27 27 0 0 0 0 0 0 0 0 0 0 0 100 54 2 1 0 0 0 0 0 0 0 0 0
32 32 0 0 0 0 0 0 0 0 0 0 0 111 63 4 1 0 0 0 0 0 0 0 0 0
38 38 0 0 0 0 0 0 0 0 0 0 0 114 68 4 1 0 0 0 0 0 0 0 0 0
45 43 0 0 0 0 0 0 0 0 0 0 0 120 73 4 2 1 0 0 0 0 0 0 0 0
50 48 0 0 0 0 0 0 0 0 0 0 0 127 79 4 2 1 0 0 0 0 0 0 0 0
57 53 0 0 0 0 0 0 0 0 0 0 0 132 83 4 2 1 0 0 0 0 0 0 0 0
67 62 0 0 0 0 0 0 0 0 0 0 0 144 87 4 2 1 0 0 0 0 0 0 0 0
76 69 0 0 0 0 0 0 0 0 0 0 0 152 92 4 2 1 1 0 0 0 1 0 0 0
89 74 0 0 0 0 0 0 0 0 0 0 0 162 99 4 2 1 1 0 0 0 1 0 0 0
101 80 0 0 0 0 0 0 0 0 0 0 0 168 105 4 2 1 1 0 0 0 1 0 0 0
105 84 0 1 0 0 0 0 0 0 0 0 0 182 110 5 2 1 1 0 0 0 1 0 0 0
113 89 0 1 0 0 0 0 0 0 0 0 0 191 116 5 2 1 1 0 0 0 1 0 0 0
117 95 0 1 0 0 0 0 0 0 0 0 0 194 120 5 2 1 1 0 0 0 1 0 0 0
121 100 0 1 0 0 0 0 0 0 0 0 0 197 123 5 2 1 1 0 0 0 1 0 0 0
134 104 0 1 0 0 0 0 0 0 0 0 0 210 130 5 3 1 1 0 0 0 1 0 0 0
139 111 0 1 0 0 0 0 0 0 0 0 0 218 138 5 3 1 1 0 0 0 1 0 0 0
147 119 0 1 0 0 0 0 0 0 0 0 0 221 146 5 3 1 1 0 0 0 1 0 0 0
161 125 0 1 0 0 0 0 0 0 0 0 0 229 151 6 3 1 1 0 0 0 1 0 0 0
167 132 0 1 0 0 0 0 0 0 0 0 0 248 154 6 3 1 1 1 0 0 1 0 0 0
178 139 0 1 0 0 0 0 0 0 0 0 0 251 162 6 3 1 1 1 0 0 1 0 0 0
186 144 0 1 0 0 0 0 0 0 0 0 0 261 166 6 3 1 1 1 0 0 1 0 0 0
203 151 0 1 0 0 0 0 0 0 0 0 0 305 179 6 3 1 1 1 0 0 1 0 0 0
212 156 1 1 0 0 0 0 0 0 0 0 0 314 183 7 4 1 1 1 0 0 1 0 0 0
224 164 1 1 0 0 0 0 0 0 0 0 0 338 206 7 4 1 1 1 0 0 1 0 0 0
229 167 1 2 0 0 0 0 0 0 0 0 0 341 209 8 5 1 1 1 0 0 1 0 0 0
243 175 2 2 0 0 0 0 0 0 0 0 0 369 217 8 5 1 1 1 1 0 1 0 0 0
253 182 2 2 0 0 0 0 0 0 0 0 0 385 230 8 5 1 1 1 1 0 1 0 0 0
276 186 2 2 0 0 0 0 0 0 0 0 0 405 236 8 6 1 1 1 1 0 1 0 0 0
280 190 2 2 0 0 0 0 0 0 0 0 0 408 244 8 6 1 1 1 1 0 1 0 0 0
289 196 2 2 0 0 0 0 0 0 0 0 0 411 255 8 6 1 1 1 1 0 1 0 0 0
294 202 2 2 0 0 0 0 0 0 0 0 0 414 261 8 6 1 1 1 1 0 1 0 0 0
298 208 2 2 0 0 0 0 0 0 0 0 0 443 267 8 6 1 1 1 1 0 1 0 0 0
304 213 2 2 0 0 0 0 0 0 0 0 0 446 275 8 6 1 1 1 1 0 1 0 0 0
313 219 2 3 0 0 0 0 0 0 0 0 0 503 293 8 7 1 1 1 1 0 1 0 0 0
324 225 2 3 0 0 0 0 0 0 0 0 0 509 298 9 7 1 1 1 1 0 1 0 0 0
