# scores for worst/random/best/smart move selector strategies. 
# scores are 50% and 95% quantiles (based on 40 games) of: 
# game score, #destroyed, #unlocked, #stripes, #bombs, #zappers
0 0 0 0 0 0 0 0 0 0 0 0 0 6 6 0 0 0 0 0 0 0 0 0 0 0
6 6 0 0 0 0 0 0 0 0 0 0 0 18 18 0 0 0 0 0 0 0 0 0 0 0
9 9 0 0 0 0 0 0 0 0 0 0 0 34 28 0 0 0 0 0 0 0 0 0 0 0
15 15 0 0 0 0 0 0 0 0 0 0 0 74 38 2 1 0 0 0 0 0 0 0 0 0
21 21 0 0 0 0 0 0 0 0 0 0 0 125 50 5 2 0 0 1 0 0 0 0 0 0
26 24 0 0 0 0 0 0 0 0 0 0 0 133 57 5 2 1 0 1 0 0 0 0 0 0
40 32 0 0 0 0 0 0 0 0 0 0 0 163 68 6 3 1 0 1 0 0 0 0 0 0
48 42 0 0 0 0 0 0 0 0 0 0 0 173 77 7 3 1 0 1 0 0 0 0 0 0
63 49 0 0 0 0 0 0 0 0 0 0 0 200 91 7 3 1 0 1 0 0 0 0 0 0
72 53 0 1 0 0 0 0 0 0 0 0 0 207 99 7 4 1 0 1 0 0 0 0 0 0
84 59 0 1 0 0 0 0 0 0 0 0 0 226 117 7 4 1 1 1 0 0 1 0 0 0
98 67 0 1 0 0 0 0 0 0 0 0 0 277 128 7 4 1 1 1 0 0 1 0 0 0
117 78 0 1 0 0 0 0 0 0 0 0 0 298 140 8 4 1 1 1 0 0 1 0 0 0
141 89 2 2 0 0 0 0 0 0 0 0 0 349 162 9 5 1 1 1 0 0 1 0 0 0
156 94 2 2 0 0 0 0 0 0 0 0 0 410 176 9 5 2 1 1 0 0 1 0 0 0
171 101 2 2 0 0 0 0 0 0 0 0 0 426 185 9 5 2 1 1 0 0 1 0 0 0
188 107 2 2 0 0 0 0 0 0 0 0 0 431 193 9 6 2 1 1 1 0 1 0 0 0
217 115 3 3 0 0 0 0 0 0 0 0 0 440 203 9 6 2 1 1 1 0 1 0 0 0
237 125 3 3 0 0 0 0 0 0 0 0 0 460 212 9 7 2 1 1 1 0 1 0 0 0
249 134 3 3 0 0 0 0 0 0 0 0 0 463 226 13 7 2 1 1 1 0 1 0 0 0
268 144 3 4 0 0 0 0 0 0 0 0 0 502 231 15 7 3 1 1 1 0 1 0 0 0
277 152 4 4 0 0 0 0 0 0 0 0 0 568 245 15 8 3 1 1 1 0 1 0 0 0
308 162 4 4 0 0 0 0 0 0 0 0 0 578 254 15 8 3 2 2 1 0 2 0 0 0
318 169 5 5 0 0 0 0 0 0 0 0 0 587 264 15 8 3 2 2 1 0 2 0 0 0
358 178 6 5 0 1 0 0 0 1 0 0 0 631 280 15 8 3 2 2 1 0 2 0 0 0
372 191 6 6 1 1 0 0 0 1 0 0 0 655 284 15 9 3 2 2 1 0 2 0 0 0
401 201 6 6 1 1 1 0 0 1 0 0 0 696 294 15 10 4 2 2 1 0 2 0 0 0
416 211 6 6 1 1 1 0 0 1 0 0 0 699 302 15 10 4 2 2 1 0 2 0 0 0
422 222 6 6 1 1 1 0 0 1 0 0 0 755 313 16 10 4 2 2 2 0 2 0 0 0
454 235 7 6 1 1 1 0 0 1 0 0 0 770 328 16 10 4 2 2 2 0 2 0 0 0
480 241 7 7 1 1 1 0 0 1 0 0 0 774 333 16 11 4 2 2 2 0 2 0 0 0
493 250 7 7 1 1 1 0 0 1 0 0 0 821 353 16 11 4 3 2 2 0 3 0 0 0
560 270 7 8 1 1 1 0 0 1 0 0 0 883 370 16 11 5 3 2 2 0 3 0 0 0
575 283 7 8 1 1 1 0 0 1 0 0 0 920 378 17 13 5 4 3 2 0 3 0 0 0
588 297 7 9 1 1 1 0 0 1 0 0 0 1108 409 17 16 5 4 3 2 0 4 0 0 0
599 305 7 9 1 1 1 0 0 1 0 0 0 1113 415 17 17 5 4 3 2 1 4 0 0 0
663 314 7 9 1 1 1 0 0 1 0 0 0 1126 420 17 17 5 4 3 2 1 4 0 0 0
693 326 9 10 2 1 1 0 0 1 0 0 0 1159 425 17 19 5 4 3 2 1 4 0 0 0
708 336 9 10 2 1 1 0 0 1 0 0 0 1163 433 18 19 5 4 3 2 1 4 0 0 0
734 343 9 11 2 1 1 0 0 1 0 0 0 1178 439 18 19 5 4 3 2 1 4 0 0 0
768 349 10 11 2 1 1 0 0 1 0 0 0 1196 448 18 19 5 4 3 2 1 4 0 0 0
