# scores for worst/random/best/smart move selector strategies. 
# scores are 50% and 95% quantiles (based on 40 games) of: 
# game score, #destroyed, #unlocked, #stripes, #bombs, #zappers
0 0 0 0 0 0 0 0 0 0 0 0 0 6 6 0 0 0 0 0 0 0 0 0 0 0
6 6 0 0 0 0 0 0 0 0 0 0 0 11 11 0 0 0 0 0 0 0 0 0 0 0
9 9 0 0 0 0 0 0 0 0 0 0 0 23 22 0 0 0 0 0 0 0 0 0 0 0
15 15 0 0 0 0 0 0 0 0 0 0 0 48 29 0 1 0 0 0 0 0 0 0 0 0
18 18 0 0 0 0 0 0 0 0 0 0 0 67 33 0 1 0 0 0 0 0 0 0 0 0
21 21 0 0 0 0 0 0 0 0 0 0 0 73 39 1 1 0 0 0 0 0 0 0 0 0
27 27 0 0 0 0 0 0 0 0 0 0 0 94 48 1 1 0 0 0 0 0 0 0 0 0
32 32 0 0 0 0 0 0 0 0 0 0 0 98 53 1 1 0 0 0 0 0 0 0 0 0
37 37 0 0 0 0 0 0 0 0 0 0 0 101 56 1 1 0 0 0 0 0 0 0 0 0
42 42 0 0 0 0 0 0 0 0 0 0 0 104 60 1 1 0 0 0 0 0 0 0 0 0
48 46 0 0 0 0 0 0 0 0 0 0 0 109 66 1 1 0 0 0 0 0 0 0 0 0
54 51 0 0 0 0 0 0 0 0 0 0 0 112 72 1 1 0 0 0 0 0 0 0 0 0
60 58 0 0 0 0 0 0 0 0 0 0 0 118 79 1 1 1 0 0 0 0 0 0 0 0
65 62 0 0 0 0 0 0 0 0 0 0 0 121 82 1 1 1 0 0 0 0 0 0 0 0
69 66 0 0 0 0 0 0 0 0 0 0 0 127 88 1 1 1 0 0 0 0 0 0 0 0
75 72 0 0 0 0 0 0 0 0 0 0 0 142 96 2 1 1 0 0 0 0 0 0 0 0
81 77 0 0 0 0 0 0 0 0 0 0 0 148 101 2 2 1 0 0 0 0 0 0 0 0
90 81 0 0 0 0 0 0 0 0 0 0 0 162 106 2 2 1 0 0 0 0 0 0 0 0
98 86 0 0 0 0 0 0 0 0 0 0 0 167 109 2 2 1 0 0 0 0 0 0 0 0
103 90 0 0 0 0 0 0 0 0 0 0 0 172 121 3 2 1 0 0 0 0 0 0 0 0
106 97 0 0 0 0 0 0 0 0 0 0 0 186 127 3 2 1 0 0 0 0 0 0 0 0
110 102 0 0 0 0 0 0 0 0 0 0 0 190 133 3 2 1 0 0 0 0 0 0 0 0
118 106 0 0 0 0 0 0 0 0 0 0 0 196 142 3 2 1 0 0 0 0 0 0 0 0
128 112 0 0 0 0 0 0 0 0 0 0 0 200 148 3 2 1 0 0 0 0 0 0 0 0
131 115 0 0 0 0 0 0 0 0 0 0 0 213 151 3 2 1 0 0 0 0 0 0 0 0
137 120 0 0 0 0 0 0 0 0 0 0 0 217 156 3 2 1 0 0 0 0 0 0 0 0
141 126 0 0 0 0 0 0 0 0 0 0 0 235 163 3 3 2 0 0 0 0 0 0 0 0
152 133 0 0 0 0 0 0 0 0 0 0 0 238 167 3 3 2 0 0 0 0 0 0 0 0
157 136 0 0 0 0 0 0 0 0 0 0 0 241 171 3 3 2 0 0 0 0 0 0 0 0
161 140 0 0 0 0 0 0 0 0 0 0 0 250 180 3 3 2 0 0 0 0 0 0 0 0
173 145 0 1 0 0 0 0 0 0 0 0 0 256 183 3 3 2 0 0 0 0 0 0 0 0
180 154 0 1 0 0 0 0 0 0 0 0 0 272 186 3 3 2 0 0 0 0 0 0 0 0
183 158 0 1 0 0 0 0 0 0 0 0 0 275 193 3 3 2 0 0 0 0 0 0 0 0
190 161 0 1 0 0 0 0 0 0 0 0 0 278 196 3 3 2 0 0 0 0 0 0 0 0
195 164 0 1 0 0 0 0 0 0 0 0 0 281 199 3 3 2 0 0 0 0 0 0 0 0
198 172 0 1 0 0 0 0 0 0 0 0 0 299 204 3 3 2 0 0 0 0 0 0 0 0
203 176 0 1 0 0 0 0 0 0 0 0 0 304 209 3 3 2 0 0 0 0 0 0 0 0
208 182 0 1 0 0 0 0 0 0 0 0 0 307 213 3 3 2 0 0 0 0 0 0 0 0
211 188 0 1 0 0 0 0 0 0 0 0 0 313 217 3 3 2 0 0 0 0 0 0 0 0
218 194 0 1 0 0 0 0 0 0 0 0 0 327 221 5 3 2 0 0 0 0 0 0 0 0
222 198 0 1 0 0 0 0 0 0 0 0 0 330 224 5 3 2 0 0 0 0 0 0 0 0
