# scores for worst/random/best/smart move selector strategies. 
# scores are 50% and 95% quantiles (based on 40 games) of: 
# game score, #destroyed, #unlocked, #stripes, #bombs, #zappers
1 1 0 0 0 0 0 0 0 0 0 0 0 13 13 0 0 0 0 0 0 0 0 0 0 0
8 8 0 0 0 0 0 0 0 0 0 0 0 79 34 0 0 0 0 0 0 0 0 0 0 0
13 12 0 0 0 0 0 0 0 0 0 0 0 95 45 0 1 1 0 0 0 0 0 0 0 0
22 21 0 0 0 0 0 0 0 0 0 0 0 219 102 2 1 1 0 0 0 0 0 0 0 0
51 30 0 0 0 0 0 0 0 0 0 0 0 338 128 5 3 4 0 0 0 0 0 0 0 0
70 43 0 1 0 0 0 0 0 0 0 0 0 618 203 6 5 6 1 0 0 0 1 0 0 0
122 64 0 1 0 0 0 0 0 0 0 0 0 760 267 12 5 7 1 0 0 0 1 0 0 0
153 81 1 1 0 0 0 0 0 0 0 0 0 972 336 14 7 7 3 0 0 0 1 0 0 0
185 102 1 2 1 0 0 0 0 0 0 0 0 1342 445 14 11 10 3 0 1 0 1 0 0 0
223 127 2 2 1 0 0 0 0 0 0 0 0 1478 501 14 12 11 4 0 1 0 1 0 0 0
349 156 3 3 1 0 0 0 0 0 0 0 0 1698 595 16 15 15 5 0 1 0 1 0 0 0
371 179 3 3 2 0 0 0 0 0 0 0 0 1755 628 16 18 15 5 0 1 0 1 0 0 0
425 209 3 4 2 0 0 0 0 0 0 0 0 1873 657 16 18 15 6 0 1 0 1 0 0 0
524 240 3 4 3 0 0 0 0 0 0 0 0 1890 673 16 18 15 6 0 1 0 2 0 0 0
622 260 4 8 4 0 0 0 0 0 0 0 0 2128 730 17 20 19 6 0 1 0 2 0 0 0
762 317 4 8 7 1 0 0 0 0 0 0 0 2261 799 19 20 19 6 0 1 0 2 0 0 0
987 376 5 8 7 1 0 0 0 0 0 0 0 2659 875 19 21 27 6 1 1 0 2 0 0 0
1120 413 5 9 7 1 0 0 0 0 0 0 0 2711 897 19 21 27 8 1 1 1 2 0 0 0
1191 445 6 10 8 2 0 0 0 0 0 0 0 3267 974 20 32 27 11 1 1 1 2 0 0 0
1232 474 7 10 9 2 0 0 0 0 0 0 0 3479 1067 20 41 28 14 1 1 1 2 1 0 0
1502 586 7 13 11 4 0 0 0 0 0 0 0 4308 1352 20 41 36 16 1 1 1 3 1 0 0
1760 633 7 14 12 4 0 0 0 1 0 0 0 4313 1385 20 41 37 16 1 1 1 3 1 0 0
1930 715 7 16 13 5 0 0 0 1 0 0 0 4753 1519 20 42 41 18 1 1 1 3 1 0 0
2150 745 7 17 14 5 0 0 0 1 0 0 0 5268 1672 20 42 42 20 1 1 1 3 1 0 0
2205 751 7 17 15 6 0 0 0 1 0 0 0 5292 1713 20 43 43 20 1 1 1 3 1 0 0
2279 769 7 18 17 6 0 0 0 1 0 0 0 5312 1718 20 43 43 20 1 1 1 3 1 0 0
2399 845 7 20 19 6 0 0 0 1 0 0 0 5316 1723 20 43 43 20 1 1 1 3 1 0 0
2475 870 7 21 19 6 0 0 0 1 0 0 0 5447 1784 20 43 44 20 1 1 1 3 1 0 0
2793 930 7 23 20 7 0 0 0 1 0 0 0 5450 1787 20 44 45 20 1 1 1 4 1 0 0
2982 1017 7 25 21 7 0 0 0 1 0 0 0 6066 1959 20 46 46 23 1 1 1 4 1 0 0
3098 1032 7 26 21 7 0 0 0 1 0 0 0 6348 2079 20 48 52 23 1 1 1 4 1 0 0
3291 1093 7 27 24 8 0 0 0 1 0 0 0 6399 2106 20 48 52 23 1 1 1 4 1 0 0
3347 1126 7 28 24 8 0 0 0 1 0 0 0 7108 2257 20 55 55 26 1 1 1 4 1 0 0
3420 1179 7 28 24 8 0 0 0 1 0 0 0 7613 2345 20 57 59 28 1 1 1 4 1 0 0
3927 1311 7 28 28 9 0 0 0 1 0 0 0 7816 2434 20 60 60 29 1 1 1 4 1 0 0
3932 1317 7 28 28 9 0 0 0 1 0 0 0 8105 2448 20 63 67 29 1 1 1 5 1 0 0
3976 1351 7 29 28 9 0 0 0 1 0 0 0 8641 2637 20 63 70 30 1 1 1 5 1 0 0
4067 1385 7 30 28 10 0 0 0 1 0 0 0 8839 2728 20 65 72 31 1 1 1 5 1 0 0
4145 1422 7 31 32 10 0 0 0 1 0 0 0 8913 2762 20 66 72 31 1 1 1 5 1 0 0
4336 1522 7 32 34 11 0 0 0 2 0 0 0 8929 2776 20 68 72 31 1 1 1 5 1 0 0
4434 1560 7 33 36 11 0 0 0 2 0 0 0 9129 2830 20 70 74 33 1 1 1 5 1 0 0
