# scores for worst/random/best/smart move selector strategies. 
# scores are 50% and 95% quantiles (based on 40 games) of: 
# game score, #destroyed, #unlocked, #stripes, #bombs, #zappers
1 1 0 0 0 0 0 0 0 0 0 0 0 13 13 0 0 0 0 0 0 0 0 0 0 0
8 8 0 0 0 0 0 0 0 0 0 0 0 76 41 0 1 0 0 0 0 0 0 0 0 0
16 16 0 0 0 0 0 0 0 0 0 0 0 343 161 6 2 2 0 1 0 0 0 0 0 0
75 32 0 1 0 0 0 0 0 0 0 0 0 475 225 12 6 3 1 1 0 0 0 0 0 0
117 51 3 2 0 0 0 0 0 0 0 0 0 959 340 20 12 12 2 1 1 0 1 1 0 0
257 96 5 3 1 0 0 0 0 0 0 0 0 1224 442 29 16 16 2 1 1 0 1 1 1 0
389 141 6 5 3 1 0 0 0 0 0 0 0 2768 784 29 33 33 7 1 1 0 2 1 1 1
740 239 8 8 5 2 0 0 0 1 0 0 0 3558 967 29 44 39 9 1 2 0 2 1 1 1
1467 398 10 11 11 3 0 0 0 1 0 0 0 4269 1119 31 47 45 11 1 2 0 3 2 1 1
1906 528 10 15 15 4 0 0 0 1 0 0 0 4815 1200 31 49 63 14 1 2 0 4 2 2 1
2454 637 10 16 19 4 1 0 0 1 0 0 0 5082 1447 31 65 65 16 1 2 0 4 2 2 1
2868 724 10 22 25 5 1 0 0 2 0 1 0 5313 1553 31 70 70 19 2 2 1 5 2 2 1
3255 863 10 29 31 7 1 0 0 2 0 1 0 6175 1653 31 71 74 21 2 2 1 5 2 2 1
4030 1024 10 32 37 9 1 0 0 2 1 1 0 7768 1893 31 78 99 27 2 2 1 5 3 3 1
4521 1156 10 38 44 10 1 0 0 3 1 1 0 8095 2030 31 80 100 29 2 2 1 6 3 3 1
4888 1289 10 42 48 11 1 0 0 3 1 1 0 8708 2199 31 104 100 32 2 2 1 7 3 3 1
5636 1422 10 44 56 14 1 1 0 3 1 1 0 9740 2474 31 106 105 35 2 3 1 7 3 4 1
6227 1525 10 51 61 15 1 1 0 3 1 1 0 10609 2685 31 118 115 37 2 3 1 7 3 4 1
6538 1610 10 57 68 16 1 1 0 3 1 1 0 10908 2792 31 121 129 38 2 3 1 8 3 4 1
6923 1702 10 58 75 18 1 1 0 4 1 2 0 11074 2832 31 124 130 39 2 3 1 8 4 4 2
7349 1871 10 58 76 19 1 1 0 4 1 2 0 11620 3129 31 147 132 41 2 3 1 9 4 4 2
7642 1966 10 66 80 21 1 1 0 4 1 2 0 12101 3173 31 147 140 41 2 3 2 9 4 4 2
8339 2122 10 74 83 22 1 1 0 5 1 2 0 12576 3239 31 148 143 42 2 3 2 9 4 4 2
8607 2215 10 77 86 23 1 1 0 5 2 2 0 13741 3733 31 150 145 46 3 3 2 9 4 4 2
9061 2325 10 82 88 24 1 1 0 5 2 2 0 15149 4023 31 157 164 47 3 3 2 10 4 5 2
9351 2413 10 83 94 26 1 1 1 5 2 2 0 15732 4097 31 167 169 48 3 3 2 10 4 5 2
9877 2503 10 87 98 27 1 1 1 5 2 2 1 16133 4161 31 168 170 51 3 3 2 10 4 5 2
10620 2646 10 98 106 28 1 1 1 6 2 2 1 16268 4274 31 168 181 52 3 3 2 11 4 5 2
10777 2808 10 101 112 29 1 1 1 6 2 2 1 16792 4405 31 179 183 53 3 3 2 11 5 5 2
11342 2898 10 104 113 30 1 2 1 6 2 3 1 17342 4437 31 180 190 53 4 3 2 11 5 5 2
11919 3021 10 107 115 31 1 2 1 6 2 3 1 17474 4514 31 181 191 59 4 3 2 11 5 5 2
12789 3146 10 108 128 32 1 2 1 7 2 3 1 17578 4743 31 182 191 61 4 4 2 11 5 5 2
12973 3272 10 118 133 33 1 2 1 7 2 3 1 17878 4784 31 188 195 62 4 4 2 12 5 6 2
13260 3361 10 120 133 35 1 2 1 7 2 3 1 19254 5108 31 197 199 64 4 4 2 12 5 6 2
13780 3606 10 127 136 37 1 2 1 8 3 3 1 19553 5184 31 199 212 66 4 4 3 12 5 6 2
14534 3688 10 129 146 38 2 2 1 8 3 3 1 20444 5379 31 225 220 70 4 4 3 13 6 6 2
14834 3782 10 134 155 39 2 2 1 9 3 4 1 21076 5463 31 228 233 70 4 4 3 14 6 7 2
15462 3926 10 138 165 40 2 2 1 9 3 4 1 21471 5688 31 230 243 72 4 4 3 14 6 7 2
16330 4066 10 141 168 42 2 3 1 9 3 4 1 22149 5867 31 247 246 72 4 4 3 14 6 7 2
16784 4260 10 152 174 43 2 3 1 9 3 4 1 23233 6036 31 266 248 73 4 5 3 15 6 7 2
17283 4333 10 159 176 44 2 3 1 9 3 4 1 23558 6201 31 267 248 74 4 5 3 15 6 7 2
