# scores for worst/random/best/smart move selector strategies. 
# scores are 50% and 95% quantiles (based on 40 games) of: 
# game score, #destroyed, #unlocked, #stripes, #bombs, #zappers
1 1 0 0 0 0 0 0 0 0 0 0 0 13 13 0 0 0 0 0 0 0 0 0 0 0
6 6 0 0 0 0 0 0 0 0 0 0 0 51 25 0 0 0 0 0 0 0 0 0 0 0
11 11 0 0 0 0 0 0 0 0 0 0 0 64 38 0 1 0 0 0 0 0 0 0 0 0
16 16 0 0 0 0 0 0 0 0 0 0 0 126 63 0 1 1 0 0 0 0 0 0 0 0
23 22 0 0 0 0 0 0 0 0 0 0 0 183 84 1 1 2 0 0 0 0 0 0 0 0
36 31 0 0 0 0 0 0 0 0 0 0 0 227 127 3 2 2 0 0 0 0 0 0 0 0
45 41 0 0 0 0 0 0 0 0 0 0 0 422 181 3 3 4 0 0 0 0 0 0 0 0
48 44 0 0 0 0 0 0 0 0 0 0 0 468 215 4 3 4 0 0 0 0 0 0 0 0
65 63 0 0 0 0 0 0 0 0 0 0 0 1270 471 4 10 9 3 0 0 0 0 0 0 0
93 78 0 0 0 0 0 0 0 0 0 0 0 1273 474 6 10 9 3 0 0 0 0 0 0 0
107 96 0 0 0 0 0 0 0 0 0 0 0 1280 481 7 10 9 3 0 0 0 0 0 0 0
130 105 0 1 0 0 0 0 0 0 0 0 0 1283 484 8 10 9 3 0 0 0 0 0 0 0
194 135 2 1 1 0 0 0 0 0 0 0 0 1609 583 8 11 12 5 0 0 0 0 0 0 0
250 141 2 1 1 0 0 0 0 0 0 0 0 1612 586 8 11 12 5 0 0 0 0 0 0 0
275 150 2 2 1 0 0 0 0 0 0 0 0 1668 604 9 11 14 5 0 0 0 0 0 0 0
327 170 2 3 2 0 0 0 0 0 0 0 0 1930 653 10 13 15 6 0 0 0 0 0 0 0
354 200 2 3 2 0 0 0 0 0 0 0 0 1944 668 10 13 15 6 0 0 0 0 0 0 0
438 236 4 3 4 0 0 0 0 0 0 0 0 1958 674 10 13 15 6 0 0 0 0 0 0 0
532 270 4 3 4 0 0 0 0 0 0 0 0 2138 742 10 14 17 7 0 0 0 0 0 0 0
605 283 4 4 4 0 0 0 0 0 0 0 0 2146 749 10 15 17 7 0 0 0 0 0 0 0
643 300 4 5 5 0 0 0 0 0 0 0 0 2153 757 10 15 17 7 0 0 0 0 0 0 0
743 340 5 6 6 0 0 0 0 0 0 0 0 2321 819 10 16 19 7 0 0 0 0 0 0 0
748 344 5 6 6 0 0 0 0 0 0 0 0 2326 823 10 16 19 7 0 0 0 0 0 0 0
891 397 5 7 6 1 0 0 0 0 0 0 0 2330 836 10 16 19 7 0 0 0 0 0 0 0
937 428 5 7 7 1 0 0 0 0 0 0 0 2362 850 10 16 19 7 0 0 0 0 0 0 0
1010 456 5 7 7 1 0 0 0 0 0 0 0 2432 872 10 17 19 7 0 0 0 0 0 0 0
1028 471 5 8 8 1 0 0 0 0 0 0 0 2860 998 10 18 25 9 0 0 0 0 0 0 0
1034 488 5 8 8 1 0 0 0 0 0 0 0 3121 1102 10 19 26 10 0 0 0 0 0 0 0
1042 492 5 8 8 1 0 0 0 0 0 0 0 3663 1231 10 21 31 12 0 0 0 0 0 0 0
1107 517 5 8 9 1 0 0 0 0 0 0 0 3742 1274 10 22 31 12 0 0 0 0 0 0 0
1162 529 6 9 10 1 0 0 0 0 0 0 0 4148 1394 10 23 34 13 0 0 0 0 0 0 0
1210 546 6 9 10 1 0 0 0 0 0 0 0 4188 1410 10 23 35 13 0 0 0 0 0 0 0
1283 570 6 10 10 1 0 0 0 0 0 0 0 4191 1413 10 23 35 13 0 0 0 0 0 0 0
1363 597 6 10 10 2 0 0 0 0 0 0 0 4223 1457 10 27 37 13 0 0 0 0 0 0 0
1367 607 6 10 10 2 0 0 0 0 0 0 0 4231 1465 10 31 37 13 0 0 0 0 0 0 0
1470 646 6 11 10 2 0 0 0 0 0 0 0 4234 1468 10 31 37 13 0 0 0 0 0 0 0
1584 672 6 12 11 3 0 0 0 0 0 0 0 4237 1471 10 31 37 13 0 0 0 0 0 0 0
1679 707 6 13 13 3 0 0 0 0 0 0 0 4287 1503 10 31 37 13 0 0 0 0 0 0 0
1703 719 6 14 13 3 0 0 0 0 0 0 0 4422 1556 10 32 39 13 0 0 0 0 0 0 0
1710 744 6 14 13 3 0 0 0 0 0 0 0 4432 1566 10 32 39 13 0 0 0 0 0 0 0
1714 747 6 14 13 3 0 0 0 0 0 0 0 4455 1589 10 33 39 13 0 0 0 0 0 0 0
