# scores for worst/random/best/smart move selector strategies. 
# scores are 50% and 95% quantiles (based on 40 games) of: 
# game score, #destroyed, #unlocked, #stripes, #bombs, #zappers
3 3 0 0 0 0 0 0 0 0 0 0 0 9 9 0 0 0 0 0 0 0 0 0 0 0
6 6 0 0 0 0 0 0 0 0 0 0 0 503 94 10 7 2 2 0 0 0 0 0 0 0
9 9 0 0 0 0 0 0 0 0 0 0 0 806 152 12 13 3 4 0 1 0 0 0 0 0
12 12 0 0 0 0 0 0 0 0 0 0 0 983 168 15 18 8 4 0 1 0 0 1 0 0
19 19 0 0 0 0 0 0 0 0 0 0 0 1041 177 16 22 8 4 0 1 0 0 1 1 0
449 87 3 4 2 3 0 0 0 0 0 0 0 1058 190 17 22 12 4 1 1 0 1 1 1 0
746 142 7 9 3 4 0 0 0 0 0 0 0 1101 200 17 22 13 5 1 1 0 1 1 1 0
883 152 9 10 3 4 0 0 0 0 0 0 0 1107 206 17 23 13 5 1 1 0 1 1 1 0
891 158 10 11 3 4 0 0 0 0 0 0 0 1141 218 17 24 13 5 1 1 0 1 1 1 0
910 165 10 12 3 4 0 0 0 0 0 0 0 1177 223 17 24 13 5 1 1 0 2 1 1 0
913 174 10 12 3 4 0 0 0 0 0 0 0 1185 228 17 25 13 5 1 1 0 2 1 1 0
929 179 10 12 3 4 0 0 0 0 0 0 0 1196 235 17 26 13 5 2 1 0 2 1 1 0
941 185 10 12 3 4 0 0 0 0 0 0 0 1246 241 17 26 13 5 2 1 0 2 1 1 0
965 193 10 13 3 4 0 0 0 0 0 0 0 1250 247 17 26 13 5 2 1 0 2 1 1 0
984 197 10 13 3 4 0 0 0 0 0 0 0 1258 270 17 26 13 6 2 1 0 2 1 1 0
1021 204 10 13 3 4 0 0 0 0 0 0 0 1278 277 17 26 13 6 2 1 0 2 1 1 0
1025 213 10 13 4 4 0 0 0 0 0 0 0 1289 282 17 26 13 6 2 1 0 2 1 1 0
1030 221 10 14 4 4 0 0 0 0 0 0 0 1402 291 17 26 14 6 2 1 0 2 1 1 0
1053 227 10 14 4 4 0 0 0 0 0 0 0 1441 310 17 27 14 6 2 1 0 2 1 1 0
1056 231 10 14 4 4 0 0 0 0 0 0 0 1444 316 17 27 14 6 2 1 0 2 1 1 0
1080 245 10 15 4 4 0 0 0 0 0 0 0 1462 334 17 28 14 6 3 1 0 2 1 1 0
1083 255 10 15 4 4 0 0 0 0 0 0 0 1474 339 17 29 14 6 3 1 0 2 1 1 0
1117 261 10 15 4 4 1 0 0 0 0 0 0 1503 346 17 29 14 6 3 1 0 2 1 1 0
1120 269 10 16 4 4 1 0 0 0 0 0 0 1633 353 17 29 14 6 3 1 0 2 1 1 0
1135 273 10 16 4 4 1 0 0 0 0 0 0 1637 360 17 29 14 6 3 2 0 2 1 1 0
1172 285 10 16 4 4 1 0 0 0 0 0 0 1657 367 17 29 14 6 3 2 0 2 1 1 0
1217 294 10 19 4 4 1 0 0 0 0 0 0 1660 376 17 30 14 6 3 2 0 2 1 1 0
1221 302 10 20 4 4 1 0 0 0 0 0 0 1671 381 17 30 14 6 3 2 0 2 1 1 0
1224 308 10 20 4 4 1 0 0 0 0 0 0 1699 387 17 30 14 6 3 2 0 2 1 1 0
1266 319 10 20 4 4 1 0 0 0 0 0 0 1704 391 17 30 14 6 3 2 0 2 1 1 0
1286 325 10 20 4 4 1 0 0 0 0 0 0 1715 399 17 30 14 6 3 2 0 2 1 1 0
1291 331 10 20 4 4 1 0 0 0 0 0 0 1766 406 17 30 14 6 3 2 0 2 1 1 0
1311 339 10 20 4 4 1 0 0 0 0 0 0 1800 409 17 30 14 6 3 2 0 2 1 1 0
1331 346 10 21 4 4 1 0 0 0 0 0 0 1848 425 17 31 14 6 3 2 0 2 1 1 0
1334 356 10 21 4 4 1 0 0 0 0 0 0 1856 430 17 31 14 6 3 2 0 2 1 1 0
1371 370 10 22 4 4 1 0 0 0 0 0 0 1860 448 17 33 14 6 3 2 0 2 1 1 0
1376 378 10 23 4 4 1 0 0 0 0 0 0 1870 452 17 33 14 6 3 2 0 2 1 1 0
1392 386 10 24 4 4 1 1 0 0 0 0 0 1874 468 17 34 14 6 3 2 0 2 1 1 0
1398 389 10 24 4 4 1 1 0 0 0 0 0 1880 473 17 34 14 6 3 2 0 2 1 1 0
1413 392 10 24 4 4 1 1 0 0 0 0 0 1885 496 17 34 14 6 4 2 0 2 1 1 0
1423 403 10 24 4 4 1 1 0 0 0 0 0 1900 499 17 34 14 6 4 2 0 2 1 1 0
