# scores for worst/random/best/smart move selector strategies. 
# scores are 50% and 95% quantiles (based on 40 games) of: 
# game score, #destroyed, #unlocked, #stripes, #bombs, #zappers
3 3 0 0 0 0 0 0 0 0 0 0 0 14 14 0 0 0 0 0 0 0 0 0 0 0
6 6 0 0 0 0 0 0 0 0 0 0 0 688 131 7 9 3 4 0 0 0 1 0 0 0
9 9 0 0 0 0 0 0 0 0 0 0 0 693 144 9 10 3 4 0 0 0 1 0 0 0
12 12 0 0 0 0 0 0 0 0 0 0 0 698 150 11 10 3 4 0 0 0 1 0 0 0
15 15 0 0 0 0 0 0 0 0 0 0 0 815 162 14 12 3 4 0 0 0 1 0 0 0
18 18 0 0 0 0 0 0 0 0 0 0 0 819 173 14 12 3 4 0 0 0 1 0 0 0
99 30 1 1 0 0 0 0 0 0 0 0 0 906 178 14 12 4 4 0 0 0 1 0 0 0
194 63 1 2 0 1 0 0 0 0 0 0 0 909 186 14 12 4 4 0 0 0 1 0 0 0
627 111 5 8 3 4 0 0 0 0 0 0 0 912 191 14 13 4 4 0 1 0 2 0 0 0
689 135 6 9 3 4 0 0 0 0 0 0 0 916 194 15 13 4 4 0 1 0 2 0 0 0
696 141 6 9 3 4 0 0 0 0 0 0 0 922 198 15 13 4 4 0 1 0 2 0 0 0
700 145 6 9 3 4 0 0 0 0 0 0 0 925 202 15 13 4 4 0 1 0 2 0 0 0
714 153 6 9 3 4 0 0 0 0 0 0 0 931 206 15 16 4 4 1 1 0 2 0 0 0
731 158 7 9 3 4 0 0 0 0 0 0 0 937 213 15 16 4 4 1 1 0 2 0 0 0
756 163 7 9 3 4 0 0 0 0 0 0 0 942 216 15 16 4 4 1 1 0 2 0 0 0
766 169 8 9 3 4 0 0 0 0 0 0 0 950 231 15 16 4 5 1 1 0 2 0 0 0
776 174 8 9 3 4 0 0 0 0 0 0 0 1025 236 15 16 11 5 1 1 0 2 0 1 0
787 177 8 9 3 4 0 0 0 0 0 0 0 1031 239 15 16 11 5 1 1 0 2 0 1 0
793 183 8 9 3 4 0 0 0 0 0 0 0 1035 249 15 16 11 5 1 1 0 2 0 1 0
796 187 8 9 3 4 0 0 0 0 0 0 0 1043 252 15 16 11 5 1 1 0 2 0 1 0
803 192 8 9 3 4 0 0 0 0 0 0 0 1046 258 15 16 11 5 1 1 0 2 0 1 0
807 195 8 10 3 4 0 0 0 0 0 0 0 1050 261 15 16 11 5 1 1 0 2 0 1 0
810 200 8 10 3 4 0 0 0 0 0 0 0 1054 264 15 16 11 5 1 1 0 2 0 1 0
815 205 8 10 3 4 0 0 0 0 0 0 0 1057 267 15 16 11 5 1 1 0 2 0 1 0
820 211 8 10 3 4 0 0 0 0 0 0 0 1066 278 15 17 11 5 1 1 0 2 0 1 0
836 216 8 10 3 4 0 0 0 0 0 0 0 1069 281 15 17 11 5 1 1 0 2 0 1 0
842 223 8 10 3 4 0 0 0 0 0 0 0 1072 289 15 17 11 5 1 1 0 2 0 1 0
854 227 8 11 3 4 0 0 0 0 0 0 0 1090 294 15 17 12 5 1 1 0 2 0 1 0
857 230 8 11 3 4 0 0 0 0 0 0 0 1123 298 15 17 12 5 1 1 0 2 0 1 0
868 235 8 11 3 4 0 0 0 0 0 0 0 1160 301 15 17 12 5 1 1 0 2 0 1 0
882 242 8 11 3 4 0 0 0 0 0 0 0 1165 305 15 17 12 5 1 1 0 2 0 1 0
889 246 8 11 3 4 0 0 0 0 0 0 0 1170 311 15 17 12 5 1 1 0 2 0 1 0
892 249 8 11 3 4 0 0 0 0 0 0 0 1174 332 15 17 12 5 1 1 0 2 0 1 0
907 254 8 11 3 4 0 0 0 0 0 0 0 1178 336 15 17 12 5 1 1 0 2 0 1 0
931 263 8 11 3 4 0 0 0 0 0 0 0 1181 341 15 17 12 5 1 1 0 2 0 1 0
934 274 8 11 3 4 0 0 0 0 0 0 0 1225 344 15 17 12 5 1 1 0 2 0 1 0
938 278 8 11 3 4 0 0 0 0 0 0 0 1230 351 15 18 12 5 1 1 0 2 0 1 0
941 281 8 11 3 4 0 0 0 0 0 0 0 1241 356 15 18 12 5 1 1 0 2 0 1 0
955 287 8 11 3 4 0 0 0 0 0 0 0 1246 365 15 18 12 5 1 1 0 2 0 1 0
958 293 8 11 3 4 0 0 0 0 0 0 0 1270 373 15 18 12 5 1 1 0 2 0 1 0
967 300 8 12 4 4 0 0 0 0 0 0 0 1289 376 15 18 12 5 1 1 0 2 0 1 0
