# scores for worst/random/best/smart move selector strategies. 
# scores are 50% and 95% quantiles (based on 40 games) of: 
# game score, #destroyed, #unlocked, #stripes, #bombs, #zappers
3 3 0 0 0 0 0 0 0 0 0 0 0 9 9 0 0 0 0 0 0 0 0 0 0 0
9 9 0 0 0 0 0 0 0 0 0 0 0 723 133 11 10 3 4 0 0 0 0 0 0 0
50 15 0 0 0 0 0 0 0 0 0 0 0 1084 151 15 19 11 4 0 1 0 0 1 1 0
692 122 8 9 3 4 0 0 0 0 0 0 0 1141 169 16 19 13 4 1 1 0 1 1 1 0
758 139 10 10 3 4 0 0 0 0 0 0 0 1176 184 16 20 13 5 1 1 0 1 1 1 0
840 147 11 11 3 4 0 0 0 0 0 0 0 1253 194 16 22 16 5 1 1 0 1 1 1 0
894 154 11 11 3 4 0 0 0 0 0 0 0 1268 223 16 22 16 5 1 1 0 1 1 1 0
904 166 11 11 3 4 0 0 0 0 0 0 0 1380 237 17 22 16 5 1 1 0 2 1 1 0
937 177 11 11 3 4 0 0 0 0 0 0 0 1423 248 17 26 16 6 1 1 0 2 1 1 0
959 188 11 12 4 4 0 0 0 0 0 0 0 1462 259 17 27 16 6 1 1 0 2 1 1 0
966 198 11 12 4 4 0 0 0 0 0 0 0 1485 267 17 28 16 6 2 1 0 2 1 1 0
1008 218 11 13 4 4 0 0 0 0 0 0 0 1588 277 17 29 16 6 2 1 0 2 1 1 0
1038 226 11 14 4 4 0 0 0 0 0 0 0 1641 288 17 30 16 6 2 2 0 2 1 1 0
1049 238 11 14 4 4 0 0 0 1 0 0 0 1659 309 17 30 16 6 2 2 0 2 1 1 0
1075 249 11 14 4 4 0 0 0 1 0 0 0 1742 325 17 30 16 7 2 2 0 3 1 1 0
1125 260 11 15 4 4 0 0 0 1 0 0 0 1751 338 17 30 16 7 2 2 0 3 1 1 0
1158 272 11 15 4 5 0 0 0 1 0 0 0 1784 350 17 31 16 7 2 2 0 3 1 1 0
1169 283 11 15 4 5 0 0 0 1 0 0 0 1860 356 17 36 17 7 2 2 0 3 2 1 0
1215 294 11 16 4 5 1 0 0 1 0 0 0 1867 381 17 36 17 7 2 2 0 3 2 1 0
1247 303 11 16 4 5 1 0 0 1 0 0 0 1874 389 17 36 17 7 2 2 0 3 2 1 0
1268 312 11 17 4 5 1 0 0 1 0 0 0 1923 397 17 36 17 7 2 2 0 3 2 1 0
1291 325 11 17 5 5 1 0 0 1 0 0 0 1959 430 17 37 17 7 2 2 0 3 2 1 0
1311 339 11 17 5 5 1 0 0 1 0 0 0 1993 446 17 37 17 7 2 2 0 3 2 1 0
1331 348 11 18 5 5 1 0 0 1 0 0 0 1998 453 17 37 18 8 2 2 0 4 2 1 0
1345 354 11 18 5 5 1 1 0 1 0 0 0 2019 465 17 37 18 8 2 2 0 4 2 1 0
1392 363 11 18 5 5 1 1 0 1 0 0 0 2028 471 17 37 18 8 3 2 0 4 2 1 0
1418 378 11 20 5 5 1 1 0 1 0 0 0 2228 495 17 37 18 8 3 2 0 4 2 1 0
1437 387 11 20 5 6 1 1 0 1 0 0 0 2236 508 17 37 18 9 3 2 0 5 2 1 0
1455 393 11 20 5 6 1 1 0 1 0 0 0 2243 518 17 37 18 9 3 2 0 5 2 1 0
1478 403 11 21 5 6 1 1 0 1 0 0 0 2295 544 17 39 18 9 3 2 0 5 2 1 0
1486 413 11 21 5 6 1 1 0 1 0 0 0 2317 552 17 40 18 9 3 2 0 5 2 1 0
1503 426 11 21 5 6 1 1 0 1 0 0 0 2321 557 17 40 18 9 3 2 0 5 2 1 0
1565 441 11 21 5 6 1 1 0 1 0 0 0 2370 567 17 40 18 9 4 2 0 5 2 1 0
1579 449 11 23 5 6 1 1 0 1 0 0 0 2486 597 17 42 18 9 4 2 0 5 2 1 0
1590 458 11 23 5 6 1 1 0 1 0 0 0 2529 611 17 42 18 9 4 2 0 5 2 1 0
1637 474 11 23 5 6 1 1 0 2 0 0 0 2560 619 17 44 18 9 4 2 0 5 2 1 0
1665 484 11 23 6 6 1 1 0 2 0 0 0 2624 639 17 52 19 10 4 2 0 5 2 1 0
1669 496 11 24 6 6 1 1 0 2 0 0 0 2629 644 17 52 19 10 4 2 0 5 2 1 0
1684 506 11 24 6 6 1 1 0 2 0 0 0 2693 666 17 53 19 10 4 2 0 5 2 1 0
1740 516 11 25 6 6 1 1 0 2 0 0 0 2701 675 17 53 19 10 4 2 0 5 2 1 0
1754 532 11 26 6 6 1 1 0 2 0 0 0 2897 692 17 53 19 10 4 2 0 5 2 1 0
