# scores for worst/random/best/smart move selector strategies. 
# scores are 50% and 95% quantiles (based on 40 games) of: 
# game score, #destroyed, #unlocked, #stripes, #bombs, #zappers
0 0 0 0 0 0 0 0 0 0 0 0 0 7 7 0 0 0 0 0 0 0 0 0 0 0
3 3 0 0 0 0 0 0 0 0 0 0 0 10 10 0 0 0 0 0 0 0 0 0 0 0
8 8 0 0 0 0 0 0 0 0 0 0 0 15 15 0 0 0 0 0 0 0 0 0 0 0
12 12 0 0 0 0 0 0 0 0 0 0 0 41 23 0 0 0 0 0 0 0 0 0 0 0
16 16 0 0 0 0 0 0 0 0 0 0 0 45 28 0 0 0 0 0 0 0 0 0 0 0
21 21 0 0 0 0 0 0 0 0 0 0 0 50 37 0 0 0 0 0 0 0 0 0 0 0
24 24 0 0 0 0 0 0 0 0 0 0 0 70 43 0 1 0 0 0 0 0 0 0 0 0
30 30 0 0 0 0 0 0 0 0 0 0 0 91 52 0 1 0 0 0 0 0 0 0 0 0
33 33 0 0 0 0 0 0 0 0 0 0 0 122 59 1 2 0 0 0 0 0 0 0 0 0
40 38 0 0 0 0 0 0 0 0 0 0 0 127 62 2 2 0 0 0 0 0 0 0 0 0
44 43 0 0 0 0 0 0 0 0 0 0 0 130 71 2 2 0 0 0 0 0 0 0 0 0
48 47 0 0 0 0 0 0 0 0 0 0 0 160 81 3 3 0 0 1 0 0 0 0 0 0
52 52 0 0 0 0 0 0 0 0 0 0 0 163 87 3 3 0 0 1 0 0 0 0 0 0
55 55 0 0 0 0 0 0 0 0 0 0 0 170 91 3 3 0 0 1 0 0 0 0 0 0
60 60 0 0 0 0 0 0 0 0 0 0 0 197 100 3 3 1 0 1 0 0 0 0 0 0
64 63 0 0 0 0 0 0 0 0 0 0 0 205 109 3 3 1 0 1 0 0 0 0 0 0
71 68 0 0 0 0 0 0 0 0 0 0 0 211 115 3 3 1 0 1 0 0 0 0 0 0
76 72 0 0 0 0 0 0 0 0 0 0 0 214 118 3 3 1 0 1 0 0 0 0 0 0
79 75 0 0 0 0 0 0 0 0 0 0 0 221 123 3 3 1 0 1 0 0 0 0 0 0
87 79 0 0 0 0 0 0 0 0 0 0 0 235 126 3 3 1 0 1 0 0 0 0 0 0
93 83 0 0 0 0 0 0 0 0 0 0 0 241 133 3 3 1 0 1 0 0 0 0 0 0
96 88 0 0 0 0 0 0 0 0 0 0 0 273 140 3 3 1 0 1 0 0 0 0 0 0
102 93 0 0 0 0 0 0 0 0 0 0 0 280 143 3 4 1 0 1 0 0 0 0 0 0
106 100 0 0 0 0 0 0 0 0 0 0 0 296 148 3 4 1 0 1 0 0 0 0 0 0
116 105 0 0 0 0 0 0 0 0 0 0 0 299 153 3 4 2 0 1 0 0 0 0 0 0
119 109 0 1 0 0 0 0 0 0 0 0 0 302 156 3 4 2 0 1 0 0 0 0 0 0
128 112 0 1 0 0 0 0 0 0 0 0 0 305 159 3 4 2 0 1 0 0 0 0 0 0
140 116 0 1 0 0 0 0 0 0 0 0 0 308 162 3 4 2 0 1 0 0 0 0 0 0
143 119 0 1 0 0 0 0 0 0 0 0 0 311 165 4 4 2 0 1 0 0 0 0 0 0
148 124 0 1 0 0 0 0 0 0 0 0 0 314 168 5 4 2 0 1 0 0 0 0 0 0
151 127 0 1 0 0 0 0 0 0 0 0 0 317 171 5 4 2 0 1 0 0 0 0 0 0
173 132 0 1 0 0 0 0 0 0 0 0 0 322 176 5 4 2 0 1 0 0 0 0 0 0
176 138 0 1 0 0 0 0 0 0 0 0 0 325 180 5 5 2 0 1 0 0 0 0 0 0
181 141 0 1 0 0 0 0 0 0 0 0 0 328 183 5 5 2 0 1 0 0 0 0 0 0
186 145 0 1 0 0 0 0 0 0 0 0 0 331 186 5 5 2 0 1 0 0 0 0 0 0
194 148 0 1 0 0 0 0 0 0 0 0 0 334 189 5 5 2 1 1 0 0 1 0 0 0
208 152 0 1 0 0 0 0 0 0 0 0 0 337 192 5 5 2 1 1 0 0 1 0 0 0
215 160 0 1 0 0 0 0 0 0 0 0 0 341 195 5 5 2 1 1 0 0 1 0 0 0
218 163 0 1 0 0 0 0 0 0 0 0 0 344 200 5 5 2 1 1 0 0 1 0 0 0
227 168 0 1 0 0 0 0 0 0 0 0 0 347 204 5 5 2 1 1 0 0 1 0 0 0
230 171 0 1 0 0 0 0 0 0 0 0 0 350 207 5 5 2 1 1 0 0 1 0 0 0
