# scores for worst/random/best/smart move selector strategies. 
# scores are 50% and 95% quantiles (based on 40 games) of: 
# game score, #destroyed, #unlocked, #stripes, #bombs, #zappers
0 0 0 0 0 0 0 0 0 0 0 0 0 7 7 0 0 0 0 0 0 0 0 0 0 0
3 3 0 0 0 0 0 0 0 0 0 0 0 12 12 0 0 0 0 0 0 0 0 0 0 0
9 9 0 0 0 0 0 0 0 0 0 0 0 30 16 0 0 0 0 0 0 0 0 0 0 0
12 12 0 0 0 0 0 0 0 0 0 0 0 35 19 0 0 0 0 0 0 0 0 0 0 0
16 16 0 0 0 0 0 0 0 0 0 0 0 49 25 0 1 0 0 0 0 0 0 0 0 0
21 21 0 0 0 0 0 0 0 0 0 0 0 93 40 1 1 0 0 0 0 0 0 0 0 0
25 25 0 0 0 0 0 0 0 0 0 0 0 125 47 1 1 0 0 0 0 0 0 0 0 0
31 28 0 0 0 0 0 0 0 0 0 0 0 130 52 2 2 0 0 0 0 0 0 0 0 0
36 34 0 0 0 0 0 0 0 0 0 0 0 147 66 3 2 1 1 0 0 0 0 0 0 0
39 39 0 0 0 0 0 0 0 0 0 0 0 150 69 3 2 1 1 0 0 0 1 0 0 0
45 43 0 0 0 0 0 0 0 0 0 0 0 158 78 3 2 1 1 0 0 0 1 0 0 0
62 47 0 0 0 0 0 0 0 0 0 0 0 164 86 3 2 1 1 0 0 0 1 0 0 0
79 51 0 0 0 0 0 0 0 0 0 0 0 206 92 3 2 1 1 0 0 0 1 0 0 0
86 58 0 1 0 0 0 0 0 0 0 0 0 239 101 4 3 1 1 0 0 0 1 0 0 0
92 64 0 1 0 0 0 0 0 0 0 0 0 242 108 4 3 1 1 0 0 0 1 0 0 0
100 71 0 1 0 0 0 0 0 0 0 0 0 246 116 4 3 1 1 0 0 0 1 0 0 0
113 77 0 1 0 0 0 0 0 0 0 0 0 249 119 5 3 1 1 1 0 0 1 0 0 0
129 82 0 2 0 0 0 0 0 0 0 0 0 279 126 5 4 1 1 1 0 0 1 0 0 0
140 90 1 2 0 0 0 0 0 0 0 0 0 283 131 5 4 1 1 1 0 0 1 0 0 0
154 96 1 2 0 0 0 0 0 0 0 0 0 330 138 6 5 1 1 1 0 0 1 0 0 0
167 102 1 2 0 0 0 0 0 0 0 0 0 337 141 6 5 1 1 1 0 0 1 0 0 0
182 106 1 3 0 0 0 0 0 0 0 0 0 387 145 6 5 1 1 1 0 0 1 0 0 0
199 111 1 3 0 0 0 0 0 0 0 0 0 402 161 6 5 1 1 1 0 0 1 0 0 0
206 119 2 3 0 0 0 0 0 0 0 0 0 418 188 6 6 1 1 1 0 0 1 0 0 0
216 126 2 3 0 0 0 0 0 0 0 0 0 423 194 6 6 1 1 2 0 0 1 0 0 0
237 132 2 3 0 0 0 0 0 0 0 0 0 442 204 6 7 1 2 2 0 0 2 0 0 0
251 138 2 3 0 0 0 0 0 0 0 0 0 465 215 7 7 2 2 2 1 0 2 0 0 0
260 145 2 4 0 0 0 0 0 0 0 0 0 484 221 7 7 2 2 2 1 0 2 0 0 0
269 151 2 4 0 0 0 0 0 0 0 0 0 490 225 8 7 2 2 2 1 0 2 0 0 0
308 162 2 4 0 0 0 0 0 0 0 0 0 532 233 8 7 2 2 2 1 0 2 0 0 0
313 168 2 4 0 0 0 0 0 0 0 0 0 547 242 8 9 2 2 2 1 0 2 0 0 0
319 174 2 5 0 0 0 0 0 0 0 0 0 553 246 8 9 2 2 2 1 0 2 0 0 0
333 179 2 5 0 0 0 0 0 0 0 0 0 569 249 8 9 2 2 2 1 0 2 0 0 0
348 185 2 5 0 0 1 0 0 0 0 0 0 602 255 8 9 2 2 2 1 0 2 0 0 0
366 191 2 5 1 0 1 0 0 0 0 0 0 608 264 8 9 2 3 2 1 0 3 0 0 0
377 198 2 5 1 0 1 0 0 0 0 0 0 626 274 8 9 2 3 2 1 0 3 0 0 0
391 203 2 5 1 0 1 0 0 0 0 0 0 677 288 8 10 2 3 2 1 0 3 0 0 0
402 212 2 6 1 0 1 0 0 0 0 0 0 682 293 8 11 3 3 2 1 0 3 0 0 0
436 219 2 6 1 0 1 0 0 0 0 0 0 685 296 8 11 3 3 2 1 0 3 0 0 0
451 228 2 7 1 0 1 0 0 0 0 0 0 689 300 8 11 3 3 2 1 0 3 0 0 0
475 233 2 7 1 0 1 0 0 0 0 0 0 716 311 8 11 3 3 2 1 0 3 0 0 0
