# scores for worst/random/best/smart move selector strategies. 
# scores are 50% and 95% quantiles (based on 40 games) of: 
# game score, #destroyed, #unlocked, #stripes, #bombs, #zappers
6 6 0 0 0 0 0 0 0 0 0 0 0 25 25 0 0 0 0 0 0 0 0 0 0 0
13 13 0 0 0 0 0 0 0 0 0 0 0 92 39 0 1 1 0 0 0 0 0 0 0 0
23 23 0 0 0 0 0 0 0 0 0 0 0 135 53 0 1 1 0 0 0 0 0 0 0 0
32 31 0 0 0 0 0 0 0 0 0 0 0 143 60 0 2 1 0 0 0 0 0 0 0 0
42 38 0 0 0 0 0 0 0 0 0 0 0 154 66 0 2 1 0 0 0 0 0 0 0 0
47 46 0 0 0 0 0 0 0 0 0 0 0 160 79 0 2 1 0 0 0 0 0 0 0 0
54 52 0 0 0 0 0 0 0 0 0 0 0 167 86 0 3 1 1 0 0 0 1 0 0 0
68 61 0 0 0 0 0 0 0 0 0 0 0 173 97 0 3 1 1 0 0 0 1 0 0 0
110 69 0 0 0 0 0 0 0 0 0 0 0 196 105 0 3 1 1 0 0 0 1 0 0 0
135 85 0 1 0 0 0 0 0 0 0 0 0 215 114 0 3 2 1 0 0 0 1 0 0 0
151 93 0 1 0 0 0 0 0 0 0 0 0 242 129 0 3 2 1 0 0 0 1 0 0 0
170 103 0 1 0 0 0 0 0 0 0 0 0 250 139 0 3 2 1 0 0 0 1 0 0 0
181 113 0 2 0 0 0 0 0 0 0 0 0 336 154 0 5 2 1 0 0 0 1 0 0 0
193 120 0 2 0 0 0 0 0 0 0 0 0 360 166 0 5 2 1 0 0 0 1 0 0 0
199 128 0 2 0 0 0 0 0 0 0 0 0 368 175 0 5 2 1 0 0 0 1 0 0 0
205 133 0 2 0 0 0 0 0 0 0 0 0 403 192 0 5 2 1 0 0 0 1 0 0 0
218 137 0 2 0 0 0 0 0 0 0 0 0 412 204 0 5 2 1 1 0 0 1 0 0 0
227 150 0 2 0 0 0 0 0 0 0 0 0 462 221 0 5 2 1 1 0 0 1 0 0 0
234 159 0 2 0 0 0 0 0 0 0 0 0 487 235 0 6 2 1 1 0 0 1 0 0 0
252 166 0 3 1 0 0 0 0 0 0 0 0 493 250 0 6 3 1 1 0 0 1 0 0 0
259 170 0 3 1 0 0 0 0 0 0 0 0 533 259 0 6 3 1 1 0 0 1 0 0 0
268 187 0 3 1 0 0 0 0 0 0 0 0 536 268 0 6 3 1 1 0 0 1 0 0 0
289 194 0 3 1 0 0 0 0 0 0 0 0 541 276 0 6 3 1 1 0 0 1 0 0 0
303 200 0 3 1 0 0 0 0 0 0 0 0 561 284 0 6 3 1 1 0 0 1 0 0 0
337 208 0 3 1 0 0 0 0 0 0 0 0 659 319 0 8 3 1 1 1 0 1 0 0 0
372 219 0 4 1 0 0 0 0 0 0 0 0 682 322 0 8 3 1 1 1 0 1 0 0 0
387 226 0 4 1 0 0 0 0 0 0 0 0 695 332 0 9 4 1 1 1 0 1 0 0 0
404 237 0 4 1 0 0 0 0 0 0 0 0 703 340 0 9 4 1 1 1 0 1 0 0 0
430 245 0 4 1 0 0 0 0 0 0 0 0 714 350 0 9 4 1 1 1 0 1 0 0 0
439 252 0 4 1 0 0 0 0 0 0 0 0 740 378 0 10 4 1 1 1 0 1 0 0 0
448 263 0 4 1 0 0 0 0 0 0 0 0 756 381 0 10 5 1 1 1 0 1 0 0 0
459 271 0 5 1 0 0 0 0 0 0 0 0 792 394 0 10 5 1 1 1 0 1 0 0 0
479 282 0 5 1 0 0 0 0 0 0 0 0 830 401 0 10 6 1 1 1 0 1 0 0 0
490 299 0 6 1 0 0 0 0 0 0 0 0 833 411 0 10 6 1 1 1 0 1 0 0 0
498 306 0 6 1 0 0 0 0 0 0 0 0 850 424 0 10 6 1 1 1 0 1 0 0 0
530 309 0 6 2 0 0 0 0 0 0 0 0 973 458 0 11 6 2 1 1 0 1 0 0 0
570 321 0 6 2 0 0 0 0 0 0 0 0 1033 476 0 14 6 2 1 1 0 2 0 0 0
583 326 0 6 2 0 0 0 0 0 0 0 0 1041 481 0 14 6 2 1 1 0 2 0 0 0
591 337 0 7 2 0 0 0 0 0 0 0 0 1044 484 0 14 6 2 1 1 0 2 0 0 0
622 350 0 7 2 0 0 0 0 0 0 0 0 1068 493 0 15 6 2 1 1 0 2 0 0 0
630 358 0 7 2 0 0 0 0 0 0 0 0 1086 504 0 15 6 2 1 1 0 2 0 0 0
