# scores for worst/random/best/smart move selector strategies. 
# scores are 50% and 95% quantiles (based on 40 games) of: 
# game score, #destroyed, #unlocked, #stripes, #bombs, #zappers
6 6 0 0 0 0 0 0 0 0 0 0 0 25 25 0 0 0 0 0 0 0 0 0 0 0
17 17 0 0 0 0 0 0 0 0 0 0 0 130 57 0 2 1 0 0 0 0 0 0 0 0
46 30 0 0 0 0 0 0 0 0 0 0 0 191 77 0 2 1 1 0 0 0 1 0 0 0
80 43 0 1 0 0 0 0 0 0 0 0 0 288 108 0 4 2 1 1 0 0 1 0 0 0
126 62 0 1 0 0 0 0 0 0 0 0 0 311 124 0 4 2 1 1 1 0 1 0 0 0
165 76 0 2 1 0 0 0 0 0 0 0 0 402 144 0 6 2 2 1 1 0 2 0 0 0
211 92 0 3 1 0 0 0 0 0 0 0 0 424 169 0 6 2 3 1 1 0 3 0 0 0
243 107 0 3 1 0 0 0 0 0 0 0 0 535 217 0 6 4 3 1 1 0 3 0 0 0
298 127 0 4 1 0 0 0 0 0 0 0 0 667 258 0 7 6 3 1 1 0 3 0 0 0
330 149 0 4 1 0 0 0 0 0 0 0 0 695 283 0 8 6 3 1 1 0 3 0 0 0
416 170 0 5 1 0 0 0 0 0 0 0 0 795 295 0 11 6 4 1 1 0 3 0 0 0
448 187 0 5 2 0 0 0 0 0 0 0 0 811 303 0 11 6 4 1 1 0 3 0 0 0
489 199 0 6 2 1 0 0 0 1 0 0 0 958 357 0 12 6 4 2 2 0 4 0 0 0
512 210 0 7 2 1 0 0 0 1 0 0 0 1001 367 0 13 6 4 2 2 0 4 0 0 0
550 242 0 7 2 1 0 0 0 1 0 0 0 1026 386 0 13 7 5 2 2 0 4 0 0 0
593 258 0 8 3 1 0 0 0 1 0 0 0 1085 393 0 15 7 6 2 2 0 5 1 0 0
624 276 0 9 3 1 0 0 0 1 0 0 0 1090 411 0 15 8 6 2 2 0 5 1 0 0
704 296 0 9 3 1 1 0 0 1 0 0 0 1113 425 0 16 11 6 2 2 0 5 1 0 0
750 314 0 9 3 2 1 0 0 1 0 0 0 1155 432 0 16 11 6 2 2 0 5 1 0 0
817 327 0 10 4 2 1 0 0 1 0 0 0 1267 439 0 18 11 6 2 2 0 5 1 1 0
833 342 0 10 4 2 1 0 0 2 0 0 0 1355 472 0 18 12 6 2 2 0 5 1 1 0
878 361 0 11 4 2 1 0 0 2 0 0 0 1443 482 0 21 15 7 2 3 0 5 1 1 0
933 377 0 11 4 2 1 0 0 2 0 0 0 1499 518 0 23 15 7 3 3 1 5 1 1 0
962 395 0 12 4 2 1 0 0 2 0 0 0 1518 553 0 25 16 7 3 3 1 5 1 1 0
1029 412 0 13 5 2 1 0 0 2 0 0 0 1656 573 0 28 16 7 3 3 1 5 1 1 0
1043 430 0 13 5 2 1 0 0 2 0 0 0 1738 596 0 28 16 7 3 3 1 5 1 1 0
1073 444 0 14 5 2 1 1 0 2 0 0 0 1790 609 0 29 16 7 3 3 1 5 1 1 0
1107 452 0 14 5 2 1 1 0 2 0 0 0 1803 633 0 29 16 7 3 3 1 5 1 1 0
1140 477 0 15 5 3 1 1 0 2 0 0 0 1829 637 0 29 16 7 3 3 1 5 1 1 0
1197 487 0 15 5 3 1 1 0 2 0 0 0 1855 647 0 31 16 7 4 3 1 5 1 1 0
1264 507 0 16 5 3 1 1 0 2 0 0 0 1955 670 0 31 17 7 4 3 1 6 1 1 0
1309 528 0 16 6 3 1 1 0 2 0 0 0 1986 698 0 32 17 7 4 3 1 6 1 1 0
1323 544 0 17 6 3 1 1 0 3 0 0 0 2020 706 0 32 17 7 4 3 1 6 1 1 0
1426 566 0 17 6 3 1 1 0 3 0 0 0 2035 732 0 34 17 7 4 3 1 6 1 1 0
1446 581 0 18 6 3 1 1 0 3 0 0 0 2074 743 0 35 17 7 4 3 1 6 1 1 0
1506 604 0 18 6 4 1 1 0 3 0 0 0 2090 759 0 35 17 7 4 3 1 6 1 1 0
1529 626 0 18 6 4 1 1 0 3 0 0 0 2134 774 0 35 17 7 4 3 1 6 1 1 0
1603 631 0 19 7 4 1 1 0 3 0 0 0 2227 788 0 36 17 7 4 3 1 6 1 1 0
1608 654 0 19 7 4 1 1 0 3 0 0 0 2361 800 0 36 19 7 4 3 1 6 1 1 0
1701 671 0 21 7 4 1 1 0 3 0 0 0 2427 814 0 37 20 7 4 3 1 6 1 1 0
1745 693 0 21 7 4 1 1 0 3 0 0 0 2461 831 0 38 20 7 4 3 1 6 1 1 0
