# scores for worst/random/best/smart move selector strategies. 
# scores are 50% and 95% quantiles (based on 40 games) of: 
# game score, #destroyed, #unlocked, #stripes, #bombs, #zappers
6 6 0 0 0 0 0 0 0 0 0 0 0 25 25 0 0 0 0 0 0 0 0 0 0 0
13 13 0 0 0 0 0 0 0 0 0 0 0 66 42 0 1 0 0 0 0 0 0 0 0 0
19 19 0 0 0 0 0 0 0 0 0 0 0 109 55 0 1 0 0 0 0 0 0 0 0 0
28 27 0 0 0 0 0 0 0 0 0 0 0 129 69 0 1 1 0 0 0 0 0 0 0 0
33 32 0 0 0 0 0 0 0 0 0 0 0 155 76 0 1 1 0 0 0 0 0 0 0 0
42 39 0 0 0 0 0 0 0 0 0 0 0 161 80 0 1 1 0 0 0 0 0 0 0 0
45 43 0 0 0 0 0 0 0 0 0 0 0 164 86 0 1 1 0 0 0 0 0 0 0 0
58 53 0 0 0 0 0 0 0 0 0 0 0 171 92 0 2 1 0 0 0 0 0 0 0 0
64 57 0 0 0 0 0 0 0 0 0 0 0 179 95 0 2 1 0 0 0 0 0 0 0 0
74 67 0 0 0 0 0 0 0 0 0 0 0 198 111 0 2 1 0 0 0 0 0 0 0 0
77 73 0 0 0 0 0 0 0 0 0 0 0 214 118 0 2 1 0 0 0 0 0 0 0 0
102 76 0 0 0 0 0 0 0 0 0 0 0 221 127 0 2 1 0 0 0 0 0 0 0 0
121 86 0 0 0 0 0 0 0 0 0 0 0 231 133 0 2 1 0 0 0 0 0 0 0 0
130 93 0 0 0 0 0 0 0 0 0 0 0 240 139 0 2 1 0 0 0 0 0 0 0 0
140 104 0 1 0 0 0 0 0 0 0 0 0 260 160 0 3 2 0 0 0 0 0 0 0 0
148 111 0 1 0 0 0 0 0 0 0 0 0 324 169 0 3 2 0 0 0 0 0 0 0 0
165 121 0 1 0 0 0 0 0 0 0 0 0 331 176 0 3 2 0 0 0 0 0 0 0 0
177 135 0 1 1 0 0 0 0 0 0 0 0 334 180 0 3 2 0 0 0 0 0 0 0 0
195 143 0 1 1 0 0 0 0 0 0 0 0 391 207 0 3 3 0 0 0 0 0 0 0 0
200 147 0 1 1 0 0 0 0 0 0 0 0 394 212 0 4 3 0 0 0 0 0 0 0 0
211 152 0 1 1 0 0 0 0 0 0 0 0 397 215 0 4 3 0 0 0 0 0 0 0 0
219 161 0 1 1 0 0 0 0 0 0 0 0 400 222 0 4 3 0 0 0 0 0 0 0 0
224 167 0 1 1 0 0 0 0 0 0 0 0 430 251 0 4 3 0 0 0 0 0 0 0 0
246 174 0 2 1 0 0 0 0 0 0 0 0 436 256 0 4 3 0 0 0 0 0 0 0 0
260 179 0 2 1 0 0 0 0 0 0 0 0 443 260 0 4 3 0 0 0 0 0 0 0 0
279 189 0 2 1 0 0 0 0 0 0 0 0 451 275 0 4 3 0 0 0 0 0 0 0 0
287 193 0 3 1 0 0 0 0 0 0 0 0 456 278 0 4 3 0 0 0 0 0 0 0 0
298 203 0 3 1 0 0 0 0 0 0 0 0 482 296 0 5 3 0 0 0 0 0 0 0 0
306 212 0 3 1 0 0 0 0 0 0 0 0 485 301 0 5 3 0 0 0 0 0 0 0 0
315 218 0 3 1 0 0 0 0 0 0 0 0 515 312 0 5 3 0 0 0 0 0 0 0 0
323 225 0 3 1 0 0 0 0 0 0 0 0 531 327 0 5 3 0 0 0 0 0 0 0 0
332 235 0 3 1 0 0 0 0 0 0 0 0 568 346 0 6 3 0 0 0 0 0 0 0 0
346 242 0 3 1 0 0 0 0 0 0 0 0 574 349 0 6 3 0 0 0 0 0 0 0 0
350 247 0 3 1 0 0 0 0 0 0 0 0 579 352 0 6 4 1 0 0 0 0 0 0 0
357 250 0 3 1 0 0 0 0 0 0 0 0 586 363 0 6 4 1 0 0 0 0 0 0 0
366 262 0 3 1 0 0 0 0 0 0 0 0 649 373 0 6 4 1 0 0 0 0 0 0 0
383 267 0 3 1 0 0 0 0 0 0 0 0 702 378 0 6 5 1 0 0 0 0 0 0 0
407 277 0 3 2 0 0 0 0 0 0 0 0 728 387 0 6 5 1 0 0 0 0 0 0 0
422 283 0 3 2 0 0 0 0 0 0 0 0 748 396 0 6 5 1 0 0 0 0 0 0 0
433 293 0 3 2 0 0 0 0 0 0 0 0 755 403 0 6 5 1 0 0 0 0 0 0 0
440 296 0 3 2 0 0 0 0 0 0 0 0 798 428 0 7 5 1 0 0 0 0 0 0 0
