# scores for worst/random/best/smart move selector strategies. 
# scores are 50% and 95% quantiles (based on 40 games) of: 
# game score, #destroyed, #unlocked, #stripes, #bombs, #zappers
3 3 0 0 0 0 0 0 0 0 0 0 0 7 7 0 0 0 0 0 0 0 0 0 0 0
6 6 0 0 0 0 0 0 0 0 0 0 0 14 14 0 0 0 0 0 0 0 0 0 0 0
9 9 0 0 0 0 0 0 0 0 0 0 0 399 42 12 7 3 0 0 0 0 0 0 0 0
13 13 0 0 0 0 0 0 0 0 0 0 0 1163 123 38 22 10 0 1 1 0 0 0 0 0
17 17 0 0 0 0 0 0 0 0 0 0 0 1220 141 38 25 10 0 2 1 0 0 0 0 0
19 19 0 0 0 0 0 0 0 0 0 0 0 1223 148 42 25 10 0 2 1 1 0 0 0 0
23 23 0 0 0 0 0 0 0 0 0 0 0 1395 151 42 30 12 0 2 1 1 0 0 0 0
61 34 0 1 0 0 0 0 0 0 0 0 0 1498 155 47 33 14 1 2 1 1 0 0 0 0
86 43 4 1 0 0 0 0 0 0 0 0 0 1508 162 47 33 14 1 2 1 1 0 0 0 0
464 59 13 8 4 0 0 0 0 0 0 0 0 1511 169 47 33 14 1 2 1 1 0 0 0 0
1129 122 33 22 10 0 0 0 0 0 0 0 0 1514 179 47 33 14 1 2 1 1 0 0 0 0
1168 130 35 23 10 0 0 0 0 0 0 0 0 1518 186 47 33 14 1 3 1 1 0 0 0 0
1178 143 37 23 10 0 0 0 0 0 0 0 0 1574 194 47 34 14 1 3 1 1 0 0 0 0
1221 150 38 24 10 0 0 1 0 0 0 0 0 1578 204 47 34 14 1 3 1 1 0 0 0 0
1245 158 38 24 10 0 1 1 0 0 0 0 0 1590 214 47 34 14 1 3 1 1 0 0 0 0
1250 162 38 25 10 0 1 1 0 0 0 0 0 1636 221 47 35 14 1 3 1 1 0 0 0 0
1253 170 38 25 10 0 1 1 0 0 0 0 0 1694 241 47 36 14 1 3 2 1 0 0 0 0
1265 178 38 25 10 0 1 1 0 0 0 0 0 1710 253 47 37 14 1 3 2 1 0 0 0 0
1275 189 38 26 10 0 1 1 0 0 0 0 0 1717 272 47 38 14 1 3 2 1 1 1 0 0
1324 198 38 26 10 0 1 1 0 0 0 0 0 1765 279 47 39 14 1 3 2 1 1 1 0 0
1363 217 38 26 10 0 1 1 0 0 0 0 0 1771 288 47 39 14 1 3 2 2 1 1 0 0
1395 225 38 27 10 0 1 1 0 0 0 0 0 1794 302 47 39 14 1 3 2 2 1 1 0 0
1411 232 38 27 10 0 1 1 0 0 0 0 0 1827 313 47 40 15 1 3 2 2 1 1 0 0
1422 236 38 27 10 0 1 1 0 0 0 0 0 1863 326 47 40 15 1 3 2 2 1 1 0 0
1433 245 38 28 10 0 1 1 0 0 0 0 0 1867 337 47 40 15 1 3 2 2 1 1 0 0
1437 249 38 28 10 0 1 1 0 0 0 0 0 1870 341 47 40 15 1 3 2 2 1 1 0 0
1453 259 38 28 11 0 1 1 0 0 0 0 0 1878 347 47 40 15 1 3 2 2 1 1 0 0
1461 265 38 28 11 0 1 1 0 0 0 0 0 1909 355 47 40 15 1 3 2 2 1 1 0 0
1482 273 38 29 11 0 1 1 0 0 0 0 0 1923 365 47 40 15 1 3 2 2 1 1 0 0
1498 282 38 29 11 0 1 1 0 0 0 0 0 1973 381 47 41 15 1 3 2 2 1 1 0 0
1530 294 38 29 11 0 1 1 0 0 0 0 0 1976 384 47 41 15 1 4 2 2 1 1 0 0
1536 300 38 29 11 0 1 1 0 0 0 0 0 2015 388 47 42 15 1 4 2 2 1 1 0 0
1541 304 38 29 11 0 1 1 0 0 0 0 0 2068 396 47 42 15 1 4 2 2 1 1 0 0
1565 316 38 29 11 0 1 1 0 0 0 0 0 2073 403 47 42 15 1 4 2 2 1 1 0 0
1592 326 38 30 11 0 1 1 0 0 0 0 0 2076 408 47 42 15 1 4 2 2 1 1 0 0
1597 330 38 30 11 0 1 1 0 0 0 0 0 2083 418 47 42 15 1 4 2 2 1 1 0 0
1621 333 38 31 11 0 1 1 0 0 0 0 0 2086 424 47 42 15 1 4 2 2 1 1 0 0
1633 339 38 31 11 0 2 1 0 0 0 0 0 2119 435 47 42 15 2 4 2 2 1 1 0 0
1650 344 38 31 11 1 2 1 0 0 0 0 0 2127 444 47 43 15 2 4 2 2 1 1 0 0
1653 351 38 32 11 1 2 1 0 0 0 0 0 2185 449 47 44 15 2 4 2 2 1 1 0 0
1715 366 38 32 11 1 2 1 0 0 0 0 0 2230 453 47 45 15 2 4 2 2 1 1 0 0
