# scores for worst/random/best/smart move selector strategies. 
# scores are 50% and 95% quantiles (based on 40 games) of: 
# game score, #destroyed, #unlocked, #stripes, #bombs, #zappers
3 3 0 0 0 0 0 0 0 0 0 0 0 7 7 0 0 0 0 0 0 0 0 0 0 0
3 3 0 0 0 0 0 0 0 0 0 0 0 14 14 0 0 0 0 0 0 0 0 0 0 0
6 6 0 0 0 0 0 0 0 0 0 0 0 337 47 10 6 2 0 0 0 0 0 0 0 0
9 9 0 0 0 0 0 0 0 0 0 0 0 356 54 18 7 2 0 0 0 0 0 0 0 0
12 12 0 0 0 0 0 0 0 0 0 0 0 1179 129 31 23 10 0 0 0 0 0 0 0 0
15 15 0 0 0 0 0 0 0 0 0 0 0 1340 132 45 27 12 0 0 0 0 0 0 0 0
18 18 0 0 0 0 0 0 0 0 0 0 0 1347 137 45 27 12 0 0 0 0 0 0 0 0
24 21 0 0 0 0 0 0 0 0 0 0 0 1353 144 47 27 12 0 0 0 0 0 0 0 0
31 28 0 0 0 0 0 0 0 0 0 0 0 1356 148 47 27 12 0 1 0 0 0 0 0 0
48 32 0 1 0 0 0 0 0 0 0 0 0 1457 165 47 29 14 0 1 0 0 0 0 0 0
60 35 1 1 0 0 0 0 0 0 0 0 0 1460 168 49 29 14 0 1 1 0 0 0 0 0
68 40 1 1 0 0 0 0 0 0 0 0 0 1463 171 49 29 14 0 1 1 0 0 0 0 0
71 43 3 1 0 0 0 0 0 0 0 0 0 1487 176 49 30 14 0 1 1 0 0 0 0 0
600 100 24 11 5 0 0 0 0 0 0 0 0 1491 181 49 30 14 0 1 1 0 0 0 0 0
697 107 27 12 6 0 0 0 0 0 0 0 0 1535 189 49 31 14 0 1 1 1 0 0 0 0
1097 127 30 21 10 0 0 0 0 0 0 0 0 1550 193 49 32 14 0 1 1 1 0 0 0 0
1132 134 31 22 10 0 0 0 0 0 0 0 0 1553 196 49 32 14 0 1 1 1 0 0 0 0
1147 143 31 22 10 0 0 0 0 0 0 0 0 1556 201 49 32 14 1 1 1 1 0 0 0 0
1156 149 31 22 10 0 0 0 0 0 0 0 0 1585 208 49 32 14 1 1 1 1 0 0 0 0
1159 152 31 22 10 0 0 0 0 0 0 0 0 1591 213 49 32 14 1 1 1 1 0 0 0 0
1169 158 32 22 10 0 0 0 0 0 0 0 0 1596 221 49 32 14 1 1 1 1 0 0 0 0
1175 165 33 22 10 0 0 0 0 0 0 0 0 1599 224 49 32 14 1 1 1 1 0 0 0 0
1197 171 34 23 10 0 0 0 0 0 0 0 0 1602 227 49 32 14 1 1 1 1 0 0 0 0
1204 174 34 23 10 0 0 0 0 0 0 0 0 1605 234 49 32 14 1 1 1 1 0 0 0 0
1209 182 34 23 10 0 0 0 0 0 0 0 0 1634 245 49 33 14 1 1 1 1 0 0 0 0
1214 187 34 23 10 0 0 0 0 0 0 0 0 1691 258 49 35 14 1 2 1 1 0 0 0 0
1217 190 34 23 10 0 0 0 0 0 0 0 0 1694 261 49 35 14 1 2 1 1 0 0 0 0
1221 193 34 23 10 0 0 0 0 0 0 0 0 1697 266 49 35 14 1 2 1 1 0 0 0 0
1229 205 34 23 10 0 0 0 0 0 0 0 0 1702 270 49 35 14 1 2 1 1 0 0 0 0
1235 209 34 23 10 0 0 0 0 0 0 0 0 1705 276 49 35 14 1 2 1 1 0 0 0 0
1246 213 34 23 10 0 0 0 0 0 0 0 0 1723 287 49 35 14 1 2 1 1 0 0 0 0
1253 218 34 23 10 0 0 0 0 0 0 0 0 1727 290 49 35 14 1 2 1 1 0 0 0 0
1256 224 34 23 10 0 0 0 0 0 0 0 0 1730 299 49 35 14 1 2 1 1 0 0 0 0
1264 231 34 23 10 0 0 0 0 0 0 0 0 1734 302 49 35 14 1 2 1 1 0 0 0 0
1269 235 34 23 10 0 0 0 0 0 0 0 0 1738 305 49 35 14 1 2 1 1 0 0 0 0
1273 239 34 23 10 0 0 0 0 0 0 0 0 1757 309 49 35 14 1 2 1 1 0 0 0 0
1287 242 34 24 10 0 0 0 0 0 0 0 0 1760 313 49 35 14 1 2 1 1 0 0 0 0
1304 251 34 24 10 0 0 0 0 0 0 0 0 1766 317 49 35 14 1 2 1 1 0 0 0 0
1309 260 34 24 10 0 0 0 0 0 0 0 0 1769 320 49 35 14 1 2 1 1 0 0 0 0
1323 263 34 24 10 0 0 0 0 0 0 0 0 1772 323 49 35 14 1 2 1 1 0 0 0 0
1326 268 34 24 10 0 0 0 0 0 0 0 0 1776 326 49 35 14 1 2 1 1 0 0 0 0
