# scores for worst/random/best/smart move selector strategies. 
# scores are 50% and 95% quantiles (based on 40 games) of: 
# game score, #destroyed, #unlocked, #stripes, #bombs, #zappers
3 3 0 0 0 0 0 0 0 0 0 0 0 7 7 0 0 0 0 0 0 0 0 0 0 0
6 6 0 0 0 0 0 0 0 0 0 0 0 60 16 4 1 0 0 0 0 0 0 0 0 0
10 10 0 0 0 0 0 0 0 0 0 0 0 905 83 29 18 8 0 1 0 0 0 0 0 0
19 17 0 0 0 0 0 0 0 0 0 0 0 1171 123 45 24 10 0 1 1 1 0 0 0 0
509 63 17 7 6 0 0 0 0 0 0 0 0 1209 132 47 24 11 0 1 1 1 0 0 0 0
1015 101 31 19 10 0 0 0 0 0 0 0 0 1217 142 47 25 11 0 2 1 1 0 0 0 0
1129 119 36 22 10 0 0 0 0 0 0 0 0 1528 155 48 34 14 0 2 1 1 0 0 0 0
1155 133 39 23 10 0 0 0 0 0 0 0 0 1533 162 48 34 14 0 2 2 1 0 0 0 0
1176 142 39 23 10 0 0 0 0 0 0 0 0 1539 174 48 34 14 1 2 2 1 0 0 0 0
1212 155 39 23 10 0 0 0 0 0 0 0 0 1572 190 48 34 14 1 2 2 1 1 0 0 0
1242 163 40 24 10 0 0 0 0 0 0 0 0 1576 198 48 34 14 1 2 2 2 1 0 0 0
1264 168 40 24 10 0 0 1 0 0 0 0 0 1582 213 48 34 14 2 2 2 2 1 0 0 0
1283 185 40 24 10 0 0 1 0 0 0 0 0 1588 229 48 34 14 2 2 2 2 2 0 0 0
1356 203 40 25 11 0 0 1 0 0 0 0 0 1699 256 48 37 14 2 3 2 2 2 0 0 0
1364 211 40 25 11 1 0 1 0 0 0 0 0 1741 271 48 37 14 2 3 2 2 2 0 0 0
1384 221 40 26 11 1 0 1 0 0 0 0 0 1752 284 48 37 14 3 3 2 2 2 0 0 0
1404 230 40 26 11 1 0 1 0 1 0 0 0 1820 301 48 38 14 3 3 2 2 2 0 0 0
1452 247 40 26 11 1 0 1 0 1 0 0 0 1825 309 48 38 14 3 3 2 2 2 0 0 0
1460 253 40 26 11 1 1 1 0 1 0 0 0 1856 319 48 38 15 3 3 2 2 2 0 0 0
1515 267 40 26 11 1 1 1 0 1 0 0 0 1876 340 48 39 15 3 3 2 2 3 0 0 0
1532 275 40 27 11 1 1 1 0 1 0 0 0 1885 348 48 39 15 3 3 2 2 3 0 0 0
1552 288 40 28 11 1 1 1 0 1 0 0 0 1893 363 48 40 15 3 3 2 2 3 0 0 0
1592 300 40 28 12 1 1 1 0 1 0 0 0 2036 391 48 40 18 3 3 2 2 3 1 0 0
1625 313 40 29 12 1 1 1 0 1 0 0 0 2061 396 48 40 18 3 3 2 2 3 1 0 0
1638 321 40 29 12 1 1 1 0 1 0 0 0 2072 409 48 41 18 3 3 2 2 3 1 0 0
1659 333 40 29 12 1 1 1 0 1 0 0 0 2110 420 48 41 19 4 3 2 2 3 1 0 0
1690 345 40 30 12 1 1 1 0 1 0 0 0 2148 439 48 41 19 4 3 2 2 4 1 0 0
1724 354 40 30 12 2 1 1 0 1 0 0 0 2201 456 48 42 19 4 3 2 2 4 1 0 0
1767 369 40 30 12 2 2 1 0 1 0 0 0 2209 464 48 43 19 4 4 2 2 4 1 0 0
1788 379 40 30 12 2 2 1 0 1 0 0 0 2230 471 48 44 19 4 4 2 2 4 1 0 0
1805 387 40 31 12 2 2 1 0 1 0 0 0 2323 503 48 44 19 4 4 3 2 4 1 0 0
1814 392 40 31 12 2 2 1 0 2 0 0 0 2434 510 48 44 19 4 4 3 2 4 1 0 0
1852 407 40 31 12 2 2 1 0 2 0 0 0 2455 528 48 45 19 4 4 3 2 4 1 0 0
1880 428 40 32 13 2 2 1 0 2 0 0 0 2461 549 48 46 19 4 4 3 2 4 1 0 0
1908 435 40 32 13 2 2 1 0 2 0 0 0 2480 555 48 46 20 5 4 3 2 4 1 0 0
1945 444 40 33 13 2 2 1 0 2 0 0 0 2511 576 48 46 20 5 4 3 2 4 1 0 0
1969 452 40 33 13 2 2 1 0 2 0 0 0 2536 592 48 47 20 5 4 3 2 5 1 0 0
2002 472 40 34 13 2 2 1 0 2 0 0 0 2587 598 48 47 20 5 4 3 2 5 1 0 0
2035 480 40 34 13 3 2 1 0 2 0 0 0 2618 604 48 47 21 6 4 3 2 5 1 0 0
2052 495 40 34 13 3 2 1 0 2 0 0 0 2654 614 48 48 21 6 4 3 2 5 1 0 0
2086 501 40 34 13 3 2 1 0 2 0 0 0 2660 633 48 48 21 6 4 3 2 5 1 0 0
