# scores for worst/random/best/smart move selector strategies. 
# scores are 50% and 95% quantiles (based on 40 games) of: 
# game score, #destroyed, #unlocked, #stripes, #bombs, #zappers
3 3 0 0 0 0 0 0 0 0 0 0 0 7 7 0 0 0 0 0 0 0 0 0 0 0
3 3 0 0 0 0 0 0 0 0 0 0 0 10 10 0 0 0 0 0 0 0 0 0 0 0
6 6 0 0 0 0 0 0 0 0 0 0 0 47 17 0 1 0 0 0 0 0 0 0 0 0
9 9 0 0 0 0 0 0 0 0 0 0 0 599 73 23 11 5 0 0 0 0 0 0 0 0
12 12 0 0 0 0 0 0 0 0 0 0 0 602 77 23 11 5 0 0 0 0 0 0 0 0
15 15 0 0 0 0 0 0 0 0 0 0 0 820 94 32 14 8 0 0 0 0 0 0 0 0
21 21 0 0 0 0 0 0 0 0 0 0 0 1088 130 39 20 10 0 0 0 0 0 0 0 0
24 24 0 0 0 0 0 0 0 0 0 0 0 1091 133 39 20 10 0 0 0 0 0 0 0 0
25 24 0 0 0 0 0 0 0 0 0 0 0 1145 138 39 22 10 0 0 0 0 0 0 0 0
30 27 0 0 0 0 0 0 0 0 0 0 0 1148 141 39 22 10 0 0 0 0 0 0 0 0
34 30 0 0 0 0 0 0 0 0 0 0 0 1151 146 40 22 10 0 0 0 0 0 0 0 0
39 35 0 0 0 0 0 0 0 0 0 0 0 1154 149 43 22 10 0 0 0 0 0 0 0 0
43 40 0 0 0 0 0 0 0 0 0 0 0 1157 152 43 22 10 0 0 0 0 0 0 0 0
63 46 1 1 0 0 0 0 0 0 0 0 0 1173 161 43 22 10 0 0 0 0 0 0 0 0
93 51 2 1 0 0 0 0 0 0 0 0 0 1178 166 43 22 10 0 0 0 0 0 0 0 0
120 55 3 1 0 0 0 0 0 0 0 0 0 1202 177 43 22 11 0 0 0 0 0 0 0 0
240 70 4 4 1 0 0 0 0 0 0 0 0 1411 180 43 28 12 0 0 0 0 0 0 0 0
616 108 23 10 6 0 0 0 0 0 0 0 0 1416 184 43 28 12 0 0 0 0 0 0 0 0
636 115 23 11 6 0 0 0 0 0 0 0 0 1419 187 43 28 12 0 0 0 0 0 0 0 0
642 121 23 11 6 0 0 0 0 0 0 0 0 1428 195 43 28 12 0 0 0 0 0 0 0 0
645 129 23 11 6 0 0 0 0 0 0 0 0 1431 198 43 28 12 0 0 0 0 0 0 0 0
652 133 23 11 6 0 0 0 0 0 0 0 0 1437 204 43 28 12 0 0 0 0 0 0 0 0
671 143 25 11 6 0 0 0 0 0 0 0 0 1440 208 43 28 12 0 0 0 0 0 0 0 0
674 147 25 11 6 0 0 0 0 0 0 0 0 1443 211 43 28 12 0 0 0 0 0 0 0 0
897 152 27 16 8 0 0 0 0 0 0 0 0 1460 215 43 29 12 0 0 0 0 0 0 0 0
1127 161 30 21 10 0 0 0 0 0 0 0 0 1463 218 43 29 12 0 0 0 0 0 0 0 0
1135 166 32 21 10 0 0 0 0 0 0 0 0 1468 221 43 29 12 0 0 0 0 0 0 0 0
1141 172 32 21 10 0 0 0 0 0 0 0 0 1473 228 43 29 12 0 0 0 0 0 0 0 0
1144 175 32 21 10 0 0 0 0 0 0 0 0 1478 231 43 29 12 0 0 0 0 0 0 0 0
1145 178 32 21 10 0 0 0 0 0 0 0 0 1481 234 43 29 12 0 0 0 0 0 0 0 0
1150 186 32 21 10 0 0 0 0 0 0 0 0 1489 239 43 29 12 0 0 0 0 0 0 0 0
1169 193 32 21 10 0 0 0 0 0 0 0 0 1495 242 43 29 12 0 0 0 0 0 0 0 0
1180 196 32 21 10 0 0 0 0 0 0 0 0 1499 246 43 29 12 0 0 0 0 0 0 0 0
1184 199 32 21 10 0 0 0 0 0 0 0 0 1505 251 43 29 12 0 0 0 0 0 0 0 0
1191 207 32 22 10 0 0 0 0 0 0 0 0 1524 262 43 29 12 0 0 0 0 0 0 0 0
1194 210 32 22 10 0 0 0 0 0 0 0 0 1546 268 43 30 12 0 0 0 0 0 0 0 0
1197 213 32 22 10 0 0 0 0 0 0 0 0 1559 271 43 31 12 0 0 0 0 0 0 0 0
1207 216 34 22 10 0 0 0 0 0 0 0 0 1564 274 43 31 12 0 0 0 0 0 0 0 0
1212 221 34 22 10 0 0 0 0 0 0 0 0 1570 277 43 31 12 0 0 0 0 0 0 0 0
1216 225 34 22 10 0 0 0 0 0 0 0 0 1573 289 43 31 12 0 0 0 0 0 0 0 0
1224 229 34 22 10 0 0 0 0 0 0 0 0 1576 303 43 31 12 0 0 0 0 0 0 0 0
