# scores for worst/random/best/smart move selector strategies. 
# scores are 50% and 95% quantiles (based on 40 games) of: 
# game score, #destroyed, #unlocked, #stripes, #bombs, #zappers
3 3 0 0 0 0 0 0 0 0 0 0 0 11 11 0 0 0 0 0 0 0 0 0 0 0
8 8 0 0 0 0 0 0 0 0 0 0 0 15 15 0 0 0 0 0 0 0 0 0 0 0
13 13 0 0 0 0 0 0 0 0 0 0 0 76 23 2 1 0 0 0 0 0 0 0 0 0
19 19 0 0 0 0 0 0 0 0 0 0 0 91 31 2 2 0 0 0 0 0 0 0 0 0
22 22 0 0 0 0 0 0 0 0 0 0 0 145 54 2 2 0 0 0 0 0 0 0 0 0
28 28 0 0 0 0 0 0 0 0 0 0 0 152 63 2 2 1 0 0 0 0 0 0 0 0
33 33 0 0 0 0 0 0 0 0 0 0 0 188 71 2 3 1 0 1 0 0 0 0 0 0
39 37 0 0 0 0 0 0 0 0 0 0 0 198 80 4 3 1 0 1 1 0 0 0 0 0
44 41 0 0 0 0 0 0 0 0 0 0 0 201 101 5 4 1 0 1 1 0 0 0 0 0
49 45 0 0 0 0 0 0 0 0 0 0 0 209 106 5 4 1 1 1 1 0 1 0 0 0
64 51 0 0 0 0 0 0 0 0 0 0 0 232 111 5 4 1 1 1 1 0 1 0 0 0
72 56 0 0 0 0 0 0 0 0 0 0 0 242 117 5 5 1 1 1 1 0 1 0 0 0
79 63 0 1 0 0 0 0 0 0 0 0 0 299 130 9 5 2 1 1 1 0 1 0 0 0
106 70 0 1 0 0 0 0 0 0 0 0 0 302 133 9 5 2 1 1 1 0 1 0 0 0
127 81 1 1 0 0 0 0 0 0 0 0 0 307 140 10 5 2 1 1 1 0 1 0 0 0
136 86 1 2 0 0 0 0 0 0 0 0 0 325 146 10 5 2 1 1 1 0 1 0 0 0
140 90 1 2 0 0 0 0 0 0 0 0 0 330 152 10 5 2 1 1 1 0 1 0 0 0
149 95 1 2 0 0 0 0 0 0 0 0 0 335 157 10 5 2 1 1 1 0 1 0 0 0
160 100 2 2 0 0 0 0 0 0 0 0 0 341 163 10 5 2 1 1 1 0 1 0 0 0
167 106 2 2 0 0 0 0 0 0 0 0 0 344 166 10 5 2 1 1 1 0 1 0 0 0
175 112 2 2 0 0 0 0 0 0 0 0 0 347 169 10 5 2 1 1 1 0 1 0 0 0
183 116 2 2 0 0 0 0 0 0 0 0 0 350 172 10 5 2 1 1 1 0 1 0 0 0
195 119 2 2 0 0 0 0 0 0 0 0 0 355 178 10 5 2 1 1 1 0 1 0 0 0
214 127 2 3 0 0 0 0 0 0 0 0 0 372 182 10 6 2 1 1 1 0 1 0 0 0
224 131 2 3 0 0 0 0 0 0 0 0 0 376 186 11 6 2 1 1 1 0 1 0 0 0
228 135 2 3 0 0 0 0 0 0 0 0 0 380 190 11 6 2 1 1 1 0 1 0 0 0
246 140 2 3 0 0 0 0 0 0 0 0 0 383 194 11 6 2 1 1 1 0 1 0 0 0
260 145 3 3 0 0 0 0 0 0 0 0 0 387 199 11 6 2 1 1 1 0 1 0 0 0
265 148 3 3 0 0 0 0 0 0 0 0 0 407 206 11 7 2 1 1 1 0 1 0 0 0
274 154 3 3 0 0 0 0 0 0 0 0 0 449 211 11 7 2 1 2 1 0 1 0 0 0
282 159 3 4 0 0 0 0 0 0 0 0 0 453 218 11 7 2 1 2 1 0 1 0 0 0
288 163 3 4 0 0 0 0 0 0 0 0 0 553 247 11 8 2 2 2 1 0 1 0 0 0
296 169 3 4 0 0 0 0 0 0 0 0 0 654 252 11 8 2 2 2 1 0 1 0 0 0
301 174 3 4 0 0 0 0 0 0 0 0 0 687 262 11 8 2 2 2 1 0 1 0 0 0
307 182 3 4 0 0 0 0 0 0 0 0 0 693 266 11 8 2 2 2 1 0 2 0 0 0
318 187 3 4 0 0 0 0 0 0 0 0 0 696 269 11 8 2 2 2 1 0 2 0 0 0
327 194 3 4 0 0 0 0 0 0 0 0 0 699 273 11 8 2 2 2 1 0 2 0 0 0
331 198 3 4 0 0 0 0 0 0 0 0 0 704 277 11 8 2 2 2 1 0 2 0 0 0
337 202 3 4 0 0 0 0 0 0 0 0 0 708 282 11 8 2 2 2 1 0 2 0 0 0
347 210 3 4 0 0 0 0 0 0 0 0 0 741 287 11 8 2 2 2 1 0 2 0 0 0
352 215 3 4 0 0 0 0 0 0 0 0 0 745 292 11 8 2 2 2 1 0 2 0 0 0
