# scores for worst/random/best/smart move selector strategies. 
# scores are 50% and 95% quantiles (based on 40 games) of: 
# game score, #destroyed, #unlocked, #stripes, #bombs, #zappers
3 3 0 0 0 0 0 0 0 0 0 0 0 11 11 0 0 0 0 0 0 0 0 0 0 0
9 9 0 0 0 0 0 0 0 0 0 0 0 17 17 0 0 0 0 0 0 0 0 0 0 0
13 13 0 0 0 0 0 0 0 0 0 0 0 76 23 1 0 0 0 0 0 0 0 0 0 0
20 19 0 0 0 0 0 0 0 0 0 0 0 89 32 2 2 0 0 0 0 0 0 0 0 0
25 25 0 0 0 0 0 0 0 0 0 0 0 122 38 2 2 1 0 0 0 0 0 0 0 0
39 33 0 0 0 0 0 0 0 0 0 0 0 129 45 2 2 1 0 1 0 0 0 0 0 0
51 39 0 0 0 0 0 0 0 0 0 0 0 153 59 3 2 1 0 1 0 0 0 0 0 0
59 46 0 1 0 0 0 0 0 0 0 0 0 170 68 3 3 1 0 1 0 0 0 0 0 0
64 49 0 1 0 0 0 0 0 0 0 0 0 190 83 6 3 1 0 1 0 0 0 0 0 0
84 54 0 1 0 0 0 0 0 0 0 0 0 217 92 6 4 1 1 1 0 0 1 0 0 0
98 62 0 1 0 0 0 0 0 0 0 0 0 222 97 6 4 2 1 1 0 0 1 0 0 0
109 68 0 1 0 0 0 0 0 0 0 0 0 270 101 6 5 2 1 1 0 0 1 0 0 0
119 75 1 2 0 0 0 0 0 0 0 0 0 283 104 6 5 2 1 1 0 0 1 0 0 0
130 81 1 2 0 0 0 0 0 0 0 0 0 298 109 6 6 2 1 2 0 0 1 0 0 0
151 89 2 2 0 0 0 0 0 0 0 0 0 301 113 6 6 2 1 2 0 0 1 0 0 0
174 98 2 3 0 0 0 0 0 0 0 0 0 318 120 6 6 2 1 2 0 0 1 0 0 0
184 103 2 3 0 0 0 0 0 0 0 0 0 321 125 6 6 2 1 2 0 0 1 0 0 0
195 108 2 3 0 0 0 0 0 0 0 0 0 381 148 9 7 2 1 2 1 0 1 0 0 0
217 116 2 3 0 0 0 0 0 0 0 0 0 386 151 9 7 2 1 2 1 0 1 0 0 0
228 123 2 3 0 0 0 0 0 0 0 0 0 428 159 11 7 2 1 2 1 0 1 0 0 0
239 131 2 4 0 0 0 0 0 0 0 0 0 431 165 11 7 2 1 2 1 0 1 0 0 0
258 137 3 4 0 0 0 0 0 0 0 0 0 436 177 11 7 2 1 2 1 0 1 0 0 0
264 143 3 4 0 0 0 0 0 0 0 0 0 440 187 11 7 2 1 2 1 0 1 0 0 0
274 147 3 4 0 0 0 0 0 0 0 0 0 443 197 11 7 2 2 2 1 0 2 0 0 0
295 160 3 4 0 0 0 0 0 0 0 0 0 451 201 11 7 2 2 2 1 0 2 0 0 0
305 167 3 4 0 0 1 0 0 0 0 0 0 501 217 12 9 2 2 2 1 0 2 0 0 0
312 174 3 4 0 0 1 0 0 0 0 0 0 504 221 12 9 2 2 2 1 0 2 0 0 0
334 179 3 4 0 0 1 0 0 0 0 0 0 507 225 12 9 2 2 2 1 0 2 0 0 0
358 184 3 5 0 0 1 0 0 0 0 0 0 524 229 12 9 2 2 2 1 0 2 0 0 0
368 188 3 5 0 0 1 0 0 0 0 0 0 527 238 12 9 2 2 2 1 0 2 0 0 0
371 193 3 5 0 0 1 0 0 0 0 0 0 551 245 12 9 2 2 2 1 0 2 0 0 0
387 203 3 5 0 0 1 0 0 0 0 0 0 569 252 12 9 2 2 2 1 0 2 0 0 0
391 208 3 6 0 0 1 0 0 0 0 0 0 598 260 12 10 2 2 3 1 0 2 0 0 0
422 216 3 6 0 1 1 0 0 1 0 0 0 654 272 12 12 2 2 3 1 0 2 0 0 0
435 220 4 6 0 1 1 0 0 1 0 0 0 661 277 12 13 2 2 3 1 0 2 0 0 0
450 228 4 7 0 1 1 0 0 1 0 0 0 691 281 12 15 2 2 3 1 0 2 1 0 0
460 234 4 7 0 1 1 0 0 1 0 0 0 714 290 12 15 3 2 3 1 0 2 1 0 0
468 246 4 7 0 1 1 0 0 1 0 0 0 720 298 12 15 3 2 3 1 0 2 1 0 0
481 250 4 7 1 1 1 0 0 1 0 0 0 784 312 12 16 3 3 3 1 0 3 1 0 0
521 256 4 7 1 1 1 0 0 1 0 0 0 787 318 12 16 3 3 3 1 0 3 1 0 0
546 264 5 8 1 1 1 0 0 1 0 0 0 807 328 12 16 3 3 3 1 0 3 1 0 0
