# scores for worst/random/best/smart move selector strategies. 
# scores are 50% and 95% quantiles (based on 40 games) of: 
# game score, #destroyed, #unlocked, #stripes, #bombs, #zappers
3 3 0 0 0 0 0 0 0 0 0 0 0 11 11 0 0 0 0 0 0 0 0 0 0 0
6 6 0 0 0 0 0 0 0 0 0 0 0 15 15 0 0 0 0 0 0 0 0 0 0 0
9 9 0 0 0 0 0 0 0 0 0 0 0 18 18 0 0 0 0 0 0 0 0 0 0 0
15 15 0 0 0 0 0 0 0 0 0 0 0 28 26 0 0 0 0 0 0 0 0 0 0 0
18 18 0 0 0 0 0 0 0 0 0 0 0 47 35 0 0 0 0 0 0 0 0 0 0 0
24 24 0 0 0 0 0 0 0 0 0 0 0 50 38 0 0 0 0 0 0 0 0 0 0 0
27 27 0 0 0 0 0 0 0 0 0 0 0 54 43 0 0 0 0 0 0 0 0 0 0 0
30 30 0 0 0 0 0 0 0 0 0 0 0 59 47 0 0 0 0 0 0 0 0 0 0 0
36 36 0 0 0 0 0 0 0 0 0 0 0 62 50 0 0 0 0 0 0 0 0 0 0 0
39 39 0 0 0 0 0 0 0 0 0 0 0 66 55 0 0 0 0 0 0 0 0 0 0 0
43 43 0 0 0 0 0 0 0 0 0 0 0 76 58 0 0 0 0 0 0 0 0 0 0 0
46 46 0 0 0 0 0 0 0 0 0 0 0 79 64 0 1 0 0 0 0 0 0 0 0 0
51 50 0 0 0 0 0 0 0 0 0 0 0 85 73 0 1 0 0 0 0 0 0 0 0 0
56 55 0 0 0 0 0 0 0 0 0 0 0 97 77 0 1 0 0 0 0 0 0 0 0 0
60 60 0 0 0 0 0 0 0 0 0 0 0 102 82 0 1 0 0 0 0 0 0 0 0 0
64 63 0 0 0 0 0 0 0 0 0 0 0 105 85 1 1 0 0 0 0 0 0 0 0 0
71 68 0 0 0 0 0 0 0 0 0 0 0 112 96 1 1 0 0 0 0 0 0 0 0 0
74 72 0 0 0 0 0 0 0 0 0 0 0 117 101 1 1 0 0 0 0 0 0 0 0 0
77 75 0 0 0 0 0 0 0 0 0 0 0 120 104 1 1 0 0 0 0 0 0 0 0 0
81 79 0 0 0 0 0 0 0 0 0 0 0 123 108 1 1 0 0 0 0 0 0 0 0 0
85 84 0 0 0 0 0 0 0 0 0 0 0 148 112 1 1 0 0 0 0 0 0 0 0 0
88 88 0 0 0 0 0 0 0 0 0 0 0 151 116 1 1 0 0 0 0 0 0 0 0 0
93 91 0 0 0 0 0 0 0 0 0 0 0 154 123 1 1 0 0 0 0 0 0 0 0 0
98 94 0 0 0 0 0 0 0 0 0 0 0 157 126 2 1 0 0 0 0 0 0 0 0 0
103 99 0 0 0 0 0 0 0 0 0 0 0 192 131 2 1 1 0 0 0 0 0 0 0 0
108 103 0 0 0 0 0 0 0 0 0 0 0 196 135 2 1 1 0 0 0 0 0 0 0 0
122 108 0 0 0 0 0 0 0 0 0 0 0 200 139 2 1 1 0 0 0 0 0 0 0 0
126 111 0 0 0 0 0 0 0 0 0 0 0 205 143 2 1 1 0 0 0 0 0 0 0 0
132 114 0 0 0 0 0 0 0 0 0 0 0 208 146 2 1 1 0 0 0 0 0 0 0 0
136 120 0 0 0 0 0 0 0 0 0 0 0 232 155 2 1 1 0 0 0 0 0 0 0 0
140 124 0 0 0 0 0 0 0 0 0 0 0 235 160 2 1 1 0 0 0 0 0 0 0 0
145 128 0 0 0 0 0 0 0 0 0 0 0 238 164 2 1 1 0 0 0 0 0 0 0 0
148 133 0 0 0 0 0 0 0 0 0 0 0 241 169 2 1 1 0 0 0 0 0 0 0 0
152 137 0 0 0 0 0 0 0 0 0 0 0 244 175 2 1 1 0 0 0 0 0 0 0 0
155 140 0 0 0 0 0 0 0 0 0 0 0 247 178 2 1 1 0 0 0 0 0 0 0 0
159 145 0 0 0 0 0 0 0 0 0 0 0 250 181 2 1 1 0 0 0 0 0 0 0 0
166 149 0 0 0 0 0 0 0 0 0 0 0 261 184 2 1 1 0 0 0 0 0 0 0 0
169 153 0 0 0 0 0 0 0 0 0 0 0 264 187 2 1 1 0 0 0 0 0 0 0 0
172 158 0 0 0 0 0 0 0 0 0 0 0 267 190 2 1 1 0 0 0 0 0 0 0 0
178 161 0 0 0 0 0 0 0 0 0 0 0 281 194 2 2 1 0 0 0 0 0 0 0 0
184 165 0 1 0 0 0 0 0 0 0 0 0 285 197 2 2 1 0 0 0 0 0 0 0 0
