# scores for worst/random/best/smart move selector strategies. 
# scores are 50% and 95% quantiles (based on 40 games) of: 
# game score, #destroyed, #unlocked, #stripes, #bombs, #zappers
3 3 0 0 0 0 0 0 0 0 0 0 0 12 12 0 0 0 0 0 0 0 0 0 0 0
10 10 0 0 0 0 0 0 0 0 0 0 0 24 24 0 0 0 0 0 0 0 0 0 0 0
15 15 0 0 0 0 0 0 0 0 0 0 0 81 33 0 0 0 0 0 0 0 0 0 0 0
22 22 0 0 0 0 0 0 0 0 0 0 0 92 44 0 1 0 0 0 0 0 0 0 0 0
29 28 0 0 0 0 0 0 0 0 0 0 0 118 53 0 2 1 0 1 0 0 0 0 0 0
40 34 0 0 0 0 0 0 0 0 0 0 0 180 70 0 2 1 1 1 0 0 1 0 0 0
62 41 0 0 0 0 0 0 0 0 0 0 0 196 82 0 3 1 1 1 0 0 1 0 0 0
81 46 0 1 0 0 0 0 0 0 0 0 0 214 90 0 3 1 1 1 0 0 1 0 0 0
97 52 0 1 0 0 0 0 0 0 0 0 0 225 94 0 3 1 1 1 0 0 1 0 0 0
110 64 0 2 0 0 0 0 0 0 0 0 0 278 99 0 5 1 1 1 0 0 1 0 0 0
132 74 0 2 0 0 0 0 0 0 0 0 0 372 122 0 11 1 1 1 0 0 1 0 0 0
160 81 0 2 0 0 0 0 0 0 0 0 0 397 142 0 11 1 1 2 1 0 1 0 0 0
178 87 0 2 0 0 0 0 0 0 0 0 0 424 148 1 12 2 1 2 1 0 1 0 0 0
210 93 0 3 0 0 0 0 0 0 0 0 0 428 158 1 12 2 2 2 1 0 1 0 0 0
222 103 0 3 0 0 0 0 0 0 0 0 0 453 165 1 12 2 2 2 1 0 1 0 0 0
242 111 0 3 0 0 1 0 0 0 0 0 0 477 187 1 12 2 2 2 1 0 1 0 0 0
248 119 0 4 0 0 1 0 0 0 0 0 0 483 192 1 12 2 2 2 1 0 1 0 0 0
259 125 0 4 0 0 1 0 0 0 0 0 0 494 214 1 13 2 2 2 1 0 1 0 0 0
270 131 0 4 0 0 1 0 0 0 0 0 0 512 224 2 13 2 2 2 1 0 1 0 0 0
280 136 0 5 0 0 1 0 0 0 0 0 0 548 227 2 14 2 2 2 1 0 1 0 0 0
298 142 0 5 0 0 1 0 0 0 0 0 0 562 237 2 14 2 2 2 1 0 1 0 0 0
328 156 0 5 0 0 1 0 0 0 0 0 0 729 244 2 19 2 2 2 1 0 1 1 0 0
354 164 0 6 0 0 1 0 0 0 0 0 0 771 247 2 19 2 2 2 1 0 1 1 0 0
379 175 0 6 1 0 1 0 0 0 0 0 0 777 254 2 19 2 2 2 1 0 1 1 0 0
399 181 0 6 1 0 1 0 0 0 0 0 0 782 258 2 19 2 2 3 1 0 1 1 0 0
430 186 0 7 1 0 1 0 0 0 0 0 0 787 265 2 19 2 2 3 1 0 2 1 0 0
445 197 0 7 1 0 1 0 0 0 0 0 0 813 278 2 19 2 2 3 1 0 2 1 0 0
461 208 0 8 1 0 1 0 0 0 0 0 0 855 283 2 20 2 2 3 2 0 2 1 0 0
478 214 0 8 1 0 1 0 0 0 0 0 0 861 287 2 20 2 2 3 2 0 2 1 0 0
483 219 0 8 1 1 1 0 0 0 0 0 0 896 291 2 21 2 2 3 2 0 2 1 0 0
493 225 0 8 1 1 1 0 0 0 0 0 0 901 302 2 21 2 2 3 2 0 2 1 0 0
527 230 0 8 1 1 1 0 0 0 0 0 0 907 311 3 22 2 2 3 2 0 2 1 0 0
544 240 0 8 1 1 1 0 0 0 0 0 0 910 316 3 22 2 2 3 2 0 2 1 0 0
560 250 0 9 1 1 1 0 0 0 0 0 0 1034 332 3 24 3 2 3 2 0 2 1 0 0
598 257 0 9 1 1 1 0 0 0 0 0 0 1038 338 3 24 3 2 3 2 0 2 1 0 0
618 263 0 10 1 1 2 0 0 0 0 0 0 1041 348 3 24 3 2 3 2 0 2 1 0 0
632 271 0 10 1 1 2 0 0 0 0 0 0 1044 360 3 25 3 2 3 2 0 2 1 0 0
650 279 0 11 1 1 2 0 0 0 0 0 0 1161 376 3 25 3 2 3 2 0 2 1 0 0
659 286 0 11 1 1 2 0 0 1 0 0 0 1167 380 3 26 3 2 3 2 0 2 1 0 0
667 290 0 11 1 1 2 0 0 1 0 0 0 1230 399 3 28 3 3 4 2 0 2 1 0 0
692 299 0 12 1 1 2 0 0 1 0 0 0 1236 404 3 28 3 3 4 2 0 2 1 0 0
