# scores for worst/random/best/smart move selector strategies. 
# scores are 50% and 95% quantiles (based on 40 games) of: 
# game score, #destroyed, #unlocked, #stripes, #bombs, #zappers
3 3 0 0 0 0 0 0 0 0 0 0 0 12 12 0 0 0 0 0 0 0 0 0 0 0
10 10 0 0 0 0 0 0 0 0 0 0 0 39 27 0 0 0 0 0 0 0 0 0 0 0
19 18 0 0 0 0 0 0 0 0 0 0 0 103 53 0 2 1 1 0 0 0 1 0 0 0
45 28 0 0 0 0 0 0 0 0 0 0 0 140 61 0 2 1 1 1 0 0 1 0 0 0
72 39 0 0 0 0 0 0 0 0 0 0 0 158 70 0 3 1 1 1 0 0 1 0 0 0
101 49 0 1 0 0 0 0 0 0 0 0 0 186 86 0 3 1 1 1 1 0 1 0 0 0
124 61 0 1 0 0 0 0 0 0 0 0 0 231 98 0 3 1 1 1 1 0 1 0 0 0
150 72 0 2 0 0 0 0 0 0 0 0 0 289 120 0 4 1 2 1 1 0 2 0 0 0
168 85 0 2 0 0 0 0 0 0 0 0 0 320 129 0 5 2 2 1 1 0 2 0 0 0
225 105 0 3 1 0 0 0 0 0 0 0 0 429 155 0 7 2 3 1 1 0 2 0 0 0
250 116 0 3 1 0 0 0 0 0 0 0 0 495 169 0 8 2 3 1 1 0 2 0 0 0
275 124 0 3 1 0 0 0 0 0 0 0 0 501 176 1 8 2 3 1 1 0 2 0 0 0
296 132 0 3 1 0 0 0 0 0 0 0 0 532 191 2 9 3 3 2 1 0 2 0 0 0
319 144 0 3 1 1 0 0 0 1 0 0 0 539 213 2 9 3 3 2 1 0 2 0 0 0
363 156 0 4 1 1 0 0 0 1 0 0 0 585 223 3 10 3 3 2 1 0 3 0 0 0
380 165 0 5 1 1 0 0 0 1 0 0 0 630 230 3 10 3 3 2 1 0 3 0 0 0
402 177 0 5 1 1 1 0 0 1 0 0 0 647 238 3 10 4 3 2 1 0 3 0 0 0
420 182 0 5 1 1 1 0 0 1 0 0 0 664 244 3 10 4 3 2 1 0 3 0 0 0
456 195 0 5 1 1 1 0 0 1 0 0 0 671 250 3 10 4 3 2 1 0 3 0 0 0
473 209 0 6 1 1 1 1 0 1 0 0 0 839 270 3 16 4 3 2 1 0 3 0 0 0
500 216 0 6 2 1 1 1 0 1 0 0 0 886 289 3 16 4 3 2 1 0 3 0 0 0
535 231 0 7 2 1 1 1 0 1 0 0 0 890 302 3 16 4 3 2 2 0 3 0 0 0
559 244 0 7 2 1 1 1 0 1 0 0 0 991 314 3 16 4 3 2 2 0 3 0 0 0
573 249 0 7 2 1 1 1 0 1 0 0 0 1022 330 3 20 4 4 2 2 0 3 1 0 0
604 255 0 8 2 1 1 1 0 1 0 0 0 1030 339 4 20 5 4 3 2 0 3 1 0 0
644 279 0 8 2 1 1 1 0 1 0 0 0 1070 347 4 20 5 4 3 2 0 3 1 0 0
652 287 0 9 2 2 1 1 0 1 0 0 0 1120 361 4 22 5 4 3 2 1 4 1 0 0
680 299 0 9 2 2 1 1 0 1 0 0 0 1174 383 4 22 6 5 3 2 1 4 1 0 0
715 313 0 10 2 2 1 1 0 1 0 0 0 1180 397 4 22 6 5 3 2 1 4 1 0 0
731 322 0 10 3 2 1 1 0 2 0 0 0 1276 406 4 23 10 5 3 2 1 4 1 0 0
748 336 0 10 3 2 1 1 0 2 0 0 0 1301 418 4 23 10 5 3 2 1 4 1 0 0
786 346 0 10 3 2 1 1 0 2 0 0 0 1318 424 4 24 10 5 4 2 1 4 1 0 0
820 355 0 11 3 2 1 1 0 2 0 0 0 1327 432 4 24 10 5 4 3 1 4 1 0 0
859 374 0 11 3 2 1 1 0 2 0 0 0 1372 445 4 24 10 5 4 3 1 4 1 0 0
880 379 0 11 3 2 1 1 0 2 0 0 0 1380 450 4 24 11 5 4 3 1 5 1 0 0
907 386 0 12 3 2 1 1 0 2 0 0 0 1485 482 4 24 11 5 4 3 1 5 1 0 0
934 402 0 13 3 2 1 1 0 2 0 0 0 1488 492 4 24 11 6 4 3 1 5 1 0 0
961 410 0 13 3 2 1 1 0 2 0 0 0 1494 500 4 25 11 6 4 3 1 5 1 0 0
988 426 0 13 3 2 1 1 0 2 0 0 0 1665 516 4 27 11 6 4 3 1 5 1 0 0
1019 436 0 13 3 2 1 1 0 2 0 0 0 1687 522 4 27 12 6 4 3 1 5 1 0 0
1034 447 0 14 3 2 2 1 0 2 0 0 0 1722 536 4 27 12 6 4 3 1 5 1 0 0
