# scores for worst/random/best/smart move selector strategies. 
# scores are 50% and 95% quantiles (based on 40 games) of: 
# game score, #destroyed, #unlocked, #stripes, #bombs, #zappers
3 3 0 0 0 0 0 0 0 0 0 0 0 12 12 0 0 0 0 0 0 0 0 0 0 0
9 9 0 0 0 0 0 0 0 0 0 0 0 18 18 0 0 0 0 0 0 0 0 0 0 0
12 12 0 0 0 0 0 0 0 0 0 0 0 25 24 0 0 0 0 0 0 0 0 0 0 0
15 15 0 0 0 0 0 0 0 0 0 0 0 28 28 0 0 0 0 0 0 0 0 0 0 0
21 21 0 0 0 0 0 0 0 0 0 0 0 60 37 0 0 0 0 0 0 0 0 0 0 0
24 24 0 0 0 0 0 0 0 0 0 0 0 67 46 0 0 0 0 0 0 0 0 0 0 0
28 28 0 0 0 0 0 0 0 0 0 0 0 70 49 0 0 0 0 0 0 0 0 0 0 0
33 33 0 0 0 0 0 0 0 0 0 0 0 74 52 0 0 0 0 0 0 0 0 0 0 0
36 36 0 0 0 0 0 0 0 0 0 0 0 85 56 0 1 0 0 0 0 0 0 0 0 0
40 40 0 0 0 0 0 0 0 0 0 0 0 96 66 0 1 0 0 0 0 0 0 0 0 0
46 45 0 0 0 0 0 0 0 0 0 0 0 106 72 0 1 1 0 0 0 0 0 0 0 0
49 48 0 0 0 0 0 0 0 0 0 0 0 109 78 0 1 1 0 0 0 0 0 0 0 0
52 52 0 0 0 0 0 0 0 0 0 0 0 114 84 0 1 1 0 0 0 0 0 0 0 0
59 57 0 0 0 0 0 0 0 0 0 0 0 134 91 0 1 1 0 0 0 0 0 0 0 0
62 61 0 0 0 0 0 0 0 0 0 0 0 137 94 0 1 1 0 0 0 0 0 0 0 0
66 65 0 0 0 0 0 0 0 0 0 0 0 140 97 0 1 1 0 0 0 0 0 0 0 0
70 69 0 0 0 0 0 0 0 0 0 0 0 143 100 0 1 1 0 0 0 0 0 0 0 0
76 73 0 0 0 0 0 0 0 0 0 0 0 148 103 0 1 1 0 0 0 0 0 0 0 0
84 79 0 0 0 0 0 0 0 0 0 0 0 164 112 0 1 1 0 0 0 0 0 0 0 0
89 82 0 0 0 0 0 0 0 0 0 0 0 169 116 0 1 1 0 0 0 0 0 0 0 0
94 87 0 0 0 0 0 0 0 0 0 0 0 175 124 0 1 1 0 0 0 0 0 0 0 0
97 91 0 0 0 0 0 0 0 0 0 0 0 178 127 0 1 1 0 0 0 0 0 0 0 0
101 96 0 0 0 0 0 0 0 0 0 0 0 192 130 0 1 1 0 0 0 0 0 0 0 0
104 100 0 0 0 0 0 0 0 0 0 0 0 195 133 0 1 1 0 0 0 0 0 0 0 0
109 104 0 0 0 0 0 0 0 0 0 0 0 200 136 0 1 1 0 0 0 0 0 0 0 0
112 107 0 0 0 0 0 0 0 0 0 0 0 207 139 0 1 1 0 0 0 0 0 0 0 0
119 111 0 0 0 0 0 0 0 0 0 0 0 211 145 0 1 1 0 0 0 0 0 0 0 0
122 114 0 0 0 0 0 0 0 0 0 0 0 214 148 0 1 1 0 0 0 0 0 0 0 0
129 119 0 0 0 0 0 0 0 0 0 0 0 219 151 0 1 1 0 0 0 0 0 0 0 0
135 124 0 0 0 0 0 0 0 0 0 0 0 222 155 0 2 1 0 0 0 0 0 0 0 0
138 127 0 0 0 0 0 0 0 0 0 0 0 233 159 0 2 1 0 0 0 0 0 0 0 0
141 130 0 0 0 0 0 0 0 0 0 0 0 236 162 0 2 1 0 0 0 0 0 0 0 0
144 134 0 0 0 0 0 0 0 0 0 0 0 239 166 0 2 1 0 0 0 0 0 0 0 0
149 137 0 0 0 0 0 0 0 0 0 0 0 261 170 0 2 1 0 0 0 0 0 0 0 0
154 141 0 0 0 0 0 0 0 0 0 0 0 265 177 0 2 1 0 0 0 0 0 0 0 0
157 145 0 0 0 0 0 0 0 0 0 0 0 268 180 0 2 1 0 0 0 0 0 0 0 0
162 150 0 0 0 0 0 0 0 0 0 0 0 271 183 0 2 1 0 0 0 0 0 0 0 0
165 153 0 0 0 0 0 0 0 0 0 0 0 276 191 0 2 1 0 0 0 0 0 0 0 0
172 160 0 0 0 0 0 0 0 0 0 0 0 286 199 0 2 1 0 0 0 0 0 0 0 0
180 164 0 0 0 0 0 0 0 0 0 0 0 289 202 0 2 1 0 0 0 0 0 0 0 0
185 167 0 0 0 0 0 0 0 0 0 0 0 296 207 0 2 1 0 0 0 0 0 0 0 0
