# scores for worst/random/best/smart move selector strategies. 
# scores are 50% and 95% quantiles (based on 40 games) of: 
# game score, #destroyed, #unlocked, #stripes, #bombs, #zappers
5 5 0 0 0 0 0 0 0 0 0 0 0 35 20 0 0 0 0 0 0 0 0 0 0 0
10 10 0 0 0 0 0 0 0 0 0 0 0 39 25 0 0 0 0 0 0 0 0 0 0 0
15 15 0 0 0 0 0 0 0 0 0 0 0 68 37 0 0 0 0 0 0 0 0 0 0 0
18 18 0 0 0 0 0 0 0 0 0 0 0 74 42 0 0 0 0 0 0 0 0 0 0 0
24 24 0 0 0 0 0 0 0 0 0 0 0 80 48 0 0 0 0 0 0 0 0 0 0 0
31 31 0 0 0 0 0 0 0 0 0 0 0 99 57 0 1 0 0 0 0 0 0 0 0 0
36 36 0 0 0 0 0 0 0 0 0 0 0 103 61 0 1 0 0 0 0 0 0 0 0 0
42 41 0 0 0 0 0 0 0 0 0 0 0 113 66 0 1 1 0 0 0 0 0 0 0 0
47 46 0 0 0 0 0 0 0 0 0 0 0 116 72 0 1 1 0 0 0 0 0 0 0 0
55 52 0 0 0 0 0 0 0 0 0 0 0 124 77 0 1 1 0 0 0 0 0 0 0 0
62 57 0 0 0 0 0 0 0 0 0 0 0 137 84 0 1 1 0 0 0 0 0 0 0 0
77 63 0 0 0 0 0 0 0 0 0 0 0 180 108 0 2 1 1 0 0 0 1 0 0 0
88 67 0 0 0 0 0 0 0 0 0 0 0 220 116 0 2 1 1 0 0 0 1 0 0 0
91 72 0 0 0 0 0 0 0 0 0 0 0 227 122 0 2 1 1 0 0 0 1 0 0 0
98 77 0 0 0 0 0 0 0 0 0 0 0 245 132 0 3 1 1 0 0 0 1 0 0 0
103 83 0 0 0 0 0 0 0 0 0 0 0 282 142 0 3 1 1 0 0 0 1 0 0 0
111 86 0 0 0 0 0 0 0 0 0 0 0 285 145 0 3 1 1 0 0 0 1 0 0 0
127 93 0 0 0 0 0 0 0 0 0 0 0 288 149 0 3 2 1 0 0 0 1 0 0 0
130 98 0 1 0 0 0 0 0 0 0 0 0 302 160 0 3 2 1 0 0 0 1 0 0 0
133 105 0 1 0 0 0 0 0 0 0 0 0 309 170 0 3 2 1 0 0 0 1 0 0 0
138 109 0 1 0 0 0 0 0 0 0 0 0 313 174 0 4 2 1 0 0 0 1 0 0 0
159 114 0 1 0 0 0 0 0 0 0 0 0 320 179 0 4 2 1 0 0 0 1 0 0 0
171 118 0 1 0 0 0 0 0 0 0 0 0 329 187 0 4 2 1 0 0 0 1 0 0 0
174 125 0 1 0 0 0 0 0 0 0 0 0 334 194 0 4 2 1 0 0 0 1 0 0 0
198 132 0 1 0 0 0 0 0 0 0 0 0 344 197 0 4 2 1 0 0 0 1 0 0 0
203 140 0 1 0 0 0 0 0 0 0 0 0 349 204 0 4 2 1 0 0 0 1 0 0 0
212 148 0 1 0 0 0 0 0 0 0 0 0 355 207 0 4 2 1 0 0 0 1 0 0 0
224 155 0 1 0 0 0 0 0 0 0 0 0 361 212 0 4 2 1 0 0 0 1 0 0 0
236 161 0 1 0 0 0 0 0 0 0 0 0 364 215 0 5 2 1 0 0 0 1 0 0 0
240 166 0 1 0 0 0 0 0 0 0 0 0 382 224 0 5 2 1 0 0 0 1 0 0 0
244 172 0 1 0 0 0 0 0 0 0 0 0 385 228 0 5 2 1 0 0 0 1 0 0 0
253 180 0 2 1 0 0 0 0 0 0 0 0 398 239 0 5 2 1 0 0 0 1 0 0 0
260 186 0 2 1 0 0 0 0 0 0 0 0 418 244 0 5 2 1 0 0 0 1 0 0 0
267 193 0 2 1 0 0 0 0 0 0 0 0 421 249 0 5 2 1 0 0 0 1 0 0 0
272 196 0 2 1 0 0 0 0 0 0 0 0 424 252 0 5 2 1 0 0 0 1 0 0 0
275 203 0 2 1 0 0 0 0 0 0 0 0 427 255 0 5 2 1 0 0 0 1 0 0 0
281 209 0 2 1 0 0 0 0 0 0 0 0 445 263 0 5 2 1 0 0 0 1 0 0 0
285 216 0 2 1 0 0 0 0 0 0 0 0 454 271 0 5 2 1 0 0 0 1 0 0 0
293 220 0 2 1 0 0 0 0 0 0 0 0 458 275 0 5 2 1 0 0 0 1 0 0 0
309 224 0 2 1 0 0 0 0 0 0 0 0 476 278 0 6 2 1 1 0 0 1 0 0 0
322 231 0 2 1 0 0 0 0 0 0 0 0 483 295 0 6 2 1 1 0 0 1 0 0 0
