# scores for worst/random/best/smart move selector strategies. 
# scores are 50% and 95% quantiles (based on 40 games) of: 
# game score, #destroyed, #unlocked, #stripes, #bombs, #zappers
5 5 0 0 0 0 0 0 0 0 0 0 0 35 20 0 0 0 0 0 0 0 0 0 0 0
10 10 0 0 0 0 0 0 0 0 0 0 0 63 26 0 0 0 0 0 0 0 0 0 0 0
16 16 0 0 0 0 0 0 0 0 0 0 0 76 40 0 0 1 0 0 0 0 0 0 0 0
25 24 0 0 0 0 0 0 0 0 0 0 0 101 49 0 2 1 0 0 0 0 0 0 0 0
40 33 0 0 0 0 0 0 0 0 0 0 0 131 65 0 2 1 1 1 0 0 1 0 0 0
69 41 0 0 0 0 0 0 0 0 0 0 0 146 69 0 2 1 1 1 0 0 1 0 0 0
90 47 0 0 0 0 0 0 0 0 0 0 0 175 72 0 3 1 1 1 0 0 1 0 0 0
108 55 0 1 0 0 0 0 0 0 0 0 0 183 82 0 4 2 1 1 0 0 1 0 0 0
118 63 0 1 0 0 0 0 0 0 0 0 0 195 93 0 4 2 1 1 0 0 1 0 0 0
149 74 0 1 0 0 0 0 0 0 0 0 0 247 109 0 4 2 1 1 0 0 1 0 0 0
162 81 0 1 0 0 0 0 0 0 0 0 0 267 119 0 5 2 1 1 0 0 1 0 0 0
171 90 0 1 0 0 0 0 0 0 0 0 0 295 135 0 5 2 1 1 0 0 1 0 0 0
188 98 0 2 0 0 0 0 0 0 0 0 0 335 147 0 5 2 2 1 1 0 2 0 0 0
205 105 0 2 0 0 0 0 0 0 0 0 0 338 152 0 6 2 2 1 1 0 2 0 0 0
223 110 0 2 0 0 0 0 0 0 0 0 0 346 160 0 6 2 2 1 1 0 2 0 0 0
246 124 0 2 0 0 0 0 0 0 0 0 0 395 176 0 6 3 2 1 1 0 2 0 0 0
264 134 0 3 0 0 0 0 0 0 0 0 0 409 180 0 6 3 2 1 1 0 2 0 0 0
289 143 0 3 0 0 0 0 0 0 0 0 0 439 193 0 6 3 2 1 1 0 2 0 0 0
294 150 0 3 0 0 0 0 0 0 0 0 0 483 205 0 6 3 2 1 1 0 2 0 0 0
316 157 0 4 0 0 0 0 0 0 0 0 0 511 216 0 7 3 2 1 1 0 2 0 0 0
339 168 0 4 1 1 0 0 0 0 0 0 0 521 227 0 7 3 2 1 1 0 2 0 0 0
345 175 0 4 1 1 0 0 0 1 0 0 0 543 235 0 7 3 2 2 1 0 2 0 0 0
378 185 0 4 1 1 0 0 0 1 0 0 0 546 238 0 7 4 2 2 1 0 2 0 0 0
392 201 0 5 1 1 0 0 0 1 0 0 0 666 263 0 8 4 3 2 1 0 3 0 0 0
403 205 0 5 1 1 0 0 0 1 0 0 0 669 269 0 8 4 3 2 1 1 3 0 0 0
451 214 0 5 1 1 0 0 0 1 0 0 0 672 279 0 8 4 3 2 1 1 3 0 0 0
462 222 0 5 1 1 0 0 0 1 0 0 0 677 284 0 8 4 3 2 1 1 3 0 0 0
483 234 0 6 1 1 1 0 0 1 0 0 0 681 293 0 9 4 3 2 1 1 3 0 0 0
506 242 0 7 1 1 1 0 0 1 0 0 0 716 303 0 10 4 3 2 1 1 3 0 0 0
512 254 0 7 1 1 1 0 0 1 0 0 0 754 325 0 11 4 3 2 1 1 3 0 0 0
560 259 0 7 2 1 1 0 0 1 0 0 0 787 337 0 11 4 3 2 1 1 3 0 0 0
583 272 0 7 2 1 1 0 0 1 0 0 0 820 349 0 12 4 3 2 1 1 3 0 0 0
597 277 0 7 2 1 1 0 0 1 0 0 0 835 359 0 13 4 3 2 1 1 3 1 0 0
621 286 0 7 2 1 1 0 0 1 0 0 0 848 363 0 13 4 3 2 2 1 3 1 0 0
640 297 0 8 2 1 1 0 0 1 0 0 0 855 368 0 13 4 3 2 2 1 3 1 0 0
647 300 0 8 2 1 1 0 0 1 0 0 0 896 393 0 13 4 3 2 2 1 3 1 0 0
674 308 0 9 2 1 1 0 0 1 0 0 0 945 399 0 14 4 3 2 2 1 3 1 0 0
680 315 0 9 2 1 1 0 0 1 0 0 0 954 408 0 14 4 3 2 2 1 3 1 0 0
710 326 0 9 2 1 1 0 0 1 0 0 0 957 412 0 15 5 4 2 2 1 4 1 0 0
734 337 0 9 2 1 1 0 0 1 0 0 0 963 418 0 16 5 4 2 2 1 4 1 0 0
764 346 0 9 2 1 1 0 0 1 0 0 0 997 441 0 17 5 4 2 2 1 4 1 0 0
