# scores for worst/random/best/smart move selector strategies. 
# scores are 50% and 95% quantiles (based on 40 games) of: 
# game score, #destroyed, #unlocked, #stripes, #bombs, #zappers
0 0 0 0 0 0 0 0 0 0 0 0 0 6 6 0 0 0 0 0 0 0 0 0 0 0
6 6 0 0 0 0 0 0 0 0 0 0 0 15 15 0 0 0 0 0 0 0 0 0 0 0
11 11 0 0 0 0 0 0 0 0 0 0 0 30 20 1 0 0 0 0 0 0 0 0 0 0
15 15 0 0 0 0 0 0 0 0 0 0 0 54 28 3 1 0 0 0 0 0 0 0 0 0
21 21 0 0 0 0 0 0 0 0 0 0 0 85 33 5 2 0 0 0 0 0 0 0 0 0
26 24 0 0 0 0 0 0 0 0 0 0 0 95 38 5 2 0 0 0 0 0 0 0 0 0
33 30 0 0 0 0 0 0 0 0 0 0 0 132 49 7 2 0 0 1 0 0 0 0 0 0
44 34 0 0 0 0 0 0 0 0 0 0 0 159 62 7 2 0 0 1 0 0 0 0 0 0
58 42 0 1 0 0 0 0 0 0 0 0 0 165 73 7 3 0 0 1 0 0 0 0 0 0
68 47 1 1 0 0 0 0 0 0 0 0 0 215 77 11 4 1 0 1 0 0 0 0 0 0
75 52 2 1 0 0 0 0 0 0 0 0 0 218 85 11 4 1 0 1 0 0 0 0 0 0
93 58 2 1 0 0 0 0 0 0 0 0 0 238 94 12 4 1 0 1 0 0 0 0 0 0
102 63 2 1 0 0 0 0 0 0 0 0 0 258 99 13 4 1 0 1 0 0 0 0 0 0
123 70 3 2 0 0 0 0 0 0 0 0 0 262 108 13 4 1 1 1 0 0 1 0 0 0
136 76 3 2 0 0 0 0 0 0 0 0 0 285 116 13 5 1 1 1 0 0 1 0 0 0
148 83 3 2 0 0 0 0 0 0 0 0 0 306 121 13 6 1 1 1 1 0 1 0 0 0
159 90 3 2 0 0 0 0 0 0 0 0 0 321 128 13 6 1 1 1 1 0 1 0 0 0
165 95 4 2 0 0 0 0 0 0 0 0 0 414 146 15 7 1 1 1 1 0 1 0 0 0
173 101 4 3 0 0 0 0 0 0 0 0 0 421 155 15 7 1 1 1 1 0 1 0 0 0
190 106 5 3 0 0 0 0 0 0 0 0 0 486 183 18 7 2 1 1 1 0 1 0 0 0
201 112 5 3 0 0 0 0 0 0 0 0 0 490 190 18 7 2 1 1 1 0 1 0 0 0
214 121 5 3 0 0 0 0 0 0 0 0 0 497 199 18 8 2 1 1 1 0 1 0 0 0
221 127 5 3 0 0 0 0 0 0 0 0 0 564 210 18 9 2 1 1 1 0 1 0 0 0
227 133 5 3 0 0 0 0 0 0 0 0 0 578 217 18 10 2 1 1 1 0 1 0 0 0
237 139 5 3 0 0 0 0 0 0 0 0 0 584 220 18 10 2 1 1 1 0 1 0 0 0
250 142 5 3 0 0 0 0 0 0 0 0 0 618 231 18 11 2 1 1 1 0 1 0 0 0
256 149 5 3 0 0 0 0 0 0 0 0 0 624 237 18 11 2 1 1 1 0 1 0 0 0
276 156 5 3 0 0 0 0 0 0 0 0 0 631 248 18 12 3 2 2 1 0 2 0 0 0
305 160 5 4 0 0 0 0 0 0 0 0 0 637 253 18 12 3 2 2 1 0 2 0 0 0
326 169 6 4 0 0 0 0 0 0 0 0 0 643 260 18 13 3 2 2 1 0 2 0 0 0
335 178 7 4 0 0 0 0 0 0 0 0 0 648 276 18 13 3 2 2 1 0 2 0 0 0
348 189 7 5 0 0 0 0 0 0 0 0 0 654 283 19 13 3 2 2 1 0 2 0 0 0
368 194 7 5 0 0 1 0 0 0 0 0 0 673 289 19 13 3 2 2 1 0 2 0 0 0
400 202 8 5 0 0 1 0 0 0 0 0 0 676 299 19 13 3 2 2 1 0 2 0 0 0
424 209 8 6 0 0 1 0 0 0 0 0 0 682 304 19 13 3 2 2 1 0 2 0 0 0
432 221 8 7 1 0 1 0 0 0 0 0 0 778 322 19 14 3 2 2 1 0 2 0 0 0
448 226 8 7 1 0 1 0 0 0 0 0 0 861 333 20 16 3 2 2 1 0 2 0 0 0
486 239 8 7 1 0 1 0 0 0 0 0 0 865 336 20 16 3 2 2 1 0 2 0 0 0
508 244 9 7 1 0 1 0 0 0 0 0 0 895 340 20 16 3 2 2 1 0 2 0 0 0
511 250 9 8 1 0 1 0 0 0 0 0 0 921 349 22 17 3 2 3 1 0 2 0 0 0
532 258 9 8 1 0 1 0 0 0 0 0 0 926 352 22 17 3 2 3 1 0 2 0 0 0
