# scores for worst/random/best/smart move selector strategies. 
# scores are 50% and 95% quantiles (based on 40 games) of: 
# game score, #destroyed, #unlocked, #stripes, #bombs, #zappers
0 0 0 0 0 0 0 0 0 0 0 0 0 6 6 0 0 0 0 0 0 0 0 0 0 0
6 6 0 0 0 0 0 0 0 0 0 0 0 16 14 0 0 0 0 0 0 0 0 0 0 0
12 12 0 0 0 0 0 0 0 0 0 0 0 33 19 1 0 0 0 0 0 0 0 0 0 0
16 16 0 0 0 0 0 0 0 0 0 0 0 50 26 2 1 0 0 0 0 0 0 0 0 0
21 21 0 0 0 0 0 0 0 0 0 0 0 56 31 2 1 0 0 0 0 0 0 0 0 0
25 25 0 0 0 0 0 0 0 0 0 0 0 62 37 2 1 0 0 0 0 0 0 0 0 0
31 30 0 0 0 0 0 0 0 0 0 0 0 85 45 3 1 0 0 0 0 0 0 0 0 0
35 34 0 0 0 0 0 0 0 0 0 0 0 98 52 5 2 0 0 0 0 0 0 0 0 0
42 39 0 0 0 0 0 0 0 0 0 0 0 103 58 5 2 0 0 0 0 0 0 0 0 0
46 43 0 0 0 0 0 0 0 0 0 0 0 108 61 5 2 0 0 0 0 0 0 0 0 0
54 50 0 0 0 0 0 0 0 0 0 0 0 113 64 5 2 0 0 0 0 0 0 0 0 0
63 54 0 0 0 0 0 0 0 0 0 0 0 147 81 5 2 1 0 0 0 0 0 0 0 0
71 61 0 0 0 0 0 0 0 0 0 0 0 151 89 5 2 1 0 0 0 0 0 0 0 0
76 64 0 0 0 0 0 0 0 0 0 0 0 162 97 5 2 1 0 0 0 0 0 0 0 0
84 70 0 0 0 0 0 0 0 0 0 0 0 168 100 5 2 1 0 0 0 0 0 0 0 0
89 74 0 0 0 0 0 0 0 0 0 0 0 175 106 5 2 1 0 0 0 0 0 0 0 0
95 79 0 0 0 0 0 0 0 0 0 0 0 189 119 6 3 1 0 0 0 0 0 0 0 0
98 83 1 1 0 0 0 0 0 0 0 0 0 224 126 6 3 1 0 0 0 0 0 0 0 0
101 87 1 1 0 0 0 0 0 0 0 0 0 227 129 6 3 1 0 0 0 0 0 0 0 0
115 91 1 1 0 0 0 0 0 0 0 0 0 232 136 6 3 1 0 0 0 0 0 0 0 0
118 97 1 1 0 0 0 0 0 0 0 0 0 238 142 6 3 1 0 0 0 0 0 0 0 0
121 102 1 1 0 0 0 0 0 0 0 0 0 249 146 6 3 1 0 0 0 0 0 0 0 0
132 105 1 1 0 0 0 0 0 0 0 0 0 252 151 6 3 1 0 0 0 0 0 0 0 0
139 112 2 1 0 0 0 0 0 0 0 0 0 271 158 9 4 1 0 0 0 0 0 0 0 0
154 117 2 1 0 0 0 0 0 0 0 0 0 277 161 9 4 1 1 0 0 0 1 0 0 0
166 120 2 1 0 0 0 0 0 0 0 0 0 289 166 9 4 1 1 0 0 0 1 0 0 0
171 126 2 1 0 0 0 0 0 0 0 0 0 292 172 9 4 1 1 0 0 0 1 0 0 0
174 130 2 1 0 0 0 0 0 0 0 0 0 365 192 9 4 2 1 0 0 0 1 0 0 0
183 137 2 1 0 0 0 0 0 0 0 0 0 369 200 9 4 2 1 0 0 0 1 0 0 0
187 141 2 1 0 0 0 0 0 0 0 0 0 373 203 9 5 2 1 0 0 0 1 0 0 0
192 148 2 1 0 0 0 0 0 0 0 0 0 376 206 11 5 2 1 0 0 0 1 0 0 0
202 152 2 1 0 0 0 0 0 0 0 0 0 411 215 11 5 2 1 1 0 0 1 0 0 0
206 159 2 1 0 0 0 0 0 0 0 0 0 418 222 11 5 2 1 1 0 0 1 0 0 0
211 162 2 1 0 0 0 0 0 0 0 0 0 421 225 11 5 2 1 1 0 0 1 0 0 0
217 170 2 2 0 0 0 0 0 0 0 0 0 425 228 11 5 2 1 1 0 0 1 0 0 0
225 175 2 2 0 0 0 0 0 0 0 0 0 448 236 11 5 2 1 1 0 0 1 0 0 0
228 178 2 2 0 0 0 0 0 0 0 0 0 455 240 13 6 2 1 1 0 0 1 0 0 0
233 185 2 2 0 0 0 0 0 0 0 0 0 464 252 13 6 2 1 1 0 0 1 0 0 0
237 189 2 2 0 0 0 0 0 0 0 0 0 469 256 13 6 2 1 1 0 0 1 0 0 0
242 193 2 2 0 0 0 0 0 0 0 0 0 477 264 13 6 2 1 1 0 0 1 0 0 0
251 198 2 2 0 0 0 0 0 0 0 0 0 497 271 13 6 2 1 1 0 0 1 0 0 0
