# scores for worst/random/best/smart move selector strategies. 
# scores are 50% and 95% quantiles (based on 40 games) of: 
# game score, #destroyed, #unlocked, #stripes, #bombs, #zappers
0 0 0 0 0 0 0 0 0 0 0 0 0 6 6 0 0 0 0 0 0 0 0 0 0 0
6 6 0 0 0 0 0 0 0 0 0 0 0 12 12 0 0 0 0 0 0 0 0 0 0 0
10 10 0 0 0 0 0 0 0 0 0 0 0 45 18 2 1 0 0 0 0 0 0 0 0 0
16 15 0 0 0 0 0 0 0 0 0 0 0 76 23 4 2 0 0 0 0 0 0 0 0 0
21 21 0 0 0 0 0 0 0 0 0 0 0 82 35 5 2 0 0 0 0 0 0 0 0 0
27 25 0 0 0 0 0 0 0 0 0 0 0 102 45 6 2 0 0 0 0 0 0 0 0 0
38 33 0 0 0 0 0 0 0 0 0 0 0 113 51 6 2 0 0 0 0 0 0 0 0 0
53 38 0 1 0 0 0 0 0 0 0 0 0 121 59 6 2 0 1 0 0 0 0 0 0 0
92 47 2 1 0 0 0 0 0 0 0 0 0 194 80 10 3 1 1 1 0 0 0 0 0 0
108 57 3 1 0 0 0 0 0 0 0 0 0 234 92 18 4 1 1 1 1 0 1 0 0 0
124 63 3 2 0 0 0 0 0 0 0 0 0 303 103 18 5 1 1 1 1 0 1 0 0 0
137 71 4 2 0 0 0 0 0 0 0 0 0 309 109 18 5 2 1 1 1 0 1 0 0 0
168 82 5 2 0 0 0 0 0 0 0 0 0 331 123 18 5 2 1 1 1 0 1 0 0 0
199 92 6 3 0 0 0 0 0 0 0 0 0 358 138 18 6 2 1 1 1 0 1 0 0 0
214 100 6 3 1 0 0 0 0 0 0 0 0 425 159 18 6 2 1 1 1 0 1 0 0 0
225 108 6 3 1 0 0 0 0 0 0 0 0 453 173 18 7 2 1 1 1 1 1 0 0 0
253 118 6 3 1 0 0 0 0 0 0 0 0 463 184 18 7 2 1 1 1 1 1 0 0 0
260 127 7 3 1 0 0 0 0 0 0 0 0 493 190 18 7 2 2 1 1 1 1 0 0 0
284 135 7 4 1 0 0 0 0 0 0 0 0 496 194 18 7 2 2 2 1 1 1 0 0 0
297 143 8 4 1 0 0 0 0 0 0 0 0 535 201 19 11 2 2 2 1 1 1 1 0 0
334 156 8 4 1 0 0 0 0 0 0 0 0 541 207 19 12 2 2 2 1 1 1 1 0 0
353 167 8 5 1 0 0 0 0 0 0 0 0 691 214 19 16 3 2 2 1 1 2 1 0 0
396 176 9 5 1 0 0 0 0 0 0 0 0 798 227 19 18 3 2 2 1 1 2 1 0 0
416 193 9 5 1 0 0 0 0 0 0 0 0 803 233 19 18 3 3 2 1 1 2 1 0 0
450 202 11 6 1 0 0 0 0 0 0 0 0 809 251 20 18 4 3 2 1 1 2 1 0 0
467 214 11 6 1 0 0 0 0 0 0 0 0 872 262 21 19 4 3 2 2 1 2 1 0 0
509 228 12 7 1 1 0 0 0 0 0 0 0 896 269 21 20 4 3 3 2 1 2 1 0 0
532 234 12 7 1 1 0 0 0 0 0 0 0 938 282 22 20 4 3 3 2 1 3 1 0 0
552 241 12 7 1 1 0 0 0 1 0 0 0 960 306 22 20 4 3 3 2 1 3 1 0 0
563 246 12 7 1 1 0 0 0 1 0 0 0 1019 326 22 20 4 3 3 2 1 3 1 0 0
610 257 12 7 1 1 0 0 0 1 0 0 0 1036 359 22 24 4 4 3 2 1 3 1 0 0
614 265 12 7 1 1 1 0 0 1 0 0 0 1047 369 22 24 4 4 3 2 1 3 1 0 0
638 278 12 8 1 1 1 1 0 1 0 0 0 1110 378 22 24 4 4 3 2 1 3 1 0 0
680 294 12 8 1 1 1 1 0 1 0 0 0 1218 395 22 24 6 4 3 2 1 3 1 0 0
700 300 13 8 1 1 1 1 0 1 0 0 0 1224 399 22 24 6 4 3 2 1 3 1 0 0
719 317 13 9 2 1 1 1 0 1 0 0 0 1240 404 22 25 6 4 4 2 1 3 1 0 0
744 324 13 10 2 1 1 1 0 1 0 0 0 1268 408 22 25 6 4 4 2 1 3 1 0 0
789 340 13 10 2 1 1 1 0 1 0 0 0 1291 423 22 25 6 4 4 2 1 3 1 0 0
797 349 13 10 2 2 1 1 0 1 0 0 0 1312 428 22 26 6 4 4 2 1 3 1 0 0
849 357 13 11 2 2 1 1 0 1 0 0 0 1317 440 22 26 9 4 4 2 1 3 1 0 0
901 372 13 11 2 2 1 1 0 1 0 0 0 1321 450 22 28 9 4 4 2 1 3 1 0 0
