# scores for worst/random/best/smart move selector strategies. 
# scores are 50% and 95% quantiles (based on 40 games) of: 
# game score, #destroyed, #unlocked, #stripes, #bombs, #zappers
0 0 0 0 0 0 0 0 0 0 0 0 0 6 6 0 0 0 0 0 0 0 0 0 0 0
6 6 0 0 0 0 0 0 0 0 0 0 0 9 9 0 0 0 0 0 0 0 0 0 0 0
9 9 0 0 0 0 0 0 0 0 0 0 0 15 15 0 0 0 0 0 0 0 0 0 0 0
12 12 0 0 0 0 0 0 0 0 0 0 0 22 22 0 0 0 0 0 0 0 0 0 0 0
18 18 0 0 0 0 0 0 0 0 0 0 0 26 26 0 0 0 0 0 0 0 0 0 0 0
22 22 0 0 0 0 0 0 0 0 0 0 0 78 43 1 1 0 0 0 0 0 0 0 0 0
27 27 0 0 0 0 0 0 0 0 0 0 0 83 48 2 1 0 0 0 0 0 0 0 0 0
32 32 0 0 0 0 0 0 0 0 0 0 0 91 55 2 1 0 0 0 0 0 0 0 0 0
35 35 0 0 0 0 0 0 0 0 0 0 0 134 68 3 1 1 0 0 0 0 0 0 0 0
39 39 0 0 0 0 0 0 0 0 0 0 0 137 71 3 1 1 0 0 0 0 0 0 0 0
43 43 0 0 0 0 0 0 0 0 0 0 0 141 76 3 1 1 0 0 0 0 0 0 0 0
49 49 0 0 0 0 0 0 0 0 0 0 0 145 80 3 1 1 0 0 0 0 0 0 0 0
53 53 0 0 0 0 0 0 0 0 0 0 0 148 83 3 1 1 0 0 0 0 0 0 0 0
57 57 0 0 0 0 0 0 0 0 0 0 0 153 88 3 1 1 0 0 0 0 0 0 0 0
61 60 0 0 0 0 0 0 0 0 0 0 0 157 94 3 1 1 0 0 0 0 0 0 0 0
66 65 0 0 0 0 0 0 0 0 0 0 0 160 97 3 1 1 0 0 0 0 0 0 0 0
70 68 0 0 0 0 0 0 0 0 0 0 0 168 103 3 1 1 0 0 0 0 0 0 0 0
75 75 0 0 0 0 0 0 0 0 0 0 0 171 111 3 1 1 0 0 0 0 0 0 0 0
81 80 0 0 0 0 0 0 0 0 0 0 0 174 116 3 1 1 0 0 0 0 0 0 0 0
87 86 0 0 0 0 0 0 0 0 0 0 0 177 119 3 1 1 0 0 0 0 0 0 0 0
92 90 0 0 0 0 0 0 0 0 0 0 0 181 123 3 1 1 0 0 0 0 0 0 0 0
101 93 0 0 0 0 0 0 0 0 0 0 0 186 130 3 1 1 0 0 0 0 0 0 0 0
107 99 0 0 0 0 0 0 0 0 0 0 0 193 139 3 1 1 0 0 0 0 0 0 0 0
112 104 0 0 0 0 0 0 0 0 0 0 0 211 146 3 2 1 0 0 0 0 0 0 0 0
118 109 0 0 0 0 0 0 0 0 0 0 0 214 149 3 2 1 0 0 0 0 0 0 0 0
136 117 0 0 0 0 0 0 0 0 0 0 0 221 156 4 2 1 0 0 0 0 0 0 0 0
139 120 0 0 0 0 0 0 0 0 0 0 0 224 159 4 2 1 0 0 0 0 0 0 0 0
144 124 0 0 0 0 0 0 0 0 0 0 0 231 168 4 2 1 0 0 0 0 0 0 0 0
154 128 0 0 0 0 0 0 0 0 0 0 0 248 180 4 2 1 0 0 0 0 0 0 0 0
160 132 0 0 0 0 0 0 0 0 0 0 0 253 184 4 2 1 0 0 0 0 0 0 0 0
167 138 0 0 0 0 0 0 0 0 0 0 0 256 187 4 2 1 0 0 0 0 0 0 0 0
173 142 0 0 0 0 0 0 0 0 0 0 0 259 190 4 2 1 0 0 0 0 0 0 0 0
181 148 0 1 0 0 0 0 0 0 0 0 0 262 193 4 2 1 0 0 0 0 0 0 0 0
186 152 0 1 0 0 0 0 0 0 0 0 0 266 197 4 2 1 0 0 0 0 0 0 0 0
192 157 1 1 0 0 0 0 0 0 0 0 0 271 200 4 2 1 0 0 0 0 0 0 0 0
196 161 1 1 0 0 0 0 0 0 0 0 0 290 203 4 2 1 0 0 0 0 0 0 0 0
199 169 1 1 0 0 0 0 0 0 0 0 0 293 211 4 2 1 0 0 0 0 0 0 0 0
203 174 1 1 0 0 0 0 0 0 0 0 0 298 216 4 3 1 0 0 0 0 0 0 0 0
207 180 1 1 0 0 0 0 0 0 0 0 0 322 227 4 3 2 0 0 0 0 0 0 0 0
211 186 1 1 0 0 0 0 0 0 0 0 0 337 233 5 3 2 0 0 0 0 0 0 0 0
218 190 1 1 0 0 0 0 0 0 0 0 0 344 240 5 3 2 0 0 0 0 0 0 0 0
