# scores for worst/random/best/smart move selector strategies. 
# scores are 50% and 95% quantiles (based on 40 games) of: 
# game score, #destroyed, #unlocked, #stripes, #bombs, #zappers
0 0 0 0 0 0 0 0 0 0 0 0 0 6 6 0 0 0 0 0 0 0 0 0 0 0
3 3 0 0 0 0 0 0 0 0 0 0 0 12 11 0 0 0 0 0 0 0 0 0 0 0
9 9 0 0 0 0 0 0 0 0 0 0 0 30 18 0 0 0 0 0 0 0 0 0 0 0
12 12 0 0 0 0 0 0 0 0 0 0 0 33 21 0 0 0 0 0 0 0 0 0 0 0
15 15 0 0 0 0 0 0 0 0 0 0 0 59 27 0 1 0 0 0 0 0 0 0 0 0
21 21 0 0 0 0 0 0 0 0 0 0 0 63 30 0 1 0 0 0 0 0 0 0 0 0
24 24 0 0 0 0 0 0 0 0 0 0 0 67 38 0 1 0 0 0 0 0 0 0 0 0
30 29 0 0 0 0 0 0 0 0 0 0 0 71 43 1 1 0 0 0 0 0 0 0 0 0
33 33 0 0 0 0 0 0 0 0 0 0 0 74 49 3 1 0 0 0 0 0 0 0 0 0
39 39 0 0 0 0 0 0 0 0 0 0 0 84 57 3 1 0 0 0 0 0 0 0 0 0
42 42 0 0 0 0 0 0 0 0 0 0 0 87 65 3 1 0 0 0 0 0 0 0 0 0
48 46 0 0 0 0 0 0 0 0 0 0 0 110 73 3 1 0 1 0 0 0 1 0 0 0
54 51 0 0 0 0 0 0 0 0 0 0 0 115 76 3 2 0 1 0 0 0 1 0 0 0
61 56 0 0 0 0 0 0 0 0 0 0 0 137 79 3 2 1 1 0 0 0 1 0 0 0
67 61 0 0 0 0 0 0 0 0 0 0 0 145 86 3 2 1 1 0 0 0 1 0 0 0
86 65 0 0 0 0 0 0 0 0 0 0 0 164 91 3 2 1 1 0 0 0 1 0 0 0
91 71 0 0 0 0 0 0 0 0 0 0 0 174 96 6 3 1 1 1 0 0 1 0 0 0
97 75 0 1 0 0 0 0 0 0 0 0 0 179 100 7 3 1 1 1 0 0 1 0 0 0
104 79 0 1 0 0 0 0 0 0 0 0 0 196 107 7 3 1 1 1 0 0 1 0 0 0
125 85 0 1 0 0 0 0 0 0 0 0 0 221 112 7 4 1 1 1 0 0 1 0 0 0
129 91 0 1 0 0 0 0 0 0 0 0 0 237 116 7 4 1 1 1 0 0 1 0 0 0
136 97 1 1 0 0 0 0 0 0 0 0 0 244 124 7 4 1 1 1 0 0 1 0 0 0
146 105 2 1 0 0 0 0 0 0 0 0 0 251 129 7 4 1 1 1 0 0 1 0 0 0
150 109 2 2 0 0 0 0 0 0 0 0 0 259 132 7 4 1 1 1 0 0 1 0 0 0
159 113 2 2 0 0 0 0 0 0 0 0 0 283 140 7 4 1 1 1 0 0 1 0 0 0
176 120 2 2 0 0 0 0 0 0 0 0 0 305 145 7 4 1 1 1 0 0 1 0 0 0
190 123 2 2 0 0 0 0 0 0 0 0 0 320 154 7 4 1 1 1 0 0 1 0 0 0
198 127 2 2 0 0 0 0 0 0 0 0 0 333 161 7 4 1 1 1 0 0 1 0 0 0
203 132 2 2 0 0 0 0 0 0 0 0 0 340 166 7 4 1 1 1 0 0 1 0 0 0
207 138 2 2 0 0 0 0 0 0 0 0 0 345 170 7 5 1 1 1 0 0 1 0 0 0
211 143 3 2 0 0 0 0 0 0 0 0 0 352 177 8 6 1 1 1 0 0 1 0 0 0
220 147 3 3 0 0 0 0 0 0 0 0 0 366 185 8 6 1 1 1 0 0 1 0 0 0
229 151 3 3 0 0 0 0 0 0 0 0 0 376 191 8 6 1 1 1 0 0 1 0 0 0
232 154 3 3 0 0 0 0 0 0 0 0 0 387 198 8 6 1 1 1 0 0 1 0 0 0
252 162 3 3 0 0 0 0 0 0 0 0 0 391 202 8 6 1 1 1 0 0 1 0 0 0
260 168 3 3 0 0 0 0 0 0 0 0 0 410 206 9 7 1 1 1 0 0 1 0 0 0
263 174 3 3 0 0 0 0 0 0 0 0 0 413 213 10 7 1 1 1 0 0 1 0 0 0
273 179 3 4 0 0 0 0 0 0 0 0 0 431 217 12 7 1 1 1 0 0 1 0 0 0
279 183 4 4 0 0 0 0 0 0 0 0 0 434 223 12 7 1 1 2 0 0 1 0 0 0
287 188 4 4 0 0 0 0 0 0 0 0 0 438 226 12 7 1 1 2 0 0 1 0 0 0
290 192 4 4 0 0 0 0 0 0 0 0 0 443 236 12 8 1 1 2 0 0 1 0 0 0
