# scores for worst/random/best/smart move selector strategies. 
# scores are 50% and 95% quantiles (based on 40 games) of: 
# game score, #destroyed, #unlocked, #stripes, #bombs, #zappers
0 0 0 0 0 0 0 0 0 0 0 0 0 6 6 0 0 0 0 0 0 0 0 0 0 0
3 3 0 0 0 0 0 0 0 0 0 0 0 15 14 0 0 0 0 0 0 0 0 0 0 0
9 8 0 0 0 0 0 0 0 0 0 0 0 29 17 0 0 0 0 0 0 0 0 0 0 0
12 12 0 0 0 0 0 0 0 0 0 0 0 43 23 0 0 0 0 0 0 0 0 0 0 0
18 18 0 0 0 0 0 0 0 0 0 0 0 46 27 0 1 0 0 0 0 0 0 0 0 0
21 21 0 0 0 0 0 0 0 0 0 0 0 51 33 0 1 0 0 0 0 0 0 0 0 0
27 26 0 0 0 0 0 0 0 0 0 0 0 54 37 0 1 0 0 0 0 0 0 0 0 0
30 30 0 0 0 0 0 0 0 0 0 0 0 57 43 0 1 0 0 0 0 0 0 0 0 0
36 35 0 0 0 0 0 0 0 0 0 0 0 72 46 0 1 0 0 0 0 0 0 0 0 0
40 39 0 0 0 0 0 0 0 0 0 0 0 88 52 0 1 0 0 0 0 0 0 0 0 0
44 43 0 0 0 0 0 0 0 0 0 0 0 96 58 0 1 0 0 0 0 0 0 0 0 0
48 47 0 0 0 0 0 0 0 0 0 0 0 102 62 0 1 0 0 0 0 0 0 0 0 0
56 52 0 0 0 0 0 0 0 0 0 0 0 108 69 1 1 0 0 0 0 0 0 0 0 0
62 59 0 0 0 0 0 0 0 0 0 0 0 111 72 1 1 0 0 0 0 0 0 0 0 0
66 62 0 0 0 0 0 0 0 0 0 0 0 116 77 1 1 1 0 0 0 0 0 0 0 0
71 65 0 0 0 0 0 0 0 0 0 0 0 123 81 2 1 1 0 0 0 0 0 0 0 0
79 72 0 0 0 0 0 0 0 0 0 0 0 128 94 2 2 1 0 0 0 0 0 0 0 0
84 76 0 0 0 0 0 0 0 0 0 0 0 137 97 3 2 1 0 0 0 0 0 0 0 0
88 80 0 0 0 0 0 0 0 0 0 0 0 147 106 3 2 1 0 0 0 0 0 0 0 0
94 84 0 0 0 0 0 0 0 0 0 0 0 162 110 3 2 1 0 0 0 0 0 0 0 0
99 88 0 0 0 0 0 0 0 0 0 0 0 165 114 3 2 1 0 0 0 0 0 0 0 0
108 93 0 0 0 0 0 0 0 0 0 0 0 188 122 3 2 1 0 0 0 0 0 0 0 0
111 97 0 0 0 0 0 0 0 0 0 0 0 209 133 4 2 1 0 0 0 0 0 0 0 0
119 102 0 0 0 0 0 0 0 0 0 0 0 212 136 4 2 1 0 0 0 0 0 0 0 0
125 106 0 1 0 0 0 0 0 0 0 0 0 240 141 4 2 1 0 0 0 0 0 0 0 0
129 113 0 1 0 0 0 0 0 0 0 0 0 243 144 4 2 1 0 0 0 0 0 0 0 0
133 120 0 1 0 0 0 0 0 0 0 0 0 251 147 4 2 1 0 0 0 0 0 0 0 0
136 125 0 1 0 0 0 0 0 0 0 0 0 254 150 4 2 1 0 0 0 0 0 0 0 0
140 128 0 1 0 0 0 0 0 0 0 0 0 258 156 4 2 1 0 0 0 0 0 0 0 0
151 133 0 1 0 0 0 0 0 0 0 0 0 261 159 4 2 1 0 0 0 0 0 0 0 0
166 138 0 1 0 0 0 0 0 0 0 0 0 274 162 6 3 1 0 0 0 0 0 0 0 0
169 142 0 1 0 0 0 0 0 0 0 0 0 279 166 6 3 1 0 0 0 0 0 0 0 0
172 146 0 1 0 0 0 0 0 0 0 0 0 283 169 6 3 1 0 0 0 0 0 0 0 0
180 150 0 1 0 0 0 0 0 0 0 0 0 286 174 6 3 1 0 0 0 0 0 0 0 0
186 158 0 1 0 0 0 0 0 0 0 0 0 289 179 6 3 1 0 0 0 0 0 0 0 0
189 161 0 1 0 0 0 0 0 0 0 0 0 292 182 6 3 1 0 0 0 0 0 0 0 0
196 167 0 1 0 0 0 0 0 0 0 0 0 297 186 6 3 1 0 0 0 0 0 0 0 0
199 170 0 1 0 0 0 0 0 0 0 0 0 304 193 6 3 1 0 0 0 0 0 0 0 0
203 174 0 1 0 0 0 0 0 0 0 0 0 309 198 6 3 1 0 0 0 0 0 0 0 0
213 177 0 1 0 0 0 0 0 0 0 0 0 314 203 6 3 1 0 0 0 0 0 0 0 0
218 180 0 1 0 0 0 0 0 0 0 0 0 325 206 6 3 1 0 0 0 0 0 0 0 0
