# scores for worst/random/best/smart move selector strategies. 
# scores are 50% and 95% quantiles (based on 40 games) of: 
# game score, #destroyed, #unlocked, #stripes, #bombs, #zappers
0 0 0 0 0 0 0 0 0 0 0 0 0 6 6 0 0 0 0 0 0 0 0 0 0 0
3 3 0 0 0 0 0 0 0 0 0 0 0 12 11 0 0 0 0 0 0 0 0 0 0 0
7 7 0 0 0 0 0 0 0 0 0 0 0 30 18 0 0 0 0 0 0 0 0 0 0 0
12 12 0 0 0 0 0 0 0 0 0 0 0 35 22 0 0 0 0 0 0 0 0 0 0 0
15 15 0 0 0 0 0 0 0 0 0 0 0 47 27 0 0 0 0 0 0 0 0 0 0 0
19 19 0 0 0 0 0 0 0 0 0 0 0 50 34 0 0 0 0 0 0 0 0 0 0 0
25 24 0 0 0 0 0 0 0 0 0 0 0 54 37 0 1 0 0 0 0 0 0 0 0 0
33 32 0 0 0 0 0 0 0 0 0 0 0 90 43 2 1 0 0 0 0 0 0 0 0 0
36 35 0 0 0 0 0 0 0 0 0 0 0 104 56 4 2 0 0 0 0 0 0 0 0 0
42 39 0 0 0 0 0 0 0 0 0 0 0 149 64 4 2 0 1 0 0 0 0 0 0 0
53 44 0 0 0 0 0 0 0 0 0 0 0 157 72 4 2 0 1 0 0 0 0 0 0 0
60 49 0 0 0 0 0 0 0 0 0 0 0 167 81 4 2 0 1 0 0 0 0 0 0 0
68 54 0 0 0 0 0 0 0 0 0 0 0 170 84 4 2 0 1 0 0 0 1 0 0 0
87 61 0 1 0 0 0 0 0 0 0 0 0 173 87 4 2 0 1 0 0 0 1 0 0 0
98 67 0 1 0 0 0 0 0 0 0 0 0 188 100 7 3 0 1 0 0 0 1 0 0 0
104 72 0 1 0 0 0 0 0 0 0 0 0 220 115 7 3 1 1 0 0 0 1 0 0 0
112 77 0 1 0 0 0 0 0 0 0 0 0 225 119 7 3 1 1 0 0 0 1 0 0 0
124 84 0 1 0 0 0 0 0 0 0 0 0 256 133 7 3 1 1 0 0 0 1 0 0 0
141 92 1 1 0 0 0 0 0 0 0 0 0 267 138 12 3 1 1 0 1 0 1 0 0 0
154 98 1 1 0 0 0 0 0 0 0 0 0 273 143 12 5 1 1 0 1 0 1 0 0 0
159 105 1 1 0 0 0 0 0 0 0 0 0 293 149 12 5 1 1 0 1 0 1 0 0 0
169 111 2 2 0 0 0 0 0 0 0 0 0 304 159 12 5 1 1 1 1 0 1 0 0 0
179 115 2 2 0 0 0 0 0 0 0 0 0 309 165 12 5 1 1 1 1 0 1 0 0 0
192 123 2 2 0 0 0 0 0 0 0 0 0 314 171 16 5 1 1 1 1 0 1 0 0 0
216 130 2 2 0 0 0 0 0 0 0 0 0 319 176 16 5 1 1 1 1 0 1 0 0 0
224 135 3 2 0 0 0 0 0 0 0 0 0 338 187 16 5 1 1 1 1 0 1 0 0 0
250 147 3 3 0 0 0 0 0 0 0 0 0 403 194 16 6 1 2 1 1 0 1 0 0 0
260 154 3 3 0 0 0 0 0 0 0 0 0 429 199 16 7 2 2 1 1 0 1 0 0 0
265 162 3 3 0 0 0 0 0 0 0 0 0 451 204 17 7 2 2 1 1 0 1 0 0 0
269 167 3 3 0 0 0 0 0 0 0 0 0 457 209 17 7 2 2 1 1 0 1 0 0 0
275 174 4 3 0 0 0 0 0 0 0 0 0 491 217 17 7 2 2 1 1 0 1 0 0 0
320 180 4 3 0 0 0 0 0 0 0 0 0 496 225 17 7 2 2 2 1 0 1 0 0 0
326 185 4 4 0 0 0 0 0 0 0 0 0 522 234 17 8 2 2 2 1 0 1 0 0 0
332 191 4 4 0 0 0 0 0 0 0 0 0 525 238 17 8 2 2 2 1 0 1 0 0 0
341 196 5 4 0 0 0 0 0 0 0 0 0 529 244 17 10 2 2 2 1 0 1 0 0 0
358 204 5 4 0 0 0 0 0 0 0 0 0 535 250 17 10 2 2 2 1 0 1 0 0 0
381 212 5 5 1 0 0 0 0 0 0 0 0 554 255 17 10 2 2 2 1 0 1 0 0 0
400 218 5 5 1 0 0 0 0 0 0 0 0 567 259 17 11 2 2 2 1 0 1 0 0 0
416 223 5 5 1 0 0 0 0 0 0 0 0 608 264 17 11 2 2 2 1 0 1 0 0 0
432 232 6 5 1 0 0 0 0 0 0 0 0 611 269 17 11 2 2 2 1 0 1 0 0 0
452 239 6 5 1 1 0 0 0 1 0 0 0 623 277 17 11 2 2 2 1 0 1 0 0 0
