# scores for worst/random/best/smart move selector strategies. 
# scores are 50% and 95% quantiles (based on 40 games) of: 
# game score, #destroyed, #unlocked, #stripes, #bombs, #zappers
0 0 0 0 0 0 0 0 0 0 0 0 0 6 6 0 0 0 0 0 0 0 0 0 0 0
3 3 0 0 0 0 0 0 0 0 0 0 0 12 11 0 0 0 0 0 0 0 0 0 0 0
9 9 0 0 0 0 0 0 0 0 0 0 0 19 19 0 0 0 0 0 0 0 0 0 0 0
12 12 0 0 0 0 0 0 0 0 0 0 0 24 24 0 0 0 0 0 0 0 0 0 0 0
15 15 0 0 0 0 0 0 0 0 0 0 0 32 28 0 0 0 0 0 0 0 0 0 0 0
20 20 0 0 0 0 0 0 0 0 0 0 0 44 38 0 0 0 0 0 0 0 0 0 0 0
24 24 0 0 0 0 0 0 0 0 0 0 0 58 42 0 1 0 0 0 0 0 0 0 0 0
30 30 0 0 0 0 0 0 0 0 0 0 0 64 45 0 1 0 0 0 0 0 0 0 0 0
33 33 0 0 0 0 0 0 0 0 0 0 0 68 54 0 1 0 0 0 0 0 0 0 0 0
39 39 0 0 0 0 0 0 0 0 0 0 0 71 57 0 1 0 0 0 0 0 0 0 0 0
44 44 0 0 0 0 0 0 0 0 0 0 0 76 60 0 1 0 0 0 0 0 0 0 0 0
48 48 0 0 0 0 0 0 0 0 0 0 0 84 67 0 1 0 0 0 0 0 0 0 0 0
51 51 0 0 0 0 0 0 0 0 0 0 0 88 70 0 1 0 0 0 0 0 0 0 0 0
55 55 0 0 0 0 0 0 0 0 0 0 0 92 76 0 1 0 0 0 0 0 0 0 0 0
60 60 0 0 0 0 0 0 0 0 0 0 0 96 81 0 1 0 0 0 0 0 0 0 0 0
63 63 0 0 0 0 0 0 0 0 0 0 0 101 84 0 1 0 0 0 0 0 0 0 0 0
66 66 0 0 0 0 0 0 0 0 0 0 0 107 87 0 1 0 0 0 0 0 0 0 0 0
72 72 0 0 0 0 0 0 0 0 0 0 0 112 93 0 1 0 0 0 0 0 0 0 0 0
75 75 0 0 0 0 0 0 0 0 0 0 0 115 100 0 1 0 0 0 0 0 0 0 0 0
78 78 0 0 0 0 0 0 0 0 0 0 0 121 105 0 1 0 0 0 0 0 0 0 0 0
84 84 0 0 0 0 0 0 0 0 0 0 0 124 109 0 1 0 0 0 0 0 0 0 0 0
87 87 0 0 0 0 0 0 0 0 0 0 0 137 116 2 1 0 0 0 0 0 0 0 0 0
92 91 0 0 0 0 0 0 0 0 0 0 0 140 119 2 1 0 0 0 0 0 0 0 0 0
98 94 0 0 0 0 0 0 0 0 0 0 0 151 131 3 1 0 0 0 0 0 0 0 0 0
102 100 0 0 0 0 0 0 0 0 0 0 0 157 137 3 1 0 0 0 0 0 0 0 0 0
108 105 0 0 0 0 0 0 0 0 0 0 0 174 141 3 1 0 0 0 0 0 0 0 0 0
113 108 0 0 0 0 0 0 0 0 0 0 0 188 147 3 2 0 0 0 0 0 0 0 0 0
117 112 0 0 0 0 0 0 0 0 0 0 0 191 150 3 2 0 0 0 0 0 0 0 0 0
122 115 0 0 0 0 0 0 0 0 0 0 0 194 153 3 2 0 0 0 0 0 0 0 0 0
129 120 0 0 0 0 0 0 0 0 0 0 0 198 156 3 2 0 0 0 0 0 0 0 0 0
134 124 0 0 0 0 0 0 0 0 0 0 0 201 159 3 2 0 0 0 0 0 0 0 0 0
138 129 0 0 0 0 0 0 0 0 0 0 0 204 162 3 2 0 0 0 0 0 0 0 0 0
141 135 0 0 0 0 0 0 0 0 0 0 0 207 165 3 2 0 0 0 0 0 0 0 0 0
147 141 0 0 0 0 0 0 0 0 0 0 0 210 168 3 2 0 0 0 0 0 0 0 0 0
150 144 0 0 0 0 0 0 0 0 0 0 0 213 173 3 2 0 0 0 0 0 0 0 0 0
160 148 0 0 0 0 0 0 0 0 0 0 0 222 177 3 2 1 0 0 0 0 0 0 0 0
164 151 0 0 0 0 0 0 0 0 0 0 0 242 187 3 2 1 0 0 0 0 0 0 0 0
169 154 0 0 0 0 0 0 0 0 0 0 0 253 193 3 2 1 0 0 0 0 0 0 0 0
173 161 0 0 0 0 0 0 0 0 0 0 0 264 200 3 2 1 0 0 0 0 0 0 0 0
181 165 0 0 0 0 0 0 0 0 0 0 0 267 203 3 3 1 0 0 0 0 0 0 0 0
184 170 0 0 0 0 0 0 0 0 0 0 0 287 209 3 3 1 0 0 0 0 0 0 0 0
