# scores for worst/random/best/smart move selector strategies. 
# scores are 50% and 95% quantiles (based on 40 games) of: 
# game score, #destroyed, #unlocked, #stripes, #bombs, #zappers
0 0 0 0 0 0 0 0 0 0 0 0 0 8 8 0 0 0 0 0 0 0 0 0 0 0
6 6 0 0 0 0 0 0 0 0 0 0 0 11 11 0 0 0 0 0 0 0 0 0 0 0
9 9 0 0 0 0 0 0 0 0 0 0 0 18 18 0 0 0 0 0 0 0 0 0 0 0
12 12 0 0 0 0 0 0 0 0 0 0 0 46 26 1 1 0 0 0 0 0 0 0 0 0
18 18 0 0 0 0 0 0 0 0 0 0 0 50 31 1 1 0 0 0 0 0 0 0 0 0
22 22 0 0 0 0 0 0 0 0 0 0 0 57 36 1 1 0 0 0 0 0 0 0 0 0
27 27 0 0 0 0 0 0 0 0 0 0 0 98 42 2 1 0 0 0 0 0 0 0 0 0
33 31 0 0 0 0 0 0 0 0 0 0 0 101 47 2 2 0 0 0 0 0 0 0 0 0
38 36 0 0 0 0 0 0 0 0 0 0 0 106 50 2 2 0 0 0 0 0 0 0 0 0
43 39 0 0 0 0 0 0 0 0 0 0 0 109 56 2 2 0 0 0 0 0 0 0 0 0
49 45 0 0 0 0 0 0 0 0 0 0 0 112 60 2 2 0 0 0 0 0 0 0 0 0
53 49 0 0 0 0 0 0 0 0 0 0 0 130 65 2 2 0 0 0 0 0 0 0 0 0
59 54 0 0 0 0 0 0 0 0 0 0 0 148 70 3 2 0 0 0 0 0 0 0 0 0
66 59 0 0 0 0 0 0 0 0 0 0 0 151 78 3 2 0 0 0 0 0 0 0 0 0
84 63 0 1 0 0 0 0 0 0 0 0 0 154 84 3 2 0 0 0 0 0 0 0 0 0
89 67 0 1 0 0 0 0 0 0 0 0 0 193 90 3 3 0 1 1 0 0 1 0 0 0
93 72 0 1 0 0 0 0 0 0 0 0 0 217 98 3 3 0 1 1 0 0 1 0 0 0
109 75 0 1 0 0 0 0 0 0 0 0 0 237 113 3 3 0 1 1 0 0 1 0 0 0
120 83 0 1 0 0 0 0 0 0 0 0 0 240 120 3 3 0 1 1 0 0 1 0 0 0
135 89 1 1 0 0 0 0 0 0 0 0 0 272 128 8 4 1 1 1 0 0 1 0 0 0
142 92 1 1 0 0 0 0 0 0 0 0 0 275 134 8 4 1 1 1 0 0 1 0 0 0
148 97 1 1 0 0 0 0 0 0 0 0 0 278 140 8 4 1 1 1 0 0 1 0 0 0
151 101 1 1 0 0 0 0 0 0 0 0 0 297 144 8 4 1 1 1 0 0 1 0 0 0
164 106 1 2 0 0 0 0 0 0 0 0 0 318 152 8 4 1 1 1 0 0 1 0 0 0
167 112 1 2 0 0 0 0 0 0 0 0 0 329 157 8 4 1 1 1 0 0 1 0 0 0
172 117 1 2 0 0 0 0 0 0 0 0 0 332 160 8 4 1 1 1 0 0 1 0 0 0
182 121 1 2 0 0 0 0 0 0 0 0 0 338 166 8 5 1 1 1 0 0 1 0 0 0
191 126 1 2 0 0 0 0 0 0 0 0 0 343 170 8 5 1 1 1 0 0 1 0 0 0
206 134 1 2 0 0 0 0 0 0 0 0 0 352 181 9 6 1 1 1 0 0 1 0 0 0
209 139 1 2 0 0 0 0 0 0 0 0 0 404 188 9 6 1 1 1 0 0 1 0 0 0
213 144 1 2 0 0 0 0 0 0 0 0 0 412 195 9 7 1 1 1 0 0 1 0 0 0
219 148 2 2 0 0 0 0 0 0 0 0 0 415 198 9 7 1 1 1 0 0 1 0 0 0
232 154 2 3 0 0 0 0 0 0 0 0 0 422 204 9 7 1 1 1 0 0 1 0 0 0
235 159 2 3 0 0 0 0 0 0 0 0 0 427 210 9 7 1 1 1 0 0 1 0 0 0
256 166 3 3 0 0 0 0 0 0 0 0 0 446 215 9 8 1 1 1 0 0 1 0 0 0
259 169 3 3 0 0 0 0 0 0 0 0 0 449 223 9 8 1 1 1 0 0 1 0 0 0
270 174 3 3 0 0 0 0 0 0 0 0 0 473 226 9 8 1 1 1 0 0 1 0 0 0
274 177 3 3 0 0 0 0 0 0 0 0 0 490 231 9 9 1 1 1 0 0 1 0 0 0
277 183 3 3 0 0 0 0 0 0 0 0 0 493 234 9 9 1 1 1 0 0 1 0 0 0
284 188 3 3 0 0 0 0 0 0 0 0 0 549 246 10 9 1 1 1 0 0 1 0 0 0
293 192 3 3 0 0 0 0 0 0 0 0 0 556 250 10 9 1 1 1 0 0 1 0 0 0
