# scores for worst/random/best/smart move selector strategies. 
# scores are 50% and 95% quantiles (based on 40 games) of: 
# game score, #destroyed, #unlocked, #stripes, #bombs, #zappers
0 0 0 0 0 0 0 0 0 0 0 0 0 8 8 0 0 0 0 0 0 0 0 0 0 0
6 6 0 0 0 0 0 0 0 0 0 0 0 11 11 0 0 0 0 0 0 0 0 0 0 0
9 9 0 0 0 0 0 0 0 0 0 0 0 26 21 0 0 0 0 0 0 0 0 0 0 0
12 12 0 0 0 0 0 0 0 0 0 0 0 53 28 1 1 0 0 0 0 0 0 0 0 0
18 18 0 0 0 0 0 0 0 0 0 0 0 79 32 1 1 0 0 0 0 0 0 0 0 0
22 22 0 0 0 0 0 0 0 0 0 0 0 91 39 1 1 0 0 0 0 0 0 0 0 0
27 27 0 0 0 0 0 0 0 0 0 0 0 94 44 1 1 0 0 0 0 0 0 0 0 0
31 31 0 0 0 0 0 0 0 0 0 0 0 97 47 1 1 0 0 0 0 0 0 0 0 0
37 36 0 0 0 0 0 0 0 0 0 0 0 100 54 1 1 0 0 0 0 0 0 0 0 0
42 41 0 0 0 0 0 0 0 0 0 0 0 111 57 3 2 0 0 0 0 0 0 0 0 0
56 47 0 0 0 0 0 0 0 0 0 0 0 150 67 4 2 0 0 1 0 0 0 0 0 0
69 52 0 1 0 0 0 0 0 0 0 0 0 169 76 5 3 0 0 1 0 0 0 0 0 0
80 57 1 1 0 0 0 0 0 0 0 0 0 177 84 5 3 1 0 1 0 0 0 0 0 0
90 61 1 1 0 0 0 0 0 0 0 0 0 189 89 6 3 1 0 1 0 0 0 0 0 0
101 66 1 1 0 0 0 0 0 0 0 0 0 209 100 6 3 1 1 1 0 0 1 0 0 0
107 71 1 1 0 0 0 0 0 0 0 0 0 227 103 6 3 1 1 1 0 0 1 0 0 0
129 79 1 1 0 0 0 0 0 0 0 0 0 276 120 7 4 1 1 1 0 0 1 0 0 0
132 83 1 1 0 0 0 0 0 0 0 0 0 279 125 8 4 1 1 1 0 0 1 0 0 0
140 88 1 2 0 0 0 0 0 0 0 0 0 308 141 8 5 1 1 1 0 0 1 0 0 0
150 94 1 2 0 0 0 0 0 0 0 0 0 315 147 8 5 1 1 1 0 0 1 0 0 0
158 103 1 2 0 0 0 0 0 0 0 0 0 335 159 9 5 1 1 1 1 0 1 0 0 0
196 113 1 2 0 0 0 0 0 0 0 0 0 339 164 9 5 1 1 1 1 0 1 0 0 0
201 117 1 3 0 0 0 0 0 0 0 0 0 380 177 9 7 1 1 1 1 0 1 0 0 0
207 124 1 3 0 0 0 0 0 0 0 0 0 387 182 9 7 1 1 1 1 0 1 0 0 0
211 130 1 3 0 0 0 0 0 0 0 0 0 391 187 9 7 1 1 1 1 0 1 0 0 0
234 137 2 3 0 0 0 0 0 0 0 0 0 394 196 9 7 1 1 1 1 0 1 0 0 0
264 146 2 4 0 0 0 0 0 0 0 0 0 465 207 9 7 1 1 1 1 0 1 0 0 0
272 152 2 4 0 0 0 0 0 0 0 0 0 472 214 9 8 2 1 2 1 0 1 0 0 0
291 158 2 4 0 0 0 0 0 0 0 0 0 505 231 9 8 2 1 2 1 0 1 0 0 0
302 163 2 4 0 0 0 0 0 0 0 0 0 514 237 9 8 2 1 2 1 0 1 0 0 0
316 170 3 4 0 0 0 0 0 0 0 0 0 567 246 9 8 2 1 2 1 0 1 0 0 0
339 178 3 5 0 0 0 0 0 0 0 0 0 618 249 9 9 2 1 2 1 0 1 0 0 0
348 187 3 5 0 0 1 0 0 0 0 0 0 623 255 9 9 2 1 2 1 0 1 0 0 0
352 193 3 5 0 0 1 0 0 0 0 0 0 650 263 9 9 2 1 2 1 0 1 0 0 0
371 198 3 5 0 0 1 0 0 0 0 0 0 656 271 9 9 2 1 2 1 0 1 0 0 0
379 202 4 6 0 0 1 0 0 0 0 0 0 667 279 10 9 2 1 2 1 0 1 0 0 0
388 209 4 6 0 0 1 0 0 0 0 0 0 685 286 10 10 2 2 2 1 0 2 0 0 0
405 220 4 6 0 0 1 0 0 0 0 0 0 707 296 10 10 2 2 2 1 0 2 0 0 0
423 229 4 6 0 0 1 0 0 0 0 0 0 736 300 11 10 3 2 2 1 0 2 0 0 0
437 236 4 7 0 0 1 0 0 0 0 0 0 743 308 11 10 3 2 2 1 0 2 0 0 0
476 244 4 7 0 0 1 0 0 0 0 0 0 794 328 11 12 3 2 2 2 0 2 0 0 0
