# scores for worst/random/best/smart move selector strategies. 
# scores are 50% and 95% quantiles (based on 40 games) of: 
# game score, #destroyed, #unlocked, #stripes, #bombs, #zappers
0 0 0 0 0 0 0 0 0 0 0 0 0 8 8 0 0 0 0 0 0 0 0 0 0 0
6 6 0 0 0 0 0 0 0 0 0 0 0 11 11 0 0 0 0 0 0 0 0 0 0 0
9 9 0 0 0 0 0 0 0 0 0 0 0 16 16 0 0 0 0 0 0 0 0 0 0 0
12 12 0 0 0 0 0 0 0 0 0 0 0 24 24 0 0 0 0 0 0 0 0 0 0 0
17 17 0 0 0 0 0 0 0 0 0 0 0 47 30 0 0 0 0 0 0 0 0 0 0 0
21 21 0 0 0 0 0 0 0 0 0 0 0 50 34 0 0 0 0 0 0 0 0 0 0 0
24 24 0 0 0 0 0 0 0 0 0 0 0 53 37 0 0 0 0 0 0 0 0 0 0 0
27 27 0 0 0 0 0 0 0 0 0 0 0 63 45 0 0 0 0 0 0 0 0 0 0 0
33 33 0 0 0 0 0 0 0 0 0 0 0 78 48 0 1 0 0 0 0 0 0 0 0 0
37 36 0 0 0 0 0 0 0 0 0 0 0 81 51 0 1 0 0 0 0 0 0 0 0 0
41 40 0 0 0 0 0 0 0 0 0 0 0 84 56 0 1 0 0 0 0 0 0 0 0 0
45 45 0 0 0 0 0 0 0 0 0 0 0 87 59 0 1 0 0 0 0 0 0 0 0 0
49 48 0 0 0 0 0 0 0 0 0 0 0 90 62 0 1 0 0 0 0 0 0 0 0 0
54 54 0 0 0 0 0 0 0 0 0 0 0 97 70 0 1 0 0 0 0 0 0 0 0 0
59 58 0 0 0 0 0 0 0 0 0 0 0 108 74 1 1 0 0 0 0 0 0 0 0 0
63 62 0 0 0 0 0 0 0 0 0 0 0 115 79 1 1 0 0 0 0 0 0 0 0 0
66 65 0 0 0 0 0 0 0 0 0 0 0 118 86 1 1 0 0 0 0 0 0 0 0 0
70 69 0 0 0 0 0 0 0 0 0 0 0 121 89 1 1 0 0 0 0 0 0 0 0 0
76 74 0 0 0 0 0 0 0 0 0 0 0 125 92 1 1 0 0 0 0 0 0 0 0 0
79 77 0 0 0 0 0 0 0 0 0 0 0 148 99 1 1 0 0 0 0 0 0 0 0 0
83 82 0 0 0 0 0 0 0 0 0 0 0 151 102 1 1 0 0 0 0 0 0 0 0 0
87 86 0 0 0 0 0 0 0 0 0 0 0 158 106 1 2 0 0 0 0 0 0 0 0 0
93 89 0 0 0 0 0 0 0 0 0 0 0 161 110 1 2 0 0 0 0 0 0 0 0 0
100 93 0 0 0 0 0 0 0 0 0 0 0 168 115 1 2 0 0 0 0 0 0 0 0 0
103 98 0 0 0 0 0 0 0 0 0 0 0 180 122 2 2 0 0 0 0 0 0 0 0 0
106 103 0 0 0 0 0 0 0 0 0 0 0 184 125 2 2 0 0 0 0 0 0 0 0 0
110 106 0 0 0 0 0 0 0 0 0 0 0 187 128 2 2 0 0 0 0 0 0 0 0 0
115 109 0 0 0 0 0 0 0 0 0 0 0 203 132 2 2 0 0 0 0 0 0 0 0 0
119 112 0 0 0 0 0 0 0 0 0 0 0 209 135 2 2 1 0 0 0 0 0 0 0 0
123 115 0 0 0 0 0 0 0 0 0 0 0 213 138 2 2 1 0 0 0 0 0 0 0 0
126 119 0 0 0 0 0 0 0 0 0 0 0 224 143 2 2 1 0 0 0 0 0 0 0 0
131 127 0 0 0 0 0 0 0 0 0 0 0 227 148 2 2 1 0 0 0 0 0 0 0 0
134 131 0 0 0 0 0 0 0 0 0 0 0 230 155 2 2 1 0 0 0 0 0 0 0 0
137 135 0 0 0 0 0 0 0 0 0 0 0 233 158 2 2 1 0 0 0 0 0 0 0 0
146 138 0 0 0 0 0 0 0 0 0 0 0 236 163 2 2 1 0 0 0 0 0 0 0 0
152 141 0 0 0 0 0 0 0 0 0 0 0 247 167 2 2 1 0 0 0 0 0 0 0 0
162 148 0 0 0 0 0 0 0 0 0 0 0 250 170 2 2 1 0 0 0 0 0 0 0 0
170 151 0 0 0 0 0 0 0 0 0 0 0 255 175 2 2 1 0 0 0 0 0 0 0 0
173 154 0 0 0 0 0 0 0 0 0 0 0 260 181 2 2 1 0 0 0 0 0 0 0 0
176 158 0 0 0 0 0 0 0 0 0 0 0 263 185 2 2 1 0 0 0 0 0 0 0 0
186 164 0 0 0 0 0 0 0 0 0 0 0 270 191 2 2 1 0 0 0 0 0 0 0 0
