# scores for worst/random/best/smart move selector strategies. 
# scores are 50% and 95% quantiles (based on 40 games) of: 
# game score, #destroyed, #unlocked, #stripes, #bombs, #zappers
0 0 0 0 0 0 0 0 0 0 0 0 0 6 6 0 0 0 0 0 0 0 0 0 0 0
3 3 0 0 0 0 0 0 0 0 0 0 0 12 12 0 0 0 0 0 0 0 0 0 0 0
8 8 0 0 0 0 0 0 0 0 0 0 0 20 18 0 0 0 0 0 0 0 0 0 0 0
12 12 0 0 0 0 0 0 0 0 0 0 0 39 24 0 0 0 0 0 0 0 0 0 0 0
18 18 0 0 0 0 0 0 0 0 0 0 0 57 29 0 1 0 0 0 0 0 0 0 0 0
21 21 0 0 0 0 0 0 0 0 0 0 0 80 34 1 2 0 0 0 0 0 0 0 0 0
25 25 0 0 0 0 0 0 0 0 0 0 0 83 37 2 2 0 0 0 0 0 0 0 0 0
32 30 0 0 0 0 0 0 0 0 0 0 0 86 41 2 2 0 0 0 0 0 0 0 0 0
38 36 0 0 0 0 0 0 0 0 0 0 0 89 46 2 2 0 0 0 0 0 0 0 0 0
42 39 0 0 0 0 0 0 0 0 0 0 0 107 55 2 2 0 0 0 0 0 0 0 0 0
47 44 0 0 0 0 0 0 0 0 0 0 0 112 59 2 2 0 0 0 0 0 0 0 0 0
54 49 0 0 0 0 0 0 0 0 0 0 0 124 63 3 3 0 0 0 0 0 0 0 0 0
59 57 0 0 0 0 0 0 0 0 0 0 0 136 68 5 3 0 0 0 0 0 0 0 0 0
67 62 0 0 0 0 0 0 0 0 0 0 0 139 72 5 3 0 0 0 0 0 0 0 0 0
73 66 0 0 0 0 0 0 0 0 0 0 0 143 86 5 3 0 0 0 0 0 0 0 0 0
78 72 0 0 0 0 0 0 0 0 0 0 0 147 90 5 3 0 0 1 0 0 0 0 0 0
85 75 0 1 0 0 0 0 0 0 0 0 0 197 98 5 3 0 0 1 0 0 0 0 0 0
92 79 0 1 0 0 0 0 0 0 0 0 0 234 111 6 3 1 0 1 0 0 0 0 0 0
97 84 0 1 0 0 0 0 0 0 0 0 0 237 125 6 3 1 0 1 0 0 0 0 0 0
105 90 0 1 0 0 0 0 0 0 0 0 0 240 128 6 4 1 0 1 0 0 0 0 0 0
116 94 0 1 0 0 0 0 0 0 0 0 0 245 131 7 4 1 0 1 0 0 0 0 0 0
126 100 0 1 0 0 0 0 0 0 0 0 0 249 134 7 4 1 0 1 0 0 0 0 0 0
138 106 0 1 0 0 0 0 0 0 0 0 0 255 139 7 5 1 0 1 1 0 0 0 0 0
149 111 0 1 0 0 0 0 0 0 0 0 0 260 144 7 5 1 0 1 1 0 0 0 0 0
158 115 0 1 0 0 0 0 0 0 0 0 0 265 149 7 5 1 0 1 1 0 0 0 0 0
167 121 1 2 0 0 0 0 0 0 0 0 0 290 152 7 5 1 0 1 1 0 0 0 0 0
171 124 1 2 0 0 0 0 0 0 0 0 0 293 161 7 5 1 0 1 1 0 0 0 0 0
182 131 1 2 0 0 0 0 0 0 0 0 0 297 169 7 5 1 0 1 1 0 0 0 0 0
188 137 1 2 0 0 0 0 0 0 0 0 0 300 172 7 5 1 1 1 1 0 1 0 0 0
193 142 1 2 0 0 0 0 0 0 0 0 0 303 176 7 5 1 1 1 1 0 1 0 0 0
197 146 1 2 0 0 0 0 0 0 0 0 0 307 181 7 5 1 1 1 1 0 1 0 0 0
206 152 1 2 0 0 0 0 0 0 0 0 0 310 187 8 5 1 1 1 1 0 1 0 0 0
218 158 1 2 0 0 0 0 0 0 0 0 0 318 197 8 5 1 1 1 1 0 1 0 0 0
231 161 2 3 0 0 0 0 0 0 0 0 0 326 202 9 6 1 1 1 1 0 1 0 0 0
241 166 2 3 0 0 0 0 0 0 0 0 0 330 210 9 6 1 1 1 1 0 1 0 0 0
249 172 2 3 0 0 0 0 0 0 0 0 0 374 213 9 6 1 1 1 1 0 1 0 0 0
257 175 2 3 0 0 0 0 0 0 0 0 0 388 220 9 6 1 1 1 1 0 1 0 0 0
262 178 2 3 0 0 0 0 0 0 0 0 0 391 228 9 6 1 1 1 1 0 1 0 0 0
271 181 2 3 0 0 0 0 0 0 0 0 0 411 233 9 6 1 1 1 1 0 1 0 0 0
274 185 2 3 0 0 0 0 0 0 0 0 0 426 237 9 7 1 1 1 1 0 1 0 0 0
284 193 2 3 0 0 0 0 0 0 0 0 0 429 244 9 8 1 1 1 1 0 1 0 0 0
