# scores for worst/random/best/smart move selector strategies. 
# scores are 50% and 95% quantiles (based on 40 games) of: 
# game score, #destroyed, #unlocked, #stripes, #bombs, #zappers
0 0 0 0 0 0 0 0 0 0 0 0 0 6 6 0 0 0 0 0 0 0 0 0 0 0
3 3 0 0 0 0 0 0 0 0 0 0 0 12 12 0 0 0 0 0 0 0 0 0 0 0
9 9 0 0 0 0 0 0 0 0 0 0 0 15 15 0 0 0 0 0 0 0 0 0 0 0
12 12 0 0 0 0 0 0 0 0 0 0 0 21 21 0 0 0 0 0 0 0 0 0 0 0
17 17 0 0 0 0 0 0 0 0 0 0 0 24 24 0 0 0 0 0 0 0 0 0 0 0
21 21 0 0 0 0 0 0 0 0 0 0 0 35 32 0 0 0 0 0 0 0 0 0 0 0
27 27 0 0 0 0 0 0 0 0 0 0 0 45 38 0 0 0 0 0 0 0 0 0 0 0
30 30 0 0 0 0 0 0 0 0 0 0 0 60 44 0 1 0 0 0 0 0 0 0 0 0
36 36 0 0 0 0 0 0 0 0 0 0 0 84 52 0 1 0 0 0 0 0 0 0 0 0
39 39 0 0 0 0 0 0 0 0 0 0 0 94 57 0 1 0 0 0 0 0 0 0 0 0
45 45 0 0 0 0 0 0 0 0 0 0 0 99 62 2 1 0 0 0 0 0 0 0 0 0
51 49 0 0 0 0 0 0 0 0 0 0 0 105 68 2 1 0 0 0 0 0 0 0 0 0
54 54 0 0 0 0 0 0 0 0 0 0 0 111 76 2 1 0 0 0 0 0 0 0 0 0
58 57 0 0 0 0 0 0 0 0 0 0 0 116 81 2 1 0 0 0 0 0 0 0 0 0
62 61 0 0 0 0 0 0 0 0 0 0 0 123 85 2 1 0 0 0 0 0 0 0 0 0
66 64 0 0 0 0 0 0 0 0 0 0 0 126 89 2 1 0 0 0 0 0 0 0 0 0
69 69 0 0 0 0 0 0 0 0 0 0 0 141 95 2 1 0 0 0 0 0 0 0 0 0
72 72 0 0 0 0 0 0 0 0 0 0 0 144 100 2 1 0 0 0 0 0 0 0 0 0
79 76 0 0 0 0 0 0 0 0 0 0 0 148 104 2 1 0 0 0 0 0 0 0 0 0
83 81 0 0 0 0 0 0 0 0 0 0 0 161 109 2 1 0 0 0 0 0 0 0 0 0
89 85 0 0 0 0 0 0 0 0 0 0 0 164 113 2 1 0 0 0 0 0 0 0 0 0
96 91 0 0 0 0 0 0 0 0 0 0 0 174 118 3 2 0 0 0 0 0 0 0 0 0
104 95 0 0 0 0 0 0 0 0 0 0 0 178 127 3 2 0 0 0 0 0 0 0 0 0
107 99 0 0 0 0 0 0 0 0 0 0 0 200 135 3 2 0 0 0 0 0 0 0 0 0
119 103 0 0 0 0 0 0 0 0 0 0 0 221 138 3 2 1 1 0 0 0 0 0 0 0
127 108 0 0 0 0 0 0 0 0 0 0 0 231 143 3 2 1 1 0 0 0 0 0 0 0
131 113 0 0 0 0 0 0 0 0 0 0 0 248 146 3 3 1 1 0 0 0 0 0 0 0
139 119 0 1 0 0 0 0 0 0 0 0 0 266 153 3 3 1 1 1 0 0 0 0 0 0
143 124 0 1 0 0 0 0 0 0 0 0 0 270 157 3 3 1 1 1 0 0 0 0 0 0
147 130 0 1 0 0 0 0 0 0 0 0 0 274 160 3 3 1 1 1 0 0 0 0 0 0
150 133 0 1 0 0 0 0 0 0 0 0 0 279 167 3 3 1 1 1 0 0 0 0 0 0
163 139 0 1 0 0 0 0 0 0 0 0 0 284 171 3 3 1 1 1 0 0 0 0 0 0
169 142 0 1 0 0 0 0 0 0 0 0 0 287 174 3 3 1 1 1 0 0 0 0 0 0
172 145 0 1 0 0 0 0 0 0 0 0 0 294 177 4 4 1 1 1 0 0 0 0 0 0
177 151 0 1 0 0 0 0 0 0 0 0 0 297 180 4 4 1 1 1 0 0 0 0 0 0
184 155 0 1 0 0 0 0 0 0 0 0 0 300 183 4 4 1 1 1 0 0 0 0 0 0
195 160 0 1 0 0 0 0 0 0 0 0 0 303 189 4 4 1 1 1 0 0 0 0 0 0
198 166 0 1 0 0 0 0 0 0 0 0 0 306 192 4 4 1 1 1 0 0 0 0 0 0
210 170 0 1 0 0 0 0 0 0 0 0 0 309 198 4 4 1 1 1 0 0 0 0 0 0
215 175 0 1 0 0 0 0 0 0 0 0 0 321 201 4 4 1 1 1 0 0 0 0 0 0
220 181 0 1 0 0 0 0 0 0 0 0 0 346 205 4 4 1 1 1 0 0 0 0 0 0
