# scores for worst/random/best/smart move selector strategies. 
# scores are 50% and 95% quantiles (based on 40 games) of: 
# game score, #destroyed, #unlocked, #stripes, #bombs, #zappers
0 0 0 0 0 0 0 0 0 0 0 0 0 6 6 0 0 0 0 0 0 0 0 0 0 0
3 3 0 0 0 0 0 0 0 0 0 0 0 12 12 0 0 0 0 0 0 0 0 0 0 0
8 8 0 0 0 0 0 0 0 0 0 0 0 18 18 0 0 0 0 0 0 0 0 0 0 0
12 12 0 0 0 0 0 0 0 0 0 0 0 49 25 0 1 0 0 0 0 0 0 0 0 0
18 17 0 0 0 0 0 0 0 0 0 0 0 77 34 0 1 0 0 0 0 0 0 0 0 0
21 21 0 0 0 0 0 0 0 0 0 0 0 104 40 1 1 0 0 0 0 0 0 0 0 0
27 27 0 0 0 0 0 0 0 0 0 0 0 109 50 1 1 0 0 0 0 0 0 0 0 0
31 30 0 0 0 0 0 0 0 0 0 0 0 124 61 1 2 0 0 0 0 0 0 0 0 0
35 34 0 0 0 0 0 0 0 0 0 0 0 130 65 2 2 0 0 1 0 0 0 0 0 0
43 40 0 0 0 0 0 0 0 0 0 0 0 141 71 2 2 0 0 1 0 0 0 0 0 0
57 49 0 0 0 0 0 0 0 0 0 0 0 159 83 3 3 0 0 1 0 0 0 0 0 0
70 53 0 1 0 0 0 0 0 0 0 0 0 162 86 3 3 0 0 1 0 0 0 0 0 0
78 58 0 1 0 0 0 0 0 0 0 0 0 166 93 3 3 0 0 1 0 0 0 0 0 0
87 64 0 1 0 0 0 0 0 0 0 0 0 171 102 4 3 0 1 1 0 0 1 0 0 0
97 71 0 1 0 0 0 0 0 0 0 0 0 181 107 5 4 0 1 1 0 0 1 0 0 0
106 76 0 1 0 0 0 0 0 0 0 0 0 199 115 5 4 1 1 1 0 0 1 0 0 0
128 84 1 2 0 0 0 0 0 0 0 0 0 250 123 7 4 1 1 1 1 0 1 0 0 0
143 91 2 2 0 0 0 0 0 0 0 0 0 259 130 7 4 1 1 1 1 0 1 0 0 0
149 94 2 2 0 0 0 0 0 0 0 0 0 263 133 7 4 1 1 1 1 0 1 0 0 0
155 101 2 2 0 0 0 0 0 0 0 0 0 268 136 7 5 1 1 1 1 0 1 0 0 0
165 108 2 2 0 0 0 0 0 0 0 0 0 272 140 7 5 1 1 1 1 0 1 0 0 0
190 112 2 2 0 0 0 0 0 0 0 0 0 292 144 7 5 1 1 2 1 0 1 0 0 0
197 119 2 3 0 0 0 0 0 0 0 0 0 310 152 7 6 1 1 2 1 0 1 0 0 0
212 125 3 3 0 0 0 0 0 0 0 0 0 363 157 7 7 1 1 2 1 0 1 0 0 0
223 130 3 3 0 0 0 0 0 0 0 0 0 381 174 8 8 1 1 2 1 0 1 0 0 0
235 137 3 3 0 0 0 0 0 0 0 0 0 441 178 8 9 1 1 2 1 0 1 0 0 0
239 142 3 3 0 0 0 0 0 0 0 0 0 507 196 8 9 1 1 2 1 0 1 0 0 0
250 149 3 3 0 0 0 0 0 0 0 0 0 619 206 8 12 1 1 2 1 0 1 0 0 0
272 160 3 4 0 0 0 0 0 0 0 0 0 639 214 8 12 1 1 2 1 0 1 0 0 0
290 165 3 4 0 0 0 0 0 0 0 0 0 643 220 10 12 1 1 2 1 0 1 0 0 0
314 170 3 4 0 0 0 0 0 0 0 0 0 646 224 10 12 1 1 2 1 0 1 0 0 0
334 177 3 4 0 0 0 0 0 0 0 0 0 666 230 10 13 1 1 2 1 0 1 0 0 0
349 184 3 5 1 0 0 0 0 0 0 0 0 691 243 10 13 2 2 2 1 0 1 0 0 0
353 187 3 5 1 0 0 0 0 0 0 0 0 697 246 10 13 2 2 2 1 0 1 0 0 0
359 196 3 5 1 0 1 0 0 0 0 0 0 741 253 10 14 2 2 2 1 0 1 0 0 0
364 202 3 5 1 0 1 0 0 0 0 0 0 744 259 10 14 2 2 2 1 0 1 0 0 0
389 207 3 5 1 0 1 0 0 0 0 0 0 748 263 10 14 2 2 2 1 0 2 0 0 0
393 212 3 5 1 0 1 0 0 0 0 0 0 765 276 10 15 2 2 2 1 0 2 0 0 0
419 220 3 6 1 0 1 0 0 0 0 0 0 768 280 10 18 2 3 2 1 0 2 1 0 0
440 228 4 6 1 0 1 0 0 0 0 0 0 776 288 10 18 2 3 2 1 0 2 1 0 0
475 237 4 6 1 1 1 0 0 0 0 0 0 1017 318 12 19 2 3 2 1 0 2 1 0 0
