# scores for worst/random/best/smart move selector strategies. 
# scores are 50% and 95% quantiles (based on 40 games) of: 
# game score, #destroyed, #unlocked, #stripes, #bombs, #zappers
0 0 0 0 0 0 0 0 0 0 0 0 0 6 6 0 0 0 0 0 0 0 0 0 0 0
3 3 0 0 0 0 0 0 0 0 0 0 0 12 12 0 0 0 0 0 0 0 0 0 0 0
6 6 0 0 0 0 0 0 0 0 0 0 0 18 18 0 0 0 0 0 0 0 0 0 0 0
12 12 0 0 0 0 0 0 0 0 0 0 0 24 24 0 0 0 0 0 0 0 0 0 0 0
15 15 0 0 0 0 0 0 0 0 0 0 0 29 29 0 0 0 0 0 0 0 0 0 0 0
21 21 0 0 0 0 0 0 0 0 0 0 0 33 33 0 0 0 0 0 0 0 0 0 0 0
24 24 0 0 0 0 0 0 0 0 0 0 0 42 42 0 0 0 0 0 0 0 0 0 0 0
27 27 0 0 0 0 0 0 0 0 0 0 0 45 45 0 0 0 0 0 0 0 0 0 0 0
32 32 0 0 0 0 0 0 0 0 0 0 0 48 48 0 0 0 0 0 0 0 0 0 0 0
36 36 0 0 0 0 0 0 0 0 0 0 0 54 54 0 0 0 0 0 0 0 0 0 0 0
40 40 0 0 0 0 0 0 0 0 0 0 0 71 59 0 0 0 0 0 0 0 0 0 0 0
45 44 0 0 0 0 0 0 0 0 0 0 0 80 62 0 1 0 0 0 0 0 0 0 0 0
51 50 0 0 0 0 0 0 0 0 0 0 0 83 67 0 1 0 0 0 0 0 0 0 0 0
54 54 0 0 0 0 0 0 0 0 0 0 0 86 73 0 1 0 0 0 0 0 0 0 0 0
57 57 0 0 0 0 0 0 0 0 0 0 0 89 77 0 1 0 0 0 0 0 0 0 0 0
61 60 0 0 0 0 0 0 0 0 0 0 0 99 80 0 1 0 0 0 0 0 0 0 0 0
67 66 0 0 0 0 0 0 0 0 0 0 0 104 84 0 1 0 0 0 0 0 0 0 0 0
72 69 0 0 0 0 0 0 0 0 0 0 0 107 89 0 1 0 0 0 0 0 0 0 0 0
78 76 0 0 0 0 0 0 0 0 0 0 0 124 97 0 1 0 0 0 0 0 0 0 0 0
85 81 0 0 0 0 0 0 0 0 0 0 0 137 101 0 1 0 0 0 0 0 0 0 0 0
88 84 0 0 0 0 0 0 0 0 0 0 0 142 105 1 1 0 0 0 0 0 0 0 0 0
93 90 0 0 0 0 0 0 0 0 0 0 0 147 111 1 1 0 0 0 0 0 0 0 0 0
96 95 0 0 0 0 0 0 0 0 0 0 0 153 114 1 1 0 0 0 0 0 0 0 0 0
99 99 0 0 0 0 0 0 0 0 0 0 0 156 120 1 1 0 0 0 0 0 0 0 0 0
109 102 0 0 0 0 0 0 0 0 0 0 0 159 126 1 1 1 0 0 0 0 0 0 0 0
116 107 0 0 0 0 0 0 0 0 0 0 0 176 129 1 1 1 0 0 0 0 0 0 0 0
121 115 0 0 0 0 0 0 0 0 0 0 0 181 133 1 1 1 0 0 0 0 0 0 0 0
124 118 0 0 0 0 0 0 0 0 0 0 0 184 141 1 1 1 0 0 0 0 0 0 0 0
129 121 0 0 0 0 0 0 0 0 0 0 0 190 144 1 1 1 0 0 0 0 0 0 0 0
132 125 0 0 0 0 0 0 0 0 0 0 0 198 149 1 1 1 0 0 0 0 0 0 0 0
139 130 0 0 0 0 0 0 0 0 0 0 0 213 153 1 1 1 0 0 0 0 0 0 0 0
142 133 0 0 0 0 0 0 0 0 0 0 0 224 162 1 1 1 0 0 0 0 0 0 0 0
147 137 0 0 0 0 0 0 0 0 0 0 0 227 165 1 1 1 0 0 0 0 0 0 0 0
157 140 0 0 0 0 0 0 0 0 0 0 0 230 171 1 2 1 0 0 0 0 0 0 0 0
160 145 0 0 0 0 0 0 0 0 0 0 0 252 176 1 2 1 0 0 0 0 0 0 0 0
166 150 0 0 0 0 0 0 0 0 0 0 0 265 181 1 2 1 0 0 0 0 0 0 0 0
170 153 0 0 0 0 0 0 0 0 0 0 0 269 186 1 2 1 0 0 0 0 0 0 0 0
173 156 0 0 0 0 0 0 0 0 0 0 0 274 189 1 2 1 1 0 0 0 1 0 0 0
178 161 0 0 0 0 0 0 0 0 0 0 0 277 192 1 2 1 1 0 0 0 1 0 0 0
186 166 0 0 0 0 0 0 0 0 0 0 0 281 195 1 2 1 1 0 0 0 1 0 0 0
190 171 0 0 0 0 0 0 0 0 0 0 0 284 200 1 2 1 1 0 0 0 1 0 0 0
