# scores for worst/random/best/smart move selector strategies. 
# scores are 50% and 95% quantiles (based on 40 games) of: 
# game score, #destroyed, #unlocked, #stripes, #bombs, #zappers
6 6 0 0 0 0 0 0 0 0 0 0 0 16 16 0 0 0 0 0 0 0 0 0 0 0
15 15 0 0 0 0 0 0 0 0 0 0 0 110 37 0 0 1 1 0 0 0 1 0 0 0
23 22 0 0 0 0 0 0 0 0 0 0 0 142 55 0 1 1 1 0 0 0 1 0 0 0
61 30 0 0 0 0 0 0 0 0 0 0 0 252 82 0 2 1 1 0 0 0 1 0 0 0
78 40 0 0 0 0 0 0 0 0 0 0 0 262 90 0 2 2 1 0 0 0 1 0 0 0
122 49 0 1 0 0 0 0 0 0 0 0 0 357 111 0 4 2 1 1 1 0 1 0 0 0
133 57 0 1 0 0 0 0 0 0 0 0 0 369 122 0 4 2 1 1 1 0 1 0 0 0
176 71 0 2 1 0 0 0 0 0 0 0 0 437 136 0 4 3 1 1 1 0 1 0 0 0
191 79 0 3 1 0 0 0 0 0 0 0 0 455 150 0 6 3 1 1 1 0 1 0 0 0
210 85 0 3 1 0 0 0 0 0 0 0 0 465 154 0 6 3 1 1 1 0 1 0 0 0
229 98 0 4 1 0 0 0 0 0 0 0 0 573 187 0 7 5 2 1 1 0 1 0 0 0
255 109 0 4 1 0 0 0 0 0 0 0 0 587 205 0 7 5 2 1 1 0 2 0 0 0
285 119 0 4 1 0 0 0 0 0 0 0 0 637 216 0 8 5 2 1 1 0 2 0 0 0
320 128 0 5 1 0 0 0 0 0 0 0 0 659 231 0 9 5 2 2 1 0 2 0 0 0
364 138 0 5 1 1 0 0 0 1 0 0 0 866 239 0 10 8 2 2 1 0 2 0 0 0
404 149 0 6 1 1 1 0 0 1 0 0 0 898 250 0 14 8 2 2 1 0 2 0 0 0
429 163 0 7 1 1 1 0 0 1 0 0 0 903 259 0 14 8 2 2 1 0 2 0 0 0
445 170 0 7 1 1 1 0 0 1 0 0 0 908 265 0 14 8 2 2 1 0 2 0 0 0
466 184 0 7 1 1 1 0 0 1 0 0 0 963 291 0 14 9 3 2 2 0 3 0 0 0
513 197 0 7 1 1 1 0 0 1 0 0 0 1006 307 0 16 9 3 3 2 0 3 1 0 0
543 207 0 8 2 1 1 0 0 1 0 0 0 1022 322 0 19 9 3 3 2 0 3 1 0 0
594 218 0 9 2 1 1 0 0 1 0 0 0 1028 327 0 20 9 3 3 2 0 3 1 0 0
627 229 0 10 2 1 1 0 0 1 0 0 0 1126 347 0 20 12 3 3 2 0 3 1 1 0
635 238 0 11 2 1 1 0 0 1 0 0 0 1175 360 0 20 12 3 3 2 0 3 1 1 0
670 247 0 11 2 1 1 0 0 1 0 0 0 1191 370 0 20 12 3 3 2 0 3 1 1 0
701 266 0 11 2 1 1 0 0 1 0 0 0 1234 380 0 21 12 4 3 2 0 3 1 1 0
738 272 0 11 2 1 1 0 0 1 0 0 0 1277 384 0 21 12 4 3 2 0 3 1 1 0
747 281 0 12 2 1 1 0 0 1 0 0 0 1361 408 0 21 13 4 3 2 0 3 1 1 0
781 290 0 12 3 1 1 1 0 1 0 0 0 1367 417 0 24 13 4 3 2 0 3 1 1 0
786 296 0 12 3 1 1 1 0 1 0 0 0 1390 429 0 24 13 4 4 2 0 3 1 1 0
848 308 0 14 3 1 1 1 0 1 0 0 0 1423 432 0 24 13 4 4 2 0 4 1 1 0
885 318 0 14 3 1 2 1 0 1 0 0 0 1428 436 0 24 13 4 4 2 1 4 1 1 0
927 331 0 15 3 2 2 1 0 1 0 0 0 1467 455 0 24 13 4 4 2 1 4 1 1 0
939 344 0 15 3 2 2 1 0 1 0 0 0 1475 459 0 26 13 4 4 2 1 4 1 1 0
971 349 0 15 3 2 2 1 0 1 0 0 0 1574 475 0 26 13 4 4 2 1 4 1 1 0
997 354 0 15 3 2 2 1 0 1 0 0 0 1609 481 0 27 13 4 4 2 1 4 1 1 0
1031 371 0 16 3 2 2 1 0 1 0 0 0 1619 490 0 28 13 4 4 2 1 4 1 1 0
1077 382 0 18 4 2 2 1 0 1 0 0 0 1750 515 0 28 14 4 4 2 1 4 1 1 0
1108 389 0 18 4 2 2 1 0 1 0 0 0 1760 522 0 29 14 4 4 2 1 4 1 1 0
1115 397 0 18 4 2 2 1 0 1 0 0 0 1765 525 0 30 14 4 4 2 1 4 1 1 0
1141 407 0 18 4 2 2 1 0 1 0 0 0 1771 531 0 30 14 4 4 2 1 4 1 1 0
