# scores for worst/random/best/smart move selector strategies. 
# scores are 50% and 95% quantiles (based on 40 games) of: 
# game score, #destroyed, #unlocked, #stripes, #bombs, #zappers
6 6 0 0 0 0 0 0 0 0 0 0 0 16 16 0 0 0 0 0 0 0 0 0 0 0
10 10 0 0 0 0 0 0 0 0 0 0 0 23 23 0 0 0 0 0 0 0 0 0 0 0
14 14 0 0 0 0 0 0 0 0 0 0 0 34 34 0 0 0 0 0 0 0 0 0 0 0
18 18 0 0 0 0 0 0 0 0 0 0 0 62 39 0 0 0 0 0 0 0 0 0 0 0
23 23 0 0 0 0 0 0 0 0 0 0 0 65 42 0 0 0 0 0 0 0 0 0 0 0
30 30 0 0 0 0 0 0 0 0 0 0 0 83 65 0 0 1 0 0 0 0 0 0 0 0
36 36 0 0 0 0 0 0 0 0 0 0 0 92 68 0 0 1 0 0 0 0 0 0 0 0
39 39 0 0 0 0 0 0 0 0 0 0 0 98 73 0 1 1 0 0 0 0 0 0 0 0
45 44 0 0 0 0 0 0 0 0 0 0 0 105 76 0 1 1 0 0 0 0 0 0 0 0
48 47 0 0 0 0 0 0 0 0 0 0 0 137 83 0 1 1 0 0 0 0 0 0 0 0
53 51 0 0 0 0 0 0 0 0 0 0 0 146 90 0 1 1 0 0 0 0 0 0 0 0
57 56 0 0 0 0 0 0 0 0 0 0 0 151 94 0 1 1 0 0 0 0 0 0 0 0
65 61 0 0 0 0 0 0 0 0 0 0 0 154 101 0 1 1 0 0 0 0 0 0 0 0
68 66 0 0 0 0 0 0 0 0 0 0 0 157 106 0 2 1 0 0 0 0 0 0 0 0
81 69 0 0 0 0 0 0 0 0 0 0 0 161 112 0 2 1 0 0 0 0 0 0 0 0
91 76 0 0 0 0 0 0 0 0 0 0 0 170 124 0 2 1 0 0 0 0 0 0 0 0
95 82 0 0 0 0 0 0 0 0 0 0 0 180 128 0 2 1 0 0 0 0 0 0 0 0
108 86 0 0 0 0 0 0 0 0 0 0 0 185 133 0 2 1 0 0 0 0 0 0 0 0
112 91 0 0 0 0 0 0 0 0 0 0 0 191 137 0 2 1 0 0 0 0 0 0 0 0
120 97 0 0 0 0 0 0 0 0 0 0 0 213 141 0 2 1 0 0 0 0 0 0 0 0
127 101 0 0 0 0 0 0 0 0 0 0 0 216 144 0 2 1 0 0 0 0 0 0 0 0
130 104 0 0 0 0 0 0 0 0 0 0 0 221 154 0 2 1 0 0 0 0 0 0 0 0
134 107 0 0 0 0 0 0 0 0 0 0 0 224 157 0 2 1 0 0 0 0 0 0 0 0
141 111 0 0 0 0 0 0 0 0 0 0 0 228 164 0 2 1 0 0 0 0 0 0 0 0
151 117 0 0 0 0 0 0 0 0 0 0 0 235 175 0 3 1 0 0 0 0 0 0 0 0
156 124 0 0 0 0 0 0 0 0 0 0 0 272 188 0 3 1 0 0 0 0 0 0 0 0
161 133 0 1 0 0 0 0 0 0 0 0 0 280 198 0 3 1 0 0 0 0 0 0 0 0
178 141 0 1 0 0 0 0 0 0 0 0 0 309 208 0 3 1 0 0 0 0 0 0 0 0
188 146 0 1 0 0 0 0 0 0 0 0 0 340 211 0 3 1 0 0 0 0 0 0 0 0
192 150 0 1 0 0 0 0 0 0 0 0 0 402 232 0 3 2 0 0 0 0 0 0 0 0
199 155 0 1 0 0 0 0 0 0 0 0 0 410 237 0 3 2 0 0 0 0 0 0 0 0
203 159 0 1 0 0 0 0 0 0 0 0 0 413 240 0 3 2 0 0 0 0 0 0 0 0
207 163 0 1 0 0 0 0 0 0 0 0 0 416 243 0 3 2 0 0 0 0 0 0 0 0
216 166 0 1 0 0 0 0 0 0 0 0 0 422 250 0 4 2 0 0 0 0 0 0 0 0
219 171 0 1 0 0 0 0 0 0 0 0 0 425 253 0 4 2 0 0 0 0 0 0 0 0
222 175 0 1 0 0 0 0 0 0 0 0 0 431 258 0 4 2 0 0 0 0 0 0 0 0
225 182 0 1 0 0 0 0 0 0 0 0 0 434 266 0 4 2 0 0 0 0 0 0 0 0
230 188 0 1 0 0 0 0 0 0 0 0 0 437 269 0 4 2 0 0 0 0 0 0 0 0
240 193 0 1 0 0 0 0 0 0 0 0 0 440 273 0 4 2 0 0 0 0 0 0 0 0
243 196 0 1 0 0 0 0 0 0 0 0 0 456 283 0 4 2 0 0 0 0 0 0 0 0
248 199 0 1 0 0 0 0 0 0 0 0 0 459 286 0 4 2 0 0 0 0 0 0 0 0
