# scores for worst/random/best/smart move selector strategies. 
# scores are 50% and 95% quantiles (based on 40 games) of: 
# game score, #destroyed, #unlocked, #stripes, #bombs, #zappers
0 0 0 0 0 0 0 0 0 0 0 0 0 10 10 0 0 0 0 0 0 0 0 0 0 0
6 6 0 0 0 0 0 0 0 0 0 0 0 16 16 0 0 0 0 0 0 0 0 0 0 0
9 9 0 0 0 0 0 0 0 0 0 0 0 19 19 0 0 0 0 0 0 0 0 0 0 0
13 13 0 0 0 0 0 0 0 0 0 0 0 26 26 0 0 0 0 0 0 0 0 0 0 0
16 16 0 0 0 0 0 0 0 0 0 0 0 31 30 0 0 0 0 0 0 0 0 0 0 0
21 21 0 0 0 0 0 0 0 0 0 0 0 75 40 0 1 0 0 0 0 0 0 0 0 0
25 25 0 0 0 0 0 0 0 0 0 0 0 83 49 0 1 0 0 0 0 0 0 0 0 0
31 30 0 0 0 0 0 0 0 0 0 0 0 112 52 0 1 0 0 0 0 0 0 0 0 0
38 36 0 0 0 0 0 0 0 0 0 0 0 122 60 1 1 0 0 0 0 0 0 0 0 0
43 41 0 0 0 0 0 0 0 0 0 0 0 126 65 1 2 0 0 1 0 0 0 0 0 0
48 45 0 0 0 0 0 0 0 0 0 0 0 129 68 1 2 0 0 1 0 0 0 0 0 0
53 49 0 0 0 0 0 0 0 0 0 0 0 166 71 1 2 0 0 1 0 0 0 0 0 0
64 54 0 0 0 0 0 0 0 0 0 0 0 179 74 1 2 0 0 1 0 0 0 0 0 0
74 59 0 0 0 0 0 0 0 0 0 0 0 186 79 1 3 0 0 1 0 0 0 0 0 0
86 64 0 1 0 0 0 0 0 0 0 0 0 189 82 1 3 0 0 1 0 0 0 0 0 0
92 69 0 1 0 0 0 0 0 0 0 0 0 192 86 1 3 0 0 1 0 0 0 0 0 0
96 73 0 1 0 0 0 0 0 0 0 0 0 197 92 1 3 0 0 1 0 0 0 0 0 0
102 79 0 1 0 0 0 0 0 0 0 0 0 200 99 1 3 0 0 1 0 0 0 0 0 0
108 83 0 1 0 0 0 0 0 0 0 0 0 223 113 1 3 1 0 1 0 0 0 0 0 0
111 87 0 1 0 0 0 0 0 0 0 0 0 229 117 1 3 1 0 1 0 0 0 0 0 0
115 91 0 1 0 0 0 0 0 0 0 0 0 235 124 1 4 1 0 1 0 0 0 0 0 0
126 96 0 1 0 0 0 0 0 0 0 0 0 239 128 1 4 1 0 1 0 0 0 0 0 0
130 100 0 1 0 0 0 0 0 0 0 0 0 276 136 1 4 1 1 1 0 0 1 0 0 0
136 107 0 1 0 0 0 0 0 0 0 0 0 281 141 2 4 1 1 1 0 0 1 0 0 0
143 114 0 1 0 0 0 0 0 0 0 0 0 301 147 2 4 1 1 1 0 0 1 0 0 0
162 117 0 1 0 0 0 0 0 0 0 0 0 307 151 2 4 1 1 1 0 0 1 0 0 0
166 121 0 1 0 0 0 0 0 0 0 0 0 315 157 2 4 1 1 1 0 0 1 0 0 0
187 126 0 2 0 0 0 0 0 0 0 0 0 318 161 2 4 1 1 1 0 0 1 0 0 0
195 131 0 2 0 0 0 0 0 0 0 0 0 347 167 2 4 1 1 1 0 0 1 0 0 0
199 138 0 2 0 0 0 0 0 0 0 0 0 350 170 2 5 1 1 1 0 0 1 0 0 0
207 142 0 2 0 0 0 0 0 0 0 0 0 353 173 2 5 1 1 1 0 0 1 0 0 0
211 145 0 2 0 0 0 0 0 0 0 0 0 356 176 3 5 1 1 1 0 0 1 0 0 0
226 148 0 3 0 0 0 0 0 0 0 0 0 375 185 3 5 1 1 1 0 0 1 0 0 0
234 151 0 3 0 0 0 0 0 0 0 0 0 378 189 3 5 1 1 1 0 0 1 0 0 0
237 159 0 3 0 0 0 0 0 0 0 0 0 382 193 3 6 1 1 1 0 0 1 0 0 0
240 162 0 3 0 0 0 0 0 0 0 0 0 385 196 3 6 1 1 1 0 0 1 0 0 0
253 166 0 3 0 0 0 0 0 0 0 0 0 388 200 3 6 1 1 1 0 0 1 0 0 0
265 170 0 3 0 0 0 0 0 0 0 0 0 408 209 3 6 1 1 1 0 0 1 0 0 0
272 178 0 3 0 0 0 0 0 0 0 0 0 413 214 3 6 1 1 1 0 0 1 0 0 0
288 185 0 3 0 0 0 0 0 0 0 0 0 417 223 3 6 1 1 1 0 0 1 0 0 0
297 188 0 4 0 0 1 0 0 0 0 0 0 420 228 3 7 1 1 2 0 0 1 0 0 0
