# scores for worst/random/best/smart move selector strategies. 
# scores are 50% and 95% quantiles (based on 40 games) of: 
# game score, #destroyed, #unlocked, #stripes, #bombs, #zappers
0 0 0 0 0 0 0 0 0 0 0 0 0 10 10 0 0 0 0 0 0 0 0 0 0 0
6 6 0 0 0 0 0 0 0 0 0 0 0 18 18 0 0 0 0 0 0 0 0 0 0 0
9 9 0 0 0 0 0 0 0 0 0 0 0 35 22 0 0 0 0 0 0 0 0 0 0 0
15 15 0 0 0 0 0 0 0 0 0 0 0 53 28 1 1 0 0 0 0 0 0 0 0 0
22 21 0 0 0 0 0 0 0 0 0 0 0 71 35 1 1 0 0 0 0 0 0 0 0 0
28 28 0 0 0 0 0 0 0 0 0 0 0 87 41 1 1 0 1 0 0 0 1 0 0 0
39 33 0 0 0 0 0 0 0 0 0 0 0 95 46 1 1 0 1 0 0 0 1 0 0 0
58 39 0 0 0 0 0 0 0 0 0 0 0 135 57 1 2 0 1 0 0 0 1 0 0 0
68 46 0 0 0 0 0 0 0 0 0 0 0 149 65 1 2 0 1 0 0 0 1 0 0 0
82 52 0 1 0 0 0 0 0 0 0 0 0 165 76 1 3 0 1 0 0 0 1 0 0 0
96 56 0 1 0 0 0 0 0 0 0 0 0 220 101 3 3 0 1 1 0 0 1 0 0 0
99 61 0 1 0 0 0 0 0 0 0 0 0 227 107 3 3 0 1 1 0 0 1 0 0 0
109 68 0 1 0 0 0 0 0 0 0 0 0 262 113 3 3 0 1 1 0 0 1 0 0 0
123 75 0 1 0 0 0 0 0 0 0 0 0 271 119 4 3 1 1 1 0 0 1 0 0 0
136 78 0 2 0 0 0 0 0 0 0 0 0 277 128 4 3 1 2 1 0 0 2 0 0 0
148 84 0 2 0 0 0 0 0 0 0 0 0 298 131 4 4 1 2 1 0 0 2 0 0 0
156 91 0 2 0 0 0 0 0 0 0 0 0 303 139 4 4 1 2 1 1 0 2 0 0 0
162 97 0 2 0 0 0 0 0 0 0 0 0 333 151 4 4 1 2 1 1 0 2 0 0 0
177 104 0 2 0 0 0 0 0 0 0 0 0 339 159 4 5 1 2 1 1 0 2 0 0 0
191 115 0 2 0 0 0 0 0 0 0 0 0 353 168 4 5 1 2 1 1 0 2 0 0 0
225 120 0 3 0 0 0 0 0 0 0 0 0 390 176 4 5 2 2 1 1 0 2 0 0 0
231 128 0 3 0 0 0 0 0 0 0 0 0 399 186 4 5 2 2 1 1 0 2 0 0 0
242 134 0 3 0 0 0 0 0 0 0 0 0 410 194 4 6 2 2 1 1 0 2 0 0 0
263 137 0 3 0 0 0 0 0 0 0 0 0 471 205 4 6 2 2 1 1 0 2 0 0 0
280 146 0 4 0 0 0 0 0 0 0 0 0 479 213 4 6 2 2 1 1 0 2 0 0 0
299 154 1 4 0 0 0 0 0 0 0 0 0 499 219 4 7 2 2 1 1 0 2 0 0 0
313 159 1 4 0 0 0 0 0 0 0 0 0 525 224 4 7 2 2 1 1 0 2 0 0 0
317 164 1 4 0 0 0 0 0 0 0 0 0 530 231 4 8 2 2 1 1 0 2 0 0 0
326 175 1 4 0 0 0 0 0 0 0 0 0 554 238 4 9 2 2 1 1 0 2 0 0 0
335 181 1 4 0 0 0 0 0 0 0 0 0 567 247 4 9 2 3 1 1 0 3 0 0 0
361 186 1 5 0 0 0 0 0 0 0 0 0 582 251 4 9 2 3 1 1 0 3 0 0 0
385 194 1 5 0 0 0 0 0 0 0 0 0 606 263 4 9 2 3 1 1 0 3 0 0 0
389 199 1 5 0 0 0 0 0 0 0 0 0 617 266 4 9 2 3 1 1 0 3 0 0 0
399 208 1 5 1 0 0 0 0 0 0 0 0 633 270 4 9 2 3 1 1 0 3 0 0 0
414 219 1 6 1 0 0 0 0 0 0 0 0 638 276 4 10 2 3 2 1 0 3 0 0 0
421 224 1 6 1 0 0 0 0 0 0 0 0 642 280 4 10 2 3 2 1 0 3 0 0 0
460 231 1 6 1 0 1 0 0 0 0 0 0 657 284 4 10 2 3 2 1 0 3 0 0 0
466 237 1 6 1 0 1 0 0 0 0 0 0 676 291 4 11 2 3 2 1 0 3 0 0 0
477 242 1 6 1 0 1 0 0 0 0 0 0 703 299 4 12 3 3 2 1 0 3 0 0 0
486 247 1 6 1 0 1 0 0 0 0 0 0 706 305 4 12 3 3 2 1 0 3 0 0 0
493 254 1 6 1 0 1 0 0 0 0 0 0 722 310 4 12 3 3 2 1 0 3 0 0 0
