# scores for worst/random/best/smart move selector strategies. 
# scores are 50% and 95% quantiles (based on 40 games) of: 
# game score, #destroyed, #unlocked, #stripes, #bombs, #zappers
0 0 0 0 0 0 0 0 0 0 0 0 0 10 10 0 0 0 0 0 0 0 0 0 0 0
6 6 0 0 0 0 0 0 0 0 0 0 0 16 16 0 0 0 0 0 0 0 0 0 0 0
9 9 0 0 0 0 0 0 0 0 0 0 0 19 19 0 0 0 0 0 0 0 0 0 0 0
12 12 0 0 0 0 0 0 0 0 0 0 0 24 24 0 0 0 0 0 0 0 0 0 0 0
15 15 0 0 0 0 0 0 0 0 0 0 0 27 27 0 0 0 0 0 0 0 0 0 0 0
21 21 0 0 0 0 0 0 0 0 0 0 0 35 30 0 0 0 0 0 0 0 0 0 0 0
24 24 0 0 0 0 0 0 0 0 0 0 0 49 35 0 0 0 0 0 0 0 0 0 0 0
28 28 0 0 0 0 0 0 0 0 0 0 0 58 42 0 0 0 0 0 0 0 0 0 0 0
33 33 0 0 0 0 0 0 0 0 0 0 0 61 46 0 0 0 0 0 0 0 0 0 0 0
36 36 0 0 0 0 0 0 0 0 0 0 0 69 54 0 0 0 0 0 0 0 0 0 0 0
39 39 0 0 0 0 0 0 0 0 0 0 0 74 59 0 1 0 0 0 0 0 0 0 0 0
42 42 0 0 0 0 0 0 0 0 0 0 0 78 62 0 1 0 0 0 0 0 0 0 0 0
48 48 0 0 0 0 0 0 0 0 0 0 0 81 66 0 1 0 0 0 0 0 0 0 0 0
51 51 0 0 0 0 0 0 0 0 0 0 0 88 72 0 1 0 0 0 0 0 0 0 0 0
55 55 0 0 0 0 0 0 0 0 0 0 0 99 75 0 1 0 0 0 0 0 0 0 0 0
59 59 0 0 0 0 0 0 0 0 0 0 0 102 78 0 1 0 0 0 0 0 0 0 0 0
65 64 0 0 0 0 0 0 0 0 0 0 0 107 83 0 1 0 0 0 0 0 0 0 0 0
69 68 0 0 0 0 0 0 0 0 0 0 0 110 86 0 1 0 0 0 0 0 0 0 0 0
72 72 0 0 0 0 0 0 0 0 0 0 0 118 91 0 1 0 0 0 0 0 0 0 0 0
75 75 0 0 0 0 0 0 0 0 0 0 0 124 96 0 1 0 0 0 0 0 0 0 0 0
78 78 0 0 0 0 0 0 0 0 0 0 0 127 103 0 1 0 0 0 0 0 0 0 0 0
84 82 0 0 0 0 0 0 0 0 0 0 0 130 106 0 1 0 0 0 0 0 0 0 0 0
87 85 0 0 0 0 0 0 0 0 0 0 0 133 109 0 1 0 0 0 0 0 0 0 0 0
91 90 0 0 0 0 0 0 0 0 0 0 0 143 112 0 1 0 0 0 0 0 0 0 0 0
95 93 0 0 0 0 0 0 0 0 0 0 0 146 115 0 1 0 0 0 0 0 0 0 0 0
99 97 0 0 0 0 0 0 0 0 0 0 0 149 118 0 1 0 0 0 0 0 0 0 0 0
105 102 0 0 0 0 0 0 0 0 0 0 0 154 122 0 1 0 0 0 0 0 0 0 0 0
108 105 0 0 0 0 0 0 0 0 0 0 0 167 127 0 1 0 0 0 0 0 0 0 0 0
111 109 0 0 0 0 0 0 0 0 0 0 0 171 132 0 1 0 0 0 0 0 0 0 0 0
118 114 0 0 0 0 0 0 0 0 0 0 0 181 140 0 1 0 0 0 0 0 0 0 0 0
121 119 0 0 0 0 0 0 0 0 0 0 0 185 145 0 1 0 0 0 0 0 0 0 0 0
125 123 0 0 0 0 0 0 0 0 0 0 0 188 148 0 1 1 0 0 0 0 0 0 0 0
133 127 0 0 0 0 0 0 0 0 0 0 0 191 151 0 1 1 0 0 0 0 0 0 0 0
136 130 0 0 0 0 0 0 0 0 0 0 0 196 154 0 1 1 0 0 0 0 0 0 0 0
139 134 0 0 0 0 0 0 0 0 0 0 0 200 157 0 1 1 0 0 0 0 0 0 0 0
142 137 0 0 0 0 0 0 0 0 0 0 0 203 160 0 1 1 0 0 0 0 0 0 0 0
146 140 0 0 0 0 0 0 0 0 0 0 0 207 163 0 1 1 0 0 0 0 0 0 0 0
151 145 0 0 0 0 0 0 0 0 0 0 0 210 166 0 1 1 0 0 0 0 0 0 0 0
155 149 0 0 0 0 0 0 0 0 0 0 0 213 169 0 1 1 0 0 0 0 0 0 0 0
158 152 0 0 0 0 0 0 0 0 0 0 0 216 173 0 1 1 0 0 0 0 0 0 0 0
161 156 0 0 0 0 0 0 0 0 0 0 0 219 178 0 1 1 0 0 0 0 0 0 0 0
