# scores for worst/random/best/smart move selector strategies. 
# scores are 50% and 95% quantiles (based on 40 games) of: 
# game score, #destroyed, #unlocked, #stripes, #bombs, #zappers
0 0 0 0 0 0 0 0 0 0 0 0 0 6 6 0 0 0 0 0 0 0 0 0 0 0
6 6 0 0 0 0 0 0 0 0 0 0 0 12 12 0 0 0 0 0 0 0 0 0 0 0
10 10 0 0 0 0 0 0 0 0 0 0 0 74 21 0 1 0 0 0 0 0 0 0 0 0
14 14 0 0 0 0 0 0 0 0 0 0 0 83 27 0 2 0 0 0 0 0 0 0 0 0
18 18 0 0 0 0 0 0 0 0 0 0 0 86 31 0 2 0 0 1 0 0 0 0 0 0
22 22 0 0 0 0 0 0 0 0 0 0 0 119 38 0 2 0 0 1 0 0 0 0 0 0
27 26 0 0 0 0 0 0 0 0 0 0 0 123 41 0 2 0 0 1 0 0 0 0 0 0
31 30 0 0 0 0 0 0 0 0 0 0 0 126 44 0 2 0 0 1 0 0 0 0 0 0
37 35 0 0 0 0 0 0 0 0 0 0 0 129 50 0 2 0 0 1 0 0 0 0 0 0
46 39 0 0 0 0 0 0 0 0 0 0 0 145 55 0 3 1 0 1 0 0 0 0 0 0
62 43 0 0 0 0 0 0 0 0 0 0 0 151 65 0 3 1 0 1 0 0 0 0 0 0
70 47 0 1 0 0 0 0 0 0 0 0 0 170 71 0 3 1 0 1 0 0 0 0 0 0
79 52 0 1 0 0 0 0 0 0 0 0 0 173 80 0 3 1 0 1 0 0 0 0 0 0
88 55 0 1 0 0 0 0 0 0 0 0 0 185 85 0 4 1 0 1 0 0 0 0 0 0
95 60 0 1 0 0 0 0 0 0 0 0 0 188 88 0 4 1 0 1 0 0 0 0 0 0
101 63 0 1 0 0 0 0 0 0 0 0 0 195 92 0 4 1 0 1 0 0 0 0 0 0
107 67 0 1 0 0 0 0 0 0 0 0 0 229 103 0 4 1 0 1 1 0 0 0 0 0
125 72 0 2 0 0 0 0 0 0 0 0 0 241 107 0 4 1 0 1 1 0 0 0 0 0
130 76 0 2 0 0 0 0 0 0 0 0 0 260 112 0 5 1 0 2 1 0 0 0 0 0
142 83 0 2 0 0 0 0 0 0 0 0 0 283 120 0 5 1 0 2 1 0 0 0 0 0
152 87 0 2 0 0 0 0 0 0 0 0 0 308 128 0 5 1 0 2 1 0 0 0 0 0
155 90 0 2 0 0 0 0 0 0 0 0 0 318 134 0 6 1 0 2 1 0 0 0 0 0
167 96 0 2 0 0 0 0 0 0 0 0 0 325 140 0 6 1 0 2 1 0 0 0 0 0
175 103 0 2 0 0 0 0 0 0 0 0 0 329 143 0 6 1 0 2 1 0 0 0 0 0
183 107 0 2 0 0 0 0 0 0 0 0 0 332 149 0 6 1 1 2 1 0 1 0 0 0
191 113 0 2 0 0 0 0 0 0 0 0 0 336 154 0 6 1 1 2 1 0 1 0 0 0
200 119 0 2 0 0 0 0 0 0 0 0 0 339 157 0 6 1 1 2 1 0 1 0 0 0
204 123 0 2 0 0 0 0 0 0 0 0 0 343 160 0 6 1 1 2 1 0 1 0 0 0
220 126 0 2 0 0 0 0 0 0 0 0 0 347 167 0 6 1 1 2 1 0 1 0 0 0
223 129 0 2 0 0 0 0 0 0 0 0 0 374 172 0 7 1 1 2 1 0 1 0 0 0
240 137 0 3 0 0 0 0 0 0 0 0 0 381 176 0 7 1 1 2 1 0 1 0 0 0
244 140 0 3 0 0 0 0 0 0 0 0 0 400 180 0 7 1 1 2 1 0 1 0 0 0
252 145 0 4 0 0 0 0 0 0 0 0 0 404 186 0 7 1 1 2 1 0 1 0 0 0
263 149 0 4 0 0 0 0 0 0 0 0 0 407 189 0 7 1 1 2 1 0 1 0 0 0
271 153 0 4 0 0 0 0 0 0 0 0 0 411 195 0 7 1 1 2 1 0 1 0 0 0
281 157 0 4 0 0 0 0 0 0 0 0 0 418 201 0 8 1 1 2 1 0 1 0 0 0
291 162 0 4 0 0 0 0 0 0 0 0 0 422 205 0 8 1 1 2 1 0 1 0 0 0
298 168 0 4 0 0 0 0 0 0 0 0 0 425 214 0 8 1 1 2 1 0 1 0 0 0
304 172 0 4 0 0 0 0 0 0 0 0 0 466 220 0 9 2 1 2 1 0 1 0 0 0
309 175 0 4 0 0 0 0 0 0 0 0 0 472 225 0 9 2 1 2 1 0 1 0 0 0
312 180 0 4 0 0 0 0 0 0 0 0 0 488 233 0 9 2 1 2 1 0 1 0 0 0
