# scores for worst/random/best/smart move selector strategies. 
# scores are 50% and 95% quantiles (based on 40 games) of: 
# game score, #destroyed, #unlocked, #stripes, #bombs, #zappers
0 0 0 0 0 0 0 0 0 0 0 0 0 6 6 0 0 0 0 0 0 0 0 0 0 0
3 3 0 0 0 0 0 0 0 0 0 0 0 10 10 0 0 0 0 0 0 0 0 0 0 0
9 9 0 0 0 0 0 0 0 0 0 0 0 13 13 0 0 0 0 0 0 0 0 0 0 0
12 12 0 0 0 0 0 0 0 0 0 0 0 18 18 0 0 0 0 0 0 0 0 0 0 0
15 15 0 0 0 0 0 0 0 0 0 0 0 21 21 0 0 0 0 0 0 0 0 0 0 0
20 20 0 0 0 0 0 0 0 0 0 0 0 27 24 0 0 0 0 0 0 0 0 0 0 0
24 24 0 0 0 0 0 0 0 0 0 0 0 50 31 0 1 0 0 0 0 0 0 0 0 0
27 27 0 0 0 0 0 0 0 0 0 0 0 55 35 0 1 0 0 0 0 0 0 0 0 0
30 30 0 0 0 0 0 0 0 0 0 0 0 64 38 0 1 0 0 0 0 0 0 0 0 0
33 33 0 0 0 0 0 0 0 0 0 0 0 68 42 0 1 0 0 0 0 0 0 0 0 0
38 36 0 0 0 0 0 0 0 0 0 0 0 74 48 0 1 0 0 0 0 0 0 0 0 0
42 42 0 0 0 0 0 0 0 0 0 0 0 81 53 0 1 0 0 0 0 0 0 0 0 0
45 45 0 0 0 0 0 0 0 0 0 0 0 84 56 0 1 0 0 0 0 0 0 0 0 0
48 48 0 0 0 0 0 0 0 0 0 0 0 96 61 0 1 0 0 0 0 0 0 0 0 0
52 52 0 0 0 0 0 0 0 0 0 0 0 103 65 0 1 0 0 0 0 0 0 0 0 0
55 55 0 0 0 0 0 0 0 0 0 0 0 106 71 0 1 0 0 0 0 0 0 0 0 0
62 60 0 0 0 0 0 0 0 0 0 0 0 109 76 0 1 0 0 0 0 0 0 0 0 0
67 65 0 0 0 0 0 0 0 0 0 0 0 112 79 0 1 1 0 0 0 0 0 0 0 0
72 69 0 0 0 0 0 0 0 0 0 0 0 115 83 0 1 1 0 0 0 0 0 0 0 0
77 72 0 0 0 0 0 0 0 0 0 0 0 137 91 0 1 1 0 0 0 0 0 0 0 0
82 76 0 0 0 0 0 0 0 0 0 0 0 140 94 0 1 1 0 0 0 0 0 0 0 0
86 79 0 0 0 0 0 0 0 0 0 0 0 143 98 0 1 1 0 0 0 0 0 0 0 0
93 83 0 0 0 0 0 0 0 0 0 0 0 153 102 0 2 1 0 0 0 0 0 0 0 0
97 87 0 0 0 0 0 0 0 0 0 0 0 156 106 0 2 1 0 0 0 0 0 0 0 0
100 90 0 0 0 0 0 0 0 0 0 0 0 192 115 0 2 1 0 0 0 0 0 0 0 0
112 95 0 0 0 0 0 0 0 0 0 0 0 195 119 0 2 1 0 0 0 0 0 0 0 0
125 100 0 0 0 0 0 0 0 0 0 0 0 198 122 0 2 1 0 0 0 0 0 0 0 0
128 104 0 0 0 0 0 0 0 0 0 0 0 201 127 0 2 1 0 0 0 0 0 0 0 0
132 108 0 0 0 0 0 0 0 0 0 0 0 221 131 0 2 1 0 0 0 0 0 0 0 0
137 111 0 0 0 0 0 0 0 0 0 0 0 224 135 0 2 1 0 0 0 0 0 0 0 0
141 115 0 0 0 0 0 0 0 0 0 0 0 229 140 0 2 1 0 0 0 0 0 0 0 0
146 120 0 1 0 0 0 0 0 0 0 0 0 232 143 0 2 1 0 0 0 0 0 0 0 0
151 124 0 1 0 0 0 0 0 0 0 0 0 235 146 0 2 1 0 0 0 0 0 0 0 0
155 127 0 1 0 0 0 0 0 0 0 0 0 238 150 0 3 1 0 0 0 0 0 0 0 0
158 130 0 1 0 0 0 0 0 0 0 0 0 241 153 0 3 1 0 0 0 0 0 0 0 0
168 133 0 1 0 0 0 0 0 0 0 0 0 244 156 0 3 1 0 0 0 0 0 0 0 0
172 139 0 1 0 0 0 0 0 0 0 0 0 247 159 0 3 1 0 0 0 0 0 0 0 0
177 142 0 1 0 0 0 0 0 0 0 0 0 250 167 0 3 1 0 0 0 0 0 0 0 0
180 145 0 1 0 0 0 0 0 0 0 0 0 261 171 0 3 1 0 0 0 0 0 0 0 0
183 148 0 1 0 0 0 0 0 0 0 0 0 264 174 0 3 1 0 0 0 0 0 0 0 0
186 151 0 1 0 0 0 0 0 0 0 0 0 269 178 0 3 1 0 0 0 0 0 0 0 0
