# scores for worst/random/best/smart move selector strategies. 
# scores are 50% and 95% quantiles (based on 40 games) of: 
# game score, #destroyed, #unlocked, #stripes, #bombs, #zappers
0 0 0 0 0 0 0 0 0 0 0 0 0 6 6 0 0 0 0 0 0 0 0 0 0 0
3 3 0 0 0 0 0 0 0 0 0 0 0 10 10 0 0 0 0 0 0 0 0 0 0 0
9 9 0 0 0 0 0 0 0 0 0 0 0 14 14 0 0 0 0 0 0 0 0 0 0 0
12 12 0 0 0 0 0 0 0 0 0 0 0 17 17 0 0 0 0 0 0 0 0 0 0 0
15 15 0 0 0 0 0 0 0 0 0 0 0 24 20 0 0 0 0 0 0 0 0 0 0 0
19 19 0 0 0 0 0 0 0 0 0 0 0 30 26 0 0 0 0 0 0 0 0 0 0 0
24 24 0 0 0 0 0 0 0 0 0 0 0 34 31 0 0 0 0 0 0 0 0 0 0 0
27 27 0 0 0 0 0 0 0 0 0 0 0 39 36 0 0 0 0 0 0 0 0 0 0 0
30 30 0 0 0 0 0 0 0 0 0 0 0 51 43 0 0 0 0 0 0 0 0 0 0 0
33 33 0 0 0 0 0 0 0 0 0 0 0 54 46 0 0 0 0 0 0 0 0 0 0 0
36 36 0 0 0 0 0 0 0 0 0 0 0 57 49 0 0 0 0 0 0 0 0 0 0 0
39 39 0 0 0 0 0 0 0 0 0 0 0 60 52 0 0 0 0 0 0 0 0 0 0 0
42 42 0 0 0 0 0 0 0 0 0 0 0 63 55 0 0 0 0 0 0 0 0 0 0 0
45 45 0 0 0 0 0 0 0 0 0 0 0 71 60 0 1 0 0 0 0 0 0 0 0 0
49 49 0 0 0 0 0 0 0 0 0 0 0 78 64 0 1 0 0 0 0 0 0 0 0 0
54 54 0 0 0 0 0 0 0 0 0 0 0 104 72 0 1 0 0 0 0 0 0 0 0 0
57 57 0 0 0 0 0 0 0 0 0 0 0 107 75 0 1 0 0 0 0 0 0 0 0 0
60 60 0 0 0 0 0 0 0 0 0 0 0 110 78 0 1 0 0 0 0 0 0 0 0 0
63 63 0 0 0 0 0 0 0 0 0 0 0 113 82 0 1 0 0 0 0 0 0 0 0 0
68 66 0 0 0 0 0 0 0 0 0 0 0 116 87 0 1 0 0 0 0 0 0 0 0 0
72 72 0 0 0 0 0 0 0 0 0 0 0 119 90 0 1 0 0 0 0 0 0 0 0 0
76 75 0 0 0 0 0 0 0 0 0 0 0 122 93 0 1 0 0 0 0 0 0 0 0 0
81 78 0 0 0 0 0 0 0 0 0 0 0 125 97 0 1 0 0 0 0 0 0 0 0 0
84 81 0 0 0 0 0 0 0 0 0 0 0 130 104 0 1 0 0 0 0 0 0 0 0 0
87 85 0 0 0 0 0 0 0 0 0 0 0 134 111 0 1 0 0 0 0 0 0 0 0 0
90 90 0 0 0 0 0 0 0 0 0 0 0 143 114 0 1 0 0 0 0 0 0 0 0 0
93 93 0 0 0 0 0 0 0 0 0 0 0 146 117 0 1 0 0 0 0 0 0 0 0 0
99 97 0 0 0 0 0 0 0 0 0 0 0 150 120 0 1 0 0 0 0 0 0 0 0 0
102 102 0 0 0 0 0 0 0 0 0 0 0 162 123 0 1 0 0 0 0 0 0 0 0 0
105 105 0 0 0 0 0 0 0 0 0 0 0 165 127 0 1 0 0 0 0 0 0 0 0 0
108 108 0 0 0 0 0 0 0 0 0 0 0 170 132 0 2 0 0 0 0 0 0 0 0 0
111 111 0 0 0 0 0 0 0 0 0 0 0 173 135 0 2 0 0 0 0 0 0 0 0 0
117 114 0 0 0 0 0 0 0 0 0 0 0 177 140 0 2 0 0 0 0 0 0 0 0 0
121 117 0 0 0 0 0 0 0 0 0 0 0 180 143 0 2 0 0 0 0 0 0 0 0 0
124 120 0 0 0 0 0 0 0 0 0 0 0 183 146 0 2 0 0 0 0 0 0 0 0 0
129 125 0 0 0 0 0 0 0 0 0 0 0 186 149 0 2 0 0 0 0 0 0 0 0 0
133 129 0 0 0 0 0 0 0 0 0 0 0 190 152 0 2 0 0 0 0 0 0 0 0 0
136 132 0 0 0 0 0 0 0 0 0 0 0 200 158 0 2 0 0 0 0 0 0 0 0 0
142 137 0 0 0 0 0 0 0 0 0 0 0 203 161 0 2 0 0 0 0 0 0 0 0 0
150 141 0 0 0 0 0 0 0 0 0 0 0 208 165 0 2 0 0 0 0 0 0 0 0 0
153 145 0 0 0 0 0 0 0 0 0 0 0 211 169 0 2 0 0 0 0 0 0 0 0 0
