# scores for worst/random/best/smart move selector strategies. 
# scores are 50% and 95% quantiles (based on 40 games) of: 
# game score, #destroyed, #unlocked, #stripes, #bombs, #zappers
0 0 0 0 0 0 0 0 0 0 0 0 0 8 8 0 0 0 0 0 0 0 0 0 0 0
6 6 0 0 0 0 0 0 0 0 0 0 0 15 15 0 0 0 0 0 0 0 0 0 0 0
12 12 0 0 0 0 0 0 0 0 0 0 0 30 23 0 0 0 0 0 0 0 0 0 0 0
15 15 0 0 0 0 0 0 0 0 0 0 0 33 26 0 0 0 0 0 0 0 0 0 0 0
21 21 0 0 0 0 0 0 0 0 0 0 0 47 32 0 1 0 0 0 0 0 0 0 0 0
26 24 0 0 0 0 0 0 0 0 0 0 0 99 43 0 2 0 0 0 0 0 0 0 0 0
33 30 0 0 0 0 0 0 0 0 0 0 0 104 46 0 2 1 0 0 0 0 0 0 0 0
39 36 0 0 0 0 0 0 0 0 0 0 0 123 51 0 2 1 0 0 0 0 0 0 0 0
45 40 0 0 0 0 0 0 0 0 0 0 0 127 58 0 2 1 0 0 0 0 0 0 0 0
49 43 0 0 0 0 0 0 0 0 0 0 0 160 68 0 3 1 0 1 0 0 0 0 0 0
55 47 0 0 0 0 0 0 0 0 0 0 0 178 74 0 3 1 0 1 0 0 0 0 0 0
68 54 0 0 0 0 0 0 0 0 0 0 0 182 78 0 3 1 0 1 0 0 0 0 0 0
74 59 0 0 0 0 0 0 0 0 0 0 0 188 84 0 3 1 0 1 0 0 0 0 0 0
87 65 0 1 0 0 0 0 0 0 0 0 0 216 89 0 3 1 0 1 0 0 0 0 0 0
95 70 0 1 0 0 0 0 0 0 0 0 0 219 92 0 3 1 0 1 1 0 0 0 0 0
103 79 0 1 0 0 0 0 0 0 0 0 0 224 99 0 3 1 0 1 1 0 0 0 0 0
109 84 0 1 0 0 0 0 0 0 0 0 0 227 102 0 3 1 0 1 1 0 0 0 0 0
118 87 0 1 0 0 0 0 0 0 0 0 0 236 110 0 4 1 0 1 1 0 0 0 0 0
126 92 0 1 0 0 0 0 0 0 0 0 0 256 117 0 4 1 0 1 1 0 0 0 0 0
136 95 0 1 0 0 0 0 0 0 0 0 0 274 123 0 4 1 0 1 1 0 0 0 0 0
144 99 0 2 0 0 0 0 0 0 0 0 0 278 126 0 5 1 0 1 1 0 0 0 0 0
157 104 0 2 0 0 0 0 0 0 0 0 0 283 133 0 5 2 0 1 1 0 0 0 0 0
162 107 0 2 0 0 0 0 0 0 0 0 0 286 141 0 5 2 0 1 1 0 0 0 0 0
169 114 0 2 0 0 0 0 0 0 0 0 0 289 144 0 5 2 0 1 1 0 0 0 0 0
178 120 0 2 0 0 0 0 0 0 0 0 0 311 150 0 5 2 0 1 1 0 0 0 0 0
181 124 0 2 0 0 0 0 0 0 0 0 0 315 158 0 5 2 0 1 1 0 0 0 0 0
188 129 0 2 0 0 0 0 0 0 0 0 0 318 162 0 5 2 0 1 1 0 0 0 0 0
194 133 0 2 0 0 0 0 0 0 0 0 0 326 169 0 5 2 0 1 1 0 0 0 0 0
207 139 0 2 0 0 0 0 0 0 0 0 0 331 172 0 6 2 0 1 1 0 0 0 0 0
214 144 0 2 0 0 0 0 0 0 0 0 0 335 176 0 6 2 0 1 1 0 0 0 0 0
218 151 0 2 0 0 0 0 0 0 0 0 0 353 182 0 6 2 0 1 1 0 0 0 0 0
241 159 0 3 0 0 0 0 0 0 0 0 0 357 189 0 6 2 0 1 1 0 0 0 0 0
246 163 0 3 0 0 0 0 0 0 0 0 0 362 194 0 6 2 0 1 1 0 0 0 0 0
255 167 0 3 0 0 0 0 0 0 0 0 0 369 202 0 6 2 0 1 1 0 0 0 0 0
263 173 0 3 0 0 0 0 0 0 0 0 0 373 205 0 6 2 0 1 1 0 0 0 0 0
267 176 0 3 1 0 0 0 0 0 0 0 0 402 215 0 6 2 0 1 1 0 0 0 0 0
276 181 0 3 1 0 0 0 0 0 0 0 0 412 223 0 6 2 0 1 1 0 0 0 0 0
286 184 0 3 1 0 0 0 0 0 0 0 0 419 228 0 6 2 0 1 1 0 0 0 0 0
296 188 0 3 1 0 0 0 0 0 0 0 0 422 232 0 7 2 0 2 1 0 0 0 0 0
304 193 0 3 1 0 0 0 0 0 0 0 0 427 239 0 7 2 0 2 1 0 0 0 0 0
309 202 0 3 1 0 0 0 0 0 0 0 0 434 245 0 7 2 0 2 1 0 0 0 0 0
