# scores for worst/random/best/smart move selector strategies. 
# scores are 50% and 95% quantiles (based on 40 games) of: 
# game score, #destroyed, #unlocked, #stripes, #bombs, #zappers
0 0 0 0 0 0 0 0 0 0 0 0 0 8 8 0 0 0 0 0 0 0 0 0 0 0
6 6 0 0 0 0 0 0 0 0 0 0 0 15 15 0 0 0 0 0 0 0 0 0 0 0
9 9 0 0 0 0 0 0 0 0 0 0 0 30 21 0 0 0 0 0 0 0 0 0 0 0
15 15 0 0 0 0 0 0 0 0 0 0 0 72 29 0 1 0 0 0 0 0 0 0 0 0
19 18 0 0 0 0 0 0 0 0 0 0 0 83 35 0 1 0 0 0 0 0 0 0 0 0
25 24 0 0 0 0 0 0 0 0 0 0 0 103 43 0 1 1 0 0 0 0 0 0 0 0
33 29 0 0 0 0 0 0 0 0 0 0 0 122 55 0 1 1 0 0 0 0 0 0 0 0
41 34 0 0 0 0 0 0 0 0 0 0 0 162 62 0 2 1 0 0 0 0 0 0 0 0
44 39 0 0 0 0 0 0 0 0 0 0 0 166 65 0 2 1 0 0 0 0 0 0 0 0
54 43 0 0 0 0 0 0 0 0 0 0 0 170 72 0 2 1 0 0 0 0 0 0 0 0
68 49 0 1 0 0 0 0 0 0 0 0 0 176 86 0 2 1 0 0 0 0 0 0 0 0
74 53 0 1 0 0 0 0 0 0 0 0 0 184 91 0 2 1 0 1 0 0 0 0 0 0
96 57 0 1 0 0 0 0 0 0 0 0 0 187 94 0 3 1 0 1 0 0 0 0 0 0
100 61 0 1 0 0 0 0 0 0 0 0 0 192 101 0 3 1 0 1 0 0 0 0 0 0
109 69 0 1 0 0 0 0 0 0 0 0 0 211 109 0 4 1 0 1 0 0 0 0 0 0
114 73 0 1 0 0 0 0 0 0 0 0 0 236 117 0 4 1 0 1 0 0 0 0 0 0
120 76 0 2 0 0 0 0 0 0 0 0 0 258 133 0 5 1 0 1 0 0 0 0 0 0
124 80 0 2 0 0 0 0 0 0 0 0 0 313 149 0 5 1 0 1 0 0 0 0 0 0
127 86 0 2 0 0 0 0 0 0 0 0 0 330 153 0 6 2 0 1 0 0 0 0 0 0
146 90 0 2 0 0 0 0 0 0 0 0 0 338 161 0 6 2 0 1 0 0 0 0 0 0
157 94 0 2 0 0 0 0 0 0 0 0 0 345 167 0 6 2 0 1 0 0 0 0 0 0
163 100 0 2 0 0 0 0 0 0 0 0 0 348 170 0 6 2 0 1 0 0 0 0 0 0
173 104 0 2 0 0 0 0 0 0 0 0 0 374 177 0 6 2 0 1 0 0 0 0 0 0
180 111 0 2 0 0 0 0 0 0 0 0 0 396 182 0 6 2 0 1 0 0 0 0 0 0
185 116 0 2 0 0 0 0 0 0 0 0 0 469 202 0 7 3 0 1 0 0 0 0 0 0
191 122 0 2 0 0 0 0 0 0 0 0 0 475 207 0 7 3 0 1 0 0 0 0 0 0
197 127 0 2 0 0 0 0 0 0 0 0 0 480 213 0 7 3 0 1 0 0 0 0 0 0
208 132 0 2 0 0 0 0 0 0 0 0 0 485 225 0 7 3 0 1 0 0 0 0 0 0
216 138 0 3 0 0 0 0 0 0 0 0 0 531 230 0 8 3 0 1 0 0 0 0 0 0
224 141 0 3 0 0 0 0 0 0 0 0 0 536 239 0 8 3 0 1 0 0 0 0 0 0
229 146 0 3 0 0 0 0 0 0 0 0 0 545 247 0 8 3 0 1 0 0 0 0 0 0
238 151 0 3 1 0 0 0 0 0 0 0 0 581 262 0 9 3 0 1 0 0 0 0 0 0
249 156 0 3 1 0 0 0 0 0 0 0 0 586 268 0 9 3 0 1 0 0 0 0 0 0
260 159 0 3 1 0 0 0 0 0 0 0 0 603 271 0 10 3 0 1 0 0 0 0 0 0
268 167 0 3 1 0 0 0 0 0 0 0 0 606 276 0 10 3 0 1 0 0 0 0 0 0
275 170 0 3 1 0 0 0 0 0 0 0 0 616 289 0 10 3 0 1 0 0 0 0 0 0
284 177 0 3 1 0 0 0 0 0 0 0 0 620 292 0 10 3 0 1 0 0 0 0 0 0
293 183 0 3 1 0 0 0 0 0 0 0 0 625 296 0 11 3 0 2 0 0 0 0 0 0
297 190 0 3 1 0 0 0 0 0 0 0 0 628 300 0 11 3 0 2 0 0 0 0 0 0
307 196 0 4 1 0 0 0 0 0 0 0 0 631 304 0 11 3 0 2 0 0 0 0 0 0
310 199 0 4 1 0 0 0 0 0 0 0 0 635 308 0 11 3 0 2 0 0 0 0 0 0
