# scores for worst/random/best/smart move selector strategies. 
# scores are 50% and 95% quantiles (based on 40 games) of: 
# game score, #destroyed, #unlocked, #stripes, #bombs, #zappers
0 0 0 0 0 0 0 0 0 0 0 0 0 8 8 0 0 0 0 0 0 0 0 0 0 0
6 6 0 0 0 0 0 0 0 0 0 0 0 15 15 0 0 0 0 0 0 0 0 0 0 0
9 9 0 0 0 0 0 0 0 0 0 0 0 30 20 0 0 0 0 0 0 0 0 0 0 0
12 12 0 0 0 0 0 0 0 0 0 0 0 45 25 0 0 0 0 0 0 0 0 0 0 0
18 18 0 0 0 0 0 0 0 0 0 0 0 48 30 0 0 0 0 0 0 0 0 0 0 0
21 21 0 0 0 0 0 0 0 0 0 0 0 61 33 0 0 0 0 0 0 0 0 0 0 0
25 24 0 0 0 0 0 0 0 0 0 0 0 76 40 0 0 1 0 0 0 0 0 0 0 0
30 30 0 0 0 0 0 0 0 0 0 0 0 79 43 0 0 1 0 0 0 0 0 0 0 0
33 33 0 0 0 0 0 0 0 0 0 0 0 83 46 0 0 1 0 0 0 0 0 0 0 0
39 37 0 0 0 0 0 0 0 0 0 0 0 89 54 0 1 1 0 0 0 0 0 0 0 0
42 42 0 0 0 0 0 0 0 0 0 0 0 120 57 0 1 1 0 0 0 0 0 0 0 0
46 45 0 0 0 0 0 0 0 0 0 0 0 123 61 0 1 1 0 0 0 0 0 0 0 0
51 50 0 0 0 0 0 0 0 0 0 0 0 126 64 0 1 1 0 0 0 0 0 0 0 0
55 54 0 0 0 0 0 0 0 0 0 0 0 129 67 0 1 1 0 0 0 0 0 0 0 0
60 57 0 0 0 0 0 0 0 0 0 0 0 133 74 0 1 1 0 0 0 0 0 0 0 0
64 60 0 0 0 0 0 0 0 0 0 0 0 136 78 0 1 1 0 0 0 0 0 0 0 0
69 64 0 0 0 0 0 0 0 0 0 0 0 145 82 0 1 1 0 0 0 0 0 0 0 0
75 70 0 0 0 0 0 0 0 0 0 0 0 166 91 0 1 2 0 0 0 0 0 0 0 0
78 75 0 0 0 0 0 0 0 0 0 0 0 169 95 0 1 2 0 0 0 0 0 0 0 0
82 78 0 0 0 0 0 0 0 0 0 0 0 172 98 0 1 2 0 0 0 0 0 0 0 0
87 84 0 0 0 0 0 0 0 0 0 0 0 179 103 0 1 2 0 0 0 0 0 0 0 0
90 90 0 0 0 0 0 0 0 0 0 0 0 185 108 0 1 2 0 0 0 0 0 0 0 0
99 93 0 0 0 0 0 0 0 0 0 0 0 188 113 0 1 2 0 0 0 0 0 0 0 0
106 99 0 0 0 0 0 0 0 0 0 0 0 191 117 0 1 2 0 0 0 0 0 0 0 0
113 103 0 0 0 0 0 0 0 0 0 0 0 198 122 0 1 2 0 0 0 0 0 0 0 0
120 110 0 0 0 0 0 0 0 0 0 0 0 203 130 0 1 2 0 0 0 0 0 0 0 0
124 114 0 0 0 0 0 0 0 0 0 0 0 206 134 0 1 2 0 0 0 0 0 0 0 0
134 118 0 0 0 0 0 0 0 0 0 0 0 216 140 0 1 2 0 0 0 0 0 0 0 0
139 122 0 0 0 0 0 0 0 0 0 0 0 219 144 0 1 2 0 0 0 0 0 0 0 0
145 128 0 0 0 0 0 0 0 0 0 0 0 222 149 0 1 2 0 0 0 0 0 0 0 0
148 133 0 0 0 0 0 0 0 0 0 0 0 226 155 0 1 2 0 0 0 0 0 0 0 0
155 137 0 0 0 0 0 0 0 0 0 0 0 236 160 0 1 2 0 0 0 0 0 0 0 0
159 141 0 0 0 0 0 0 0 0 0 0 0 239 167 0 1 2 0 0 0 0 0 0 0 0
163 144 0 0 0 0 0 0 0 0 0 0 0 242 170 0 1 2 0 0 0 0 0 0 0 0
167 149 0 0 0 0 0 0 0 0 0 0 0 245 175 0 2 2 0 0 0 0 0 0 0 0
174 156 0 1 0 0 0 0 0 0 0 0 0 267 182 0 2 2 0 0 0 0 0 0 0 0
179 161 0 1 0 0 0 0 0 0 0 0 0 270 186 0 2 2 0 0 0 0 0 0 0 0
183 164 0 1 0 0 0 0 0 0 0 0 0 276 191 0 2 2 0 0 0 0 0 0 0 0
192 170 0 1 0 0 0 0 0 0 0 0 0 280 198 0 2 2 0 0 0 0 0 0 0 0
195 175 0 1 0 0 0 0 0 0 0 0 0 283 205 0 2 2 0 0 0 0 0 0 0 0
200 178 0 1 0 0 0 0 0 0 0 0 0 309 210 0 2 2 0 0 0 0 0 0 0 0
