# scores for worst/random/best/smart move selector strategies. 
# scores are 50% and 95% quantiles (based on 40 games) of: 
# game score, #destroyed, #unlocked, #stripes, #bombs, #zappers
3 3 0 0 0 0 0 0 0 0 0 0 0 12 12 0 0 0 0 0 0 0 0 0 0 0
9 9 0 0 0 0 0 0 0 0 0 0 0 17 17 0 0 0 0 0 0 0 0 0 0 0
13 13 0 0 0 0 0 0 0 0 0 0 0 24 22 0 0 0 0 0 0 0 0 0 0 0
16 16 0 0 0 0 0 0 0 0 0 0 0 77 29 0 0 0 0 0 0 0 0 0 0 0
20 20 0 0 0 0 0 0 0 0 0 0 0 82 34 0 0 0 0 0 0 0 0 0 0 0
24 24 0 0 0 0 0 0 0 0 0 0 0 87 41 0 1 0 0 0 0 0 0 0 0 0
29 28 0 0 0 0 0 0 0 0 0 0 0 90 46 0 1 0 0 0 0 0 0 0 0 0
36 33 0 0 0 0 0 0 0 0 0 0 0 104 50 0 1 0 0 0 0 0 0 0 0 0
40 38 0 0 0 0 0 0 0 0 0 0 0 139 60 0 2 0 0 1 0 0 0 0 0 0
52 43 0 0 0 0 0 0 0 0 0 0 0 145 65 0 2 0 0 1 0 0 0 0 0 0
66 50 0 0 0 0 0 0 0 0 0 0 0 187 90 0 3 1 0 1 1 0 0 0 0 0
74 55 0 1 0 0 0 0 0 0 0 0 0 192 95 0 3 1 0 1 1 0 0 0 0 0
83 61 0 1 0 0 0 0 0 0 0 0 0 199 101 0 3 1 0 1 1 0 0 0 0 0
87 66 0 1 0 0 0 0 0 0 0 0 0 215 105 0 3 1 1 1 1 0 1 0 0 0
112 72 0 1 0 0 0 0 0 0 0 0 0 219 110 0 3 1 1 1 1 0 1 0 0 0
120 77 0 1 0 0 0 0 0 0 0 0 0 222 114 0 3 1 1 1 1 0 1 0 0 0
125 83 0 2 0 0 0 0 0 0 0 0 0 226 118 0 3 1 1 1 1 0 1 0 0 0
131 87 0 2 0 0 0 0 0 0 0 0 0 255 123 0 4 1 1 1 1 0 1 0 0 0
136 92 0 2 0 0 0 0 0 0 0 0 0 326 138 0 4 1 1 1 1 0 1 0 0 0
141 97 0 2 0 0 0 0 0 0 0 0 0 352 142 0 5 1 1 1 1 0 1 0 0 0
147 100 0 2 0 0 0 0 0 0 0 0 0 380 151 0 6 1 1 1 1 0 1 0 0 0
166 105 0 2 0 0 0 0 0 0 0 0 0 388 156 0 6 1 1 1 1 0 1 0 0 0
173 109 0 2 0 0 0 0 0 0 0 0 0 393 159 0 6 1 1 1 1 0 1 0 0 0
185 115 0 3 0 0 0 0 0 0 0 0 0 399 162 0 6 1 1 1 1 0 1 0 0 0
205 123 0 3 0 0 0 0 0 0 0 0 0 402 167 0 6 1 1 2 1 0 1 0 0 0
216 127 0 3 0 0 0 0 0 0 0 0 0 407 172 0 6 1 1 2 1 0 1 0 0 0
219 132 0 3 0 0 0 0 0 0 0 0 0 426 176 0 6 1 1 2 1 0 1 0 0 0
225 137 0 3 0 0 0 0 0 0 0 0 0 429 179 0 7 1 1 2 1 0 1 0 0 0
228 140 0 3 0 0 0 0 0 0 0 0 0 433 182 0 7 1 1 2 1 0 1 0 0 0
247 144 0 3 0 0 0 0 0 0 0 0 0 476 196 0 7 1 1 2 1 0 1 0 0 0
261 149 0 3 0 0 1 0 0 0 0 0 0 482 201 0 7 1 1 2 1 0 1 0 0 0
275 152 0 3 0 0 1 0 0 0 0 0 0 508 204 0 8 1 1 2 1 0 1 0 0 0
278 156 0 4 0 0 1 0 0 0 0 0 0 511 210 0 8 1 1 2 1 0 1 0 0 0
285 160 0 4 0 0 1 0 0 0 0 0 0 514 213 0 8 1 1 2 1 0 1 0 0 0
289 168 0 4 0 0 1 0 0 0 0 0 0 535 222 0 8 1 1 2 1 0 1 0 0 0
305 176 0 5 0 0 1 0 0 0 0 0 0 542 230 0 8 1 1 2 1 0 1 0 0 0
310 180 0 5 0 0 1 0 0 0 0 0 0 546 238 0 8 1 1 2 1 0 1 0 0 0
313 185 0 5 0 0 1 0 0 0 0 0 0 602 243 0 9 1 1 2 1 0 1 0 0 0
348 191 0 5 0 0 1 0 0 0 0 0 0 658 263 0 11 2 1 2 1 0 1 0 0 0
380 199 0 5 0 0 1 0 0 0 0 0 0 663 268 0 11 2 1 2 1 0 1 0 0 0
391 206 0 5 0 0 1 0 0 0 0 0 0 666 272 0 11 2 1 2 1 0 1 0 0 0
