# scores for worst/random/best/smart move selector strategies. 
# scores are 50% and 95% quantiles (based on 40 games) of: 
# game score, #destroyed, #unlocked, #stripes, #bombs, #zappers
3 3 0 0 0 0 0 0 0 0 0 0 0 12 12 0 0 0 0 0 0 0 0 0 0 0
6 6 0 0 0 0 0 0 0 0 0 0 0 16 16 0 0 0 0 0 0 0 0 0 0 0
12 12 0 0 0 0 0 0 0 0 0 0 0 19 19 0 0 0 0 0 0 0 0 0 0 0
15 15 0 0 0 0 0 0 0 0 0 0 0 25 25 0 0 0 0 0 0 0 0 0 0 0
18 18 0 0 0 0 0 0 0 0 0 0 0 29 29 0 0 0 0 0 0 0 0 0 0 0
24 24 0 0 0 0 0 0 0 0 0 0 0 37 34 0 0 0 0 0 0 0 0 0 0 0
28 27 0 0 0 0 0 0 0 0 0 0 0 51 40 0 0 0 0 0 0 0 0 0 0 0
32 31 0 0 0 0 0 0 0 0 0 0 0 61 44 0 1 0 0 0 0 0 0 0 0 0
36 36 0 0 0 0 0 0 0 0 0 0 0 65 49 0 1 0 0 0 0 0 0 0 0 0
40 39 0 0 0 0 0 0 0 0 0 0 0 79 54 0 1 0 0 0 0 0 0 0 0 0
45 43 0 0 0 0 0 0 0 0 0 0 0 82 57 0 1 0 0 0 0 0 0 0 0 0
49 47 0 0 0 0 0 0 0 0 0 0 0 112 70 0 1 0 0 0 0 0 0 0 0 0
53 51 0 0 0 0 0 0 0 0 0 0 0 115 73 0 1 0 0 0 0 0 0 0 0 0
57 54 0 0 0 0 0 0 0 0 0 0 0 118 76 0 1 1 0 0 0 0 0 0 0 0
64 59 0 0 0 0 0 0 0 0 0 0 0 149 79 0 1 1 0 0 0 0 0 0 0 0
67 63 0 0 0 0 0 0 0 0 0 0 0 156 85 0 1 1 0 0 0 0 0 0 0 0
70 66 0 0 0 0 0 0 0 0 0 0 0 159 90 0 2 1 0 0 0 0 0 0 0 0
76 70 0 0 0 0 0 0 0 0 0 0 0 162 93 0 2 1 0 0 0 0 0 0 0 0
80 75 0 0 0 0 0 0 0 0 0 0 0 188 103 0 2 1 0 0 0 0 0 0 0 0
85 79 0 0 0 0 0 0 0 0 0 0 0 191 106 0 2 1 0 0 0 0 0 0 0 0
88 84 0 0 0 0 0 0 0 0 0 0 0 199 113 0 2 1 0 0 0 0 0 0 0 0
92 87 0 0 0 0 0 0 0 0 0 0 0 203 117 0 2 1 0 0 0 0 0 0 0 0
101 91 0 0 0 0 0 0 0 0 0 0 0 206 120 0 2 1 0 0 0 0 0 0 0 0
108 94 0 0 0 0 0 0 0 0 0 0 0 211 125 0 2 1 0 0 0 0 0 0 0 0
115 98 0 0 0 0 0 0 0 0 0 0 0 214 128 0 2 1 0 0 0 0 0 0 0 0
121 103 0 1 0 0 0 0 0 0 0 0 0 217 131 0 2 1 0 0 0 0 0 0 0 0
126 107 0 1 0 0 0 0 0 0 0 0 0 220 134 0 2 1 0 0 0 0 0 0 0 0
129 110 0 1 0 0 0 0 0 0 0 0 0 223 138 0 2 1 0 0 0 0 0 0 0 0
141 113 0 1 0 0 0 0 0 0 0 0 0 226 141 0 2 1 0 0 0 0 0 0 0 0
146 119 0 1 0 0 0 0 0 0 0 0 0 231 146 0 2 1 0 0 0 0 0 0 0 0
149 124 0 1 0 0 0 0 0 0 0 0 0 234 151 0 2 1 0 0 0 0 0 0 0 0
152 129 0 1 0 0 0 0 0 0 0 0 0 237 154 0 2 1 0 0 0 0 0 0 0 0
159 132 0 1 0 0 0 0 0 0 0 0 0 240 157 0 2 1 0 0 0 0 0 0 0 0
163 136 0 1 0 0 0 0 0 0 0 0 0 247 161 0 2 1 0 0 0 0 0 0 0 0
167 139 0 1 0 0 0 0 0 0 0 0 0 254 169 0 3 1 0 0 0 0 0 0 0 0
171 143 0 1 0 0 0 0 0 0 0 0 0 278 176 0 3 1 0 0 0 0 0 0 0 0
177 147 0 1 0 0 0 0 0 0 0 0 0 281 179 0 3 1 0 0 0 0 0 0 0 0
184 152 0 1 0 0 0 0 0 0 0 0 0 294 184 0 3 1 0 0 0 0 0 0 0 0
193 156 0 1 0 0 0 0 0 0 0 0 0 297 187 0 3 1 0 0 0 0 0 0 0 0
203 159 0 1 0 0 0 0 0 0 0 0 0 300 190 0 3 1 0 0 0 0 0 0 0 0
206 162 0 1 0 0 0 0 0 0 0 0 0 305 195 0 3 1 0 0 0 0 0 0 0 0
