# scores for worst/random/best/smart move selector strategies. 
# scores are 50% and 95% quantiles (based on 40 games) of: 
# game score, #destroyed, #unlocked, #stripes, #bombs, #zappers
3 3 0 0 0 0 0 0 0 0 0 0 0 12 12 0 0 0 0 0 0 0 0 0 0 0
8 8 0 0 0 0 0 0 0 0 0 0 0 19 19 0 0 0 0 0 0 0 0 0 0 0
14 14 0 0 0 0 0 0 0 0 0 0 0 50 29 0 0 0 0 0 0 0 0 0 0 0
21 20 0 0 0 0 0 0 0 0 0 0 0 78 35 0 1 0 1 0 0 0 1 0 0 0
30 28 0 0 0 0 0 0 0 0 0 0 0 92 43 0 1 0 1 0 0 0 1 0 0 0
41 35 0 0 0 0 0 0 0 0 0 0 0 153 57 0 2 0 1 0 0 0 1 0 0 0
56 41 0 1 0 0 0 0 0 0 0 0 0 160 66 0 2 1 1 1 0 0 1 0 0 0
67 50 0 1 0 0 0 0 0 0 0 0 0 172 71 0 2 1 1 1 0 0 1 0 0 0
88 57 0 1 0 0 0 0 0 0 0 0 0 199 86 0 3 1 1 1 1 0 1 0 0 0
106 61 0 2 0 0 0 0 0 0 0 0 0 202 94 0 3 1 1 1 1 0 1 0 0 0
113 68 0 2 0 0 0 0 0 0 0 0 0 218 101 0 3 1 1 1 1 0 1 0 0 0
118 73 0 2 0 0 0 0 0 0 0 0 0 224 106 0 3 1 1 1 1 0 1 0 0 0
133 77 0 2 0 0 0 0 0 0 0 0 0 244 113 0 4 1 1 1 1 0 1 0 0 0
145 84 0 2 0 0 0 0 0 0 0 0 0 279 129 0 4 1 1 1 1 0 1 0 0 0
169 92 0 3 0 0 0 0 0 0 0 0 0 335 142 0 5 2 1 1 1 0 1 0 0 0
185 96 0 3 0 0 0 0 0 0 0 0 0 341 148 0 5 2 1 1 1 0 1 0 0 0
210 102 0 3 0 0 0 0 0 0 0 0 0 344 157 0 5 2 1 1 1 0 1 0 0 0
220 109 0 3 0 0 0 0 0 0 0 0 0 372 163 0 6 2 1 1 1 0 1 0 0 0
228 117 0 3 0 0 0 0 0 0 0 0 0 379 167 0 6 2 1 1 1 0 1 0 0 0
255 125 0 4 0 0 0 0 0 0 0 0 0 431 179 0 6 2 1 2 1 0 1 0 0 0
273 133 0 4 0 0 0 0 0 0 0 0 0 438 185 0 7 2 1 2 1 0 1 0 0 0
313 142 0 4 0 1 1 0 0 0 0 0 0 511 191 0 7 2 2 2 1 0 2 0 0 0
333 157 0 5 0 1 1 0 0 0 0 0 0 539 196 0 8 2 2 2 1 0 2 0 0 0
351 162 0 5 0 1 1 0 0 0 0 0 0 545 207 0 8 2 2 2 1 0 2 0 0 0
369 172 0 5 0 1 1 0 0 1 0 0 0 564 216 0 9 3 2 2 1 0 2 0 0 0
398 184 0 6 0 1 1 0 0 1 0 0 0 574 233 0 9 3 2 2 1 0 2 0 0 0
421 188 0 6 0 1 1 0 0 1 0 0 0 621 245 0 9 3 2 2 1 0 2 0 0 0
438 196 0 6 0 1 1 0 0 1 0 0 0 667 254 0 11 3 2 2 1 0 2 0 0 0
446 199 0 6 0 1 1 0 0 1 0 0 0 687 262 0 11 3 2 2 1 0 2 0 0 0
461 205 0 7 0 1 1 0 0 1 0 0 0 693 268 0 11 3 2 2 1 0 2 0 0 0
464 210 0 7 0 1 1 0 0 1 0 0 0 698 275 0 11 3 2 2 1 0 2 0 0 0
494 218 0 8 1 1 1 0 0 1 0 0 0 727 286 0 11 3 3 2 1 0 3 0 0 0
509 226 0 8 1 1 1 0 0 1 0 0 0 735 291 0 11 3 3 3 1 0 3 0 0 0
531 233 0 8 1 1 1 0 0 1 0 0 0 770 296 0 11 5 3 3 1 0 3 0 0 0
558 239 0 8 1 1 1 0 0 1 0 0 0 775 299 0 11 5 3 3 1 0 3 0 0 0
566 249 0 8 1 1 1 0 0 1 0 0 0 793 308 0 12 5 3 3 1 0 3 0 0 0
583 257 0 9 1 1 1 0 0 1 0 0 0 799 313 0 12 5 3 3 1 0 3 0 0 0
598 264 0 9 1 1 1 0 0 1 0 0 0 804 318 0 13 5 3 3 1 0 3 0 0 0
603 268 0 9 1 1 1 0 0 1 0 0 0 813 329 0 14 5 3 3 1 0 3 0 0 0
617 275 0 9 1 1 1 0 0 1 0 0 0 835 336 0 14 5 3 3 1 0 3 0 0 0
629 285 0 10 1 1 1 0 0 1 0 0 0 868 340 0 15 5 3 3 1 0 3 1 0 0
