# scores for worst/random/best/smart move selector strategies. 
# scores are 50% and 95% quantiles (based on 40 games) of: 
# game score, #destroyed, #unlocked, #stripes, #bombs, #zappers
3 3 0 0 0 0 0 0 0 0 0 0 0 12 12 0 0 0 0 0 0 0 0 0 0 0
6 6 0 0 0 0 0 0 0 0 0 0 0 16 16 0 0 0 0 0 0 0 0 0 0 0
9 9 0 0 0 0 0 0 0 0 0 0 0 19 19 0 0 0 0 0 0 0 0 0 0 0
14 14 0 0 0 0 0 0 0 0 0 0 0 22 22 0 0 0 0 0 0 0 0 0 0 0
18 18 0 0 0 0 0 0 0 0 0 0 0 26 26 0 0 0 0 0 0 0 0 0 0 0
22 22 0 0 0 0 0 0 0 0 0 0 0 30 30 0 0 0 0 0 0 0 0 0 0 0
27 27 0 0 0 0 0 0 0 0 0 0 0 35 35 0 0 0 0 0 0 0 0 0 0 0
30 30 0 0 0 0 0 0 0 0 0 0 0 38 38 0 0 0 0 0 0 0 0 0 0 0
33 33 0 0 0 0 0 0 0 0 0 0 0 41 41 0 0 0 0 0 0 0 0 0 0 0
36 36 0 0 0 0 0 0 0 0 0 0 0 44 44 0 0 0 0 0 0 0 0 0 0 0
39 39 0 0 0 0 0 0 0 0 0 0 0 50 50 0 0 0 0 0 0 0 0 0 0 0
42 42 0 0 0 0 0 0 0 0 0 0 0 53 53 0 0 0 0 0 0 0 0 0 0 0
46 46 0 0 0 0 0 0 0 0 0 0 0 72 59 0 0 0 0 0 0 0 0 0 0 0
51 51 0 0 0 0 0 0 0 0 0 0 0 87 63 0 1 0 0 0 0 0 0 0 0 0
54 54 0 0 0 0 0 0 0 0 0 0 0 90 67 0 1 0 0 0 0 0 0 0 0 0
57 57 0 0 0 0 0 0 0 0 0 0 0 93 70 0 1 0 0 0 0 0 0 0 0 0
60 60 0 0 0 0 0 0 0 0 0 0 0 96 74 0 1 0 0 0 0 0 0 0 0 0
66 66 0 0 0 0 0 0 0 0 0 0 0 99 78 0 1 0 0 0 0 0 0 0 0 0
69 69 0 0 0 0 0 0 0 0 0 0 0 102 82 0 1 0 0 0 0 0 0 0 0 0
72 72 0 0 0 0 0 0 0 0 0 0 0 105 88 0 1 0 0 0 0 0 0 0 0 0
76 76 0 0 0 0 0 0 0 0 0 0 0 108 94 0 1 0 0 0 0 0 0 0 0 0
81 81 0 0 0 0 0 0 0 0 0 0 0 111 97 0 1 0 0 0 0 0 0 0 0 0
84 84 0 0 0 0 0 0 0 0 0 0 0 125 100 0 1 0 0 0 0 0 0 0 0 0
89 89 0 0 0 0 0 0 0 0 0 0 0 128 103 0 1 0 0 0 0 0 0 0 0 0
92 92 0 0 0 0 0 0 0 0 0 0 0 133 107 0 1 0 0 0 0 0 0 0 0 0
96 96 0 0 0 0 0 0 0 0 0 0 0 144 115 0 1 0 0 0 0 0 0 0 0 0
100 100 0 0 0 0 0 0 0 0 0 0 0 147 119 0 1 0 0 0 0 0 0 0 0 0
105 105 0 0 0 0 0 0 0 0 0 0 0 151 122 0 1 0 0 0 0 0 0 0 0 0
109 108 0 0 0 0 0 0 0 0 0 0 0 154 126 0 1 0 0 0 0 0 0 0 0 0
112 111 0 0 0 0 0 0 0 0 0 0 0 157 129 0 1 0 0 0 0 0 0 0 0 0
117 116 0 0 0 0 0 0 0 0 0 0 0 160 132 0 1 0 0 0 0 0 0 0 0 0
120 120 0 0 0 0 0 0 0 0 0 0 0 165 136 0 1 0 0 0 0 0 0 0 0 0
125 123 0 0 0 0 0 0 0 0 0 0 0 180 142 0 1 0 0 0 0 0 0 0 0 0
128 126 0 0 0 0 0 0 0 0 0 0 0 183 145 0 1 0 0 0 0 0 0 0 0 0
132 130 0 0 0 0 0 0 0 0 0 0 0 186 148 0 1 0 0 0 0 0 0 0 0 0
135 135 0 0 0 0 0 0 0 0 0 0 0 189 151 0 1 0 0 0 0 0 0 0 0 0
138 138 0 0 0 0 0 0 0 0 0 0 0 192 155 0 2 0 0 0 0 0 0 0 0 0
144 142 0 0 0 0 0 0 0 0 0 0 0 196 160 0 2 0 0 0 0 0 0 0 0 0
147 145 0 0 0 0 0 0 0 0 0 0 0 206 164 0 2 0 0 0 0 0 0 0 0 0
150 148 0 0 0 0 0 0 0 0 0 0 0 209 167 0 2 0 0 0 0 0 0 0 0 0
154 153 0 0 0 0 0 0 0 0 0 0 0 243 177 0 2 0 0 0 0 0 0 0 0 0
