# scores for worst/random/best/smart move selector strategies. 
# scores are 50% and 95% quantiles (based on 40 games) of: 
# game score, #destroyed, #unlocked, #stripes, #bombs, #zappers
0 0 0 0 0 0 0 0 0 0 0 0 0 3 3 0 0 0 0 0 0 0 0 0 0 0
3 3 0 0 0 0 0 0 0 0 0 0 0 9 9 0 0 0 0 0 0 0 0 0 0 0
9 9 0 0 0 0 0 0 0 0 0 0 0 17 15 0 0 0 0 0 0 0 0 0 0 0
12 12 0 0 0 0 0 0 0 0 0 0 0 26 22 0 0 0 0 0 0 0 0 0 0 0
16 16 0 0 0 0 0 0 0 0 0 0 0 32 28 0 0 0 0 0 0 0 0 0 0 0
20 20 0 0 0 0 0 0 0 0 0 0 0 60 36 0 0 0 0 0 0 0 0 0 0 0
24 24 0 0 0 0 0 0 0 0 0 0 0 63 41 0 0 0 0 0 0 0 0 0 0 0
27 27 0 0 0 0 0 0 0 0 0 0 0 74 48 0 0 0 0 0 0 0 0 0 0 0
31 31 0 0 0 0 0 0 0 0 0 0 0 81 54 0 1 0 0 0 0 0 0 0 0 0
37 36 0 0 0 0 0 0 0 0 0 0 0 98 59 0 1 0 0 0 0 0 0 0 0 0
42 40 0 0 0 0 0 0 0 0 0 0 0 103 64 0 1 0 0 0 0 0 0 0 0 0
47 46 0 0 0 0 0 0 0 0 0 0 0 106 68 0 1 0 0 0 0 0 0 0 0 0
52 52 0 0 0 0 0 0 0 0 0 0 0 115 71 0 2 0 0 0 0 0 0 0 0 0
56 55 0 0 0 0 0 0 0 0 0 0 0 120 76 0 2 0 0 0 0 0 0 0 0 0
61 59 0 0 0 0 0 0 0 0 0 0 0 125 79 0 2 0 0 0 0 0 0 0 0 0
67 65 0 0 0 0 0 0 0 0 0 0 0 145 84 1 2 0 0 1 0 0 0 0 0 0
72 69 0 0 0 0 0 0 0 0 0 0 0 153 89 2 2 0 0 1 0 0 0 0 0 0
90 75 0 0 0 0 0 0 0 0 0 0 0 173 97 3 3 1 0 1 0 0 0 0 0 0
93 79 0 0 0 0 0 0 0 0 0 0 0 178 100 3 3 1 0 1 0 0 0 0 0 0
99 84 0 0 0 0 0 0 0 0 0 0 0 183 103 3 3 1 0 1 0 0 0 0 0 0
108 89 0 1 0 0 0 0 0 0 0 0 0 202 113 3 3 1 0 1 0 0 0 0 0 0
112 93 0 1 0 0 0 0 0 0 0 0 0 215 117 3 4 1 0 1 0 0 0 0 0 0
126 98 0 1 0 0 0 0 0 0 0 0 0 223 122 3 4 1 0 1 0 0 0 0 0 0
129 101 0 1 0 0 0 0 0 0 0 0 0 268 137 3 5 1 0 1 0 0 0 0 0 0
134 105 0 1 0 0 0 0 0 0 0 0 0 291 142 3 5 1 0 1 0 0 0 0 0 0
149 113 0 1 0 0 0 0 0 0 0 0 0 294 150 3 5 1 0 1 0 0 0 0 0 0
163 118 0 1 0 0 0 0 0 0 0 0 0 297 153 3 6 1 0 1 0 0 0 0 0 0
182 126 0 2 0 0 0 0 0 0 0 0 0 300 157 3 6 1 0 1 0 0 0 0 0 0
185 132 0 2 0 0 0 0 0 0 0 0 0 303 160 3 6 1 0 1 0 0 0 0 0 0
197 138 0 2 0 0 0 0 0 0 0 0 0 306 164 3 6 1 0 1 0 0 0 0 0 0
209 141 0 2 0 0 0 0 0 0 0 0 0 315 171 3 6 1 0 1 0 0 0 0 0 0
213 145 0 2 0 0 0 0 0 0 0 0 0 319 175 3 6 1 1 1 0 0 1 0 0 0
225 148 0 2 0 0 0 0 0 0 0 0 0 322 179 3 6 1 1 1 0 0 1 0 0 0
238 155 0 3 0 0 0 0 0 0 0 0 0 373 184 3 6 1 1 1 0 0 1 0 0 0
242 161 0 3 0 0 0 0 0 0 0 0 0 377 189 3 6 1 1 1 0 0 1 0 0 0
250 165 0 3 0 0 0 0 0 0 0 0 0 403 193 3 7 1 1 1 0 0 1 0 0 0
261 170 0 3 0 0 0 0 0 0 0 0 0 436 201 3 7 1 1 1 0 0 1 0 0 0
271 176 0 3 0 0 0 0 0 0 0 0 0 441 209 3 7 1 1 1 0 0 1 0 0 0
278 181 0 3 0 0 0 0 0 0 0 0 0 444 212 3 8 1 1 2 0 0 1 0 0 0
300 187 0 3 0 0 0 0 0 0 0 0 0 447 215 3 8 1 1 2 0 0 1 0 0 0
309 194 0 4 0 0 0 0 0 0 0 0 0 454 218 3 8 1 1 2 0 0 1 0 0 0
