# scores for worst/random/best/smart move selector strategies. 
# scores are 50% and 95% quantiles (based on 40 games) of: 
# game score, #destroyed, #unlocked, #stripes, #bombs, #zappers
0 0 0 0 0 0 0 0 0 0 0 0 0 3 3 0 0 0 0 0 0 0 0 0 0 0
3 3 0 0 0 0 0 0 0 0 0 0 0 10 10 0 0 0 0 0 0 0 0 0 0 0
9 9 0 0 0 0 0 0 0 0 0 0 0 17 17 0 0 0 0 0 0 0 0 0 0 0
12 12 0 0 0 0 0 0 0 0 0 0 0 22 22 0 0 0 0 0 0 0 0 0 0 0
15 15 0 0 0 0 0 0 0 0 0 0 0 26 26 0 0 0 0 0 0 0 0 0 0 0
21 21 0 0 0 0 0 0 0 0 0 0 0 30 30 0 0 0 0 0 0 0 0 0 0 0
25 25 0 0 0 0 0 0 0 0 0 0 0 33 33 0 0 0 0 0 0 0 0 0 0 0
30 30 0 0 0 0 0 0 0 0 0 0 0 55 40 0 0 0 0 0 0 0 0 0 0 0
33 33 0 0 0 0 0 0 0 0 0 0 0 75 47 0 0 0 0 0 0 0 0 0 0 0
36 36 0 0 0 0 0 0 0 0 0 0 0 78 50 0 0 0 0 0 0 0 0 0 0 0
40 40 0 0 0 0 0 0 0 0 0 0 0 81 54 0 1 0 0 0 0 0 0 0 0 0
45 45 0 0 0 0 0 0 0 0 0 0 0 103 58 0 1 0 0 0 0 0 0 0 0 0
49 49 0 0 0 0 0 0 0 0 0 0 0 109 65 0 1 1 0 0 0 0 0 0 0 0
53 53 0 0 0 0 0 0 0 0 0 0 0 115 69 0 1 1 0 0 0 0 0 0 0 0
57 57 0 0 0 0 0 0 0 0 0 0 0 122 76 0 1 1 0 0 0 0 0 0 0 0
60 60 0 0 0 0 0 0 0 0 0 0 0 125 79 0 1 1 0 0 0 0 0 0 0 0
63 63 0 0 0 0 0 0 0 0 0 0 0 128 84 0 1 1 0 0 0 0 0 0 0 0
67 67 0 0 0 0 0 0 0 0 0 0 0 136 89 0 2 1 0 0 0 0 0 0 0 0
72 72 0 0 0 0 0 0 0 0 0 0 0 148 93 0 2 1 0 0 0 0 0 0 0 0
75 75 0 0 0 0 0 0 0 0 0 0 0 160 103 0 2 1 0 0 0 0 0 0 0 0
81 81 0 0 0 0 0 0 0 0 0 0 0 166 109 0 2 1 0 0 0 0 0 0 0 0
84 84 0 0 0 0 0 0 0 0 0 0 0 169 112 0 2 1 0 0 0 0 0 0 0 0
88 88 0 0 0 0 0 0 0 0 0 0 0 178 115 0 2 1 0 0 0 0 0 0 0 0
93 93 0 0 0 0 0 0 0 0 0 0 0 192 121 0 2 1 0 0 0 0 0 0 0 0
98 97 0 0 0 0 0 0 0 0 0 0 0 197 124 0 2 1 0 0 0 0 0 0 0 0
103 102 0 0 0 0 0 0 0 0 0 0 0 208 128 1 2 1 0 0 0 0 0 0 0 0
107 105 0 0 0 0 0 0 0 0 0 0 0 211 131 1 2 1 0 0 0 0 0 0 0 0
111 110 0 0 0 0 0 0 0 0 0 0 0 215 134 1 2 1 0 0 0 0 0 0 0 0
117 115 0 0 0 0 0 0 0 0 0 0 0 218 139 1 2 1 0 0 0 0 0 0 0 0
120 119 0 0 0 0 0 0 0 0 0 0 0 230 143 1 3 1 0 0 0 0 0 0 0 0
133 122 0 0 0 0 0 0 0 0 0 0 0 235 146 1 3 1 0 0 0 0 0 0 0 0
138 126 0 0 0 0 0 0 0 0 0 0 0 238 150 1 3 1 0 0 0 0 0 0 0 0
143 131 0 0 0 0 0 0 0 0 0 0 0 243 156 1 3 1 0 0 0 0 0 0 0 0
159 134 0 0 0 0 0 0 0 0 0 0 0 247 164 1 3 1 0 0 0 0 0 0 0 0
165 139 0 0 0 0 0 0 0 0 0 0 0 250 167 1 3 1 0 0 0 0 0 0 0 0
170 144 0 0 0 0 0 0 0 0 0 0 0 271 171 1 3 1 0 0 0 0 0 0 0 0
175 147 0 0 0 0 0 0 0 0 0 0 0 274 174 1 3 1 0 0 0 0 0 0 0 0
193 150 0 1 0 0 0 0 0 0 0 0 0 278 179 1 3 1 0 0 0 0 0 0 0 0
198 155 0 1 0 0 0 0 0 0 0 0 0 288 184 1 3 1 0 0 0 0 0 0 0 0
202 160 0 1 0 0 0 0 0 0 0 0 0 291 187 1 3 1 0 0 0 0 0 0 0 0
205 163 0 1 0 0 0 0 0 0 0 0 0 294 190 1 3 1 0 0 0 0 0 0 0 0
