# scores for worst/random/best/smart move selector strategies. 
# scores are 50% and 95% quantiles (based on 40 games) of: 
# game score, #destroyed, #unlocked, #stripes, #bombs, #zappers
0 0 0 0 0 0 0 0 0 0 0 0 0 3 3 0 0 0 0 0 0 0 0 0 0 0
3 3 0 0 0 0 0 0 0 0 0 0 0 11 11 0 0 0 0 0 0 0 0 0 0 0
9 9 0 0 0 0 0 0 0 0 0 0 0 21 17 0 0 0 0 0 0 0 0 0 0 0
15 15 0 0 0 0 0 0 0 0 0 0 0 26 24 0 0 0 0 0 0 0 0 0 0 0
18 18 0 0 0 0 0 0 0 0 0 0 0 45 31 0 0 0 0 0 0 0 0 0 0 0
24 24 0 0 0 0 0 0 0 0 0 0 0 70 40 0 0 0 0 0 0 0 0 0 0 0
27 27 0 0 0 0 0 0 0 0 0 0 0 75 49 0 1 0 0 0 0 0 0 0 0 0
31 31 0 0 0 0 0 0 0 0 0 0 0 84 54 0 1 0 1 0 0 0 1 0 0 0
36 36 0 0 0 0 0 0 0 0 0 0 0 110 60 0 1 0 1 0 0 0 1 0 0 0
42 41 0 0 0 0 0 0 0 0 0 0 0 116 66 0 1 0 1 0 0 0 1 0 0 0
51 47 0 0 0 0 0 0 0 0 0 0 0 131 77 0 2 0 1 1 0 0 1 0 0 0
58 52 0 0 0 0 0 0 0 0 0 0 0 168 86 0 2 1 1 1 0 0 1 0 0 0
89 61 0 1 0 0 0 0 0 0 0 0 0 172 92 0 2 1 1 1 0 0 1 0 0 0
97 66 0 1 0 0 0 0 0 0 0 0 0 181 97 1 3 1 1 1 0 0 1 0 0 0
112 71 0 1 0 0 0 0 0 0 0 0 0 194 108 1 3 1 1 1 0 0 1 0 0 0
128 77 0 1 0 0 0 0 0 0 0 0 0 211 114 3 3 1 1 1 1 0 1 0 0 0
136 83 0 1 0 0 0 0 0 0 0 0 0 238 120 3 3 1 1 1 1 0 1 0 0 0
157 90 0 2 0 0 0 0 0 0 0 0 0 268 130 3 4 1 1 1 1 0 1 0 0 0
166 97 0 2 0 0 0 0 0 0 0 0 0 285 139 3 4 1 1 1 1 0 1 0 0 0
183 104 0 2 0 0 0 0 0 0 0 0 0 289 142 3 5 1 1 1 1 0 1 0 0 0
216 110 0 2 0 0 0 0 0 0 0 0 0 298 149 3 5 1 1 1 1 0 1 0 0 0
233 118 0 3 0 0 0 0 0 0 0 0 0 302 154 4 5 1 1 1 1 0 1 0 0 0
238 125 0 3 0 0 0 0 0 0 0 0 0 339 164 4 5 2 1 1 1 0 1 0 0 0
251 132 0 3 0 0 0 0 0 0 0 0 0 371 171 4 5 2 1 1 1 0 1 0 0 0
263 139 0 3 0 0 0 0 0 0 0 0 0 375 180 4 6 2 1 1 1 0 1 0 0 0
275 147 0 4 0 0 0 0 0 0 0 0 0 393 185 4 6 2 2 1 1 0 2 0 0 0
284 152 0 4 0 0 0 0 0 0 0 0 0 406 198 4 6 2 2 1 1 0 2 0 0 0
302 156 0 4 0 0 0 0 0 0 0 0 0 411 208 4 7 2 2 1 1 0 2 0 0 0
309 165 0 4 0 0 0 0 0 0 0 0 0 417 212 4 7 2 2 1 1 0 2 0 0 0
323 176 0 4 0 0 0 0 0 0 0 0 0 443 221 4 7 2 2 1 1 0 2 0 0 0
336 183 0 5 0 0 0 0 0 0 0 0 0 496 234 4 7 2 2 1 1 0 2 0 0 0
353 191 0 5 0 0 0 0 0 0 0 0 0 501 239 4 7 2 2 1 1 0 2 0 0 0
382 198 0 5 0 0 1 0 0 0 0 0 0 531 250 4 8 2 2 1 1 0 2 0 0 0
389 203 0 5 0 0 1 0 0 0 0 0 0 535 253 4 9 2 2 1 1 0 2 0 0 0
393 210 0 5 0 0 1 0 0 0 0 0 0 582 267 4 9 2 2 1 1 0 2 0 0 0
419 214 0 6 0 0 1 0 0 0 0 0 0 587 275 4 9 2 2 1 1 0 2 0 0 0
442 223 0 6 0 0 1 0 0 0 0 0 0 657 280 4 9 2 2 2 1 0 2 0 0 0
454 234 0 6 1 0 1 0 0 0 0 0 0 663 285 4 10 2 2 2 1 0 2 0 0 0
475 247 0 7 1 0 1 0 0 0 0 0 0 691 304 4 11 2 2 2 2 0 2 0 0 0
488 250 0 7 1 0 1 0 0 0 0 0 0 713 307 4 11 2 2 2 2 0 2 0 0 0
499 256 0 7 1 0 1 0 0 0 0 0 0 719 315 4 11 2 3 2 2 0 3 0 0 0
