# scores for worst/random/best/smart move selector strategies. 
# scores are 50% and 95% quantiles (based on 40 games) of: 
# game score, #destroyed, #unlocked, #stripes, #bombs, #zappers
0 0 0 0 0 0 0 0 0 0 0 0 0 3 3 0 0 0 0 0 0 0 0 0 0 0
3 3 0 0 0 0 0 0 0 0 0 0 0 6 6 0 0 0 0 0 0 0 0 0 0 0
7 7 0 0 0 0 0 0 0 0 0 0 0 21 21 0 0 0 0 0 0 0 0 0 0 0
12 12 0 0 0 0 0 0 0 0 0 0 0 24 24 0 0 0 0 0 0 0 0 0 0 0
16 16 0 0 0 0 0 0 0 0 0 0 0 36 36 0 0 0 0 0 0 0 0 0 0 0
21 21 0 0 0 0 0 0 0 0 0 0 0 39 39 0 0 0 0 0 0 0 0 0 0 0
24 24 0 0 0 0 0 0 0 0 0 0 0 43 43 0 0 0 0 0 0 0 0 0 0 0
27 27 0 0 0 0 0 0 0 0 0 0 0 56 46 0 0 0 0 0 0 0 0 0 0 0
33 33 0 0 0 0 0 0 0 0 0 0 0 60 51 0 0 0 0 0 0 0 0 0 0 0
36 36 0 0 0 0 0 0 0 0 0 0 0 63 54 0 0 0 0 0 0 0 0 0 0 0
39 39 0 0 0 0 0 0 0 0 0 0 0 68 58 0 0 0 0 0 0 0 0 0 0 0
44 44 0 0 0 0 0 0 0 0 0 0 0 71 62 0 0 0 0 0 0 0 0 0 0 0
48 48 0 0 0 0 0 0 0 0 0 0 0 92 74 0 0 0 0 0 0 0 0 0 0 0
51 51 0 0 0 0 0 0 0 0 0 0 0 104 77 0 0 0 0 0 0 0 0 0 0 0
55 55 0 0 0 0 0 0 0 0 0 0 0 112 82 0 0 1 0 0 0 0 0 0 0 0
60 60 0 0 0 0 0 0 0 0 0 0 0 115 89 0 0 1 0 0 0 0 0 0 0 0
63 63 0 0 0 0 0 0 0 0 0 0 0 118 92 0 1 1 0 0 0 0 0 0 0 0
69 69 0 0 0 0 0 0 0 0 0 0 0 121 95 0 1 1 0 0 0 0 0 0 0 0
72 72 0 0 0 0 0 0 0 0 0 0 0 138 100 0 1 1 0 0 0 0 0 0 0 0
75 75 0 0 0 0 0 0 0 0 0 0 0 159 103 0 1 1 0 0 0 0 0 0 0 0
78 78 0 0 0 0 0 0 0 0 0 0 0 162 106 0 1 1 0 0 0 0 0 0 0 0
83 83 0 0 0 0 0 0 0 0 0 0 0 165 109 0 1 1 0 0 0 0 0 0 0 0
87 87 0 0 0 0 0 0 0 0 0 0 0 168 112 0 1 1 0 0 0 0 0 0 0 0
91 91 0 0 0 0 0 0 0 0 0 0 0 171 115 0 1 1 0 0 0 0 0 0 0 0
94 94 0 0 0 0 0 0 0 0 0 0 0 174 118 0 1 1 0 0 0 0 0 0 0 0
97 97 0 0 0 0 0 0 0 0 0 0 0 201 124 0 1 1 0 0 0 0 0 0 0 0
100 100 0 0 0 0 0 0 0 0 0 0 0 204 127 0 1 1 0 0 0 0 0 0 0 0
106 106 0 0 0 0 0 0 0 0 0 0 0 207 130 0 1 1 0 0 0 0 0 0 0 0
109 109 0 0 0 0 0 0 0 0 0 0 0 210 134 0 1 1 0 0 0 0 0 0 0 0
112 112 0 0 0 0 0 0 0 0 0 0 0 213 137 0 1 1 0 0 0 0 0 0 0 0
115 115 0 0 0 0 0 0 0 0 0 0 0 216 141 0 1 1 0 0 0 0 0 0 0 0
120 120 0 0 0 0 0 0 0 0 0 0 0 219 144 0 1 1 0 0 0 0 0 0 0 0
123 123 0 0 0 0 0 0 0 0 0 0 0 239 149 0 1 1 0 0 0 0 0 0 0 0
126 126 0 0 0 0 0 0 0 0 0 0 0 242 152 0 1 1 0 0 0 0 0 0 0 0
132 132 0 0 0 0 0 0 0 0 0 0 0 245 155 0 1 1 0 0 0 0 0 0 0 0
135 135 0 0 0 0 0 0 0 0 0 0 0 248 159 0 1 1 0 0 0 0 0 0 0 0
141 141 0 0 0 0 0 0 0 0 0 0 0 252 162 0 1 1 0 0 0 0 0 0 0 0
144 144 0 0 0 0 0 0 0 0 0 0 0 257 165 0 1 1 0 0 0 0 0 0 0 0
147 147 0 0 0 0 0 0 0 0 0 0 0 261 169 0 1 1 0 0 0 0 0 0 0 0
150 150 0 0 0 0 0 0 0 0 0 0 0 264 174 0 1 1 0 0 0 0 0 0 0 0
156 154 0 0 0 0 0 0 0 0 0 0 0 270 182 0 1 1 0 0 0 0 0 0 0 0
