# scores for worst/random/best/smart move selector strategies. 
# scores are 50% and 95% quantiles (based on 40 games) of: 
# game score, #destroyed, #unlocked, #stripes, #bombs, #zappers
0 0 0 0 0 0 0 0 0 0 0 0 0 6 6 0 0 0 0 0 0 0 0 0 0 0
3 3 0 0 0 0 0 0 0 0 0 0 0 9 9 0 0 0 0 0 0 0 0 0 0 0
9 9 0 0 0 0 0 0 0 0 0 0 0 29 16 0 0 0 0 0 0 0 0 0 0 0
14 14 0 0 0 0 0 0 0 0 0 0 0 48 24 0 0 0 0 0 0 0 0 0 0 0
18 18 0 0 0 0 0 0 0 0 0 0 0 51 31 0 0 0 0 0 0 0 0 0 0 0
23 23 0 0 0 0 0 0 0 0 0 0 0 58 35 0 1 0 0 0 0 0 0 0 0 0
27 27 0 0 0 0 0 0 0 0 0 0 0 79 41 0 1 0 0 0 0 0 0 0 0 0
32 31 0 0 0 0 0 0 0 0 0 0 0 85 47 0 1 0 1 0 0 0 1 0 0 0
36 35 0 0 0 0 0 0 0 0 0 0 0 90 51 0 1 0 1 0 0 0 1 0 0 0
39 38 0 0 0 0 0 0 0 0 0 0 0 128 55 0 2 0 1 0 0 0 1 0 0 0
42 42 0 0 0 0 0 0 0 0 0 0 0 148 69 0 3 0 1 0 0 0 1 0 0 0
47 46 0 0 0 0 0 0 0 0 0 0 0 184 73 0 3 0 1 1 0 0 1 0 0 0
52 50 0 0 0 0 0 0 0 0 0 0 0 189 80 0 3 0 1 1 0 0 1 0 0 0
57 55 0 0 0 0 0 0 0 0 0 0 0 210 85 0 3 0 1 1 0 0 1 0 0 0
60 59 0 0 0 0 0 0 0 0 0 0 0 214 89 0 3 0 1 1 0 0 1 0 0 0
69 65 0 0 0 0 0 0 0 0 0 0 0 257 101 0 4 0 1 1 0 0 1 0 0 0
89 70 0 0 0 0 0 0 0 0 0 0 0 260 108 1 4 1 1 1 0 0 1 0 0 0
106 77 0 0 0 0 0 0 0 0 0 0 0 274 119 1 4 1 1 1 0 0 1 0 0 0
122 84 0 1 0 0 0 0 0 0 0 0 0 331 135 1 6 1 1 1 0 0 1 0 0 0
129 87 0 1 0 0 0 0 0 0 0 0 0 356 141 1 6 1 1 1 0 0 1 0 0 0
135 93 0 1 0 0 0 0 0 0 0 0 0 359 146 1 6 1 1 1 0 0 1 0 0 0
151 101 0 1 0 0 0 0 0 0 0 0 0 362 152 1 7 1 1 1 0 0 1 0 0 0
156 105 0 1 0 0 0 0 0 0 0 0 0 380 156 1 7 1 1 1 0 0 1 0 0 0
162 109 0 1 0 0 0 0 0 0 0 0 0 386 163 1 7 1 1 1 1 0 1 0 0 0
167 112 0 2 0 0 0 0 0 0 0 0 0 391 166 1 7 1 1 1 1 0 1 0 0 0
186 119 0 2 0 0 0 0 0 0 0 0 0 397 171 1 7 1 1 1 1 0 1 0 0 0
192 123 0 2 0 0 0 0 0 0 0 0 0 411 174 1 8 1 1 1 1 0 1 0 0 0
196 128 0 2 0 0 0 0 0 0 0 0 0 414 179 1 8 1 1 1 1 0 1 0 0 0
209 131 0 3 0 0 0 0 0 0 0 0 0 417 183 1 8 1 1 1 1 0 1 0 0 0
213 136 0 3 0 0 0 0 0 0 0 0 0 423 188 1 8 1 1 1 1 0 1 0 0 0
223 139 0 3 0 0 0 0 0 0 0 0 0 429 196 1 8 1 1 1 1 0 1 0 0 0
226 142 0 3 0 0 0 0 0 0 0 0 0 433 199 1 8 1 1 1 1 0 1 0 0 0
241 147 0 3 0 0 0 0 0 0 0 0 0 436 207 1 8 1 1 2 1 0 1 0 0 0
247 152 0 3 0 0 0 0 0 0 0 0 0 439 211 1 8 1 1 2 1 0 1 0 0 0
252 159 0 3 0 0 0 0 0 0 0 0 0 442 216 1 8 1 1 2 1 0 1 0 0 0
263 164 0 4 0 0 0 0 0 0 0 0 0 463 224 1 9 1 1 2 1 0 1 0 0 0
268 169 0 4 0 0 0 0 0 0 0 0 0 492 228 1 11 1 1 2 1 0 1 1 0 0
271 175 0 4 0 0 0 0 0 0 0 0 0 511 236 1 11 1 1 2 1 0 1 1 0 0
289 179 0 4 0 0 0 0 0 0 0 0 0 515 247 1 12 1 1 2 1 0 1 1 0 0
307 184 0 4 0 0 0 0 0 0 0 0 0 564 250 1 12 1 1 2 1 0 1 1 0 0
317 191 0 5 0 0 1 0 0 0 0 0 0 571 258 1 12 1 1 2 1 0 1 1 0 0
