# scores for worst/random/best/smart move selector strategies. 
# scores are 50% and 95% quantiles (based on 40 games) of: 
# game score, #destroyed, #unlocked, #stripes, #bombs, #zappers
0 0 0 0 0 0 0 0 0 0 0 0 0 6 6 0 0 0 0 0 0 0 0 0 0 0
3 3 0 0 0 0 0 0 0 0 0 0 0 17 15 0 0 0 0 0 0 0 0 0 0 0
9 9 0 0 0 0 0 0 0 0 0 0 0 32 19 0 0 0 0 0 0 0 0 0 0 0
12 12 0 0 0 0 0 0 0 0 0 0 0 51 23 0 0 0 0 0 0 0 0 0 0 0
17 16 0 0 0 0 0 0 0 0 0 0 0 54 26 0 1 0 0 0 0 0 0 0 0 0
20 20 0 0 0 0 0 0 0 0 0 0 0 60 35 0 1 0 0 0 0 0 0 0 0 0
26 25 0 0 0 0 0 0 0 0 0 0 0 63 38 0 1 0 0 0 0 0 0 0 0 0
30 29 0 0 0 0 0 0 0 0 0 0 0 69 46 0 1 0 0 0 0 0 0 0 0 0
34 33 0 0 0 0 0 0 0 0 0 0 0 72 49 0 1 0 0 0 0 0 0 0 0 0
38 37 0 0 0 0 0 0 0 0 0 0 0 77 52 0 1 0 0 0 0 0 0 0 0 0
42 41 0 0 0 0 0 0 0 0 0 0 0 86 62 0 1 0 0 0 0 0 0 0 0 0
45 45 0 0 0 0 0 0 0 0 0 0 0 93 65 0 1 0 0 0 0 0 0 0 0 0
53 52 0 0 0 0 0 0 0 0 0 0 0 96 68 0 1 0 0 0 0 0 0 0 0 0
57 55 0 0 0 0 0 0 0 0 0 0 0 101 72 0 1 0 0 0 0 0 0 0 0 0
61 59 0 0 0 0 0 0 0 0 0 0 0 108 80 0 1 0 0 0 0 0 0 0 0 0
64 64 0 0 0 0 0 0 0 0 0 0 0 131 85 0 1 0 0 0 0 0 0 0 0 0
69 67 0 0 0 0 0 0 0 0 0 0 0 134 90 0 1 0 0 0 0 0 0 0 0 0
72 71 0 0 0 0 0 0 0 0 0 0 0 139 93 0 1 0 0 0 0 0 0 0 0 0
76 75 0 0 0 0 0 0 0 0 0 0 0 142 97 0 1 0 0 0 0 0 0 0 0 0
79 78 0 0 0 0 0 0 0 0 0 0 0 165 101 0 2 0 0 0 0 0 0 0 0 0
86 82 0 0 0 0 0 0 0 0 0 0 0 179 109 0 2 0 0 0 0 0 0 0 0 0
92 85 0 0 0 0 0 0 0 0 0 0 0 182 115 0 2 0 0 0 0 0 0 0 0 0
96 90 0 0 0 0 0 0 0 0 0 0 0 191 118 0 2 0 0 0 0 0 0 0 0 0
104 93 0 0 0 0 0 0 0 0 0 0 0 207 127 0 2 0 0 0 0 0 0 0 0 0
111 99 0 0 0 0 0 0 0 0 0 0 0 211 132 1 2 0 0 0 0 0 0 0 0 0
114 102 0 0 0 0 0 0 0 0 0 0 0 218 138 1 3 0 0 0 0 0 0 0 0 0
122 106 0 1 0 0 0 0 0 0 0 0 0 221 141 1 3 0 0 0 0 0 0 0 0 0
132 110 0 1 0 0 0 0 0 0 0 0 0 224 144 1 3 1 0 0 0 0 0 0 0 0
140 113 0 1 0 0 0 0 0 0 0 0 0 229 149 1 3 1 0 0 0 0 0 0 0 0
144 116 0 1 0 0 0 0 0 0 0 0 0 237 153 1 3 1 0 0 0 0 0 0 0 0
153 125 0 1 0 0 0 0 0 0 0 0 0 246 158 1 3 1 0 0 0 0 0 0 0 0
166 130 0 1 0 0 0 0 0 0 0 0 0 249 161 1 3 1 0 0 0 0 0 0 0 0
173 133 0 1 0 0 0 0 0 0 0 0 0 255 164 1 3 1 0 0 0 0 0 0 0 0
176 136 0 1 0 0 0 0 0 0 0 0 0 264 167 1 4 1 0 0 0 0 0 0 0 0
180 142 0 1 0 0 0 0 0 0 0 0 0 267 170 1 4 1 0 0 0 0 0 0 0 0
183 146 0 1 0 0 0 0 0 0 0 0 0 270 175 1 4 1 0 0 0 0 0 0 0 0
187 151 0 1 0 0 0 0 0 0 0 0 0 273 181 1 4 1 0 0 0 0 0 0 0 0
191 155 0 1 0 0 0 0 0 0 0 0 0 298 185 1 4 1 0 0 0 0 0 0 0 0
196 160 0 1 0 0 0 0 0 0 0 0 0 319 193 1 4 1 0 0 0 0 0 0 0 0
203 163 0 1 0 0 0 0 0 0 0 0 0 322 196 1 4 1 0 0 0 0 0 0 0 0
206 166 0 1 0 0 0 0 0 0 0 0 0 325 199 1 4 1 0 0 0 0 0 0 0 0
