# scores for worst/random/best/smart move selector strategies. 
# scores are 50% and 95% quantiles (based on 40 games) of: 
# game score, #destroyed, #unlocked, #stripes, #bombs, #zappers
0 0 0 0 0 0 0 0 0 0 0 0 0 4 4 0 0 0 0 0 0 0 0 0 0 0
3 3 0 0 0 0 0 0 0 0 0 0 0 12 12 0 0 0 0 0 0 0 0 0 0 0
8 8 0 0 0 0 0 0 0 0 0 0 0 37 18 0 0 0 0 0 0 0 0 0 0 0
12 12 0 0 0 0 0 0 0 0 0 0 0 55 22 0 1 0 0 0 0 0 0 0 0 0
15 15 0 0 0 0 0 0 0 0 0 0 0 58 25 0 1 0 0 0 0 0 0 0 0 0
21 21 0 0 0 0 0 0 0 0 0 0 0 69 31 2 1 0 0 0 0 0 0 0 0 0
24 24 0 0 0 0 0 0 0 0 0 0 0 72 35 2 1 0 0 0 0 0 0 0 0 0
30 30 0 0 0 0 0 0 0 0 0 0 0 75 38 2 1 0 0 0 0 0 0 0 0 0
33 33 0 0 0 0 0 0 0 0 0 0 0 78 42 2 1 0 0 0 0 0 0 0 0 0
39 36 0 0 0 0 0 0 0 0 0 0 0 81 50 2 1 0 0 0 0 0 0 0 0 0
44 42 0 0 0 0 0 0 0 0 0 0 0 84 53 3 1 0 0 0 0 0 0 0 0 0
51 47 0 0 0 0 0 0 0 0 0 0 0 96 57 4 2 0 0 0 0 0 0 0 0 0
54 50 0 0 0 0 0 0 0 0 0 0 0 100 60 4 2 0 0 0 0 0 0 0 0 0
66 55 0 0 0 0 0 0 0 0 0 0 0 110 68 5 2 0 0 0 0 0 0 0 0 0
71 60 0 0 0 0 0 0 0 0 0 0 0 116 72 5 2 0 0 0 0 0 0 0 0 0
75 64 0 0 0 0 0 0 0 0 0 0 0 124 81 5 2 0 0 0 0 0 0 0 0 0
83 70 0 0 0 0 0 0 0 0 0 0 0 132 86 5 3 0 0 0 0 0 0 0 0 0
86 73 0 0 0 0 0 0 0 0 0 0 0 135 90 5 3 0 0 0 0 0 0 0 0 0
93 77 0 1 0 0 0 0 0 0 0 0 0 171 97 5 3 0 0 0 0 0 0 0 0 0
99 81 0 1 0 0 0 0 0 0 0 0 0 189 104 7 3 0 0 1 0 0 0 0 0 0
103 85 0 1 0 0 0 0 0 0 0 0 0 193 113 7 3 0 0 1 0 0 0 0 0 0
108 92 0 1 0 0 0 0 0 0 0 0 0 227 121 7 3 1 0 1 0 0 0 0 0 0
111 95 0 1 0 0 0 0 0 0 0 0 0 230 125 7 4 1 0 1 0 0 0 0 0 0
123 98 0 1 0 0 0 0 0 0 0 0 0 235 137 7 4 1 0 1 0 0 0 0 0 0
134 107 1 1 0 0 0 0 0 0 0 0 0 238 141 11 4 1 0 1 0 0 0 0 0 0
138 111 1 1 0 0 0 0 0 0 0 0 0 243 146 11 4 1 0 1 0 0 0 0 0 0
143 114 1 1 0 0 0 0 0 0 0 0 0 247 151 11 4 1 0 1 0 0 0 0 0 0
150 121 1 2 0 0 0 0 0 0 0 0 0 267 156 11 4 1 0 1 0 0 0 0 0 0
156 125 1 2 0 0 0 0 0 0 0 0 0 273 161 11 5 1 0 1 0 0 0 0 0 0
172 130 1 2 0 0 0 0 0 0 0 0 0 319 166 14 5 2 1 1 1 0 0 0 0 0
175 134 2 2 0 0 0 0 0 0 0 0 0 324 169 14 5 2 1 1 1 0 0 0 0 0
178 137 2 2 0 0 0 0 0 0 0 0 0 329 176 14 5 2 1 1 1 0 0 0 0 0
193 147 2 2 0 0 0 0 0 0 0 0 0 332 179 14 5 2 1 1 1 0 0 0 0 0
209 151 2 2 0 0 0 0 0 0 0 0 0 339 188 14 5 2 1 1 1 0 0 0 0 0
224 156 3 2 0 0 0 0 0 0 0 0 0 342 192 14 5 2 1 1 1 0 0 0 0 0
237 160 3 2 0 0 0 0 0 0 0 0 0 345 196 14 5 2 1 1 1 0 0 0 0 0
243 163 3 2 0 0 0 0 0 0 0 0 0 353 201 14 5 2 1 1 1 0 0 0 0 0
255 173 3 2 0 0 0 0 0 0 0 0 0 371 210 14 5 2 1 1 1 0 0 0 0 0
258 178 3 3 0 0 0 0 0 0 0 0 0 388 213 14 5 2 1 1 1 0 0 0 0 0
264 183 3 3 0 0 0 0 0 0 0 0 0 391 216 15 6 2 1 1 1 0 0 0 0 0
267 187 3 3 0 0 0 0 0 0 0 0 0 395 223 15 6 2 1 1 1 0 0 0 0 0
