# scores for worst/random/best/smart move selector strategies. 
# scores are 50% and 95% quantiles (based on 40 games) of: 
# game score, #destroyed, #unlocked, #stripes, #bombs, #zappers
0 0 0 0 0 0 0 0 0 0 0 0 0 4 4 0 0 0 0 0 0 0 0 0 0 0
3 3 0 0 0 0 0 0 0 0 0 0 0 13 12 0 0 0 0 0 0 0 0 0 0 0
9 9 0 0 0 0 0 0 0 0 0 0 0 30 16 0 0 0 0 0 0 0 0 0 0 0
12 12 0 0 0 0 0 0 0 0 0 0 0 38 22 0 1 0 0 0 0 0 0 0 0 0
15 15 0 0 0 0 0 0 0 0 0 0 0 66 28 0 1 0 0 0 0 0 0 0 0 0
21 21 0 0 0 0 0 0 0 0 0 0 0 71 35 0 1 0 0 0 0 0 0 0 0 0
24 24 0 0 0 0 0 0 0 0 0 0 0 81 39 2 1 0 0 0 0 0 0 0 0 0
30 29 0 0 0 0 0 0 0 0 0 0 0 84 43 2 1 0 0 0 0 0 0 0 0 0
33 33 0 0 0 0 0 0 0 0 0 0 0 90 49 2 1 0 0 0 0 0 0 0 0 0
36 36 0 0 0 0 0 0 0 0 0 0 0 94 54 2 1 0 0 0 0 0 0 0 0 0
39 39 0 0 0 0 0 0 0 0 0 0 0 111 57 2 1 0 0 0 0 0 0 0 0 0
45 45 0 0 0 0 0 0 0 0 0 0 0 117 62 2 1 0 0 0 0 0 0 0 0 0
51 48 0 0 0 0 0 0 0 0 0 0 0 121 69 2 1 0 0 0 0 0 0 0 0 0
54 51 0 0 0 0 0 0 0 0 0 0 0 126 72 2 1 0 0 0 0 0 0 0 0 0
60 57 0 0 0 0 0 0 0 0 0 0 0 144 80 2 1 1 0 0 0 0 0 0 0 0
66 60 0 0 0 0 0 0 0 0 0 0 0 161 83 2 1 1 0 0 0 0 0 0 0 0
69 66 0 0 0 0 0 0 0 0 0 0 0 164 86 2 1 1 0 0 0 0 0 0 0 0
75 72 0 0 0 0 0 0 0 0 0 0 0 173 98 2 1 1 0 0 0 0 0 0 0 0
82 75 0 0 0 0 0 0 0 0 0 0 0 176 101 2 1 1 0 0 0 0 0 0 0 0
88 78 0 0 0 0 0 0 0 0 0 0 0 179 105 2 1 1 0 0 0 0 0 0 0 0
95 82 0 0 0 0 0 0 0 0 0 0 0 184 110 2 2 1 1 0 0 0 1 0 0 0
100 85 0 0 0 0 0 0 0 0 0 0 0 187 115 2 2 1 1 0 0 0 1 0 0 0
103 90 0 0 0 0 0 0 0 0 0 0 0 211 123 3 2 1 1 0 0 0 1 0 0 0
108 96 0 0 0 0 0 0 0 0 0 0 0 215 131 3 2 1 1 0 0 0 1 0 0 0
115 99 0 0 0 0 0 0 0 0 0 0 0 218 136 3 2 1 1 0 0 0 1 0 0 0
118 102 0 0 0 0 0 0 0 0 0 0 0 223 142 3 2 1 1 0 0 0 1 0 0 0
121 107 0 0 0 0 0 0 0 0 0 0 0 226 145 3 2 1 1 0 0 0 1 0 0 0
127 111 0 0 0 0 0 0 0 0 0 0 0 232 148 3 2 1 1 0 0 0 1 0 0 0
131 114 0 0 0 0 0 0 0 0 0 0 0 237 151 3 2 1 1 0 0 0 1 0 0 0
138 119 0 1 0 0 0 0 0 0 0 0 0 241 156 4 2 1 1 0 0 0 1 0 0 0
144 124 0 1 0 0 0 0 0 0 0 0 0 246 161 4 2 1 1 0 0 0 1 0 0 0
152 127 0 1 0 0 0 0 0 0 0 0 0 249 167 4 2 1 1 0 0 0 1 0 0 0
155 132 0 1 0 0 0 0 0 0 0 0 0 252 171 4 2 1 1 0 0 0 1 0 0 0
158 135 0 1 0 0 0 0 0 0 0 0 0 255 178 4 2 1 1 0 0 0 1 0 0 0
163 138 0 1 0 0 0 0 0 0 0 0 0 258 184 4 2 1 1 0 0 0 1 0 0 0
168 143 0 1 0 0 0 0 0 0 0 0 0 262 188 4 2 1 1 0 0 0 1 0 0 0
171 148 0 1 0 0 0 0 0 0 0 0 0 265 195 4 2 1 1 0 0 0 1 0 0 0
179 152 0 1 0 0 0 0 0 0 0 0 0 268 200 4 2 1 1 0 0 0 1 0 0 0
185 158 0 1 0 0 0 0 0 0 0 0 0 271 203 4 2 1 1 0 0 0 1 0 0 0
189 165 0 1 0 0 0 0 0 0 0 0 0 277 209 4 2 1 1 0 0 0 1 0 0 0
195 168 0 1 0 0 0 0 0 0 0 0 0 314 213 4 2 1 1 0 0 0 1 0 0 0
