# scores for worst/random/best/smart move selector strategies. 
# scores are 50% and 95% quantiles (based on 40 games) of: 
# game score, #destroyed, #unlocked, #stripes, #bombs, #zappers
0 0 0 0 0 0 0 0 0 0 0 0 0 4 4 0 0 0 0 0 0 0 0 0 0 0
3 3 0 0 0 0 0 0 0 0 0 0 0 11 11 0 0 0 0 0 0 0 0 0 0 0
9 9 0 0 0 0 0 0 0 0 0 0 0 15 15 0 0 0 0 0 0 0 0 0 0 0
12 12 0 0 0 0 0 0 0 0 0 0 0 38 20 0 1 0 0 0 0 0 0 0 0 0
15 15 0 0 0 0 0 0 0 0 0 0 0 49 24 0 1 0 0 0 0 0 0 0 0 0
18 18 0 0 0 0 0 0 0 0 0 0 0 62 31 0 1 0 0 0 0 0 0 0 0 0
24 24 0 0 0 0 0 0 0 0 0 0 0 65 41 0 1 0 0 0 0 0 0 0 0 0
27 27 0 0 0 0 0 0 0 0 0 0 0 74 49 0 1 0 0 0 0 0 0 0 0 0
33 33 0 0 0 0 0 0 0 0 0 0 0 78 53 0 1 0 0 0 0 0 0 0 0 0
36 36 0 0 0 0 0 0 0 0 0 0 0 88 57 0 1 0 0 0 0 0 0 0 0 0
39 39 0 0 0 0 0 0 0 0 0 0 0 94 62 2 1 0 0 0 0 0 0 0 0 0
45 43 0 0 0 0 0 0 0 0 0 0 0 104 65 3 1 0 0 0 0 0 0 0 0 0
48 47 0 0 0 0 0 0 0 0 0 0 0 125 68 3 1 0 0 0 0 0 0 0 0 0
53 51 0 0 0 0 0 0 0 0 0 0 0 128 71 3 1 0 0 0 0 0 0 0 0 0
58 56 0 0 0 0 0 0 0 0 0 0 0 133 75 3 1 0 0 0 0 0 0 0 0 0
66 61 0 0 0 0 0 0 0 0 0 0 0 139 81 3 1 0 0 0 0 0 0 0 0 0
69 65 0 0 0 0 0 0 0 0 0 0 0 142 84 3 1 0 0 0 0 0 0 0 0 0
78 69 0 0 0 0 0 0 0 0 0 0 0 148 90 3 1 0 0 0 0 0 0 0 0 0
87 74 0 0 0 0 0 0 0 0 0 0 0 151 95 3 1 1 0 0 0 0 0 0 0 0
93 78 0 0 0 0 0 0 0 0 0 0 0 157 100 3 1 1 0 0 0 0 0 0 0 0
98 84 0 0 0 0 0 0 0 0 0 0 0 161 105 3 2 1 0 0 0 0 0 0 0 0
103 88 0 0 0 0 0 0 0 0 0 0 0 173 111 3 2 1 0 0 0 0 0 0 0 0
107 92 0 0 0 0 0 0 0 0 0 0 0 180 120 3 2 1 0 0 0 0 0 0 0 0
110 98 0 0 0 0 0 0 0 0 0 0 0 185 125 3 2 1 0 0 0 0 0 0 0 0
114 101 0 0 0 0 0 0 0 0 0 0 0 188 132 3 2 1 0 0 0 0 0 0 0 0
120 105 0 0 0 0 0 0 0 0 0 0 0 197 138 3 2 1 0 0 0 0 0 0 0 0
126 109 0 0 0 0 0 0 0 0 0 0 0 202 141 3 2 1 0 0 0 0 0 0 0 0
130 113 0 0 0 0 0 0 0 0 0 0 0 206 147 3 2 1 0 0 0 0 0 0 0 0
133 118 0 0 0 0 0 0 0 0 0 0 0 209 150 3 2 1 0 0 0 0 0 0 0 0
137 122 0 0 0 0 0 0 0 0 0 0 0 212 157 3 2 1 0 0 0 0 0 0 0 0
140 125 0 0 0 0 0 0 0 0 0 0 0 215 160 3 2 1 0 0 0 0 0 0 0 0
146 130 0 0 0 0 0 0 0 0 0 0 0 220 163 3 2 1 0 0 0 0 0 0 0 0
150 133 0 0 0 0 0 0 0 0 0 0 0 225 166 3 2 1 0 0 0 0 0 0 0 0
153 137 0 0 0 0 0 0 0 0 0 0 0 229 169 4 2 1 0 0 0 0 0 0 0 0
158 141 0 1 0 0 0 0 0 0 0 0 0 246 172 4 2 1 1 0 0 0 1 0 0 0
164 146 0 1 0 0 0 0 0 0 0 0 0 251 177 4 2 1 1 0 0 0 1 0 0 0
167 149 0 1 0 0 0 0 0 0 0 0 0 254 180 4 2 1 1 0 0 0 1 0 0 0
172 154 0 1 0 0 0 0 0 0 0 0 0 264 190 4 3 1 1 0 0 0 1 0 0 0
178 158 0 1 0 0 0 0 0 0 0 0 0 267 193 4 3 1 1 0 0 0 1 0 0 0
184 161 0 1 0 0 0 0 0 0 0 0 0 270 196 4 3 1 1 0 0 0 1 0 0 0
188 164 0 1 0 0 0 0 0 0 0 0 0 275 203 4 3 1 1 0 0 0 1 0 0 0
