# scores for worst/random/best/smart move selector strategies. 
# scores are 50% and 95% quantiles (based on 40 games) of: 
# game score, #destroyed, #unlocked, #stripes, #bombs, #zappers
0 0 0 0 0 0 0 0 0 0 0 0 0 3 3 0 0 0 0 0 0 0 0 0 0 0
3 3 0 0 0 0 0 0 0 0 0 0 0 9 9 0 0 0 0 0 0 0 0 0 0 0
8 8 0 0 0 0 0 0 0 0 0 0 0 16 16 0 0 0 0 0 0 0 0 0 0 0
12 12 0 0 0 0 0 0 0 0 0 0 0 43 28 0 0 0 0 0 0 0 0 0 0 0
15 15 0 0 0 0 0 0 0 0 0 0 0 55 34 0 1 0 0 0 0 0 0 0 0 0
21 21 0 0 0 0 0 0 0 0 0 0 0 61 41 0 1 0 0 0 0 0 0 0 0 0
25 24 0 0 0 0 0 0 0 0 0 0 0 78 47 0 1 0 0 0 0 0 0 0 0 0
32 30 0 0 0 0 0 0 0 0 0 0 0 81 53 0 1 0 0 0 0 0 0 0 0 0
36 35 0 0 0 0 0 0 0 0 0 0 0 105 61 1 2 0 0 0 0 0 0 0 0 0
42 39 0 0 0 0 0 0 0 0 0 0 0 126 71 2 2 0 0 0 0 0 0 0 0 0
52 45 0 0 0 0 0 0 0 0 0 0 0 152 82 2 2 0 0 0 0 0 0 0 0 0
62 51 0 0 0 0 0 0 0 0 0 0 0 189 97 2 2 0 1 0 0 0 1 0 0 0
67 56 0 0 0 0 0 0 0 0 0 0 0 203 102 2 3 0 1 0 0 0 1 0 0 0
76 61 0 0 0 0 0 0 0 0 0 0 0 221 118 3 3 0 1 0 0 0 1 0 0 0
86 68 0 1 0 0 0 0 0 0 0 0 0 227 121 3 3 0 1 0 0 0 1 0 0 0
94 71 0 1 0 0 0 0 0 0 0 0 0 230 124 3 3 1 1 0 0 0 1 0 0 0
103 76 0 1 0 0 0 0 0 0 0 0 0 233 128 4 3 1 1 1 0 0 1 0 0 0
111 81 0 1 0 0 0 0 0 0 0 0 0 258 142 4 4 1 1 1 0 0 1 0 0 0
123 86 0 1 0 0 0 0 0 0 0 0 0 261 145 5 5 1 1 1 0 0 1 0 0 0
128 90 0 1 0 0 0 0 0 0 0 0 0 264 148 5 5 1 1 1 0 0 1 0 0 0
149 100 0 2 0 0 0 0 0 0 0 0 0 361 155 6 6 1 1 1 0 0 1 0 0 0
167 107 1 2 0 0 0 0 0 0 0 0 0 392 163 7 6 1 1 1 0 0 1 0 0 0
174 114 1 2 0 0 0 0 0 0 0 0 0 398 168 8 7 1 1 1 0 0 1 0 0 0
181 117 3 2 0 0 0 0 0 0 0 0 0 518 195 8 9 1 1 1 0 0 1 0 0 0
194 123 3 2 0 0 0 0 0 0 0 0 0 521 206 8 11 1 1 1 0 0 1 1 0 0
212 131 3 2 0 0 0 0 0 0 0 0 0 540 219 8 12 2 1 1 0 0 1 1 0 0
229 136 3 2 0 0 0 0 0 0 0 0 0 562 226 13 12 2 1 1 1 0 1 1 0 0
239 144 3 2 0 0 0 0 0 0 0 0 0 596 238 13 14 2 1 1 1 0 1 1 0 0
244 152 3 2 0 0 0 0 0 0 0 0 0 602 243 14 14 2 2 1 1 0 2 1 0 0
259 165 3 3 0 0 0 0 0 0 0 0 0 633 247 14 14 2 2 1 1 0 2 1 0 0
269 175 3 3 0 0 0 0 0 0 0 0 0 641 253 14 14 2 2 1 1 0 2 1 0 0
304 181 3 4 0 0 0 0 0 0 0 0 0 677 268 14 14 2 2 1 1 0 2 1 0 0
311 188 3 4 0 0 0 0 0 0 0 0 0 682 276 14 14 2 2 2 1 0 2 1 0 0
315 193 3 4 0 0 0 0 0 0 0 0 0 752 282 14 15 2 2 2 1 0 2 1 0 0
336 203 4 4 0 0 0 0 0 0 0 0 0 807 300 14 16 2 2 2 1 0 2 1 0 0
364 212 4 4 0 0 0 0 0 0 0 0 0 835 310 14 17 3 2 2 1 0 2 1 0 0
369 216 4 4 0 0 0 0 0 0 0 0 0 840 315 14 17 3 2 3 1 0 2 1 0 0
373 222 4 4 0 0 0 0 0 0 0 0 0 861 326 14 17 3 2 3 1 1 2 1 0 0
396 226 4 4 1 1 0 0 0 0 0 0 0 983 332 15 17 3 2 3 1 1 2 1 0 0
446 237 5 5 1 1 0 0 0 0 0 0 0 987 337 15 17 3 2 3 2 1 2 1 0 0
451 242 5 5 1 1 0 0 0 0 0 0 0 1024 341 15 17 3 3 3 2 1 2 1 0 0
