# scores for worst/random/best/smart move selector strategies. 
# scores are 50% and 95% quantiles (based on 40 games) of: 
# game score, #destroyed, #unlocked, #stripes, #bombs, #zappers
0 0 0 0 0 0 0 0 0 0 0 0 0 3 3 0 0 0 0 0 0 0 0 0 0 0
3 3 0 0 0 0 0 0 0 0 0 0 0 9 9 0 0 0 0 0 0 0 0 0 0 0
9 9 0 0 0 0 0 0 0 0 0 0 0 17 17 0 0 0 0 0 0 0 0 0 0 0
12 12 0 0 0 0 0 0 0 0 0 0 0 45 29 0 0 0 0 0 0 0 0 0 0 0
18 18 0 0 0 0 0 0 0 0 0 0 0 48 33 0 0 0 0 0 0 0 0 0 0 0
21 21 0 0 0 0 0 0 0 0 0 0 0 74 39 0 1 0 0 0 0 0 0 0 0 0
27 27 0 0 0 0 0 0 0 0 0 0 0 78 45 1 1 0 0 0 0 0 0 0 0 0
35 30 0 0 0 0 0 0 0 0 0 0 0 98 48 3 1 0 0 0 0 0 0 0 0 0
39 36 0 0 0 0 0 0 0 0 0 0 0 101 53 3 1 0 0 0 0 0 0 0 0 0
44 39 0 0 0 0 0 0 0 0 0 0 0 107 56 3 1 0 0 0 0 0 0 0 0 0
50 46 0 0 0 0 0 0 0 0 0 0 0 114 65 3 2 0 0 0 0 0 0 0 0 0
56 53 0 0 0 0 0 0 0 0 0 0 0 132 74 3 2 0 0 0 0 0 0 0 0 0
59 56 0 0 0 0 0 0 0 0 0 0 0 136 79 3 2 0 0 0 0 0 0 0 0 0
62 60 0 0 0 0 0 0 0 0 0 0 0 139 84 3 2 0 0 0 0 0 0 0 0 0
73 64 0 0 0 0 0 0 0 0 0 0 0 151 87 3 2 1 0 0 0 0 0 0 0 0
80 72 0 0 0 0 0 0 0 0 0 0 0 156 92 4 2 1 0 0 0 0 0 0 0 0
85 75 0 0 0 0 0 0 0 0 0 0 0 163 99 4 2 1 0 0 0 0 0 0 0 0
93 80 0 0 0 0 0 0 0 0 0 0 0 168 105 4 2 1 0 0 0 0 0 0 0 0
101 85 0 1 0 0 0 0 0 0 0 0 0 178 116 4 2 1 0 0 0 0 0 0 0 0
114 91 0 1 0 0 0 0 0 0 0 0 0 181 119 4 2 1 0 0 0 0 0 0 0 0
120 94 0 1 0 0 0 0 0 0 0 0 0 198 127 4 2 1 0 0 0 0 0 0 0 0
124 99 0 1 0 0 0 0 0 0 0 0 0 210 136 4 2 1 0 0 0 0 0 0 0 0
127 102 0 1 0 0 0 0 0 0 0 0 0 215 139 4 2 1 0 0 0 0 0 0 0 0
137 106 0 1 0 0 0 0 0 0 0 0 0 220 144 4 2 1 0 1 0 0 0 0 0 0
149 111 0 1 0 0 0 0 0 0 0 0 0 229 150 4 3 1 0 1 0 0 0 0 0 0
153 118 0 1 0 0 0 0 0 0 0 0 0 256 157 4 3 1 0 1 0 0 0 0 0 0
156 121 0 1 0 0 0 0 0 0 0 0 0 260 165 4 3 1 0 1 0 0 0 0 0 0
162 127 1 1 0 0 0 0 0 0 0 0 0 282 180 4 3 1 0 1 0 0 0 0 0 0
171 132 1 1 0 0 0 0 0 0 0 0 0 290 186 6 3 1 1 1 0 0 1 0 0 0
185 138 2 1 0 0 0 0 0 0 0 0 0 294 189 6 3 2 1 1 0 0 1 0 0 0
195 145 2 1 0 0 0 0 0 0 0 0 0 297 193 6 3 2 1 1 0 0 1 0 0 0
200 152 2 1 0 0 0 0 0 0 0 0 0 306 196 6 3 2 1 1 0 0 1 0 0 0
205 158 2 1 0 0 0 0 0 0 0 0 0 309 203 6 3 2 1 1 0 0 1 0 0 0
216 164 2 1 0 0 0 0 0 0 0 0 0 322 212 6 3 2 1 1 0 0 1 0 0 0
221 169 2 1 0 0 0 0 0 0 0 0 0 355 224 6 4 2 1 1 0 0 1 0 0 0
226 173 2 2 0 0 0 0 0 0 0 0 0 360 233 6 4 2 1 1 0 0 1 0 0 0
242 176 2 2 0 0 0 0 0 0 0 0 0 389 238 8 5 2 1 1 0 0 1 0 0 0
245 189 2 2 0 0 0 0 0 0 0 0 0 410 249 8 5 2 1 1 0 0 1 0 0 0
257 192 2 2 0 0 0 0 0 0 0 0 0 414 253 8 5 2 1 1 0 0 1 0 0 0
273 198 2 2 0 0 0 0 0 0 0 0 0 420 260 8 5 2 1 1 0 0 1 0 0 0
276 206 2 2 0 0 0 0 0 0 0 0 0 469 269 8 5 2 1 1 0 0 1 0 0 0
