# scores for worst/random/best/smart move selector strategies. 
# scores are 50% and 95% quantiles (based on 40 games) of: 
# game score, #destroyed, #unlocked, #stripes, #bombs, #zappers
0 0 0 0 0 0 0 0 0 0 0 0 0 3 3 0 0 0 0 0 0 0 0 0 0 0
3 3 0 0 0 0 0 0 0 0 0 0 0 14 14 0 0 0 0 0 0 0 0 0 0 0
9 9 0 0 0 0 0 0 0 0 0 0 0 19 19 0 0 0 0 0 0 0 0 0 0 0
12 12 0 0 0 0 0 0 0 0 0 0 0 45 28 0 1 0 0 0 0 0 0 0 0 0
15 15 0 0 0 0 0 0 0 0 0 0 0 77 38 1 1 0 0 0 0 0 0 0 0 0
22 22 0 0 0 0 0 0 0 0 0 0 0 85 42 1 2 0 0 0 0 0 0 0 0 0
28 26 0 0 0 0 0 0 0 0 0 0 0 88 48 2 2 0 0 0 0 0 0 0 0 0
36 31 0 0 0 0 0 0 0 0 0 0 0 112 56 3 2 0 0 0 0 0 0 0 0 0
43 36 0 0 0 0 0 0 0 0 0 0 0 119 60 4 2 0 0 0 0 0 0 0 0 0
51 42 0 0 0 0 0 0 0 0 0 0 0 126 65 4 2 0 0 0 0 0 0 0 0 0
66 48 0 1 0 0 0 0 0 0 0 0 0 153 79 4 2 0 0 0 0 0 0 0 0 0
72 55 0 1 0 0 0 0 0 0 0 0 0 159 87 4 2 1 1 0 0 0 1 0 0 0
85 60 0 1 0 0 0 0 0 0 0 0 0 181 101 5 3 1 1 0 0 0 1 0 0 0
104 66 0 1 0 0 0 0 0 0 0 0 0 319 131 5 4 1 1 0 0 0 1 0 0 0
115 73 0 1 0 0 0 0 0 0 0 0 0 404 152 5 5 1 1 1 0 0 1 0 0 0
123 80 1 1 0 0 0 0 0 0 0 0 0 480 159 9 8 1 1 1 0 0 1 0 0 0
129 87 2 2 0 0 0 0 0 0 0 0 0 494 170 9 8 1 1 1 0 0 1 0 0 0
162 90 2 2 0 0 0 0 0 0 0 0 0 520 182 10 8 1 2 1 0 0 1 0 0 0
177 99 3 2 0 0 0 0 0 0 0 0 0 549 203 14 8 1 2 1 1 0 1 0 0 0
183 107 3 2 0 0 0 0 0 0 0 0 0 590 216 14 13 1 2 1 1 0 2 1 0 0
208 116 3 3 0 0 0 0 0 0 0 0 0 623 228 14 14 2 2 1 1 0 2 1 0 0
220 130 3 3 0 0 0 0 0 0 0 0 0 633 238 15 14 2 2 1 1 0 2 1 0 0
254 139 3 3 0 0 0 0 0 0 0 0 0 660 245 15 14 2 2 1 1 0 2 1 0 0
267 149 3 3 0 0 0 0 0 0 0 0 0 666 251 15 14 2 2 2 1 0 2 1 0 0
285 154 5 3 0 0 0 0 0 0 0 0 0 694 267 15 15 2 2 2 1 0 2 1 0 0
328 169 5 4 0 0 0 0 0 0 0 0 0 730 277 15 15 3 3 2 1 0 2 1 0 0
337 176 6 4 1 0 0 0 0 0 0 0 0 777 303 15 15 3 3 2 1 0 3 1 0 0
362 188 6 4 1 0 0 0 0 0 0 0 0 832 322 15 16 3 3 2 1 0 3 1 0 0
396 201 6 5 1 0 0 0 0 0 0 0 0 941 341 16 17 3 3 2 1 0 3 1 0 0
410 211 6 6 1 0 1 0 0 0 0 0 0 986 355 16 18 3 4 2 1 0 3 1 0 0
447 222 6 6 1 1 1 0 0 1 0 0 0 998 363 16 18 3 4 2 1 0 3 1 0 0
475 231 7 6 1 1 1 0 0 1 0 0 0 1022 376 16 19 3 4 2 1 0 3 1 0 0
492 242 7 6 1 1 1 0 0 1 0 0 0 1030 383 16 19 4 4 2 1 0 3 1 0 0
517 252 7 6 1 1 1 0 0 1 0 0 0 1056 392 16 19 4 4 2 1 0 4 1 0 0
553 268 8 6 1 1 1 0 0 1 0 0 0 1060 397 16 19 4 4 2 1 0 4 1 0 0
599 281 8 7 2 1 1 0 0 1 0 0 0 1098 406 16 19 4 4 2 1 0 4 1 0 0
606 292 9 8 2 1 1 0 0 1 0 0 0 1129 422 16 19 4 4 2 1 0 4 1 0 0
630 304 9 8 2 1 1 0 0 1 0 0 0 1133 430 16 21 4 4 2 1 0 4 1 0 0
665 308 9 8 2 1 1 0 0 1 0 0 0 1168 441 16 22 4 4 2 1 0 4 1 0 0
673 317 9 9 2 1 1 0 0 1 0 0 0 1188 449 16 22 4 5 2 1 0 5 1 0 0
689 324 10 9 2 1 1 0 0 1 0 0 0 1193 454 16 22 5 5 2 1 0 5 1 0 0
