# scores for worst/random/best/smart move selector strategies. 
# scores are 50% and 95% quantiles (based on 40 games) of: 
# game score, #destroyed, #unlocked, #stripes, #bombs, #zappers
7 7 0 0 0 0 0 0 0 0 0 0 0 25 25 0 0 0 0 0 0 0 0 0 0 0
13 13 0 0 0 0 0 0 0 0 0 0 0 36 36 0 0 0 0 0 0 0 0 0 0 0
18 18 0 0 0 0 0 0 0 0 0 0 0 189 53 3 3 0 0 0 0 0 0 0 0 0
24 24 0 0 0 0 0 0 0 0 0 0 0 192 60 3 3 0 0 0 0 0 0 0 0 0
32 31 0 0 0 0 0 0 0 0 0 0 0 196 63 3 3 0 0 0 0 0 0 0 0 0
38 36 0 0 0 0 0 0 0 0 0 0 0 222 86 3 4 0 0 0 0 0 0 0 0 0
51 45 0 0 0 0 0 0 0 0 0 0 0 225 90 3 4 0 0 0 0 0 0 0 0 0
56 49 0 0 0 0 0 0 0 0 0 0 0 337 116 7 6 1 1 0 0 0 0 0 0 0
75 53 0 0 0 0 0 0 0 0 0 0 0 533 159 8 9 2 1 0 0 0 0 0 0 0
87 64 0 1 0 0 0 0 0 0 0 0 0 538 165 9 9 2 1 0 0 0 0 0 0 0
100 70 0 1 0 0 0 0 0 0 0 0 0 541 173 9 9 2 1 1 0 0 0 0 0 0
121 90 1 1 0 0 0 0 0 0 0 0 0 581 195 9 10 3 1 1 0 0 0 0 0 0
164 97 1 1 0 0 0 0 0 0 0 0 0 673 217 10 11 3 1 1 0 0 0 0 0 0
186 106 1 2 1 0 0 0 0 0 0 0 0 695 227 10 12 3 1 1 0 0 0 0 0 0
195 113 1 2 1 0 0 0 0 0 0 0 0 726 257 10 12 3 1 1 0 0 0 0 0 0
231 125 1 3 1 0 0 0 0 0 0 0 0 731 264 10 12 3 1 1 0 0 0 0 0 0
283 129 3 5 1 0 0 0 0 0 0 0 0 736 267 10 12 3 2 1 0 0 0 0 0 0
342 141 3 6 1 1 0 0 0 0 0 0 0 743 274 10 12 3 2 1 0 0 0 0 0 0
402 155 4 6 1 1 0 0 0 0 0 0 0 764 283 10 12 3 2 1 0 0 1 0 0 0
425 159 4 6 1 1 0 0 0 0 0 0 0 772 290 10 12 3 2 1 0 0 1 0 0 0
469 177 4 8 2 1 0 0 0 0 0 0 0 779 294 10 12 4 2 1 0 0 1 0 0 0
503 188 5 8 2 1 0 0 0 0 0 0 0 782 299 10 13 4 2 2 0 0 1 0 0 0
519 202 5 8 2 1 0 0 0 0 0 0 0 795 308 10 13 4 2 2 0 0 1 0 0 0
567 212 5 8 2 1 0 0 0 0 0 0 0 851 312 10 13 4 2 2 0 0 1 0 0 0
570 217 5 9 2 1 0 0 0 0 0 0 0 855 332 10 13 4 2 2 0 0 1 0 0 0
578 221 5 9 2 1 0 0 0 0 0 0 0 863 337 10 13 4 2 2 0 0 1 0 0 0
588 232 5 9 2 1 0 0 0 0 0 0 0 921 369 10 15 5 2 2 1 0 1 0 0 0
595 238 5 9 2 1 0 0 0 0 0 0 0 946 372 10 15 5 2 2 1 0 1 0 0 0
625 253 5 10 2 1 0 0 0 0 0 0 0 955 384 10 15 5 2 2 1 0 1 0 0 0
646 265 5 10 2 1 0 0 0 0 0 0 0 982 389 10 17 6 2 2 1 0 1 0 0 0
677 280 5 10 2 1 0 0 0 0 0 0 0 991 396 10 17 6 2 2 1 0 1 0 0 0
682 288 5 10 2 1 0 0 0 0 0 0 0 1028 431 10 19 6 3 2 1 0 1 0 0 0
705 296 5 11 3 1 0 0 0 0 0 0 0 1040 438 10 19 6 3 2 1 0 1 0 0 0
720 311 5 11 3 1 0 0 0 0 0 0 0 1051 447 10 19 6 3 2 1 0 1 0 0 0
760 323 5 11 3 1 0 0 0 0 0 0 0 1085 450 10 19 6 3 2 1 0 1 0 0 0
789 337 5 11 3 1 0 0 0 0 0 0 0 1109 456 10 20 6 3 2 1 0 1 0 0 0
794 346 5 11 3 1 0 0 0 0 0 0 0 1137 480 10 21 6 3 2 1 0 1 0 0 0
817 351 5 11 3 1 0 0 0 0 0 0 0 1142 485 10 21 6 3 2 1 0 1 0 0 0
828 357 5 12 3 1 0 0 0 0 0 0 0 1154 488 10 21 6 3 2 1 0 1 0 0 0
849 363 5 12 3 1 0 0 0 0 0 0 0 1186 502 10 22 7 3 2 1 0 1 0 0 0
883 383 5 13 3 1 0 0 0 0 0 0 0 1202 510 10 22 7 3 2 1 0 1 0 0 0
