# scores for worst/random/best/smart move selector strategies. 
# scores are 50% and 95% quantiles (based on 40 games) of: 
# game score, #destroyed, #unlocked, #stripes, #bombs, #zappers
7 7 0 0 0 0 0 0 0 0 0 0 0 25 25 0 0 0 0 0 0 0 0 0 0 0
23 19 0 0 0 0 0 0 0 0 0 0 0 339 114 8 6 1 1 0 0 0 0 0 0 0
94 46 1 1 0 0 0 0 0 0 0 0 0 414 139 10 9 2 1 1 1 0 1 0 0 0
345 89 3 7 1 1 0 0 0 0 0 0 0 693 157 10 10 4 3 1 1 0 1 0 0 0
415 118 5 8 1 1 0 0 0 0 0 0 0 1037 206 10 11 12 3 1 1 0 1 0 0 0
496 144 6 8 2 1 0 0 0 0 0 0 0 1167 234 10 17 13 3 1 1 1 2 0 0 0
570 179 6 10 2 2 0 0 0 0 0 0 0 1235 267 11 22 13 4 1 1 1 2 1 0 0
630 190 6 10 2 2 0 0 0 1 0 0 0 1370 306 11 24 14 4 1 2 1 2 1 0 0
694 205 6 11 3 2 0 0 0 1 0 0 0 1388 365 11 24 14 5 2 2 1 2 1 0 0
723 233 6 11 3 2 0 0 0 1 0 0 0 1437 387 11 24 14 5 2 2 1 3 1 0 0
803 265 6 12 4 3 0 1 0 1 0 0 0 1555 409 11 26 20 5 2 2 1 3 1 1 0
865 294 6 12 4 3 0 1 0 1 0 0 0 1611 441 11 28 21 5 2 2 1 3 1 1 0
985 318 6 13 4 3 0 1 0 2 0 0 0 1689 496 11 28 21 6 2 2 1 4 1 1 0
1056 348 6 14 5 3 0 1 0 2 0 0 0 1795 506 11 30 21 6 2 2 1 4 1 1 0
1165 374 6 15 5 3 1 1 0 2 0 0 0 2018 527 11 31 21 6 2 3 1 4 1 1 0
1208 404 6 16 5 4 1 1 0 2 0 0 0 2043 540 11 33 21 6 2 3 1 4 1 1 0
1281 418 6 17 6 4 1 1 0 2 0 0 0 2106 567 11 35 22 6 2 3 1 4 1 1 0
1330 437 6 18 6 4 1 1 0 2 0 0 0 2160 579 11 35 22 6 2 3 1 4 1 1 0
1369 457 6 18 6 4 1 1 0 2 0 0 0 2197 606 11 35 23 6 2 3 1 5 1 1 0
1444 483 6 18 6 4 1 1 0 2 0 0 0 2261 615 11 36 23 7 2 3 1 5 1 1 0
1531 516 6 21 6 4 1 1 0 3 0 0 0 2275 657 11 37 24 7 3 3 1 5 1 1 0
1579 521 6 21 6 4 1 1 0 3 0 0 0 2338 664 11 37 24 7 3 3 1 5 1 1 0
1616 539 6 21 7 5 1 1 0 3 0 0 0 2424 687 11 41 24 8 3 3 1 6 1 1 0
1731 562 6 24 7 5 1 1 0 3 0 0 0 2451 736 11 45 25 8 3 3 1 6 2 1 0
1765 580 6 24 7 5 1 1 0 3 0 0 0 2505 765 11 46 25 8 3 3 1 6 2 1 0
1829 593 6 24 8 5 1 1 0 3 0 0 0 2559 781 11 46 25 9 3 3 1 6 2 1 0
1910 628 6 25 8 5 1 1 0 3 0 0 0 2611 796 11 47 26 9 3 3 1 6 2 1 0
2046 650 6 29 8 5 1 1 0 4 0 0 0 2629 832 11 50 26 9 3 3 1 6 2 1 0
2086 682 6 30 9 5 1 1 0 4 0 0 0 2668 865 11 51 26 9 3 3 1 7 2 1 0
2125 706 6 33 9 6 1 1 0 4 0 0 0 2892 878 11 51 27 10 3 3 1 7 2 1 0
2188 728 6 33 10 6 1 1 0 4 0 0 0 2908 948 11 51 27 10 3 4 1 7 2 1 0
2275 738 6 33 10 6 1 2 0 4 0 0 0 2926 958 11 52 28 10 4 4 1 7 2 1 0
2362 764 6 34 10 6 1 2 0 4 0 0 0 3006 975 11 54 28 10 4 4 1 8 2 1 0
2423 787 6 35 11 6 1 2 0 4 1 0 0 3095 992 11 57 29 10 4 4 1 8 2 1 0
2491 809 6 35 11 6 2 2 0 4 1 0 0 3223 1001 11 58 29 11 4 4 1 8 2 1 0
2559 827 6 36 11 7 2 2 0 5 1 0 0 3282 1028 11 60 29 12 4 4 1 8 2 1 0
2649 862 6 37 11 7 2 2 0 5 1 0 0 3466 1045 11 62 29 12 4 4 1 9 2 1 0
2679 888 6 39 11 7 2 2 0 5 1 0 0 3611 1066 11 62 29 12 5 4 1 9 2 1 0
2728 910 6 39 11 8 2 2 0 5 1 0 0 3622 1109 11 63 30 12 5 4 1 9 2 1 0
2812 944 6 41 11 8 2 2 0 6 1 0 0 3697 1139 11 63 30 12 5 4 2 9 2 1 0
2897 972 6 41 12 8 2 2 1 6 1 0 0 3792 1150 11 63 31 13 5 4 2 10 2 1 0
