# scores for worst/random/best/smart move selector strategies. 
# scores are 50% and 95% quantiles (based on 40 games) of: 
# game score, #destroyed, #unlocked, #stripes, #bombs, #zappers
7 7 0 0 0 0 0 0 0 0 0 0 0 25 25 0 0 0 0 0 0 0 0 0 0 0
12 12 0 0 0 0 0 0 0 0 0 0 0 60 41 0 0 0 0 0 0 0 0 0 0 0
16 16 0 0 0 0 0 0 0 0 0 0 0 66 47 0 0 0 0 0 0 0 0 0 0 0
23 22 0 0 0 0 0 0 0 0 0 0 0 114 70 0 2 0 0 0 0 0 0 0 0 0
28 27 0 0 0 0 0 0 0 0 0 0 0 191 81 2 3 0 0 0 0 0 0 0 0 0
31 31 0 0 0 0 0 0 0 0 0 0 0 198 85 2 3 0 0 0 0 0 0 0 0 0
35 35 0 0 0 0 0 0 0 0 0 0 0 201 88 2 3 0 0 0 0 0 0 0 0 0
45 43 0 0 0 0 0 0 0 0 0 0 0 242 97 5 3 1 1 0 0 0 0 0 0 0
48 48 0 0 0 0 0 0 0 0 0 0 0 333 109 8 7 1 1 0 0 0 0 0 0 0
54 53 0 0 0 0 0 0 0 0 0 0 0 336 112 8 7 1 1 0 0 0 0 0 0 0
62 58 0 0 0 0 0 0 0 0 0 0 0 340 116 8 7 1 1 0 0 0 0 0 0 0
69 64 0 0 0 0 0 0 0 0 0 0 0 358 121 8 7 1 1 0 0 0 0 0 0 0
76 73 0 0 0 0 0 0 0 0 0 0 0 415 135 8 8 2 1 0 0 0 0 0 0 0
79 76 0 0 0 0 0 0 0 0 0 0 0 422 141 8 8 2 1 0 0 0 0 0 0 0
89 85 0 0 0 0 0 0 0 0 0 0 0 431 146 8 8 2 1 0 0 0 0 0 0 0
102 90 0 0 0 0 0 0 0 0 0 0 0 460 154 10 8 2 1 0 0 0 0 0 0 0
110 93 0 0 0 0 0 0 0 0 0 0 0 463 159 10 8 2 1 0 0 0 0 0 0 0
119 102 0 1 0 0 0 0 0 0 0 0 0 482 167 10 8 2 1 0 0 0 0 0 0 0
125 111 0 1 0 0 0 0 0 0 0 0 0 487 178 10 8 2 1 0 0 0 0 0 0 0
140 126 0 1 0 0 0 0 0 0 0 0 0 492 181 10 8 2 1 0 0 0 0 0 0 0
149 131 0 1 0 0 0 0 0 0 0 0 0 495 184 10 9 2 1 0 0 0 0 0 0 0
163 141 1 1 0 0 0 0 0 0 0 0 0 498 188 11 9 2 1 0 0 0 0 0 0 0
206 145 1 1 0 0 0 0 0 0 0 0 0 522 210 11 9 3 1 0 0 0 0 0 0 0
209 149 1 1 0 0 0 0 0 0 0 0 0 527 217 11 9 3 1 0 0 0 0 0 0 0
238 160 2 2 0 0 0 0 0 0 0 0 0 591 230 11 9 4 1 0 0 0 0 0 0 0
319 171 3 4 1 0 0 0 0 0 0 0 0 594 233 11 9 4 1 0 0 0 0 0 0 0
364 174 3 5 1 1 0 0 0 0 0 0 0 613 246 11 9 4 1 0 0 0 0 0 0 0
425 183 3 6 1 1 0 0 0 0 0 0 0 616 249 11 9 4 1 0 0 0 0 0 0 0
433 190 3 6 1 1 0 0 0 0 0 0 0 620 252 11 9 4 1 0 0 0 0 0 0 0
437 197 3 6 1 1 0 0 0 0 0 0 0 760 307 11 10 4 2 0 0 0 0 0 0 0
459 206 3 6 1 1 0 0 0 0 0 0 0 766 313 11 10 4 2 0 0 0 0 0 0 0
467 214 3 6 1 1 0 0 0 0 0 0 0 773 316 11 10 4 2 0 0 0 0 0 0 0
482 218 3 7 1 1 0 0 0 0 0 0 0 786 332 11 11 4 2 0 0 0 0 0 0 0
498 227 3 7 1 1 0 0 0 0 0 0 0 812 343 11 11 4 2 0 0 0 0 0 0 0
511 237 3 7 1 1 0 0 0 0 0 0 0 823 349 11 11 4 2 0 0 0 0 0 0 0
517 250 3 7 1 1 0 0 0 0 0 0 0 826 353 11 11 4 2 0 0 0 0 0 0 0
522 254 3 7 1 1 0 0 0 0 0 0 0 829 356 11 11 4 2 0 0 0 0 0 0 0
525 257 3 7 1 1 0 0 0 0 0 0 0 832 359 11 11 4 2 0 0 0 0 0 0 0
528 261 3 7 1 1 0 0 0 0 0 0 0 836 362 11 11 4 2 0 0 0 0 0 0 0
536 268 3 7 1 1 0 0 0 0 0 0 0 839 365 11 11 4 2 0 0 0 0 0 0 0
545 273 3 7 1 1 0 0 0 0 0 0 0 844 369 11 11 4 2 0 0 0 0 0 0 0
