# scores for worst/random/best/smart move selector strategies. 
# scores are 50% and 95% quantiles (based on 40 games) of: 
# game score, #destroyed, #unlocked, #stripes, #bombs, #zappers
0 0 0 0 0 0 0 0 0 0 0 0 0 7 7 0 0 0 0 0 0 0 0 0 0 0
3 3 0 0 0 0 0 0 0 0 0 0 0 12 12 0 0 0 0 0 0 0 0 0 0 0
9 9 0 0 0 0 0 0 0 0 0 0 0 22 22 0 0 0 0 0 0 0 0 0 0 0
12 12 0 0 0 0 0 0 0 0 0 0 0 27 27 0 0 0 0 0 0 0 0 0 0 0
16 16 0 0 0 0 0 0 0 0 0 0 0 33 32 0 0 0 0 0 0 0 0 0 0 0
21 21 0 0 0 0 0 0 0 0 0 0 0 68 39 0 0 0 0 0 0 0 0 0 0 0
26 26 0 0 0 0 0 0 0 0 0 0 0 72 42 0 0 0 0 0 0 0 0 0 0 0
31 31 0 0 0 0 0 0 0 0 0 0 0 92 50 2 1 0 0 0 0 0 0 0 0 0
37 36 0 0 0 0 0 0 0 0 0 0 0 100 53 2 1 0 0 0 0 0 0 0 0 0
41 41 0 0 0 0 0 0 0 0 0 0 0 105 57 2 1 0 0 0 0 0 0 0 0 0
48 46 0 0 0 0 0 0 0 0 0 0 0 114 65 3 2 0 0 0 0 0 0 0 0 0
53 51 0 0 0 0 0 0 0 0 0 0 0 141 71 3 2 0 0 0 0 0 0 0 0 0
59 55 0 0 0 0 0 0 0 0 0 0 0 146 74 3 2 0 0 0 0 0 0 0 0 0
69 60 0 0 0 0 0 0 0 0 0 0 0 151 82 3 2 1 0 0 0 0 0 0 0 0
76 63 0 0 0 0 0 0 0 0 0 0 0 164 91 3 2 1 0 0 0 0 0 0 0 0
84 67 0 0 0 0 0 0 0 0 0 0 0 168 94 3 2 1 0 0 0 0 0 0 0 0
87 72 0 0 0 0 0 0 0 0 0 0 0 210 103 3 3 1 0 0 0 0 0 0 0 0
96 77 0 1 0 0 0 0 0 0 0 0 0 213 107 3 3 1 0 0 0 0 0 0 0 0
107 85 0 1 0 0 0 0 0 0 0 0 0 217 111 4 3 1 0 0 0 0 0 0 0 0
121 90 0 1 0 0 0 0 0 0 0 0 0 225 117 6 3 1 1 1 0 0 1 0 0 0
131 96 0 1 0 0 0 0 0 0 0 0 0 236 123 6 3 1 1 1 0 0 1 0 0 0
136 101 0 1 0 0 0 0 0 0 0 0 0 239 126 6 3 1 1 1 0 0 1 0 0 0
150 105 1 1 0 0 0 0 0 0 0 0 0 244 129 7 3 1 1 1 0 0 1 0 0 0
157 109 1 1 0 0 0 0 0 0 0 0 0 263 135 7 3 1 1 1 0 0 1 0 0 0
164 117 1 2 0 0 0 0 0 0 0 0 0 276 141 8 3 1 1 1 0 0 1 0 0 0
172 122 1 2 0 0 0 0 0 0 0 0 0 279 148 8 3 1 1 1 0 0 1 0 0 0
184 129 1 2 0 0 0 0 0 0 0 0 0 295 152 8 3 1 1 1 0 0 1 0 0 0
187 133 1 2 0 0 0 0 0 0 0 0 0 307 157 8 4 1 1 1 0 0 1 0 0 0
193 137 1 2 0 0 0 0 0 0 0 0 0 327 166 8 5 1 1 1 0 0 1 0 0 0
196 141 1 2 0 0 0 0 0 0 0 0 0 330 173 8 5 1 1 1 0 0 1 0 0 0
206 147 1 2 0 0 0 0 0 0 0 0 0 338 176 8 5 1 1 1 0 0 1 0 0 0
220 150 1 2 0 0 0 0 0 0 0 0 0 345 186 8 5 1 1 1 0 0 1 0 0 0
226 155 1 2 0 0 0 0 0 0 0 0 0 354 191 9 5 1 1 1 0 0 1 0 0 0
246 163 2 3 0 0 0 0 0 0 0 0 0 375 195 10 5 1 1 1 0 0 1 0 0 0
256 170 2 3 0 0 0 0 0 0 0 0 0 430 203 10 6 2 1 1 0 0 1 0 0 0
265 175 2 3 0 0 0 0 0 0 0 0 0 434 211 10 6 2 1 1 0 0 1 0 0 0
271 179 2 3 0 0 0 0 0 0 0 0 0 437 214 10 6 2 1 1 0 0 1 0 0 0
287 187 2 3 0 0 0 0 0 0 0 0 0 466 217 12 6 2 1 1 1 0 1 0 0 0
295 194 2 3 0 0 0 0 0 0 0 0 0 469 223 12 6 2 1 1 1 0 1 0 0 0
299 199 2 3 0 0 0 0 0 0 0 0 0 472 227 12 6 2 1 1 1 0 1 0 0 0
308 203 2 3 0 0 0 0 0 0 0 0 0 477 230 12 6 2 1 1 1 0 1 0 0 0
