# scores for worst/random/best/smart move selector strategies. 
# scores are 50% and 95% quantiles (based on 40 games) of: 
# game score, #destroyed, #unlocked, #stripes, #bombs, #zappers
0 0 0 0 0 0 0 0 0 0 0 0 0 7 7 0 0 0 0 0 0 0 0 0 0 0
4 4 0 0 0 0 0 0 0 0 0 0 0 13 13 0 0 0 0 0 0 0 0 0 0 0
9 9 0 0 0 0 0 0 0 0 0 0 0 19 19 0 0 0 0 0 0 0 0 0 0 0
14 14 0 0 0 0 0 0 0 0 0 0 0 41 25 1 0 0 0 0 0 0 0 0 0 0
18 18 0 0 0 0 0 0 0 0 0 0 0 93 40 1 1 0 0 0 0 0 0 0 0 0
24 22 0 0 0 0 0 0 0 0 0 0 0 106 56 2 2 0 0 0 0 0 0 0 0 0
30 30 0 0 0 0 0 0 0 0 0 0 0 112 63 2 2 0 0 0 0 0 0 0 0 0
40 35 0 0 0 0 0 0 0 0 0 0 0 119 73 2 2 0 0 0 0 0 0 0 0 0
45 39 0 0 0 0 0 0 0 0 0 0 0 171 84 3 3 1 0 1 0 0 0 0 0 0
62 45 0 0 0 0 0 0 0 0 0 0 0 177 91 3 3 1 0 1 0 0 0 0 0 0
68 51 0 1 0 0 0 0 0 0 0 0 0 181 97 4 3 1 0 1 0 0 0 0 0 0
79 57 0 1 0 0 0 0 0 0 0 0 0 189 105 4 3 1 0 1 0 0 0 0 0 0
85 60 0 1 0 0 0 0 0 0 0 0 0 196 112 4 3 1 0 1 0 0 0 0 0 0
95 66 0 1 0 0 0 0 0 0 0 0 0 222 120 5 4 1 0 1 0 0 0 0 0 0
100 71 0 1 0 0 0 0 0 0 0 0 0 226 124 5 4 1 0 1 0 0 0 0 0 0
113 77 0 1 0 0 0 0 0 0 0 0 0 234 129 6 4 1 0 1 0 0 0 0 0 0
120 83 0 1 0 0 0 0 0 0 0 0 0 244 134 6 4 1 0 1 0 0 0 0 0 0
128 87 0 1 0 0 0 0 0 0 0 0 0 252 142 6 4 1 0 1 0 0 0 0 0 0
134 92 0 1 0 0 0 0 0 0 0 0 0 256 146 6 4 1 0 1 0 0 0 0 0 0
148 97 0 1 0 0 0 0 0 0 0 0 0 292 159 6 5 1 1 1 0 0 1 0 0 0
151 101 0 1 0 0 0 0 0 0 0 0 0 325 167 6 5 1 1 1 0 0 1 0 0 0
158 105 1 1 0 0 0 0 0 0 0 0 0 354 171 7 5 1 1 1 1 0 1 0 0 0
163 111 1 1 0 0 0 0 0 0 0 0 0 359 177 7 5 1 1 1 1 0 1 0 0 0
185 119 2 2 0 0 0 0 0 0 0 0 0 366 185 8 5 1 1 1 1 0 1 0 0 0
193 123 2 2 0 0 0 0 0 0 0 0 0 407 195 8 6 1 1 2 1 0 1 0 0 0
200 131 2 2 0 0 0 0 0 0 0 0 0 411 207 8 6 1 1 2 1 0 1 0 0 0
212 136 2 2 0 0 0 0 0 0 0 0 0 416 216 8 6 1 1 2 1 0 1 0 0 0
218 144 2 2 0 0 0 0 0 0 0 0 0 419 219 8 6 1 1 2 1 0 1 0 0 0
235 152 2 2 0 0 0 0 0 0 0 0 0 423 226 8 7 1 1 2 1 0 1 0 0 0
247 155 2 3 0 0 0 0 0 0 0 0 0 441 229 8 7 1 1 2 1 0 1 0 0 0
265 160 2 3 0 0 0 0 0 0 0 0 0 448 235 8 7 2 1 2 1 0 1 0 0 0
272 168 2 3 0 0 0 0 0 0 0 0 0 482 245 8 8 2 1 2 1 0 1 0 0 0
280 173 2 3 0 0 0 0 0 0 0 0 0 487 249 8 8 2 1 2 1 0 1 0 0 0
303 182 2 4 0 0 0 0 0 0 0 0 0 581 262 8 10 2 1 2 1 0 1 0 0 0
336 186 3 4 0 0 0 0 0 0 0 0 0 620 266 8 12 2 1 2 1 0 1 0 0 0
358 194 3 4 1 0 0 0 0 0 0 0 0 652 274 8 12 2 1 2 1 0 1 0 0 0
371 206 3 4 1 0 0 0 0 0 0 0 0 655 280 8 12 2 2 2 1 0 1 0 0 0
378 212 3 5 1 0 0 0 0 0 0 0 0 660 286 8 12 2 2 2 1 0 1 0 0 0
406 223 3 5 1 0 0 0 0 0 0 0 0 731 299 8 12 2 2 3 1 0 2 0 0 0
418 229 4 5 1 0 0 0 0 0 0 0 0 754 312 8 12 2 2 3 1 0 2 0 0 0
423 235 4 6 1 0 1 0 0 0 0 0 0 799 321 8 13 2 2 3 1 0 2 0 0 0
