# scores for worst/random/best/smart move selector strategies. 
# scores are 50% and 95% quantiles (based on 40 games) of: 
# game score, #destroyed, #unlocked, #stripes, #bombs, #zappers
0 0 0 0 0 0 0 0 0 0 0 0 0 7 7 0 0 0 0 0 0 0 0 0 0 0
6 6 0 0 0 0 0 0 0 0 0 0 0 15 15 0 0 0 0 0 0 0 0 0 0 0
9 9 0 0 0 0 0 0 0 0 0 0 0 21 21 0 0 0 0 0 0 0 0 0 0 0
13 13 0 0 0 0 0 0 0 0 0 0 0 37 24 0 0 0 0 0 0 0 0 0 0 0
17 17 0 0 0 0 0 0 0 0 0 0 0 55 29 2 1 0 0 0 0 0 0 0 0 0
21 21 0 0 0 0 0 0 0 0 0 0 0 76 35 3 1 0 0 0 0 0 0 0 0 0
28 26 0 0 0 0 0 0 0 0 0 0 0 85 41 5 2 0 0 0 0 0 0 0 0 0
33 31 0 0 0 0 0 0 0 0 0 0 0 93 45 5 2 0 0 0 0 0 0 0 0 0
38 35 0 0 0 0 0 0 0 0 0 0 0 97 50 5 2 0 0 0 0 0 0 0 0 0
44 39 0 0 0 0 0 0 0 0 0 0 0 136 57 6 2 1 0 0 0 0 0 0 0 0
54 45 0 0 0 0 0 0 0 0 0 0 0 140 62 7 2 1 0 0 0 0 0 0 0 0
59 49 0 0 0 0 0 0 0 0 0 0 0 152 66 7 2 1 0 0 0 0 0 0 0 0
74 52 0 0 0 0 0 0 0 0 0 0 0 157 71 7 2 1 0 0 0 0 0 0 0 0
80 58 1 1 0 0 0 0 0 0 0 0 0 161 76 7 2 1 0 0 0 0 0 0 0 0
93 62 2 1 0 0 0 0 0 0 0 0 0 166 80 7 2 1 0 1 0 0 0 0 0 0
99 66 2 1 0 0 0 0 0 0 0 0 0 179 86 8 3 1 0 1 0 0 0 0 0 0
104 74 2 1 0 0 0 0 0 0 0 0 0 194 93 8 3 1 0 1 0 0 0 0 0 0
109 78 2 1 0 0 0 0 0 0 0 0 0 199 97 8 3 1 0 1 0 0 0 0 0 0
114 85 2 1 0 0 0 0 0 0 0 0 0 202 101 8 3 1 0 1 0 0 0 0 0 0
128 89 2 1 0 0 0 0 0 0 0 0 0 210 110 9 3 1 0 1 0 0 0 0 0 0
137 95 2 1 0 0 0 0 0 0 0 0 0 238 114 9 4 1 1 1 0 0 1 0 0 0
151 102 2 2 0 0 0 0 0 0 0 0 0 244 117 9 4 1 1 1 0 0 1 0 0 0
155 109 2 2 0 0 0 0 0 0 0 0 0 262 122 10 4 1 1 1 0 0 1 0 0 0
160 112 3 2 0 0 0 0 0 0 0 0 0 266 125 10 4 1 1 1 0 0 1 0 0 0
165 116 3 2 0 0 0 0 0 0 0 0 0 279 141 10 4 1 1 1 0 0 1 0 0 0
173 119 3 2 0 0 0 0 0 0 0 0 0 283 145 10 4 1 1 1 0 0 1 0 0 0
179 122 3 2 0 0 0 0 0 0 0 0 0 334 152 10 5 1 1 1 0 0 1 0 0 0
187 127 3 2 0 0 0 0 0 0 0 0 0 337 157 10 5 1 1 1 0 0 1 0 0 0
201 132 4 2 0 0 0 0 0 0 0 0 0 341 163 11 5 1 1 1 0 0 1 0 0 0
206 137 4 2 0 0 0 0 0 0 0 0 0 379 170 11 5 1 1 1 0 0 1 0 0 0
209 143 4 2 0 0 0 0 0 0 0 0 0 387 178 11 5 1 1 1 0 0 1 0 0 0
222 148 4 3 0 0 0 0 0 0 0 0 0 391 181 11 5 1 1 1 0 0 1 0 0 0
231 154 4 3 0 0 0 0 0 0 0 0 0 394 187 11 5 1 1 1 0 0 1 0 0 0
244 163 4 3 0 0 0 0 0 0 0 0 0 399 192 11 5 1 1 1 0 0 1 0 0 0
248 166 4 3 0 0 0 0 0 0 0 0 0 428 196 11 6 1 1 1 0 0 1 0 0 0
259 170 4 3 0 0 0 0 0 0 0 0 0 448 206 13 6 1 1 1 0 0 1 0 0 0
266 174 4 3 0 0 0 0 0 0 0 0 0 451 209 13 6 1 1 1 0 0 1 0 0 0
269 178 4 3 0 0 0 0 0 0 0 0 0 455 216 13 6 1 2 1 0 0 2 0 0 0
289 184 5 4 0 0 0 0 0 0 0 0 0 483 226 13 7 1 2 1 0 0 2 0 0 0
294 189 5 4 0 0 0 0 0 0 0 0 0 486 230 15 7 1 2 1 0 0 2 0 0 0
307 194 5 4 0 0 0 0 0 0 0 0 0 489 236 16 7 1 2 1 0 0 2 0 0 0
