# scores for worst/random/best/smart move selector strategies. 
# scores are 50% and 95% quantiles (based on 40 games) of: 
# game score, #destroyed, #unlocked, #stripes, #bombs, #zappers
0 0 0 0 0 0 0 0 0 0 0 0 0 7 7 0 0 0 0 0 0 0 0 0 0 0
6 6 0 0 0 0 0 0 0 0 0 0 0 15 15 0 0 0 0 0 0 0 0 0 0 0
9 9 0 0 0 0 0 0 0 0 0 0 0 21 21 0 0 0 0 0 0 0 0 0 0 0
15 15 0 0 0 0 0 0 0 0 0 0 0 56 30 2 1 0 0 0 0 0 0 0 0 0
18 18 0 0 0 0 0 0 0 0 0 0 0 61 38 2 1 0 0 0 0 0 0 0 0 0
24 24 0 0 0 0 0 0 0 0 0 0 0 70 42 3 1 0 0 0 0 0 0 0 0 0
28 28 0 0 0 0 0 0 0 0 0 0 0 74 47 3 1 0 0 0 0 0 0 0 0 0
32 32 0 0 0 0 0 0 0 0 0 0 0 82 55 3 1 0 0 0 0 0 0 0 0 0
36 36 0 0 0 0 0 0 0 0 0 0 0 85 61 3 1 0 0 0 0 0 0 0 0 0
41 41 0 0 0 0 0 0 0 0 0 0 0 96 67 3 1 0 0 0 0 0 0 0 0 0
45 45 0 0 0 0 0 0 0 0 0 0 0 99 70 3 1 0 0 0 0 0 0 0 0 0
54 51 0 0 0 0 0 0 0 0 0 0 0 118 74 3 1 1 0 0 0 0 0 0 0 0
64 56 0 0 0 0 0 0 0 0 0 0 0 133 77 3 1 1 0 0 0 0 0 0 0 0
71 60 0 0 0 0 0 0 0 0 0 0 0 136 86 3 1 1 0 0 0 0 0 0 0 0
74 64 0 0 0 0 0 0 0 0 0 0 0 139 89 3 1 1 0 0 0 0 0 0 0 0
81 67 0 0 0 0 0 0 0 0 0 0 0 142 93 3 2 1 0 0 0 0 0 0 0 0
86 72 0 0 0 0 0 0 0 0 0 0 0 151 97 3 2 1 0 0 0 0 0 0 0 0
91 76 0 0 0 0 0 0 0 0 0 0 0 154 101 3 2 1 0 0 0 0 0 0 0 0
101 82 0 0 0 0 0 0 0 0 0 0 0 165 104 5 2 1 0 0 0 0 0 0 0 0
108 88 0 0 0 0 0 0 0 0 0 0 0 187 113 5 2 1 0 0 0 0 0 0 0 0
117 93 0 1 0 0 0 0 0 0 0 0 0 190 116 5 2 1 0 0 0 0 0 0 0 0
120 96 0 1 0 0 0 0 0 0 0 0 0 211 127 5 2 1 0 0 0 0 0 0 0 0
125 102 1 1 0 0 0 0 0 0 0 0 0 216 133 5 2 1 0 0 0 0 0 0 0 0
128 105 1 1 0 0 0 0 0 0 0 0 0 223 143 5 3 1 0 0 0 0 0 0 0 0
131 111 1 1 0 0 0 0 0 0 0 0 0 228 148 5 3 1 0 0 0 0 0 0 0 0
134 117 1 1 0 0 0 0 0 0 0 0 0 242 162 5 3 1 0 0 0 0 0 0 0 0
143 120 2 1 0 0 0 0 0 0 0 0 0 248 168 5 3 1 0 0 0 0 0 0 0 0
153 123 2 1 0 0 0 0 0 0 0 0 0 251 171 6 3 1 0 0 0 0 0 0 0 0
158 129 2 1 0 0 0 0 0 0 0 0 0 286 177 6 3 1 0 0 0 0 0 0 0 0
168 132 2 1 0 0 0 0 0 0 0 0 0 289 180 6 3 1 0 0 0 0 0 0 0 0
178 135 2 1 0 0 0 0 0 0 0 0 0 307 183 11 3 1 0 0 0 0 0 0 0 0
187 143 2 1 0 0 0 0 0 0 0 0 0 311 186 12 3 1 0 0 0 0 0 0 0 0
194 149 2 2 0 0 0 0 0 0 0 0 0 318 192 12 3 1 0 1 0 0 0 0 0 0
198 152 2 2 0 0 0 0 0 0 0 0 0 323 197 12 3 1 0 1 0 0 0 0 0 0
206 159 3 2 0 0 0 0 0 0 0 0 0 326 200 12 3 1 0 1 0 0 0 0 0 0
210 162 3 2 0 0 0 0 0 0 0 0 0 330 204 12 3 1 0 1 0 0 0 0 0 0
213 167 3 2 0 0 0 0 0 0 0 0 0 333 207 12 3 1 0 1 0 0 0 0 0 0
216 171 3 2 0 0 0 0 0 0 0 0 0 336 210 12 3 1 0 1 0 0 0 0 0 0
223 175 3 2 0 0 0 0 0 0 0 0 0 339 213 12 3 1 0 1 0 0 0 0 0 0
226 179 3 2 0 0 0 0 0 0 0 0 0 342 224 12 3 1 0 1 0 0 0 0 0 0
242 183 3 2 0 0 0 0 0 0 0 0 0 345 227 12 4 1 0 1 0 0 0 0 0 0
