# scores for worst/random/best/smart move selector strategies. 
# scores are 50% and 95% quantiles (based on 40 games) of: 
# game score, #destroyed, #unlocked, #stripes, #bombs, #zappers
0 0 0 0 0 0 0 0 0 0 0 0 0 7 7 0 0 0 0 0 0 0 0 0 0 0
6 6 0 0 0 0 0 0 0 0 0 0 0 30 18 1 0 0 0 0 0 0 0 0 0 0
9 9 0 0 0 0 0 0 0 0 0 0 0 36 24 1 0 0 0 0 0 0 0 0 0 0
12 12 0 0 0 0 0 0 0 0 0 0 0 57 32 2 1 0 0 0 0 0 0 0 0 0
18 18 0 0 0 0 0 0 0 0 0 0 0 61 35 2 1 0 0 0 0 0 0 0 0 0
21 21 0 0 0 0 0 0 0 0 0 0 0 64 38 2 1 0 0 0 0 0 0 0 0 0
24 24 0 0 0 0 0 0 0 0 0 0 0 69 43 2 1 0 0 0 0 0 0 0 0 0
28 28 0 0 0 0 0 0 0 0 0 0 0 72 47 2 1 0 0 0 0 0 0 0 0 0
33 33 0 0 0 0 0 0 0 0 0 0 0 75 52 2 1 0 0 0 0 0 0 0 0 0
36 36 0 0 0 0 0 0 0 0 0 0 0 81 58 2 1 0 0 0 0 0 0 0 0 0
39 39 0 0 0 0 0 0 0 0 0 0 0 84 62 2 1 0 0 0 0 0 0 0 0 0
45 45 0 0 0 0 0 0 0 0 0 0 0 87 65 2 1 0 0 0 0 0 0 0 0 0
48 48 0 0 0 0 0 0 0 0 0 0 0 93 68 2 1 0 0 0 0 0 0 0 0 0
53 53 0 0 0 0 0 0 0 0 0 0 0 96 71 2 1 0 0 0 0 0 0 0 0 0
57 57 0 0 0 0 0 0 0 0 0 0 0 99 74 2 1 0 0 0 0 0 0 0 0 0
61 60 0 0 0 0 0 0 0 0 0 0 0 102 77 2 1 0 0 0 0 0 0 0 0 0
66 66 0 0 0 0 0 0 0 0 0 0 0 107 84 2 1 0 0 0 0 0 0 0 0 0
69 69 0 0 0 0 0 0 0 0 0 0 0 111 89 2 1 0 0 0 0 0 0 0 0 0
74 73 0 0 0 0 0 0 0 0 0 0 0 114 92 2 1 0 0 0 0 0 0 0 0 0
78 78 0 0 0 0 0 0 0 0 0 0 0 119 99 2 1 0 0 0 0 0 0 0 0 0
81 81 0 0 0 0 0 0 0 0 0 0 0 122 102 2 1 0 0 0 0 0 0 0 0 0
87 85 0 0 0 0 0 0 0 0 0 0 0 128 106 2 1 0 0 0 0 0 0 0 0 0
90 90 0 0 0 0 0 0 0 0 0 0 0 131 109 2 1 0 0 0 0 0 0 0 0 0
96 93 0 0 0 0 0 0 0 0 0 0 0 152 113 2 1 0 0 0 0 0 0 0 0 0
99 99 0 0 0 0 0 0 0 0 0 0 0 155 125 2 1 0 0 0 0 0 0 0 0 0
104 102 0 0 0 0 0 0 0 0 0 0 0 158 131 2 1 0 0 0 0 0 0 0 0 0
110 105 0 0 0 0 0 0 0 0 0 0 0 172 134 2 2 0 0 0 0 0 0 0 0 0
113 108 0 0 0 0 0 0 0 0 0 0 0 184 142 2 2 0 0 0 0 0 0 0 0 0
117 114 0 0 0 0 0 0 0 0 0 0 0 187 145 2 2 0 0 0 0 0 0 0 0 0
124 118 0 0 0 0 0 0 0 0 0 0 0 190 150 3 2 0 0 0 0 0 0 0 0 0
129 123 0 0 0 0 0 0 0 0 0 0 0 196 153 3 2 0 0 0 0 0 0 0 0 0
132 127 0 0 0 0 0 0 0 0 0 0 0 217 157 3 2 0 0 0 0 0 0 0 0 0
144 131 0 0 0 0 0 0 0 0 0 0 0 222 164 4 2 0 0 0 0 0 0 0 0 0
151 135 0 0 0 0 0 0 0 0 0 0 0 240 174 4 2 1 0 0 0 0 0 0 0 0
154 140 0 0 0 0 0 0 0 0 0 0 0 245 179 4 2 1 0 0 0 0 0 0 0 0
161 143 0 0 0 0 0 0 0 0 0 0 0 249 183 4 2 1 0 0 0 0 0 0 0 0
165 146 0 0 0 0 0 0 0 0 0 0 0 255 192 4 2 1 0 0 0 0 0 0 0 0
168 152 0 0 0 0 0 0 0 0 0 0 0 258 195 4 2 1 0 0 0 0 0 0 0 0
173 157 0 0 0 0 0 0 0 0 0 0 0 263 204 4 2 1 0 0 0 0 0 0 0 0
177 160 0 0 0 0 0 0 0 0 0 0 0 266 207 4 2 1 0 0 0 0 0 0 0 0
183 165 0 0 0 0 0 0 0 0 0 0 0 269 210 4 2 1 0 0 0 0 0 0 0 0
