# scores for worst/random/best/smart move selector strategies. 
# scores are 50% and 95% quantiles (based on 40 games) of: 
# game score, #destroyed, #unlocked, #stripes, #bombs, #zappers
4 4 0 0 0 0 0 0 0 0 0 0 0 81 33 0 1 0 0 0 0 0 0 0 0 0
7 7 0 0 0 0 0 0 0 0 0 0 0 91 35 1 1 0 0 0 0 0 0 0 0 0
9 9 0 0 0 0 0 0 0 0 0 0 0 600 103 7 7 2 4 0 0 0 0 0 0 0
12 12 0 0 0 0 0 0 0 0 0 0 0 775 179 9 11 3 4 0 0 0 0 0 0 0
17 17 0 0 0 0 0 0 0 0 0 0 0 779 184 9 11 3 4 0 0 0 0 0 0 0
21 21 0 0 0 0 0 0 0 0 0 0 0 792 188 10 11 4 4 0 0 0 0 0 0 0
36 22 0 0 0 0 0 0 0 0 0 0 0 865 193 10 11 4 5 1 0 0 1 0 0 0
56 30 0 1 0 0 0 0 0 0 0 0 0 1025 231 10 12 5 5 1 0 0 1 0 0 0
609 141 3 7 2 2 0 0 0 0 0 0 0 1166 236 10 12 10 5 1 0 0 1 0 0 0
692 152 4 8 3 4 0 0 0 0 0 0 0 1171 246 12 13 10 5 1 0 0 1 0 0 0
703 161 5 9 3 4 0 0 0 0 0 0 0 1175 268 13 13 10 5 1 0 0 1 0 0 0
736 171 5 9 3 4 0 0 0 0 0 0 0 1179 280 13 13 10 5 1 0 0 1 0 0 0
749 176 6 9 3 4 0 0 0 0 0 0 0 1270 319 13 15 10 5 1 0 0 1 0 0 0
767 179 6 9 3 4 0 0 0 0 0 0 0 1273 326 13 15 10 5 1 0 0 1 0 0 0
787 187 6 9 4 4 0 0 0 0 0 0 0 1279 329 13 16 10 5 1 0 0 1 0 0 0
805 194 6 10 4 4 0 0 0 0 0 0 0 1283 332 13 16 10 5 1 0 0 1 0 0 0
808 198 6 10 4 4 0 0 0 0 0 0 0 1288 343 13 16 10 5 1 0 0 1 0 0 0
840 208 6 10 4 4 0 0 0 0 0 0 0 1424 349 13 16 10 5 1 0 0 1 0 0 0
855 211 6 10 4 4 0 0 0 0 0 0 0 1427 354 13 16 10 5 1 0 0 1 0 0 0
894 224 7 10 4 4 0 0 0 0 0 0 0 1432 360 13 17 11 5 1 0 0 1 0 0 0
919 233 7 10 4 4 0 0 0 0 0 0 0 1435 371 13 17 11 5 1 0 0 1 0 0 0
929 243 7 11 4 4 0 0 0 0 0 0 0 1491 378 13 17 11 5 1 0 0 1 0 0 0
941 248 7 11 4 4 0 0 0 0 0 0 0 1550 409 13 19 11 5 1 0 0 1 0 0 0
952 260 7 11 4 4 0 0 0 0 0 0 0 1557 413 13 19 11 6 1 0 0 1 0 0 0
961 264 7 12 4 4 0 0 0 0 0 0 0 1560 420 13 19 13 6 1 0 0 1 0 1 0
972 273 7 12 4 4 0 0 0 0 0 0 0 1567 426 13 19 13 6 1 0 0 1 0 1 0
976 277 7 12 4 4 0 0 0 0 0 0 0 1570 429 13 19 13 6 1 0 0 1 0 1 0
984 284 7 12 4 4 0 0 0 0 0 0 0 1573 442 13 19 13 6 1 0 0 1 0 1 0
987 290 7 12 4 4 0 0 0 0 0 0 0 1592 451 13 19 13 6 1 0 0 2 0 1 0
1015 300 7 12 4 4 0 0 0 0 0 0 0 1595 462 13 19 13 6 1 0 0 2 0 1 0
1018 308 8 13 4 4 0 0 0 0 0 0 0 1686 467 13 19 14 6 1 0 0 2 0 1 0
1029 317 8 13 5 4 0 0 0 0 0 0 0 1694 475 13 19 14 6 1 0 0 2 0 1 0
1052 335 8 13 5 4 0 0 0 0 0 0 0 1697 478 13 20 14 6 1 0 0 2 0 1 0
1077 345 8 13 5 4 0 0 0 0 0 0 0 1700 484 13 20 14 6 1 0 0 2 0 1 0
1099 352 8 13 5 4 0 0 0 0 0 0 0 1720 493 13 21 14 6 1 0 0 2 0 1 0
1107 359 8 13 5 4 0 0 0 0 0 0 0 1725 496 13 21 14 6 1 0 0 2 0 1 0
1115 364 8 14 5 4 0 0 0 0 0 0 0 1729 509 13 22 14 6 1 1 0 2 0 1 0
1137 369 8 14 5 4 0 0 0 0 0 0 0 1742 512 13 23 14 6 1 1 0 2 0 1 0
1159 376 8 14 5 4 0 0 0 0 0 0 0 1766 525 13 23 14 6 1 1 0 2 0 1 0
1162 380 8 14 5 4 0 0 0 0 0 0 0 1769 534 13 23 14 6 1 1 0 2 0 1 0
1172 391 8 14 5 4 0 0 0 0 0 0 0 1809 555 13 23 14 6 1 1 0 2 0 1 0
