# scores for worst/random/best/smart move selector strategies. 
# scores are 50% and 95% quantiles (based on 40 games) of: 
# game score, #destroyed, #unlocked, #stripes, #bombs, #zappers
4 4 0 0 0 0 0 0 0 0 0 0 0 81 33 0 1 0 0 0 0 0 0 0 0 0
11 11 0 0 0 0 0 0 0 0 0 0 0 812 181 11 11 4 4 0 1 0 0 0 0 0
769 139 8 9 3 4 0 0 0 0 0 0 0 1207 207 16 25 16 5 1 1 0 1 1 1 0
881 158 8 10 3 4 0 0 0 0 0 0 0 1302 238 16 26 17 5 1 1 0 1 1 1 0
968 184 9 11 4 4 0 0 0 0 0 0 0 1478 271 16 27 19 6 1 1 0 1 1 1 0
1022 215 10 12 4 4 0 0 0 0 0 0 0 1589 287 16 28 20 7 1 2 0 2 1 1 0
1119 235 10 13 5 5 0 0 0 0 0 0 0 1738 353 16 29 20 7 1 2 0 2 1 1 0
1166 258 10 14 5 5 0 0 0 0 0 0 0 1785 402 16 30 21 8 1 2 0 3 1 1 0
1213 274 10 14 5 5 0 0 0 1 0 0 0 1877 442 16 31 21 8 2 2 1 3 1 1 0
1267 304 10 16 5 5 0 0 0 1 0 0 0 1934 476 16 33 21 8 2 2 1 3 1 1 0
1337 319 10 18 6 5 0 0 0 1 0 0 0 1980 492 16 34 22 8 2 2 1 3 1 1 0
1372 333 10 18 6 5 1 0 0 1 0 0 0 2017 510 16 37 22 8 2 2 1 3 1 1 0
1412 362 10 19 6 6 1 0 0 1 0 0 0 2079 530 16 37 22 9 2 2 1 3 1 1 0
1438 385 10 19 6 6 1 1 0 1 0 0 0 2090 539 16 37 22 9 2 2 1 3 1 1 0
1515 415 10 20 7 6 1 1 0 1 0 0 0 2289 565 16 40 26 9 2 2 1 3 1 1 0
1577 433 10 20 8 6 1 1 0 1 0 0 0 2486 582 16 41 26 9 2 2 1 3 1 1 0
1608 450 10 21 8 6 1 1 0 1 0 0 0 2518 609 16 41 26 9 2 2 1 3 1 1 0
1701 466 10 23 8 6 1 1 0 2 0 0 0 2580 634 16 42 27 9 2 2 1 4 1 1 0
1815 503 10 23 8 7 1 1 0 2 0 0 0 2639 643 16 43 30 9 3 2 1 4 1 1 0
1886 532 10 24 9 7 1 1 0 2 0 0 0 2930 665 16 43 31 10 3 2 1 4 1 1 0
1954 551 10 25 9 7 1 1 0 2 0 0 0 2948 692 16 43 31 10 3 2 1 4 1 1 1
2028 572 10 26 9 7 1 1 0 2 0 0 0 2964 728 16 43 31 10 3 3 1 4 1 1 1
2076 591 10 26 9 7 1 1 0 2 0 0 0 3072 746 16 49 31 11 3 3 1 5 1 1 1
2160 617 10 27 10 7 1 1 0 3 0 0 0 3163 778 16 52 32 11 3 3 1 5 2 1 1
2218 632 10 29 10 8 1 1 0 3 0 0 0 3380 790 16 52 34 12 3 3 1 5 2 2 1
2269 649 10 31 10 8 1 1 0 3 0 0 0 3454 805 16 53 34 12 3 3 1 5 2 2 1
2310 675 10 31 10 8 1 1 0 3 0 0 0 3510 839 16 59 35 12 3 3 1 5 2 2 1
2352 694 10 31 11 8 1 1 0 3 0 0 0 3590 866 16 61 35 12 3 3 1 5 2 2 1
2428 719 10 31 11 8 1 1 0 3 0 0 0 3857 879 16 61 39 13 3 3 1 5 2 2 1
2469 743 10 32 11 8 2 1 0 3 0 0 0 3989 952 16 62 39 13 3 3 1 6 2 2 1
2485 768 10 33 12 8 2 1 0 3 0 0 0 4008 963 16 62 40 13 3 4 1 6 2 2 1
2522 792 10 33 12 9 2 1 0 3 0 0 0 4164 986 16 64 40 13 3 4 1 6 2 2 1
2562 812 10 34 12 9 2 1 0 4 0 0 0 4247 1016 16 65 40 13 3 4 1 6 2 2 1
2680 848 10 34 13 9 2 1 0 4 0 0 0 4347 1079 16 67 41 14 4 4 1 7 2 2 1
2802 860 10 36 13 9 2 1 0 4 0 0 0 4353 1126 16 68 41 14 4 4 1 7 2 2 1
2884 876 10 37 14 9 2 1 0 4 1 0 0 4369 1136 16 68 41 14 4 4 1 7 2 2 1
3138 917 10 38 14 9 2 1 0 4 1 0 0 4441 1163 16 69 41 15 4 4 1 7 2 2 1
3254 940 10 39 15 9 2 1 0 4 1 0 0 4447 1183 16 69 41 15 4 4 1 7 2 2 1
3287 960 10 39 15 10 2 1 0 4 1 0 0 4648 1218 16 70 45 16 4 4 1 7 2 2 1
3326 974 10 41 15 10 2 1 0 4 1 0 0 4703 1244 16 70 45 16 4 4 1 8 2 2 1
3367 990 10 43 15 10 2 1 0 5 1 0 0 4716 1262 16 71 45 17 4 4 1 8 2 2 1
