# scores for worst/random/best/smart move selector strategies. 
# scores are 50% and 95% quantiles (based on 40 games) of: 
# game score, #destroyed, #unlocked, #stripes, #bombs, #zappers
4 4 0 0 0 0 0 0 0 0 0 0 0 81 33 0 1 0 0 0 0 0 0 0 0 0
6 6 0 0 0 0 0 0 0 0 0 0 0 302 62 5 2 1 2 0 0 0 0 0 0 0
9 9 0 0 0 0 0 0 0 0 0 0 0 339 67 8 3 1 2 0 0 0 0 0 0 0
10 10 0 0 0 0 0 0 0 0 0 0 0 843 175 8 10 4 4 0 0 0 0 0 0 0
12 12 0 0 0 0 0 0 0 0 0 0 0 858 200 10 10 4 4 0 0 0 0 0 0 0
15 15 0 0 0 0 0 0 0 0 0 0 0 867 207 10 10 4 4 0 0 0 0 0 0 0
23 23 0 0 0 0 0 0 0 0 0 0 0 873 214 12 11 4 4 0 0 0 0 0 0 0
47 30 0 1 0 0 0 0 0 0 0 0 0 876 217 13 11 5 4 0 0 0 0 0 0 0
59 35 1 1 0 0 0 0 0 0 0 0 0 879 220 13 11 5 4 0 0 0 0 0 0 0
99 42 1 1 0 0 0 0 0 0 0 0 0 882 223 13 11 5 4 0 0 0 0 0 0 0
270 95 1 3 1 1 0 0 0 0 0 0 0 890 226 13 11 5 4 0 0 0 0 0 0 0
711 161 5 9 3 4 0 0 0 0 0 0 0 902 229 13 12 5 5 0 0 0 0 0 0 0
714 167 6 9 3 4 0 0 0 0 0 0 0 915 246 13 12 5 5 0 0 0 0 0 0 0
731 170 6 9 3 4 0 0 0 0 0 0 0 922 253 13 12 5 5 0 0 0 0 0 0 0
746 175 6 9 3 4 0 0 0 0 0 0 0 925 259 13 12 5 5 0 0 0 0 0 0 0
761 191 6 9 3 4 0 0 0 0 0 0 0 928 264 13 12 5 5 0 0 0 0 0 0 0
773 201 7 9 3 4 0 0 0 0 0 0 0 963 284 13 13 5 5 0 0 0 0 0 0 0
777 204 7 10 3 4 0 0 0 0 0 0 0 985 305 13 13 5 5 0 0 0 0 0 0 0
780 207 7 10 3 4 0 0 0 0 0 0 0 988 308 13 13 5 5 0 0 0 0 0 0 0
786 212 7 10 3 4 0 0 0 0 0 0 0 1002 312 13 13 5 5 0 0 0 0 0 0 0
800 218 7 10 3 4 0 0 0 0 0 0 0 1009 321 13 13 5 5 0 0 0 0 0 0 0
805 223 7 10 3 4 0 0 0 0 0 0 0 1012 324 13 13 5 5 0 0 0 0 0 0 0
816 227 7 10 3 4 0 0 0 0 0 0 0 1017 328 13 13 5 5 0 0 0 0 0 0 0
819 233 7 10 3 4 0 0 0 0 0 0 0 1020 331 13 14 5 5 0 0 0 0 0 0 0
831 239 7 10 3 4 0 0 0 0 0 0 0 1041 342 13 14 5 5 0 0 0 0 0 0 0
834 242 7 10 3 4 0 0 0 0 0 0 0 1050 347 13 14 5 5 0 0 0 0 0 0 0
845 245 7 10 4 4 0 0 0 0 0 0 0 1078 356 13 15 6 5 0 0 0 0 0 0 0
856 250 7 10 4 4 0 0 0 0 0 0 0 1100 360 13 15 6 5 0 0 0 0 0 0 0
875 256 7 10 4 4 0 0 0 0 0 0 0 1104 369 13 15 6 5 0 0 0 0 0 0 0
880 262 7 10 4 4 0 0 0 0 0 0 0 1110 372 13 15 6 5 0 0 0 0 0 0 0
883 265 7 10 4 4 0 0 0 0 0 0 0 1113 378 13 15 6 5 0 0 0 0 0 0 0
890 270 7 10 4 4 0 0 0 0 0 0 0 1121 381 13 15 6 5 0 0 0 0 0 0 0
895 276 7 10 4 4 0 0 0 0 0 0 0 1129 385 13 15 6 5 0 0 0 0 0 0 0
909 289 7 10 4 4 0 0 0 0 0 0 0 1133 388 13 15 6 5 0 0 0 0 0 0 0
915 295 7 11 4 4 0 0 0 0 0 0 0 1139 397 13 15 6 5 0 0 0 0 0 0 0
918 298 7 11 4 4 0 0 0 0 0 0 0 1142 406 13 15 6 5 0 0 0 0 0 0 0
927 303 7 11 4 4 0 0 0 0 0 0 0 1150 416 13 15 6 5 0 0 0 0 0 0 0
939 319 7 11 4 4 0 0 0 0 0 0 0 1166 421 13 16 6 5 0 0 0 0 0 0 0
942 322 7 11 4 4 0 0 0 0 0 0 0 1269 434 13 16 6 5 0 0 0 0 0 0 0
945 326 7 11 4 4 0 0 0 0 0 0 0 1272 437 13 16 6 5 0 0 0 0 0 0 0
956 329 7 11 4 4 0 0 0 0 0 0 0 1279 440 13 16 6 5 0 0 0 0 0 0 0
