# scores for worst/random/best/smart move selector strategies. 
# scores are 50% and 95% quantiles (based on 40 games) of: 
# game score, #destroyed, #unlocked, #stripes, #bombs, #zappers
8 8 0 0 0 0 0 0 0 0 0 0 0 31 31 0 0 0 0 0 0 0 0 0 0 0
18 18 0 0 0 0 0 0 0 0 0 0 0 145 53 3 2 0 0 0 0 0 0 0 0 0
27 27 0 0 0 0 0 0 0 0 0 0 0 274 95 7 4 1 1 1 1 0 1 0 0 0
80 42 0 1 0 0 0 0 0 0 0 0 0 420 131 8 8 2 1 1 1 0 1 0 0 0
106 56 1 2 0 0 0 0 0 0 0 0 0 586 163 8 12 3 1 1 1 0 1 0 0 0
229 67 1 3 0 0 0 0 0 0 0 0 0 730 178 9 18 4 1 1 1 0 1 1 0 0
381 99 4 6 1 0 0 0 0 0 0 0 0 737 209 10 18 5 2 1 1 0 1 1 0 0
444 121 4 8 2 0 0 0 0 0 0 0 0 793 242 10 19 5 2 1 2 0 1 1 0 0
489 143 5 8 2 0 0 1 0 0 0 0 0 938 249 10 22 5 3 1 2 0 1 1 0 0
507 150 6 8 2 0 0 1 0 0 0 0 0 949 254 10 22 6 3 2 2 0 2 1 0 0
543 157 6 9 2 0 0 1 0 0 0 0 0 957 266 10 22 6 3 2 2 0 2 1 0 0
586 182 6 10 2 0 1 1 0 0 0 0 0 982 292 10 25 6 3 2 2 0 2 1 0 0
640 211 7 11 3 0 1 1 0 0 0 0 0 1078 331 10 26 6 3 2 3 0 2 1 0 0
711 225 8 12 3 0 1 1 0 0 0 0 0 1482 335 10 26 13 4 2 3 0 2 1 0 0
726 240 8 12 3 0 1 1 0 0 0 0 0 1614 363 10 26 16 4 2 3 0 2 1 0 0
739 245 8 13 3 0 1 1 0 0 0 0 0 1620 372 10 26 16 4 2 3 0 2 1 0 0
807 263 8 13 3 1 1 1 0 0 0 0 0 1745 399 10 28 16 4 3 3 0 2 1 0 0
846 273 8 13 3 1 1 1 0 0 0 0 0 1776 408 10 29 16 4 3 3 0 2 1 0 0
880 283 8 14 4 1 1 1 0 0 0 0 0 1780 418 10 30 17 4 3 3 1 2 1 0 0
907 291 8 15 4 1 1 1 0 1 0 0 0 1786 429 10 30 17 4 3 3 1 3 1 0 0
964 308 8 15 4 1 1 1 0 1 0 0 0 1823 448 10 30 18 4 3 3 1 3 1 0 0
1038 323 8 18 4 1 1 1 0 1 0 0 0 1830 470 10 31 18 4 3 3 1 3 1 0 0
1062 345 8 18 4 1 1 1 0 1 0 0 0 1937 498 10 31 19 4 3 3 1 3 1 0 0
1101 370 8 18 4 1 1 1 0 1 0 0 0 1951 502 10 33 19 5 3 3 1 3 1 0 0
1112 378 8 19 5 1 1 1 0 1 0 0 0 2126 517 10 36 21 5 3 3 1 3 1 1 0
1208 400 8 20 5 1 2 1 0 1 0 0 0 2174 522 10 38 21 5 3 3 1 3 1 1 0
1215 411 8 20 5 1 2 1 0 1 0 0 0 2202 531 10 38 21 5 3 3 1 3 1 1 0
1261 416 8 20 5 1 2 1 0 1 0 0 0 2273 554 10 38 21 5 4 3 1 3 1 1 0
1313 442 8 21 5 2 2 1 0 1 0 0 0 2281 562 10 39 21 5 4 3 1 3 1 1 0
1386 455 8 22 6 2 2 1 0 1 0 0 0 2285 604 10 40 21 5 4 3 1 3 1 1 0
1517 474 8 23 6 2 2 2 0 1 0 0 0 2416 628 10 44 26 5 4 3 1 4 1 1 0
1548 482 8 24 6 2 2 2 0 1 0 0 0 2425 636 10 45 26 5 4 3 1 4 1 1 0
1559 506 8 24 6 2 2 2 0 1 0 0 0 2449 682 10 45 26 6 4 3 1 4 1 1 0
1641 529 8 24 6 2 2 2 0 1 0 0 0 2472 707 10 47 26 6 4 3 1 4 1 1 0
1698 557 8 25 7 2 2 2 0 1 0 0 0 2565 747 10 48 26 6 4 3 1 4 1 1 0
1724 564 8 27 7 2 2 2 0 1 0 0 0 2598 753 10 48 26 6 4 3 1 5 1 1 0
1774 579 8 27 7 2 2 2 0 1 0 0 0 2604 759 10 48 27 6 4 3 1 5 1 1 0
1801 590 8 27 7 2 2 2 0 1 0 0 0 2722 827 10 49 27 7 4 3 1 5 1 1 0
1847 596 8 30 7 3 2 2 0 1 0 0 0 2792 854 10 50 27 8 4 3 1 5 1 1 0
1912 626 8 32 8 3 2 2 0 1 0 0 0 3022 868 10 51 27 8 4 4 1 5 1 1 0
1971 650 8 33 8 3 2 2 0 1 1 0 0 3080 900 10 54 27 8 4 4 1 5 1 1 0
