# scores for worst/random/best/smart move selector strategies. 
# scores are 50% and 95% quantiles (based on 40 games) of: 
# game score, #destroyed, #unlocked, #stripes, #bombs, #zappers
8 8 0 0 0 0 0 0 0 0 0 0 0 31 31 0 0 0 0 0 0 0 0 0 0 0
15 15 0 0 0 0 0 0 0 0 0 0 0 56 44 0 0 0 0 0 0 0 0 0 0 0
18 18 0 0 0 0 0 0 0 0 0 0 0 71 47 0 1 0 0 0 0 0 0 0 0 0
24 24 0 0 0 0 0 0 0 0 0 0 0 74 55 0 1 0 0 0 0 0 0 0 0 0
30 30 0 0 0 0 0 0 0 0 0 0 0 176 61 3 2 0 0 0 0 0 0 0 0 0
37 37 0 0 0 0 0 0 0 0 0 0 0 196 75 4 2 1 0 0 0 0 0 0 0 0
45 43 0 0 0 0 0 0 0 0 0 0 0 199 80 4 2 1 0 0 0 0 0 0 0 0
51 49 0 0 0 0 0 0 0 0 0 0 0 205 99 4 2 1 0 0 0 0 0 0 0 0
60 53 0 0 0 0 0 0 0 0 0 0 0 311 127 4 3 1 1 0 0 0 0 0 0 0
70 58 0 0 0 0 0 0 0 0 0 0 0 463 153 5 6 2 1 0 0 0 0 0 0 0
78 67 0 0 0 0 0 0 0 0 0 0 0 469 159 5 6 2 1 0 0 0 0 0 0 0
87 70 0 1 0 0 0 0 0 0 0 0 0 472 162 5 6 2 1 0 0 0 1 0 0 0
97 78 0 1 0 0 0 0 0 0 0 0 0 480 170 6 7 3 1 0 0 0 1 0 0 0
119 89 0 1 0 0 0 0 0 0 0 0 0 501 176 6 7 3 1 0 0 0 1 0 0 0
141 94 0 1 0 0 0 0 0 0 0 0 0 543 195 6 8 3 1 0 0 0 1 0 0 0
152 103 0 2 0 0 0 0 0 0 0 0 0 551 204 6 8 3 1 0 0 0 1 0 0 0
175 113 1 2 0 0 0 0 0 0 0 0 0 572 216 6 8 4 1 0 0 0 1 0 0 0
216 120 1 2 0 0 0 0 0 0 0 0 0 631 229 6 9 4 1 0 1 0 1 0 0 0
257 132 1 2 0 0 0 0 0 0 0 0 0 654 238 6 9 5 1 0 1 0 1 0 0 0
274 143 1 4 1 0 0 0 0 0 0 0 0 693 261 6 10 5 1 0 1 0 1 0 0 0
327 155 1 5 1 0 0 0 0 0 0 0 0 716 268 9 11 5 1 0 1 0 1 0 0 0
367 162 1 5 1 0 0 0 0 0 0 0 0 722 273 9 11 5 1 0 1 0 1 0 0 0
374 169 2 5 1 0 0 0 0 0 0 0 0 735 281 9 11 6 1 1 1 0 1 0 0 0
442 180 2 6 2 0 0 0 0 0 0 0 0 831 302 9 12 6 1 1 1 0 1 0 0 0
448 184 2 6 2 0 0 0 0 0 0 0 0 900 319 9 13 6 1 1 1 0 1 0 0 0
471 201 3 7 2 0 0 0 0 0 0 0 0 931 329 9 13 6 1 1 1 0 1 0 0 0
532 222 3 8 2 0 0 0 0 0 0 0 0 936 335 9 13 6 1 1 1 0 1 0 0 0
559 225 3 9 2 0 0 0 0 0 0 0 0 939 338 9 13 6 1 1 1 0 1 0 0 0
560 231 3 9 3 0 0 0 0 0 0 0 0 965 355 9 14 6 2 1 1 0 1 0 0 0
596 246 3 9 3 0 0 0 0 0 0 0 0 969 359 9 14 6 2 1 1 0 1 0 0 0
612 255 3 9 3 0 0 0 0 0 0 0 0 972 362 9 14 6 2 1 1 0 1 0 0 0
630 264 3 9 3 0 0 0 0 0 0 0 0 984 365 9 14 7 2 1 1 0 1 0 0 0
645 268 3 10 3 0 0 0 0 0 0 0 0 988 370 9 14 7 2 1 1 0 1 0 0 0
657 278 4 10 3 0 0 0 0 0 0 0 0 991 373 9 14 7 2 1 1 0 1 0 0 0
668 283 4 10 3 0 0 0 0 0 0 0 0 997 379 9 14 7 2 1 1 0 1 0 0 0
677 288 4 10 3 0 0 0 0 0 0 0 0 1000 382 9 14 7 2 1 1 0 1 0 0 0
680 292 4 10 3 0 0 0 0 0 0 0 0 1009 403 9 14 7 2 1 1 0 1 0 0 0
691 299 4 10 3 0 0 0 0 0 0 0 0 1165 453 9 15 7 2 1 1 0 1 0 0 0
734 310 4 11 3 0 0 0 0 0 0 0 0 1169 461 9 16 7 2 1 1 0 1 0 0 0
763 321 4 11 3 0 0 0 0 0 0 0 0 1238 478 9 17 7 2 1 1 0 1 0 0 0
803 330 4 11 3 0 0 0 0 0 0 0 0 1244 485 9 17 7 2 1 1 0 1 0 0 0
