# scores for worst/random/best/smart move selector strategies. 
# scores are 50% and 95% quantiles (based on 40 games) of: 
# game score, #destroyed, #unlocked, #stripes, #bombs, #zappers
8 8 0 0 0 0 0 0 0 0 0 0 0 31 31 0 0 0 0 0 0 0 0 0 0 0
21 21 0 0 0 0 0 0 0 0 0 0 0 210 63 4 4 1 0 0 0 0 0 0 0 0
87 43 1 1 0 0 0 0 0 0 0 0 0 445 139 9 8 2 1 1 1 0 1 0 0 0
171 65 3 2 1 0 0 0 0 0 0 0 0 554 161 9 9 3 1 1 1 0 1 0 0 0
335 97 6 6 2 0 0 0 0 0 0 0 0 679 202 10 10 4 1 1 1 0 1 0 0 0
412 114 7 7 2 0 0 1 0 0 0 0 0 754 230 10 13 5 1 1 2 0 1 0 0 0
469 142 7 8 2 0 0 1 0 0 0 0 0 811 261 10 18 5 1 2 2 0 1 1 0 0
519 158 7 9 2 0 1 1 0 0 0 0 0 877 288 10 18 6 2 2 2 0 2 1 0 0
593 189 7 9 3 1 1 1 0 0 0 0 0 971 317 10 21 6 2 2 2 0 2 1 0 0
652 211 7 9 3 1 1 1 0 0 0 0 0 1082 325 10 25 7 3 2 2 1 3 1 0 0
713 235 7 10 4 1 1 1 0 1 0 0 0 1189 375 10 26 8 4 2 2 1 3 1 0 0
776 254 7 11 4 1 1 1 0 1 0 0 0 1307 387 10 27 8 4 2 2 1 3 1 0 0
902 281 7 12 4 1 1 1 0 1 0 0 0 1364 427 10 28 8 4 2 2 1 3 1 0 0
939 310 7 13 5 1 1 1 0 1 0 0 0 1416 462 10 28 9 4 2 2 1 3 1 0 0
984 331 7 14 5 2 1 1 0 1 0 0 0 1814 478 10 30 10 4 2 2 1 3 1 0 0
1039 353 7 14 5 2 1 1 0 2 0 0 0 1991 498 10 33 10 5 2 2 1 4 1 0 0
1111 373 7 15 6 2 1 1 0 2 0 0 0 2092 527 10 33 11 5 3 2 1 4 1 0 0
1143 393 7 16 6 2 1 1 0 2 0 0 0 2135 557 10 33 12 5 3 2 1 4 1 0 0
1222 420 7 17 6 3 1 1 0 2 0 0 0 2264 601 10 40 19 6 3 2 1 5 1 0 0
1286 445 7 17 7 3 1 1 0 2 0 0 0 2286 628 10 41 19 7 3 3 1 6 1 0 0
1376 460 7 18 7 3 1 1 0 2 0 0 0 2336 665 10 42 19 7 3 3 1 6 1 0 0
1420 487 7 19 7 3 1 2 0 2 0 0 0 2412 691 10 42 19 7 3 3 1 6 1 0 0
1473 519 7 19 8 3 1 2 0 2 0 0 0 2451 696 10 42 19 7 3 3 1 6 1 0 0
1572 540 7 20 8 3 1 2 0 2 0 0 0 2479 723 10 42 19 8 3 3 1 6 1 0 0
1586 558 7 21 8 3 1 2 0 2 0 0 0 2566 740 10 51 20 8 3 4 1 6 2 0 0
1662 588 7 22 8 3 1 2 0 3 0 0 0 2571 797 10 51 24 8 3 4 1 6 2 1 0
1733 606 7 23 8 4 2 2 0 3 0 0 0 2604 806 10 51 24 8 3 4 1 6 2 1 0
1855 622 7 24 9 4 2 2 0 3 0 0 0 2937 834 10 54 24 9 3 4 2 7 2 1 0
1862 632 7 24 9 4 2 2 0 3 0 0 0 2952 848 10 54 24 9 3 4 2 7 2 1 0
1964 664 7 24 10 4 2 2 0 3 0 0 0 2960 856 10 54 24 9 3 4 2 7 2 1 0
2032 687 7 25 10 4 2 2 0 3 0 0 0 3412 877 10 55 25 9 3 4 2 7 2 1 0
2105 713 7 26 10 4 2 2 0 3 0 0 0 3554 896 10 56 28 9 4 4 2 7 2 1 0
2194 732 7 27 10 4 2 2 0 3 0 0 0 3658 902 10 56 28 9 4 4 2 7 2 1 0
2227 742 7 28 10 4 2 2 0 3 0 0 0 3708 950 10 60 28 9 4 4 2 7 2 1 0
2241 762 7 29 11 5 2 2 0 3 0 0 0 3723 988 10 60 28 9 4 4 2 7 2 1 0
2383 803 7 32 11 5 2 2 0 4 1 0 0 3850 1020 10 62 28 9 4 4 2 7 2 1 0
2447 810 7 32 11 5 2 2 0 4 1 0 0 3880 1037 10 62 29 9 4 4 2 8 2 1 0
2507 846 7 35 11 5 2 2 0 4 1 0 0 3929 1055 10 63 29 10 4 5 2 8 2 1 0
2558 880 7 38 12 5 2 2 0 4 1 0 0 3986 1076 10 63 35 10 4 5 2 8 2 1 0
2629 899 7 38 12 5 2 2 0 4 1 0 0 4007 1083 10 63 35 10 4 5 2 8 2 1 0
2691 910 7 38 13 5 2 3 0 4 1 0 0 4037 1098 10 64 36 10 4 5 2 8 2 1 0
