# scores for worst/random/best/smart move selector strategies. 
# scores are 50% and 95% quantiles (based on 40 games) of: 
# game score, #destroyed, #unlocked, #stripes, #bombs, #zappers
6 6 0 0 0 0 0 0 0 0 0 0 0 14 14 0 0 0 0 0 0 0 0 0 0 0
9 9 0 0 0 0 0 0 0 0 0 0 0 19 19 0 0 0 0 0 0 0 0 0 0 0
15 15 0 0 0 0 0 0 0 0 0 0 0 85 26 0 2 0 0 0 0 0 0 0 0 0
19 19 0 0 0 0 0 0 0 0 0 0 0 89 34 0 2 0 0 0 0 0 0 0 0 0
23 23 0 0 0 0 0 0 0 0 0 0 0 246 52 0 7 0 1 1 0 0 0 0 0 0
28 27 0 0 0 0 0 0 0 0 0 0 0 253 60 0 7 0 1 1 0 0 0 0 0 0
34 32 0 0 0 0 0 0 0 0 0 0 0 280 64 0 8 0 1 1 0 0 0 0 0 0
65 39 0 0 0 0 0 0 0 0 0 0 0 285 69 0 8 0 1 1 0 0 0 0 0 0
74 43 0 1 0 0 0 0 0 0 0 0 0 325 79 0 8 0 1 1 0 0 1 0 0 0
78 47 0 1 0 0 0 0 0 0 0 0 0 328 82 0 9 0 1 1 0 0 1 0 0 0
84 52 0 1 0 0 0 0 0 0 0 0 0 347 88 0 9 0 1 1 0 0 1 0 0 0
101 57 0 1 0 0 0 0 0 0 0 0 0 350 91 0 9 0 1 1 0 0 1 0 0 0
114 63 0 1 0 0 0 0 0 0 0 0 0 354 96 0 9 0 1 2 0 0 1 0 0 0
117 68 0 1 0 0 0 0 0 0 0 0 0 404 106 0 9 0 1 2 0 0 1 0 0 0
132 72 0 2 0 0 0 0 0 0 0 0 0 412 109 0 9 0 1 2 0 0 1 0 0 0
145 77 0 2 0 0 0 0 0 0 0 0 0 422 118 0 9 0 1 2 0 0 1 0 0 0
165 87 0 3 0 0 0 0 0 0 0 0 0 428 123 0 9 0 1 2 0 0 1 0 0 0
168 91 0 3 0 0 0 0 0 0 0 0 0 456 128 0 10 0 1 2 0 0 1 0 0 0
172 96 0 3 0 0 0 0 0 0 0 0 0 460 137 0 10 0 1 2 0 0 1 0 0 0
184 104 0 3 0 0 0 0 0 0 0 0 0 473 146 0 10 0 1 2 0 0 1 0 0 0
198 108 0 3 0 0 0 0 0 0 0 0 0 501 154 0 11 0 1 2 0 0 1 0 0 0
216 112 0 3 0 0 1 0 0 0 0 0 0 529 165 0 11 0 1 2 0 0 1 0 0 0
237 119 0 4 0 0 1 0 0 0 0 0 0 535 169 0 11 0 1 2 0 0 1 0 0 0
242 124 0 4 0 0 1 0 0 0 0 0 0 538 172 0 11 0 1 2 0 0 1 0 0 0
249 131 0 4 0 0 1 0 0 0 0 0 0 563 179 0 11 0 1 2 0 0 1 0 0 0
258 135 0 4 0 0 1 0 0 0 0 0 0 584 183 0 12 0 1 3 0 0 1 0 0 0
278 139 0 4 0 0 1 0 0 0 0 0 0 627 190 0 13 0 1 3 0 0 1 0 0 0
297 145 0 5 0 0 1 0 0 0 0 0 0 666 193 0 17 0 1 3 0 0 1 1 0 0
333 150 0 5 0 0 1 0 0 0 0 0 0 670 198 0 17 0 1 3 0 0 1 1 0 0
346 156 0 5 0 0 1 0 0 0 0 0 0 673 203 0 17 0 1 3 0 0 1 1 0 0
350 160 0 5 0 0 1 0 0 0 0 0 0 676 207 0 17 0 1 3 0 0 1 1 0 0
355 165 0 6 0 0 1 0 0 0 0 0 0 680 211 0 17 0 1 4 0 0 1 1 0 0
361 168 0 6 0 0 1 0 0 0 0 0 0 683 215 0 17 1 1 4 0 0 1 1 0 0
376 179 0 6 0 0 1 0 0 0 0 0 0 687 218 0 17 1 2 4 0 0 1 1 0 0
391 182 0 6 0 0 1 0 0 0 0 0 0 694 226 0 17 1 2 4 0 0 2 1 0 0
413 190 0 6 0 0 1 0 0 0 0 0 0 699 233 0 17 1 2 4 0 0 2 1 0 0
422 196 0 7 0 0 1 0 0 0 0 0 0 702 236 0 17 1 2 4 0 0 2 1 0 0
445 201 0 7 0 0 1 0 0 0 0 0 0 707 243 0 17 1 2 4 0 0 2 1 0 0
448 204 0 8 0 0 1 0 0 0 0 0 0 713 254 0 17 1 2 4 0 0 2 1 0 0
458 209 0 8 0 0 1 0 0 0 0 0 0 767 266 0 18 1 2 4 0 0 2 1 0 0
462 215 0 8 0 0 1 0 0 0 0 0 0 772 274 0 18 1 2 4 0 0 2 1 0 0
