# scores for worst/random/best/smart move selector strategies. 
# scores are 50% and 95% quantiles (based on 40 games) of: 
# game score, #destroyed, #unlocked, #stripes, #bombs, #zappers
6 6 0 0 0 0 0 0 0 0 0 0 0 14 14 0 0 0 0 0 0 0 0 0 0 0
9 9 0 0 0 0 0 0 0 0 0 0 0 17 17 0 0 0 0 0 0 0 0 0 0 0
12 12 0 0 0 0 0 0 0 0 0 0 0 20 20 0 0 0 0 0 0 0 0 0 0 0
15 15 0 0 0 0 0 0 0 0 0 0 0 26 26 0 0 0 0 0 0 0 0 0 0 0
18 18 0 0 0 0 0 0 0 0 0 0 0 29 29 0 0 0 0 0 0 0 0 0 0 0
22 22 0 0 0 0 0 0 0 0 0 0 0 73 38 0 0 0 0 0 0 0 0 0 0 0
26 26 0 0 0 0 0 0 0 0 0 0 0 88 41 0 1 0 0 0 0 0 0 0 0 0
30 30 0 0 0 0 0 0 0 0 0 0 0 107 56 0 2 0 0 0 0 0 0 0 0 0
34 34 0 0 0 0 0 0 0 0 0 0 0 112 60 0 2 0 0 0 0 0 0 0 0 0
39 39 0 0 0 0 0 0 0 0 0 0 0 130 63 0 2 0 0 0 0 0 0 0 0 0
42 42 0 0 0 0 0 0 0 0 0 0 0 136 71 0 2 0 0 0 0 0 0 0 0 0
46 45 0 0 0 0 0 0 0 0 0 0 0 170 75 0 2 0 1 0 0 0 0 0 0 0
50 49 0 0 0 0 0 0 0 0 0 0 0 174 79 0 2 0 1 0 0 0 0 0 0 0
54 53 0 0 0 0 0 0 0 0 0 0 0 240 91 0 3 0 1 1 0 0 0 0 0 0
58 57 0 0 0 0 0 0 0 0 0 0 0 245 95 0 3 0 1 1 0 0 0 0 0 0
65 62 0 0 0 0 0 0 0 0 0 0 0 250 99 0 3 0 1 1 0 0 0 0 0 0
70 66 0 0 0 0 0 0 0 0 0 0 0 254 102 0 3 0 1 1 0 0 1 0 0 0
77 71 0 0 0 0 0 0 0 0 0 0 0 259 105 0 3 0 1 1 0 0 1 0 0 0
81 74 0 0 0 0 0 0 0 0 0 0 0 262 110 0 3 0 1 1 0 0 1 0 0 0
86 78 0 0 0 0 0 0 0 0 0 0 0 265 116 0 3 0 1 1 0 0 1 0 0 0
96 83 0 0 0 0 0 0 0 0 0 0 0 271 122 0 3 0 1 1 0 0 1 0 0 0
110 88 0 1 0 0 0 0 0 0 0 0 0 321 127 0 3 0 1 1 0 0 1 0 0 0
120 94 0 1 0 0 0 0 0 0 0 0 0 324 131 0 3 1 1 1 0 0 1 0 0 0
123 97 0 1 0 0 0 0 0 0 0 0 0 349 144 0 3 1 1 1 0 0 1 0 0 0
130 101 0 1 0 0 0 0 0 0 0 0 0 355 152 0 3 1 1 1 0 0 1 0 0 0
136 107 0 1 0 0 0 0 0 0 0 0 0 374 160 0 4 1 1 1 0 0 1 0 0 0
140 110 0 1 0 0 0 0 0 0 0 0 0 380 163 0 4 1 1 1 0 0 1 0 0 0
148 113 0 1 0 0 0 0 0 0 0 0 0 383 166 0 4 1 1 1 0 0 1 0 0 0
162 117 0 1 0 0 0 0 0 0 0 0 0 388 177 0 4 1 1 1 0 0 1 0 0 0
165 121 0 1 0 0 0 0 0 0 0 0 0 405 182 0 4 1 1 1 0 0 1 0 0 0
178 127 0 1 0 0 0 0 0 0 0 0 0 412 185 0 4 1 1 1 0 0 1 0 0 0
183 132 0 1 0 0 0 0 0 0 0 0 0 416 190 0 4 1 1 1 0 0 1 0 0 0
188 136 0 1 0 0 0 0 0 0 0 0 0 421 193 0 4 1 1 1 0 0 1 0 0 0
192 139 0 1 0 0 0 0 0 0 0 0 0 441 200 0 5 1 1 1 0 0 1 0 0 0
195 143 0 1 0 0 0 0 0 0 0 0 0 448 203 0 5 1 1 1 0 0 1 0 0 0
201 149 0 2 0 0 0 0 0 0 0 0 0 454 212 0 5 1 1 1 0 0 1 0 0 0
206 152 0 2 0 0 0 0 0 0 0 0 0 478 216 0 6 1 1 1 0 0 1 0 0 0
210 155 0 2 0 0 0 0 0 0 0 0 0 483 219 0 6 1 1 1 0 0 1 0 0 0
213 159 0 2 0 0 0 0 0 0 0 0 0 486 222 0 6 1 1 1 0 0 1 0 0 0
221 164 0 2 0 0 0 0 0 0 0 0 0 491 228 0 6 1 1 1 0 0 1 0 0 0
232 170 0 2 0 0 0 0 0 0 0 0 0 494 231 0 6 1 1 1 0 0 1 0 0 0
