# scores for worst/random/best/smart move selector strategies. 
# scores are 50% and 95% quantiles (based on 40 games) of: 
# game score, #destroyed, #unlocked, #stripes, #bombs, #zappers
6 6 0 0 0 0 0 0 0 0 0 0 0 14 14 0 0 0 0 0 0 0 0 0 0 0
9 9 0 0 0 0 0 0 0 0 0 0 0 38 21 0 0 0 0 0 0 0 0 0 0 0
15 15 0 0 0 0 0 0 0 0 0 0 0 89 36 0 2 0 0 0 0 0 0 0 0 0
21 21 0 0 0 0 0 0 0 0 0 0 0 310 62 0 9 0 1 1 0 0 0 0 0 0
25 25 0 0 0 0 0 0 0 0 0 0 0 412 75 0 14 0 1 1 0 0 0 1 0 0
48 31 0 0 0 0 0 0 0 0 0 0 0 419 83 0 14 0 1 1 0 0 1 1 0 0
72 39 0 1 0 0 0 0 0 0 0 0 0 427 89 0 14 0 1 1 0 0 1 1 0 0
75 42 0 1 0 0 0 0 0 0 0 0 0 434 107 0 14 0 1 1 0 0 1 1 0 0
101 47 0 2 0 0 0 0 0 0 0 0 0 438 115 0 14 0 1 1 0 0 1 1 0 0
113 52 0 2 0 0 0 0 0 0 0 0 0 489 124 0 15 1 2 1 0 0 2 1 0 0
146 63 0 2 0 0 0 0 0 0 0 0 0 492 129 0 15 1 2 1 0 0 2 1 0 0
159 69 0 2 0 0 0 0 0 0 0 0 0 517 137 0 15 1 2 1 0 0 2 1 0 0
177 74 0 3 0 0 0 0 0 0 0 0 0 520 144 0 15 1 2 2 0 0 2 1 0 0
193 82 0 3 0 0 0 0 0 0 0 0 0 523 154 0 15 1 2 2 0 0 2 1 0 0
200 89 0 3 0 0 0 0 0 0 0 0 0 537 161 0 15 1 2 2 0 0 2 1 0 0
203 93 0 3 0 0 0 0 0 0 0 0 0 557 172 0 16 1 2 2 0 0 2 1 0 0
240 101 0 3 0 0 0 0 0 0 0 0 0 560 188 0 17 1 3 2 0 0 2 1 0 0
253 108 0 3 0 0 0 0 0 0 0 0 0 571 196 0 17 1 3 2 0 0 2 1 0 0
272 112 0 4 0 1 0 0 0 0 0 0 0 603 203 0 17 1 3 2 0 0 2 1 0 0
302 119 0 4 0 1 0 0 0 0 0 0 0 607 208 0 17 1 3 2 0 0 3 1 0 0
308 126 0 4 0 1 0 0 0 0 0 0 0 613 214 0 17 1 3 2 0 0 3 1 0 0
339 132 0 4 0 1 1 0 0 0 0 0 0 733 220 0 19 1 3 2 0 0 3 1 0 0
343 138 0 4 0 1 1 0 0 0 0 0 0 756 249 0 19 2 3 2 0 0 3 1 0 0
355 141 0 5 0 1 1 0 0 0 0 0 0 826 261 0 20 2 4 2 0 0 3 1 0 0
365 147 0 6 0 1 1 0 0 0 0 0 0 831 268 0 20 2 4 2 0 0 3 1 0 0
376 151 0 6 0 1 1 0 0 0 0 0 0 862 278 0 20 2 4 2 0 0 3 1 0 0
395 159 0 6 0 1 1 0 0 0 0 0 0 867 283 0 20 2 4 2 1 0 3 1 0 0
402 164 0 6 0 1 1 0 0 0 0 0 0 871 300 0 20 2 4 2 1 0 3 1 0 0
405 169 0 6 0 1 1 0 0 0 0 0 0 915 306 0 22 2 4 2 1 0 4 1 0 0
449 173 0 6 0 1 1 0 0 1 0 0 0 920 311 0 22 2 4 2 1 0 4 1 0 0
459 178 0 6 0 1 1 0 0 1 0 0 0 978 321 0 22 2 4 3 1 0 4 1 0 0
462 184 0 7 0 1 1 0 0 1 0 0 0 1001 334 0 23 2 4 3 1 0 4 1 0 0
509 191 0 7 0 1 1 0 0 1 0 0 0 1007 351 0 23 2 4 3 1 0 4 1 0 0
514 194 0 7 0 1 1 0 0 1 0 0 0 1036 362 0 23 2 4 3 1 0 4 1 0 0
526 200 0 7 0 1 1 0 0 1 0 0 0 1082 370 0 24 2 4 3 1 0 4 1 0 0
529 209 0 8 0 1 1 0 0 1 0 0 0 1113 401 0 27 2 4 3 1 0 4 1 0 0
534 212 0 8 0 1 1 0 0 1 0 0 0 1158 419 0 27 2 4 3 1 0 4 1 0 0
553 216 0 8 0 1 1 0 0 1 0 0 0 1197 425 0 27 2 4 3 1 0 4 1 0 0
566 219 0 8 0 1 1 0 0 1 0 0 0 1202 431 0 27 2 5 3 1 0 4 1 0 0
582 227 0 8 0 1 1 0 0 1 0 0 0 1218 442 0 28 2 5 3 1 0 4 1 0 0
602 233 0 8 0 1 1 0 0 1 0 0 0 1224 446 0 28 2 5 3 1 0 4 1 0 0
