# scores for worst/random/best/smart move selector strategies. 
# scores are 50% and 95% quantiles (based on 40 games) of: 
# game score, #destroyed, #unlocked, #stripes, #bombs, #zappers
6 6 0 0 0 0 0 0 0 0 0 0 0 14 14 0 0 0 0 0 0 0 0 0 0 0
9 9 0 0 0 0 0 0 0 0 0 0 0 17 17 0 0 0 0 0 0 0 0 0 0 0
12 12 0 0 0 0 0 0 0 0 0 0 0 36 21 0 0 0 0 0 0 0 0 0 0 0
15 15 0 0 0 0 0 0 0 0 0 0 0 39 25 0 0 0 0 0 0 0 0 0 0 0
18 18 0 0 0 0 0 0 0 0 0 0 0 42 28 0 0 0 0 0 0 0 0 0 0 0
21 21 0 0 0 0 0 0 0 0 0 0 0 48 31 0 0 0 0 0 0 0 0 0 0 0
25 25 0 0 0 0 0 0 0 0 0 0 0 51 35 0 0 0 0 0 0 0 0 0 0 0
30 30 0 0 0 0 0 0 0 0 0 0 0 61 42 0 1 0 0 0 0 0 0 0 0 0
33 33 0 0 0 0 0 0 0 0 0 0 0 64 47 0 1 0 0 0 0 0 0 0 0 0
36 36 0 0 0 0 0 0 0 0 0 0 0 71 51 0 1 0 0 0 0 0 0 0 0 0
40 40 0 0 0 0 0 0 0 0 0 0 0 92 56 0 1 0 0 0 0 0 0 0 0 0
43 43 0 0 0 0 0 0 0 0 0 0 0 98 59 0 1 0 0 0 0 0 0 0 0 0
48 48 0 0 0 0 0 0 0 0 0 0 0 101 62 0 1 0 0 0 0 0 0 0 0 0
52 52 0 0 0 0 0 0 0 0 0 0 0 104 68 0 1 0 0 0 0 0 0 0 0 0
56 55 0 0 0 0 0 0 0 0 0 0 0 107 71 0 1 0 0 0 0 0 0 0 0 0
60 60 0 0 0 0 0 0 0 0 0 0 0 110 78 0 1 0 0 0 0 0 0 0 0 0
63 63 0 0 0 0 0 0 0 0 0 0 0 115 83 0 1 0 0 0 0 0 0 0 0 0
68 66 0 0 0 0 0 0 0 0 0 0 0 130 88 0 1 0 0 0 0 0 0 0 0 0
73 70 0 0 0 0 0 0 0 0 0 0 0 135 91 0 1 0 0 0 0 0 0 0 0 0
76 73 0 0 0 0 0 0 0 0 0 0 0 155 103 0 2 0 0 0 0 0 0 0 0 0
80 78 0 0 0 0 0 0 0 0 0 0 0 158 109 0 2 0 0 0 0 0 0 0 0 0
83 82 0 0 0 0 0 0 0 0 0 0 0 161 112 0 2 0 0 0 0 0 0 0 0 0
87 85 0 0 0 0 0 0 0 0 0 0 0 164 118 0 2 0 0 0 0 0 0 0 0 0
91 89 0 0 0 0 0 0 0 0 0 0 0 171 121 0 2 0 0 0 0 0 0 0 0 0
95 93 0 0 0 0 0 0 0 0 0 0 0 176 124 0 2 0 0 0 0 0 0 0 0 0
98 97 0 0 0 0 0 0 0 0 0 0 0 179 144 0 2 0 0 0 0 0 0 0 0 0
101 100 0 0 0 0 0 0 0 0 0 0 0 182 147 0 2 0 0 0 0 0 0 0 0 0
105 104 0 0 0 0 0 0 0 0 0 0 0 188 153 0 2 0 0 0 0 0 0 0 0 0
109 108 0 0 0 0 0 0 0 0 0 0 0 191 156 0 2 0 0 0 0 0 0 0 0 0
112 111 0 0 0 0 0 0 0 0 0 0 0 194 159 0 2 0 0 0 0 0 0 0 0 0
119 115 0 0 0 0 0 0 0 0 0 0 0 197 162 0 2 0 0 0 0 0 0 0 0 0
122 118 0 0 0 0 0 0 0 0 0 0 0 249 179 0 2 0 0 0 0 0 0 0 0 0
126 123 0 0 0 0 0 0 0 0 0 0 0 266 184 0 2 0 0 0 0 0 0 0 0 0
131 126 0 0 0 0 0 0 0 0 0 0 0 269 187 0 2 0 0 0 0 0 0 0 0 0
136 131 0 0 0 0 0 0 0 0 0 0 0 279 192 0 2 0 0 0 0 0 0 0 0 0
141 135 0 0 0 0 0 0 0 0 0 0 0 282 195 0 2 0 0 0 0 0 0 0 0 0
148 138 0 0 0 0 0 0 0 0 0 0 0 286 199 0 2 0 0 0 0 0 0 0 0 0
153 141 0 0 0 0 0 0 0 0 0 0 0 294 206 0 2 0 0 0 0 0 0 0 0 0
160 146 0 0 0 0 0 0 0 0 0 0 0 319 214 0 3 0 0 0 0 0 0 0 0 0
163 150 0 0 0 0 0 0 0 0 0 0 0 324 219 0 3 0 0 0 0 0 0 0 0 0
173 153 0 0 0 0 0 0 0 0 0 0 0 331 222 0 3 0 0 0 0 0 0 0 0 0
