# scores for worst/random/best/smart move selector strategies. 
# scores are 50% and 95% quantiles (based on 40 games) of: 
# game score, #destroyed, #unlocked, #stripes, #bombs, #zappers
3 3 0 0 0 0 0 0 0 0 0 0 0 11 11 0 0 0 0 0 0 0 0 0 0 0
9 9 0 0 0 0 0 0 0 0 0 0 0 18 18 0 0 0 0 0 0 0 0 0 0 0
15 15 0 0 0 0 0 0 0 0 0 0 0 69 24 1 1 0 0 0 0 0 0 0 0 0
19 19 0 0 0 0 0 0 0 0 0 0 0 97 34 3 2 0 0 1 0 0 0 0 0 0
25 24 0 0 0 0 0 0 0 0 0 0 0 164 41 5 3 0 0 1 0 0 0 0 0 0
32 28 0 0 0 0 0 0 0 0 0 0 0 172 52 6 4 0 0 1 0 0 0 0 0 0
37 32 0 0 0 0 0 0 0 0 0 0 0 176 56 6 4 1 0 1 0 0 0 0 0 0
56 36 0 1 0 0 0 0 0 0 0 0 0 310 76 7 7 1 0 2 0 0 0 0 0 0
70 42 0 1 0 0 0 0 0 0 0 0 0 351 81 7 7 1 0 2 0 0 0 0 0 0
73 46 0 1 0 0 0 0 0 0 0 0 0 382 89 7 7 1 0 2 0 0 0 0 0 0
80 52 1 1 0 0 0 0 0 0 0 0 0 387 92 8 7 1 0 2 0 0 0 0 0 0
85 56 1 1 0 0 0 0 0 0 0 0 0 392 96 8 7 1 0 2 0 0 0 0 0 0
95 59 1 1 0 0 0 0 0 0 0 0 0 403 102 8 8 1 0 2 0 0 0 0 0 0
111 65 1 1 0 0 0 0 0 0 0 0 0 410 110 8 8 1 0 2 0 0 0 0 0 0
132 70 1 2 0 0 0 0 0 0 0 0 0 415 119 8 9 1 0 3 1 0 0 0 0 0
142 74 1 3 0 0 0 0 0 0 0 0 0 490 135 9 11 1 1 3 1 0 0 0 0 0
149 79 1 3 0 0 0 0 0 0 0 0 0 493 138 9 11 1 1 3 1 0 0 0 0 0
154 82 1 3 0 0 0 0 0 0 0 0 0 496 144 9 11 2 1 3 1 0 0 0 0 0
164 90 1 3 0 0 0 0 0 0 0 0 0 499 147 10 11 2 1 3 1 0 0 0 0 0
185 95 1 3 0 0 0 0 0 0 0 0 0 530 153 10 12 2 1 3 1 0 0 0 0 0
226 102 1 4 0 0 0 0 0 0 0 0 0 569 161 10 13 2 1 3 1 0 0 0 0 0
230 109 1 4 0 0 0 0 0 0 0 0 0 572 164 10 13 2 1 3 1 0 0 0 0 0
277 120 2 5 0 0 1 0 0 0 0 0 0 575 167 10 13 2 1 3 1 0 0 0 0 0
356 134 3 7 1 0 1 0 0 0 0 0 0 579 170 10 13 2 1 3 1 0 0 0 0 0
376 143 3 7 1 0 1 0 0 0 0 0 0 582 174 10 13 2 1 3 1 0 0 0 0 0
445 150 6 8 1 0 1 0 0 0 0 0 0 596 186 10 13 2 1 3 1 0 0 0 0 0
462 154 6 9 1 0 1 0 0 0 0 0 0 599 190 10 13 2 1 3 1 0 1 0 0 0
466 158 6 9 1 0 1 0 0 0 0 0 0 657 214 10 13 2 1 3 1 0 1 0 0 0
474 161 6 9 1 0 1 0 0 0 0 0 0 661 218 10 13 2 1 3 1 0 1 0 0 0
488 172 6 9 1 0 1 0 0 0 0 0 0 716 227 10 14 3 1 3 1 0 1 0 0 0
512 178 6 10 1 0 1 0 0 0 0 0 0 731 243 10 15 3 1 3 1 0 1 0 0 0
515 183 6 10 1 0 1 0 0 0 0 0 0 734 248 10 15 3 1 3 1 0 1 0 0 0
522 193 6 10 1 0 1 0 0 0 0 0 0 738 254 10 15 3 1 3 1 0 1 0 0 0
536 197 6 11 1 0 1 0 0 0 0 0 0 765 262 10 15 3 1 3 1 0 1 0 0 0
560 200 6 11 1 0 1 0 0 0 0 0 0 774 269 10 15 3 1 3 1 0 1 0 0 0
564 206 6 11 1 0 1 0 0 0 0 0 0 778 272 10 15 3 1 3 1 0 1 0 0 0
571 212 6 11 1 0 1 0 0 0 0 0 0 783 277 10 15 3 1 3 1 0 1 0 0 0
576 216 6 11 1 0 1 0 0 0 0 0 0 786 280 10 15 3 1 3 1 0 1 0 0 0
591 223 6 11 1 0 1 0 0 0 0 0 0 791 285 10 15 3 1 3 1 0 1 0 0 0
599 229 6 11 1 0 1 0 0 0 0 0 0 795 288 10 15 3 1 3 1 0 1 0 0 0
603 232 7 11 1 0 2 0 0 0 0 0 0 799 291 10 15 3 1 3 1 0 1 0 0 0
