# scores for worst/random/best/smart move selector strategies. 
# scores are 50% and 95% quantiles (based on 40 games) of: 
# game score, #destroyed, #unlocked, #stripes, #bombs, #zappers
0 0 0 0 0 0 0 0 0 0 0 0 0 1 1 0 0 0 0 0 0 0 0 0 0 0
3 3 0 0 0 0 0 0 0 0 0 0 0 6 6 0 0 0 0 0 0 0 0 0 0 0
6 6 0 0 0 0 0 0 0 0 0 0 0 9 9 0 0 0 0 0 0 0 0 0 0 0
6 6 0 0 0 0 0 0 0 0 0 0 0 12 12 0 0 0 0 0 0 0 0 0 0 0
9 9 0 0 0 0 0 0 0 0 0 0 0 15 15 0 0 0 0 0 0 0 0 0 0 0
12 12 0 0 0 0 0 0 0 0 0 0 0 87 26 0 2 0 0 0 0 0 0 0 0 0
15 15 0 0 0 0 0 0 0 0 0 0 0 120 33 1 3 1 0 1 0 0 0 0 0 0
18 18 0 0 0 0 0 0 0 0 0 0 0 128 41 1 3 1 0 1 0 0 0 0 0 0
29 25 0 0 0 0 0 0 0 0 0 0 0 133 46 1 3 1 0 1 0 0 0 0 0 0
68 30 0 1 0 0 0 0 0 0 0 0 0 152 50 1 3 1 0 1 0 0 0 0 0 0
90 35 0 1 0 0 0 0 0 0 0 0 0 157 53 1 3 1 0 1 0 0 0 0 0 0
125 41 0 2 0 0 0 0 0 0 0 0 0 180 61 1 4 1 0 1 1 0 0 0 0 0
128 45 0 2 0 0 0 0 0 0 0 0 0 196 69 1 4 1 0 1 1 0 0 0 0 0
137 52 0 2 0 0 0 0 0 0 0 0 0 227 72 1 4 1 0 1 1 0 0 0 0 0
141 52 0 2 0 0 0 0 0 0 0 0 0 240 76 1 4 1 0 1 1 0 0 0 0 0
147 57 0 2 0 0 0 0 0 0 0 0 0 255 84 1 5 1 0 1 1 0 0 0 0 0
154 60 0 3 0 0 0 0 0 0 0 0 0 269 92 1 5 1 0 1 1 0 0 0 0 0
162 67 0 3 0 0 0 0 0 0 0 0 0 272 99 1 6 1 0 1 1 0 0 0 0 0
173 72 0 3 0 0 0 0 0 0 0 0 0 279 102 1 6 1 0 1 1 0 0 0 0 0
184 75 0 3 0 0 0 0 0 0 0 0 0 284 106 1 6 1 0 1 1 0 0 0 0 0
199 80 0 4 0 0 0 0 0 0 0 0 0 287 109 1 6 1 0 1 1 0 0 0 0 0
228 84 0 4 0 0 0 0 0 0 0 0 0 291 114 1 6 1 0 1 1 0 0 0 0 0
244 89 0 4 0 0 0 0 0 0 0 0 0 372 137 1 7 1 0 2 1 0 0 0 0 0
264 95 0 4 0 0 0 0 0 0 0 0 0 375 140 1 7 1 0 2 1 0 0 0 0 0
270 98 0 4 0 0 1 0 0 0 0 0 0 412 151 1 8 1 0 2 1 0 0 0 0 0
277 101 0 5 0 0 1 0 0 0 0 0 0 416 154 1 8 1 0 2 1 0 0 0 0 0
289 110 1 5 1 0 1 0 0 0 0 0 0 419 157 2 8 1 0 2 1 0 0 0 0 0
294 112 1 5 1 0 1 0 0 0 0 0 0 422 160 2 8 1 0 2 1 0 0 0 0 0
299 117 1 5 1 0 1 0 0 0 0 0 0 425 163 2 8 2 0 2 1 0 0 0 0 0
303 120 1 5 1 0 1 0 0 0 0 0 0 429 171 2 8 2 0 2 1 0 0 0 0 0
309 126 1 6 1 0 1 0 0 0 0 0 0 433 175 2 8 2 0 2 1 0 0 0 0 0
333 131 1 6 1 0 1 0 0 0 0 0 0 447 178 2 8 2 0 2 1 0 0 0 0 0
336 134 1 6 1 0 1 0 0 0 0 0 0 450 181 2 8 2 0 2 1 0 0 0 0 0
347 137 1 6 1 0 1 0 0 0 0 0 0 453 184 2 8 2 1 2 1 0 1 0 0 0
353 144 1 6 1 0 1 0 0 0 0 0 0 456 187 2 8 2 1 2 1 0 1 0 0 0
359 148 1 6 1 0 1 0 0 0 0 0 0 462 192 2 8 2 1 2 1 0 1 0 0 0
363 151 1 6 1 0 1 0 0 0 0 0 0 468 195 2 8 2 1 2 1 0 1 0 0 0
368 154 1 6 1 0 1 0 0 0 0 0 0 471 198 2 8 2 1 2 1 0 1 0 0 0
372 158 1 6 1 0 1 0 0 0 0 0 0 474 203 2 8 2 1 2 1 0 1 0 0 0
375 162 1 7 1 0 1 0 0 0 0 0 0 478 208 2 8 2 1 2 1 0 1 0 0 0
381 166 1 7 1 0 1 0 0 0 0 0 0 503 214 2 9 2 1 2 1 0 1 0 0 0
