# scores for worst/random/best/smart move selector strategies. 
# scores are 50% and 95% quantiles (based on 40 games) of: 
# game score, #destroyed, #unlocked, #stripes, #bombs, #zappers
3 3 0 0 0 0 0 0 0 0 0 0 0 11 11 0 0 0 0 0 0 0 0 0 0 0
9 9 0 0 0 0 0 0 0 0 0 0 0 17 17 0 0 0 0 0 0 0 0 0 0 0
14 14 0 0 0 0 0 0 0 0 0 0 0 73 27 1 1 0 0 0 0 0 0 0 0 0
21 20 0 0 0 0 0 0 0 0 0 0 0 145 38 5 4 0 1 1 0 0 1 0 0 0
56 29 0 0 0 0 0 0 0 0 0 0 0 281 58 8 6 1 1 1 0 0 1 0 0 0
87 39 0 1 0 0 0 0 0 0 0 0 0 322 73 9 7 1 1 1 0 0 1 0 0 0
99 47 1 2 0 0 0 0 0 0 0 0 0 362 99 9 8 2 1 2 1 0 1 0 0 0
153 59 1 2 0 0 1 0 0 0 0 0 0 410 109 9 9 2 1 2 1 0 1 0 0 0
195 70 1 4 0 0 1 0 0 0 0 0 0 422 119 10 9 2 1 2 1 0 1 0 0 0
272 81 4 4 1 0 1 0 0 0 0 0 0 431 124 10 10 2 1 2 1 0 1 0 0 0
310 88 5 5 1 0 1 0 0 0 0 0 0 499 138 10 10 2 1 2 1 0 1 0 0 0
370 99 5 7 1 0 1 0 0 0 0 0 0 502 143 10 10 2 1 2 1 0 1 0 0 0
386 111 5 7 1 0 1 0 0 0 0 0 0 524 152 10 11 2 1 3 1 0 1 0 0 0
416 123 5 8 1 0 1 0 0 0 0 0 0 571 165 10 11 2 1 3 2 0 1 0 0 0
424 128 6 8 1 0 1 0 0 0 0 0 0 590 173 10 11 3 1 3 2 0 1 0 0 0
436 136 6 9 1 0 2 0 0 0 0 0 0 596 179 10 11 3 1 3 2 0 1 0 0 0
463 146 6 9 1 0 2 0 0 0 0 0 0 638 185 10 12 3 1 3 2 0 1 0 0 0
475 154 6 9 1 0 2 0 0 0 0 0 0 642 190 10 12 3 1 3 2 0 1 0 0 0
505 160 6 10 1 0 2 0 0 0 0 0 0 684 215 10 13 3 2 3 2 0 2 0 0 0
539 169 6 10 1 0 2 0 0 0 0 0 0 792 224 10 18 3 2 3 2 0 2 0 0 0
543 173 6 10 1 0 2 0 0 0 0 0 0 832 235 10 18 3 2 3 2 0 2 1 0 0
556 184 6 10 1 0 2 0 0 0 0 0 0 884 242 10 19 3 2 3 2 0 2 1 0 0
589 191 6 11 1 0 2 1 0 0 0 0 0 890 246 11 19 3 2 3 2 0 2 1 0 0
597 202 6 11 1 0 2 1 0 0 0 0 0 936 264 11 20 3 2 3 2 0 2 1 0 0
602 209 6 11 1 0 2 1 0 0 0 0 0 942 278 11 20 3 2 3 2 0 2 1 0 0
619 215 6 11 1 0 2 1 0 0 0 0 0 980 286 11 21 3 3 3 2 0 2 1 0 0
634 221 7 11 1 0 2 1 0 0 0 0 0 1009 292 11 21 3 3 3 2 0 2 1 0 0
650 228 7 11 1 0 2 1 0 0 0 0 0 1055 296 11 21 3 3 3 2 0 2 1 0 0
653 235 7 12 1 0 2 1 0 0 0 0 0 1061 304 11 21 3 3 3 2 0 3 1 0 0
661 240 7 12 1 0 2 1 0 0 0 0 0 1118 315 11 23 3 4 4 2 0 3 1 0 0
674 251 7 12 1 0 2 1 0 0 0 0 0 1232 334 11 23 4 4 4 2 0 3 1 0 0
699 260 7 13 1 1 2 1 0 0 0 0 0 1320 341 11 26 4 4 4 2 0 3 1 0 0
717 263 7 13 1 1 2 1 0 0 0 0 0 1323 344 11 27 4 4 4 2 0 3 1 0 0
730 269 7 14 1 1 2 1 0 1 0 0 0 1327 351 11 27 4 4 4 2 0 3 1 0 0
751 279 7 14 2 1 2 1 0 1 0 0 0 1333 356 11 27 4 4 4 2 0 3 1 0 0
776 285 7 15 2 1 2 1 0 1 0 0 0 1339 362 11 27 4 4 4 2 0 3 1 0 0
792 293 7 15 2 1 2 1 0 1 0 0 0 1370 381 11 27 4 4 4 2 0 3 1 0 0
826 303 7 15 2 1 2 1 0 1 0 0 0 1376 390 11 28 4 4 4 2 0 3 1 0 0
838 313 7 15 2 1 2 1 0 1 0 0 0 1379 393 11 28 4 4 4 3 0 3 1 0 0
854 321 7 15 2 1 2 1 0 1 0 0 0 1385 400 11 29 4 4 5 3 0 3 1 0 0
858 327 7 15 2 1 3 1 0 1 0 0 0 1446 419 11 29 4 4 5 3 0 3 1 0 0
