# scores for worst/random/best/smart move selector strategies. 
# scores are 50% and 95% quantiles (based on 40 games) of: 
# game score, #destroyed, #unlocked, #stripes, #bombs, #zappers
3 3 0 0 0 0 0 0 0 0 0 0 0 11 11 0 0 0 0 0 0 0 0 0 0 0
6 6 0 0 0 0 0 0 0 0 0 0 0 16 16 0 0 0 0 0 0 0 0 0 0 0
10 10 0 0 0 0 0 0 0 0 0 0 0 25 25 0 0 0 0 0 0 0 0 0 0 0
15 15 0 0 0 0 0 0 0 0 0 0 0 42 28 0 0 0 0 0 0 0 0 0 0 0
18 18 0 0 0 0 0 0 0 0 0 0 0 47 32 0 0 0 0 0 0 0 0 0 0 0
21 21 0 0 0 0 0 0 0 0 0 0 0 50 35 0 0 0 0 0 0 0 0 0 0 0
24 24 0 0 0 0 0 0 0 0 0 0 0 54 40 0 0 0 0 0 0 0 0 0 0 0
27 27 0 0 0 0 0 0 0 0 0 0 0 57 43 0 0 0 0 0 0 0 0 0 0 0
30 30 0 0 0 0 0 0 0 0 0 0 0 60 47 0 0 0 0 0 0 0 0 0 0 0
34 34 0 0 0 0 0 0 0 0 0 0 0 64 52 0 0 0 0 0 0 0 0 0 0 0
37 37 0 0 0 0 0 0 0 0 0 0 0 67 55 0 0 0 0 0 0 0 0 0 0 0
42 42 0 0 0 0 0 0 0 0 0 0 0 70 60 0 0 0 0 0 0 0 0 0 0 0
45 45 0 0 0 0 0 0 0 0 0 0 0 95 63 0 0 0 0 0 0 0 0 0 0 0
49 49 0 0 0 0 0 0 0 0 0 0 0 101 66 0 1 0 0 0 0 0 0 0 0 0
53 51 0 0 0 0 0 0 0 0 0 0 0 122 71 0 1 0 0 0 0 0 0 0 0 0
57 57 0 0 0 0 0 0 0 0 0 0 0 169 78 3 2 1 0 0 0 0 0 0 0 0
60 60 0 0 0 0 0 0 0 0 0 0 0 172 91 3 2 1 0 0 0 0 0 0 0 0
63 63 0 0 0 0 0 0 0 0 0 0 0 175 93 3 2 1 0 0 0 0 0 0 0 0
69 66 0 0 0 0 0 0 0 0 0 0 0 189 96 6 2 1 0 0 0 0 0 0 0 0
72 71 0 0 0 0 0 0 0 0 0 0 0 192 99 6 2 1 0 0 0 0 0 0 0 0
77 75 0 0 0 0 0 0 0 0 0 0 0 195 102 6 2 1 0 0 0 0 0 0 0 0
80 78 0 0 0 0 0 0 0 0 0 0 0 198 105 6 2 1 0 0 0 0 0 0 0 0
83 82 0 0 0 0 0 0 0 0 0 0 0 201 111 6 2 1 0 0 0 0 0 0 0 0
91 87 0 0 0 0 0 0 0 0 0 0 0 280 116 6 4 1 0 0 0 0 0 0 0 0
96 90 0 0 0 0 0 0 0 0 0 0 0 298 120 6 5 1 0 0 0 0 0 0 0 0
99 93 0 0 0 0 0 0 0 0 0 0 0 301 123 6 5 1 0 0 0 0 0 0 0 0
102 98 0 0 0 0 0 0 0 0 0 0 0 304 126 6 5 1 0 0 0 0 0 0 0 0
107 104 0 0 0 0 0 0 0 0 0 0 0 307 130 6 5 1 0 0 0 0 0 0 0 0
110 107 0 0 0 0 0 0 0 0 0 0 0 310 135 6 5 1 0 0 0 0 0 0 0 0
114 111 0 0 0 0 0 0 0 0 0 0 0 314 139 6 5 1 0 0 0 0 0 0 0 0
121 114 0 0 0 0 0 0 0 0 0 0 0 318 142 6 5 1 0 0 0 0 0 0 0 0
133 118 0 0 0 0 0 0 0 0 0 0 0 321 148 6 5 1 0 0 0 0 0 0 0 0
139 122 0 0 0 0 0 0 0 0 0 0 0 326 151 6 5 1 0 0 0 0 0 0 0 0
144 127 0 0 0 0 0 0 0 0 0 0 0 329 154 6 5 1 0 0 0 0 0 0 0 0
147 130 0 0 0 0 0 0 0 0 0 0 0 332 157 6 5 1 0 0 0 0 0 0 0 0
150 133 0 0 0 0 0 0 0 0 0 0 0 338 162 6 5 1 0 0 0 0 0 0 0 0
153 136 0 0 0 0 0 0 0 0 0 0 0 342 165 6 5 1 0 0 0 0 0 0 0 0
156 139 0 0 0 0 0 0 0 0 0 0 0 345 166 6 5 1 0 0 0 0 0 0 0 0
166 144 0 0 0 0 0 0 0 0 0 0 0 349 169 6 5 1 0 0 0 0 0 0 0 0
171 148 0 1 0 0 0 0 0 0 0 0 0 354 175 6 5 1 0 0 0 0 0 0 0 0
176 149 0 1 0 0 0 0 0 0 0 0 0 359 179 6 5 1 0 0 0 0 0 0 0 0
