# scores for worst/random/best/smart move selector strategies. 
# scores are 50% and 95% quantiles (based on 40 games) of: 
# game score, #destroyed, #unlocked, #stripes, #bombs, #zappers
11 11 0 0 0 0 0 0 0 0 0 0 0 92 44 0 1 1 0 0 0 0 0 0 0 0
17 17 0 0 0 0 0 0 0 0 0 0 0 95 49 0 1 1 0 0 0 0 0 0 0 0
25 25 0 0 0 0 0 0 0 0 0 0 0 168 77 1 2 1 0 0 0 0 0 0 0 0
35 32 0 0 0 0 0 0 0 0 0 0 0 197 86 1 2 1 0 0 0 0 0 0 0 0
48 41 0 0 0 0 0 0 0 0 0 0 0 204 90 1 2 1 0 0 0 0 0 0 0 0
61 48 0 0 0 0 0 0 0 0 0 0 0 280 117 2 2 2 1 0 0 0 1 0 0 0
79 52 0 0 0 0 0 0 0 0 0 0 0 328 136 2 2 3 1 0 0 0 1 0 0 0
100 73 0 0 0 0 0 0 0 0 0 0 0 445 170 3 3 4 1 0 0 0 1 0 0 0
110 83 0 1 0 0 0 0 0 0 0 0 0 490 179 3 4 4 1 0 0 0 1 0 0 0
118 88 0 1 0 0 0 0 0 0 0 0 0 493 182 4 4 4 1 0 0 0 1 0 0 0
161 98 0 1 0 0 0 0 0 0 0 0 0 510 197 4 5 4 1 0 0 0 1 0 0 0
183 110 0 1 1 0 0 0 0 0 0 0 0 513 213 4 5 4 2 0 0 0 1 0 0 0
201 128 0 1 1 0 0 0 0 0 0 0 0 543 238 5 5 4 2 0 0 0 2 0 0 0
230 136 0 1 1 0 0 0 0 0 0 0 0 583 261 5 5 4 2 0 0 0 2 0 0 0
253 145 1 2 1 0 0 0 0 0 0 0 0 586 264 5 5 4 2 0 0 0 2 0 0 0
270 156 1 2 1 0 0 0 0 0 0 0 0 634 279 5 6 5 2 0 0 0 2 0 0 0
283 159 1 2 1 0 0 0 0 0 0 0 0 706 312 5 6 5 2 0 0 0 2 0 0 0
289 175 1 2 1 0 0 0 0 0 0 0 0 721 328 5 6 5 2 0 0 0 2 0 0 0
312 184 1 2 1 0 0 0 0 0 0 0 0 731 337 5 6 5 2 0 0 0 2 0 0 0
329 195 1 3 2 0 0 0 0 0 0 0 0 762 345 5 7 5 2 0 0 0 2 0 0 0
332 201 1 3 2 0 0 0 0 0 0 0 0 768 351 5 7 5 2 0 0 0 2 0 0 0
366 214 1 3 2 0 0 0 0 0 0 0 0 798 360 5 7 5 2 0 0 0 2 0 0 0
392 227 1 4 2 0 0 0 0 0 0 0 0 815 365 5 7 5 2 0 0 0 2 0 0 0
396 234 1 4 2 0 0 0 0 0 0 0 0 818 368 5 8 5 2 1 0 0 2 0 0 0
403 239 1 4 2 0 0 0 0 0 0 0 0 827 378 5 8 5 2 1 0 0 2 0 0 0
420 246 1 5 2 0 0 0 0 0 0 0 0 830 383 5 8 5 2 1 0 0 2 0 0 0
440 258 1 5 2 0 0 0 0 0 0 0 0 842 388 5 8 5 2 1 0 0 2 0 0 0
465 263 1 5 2 0 0 0 0 0 0 0 0 851 394 5 8 5 2 1 0 0 2 0 0 0
493 270 1 5 2 0 0 0 0 0 0 0 0 854 398 5 8 5 2 1 0 0 2 0 0 0
498 277 1 5 2 0 0 0 0 0 0 0 0 863 401 5 9 5 2 1 0 0 2 0 0 0
501 282 1 5 2 0 0 0 0 0 0 0 0 924 407 5 9 6 2 1 0 0 2 0 0 0
526 296 1 6 2 0 0 0 0 0 0 0 0 955 427 5 9 6 2 1 0 0 2 0 0 0
554 303 1 6 2 0 0 0 0 0 0 0 0 970 453 5 10 6 2 1 0 0 2 0 0 0
584 311 1 6 2 0 0 0 0 0 0 0 0 973 462 5 10 6 2 1 0 0 2 0 0 0
598 315 1 6 2 0 0 0 0 0 0 0 0 976 465 5 10 6 2 1 0 0 2 0 0 0
610 331 1 6 2 0 0 0 0 0 0 0 0 986 472 5 10 6 2 1 0 0 2 0 0 0
616 341 1 6 2 0 0 0 0 0 0 0 0 1005 484 5 10 6 2 1 0 0 2 0 0 0
628 352 1 6 2 0 0 0 0 0 0 0 0 1010 489 5 10 6 2 1 0 0 2 0 0 0
650 366 1 7 2 0 0 0 0 0 0 0 0 1103 499 5 12 7 2 1 0 0 2 0 0 0
654 371 1 7 2 0 0 0 0 0 0 0 0 1106 504 5 13 7 2 1 0 0 2 0 0 0
659 375 1 7 2 0 0 0 0 0 0 0 0 1121 520 5 13 7 3 1 0 0 2 0 0 0
