# scores for worst/random/best/smart move selector strategies. 
# scores are 50% and 95% quantiles (based on 40 games) of: 
# game score, #destroyed, #unlocked, #stripes, #bombs, #zappers
11 11 0 0 0 0 0 0 0 0 0 0 0 92 44 0 1 1 0 0 0 0 0 0 0 0
34 26 0 0 0 0 0 0 0 0 0 0 0 239 84 4 3 2 1 0 0 0 0 0 0 0
83 50 0 0 0 0 0 0 0 0 0 0 0 481 112 6 5 3 1 0 0 0 1 0 0 0
172 88 1 2 1 0 0 0 0 0 0 0 0 597 167 6 5 4 2 1 1 0 1 0 0 0
235 106 1 2 1 0 0 0 0 0 0 0 0 781 216 7 11 5 2 1 1 0 2 0 0 0
312 141 2 3 1 1 0 0 0 1 0 0 0 890 233 7 13 5 2 1 1 0 2 0 0 0
367 159 2 4 2 1 0 0 0 1 0 0 0 905 247 7 16 6 2 1 1 0 2 1 0 0
447 187 2 4 2 1 0 0 0 1 0 0 0 928 276 7 17 6 3 1 1 0 3 1 0 0
531 215 2 5 2 1 0 0 0 1 0 0 0 1023 311 7 18 7 4 1 1 1 3 1 0 0
564 228 2 5 3 1 0 0 0 1 0 0 0 1138 319 7 18 9 4 1 2 1 3 1 0 0
629 254 2 6 3 2 0 0 0 1 0 0 0 1324 359 7 22 15 5 1 2 1 4 1 1 0
700 273 3 7 3 2 0 0 0 1 0 0 0 1349 398 7 24 15 5 1 2 1 4 1 1 0
804 298 3 7 4 2 0 0 0 1 0 0 0 1386 429 7 25 16 5 1 2 1 4 1 1 0
911 325 3 8 4 2 0 0 0 2 0 0 0 1479 452 7 26 20 5 1 2 1 4 1 1 0
950 339 3 9 4 2 0 0 0 2 0 0 0 1594 482 7 26 21 5 1 2 1 5 1 1 0
1018 369 3 10 5 2 0 1 0 2 0 0 0 1620 512 7 26 21 5 1 2 1 5 1 1 0
1039 389 3 10 5 3 0 1 0 2 0 0 0 2035 547 7 26 21 6 1 2 1 5 1 1 0
1090 420 3 11 5 3 0 1 0 2 0 0 0 2123 581 7 27 22 6 1 2 1 5 1 1 0
1187 449 3 12 6 3 1 1 0 2 0 0 0 2317 612 7 31 22 6 1 2 1 5 1 1 0
1294 477 3 12 6 3 1 1 0 3 0 0 0 2391 625 7 32 22 6 2 3 1 5 1 1 0
1409 511 3 14 6 4 1 1 0 3 0 0 0 2396 640 7 32 23 6 2 3 1 5 1 1 0
1489 524 3 15 7 4 1 1 0 3 0 0 0 2549 690 7 39 23 7 2 3 1 6 2 1 0
1504 549 3 16 7 4 1 1 0 3 0 0 0 2849 730 7 39 24 7 2 3 1 6 2 1 0
1588 575 3 16 7 4 1 1 0 3 0 0 0 2913 752 7 40 25 8 2 3 1 6 2 1 0
1649 609 3 18 7 4 1 1 0 3 0 0 0 2969 775 7 41 28 9 2 3 1 7 2 1 0
1778 628 3 18 7 5 1 1 0 4 0 0 0 2974 809 7 41 28 9 2 3 1 7 2 1 0
1815 651 3 19 8 5 1 1 0 4 0 0 0 3150 831 7 43 29 10 2 3 1 7 2 1 0
1879 673 3 21 9 5 1 1 0 4 0 0 0 3174 889 7 43 29 10 2 3 1 7 2 1 0
1924 695 3 22 9 5 1 1 0 4 0 0 0 3248 922 7 43 29 10 2 3 1 7 2 1 0
2025 710 3 24 9 6 1 1 0 4 0 0 0 3291 931 7 44 29 11 2 3 1 8 2 1 0
2075 735 3 24 9 6 1 1 0 4 0 0 0 3305 942 7 44 29 11 3 4 1 8 2 1 0
2111 747 3 25 10 6 1 1 0 5 0 0 0 3437 978 7 44 29 11 3 4 1 8 2 1 0
2186 776 3 25 10 6 1 1 0 5 0 0 0 3451 1011 7 45 29 11 3 4 1 8 2 1 0
2217 803 3 27 10 6 1 1 0 5 0 0 0 3488 1017 7 45 29 11 3 4 1 8 2 1 0
2242 823 3 27 10 6 1 1 0 5 0 0 0 3612 1050 7 46 31 12 3 4 1 8 2 1 0
2295 834 3 32 10 6 1 1 0 5 1 0 0 3756 1085 7 47 31 12 3 4 1 8 2 1 0
2357 863 3 32 11 6 1 2 0 5 1 0 0 3776 1102 7 48 31 12 3 4 1 8 2 1 0
2402 881 3 35 11 6 1 2 0 5 1 0 0 3827 1127 7 48 31 12 3 4 1 8 2 1 0
2415 894 3 35 11 6 1 2 0 5 1 0 0 3863 1141 7 48 31 12 3 4 1 8 2 1 0
2492 928 3 36 11 6 2 2 0 5 1 0 0 4047 1154 7 51 31 12 3 4 1 9 2 1 0
2555 937 3 37 12 7 2 2 0 5 1 0 0 4219 1164 7 55 32 12 3 4 1 9 2 1 0
