# scores for worst/random/best/smart move selector strategies. 
# scores are 50% and 95% quantiles (based on 40 games) of: 
# game score, #destroyed, #unlocked, #stripes, #bombs, #zappers
11 11 0 0 0 0 0 0 0 0 0 0 0 92 44 0 1 1 0 0 0 0 0 0 0 0
16 16 0 0 0 0 0 0 0 0 0 0 0 140 68 1 1 1 0 0 0 0 0 0 0 0
24 24 0 0 0 0 0 0 0 0 0 0 0 143 76 1 1 1 0 0 0 0 0 0 0 0
32 32 0 0 0 0 0 0 0 0 0 0 0 167 80 1 1 1 0 0 0 0 0 0 0 0
39 39 0 0 0 0 0 0 0 0 0 0 0 171 89 1 1 1 0 0 0 0 0 0 0 0
50 46 0 0 0 0 0 0 0 0 0 0 0 195 101 1 2 1 0 0 0 0 0 0 0 0
57 54 0 0 0 0 0 0 0 0 0 0 0 213 106 2 2 2 0 0 0 0 0 0 0 0
77 63 0 0 0 0 0 0 0 0 0 0 0 281 126 2 2 2 0 0 0 0 0 0 0 0
86 71 0 0 0 0 0 0 0 0 0 0 0 295 137 2 2 2 0 0 0 0 0 0 0 0
108 82 0 1 0 0 0 0 0 0 0 0 0 329 150 2 3 2 0 0 0 0 0 0 0 0
123 94 0 1 0 0 0 0 0 0 0 0 0 334 160 2 3 2 0 0 0 0 0 0 0 0
134 102 0 1 0 0 0 0 0 0 0 0 0 357 181 2 3 2 0 0 0 0 0 0 0 0
146 110 0 1 0 0 0 0 0 0 0 0 0 363 188 2 3 2 0 0 0 0 0 0 0 0
158 116 0 1 0 0 0 0 0 0 0 0 0 385 193 2 3 2 0 0 0 0 0 0 0 0
185 125 0 1 0 0 0 0 0 0 0 0 0 388 196 2 3 2 1 0 0 0 0 0 0 0
204 133 0 1 0 0 0 0 0 0 0 0 0 398 212 2 4 2 1 0 0 0 0 0 0 0
208 136 0 1 1 0 0 0 0 0 0 0 0 406 219 2 4 2 1 0 0 0 0 0 0 0
218 139 1 1 1 0 0 0 0 0 0 0 0 409 222 3 4 2 1 0 0 0 0 0 0 0
223 149 1 1 1 0 0 0 0 0 0 0 0 470 226 3 5 3 1 0 0 0 0 0 0 0
229 154 1 2 1 0 0 0 0 0 0 0 0 492 233 3 6 3 1 0 0 0 0 0 0 0
249 159 1 2 1 0 0 0 0 0 0 0 0 502 239 3 6 3 1 0 0 0 0 0 0 0
252 164 1 2 1 0 0 0 0 0 0 0 0 509 247 3 6 3 1 0 0 0 0 0 0 0
271 169 1 2 1 0 0 0 0 0 0 0 0 514 250 3 6 3 1 0 0 0 0 0 0 0
274 177 1 2 1 0 0 0 0 0 0 0 0 539 264 3 6 3 1 0 0 0 0 0 0 0
279 188 1 2 1 0 0 0 0 0 0 0 0 564 271 4 6 3 1 0 0 0 0 0 0 0
292 194 1 2 1 0 0 0 0 0 0 0 0 582 280 4 6 3 1 0 0 0 0 0 0 0
302 199 1 2 1 0 0 0 0 0 0 0 0 586 289 4 7 3 1 0 0 0 0 0 0 0
309 207 1 2 1 0 0 0 0 0 0 0 0 591 301 4 7 3 1 0 0 0 0 0 0 0
314 214 1 2 1 0 0 0 0 0 0 0 0 594 304 4 7 3 1 0 0 0 0 0 0 0
321 220 1 3 1 0 0 0 0 0 0 0 0 597 308 4 7 3 1 0 0 0 0 0 0 0
342 226 1 3 1 0 0 0 0 0 0 0 0 603 311 4 7 3 1 0 0 0 0 0 0 0
351 233 1 3 1 0 0 0 0 0 0 0 0 609 317 4 7 3 1 0 0 0 0 0 0 0
364 237 1 3 1 0 0 0 0 0 0 0 0 618 326 4 7 3 1 0 0 0 0 0 0 0
383 254 1 3 1 0 0 0 0 0 0 0 0 621 329 4 7 3 1 0 0 0 0 0 0 0
393 257 1 3 1 0 0 0 0 0 0 0 0 631 346 4 7 3 1 0 0 0 0 0 0 0
401 265 1 3 1 0 0 0 0 0 0 0 0 725 374 4 7 3 1 0 0 0 0 0 0 0
406 271 1 3 1 0 0 0 0 0 0 0 0 728 377 4 7 4 1 0 0 0 0 0 0 0
415 274 1 3 1 0 0 0 0 0 0 0 0 789 411 4 7 4 1 0 0 0 0 0 0 0
425 281 1 3 1 0 0 0 0 0 0 0 0 792 414 4 7 4 1 0 0 0 0 0 0 0
428 286 1 3 1 0 0 0 0 0 0 0 0 795 420 4 7 4 1 0 0 0 0 0 0 0
469 291 1 4 2 0 0 0 0 0 0 0 0 798 423 4 7 5 1 0 0 0 0 0 0 0
