# scores for worst/random/best/smart move selector strategies. 
# scores are 50% and 95% quantiles (based on 40 games) of: 
# game score, #destroyed, #unlocked, #stripes, #bombs, #zappers
3 3 0 0 0 0 0 0 0 0 0 0 0 12 12 0 0 0 0 0 0 0 0 0 0 0
7 7 0 0 0 0 0 0 0 0 0 0 0 20 20 0 0 0 0 0 0 0 0 0 0 0
12 12 0 0 0 0 0 0 0 0 0 0 0 46 27 0 1 0 0 0 0 0 0 0 0 0
16 16 0 0 0 0 0 0 0 0 0 0 0 73 31 0 1 0 0 0 0 0 0 0 0 0
21 20 0 0 0 0 0 0 0 0 0 0 0 94 36 0 2 0 0 0 0 0 0 0 0 0
25 25 0 0 0 0 0 0 0 0 0 0 0 100 42 1 2 0 0 1 0 0 0 0 0 0
32 30 0 0 0 0 0 0 0 0 0 0 0 115 53 1 2 0 1 1 0 0 1 0 0 0
47 39 0 0 0 0 0 0 0 0 0 0 0 126 61 1 2 0 1 1 0 0 1 0 0 0
52 43 0 0 0 0 0 0 0 0 0 0 0 178 82 1 2 0 1 1 0 0 1 0 0 0
68 49 0 0 0 0 0 0 0 0 0 0 0 202 89 1 2 0 1 1 0 0 1 0 0 0
80 54 0 0 0 0 0 0 0 0 0 0 0 266 103 1 3 1 1 1 0 0 1 0 0 0
89 61 0 1 0 0 0 0 0 0 0 0 0 303 113 1 4 1 1 1 0 0 1 0 0 0
106 68 0 1 0 0 0 0 0 0 0 0 0 333 123 2 4 1 1 1 0 0 1 0 0 0
121 72 0 1 0 0 0 0 0 0 0 0 0 342 132 2 4 1 1 1 0 0 1 0 0 0
129 78 0 1 0 0 0 0 0 0 0 0 0 348 138 2 4 1 1 1 0 0 1 0 0 0
145 85 0 1 0 0 0 0 0 0 0 0 0 400 164 2 4 2 1 1 0 0 1 0 0 0
163 92 0 2 0 0 0 0 0 0 0 0 0 418 170 2 5 2 1 1 1 0 1 0 0 0
178 98 1 2 0 0 0 0 0 0 0 0 0 422 174 3 5 2 1 1 1 0 1 0 0 0
191 104 1 2 0 0 0 0 0 0 0 0 0 425 179 3 6 2 1 1 1 0 1 0 0 0
215 113 1 3 0 0 0 0 0 0 0 0 0 452 195 3 6 2 2 2 1 0 1 0 0 0
224 122 1 3 0 0 0 0 0 0 0 0 0 457 199 3 6 2 2 2 1 0 1 0 0 0
245 128 1 4 0 0 0 0 0 0 0 0 0 496 208 3 7 2 2 2 1 0 1 0 0 0
249 133 1 4 0 0 1 0 0 0 0 0 0 502 213 3 7 2 2 2 1 0 1 0 0 0
263 140 1 4 0 0 1 0 0 0 0 0 0 662 225 3 13 2 2 2 1 0 2 0 0 0
280 145 1 4 0 0 1 0 0 0 0 0 0 667 231 3 13 2 2 2 1 0 2 0 0 0
288 158 1 4 0 0 1 0 0 0 0 0 0 810 241 3 13 3 2 2 1 0 2 0 0 0
315 162 1 5 0 0 1 0 0 0 0 0 0 815 245 3 13 3 2 2 1 0 2 0 0 0
345 170 1 5 0 0 1 0 0 0 0 0 0 823 248 3 14 3 2 2 1 0 2 0 0 0
349 174 1 5 0 0 1 0 0 0 0 0 0 929 255 3 17 3 2 2 1 0 2 1 0 0
368 179 1 5 0 0 1 0 0 0 0 0 0 932 259 3 17 3 2 2 1 0 2 1 0 0
390 186 1 6 0 0 1 0 0 0 0 0 0 935 269 3 17 3 2 2 1 0 2 1 0 0
399 196 1 6 1 0 1 0 0 0 0 0 0 938 273 4 17 3 2 2 1 0 2 1 0 0
419 205 1 7 1 0 1 0 0 0 0 0 0 941 278 4 18 3 2 3 1 0 2 1 0 0
436 217 1 7 1 0 1 0 0 0 0 0 0 960 281 4 19 3 2 3 1 0 2 1 0 0
454 221 1 7 1 0 1 0 0 0 0 0 0 963 289 4 19 3 2 3 1 0 2 1 0 0
469 225 1 8 1 0 1 0 0 0 0 0 0 968 296 4 19 3 2 3 1 0 2 1 0 0
473 231 1 8 1 0 1 0 0 0 0 0 0 972 308 4 19 3 2 3 1 0 2 1 0 0
481 237 1 8 1 0 1 0 0 0 0 0 0 975 314 4 19 3 2 3 1 0 2 1 0 0
525 256 1 9 1 0 1 0 0 0 0 0 0 980 321 4 19 3 2 3 1 0 2 1 0 0
541 262 1 9 1 0 1 0 0 0 0 0 0 1025 329 4 20 3 3 3 1 0 2 1 0 0
566 269 1 10 1 0 1 0 0 0 0 0 0 1069 343 4 21 3 3 3 1 0 2 1 0 0
