# scores for worst/random/best/smart move selector strategies. 
# scores are 50% and 95% quantiles (based on 40 games) of: 
# game score, #destroyed, #unlocked, #stripes, #bombs, #zappers
3 3 0 0 0 0 0 0 0 0 0 0 0 12 12 0 0 0 0 0 0 0 0 0 0 0
6 6 0 0 0 0 0 0 0 0 0 0 0 16 16 0 0 0 0 0 0 0 0 0 0 0
10 10 0 0 0 0 0 0 0 0 0 0 0 25 21 0 0 0 0 0 0 0 0 0 0 0
15 15 0 0 0 0 0 0 0 0 0 0 0 29 27 0 0 0 0 0 0 0 0 0 0 0
19 19 0 0 0 0 0 0 0 0 0 0 0 43 32 0 0 0 0 0 0 0 0 0 0 0
23 23 0 0 0 0 0 0 0 0 0 0 0 46 36 0 0 0 0 0 0 0 0 0 0 0
27 27 0 0 0 0 0 0 0 0 0 0 0 51 40 0 0 0 0 0 0 0 0 0 0 0
32 32 0 0 0 0 0 0 0 0 0 0 0 68 47 0 1 0 0 0 0 0 0 0 0 0
38 36 0 0 0 0 0 0 0 0 0 0 0 87 53 1 1 0 0 0 0 0 0 0 0 0
44 41 0 0 0 0 0 0 0 0 0 0 0 90 58 1 1 0 0 0 0 0 0 0 0 0
50 46 0 0 0 0 0 0 0 0 0 0 0 93 62 1 1 0 0 0 0 0 0 0 0 0
54 51 0 0 0 0 0 0 0 0 0 0 0 104 74 1 1 0 0 0 0 0 0 0 0 0
57 56 0 0 0 0 0 0 0 0 0 0 0 115 81 1 2 0 0 0 0 0 0 0 0 0
60 59 0 0 0 0 0 0 0 0 0 0 0 118 86 1 2 0 0 0 0 0 0 0 0 0
69 64 0 0 0 0 0 0 0 0 0 0 0 130 91 1 2 0 0 0 0 0 0 0 0 0
77 70 0 0 0 0 0 0 0 0 0 0 0 137 94 1 2 0 0 0 0 0 0 0 0 0
92 75 0 0 0 0 0 0 0 0 0 0 0 147 98 1 2 0 0 0 0 0 0 0 0 0
96 83 0 0 0 0 0 0 0 0 0 0 0 166 112 1 2 0 0 0 0 0 0 0 0 0
105 89 0 0 0 0 0 0 0 0 0 0 0 173 115 1 3 0 0 0 0 0 0 0 0 0
109 93 0 1 0 0 0 0 0 0 0 0 0 190 125 1 3 0 0 0 0 0 0 0 0 0
119 97 0 1 0 0 0 0 0 0 0 0 0 201 128 1 3 0 0 0 0 0 0 0 0 0
125 103 0 1 0 0 0 0 0 0 0 0 0 213 135 1 3 1 0 0 0 0 0 0 0 0
133 108 0 1 0 0 0 0 0 0 0 0 0 240 142 2 3 1 0 0 0 0 0 0 0 0
149 119 0 1 0 0 0 0 0 0 0 0 0 245 148 2 3 1 0 0 0 0 0 0 0 0
163 124 0 1 0 0 0 0 0 0 0 0 0 265 156 2 4 1 0 0 0 0 0 0 0 0
170 127 0 1 0 0 0 0 0 0 0 0 0 273 161 2 4 1 0 0 0 0 0 0 0 0
182 135 0 2 0 0 0 0 0 0 0 0 0 276 166 2 4 1 0 0 0 0 0 0 0 0
185 138 0 2 0 0 0 0 0 0 0 0 0 279 169 2 4 1 0 0 0 0 0 0 0 0
188 143 0 2 0 0 0 0 0 0 0 0 0 283 175 2 4 1 0 0 0 0 0 0 0 0
191 148 0 2 0 0 0 0 0 0 0 0 0 288 180 2 4 1 0 0 0 0 0 0 0 0
207 152 0 2 0 0 0 0 0 0 0 0 0 297 184 2 4 1 0 0 0 0 0 0 0 0
222 158 0 2 0 0 0 0 0 0 0 0 0 332 195 3 5 2 0 0 0 0 0 0 0 0
225 162 0 2 0 0 0 0 0 0 0 0 0 337 199 3 5 2 0 0 0 0 0 0 0 0
242 167 0 2 0 0 0 0 0 0 0 0 0 340 202 3 5 2 0 0 0 0 0 0 0 0
245 172 0 2 0 0 0 0 0 0 0 0 0 345 205 3 5 2 0 0 0 0 0 0 0 0
253 176 0 2 0 0 0 0 0 0 0 0 0 350 210 3 5 2 0 0 0 0 0 0 0 0
256 183 0 2 0 0 0 0 0 0 0 0 0 354 213 3 5 2 0 0 0 0 0 0 0 0
260 186 0 2 0 0 0 0 0 0 0 0 0 363 216 3 5 2 0 0 0 0 0 0 0 0
273 194 0 2 0 0 0 0 0 0 0 0 0 366 220 3 5 2 1 1 0 0 0 0 0 0
281 199 0 2 0 0 0 0 0 0 0 0 0 369 223 3 5 2 1 1 0 0 1 0 0 0
287 205 0 2 0 0 0 0 0 0 0 0 0 375 228 3 5 2 1 1 0 0 1 0 0 0
