# scores for worst/random/best/smart move selector strategies. 
# scores are 50% and 95% quantiles (based on 40 games) of: 
# game score, #destroyed, #unlocked, #stripes, #bombs, #zappers
3 3 0 0 0 0 0 0 0 0 0 0 0 12 12 0 0 0 0 0 0 0 0 0 0 0
8 8 0 0 0 0 0 0 0 0 0 0 0 27 23 0 0 0 0 0 0 0 0 0 0 0
13 13 0 0 0 0 0 0 0 0 0 0 0 62 30 0 1 0 0 0 0 0 0 0 0 0
21 19 0 0 0 0 0 0 0 0 0 0 0 97 50 1 2 0 1 0 0 0 0 0 0 0
30 24 0 0 0 0 0 0 0 0 0 0 0 249 68 4 6 0 1 0 0 0 1 0 0 0
50 30 0 0 0 0 0 0 0 0 0 0 0 260 76 5 7 0 1 1 0 0 1 0 0 0
61 34 0 0 0 0 0 0 0 0 0 0 0 281 86 5 7 0 1 1 0 0 1 0 0 0
86 47 0 1 0 0 0 0 0 0 0 0 0 338 104 6 7 1 1 1 1 0 1 0 0 0
115 57 0 1 0 0 0 0 0 0 0 0 0 365 119 6 8 1 2 1 1 0 1 0 0 0
125 69 0 2 0 0 0 0 0 0 0 0 0 411 130 6 9 1 2 1 1 0 1 0 0 0
146 75 0 2 0 0 0 0 0 0 0 0 0 414 137 6 9 1 2 1 1 0 1 0 0 0
180 84 1 2 0 0 0 0 0 0 0 0 0 470 149 7 13 1 2 1 1 0 2 1 0 0
205 94 1 2 0 0 0 0 0 0 0 0 0 478 160 7 13 2 2 1 1 0 2 1 0 0
242 105 1 3 0 0 0 0 0 0 0 0 0 519 167 7 13 2 2 2 1 0 2 1 0 0
261 122 1 3 0 0 0 0 0 0 0 0 0 581 179 7 14 2 2 2 1 0 2 1 0 0
274 127 1 4 0 0 0 0 0 0 0 0 0 629 197 7 14 2 2 2 1 0 2 1 0 0
309 140 1 4 0 0 0 0 0 0 0 0 0 635 207 7 14 2 2 2 1 0 2 1 0 0
325 148 1 5 0 0 0 0 0 0 0 0 0 677 213 7 14 2 2 2 1 0 2 1 0 0
362 160 2 5 1 0 1 0 0 0 0 0 0 736 228 7 16 3 2 2 2 0 2 1 0 0
396 166 2 6 1 0 1 0 0 0 0 0 0 743 234 7 16 3 2 2 2 1 2 1 0 0
408 174 2 6 1 1 1 0 0 0 0 0 0 748 247 7 17 3 3 2 2 1 2 1 0 0
454 198 2 6 1 1 1 0 0 0 0 0 0 754 257 7 17 3 3 2 2 1 2 1 0 0
472 213 2 7 1 1 1 0 0 1 0 0 0 762 270 7 17 3 3 2 2 1 2 1 0 0
488 220 2 8 1 1 1 0 0 1 0 0 0 822 295 7 17 3 3 3 2 1 3 1 0 0
511 228 2 8 1 1 1 0 0 1 0 0 0 835 313 8 18 3 3 3 2 1 3 1 0 0
538 240 2 8 1 1 1 0 0 1 0 0 0 861 327 8 18 3 3 3 2 1 3 1 0 0
566 251 2 9 1 1 1 0 0 1 0 0 0 887 333 8 18 3 3 3 2 1 3 1 0 0
605 261 2 9 1 1 1 0 0 1 0 0 0 895 345 8 19 3 3 3 2 1 3 1 0 0
645 271 2 9 1 1 1 0 0 1 0 0 0 966 361 8 20 3 3 3 2 1 3 1 0 0
668 282 2 10 1 1 1 0 0 1 0 0 0 995 367 8 20 3 3 3 2 1 3 1 0 0
703 291 2 10 1 1 1 0 0 1 0 0 0 1018 394 8 21 4 3 3 2 1 3 1 0 0
732 301 2 10 2 1 1 0 0 1 0 0 0 1032 401 8 22 4 4 3 2 1 3 1 0 0
785 315 2 10 2 2 1 0 0 1 0 0 0 1047 406 8 22 5 4 3 2 1 3 1 0 0
822 320 2 11 2 2 1 0 0 1 0 0 0 1079 419 8 22 5 4 3 2 1 3 1 0 0
829 329 2 11 2 2 1 0 0 2 0 0 0 1172 441 8 23 5 4 3 2 1 3 1 0 0
855 344 2 12 2 2 1 0 0 2 0 0 0 1178 455 8 23 5 4 3 2 1 3 1 0 0
887 357 2 12 2 2 1 1 0 2 0 0 0 1240 473 8 23 5 4 3 2 1 4 1 0 0
931 366 2 12 2 2 1 1 0 2 0 0 0 1248 483 8 24 5 4 4 2 1 4 1 0 0
948 383 2 13 2 2 2 1 0 2 0 0 0 1268 504 8 24 5 4 4 2 1 4 1 0 0
985 403 2 14 2 2 2 1 0 2 0 0 0 1334 512 8 25 6 5 4 2 1 4 1 0 0
1015 412 2 14 2 2 2 1 0 2 0 0 0 1340 517 8 25 6 5 4 2 1 4 1 0 0
