# scores for worst/random/best/smart move selector strategies. 
# scores are 50% and 95% quantiles (based on 40 games) of: 
# game score, #destroyed, #unlocked, #stripes, #bombs, #zappers
0 0 0 0 0 0 0 0 0 0 0 0 0 7 7 0 0 0 0 0 0 0 0 0 0 0
6 6 0 0 0 0 0 0 0 0 0 0 0 32 18 0 0 0 0 0 0 0 0 0 0 0
9 9 0 0 0 0 0 0 0 0 0 0 0 52 23 0 1 0 0 0 0 0 0 0 0 0
18 16 0 0 0 0 0 0 0 0 0 0 0 67 31 0 1 0 1 0 0 0 1 0 0 0
21 21 0 0 0 0 0 0 0 0 0 0 0 83 38 0 1 0 1 0 0 0 1 0 0 0
27 24 0 0 0 0 0 0 0 0 0 0 0 86 43 0 1 0 1 0 0 0 1 0 0 0
42 29 0 0 0 0 0 0 0 0 0 0 0 114 54 0 1 0 1 0 0 0 1 0 0 0
57 38 0 0 0 0 0 0 0 0 0 0 0 126 71 1 2 0 1 0 0 0 1 0 0 0
72 44 0 0 0 0 0 0 0 0 0 0 0 166 85 1 2 0 1 0 0 0 1 0 0 0
85 53 0 1 0 0 0 0 0 0 0 0 0 188 96 3 2 0 1 1 0 0 1 0 0 0
98 59 0 1 0 0 0 0 0 0 0 0 0 284 117 3 3 1 1 1 0 0 1 0 0 0
109 67 0 1 0 0 0 0 0 0 0 0 0 290 122 4 3 1 1 1 0 0 1 0 0 0
132 79 0 1 0 0 0 0 0 0 0 0 0 302 149 7 4 1 1 1 0 0 1 0 0 0
139 90 0 2 0 0 0 0 0 0 0 0 0 307 154 7 5 1 1 1 0 0 1 0 0 0
152 97 0 2 0 0 0 0 0 0 0 0 0 313 168 9 6 1 1 1 0 0 1 0 0 0
160 104 0 2 0 0 0 0 0 0 0 0 0 382 194 11 6 1 1 1 0 0 1 0 0 0
190 113 0 2 0 0 0 0 0 0 0 0 0 406 207 11 6 2 2 1 0 0 2 0 0 0
220 118 0 2 0 0 0 0 0 0 0 0 0 414 214 12 6 2 2 1 0 0 2 0 0 0
242 132 0 3 0 0 0 0 0 0 0 0 0 439 231 12 7 2 2 1 0 0 2 0 0 0
263 139 1 3 0 0 0 0 0 0 0 0 0 574 247 12 7 3 2 1 0 0 2 0 0 0
277 151 1 3 0 1 0 0 0 0 0 0 0 585 275 12 7 3 3 1 0 0 2 0 0 0
303 167 2 4 0 1 0 0 0 1 0 0 0 716 303 12 9 3 3 1 1 0 3 0 0 0
336 187 3 4 0 1 0 0 0 1 0 0 0 918 334 12 18 3 4 1 1 0 4 1 0 0
383 192 4 5 0 1 0 0 0 1 0 0 0 997 344 12 20 5 4 1 1 0 4 1 0 0
413 207 5 5 1 1 0 0 0 1 0 0 0 1027 369 12 20 5 4 1 1 0 4 1 0 0
428 213 5 5 1 1 0 0 0 1 0 0 0 1053 384 13 20 5 5 1 1 0 4 1 0 0
447 227 5 6 1 1 0 0 0 1 0 0 0 1124 401 13 20 5 5 2 1 0 5 1 0 0
528 249 5 6 1 1 0 0 0 1 0 0 0 1286 440 13 21 9 5 2 1 1 5 1 0 0
538 263 5 6 1 1 0 0 0 1 0 0 0 1292 454 13 21 9 5 2 1 1 5 1 0 0
595 276 5 7 1 1 1 0 0 1 0 0 0 1434 487 13 27 9 5 2 1 1 5 1 0 0
643 294 5 8 1 2 1 0 0 2 0 0 0 1443 498 13 27 9 5 2 1 1 5 1 0 0
685 315 5 9 2 2 1 0 0 2 0 0 0 1468 503 13 27 9 5 2 1 1 5 1 0 0
740 328 6 9 2 2 1 0 0 2 0 0 0 1801 537 13 28 14 5 2 1 1 5 1 0 0
822 344 7 11 2 2 1 0 0 2 0 0 0 1858 569 13 29 15 6 2 1 1 5 1 0 0
869 371 7 11 3 2 1 0 0 2 0 0 0 1899 588 13 29 16 6 2 1 1 5 1 0 0
889 388 7 11 3 2 1 0 0 2 0 0 0 1911 602 13 29 16 6 2 1 1 5 1 0 0
929 400 7 12 3 2 1 0 0 2 0 0 0 2013 633 13 29 16 6 2 2 1 5 1 0 0
996 417 7 13 3 3 1 1 0 2 0 0 0 2047 638 13 29 16 6 2 2 1 5 1 0 0
1020 432 7 14 3 3 1 1 0 2 0 0 0 2097 647 13 30 16 6 2 2 1 5 1 0 0
1082 448 7 14 4 3 1 1 0 2 0 0 0 2109 658 13 31 17 6 3 2 1 5 1 1 0
1163 474 7 15 4 3 1 1 0 2 0 0 0 2175 682 13 31 20 6 3 2 1 5 1 1 0
