# scores for worst/random/best/smart move selector strategies. 
# scores are 50% and 95% quantiles (based on 40 games) of: 
# game score, #destroyed, #unlocked, #stripes, #bombs, #zappers
0 0 0 0 0 0 0 0 0 0 0 0 0 7 7 0 0 0 0 0 0 0 0 0 0 0
6 6 0 0 0 0 0 0 0 0 0 0 0 34 14 0 0 0 0 0 0 0 0 0 0 0
9 9 0 0 0 0 0 0 0 0 0 0 0 38 22 0 1 0 0 0 0 0 0 0 0 0
12 12 0 0 0 0 0 0 0 0 0 0 0 60 30 0 1 0 0 0 0 0 0 0 0 0
18 18 0 0 0 0 0 0 0 0 0 0 0 64 35 0 1 0 0 0 0 0 0 0 0 0
24 24 0 0 0 0 0 0 0 0 0 0 0 81 43 0 1 0 0 0 0 0 0 0 0 0
28 27 0 0 0 0 0 0 0 0 0 0 0 93 52 0 1 0 1 0 0 0 1 0 0 0
34 33 0 0 0 0 0 0 0 0 0 0 0 96 58 0 1 0 1 0 0 0 1 0 0 0
42 39 0 0 0 0 0 0 0 0 0 0 0 103 64 1 1 0 1 0 0 0 1 0 0 0
48 46 0 0 0 0 0 0 0 0 0 0 0 135 75 2 1 1 1 0 0 0 1 0 0 0
55 51 0 0 0 0 0 0 0 0 0 0 0 145 88 2 2 1 1 0 0 0 1 0 0 0
74 56 0 0 0 0 0 0 0 0 0 0 0 198 120 3 2 1 1 0 0 0 1 0 0 0
84 61 0 0 0 0 0 0 0 0 0 0 0 207 123 3 3 1 1 0 0 0 1 0 0 0
91 69 0 0 0 0 0 0 0 0 0 0 0 222 128 3 3 1 1 0 0 0 1 0 0 0
94 74 0 1 0 0 0 0 0 0 0 0 0 257 139 4 3 1 1 0 0 0 1 0 0 0
99 80 0 1 0 0 0 0 0 0 0 0 0 282 150 4 3 1 1 0 0 0 1 0 0 0
105 85 0 1 0 0 0 0 0 0 0 0 0 294 163 5 3 1 1 0 0 0 1 0 0 0
121 92 0 1 0 0 0 0 0 0 0 0 0 309 166 5 3 2 1 0 0 0 1 0 0 0
125 97 0 1 0 0 0 0 0 0 0 0 0 312 169 5 3 2 1 0 0 0 1 0 0 0
136 107 0 1 0 0 0 0 0 0 0 0 0 364 175 5 4 2 1 0 0 0 1 0 0 0
146 115 0 1 0 0 0 0 0 0 0 0 0 388 206 5 4 2 1 0 0 0 1 0 0 0
160 120 1 1 0 0 0 0 0 0 0 0 0 399 211 5 5 2 1 0 0 0 1 0 0 0
164 126 1 1 0 0 0 0 0 0 0 0 0 402 215 5 5 2 1 0 0 0 1 0 0 0
170 131 1 1 0 0 0 0 0 0 0 0 0 428 221 5 5 2 1 0 0 0 1 0 0 0
197 138 1 1 0 0 0 0 0 0 0 0 0 432 226 5 5 2 1 0 0 0 1 0 0 0
217 142 1 2 0 0 0 0 0 0 0 0 0 460 236 6 5 2 1 0 0 0 1 0 0 0
227 150 1 2 0 0 0 0 0 0 0 0 0 469 244 6 5 2 1 0 0 0 1 0 0 0
249 166 1 2 0 0 0 0 0 0 0 0 0 490 256 6 5 2 1 0 0 0 1 0 0 0
264 169 1 2 0 0 0 0 0 0 0 0 0 511 265 6 5 3 1 0 0 0 1 0 0 0
275 178 1 2 0 0 0 0 0 0 0 0 0 556 282 7 6 3 1 0 0 0 1 0 0 0
294 188 2 2 0 0 0 0 0 0 0 0 0 583 301 8 6 3 2 0 0 0 1 0 0 0
310 193 2 3 0 0 0 0 0 0 0 0 0 599 309 8 7 3 2 0 0 0 1 0 0 0
337 212 3 3 1 0 0 0 0 0 0 0 0 644 317 9 7 3 2 1 0 0 1 0 0 0
345 220 3 3 1 0 0 0 0 0 0 0 0 650 328 9 7 3 2 1 0 0 1 0 0 0
367 226 3 4 1 0 0 0 0 0 0 0 0 654 335 9 8 3 2 1 0 0 1 0 0 0
374 234 3 4 1 0 0 0 0 0 0 0 0 671 342 9 8 3 2 1 0 0 1 0 0 0
379 237 3 4 1 0 0 0 0 0 0 0 0 691 350 9 8 3 2 1 0 0 1 0 0 0
395 245 3 4 1 0 0 0 0 0 0 0 0 718 353 9 8 4 2 1 0 0 2 0 0 0
399 252 3 4 1 0 0 0 0 0 0 0 0 764 364 9 8 4 2 1 0 0 2 0 0 0
422 260 3 4 1 0 0 0 0 0 0 0 0 794 369 9 9 4 2 1 0 0 2 0 0 0
429 277 3 4 1 0 0 0 0 0 0 0 0 799 382 9 10 4 3 1 0 0 2 0 0 0
