# scores for worst/random/best/smart move selector strategies. 
# scores are 50% and 95% quantiles (based on 40 games) of: 
# game score, #destroyed, #unlocked, #stripes, #bombs, #zappers
0 0 0 0 0 0 0 0 0 0 0 0 0 7 7 0 0 0 0 0 0 0 0 0 0 0
6 6 0 0 0 0 0 0 0 0 0 0 0 39 16 0 1 0 0 0 0 0 0 0 0 0
10 10 0 0 0 0 0 0 0 0 0 0 0 54 23 0 1 0 0 0 0 0 0 0 0 0
18 17 0 0 0 0 0 0 0 0 0 0 0 69 32 0 1 0 1 0 0 0 1 0 0 0
31 22 0 0 0 0 0 0 0 0 0 0 0 92 49 1 1 0 1 0 0 0 1 0 0 0
39 28 0 0 0 0 0 0 0 0 0 0 0 105 58 2 1 0 1 0 0 0 1 0 0 0
50 34 0 0 0 0 0 0 0 0 0 0 0 126 79 3 2 0 1 0 0 0 1 0 0 0
59 41 0 1 0 0 0 0 0 0 0 0 0 161 90 5 3 1 1 1 0 0 1 0 0 0
76 49 0 1 0 0 0 0 0 0 0 0 0 178 98 5 3 1 1 1 0 0 1 0 0 0
90 53 0 1 0 0 0 0 0 0 0 0 0 220 115 5 3 1 1 1 0 0 1 0 0 0
114 62 1 1 0 0 0 0 0 0 0 0 0 320 140 7 5 1 1 1 0 0 1 0 0 0
135 72 2 1 0 0 0 0 0 0 0 0 0 384 159 7 5 1 1 1 0 0 1 0 0 0
173 87 3 2 0 0 0 0 0 0 0 0 0 465 180 14 6 2 2 1 0 0 2 0 0 0
194 98 3 2 0 0 0 0 0 0 0 0 0 481 190 17 7 2 2 1 1 0 2 0 0 0
235 122 4 3 0 1 0 0 0 0 0 0 0 511 204 18 9 2 2 1 1 0 2 0 0 0
271 129 4 3 1 1 0 0 0 1 0 0 0 596 241 18 9 2 2 1 1 0 2 0 0 0
316 139 5 4 1 1 0 0 0 1 0 0 0 781 297 18 10 2 2 2 1 0 2 1 0 0
393 159 5 5 1 1 0 0 0 1 0 0 0 805 318 18 11 3 2 2 1 0 2 1 0 0
434 171 5 5 1 1 0 0 0 1 0 0 0 847 359 18 12 4 3 2 1 0 2 1 0 0
456 189 6 5 1 1 0 0 0 1 0 0 0 906 379 18 12 5 3 2 1 0 3 1 0 0
525 218 6 5 1 2 0 0 0 1 0 0 0 1199 421 18 21 5 4 2 1 0 3 1 0 0
548 227 6 6 2 2 0 0 0 1 0 0 0 1282 446 18 22 5 4 2 1 1 3 1 0 0
611 261 7 6 2 2 0 0 0 1 0 0 0 1303 460 18 22 6 4 2 1 1 4 1 0 0
685 292 7 7 2 2 0 0 0 2 0 0 0 1310 468 18 22 7 4 3 1 1 4 1 0 0
750 313 7 8 2 2 0 0 0 2 0 0 0 1316 498 18 22 7 4 3 1 1 4 1 0 0
796 341 8 9 2 2 0 0 0 2 0 0 0 1517 536 20 30 7 4 3 1 1 4 1 0 0
885 361 8 9 3 2 0 0 0 2 0 0 0 1553 556 20 30 7 5 3 2 1 4 1 0 0
924 376 8 9 3 3 0 0 0 2 0 0 0 1614 593 20 30 10 5 3 2 1 4 1 0 0
968 409 8 10 3 3 1 0 0 3 0 0 0 1686 616 20 32 10 5 3 2 1 5 1 0 0
1079 451 9 12 4 3 1 1 0 3 0 0 0 1693 623 20 32 10 5 3 2 1 5 1 0 0
1121 475 9 12 4 4 1 1 0 3 0 0 0 1804 651 20 34 11 6 3 2 1 6 1 0 0
1239 490 9 12 4 4 1 1 0 3 0 0 0 1831 663 20 36 11 6 3 2 1 6 1 0 0
1334 519 9 14 5 4 1 1 0 3 0 0 0 1936 708 20 36 16 7 3 2 1 7 1 0 0
1368 536 9 14 5 4 1 1 0 3 0 0 0 2020 734 20 36 16 7 3 2 1 7 1 0 0
1423 547 9 14 6 4 1 1 0 3 0 0 0 2099 770 20 37 16 7 4 2 1 7 1 0 0
1458 565 9 15 6 4 1 1 0 3 0 0 0 2192 784 20 40 16 8 4 2 1 7 1 0 0
1539 594 9 16 7 5 1 1 0 3 0 0 0 2214 821 20 40 20 8 4 2 1 7 1 1 0
1602 623 9 16 7 5 1 1 0 4 0 0 0 2292 848 20 41 21 8 4 2 1 8 1 1 0
1712 639 9 17 7 5 1 1 0 4 0 0 0 2502 869 20 42 23 8 4 2 1 8 1 1 0
1760 653 9 18 7 5 1 1 0 4 0 0 0 2555 883 20 42 23 9 4 2 1 8 1 1 1
1823 680 9 18 8 5 1 1 0 4 0 0 0 2605 894 20 43 23 9 4 2 1 8 1 1 1
