# scores for worst/random/best/smart move selector strategies. 
# scores are 50% and 95% quantiles (based on 40 games) of: 
# game score, #destroyed, #unlocked, #stripes, #bombs, #zappers
0 0 0 0 0 0 0 0 0 0 0 0 0 7 7 0 0 0 0 0 0 0 0 0 0 0
6 6 0 0 0 0 0 0 0 0 0 0 0 39 16 0 1 0 0 0 0 0 0 0 0 0
9 9 0 0 0 0 0 0 0 0 0 0 0 42 19 0 1 0 0 0 0 0 0 0 0 0
12 12 0 0 0 0 0 0 0 0 0 0 0 45 24 0 1 0 0 0 0 0 0 0 0 0
16 16 0 0 0 0 0 0 0 0 0 0 0 48 31 0 1 0 0 0 0 0 0 0 0 0
24 23 0 0 0 0 0 0 0 0 0 0 0 51 40 0 1 0 0 0 0 0 0 0 0 0
27 27 0 0 0 0 0 0 0 0 0 0 0 65 49 0 1 0 0 0 0 0 0 0 0 0
30 30 0 0 0 0 0 0 0 0 0 0 0 70 56 0 1 0 0 0 0 0 0 0 0 0
35 35 0 0 0 0 0 0 0 0 0 0 0 80 60 0 1 0 0 0 0 0 0 0 0 0
40 40 0 0 0 0 0 0 0 0 0 0 0 84 65 1 1 0 0 0 0 0 0 0 0 0
45 45 0 0 0 0 0 0 0 0 0 0 0 89 69 1 1 0 0 0 0 0 0 0 0 0
52 50 0 0 0 0 0 0 0 0 0 0 0 112 74 2 1 0 0 0 0 0 0 0 0 0
55 54 0 0 0 0 0 0 0 0 0 0 0 123 88 2 1 0 0 0 0 0 0 0 0 0
61 60 0 0 0 0 0 0 0 0 0 0 0 141 107 2 2 0 0 0 0 0 0 0 0 0
69 65 0 0 0 0 0 0 0 0 0 0 0 161 115 2 2 1 0 0 0 0 0 0 0 0
82 72 0 0 0 0 0 0 0 0 0 0 0 180 123 2 2 1 0 0 0 0 0 0 0 0
93 77 0 0 0 0 0 0 0 0 0 0 0 189 126 2 2 1 0 0 0 0 0 0 0 0
97 82 0 0 0 0 0 0 0 0 0 0 0 195 131 2 2 1 0 0 0 0 0 0 0 0
103 90 0 0 0 0 0 0 0 0 0 0 0 201 139 3 2 1 0 0 0 0 0 0 0 0
109 96 0 1 0 0 0 0 0 0 0 0 0 228 144 3 2 1 0 0 0 0 0 0 0 0
115 101 0 1 0 0 0 0 0 0 0 0 0 247 151 3 2 1 0 0 0 0 0 0 0 0
127 108 0 1 0 0 0 0 0 0 0 0 0 251 154 4 2 1 0 0 0 0 0 0 0 0
137 113 0 1 0 0 0 0 0 0 0 0 0 254 159 4 2 1 0 0 0 0 0 0 0 0
143 120 0 1 0 0 0 0 0 0 0 0 0 258 162 4 2 1 0 0 0 0 0 0 0 0
160 128 0 1 0 0 0 0 0 0 0 0 0 266 177 4 3 1 1 0 0 0 0 0 0 0
168 136 0 1 0 0 0 0 0 0 0 0 0 269 186 4 3 2 1 0 0 0 0 0 0 0
173 140 0 1 0 0 0 0 0 0 0 0 0 281 191 4 3 2 1 0 0 0 0 0 0 0
179 150 0 1 0 0 0 0 0 0 0 0 0 284 198 4 3 2 1 0 0 0 0 0 0 0
185 158 0 1 0 0 0 0 0 0 0 0 0 289 211 4 3 2 1 0 0 0 0 0 0 0
196 163 1 1 0 0 0 0 0 0 0 0 0 292 215 4 3 2 1 0 0 0 0 0 0 0
203 170 1 2 0 0 0 0 0 0 0 0 0 306 220 4 3 2 1 0 0 0 0 0 0 0
214 180 1 2 0 0 0 0 0 0 0 0 0 329 227 4 3 2 1 0 0 0 0 0 0 0
226 188 1 2 0 0 0 0 0 0 0 0 0 332 230 4 3 2 1 0 0 0 0 0 0 0
236 194 1 2 0 0 0 0 0 0 0 0 0 403 245 4 4 2 1 0 0 0 0 0 0 0
252 200 1 2 0 0 0 0 0 0 0 0 0 407 249 4 4 2 1 0 0 0 0 0 0 0
262 205 1 2 0 0 0 0 0 0 0 0 0 419 255 4 4 2 1 0 0 0 0 0 0 0
272 213 2 2 0 0 0 0 0 0 0 0 0 422 264 4 4 2 1 0 0 0 0 0 0 0
276 217 2 2 0 0 0 0 0 0 0 0 0 437 271 4 4 2 1 0 0 0 0 0 0 0
291 228 2 2 0 0 0 0 0 0 0 0 0 441 276 4 4 2 1 0 0 0 0 0 0 0
312 235 2 2 0 0 0 0 0 0 0 0 0 444 281 4 5 2 1 0 0 0 0 0 0 0
325 244 2 3 0 0 0 0 0 0 0 0 0 517 311 6 7 2 1 0 0 0 0 0 0 0
