# scores for worst/random/best/smart move selector strategies. 
# scores are 50% and 95% quantiles (based on 40 games) of: 
# game score, #destroyed, #unlocked, #stripes, #bombs, #zappers
0 0 0 0 0 0 0 0 0 0 0 0 0 0 0 0 0 0 0 0 0 0 0 0 0 0
3 3 0 0 0 0 0 0 0 0 0 0 0 6 6 0 0 0 0 0 0 0 0 0 0 0
6 6 0 0 0 0 0 0 0 0 0 0 0 10 10 0 0 0 0 0 0 0 0 0 0 0
9 9 0 0 0 0 0 0 0 0 0 0 0 14 14 0 0 0 0 0 0 0 0 0 0 0
12 12 0 0 0 0 0 0 0 0 0 0 0 32 19 0 0 0 0 0 0 0 0 0 0 0
16 16 0 0 0 0 0 0 0 0 0 0 0 122 36 0 1 0 1 0 0 0 1 0 0 0
20 20 0 0 0 0 0 0 0 0 0 0 0 799 94 3 2 8 2 0 0 0 1 0 0 0
26 24 0 0 0 0 0 0 0 0 0 0 0 1224 165 16 7 14 7 0 0 1 1 0 0 0
44 30 0 0 0 0 0 0 0 0 0 0 0 1381 182 17 8 17 7 0 0 1 1 0 1 0
68 34 0 0 0 0 0 0 0 0 0 0 0 1385 191 23 8 17 7 0 0 1 1 0 1 0
87 39 0 0 0 1 0 0 0 0 0 0 0 1388 195 25 9 17 7 0 0 1 1 1 1 0
90 43 0 0 0 1 0 0 0 0 0 0 0 1391 200 25 9 17 7 0 1 1 1 1 1 0
115 49 0 0 0 1 0 0 0 0 0 0 0 1475 205 26 9 17 7 0 1 1 1 1 1 1
131 56 2 1 1 1 0 0 0 0 0 0 0 1478 212 26 15 17 7 0 1 1 1 1 1 1
215 65 3 1 1 2 0 0 0 0 0 0 0 1482 218 26 15 17 7 0 1 1 1 1 1 1
301 74 4 1 3 2 0 0 0 0 0 0 0 1485 224 26 15 17 7 1 1 1 1 1 1 1
690 120 6 5 5 3 0 0 0 0 0 0 0 1522 230 26 15 17 7 1 1 1 2 1 1 1
1140 166 11 8 10 6 0 0 0 0 0 0 0 1527 235 26 17 17 7 1 1 1 2 1 1 1
1148 177 12 8 10 7 0 0 0 0 0 0 0 1532 242 26 17 17 7 1 1 1 2 1 1 1
1153 184 12 8 10 7 0 0 0 0 0 0 0 1536 247 26 17 17 7 1 1 1 3 1 1 1
1172 203 12 8 10 7 0 0 0 0 0 0 0 1578 251 26 17 18 8 1 1 1 3 1 1 1
1188 208 14 8 10 7 0 0 0 0 0 0 0 1586 274 26 17 18 8 1 1 1 3 1 1 1
1194 214 14 8 10 7 0 0 0 0 0 0 0 1653 277 26 22 18 8 1 1 1 3 1 1 1
1218 220 15 8 10 7 0 0 0 0 0 0 0 1663 285 26 22 18 8 1 1 1 3 1 1 1
1262 227 16 9 10 7 0 0 0 1 0 0 0 1675 288 26 22 19 8 1 1 1 3 1 1 1
1265 232 16 9 10 7 0 0 0 1 0 0 0 1678 292 26 22 19 8 1 1 1 3 1 1 1
1269 242 17 10 10 7 0 0 0 1 0 0 0 1681 298 26 22 19 8 1 1 1 3 1 1 1
1293 248 17 10 10 7 0 0 0 1 0 0 0 1685 309 26 23 19 8 2 1 1 3 1 1 1
1296 255 17 10 10 7 0 0 0 1 0 0 0 1693 314 26 24 19 8 2 1 1 3 1 1 1
1308 261 17 10 10 7 0 0 0 1 0 0 0 1729 330 26 24 19 8 2 1 1 3 1 1 1
1315 267 17 10 10 7 0 0 0 1 0 0 0 1741 334 26 24 19 8 2 1 1 3 1 1 1
1324 274 17 10 10 7 0 0 0 1 0 0 0 1780 341 26 25 19 8 2 1 1 3 1 1 1
1327 277 17 10 10 7 0 0 0 1 0 0 0 1783 345 26 25 19 8 2 1 1 3 1 1 1
1330 282 17 11 10 7 0 0 0 1 0 0 0 1787 350 26 26 19 8 2 1 1 3 1 1 1
1334 286 17 11 10 7 0 0 0 1 0 0 0 1792 355 26 26 19 8 2 1 1 3 1 1 1
1354 291 17 11 10 7 0 0 0 1 0 0 0 1796 361 26 26 19 8 2 1 1 3 1 1 1
1369 296 17 12 10 7 0 0 0 1 0 0 0 1799 364 26 26 19 8 2 1 1 3 1 1 1
1383 300 17 12 10 7 0 0 0 1 0 0 0 1872 369 26 27 19 8 2 2 1 3 1 1 1
1389 304 17 12 10 7 0 0 0 1 0 0 0 1875 372 26 27 19 8 2 2 1 3 1 1 1
1397 310 17 12 10 7 0 0 0 1 0 0 0 1882 376 26 27 19 8 2 2 1 3 1 1 1
1441 316 17 12 10 7 1 0 0 1 0 0 0 1897 389 26 27 19 8 2 2 1 3 1 1 1
