# scores for worst/random/best/smart move selector strategies. 
# scores are 50% and 95% quantiles (based on 40 games) of: 
# game score, #destroyed, #unlocked, #stripes, #bombs, #zappers
0 0 0 0 0 0 0 0 0 0 0 0 0 0 0 0 0 0 0 0 0 0 0 0 0 0
3 3 0 0 0 0 0 0 0 0 0 0 0 8 8 0 0 0 0 0 0 0 0 0 0 0
7 7 0 0 0 0 0 0 0 0 0 0 0 63 16 2 0 0 0 0 0 0 0 0 0 0
12 12 0 0 0 0 0 0 0 0 0 0 0 774 80 12 6 7 4 0 0 0 1 0 0 0
16 16 0 0 0 0 0 0 0 0 0 0 0 1099 129 14 7 11 7 0 0 0 1 0 0 0
21 21 0 0 0 0 0 0 0 0 0 0 0 1191 143 19 14 12 7 0 0 1 1 1 1 0
57 28 0 0 0 0 0 0 0 0 0 0 0 1436 171 21 16 18 7 0 1 1 1 1 1 1
314 49 3 2 3 2 0 0 0 0 0 0 0 1819 198 21 20 21 7 0 1 1 2 1 1 1
658 93 7 7 6 3 0 0 0 0 0 0 0 1842 205 22 20 22 7 1 1 1 2 1 1 1
705 106 9 7 6 3 0 0 0 0 0 0 0 1850 211 22 20 22 8 1 1 1 2 1 1 1
1010 142 10 7 7 4 0 0 0 0 0 0 0 1867 216 22 20 22 8 1 1 1 2 1 1 1
1142 155 13 8 10 7 0 0 0 0 0 0 0 1902 225 24 20 22 8 1 1 1 2 1 1 1
1155 165 13 8 10 7 0 0 0 0 0 0 0 1910 232 24 20 22 8 1 1 1 3 1 1 1
1169 169 13 9 10 7 0 0 0 0 0 0 0 1938 242 24 21 22 8 1 1 1 3 1 1 1
1205 189 17 9 10 7 0 0 0 1 0 0 0 1949 251 24 24 22 8 1 1 1 3 1 1 1
1244 202 17 9 10 7 0 0 0 1 0 0 0 1955 261 24 26 22 8 1 1 1 3 2 1 1
1257 208 19 10 10 7 0 0 0 1 0 0 0 1982 270 24 26 22 8 1 1 1 3 2 1 1
1310 224 19 10 10 7 0 0 0 1 0 0 0 1986 279 24 26 22 8 1 1 1 3 2 1 1
1327 237 19 11 10 7 0 0 0 1 0 0 0 2001 288 24 28 22 9 1 1 1 3 2 1 1
1366 241 19 11 11 8 0 0 0 1 0 0 0 2018 295 24 28 22 9 1 1 1 3 2 1 1
1369 252 19 11 11 8 0 0 0 1 0 0 0 2021 306 24 29 22 9 1 1 1 3 2 1 1
1395 258 19 11 11 8 0 0 0 1 0 0 0 2025 315 24 29 22 9 1 1 1 3 2 1 1
1434 274 19 12 11 8 0 0 0 1 0 0 0 2029 324 24 29 22 9 1 2 1 3 2 1 1
1440 277 19 12 11 8 0 0 0 1 0 0 0 2034 329 24 29 22 9 1 2 1 3 2 1 1
1474 285 19 12 11 8 0 0 0 1 0 0 0 2064 338 24 29 22 9 1 2 1 3 2 1 1
1505 293 19 12 11 8 0 1 0 1 0 0 0 2090 352 24 30 22 9 2 2 1 3 2 1 1
1528 302 19 12 11 8 0 1 0 1 0 0 0 2128 364 24 31 22 9 2 2 1 3 2 1 1
1545 310 19 13 11 8 0 1 0 1 0 0 0 2165 370 24 31 22 9 2 2 1 4 2 1 1
1551 317 19 13 11 8 0 1 0 1 0 0 0 2169 377 24 31 22 9 2 2 1 4 2 1 1
1555 325 19 14 11 8 0 1 0 1 0 0 0 2174 383 24 31 22 9 2 2 1 4 2 1 1
1560 331 19 14 11 8 0 1 0 1 0 0 0 2196 393 24 31 22 9 2 2 1 4 2 1 1
1563 337 19 14 11 8 1 1 0 1 0 0 0 2202 400 24 32 22 9 2 2 1 4 2 1 1
1630 343 19 14 11 8 1 1 0 1 0 0 0 2249 413 24 32 22 9 2 2 1 4 2 1 1
1633 347 19 15 11 8 1 1 0 1 0 0 0 2254 422 24 32 22 9 2 2 1 4 2 1 1
1637 360 19 16 11 8 1 1 0 1 0 0 0 2257 427 24 32 22 9 2 2 1 4 2 1 1
1659 365 19 16 11 8 1 1 0 1 0 0 0 2260 434 24 32 22 10 2 2 1 4 2 1 1
1693 374 19 16 11 8 1 1 0 1 0 0 0 2265 443 24 32 22 10 2 2 1 4 2 1 1
1706 380 19 16 11 8 1 1 0 2 0 0 0 2290 454 24 32 22 10 2 2 1 4 2 1 1
1715 384 19 17 11 8 1 1 0 2 0 0 0 2293 461 24 32 22 10 2 2 1 4 2 1 1
1734 394 19 17 11 8 1 1 0 2 0 0 0 2300 464 24 34 22 10 2 2 1 4 2 1 1
1739 399 19 17 11 8 1 1 0 2 0 0 0 2306 469 24 34 22 10 2 2 1 4 2 1 1
