# scores for worst/random/best/smart move selector strategies. 
# scores are 50% and 95% quantiles (based on 40 games) of: 
# game score, #destroyed, #unlocked, #stripes, #bombs, #zappers
0 0 0 0 0 0 0 0 0 0 0 0 0 0 0 0 0 0 0 0 0 0 0 0 0 0
3 3 0 0 0 0 0 0 0 0 0 0 0 6 6 0 0 0 0 0 0 0 0 0 0 0
6 6 0 0 0 0 0 0 0 0 0 0 0 12 12 0 0 0 0 0 0 0 0 0 0 0
9 9 0 0 0 0 0 0 0 0 0 0 0 15 15 0 0 0 0 0 0 0 0 0 0 0
12 12 0 0 0 0 0 0 0 0 0 0 0 18 18 0 0 0 0 0 0 0 0 0 0 0
15 15 0 0 0 0 0 0 0 0 0 0 0 22 22 0 0 0 0 0 0 0 0 0 0 0
18 18 0 0 0 0 0 0 0 0 0 0 0 54 25 0 0 0 0 0 0 0 0 0 0 0
21 21 0 0 0 0 0 0 0 0 0 0 0 373 77 2 1 2 2 0 0 0 0 0 0 0
24 24 0 0 0 0 0 0 0 0 0 0 0 376 80 3 2 2 2 0 0 0 0 0 0 0
30 27 0 0 0 0 0 0 0 0 0 0 0 379 83 3 2 2 2 0 0 0 0 0 0 0
33 30 0 0 0 0 0 0 0 0 0 0 0 407 93 3 2 2 2 0 0 0 0 0 0 0
36 34 0 0 0 0 0 0 0 0 0 0 0 411 99 3 2 2 2 0 0 0 0 0 0 0
39 39 0 0 0 0 0 0 0 0 0 0 0 1069 152 16 7 9 7 0 0 0 0 0 0 0
42 41 0 0 0 0 0 0 0 0 0 0 0 1072 155 16 7 9 7 0 0 0 1 0 0 0
45 44 0 0 0 0 0 0 0 0 0 0 0 1123 159 16 7 10 7 0 0 0 1 0 0 0
49 48 0 0 0 0 0 0 0 0 0 0 0 1126 162 16 7 10 7 0 0 0 1 0 0 0
53 51 0 0 0 0 0 0 0 0 0 0 0 1129 165 16 7 10 7 0 0 0 1 0 0 0
57 54 0 0 0 0 0 0 0 0 0 0 0 1132 168 16 7 10 7 0 0 0 1 0 0 0
60 57 0 0 0 0 0 0 0 0 0 0 0 1135 171 16 7 10 7 0 0 0 1 0 0 0
63 60 0 0 0 0 0 0 0 0 0 0 0 1138 174 16 7 10 7 0 0 0 1 0 0 0
66 66 0 0 0 0 0 0 0 0 0 0 0 1141 177 16 7 10 7 0 0 0 1 0 0 0
69 67 0 0 0 0 0 0 0 0 0 0 0 1176 214 17 8 10 7 0 0 0 1 0 0 0
74 71 0 0 0 0 0 0 0 0 0 0 0 1179 217 17 8 10 7 0 0 0 1 0 0 0
78 76 0 0 0 0 0 0 0 0 0 0 0 1182 220 17 8 10 7 0 0 0 1 0 0 0
84 80 0 0 0 0 0 0 0 0 0 0 0 1194 223 17 9 10 7 0 0 0 1 0 0 0
87 82 0 0 0 0 0 0 0 0 0 0 0 1197 226 17 9 10 7 0 0 0 1 0 0 0
105 86 0 0 0 0 0 0 0 0 0 0 0 1200 229 17 9 10 7 0 0 0 1 0 0 0
116 89 0 0 0 0 0 0 0 0 0 0 0 1204 234 17 9 10 7 0 0 0 1 0 0 0
140 95 0 0 0 1 0 0 0 0 0 0 0 1208 238 17 9 10 7 0 0 0 1 0 0 0
154 104 0 0 0 1 0 0 0 0 0 0 0 1213 243 17 9 10 7 0 0 0 1 0 0 0
208 108 2 1 0 1 0 0 0 0 0 0 0 1222 249 17 9 10 7 0 0 0 1 0 0 0
227 117 2 1 1 2 0 0 0 0 0 0 0 1228 252 17 9 10 7 0 0 0 1 0 0 0
338 146 3 3 1 2 0 0 0 0 0 0 0 1231 255 17 9 10 7 0 0 0 1 0 0 0
341 149 3 3 1 2 0 0 0 0 0 0 0 1237 262 17 9 10 7 0 0 0 1 0 0 0
577 177 4 4 3 2 0 0 0 0 0 0 0 1240 265 17 9 10 7 0 0 0 1 0 0 0
772 187 7 4 7 3 0 0 0 0 0 0 0 1243 268 17 9 10 7 0 0 0 1 0 0 0
837 195 7 5 7 4 0 0 0 0 0 0 0 1247 271 17 9 10 7 0 0 0 1 0 0 0
840 198 8 5 7 4 0 0 0 0 0 0 0 1250 274 17 9 10 7 0 0 0 1 0 0 0
843 201 8 5 7 4 0 0 0 0 0 0 0 1258 281 17 9 10 7 0 0 0 1 0 0 0
1042 215 10 6 9 5 0 0 0 0 0 0 0 1261 284 17 9 10 7 0 0 0 1 0 0 0
1059 224 10 6 9 5 0 0 0 0 0 0 0 1264 287 17 9 10 7 0 0 0 1 0 0 0
