# scores for worst/random/best/smart move selector strategies. 
# scores are 50% and 95% quantiles (based on 40 games) of: 
# game score, #destroyed, #unlocked, #stripes, #bombs, #zappers
3 3 0 0 0 0 0 0 0 0 0 0 0 9 9 0 0 0 0 0 0 0 0 0 0 0
6 6 0 0 0 0 0 0 0 0 0 0 0 28 19 0 0 0 0 0 0 0 0 0 0 0
12 12 0 0 0 0 0 0 0 0 0 0 0 66 34 1 1 0 0 0 0 0 0 0 0 0
16 16 0 0 0 0 0 0 0 0 0 0 0 84 47 2 1 0 0 0 0 0 0 0 0 0
23 22 0 0 0 0 0 0 0 0 0 0 0 103 52 2 1 0 0 0 0 0 0 0 0 0
29 28 0 0 0 0 0 0 0 0 0 0 0 150 61 2 2 0 1 0 0 0 1 0 0 0
34 33 0 0 0 0 0 0 0 0 0 0 0 165 64 5 2 0 1 0 0 0 1 0 0 0
40 39 0 0 0 0 0 0 0 0 0 0 0 176 71 8 2 0 1 0 0 0 1 0 0 0
66 44 0 0 0 0 0 0 0 0 0 0 0 206 76 12 4 0 1 1 0 0 1 0 0 0
76 51 0 1 0 0 0 0 0 0 0 0 0 237 93 12 5 1 1 1 0 0 1 0 0 0
85 56 1 1 0 0 0 0 0 0 0 0 0 244 100 12 5 1 1 1 0 0 1 0 0 0
114 64 2 1 0 0 0 0 0 0 0 0 0 293 105 17 6 1 1 1 0 0 1 0 0 0
125 68 2 1 0 0 0 0 0 0 0 0 0 307 115 18 6 1 1 1 0 0 1 0 0 0
128 76 2 1 0 0 0 0 0 0 0 0 0 334 123 20 6 1 1 1 0 0 1 0 0 0
146 86 2 1 0 0 0 0 0 0 0 0 0 401 163 20 7 1 1 1 1 0 1 0 0 0
158 89 2 1 0 0 0 0 0 0 0 0 0 479 186 24 7 2 1 1 1 0 1 0 0 0
183 99 3 2 0 0 0 0 0 0 0 0 0 561 209 30 8 2 1 1 1 0 1 0 0 0
188 113 3 2 0 0 0 0 0 0 0 0 0 641 232 30 9 3 2 1 1 0 1 1 0 0
231 123 3 3 0 0 0 0 0 0 0 0 0 750 289 30 9 4 2 1 1 0 1 1 0 0
270 133 5 3 0 0 0 0 0 0 0 0 0 788 299 31 10 6 2 2 1 0 1 1 0 0
293 140 5 3 0 0 0 0 0 0 0 0 0 829 322 31 13 7 2 2 1 0 2 1 0 0
320 149 7 4 0 0 0 0 0 0 0 0 0 922 350 32 14 7 2 2 2 0 2 1 0 0
333 161 7 4 0 0 0 0 0 0 0 0 0 950 358 32 19 7 2 2 2 0 2 1 0 0
357 175 8 5 1 0 0 0 0 0 0 0 0 1010 382 32 19 7 2 2 2 0 2 1 0 0
373 183 8 5 1 0 0 0 0 0 0 0 0 1015 393 32 19 7 2 2 2 0 2 1 0 0
383 199 9 5 1 0 0 0 0 0 0 0 0 1045 405 32 20 8 3 2 2 0 2 1 0 0
441 210 11 6 1 1 0 0 0 0 0 0 0 1088 423 32 24 8 3 2 2 0 2 1 0 0
486 225 11 6 1 1 0 0 0 0 0 0 0 1152 458 32 24 8 3 2 2 0 2 1 0 0
535 242 11 7 1 1 0 0 0 0 0 0 0 1245 496 32 24 8 3 2 2 0 2 1 0 0
566 250 11 7 1 1 1 0 0 0 0 0 0 1323 512 32 25 8 3 3 2 0 2 1 0 0
617 266 11 8 1 1 1 0 0 1 0 0 0 1331 520 32 25 8 3 3 2 0 2 1 0 0
632 288 11 8 1 1 1 0 0 1 0 0 0 1383 535 32 26 8 3 3 2 0 2 1 0 0
650 298 11 8 1 1 1 0 0 1 0 0 0 1389 541 32 26 8 4 3 2 0 2 1 0 0
713 315 11 9 2 1 1 0 0 1 0 0 0 1399 552 32 26 8 4 3 2 0 2 1 0 0
752 319 11 9 2 1 1 0 0 1 0 0 0 1405 559 32 27 8 4 3 2 0 3 1 0 0
870 347 11 11 2 1 1 0 0 1 0 0 0 1600 565 32 29 10 4 3 2 0 3 1 0 0
945 364 11 11 2 2 1 0 0 1 0 0 0 1827 569 32 29 10 5 3 2 0 3 1 0 0
976 379 12 12 2 2 1 0 0 1 0 0 0 1836 588 32 30 10 5 3 2 0 3 1 0 0
999 403 12 13 2 2 1 0 0 1 0 0 0 2074 619 32 30 10 6 3 2 0 3 1 0 0
1069 427 12 13 3 2 1 1 0 1 0 0 0 2152 637 32 32 12 6 3 2 0 3 1 0 0
1115 444 12 14 4 2 1 1 0 1 0 0 0 2198 664 32 33 16 6 4 2 0 3 1 1 0
