# scores for worst/random/best/smart move selector strategies. 
# scores are 50% and 95% quantiles (based on 40 games) of: 
# game score, #destroyed, #unlocked, #stripes, #bombs, #zappers
3 3 0 0 0 0 0 0 0 0 0 0 0 9 9 0 0 0 0 0 0 0 0 0 0 0
6 6 0 0 0 0 0 0 0 0 0 0 0 19 19 0 0 0 0 0 0 0 0 0 0 0
12 12 0 0 0 0 0 0 0 0 0 0 0 25 23 0 0 0 0 0 0 0 0 0 0 0
17 17 0 0 0 0 0 0 0 0 0 0 0 47 33 0 0 0 0 0 0 0 0 0 0 0
23 22 0 0 0 0 0 0 0 0 0 0 0 56 36 1 1 0 0 0 0 0 0 0 0 0
27 27 0 0 0 0 0 0 0 0 0 0 0 83 39 3 1 0 0 0 0 0 0 0 0 0
34 33 0 0 0 0 0 0 0 0 0 0 0 93 52 3 1 0 0 0 0 0 0 0 0 0
37 36 0 0 0 0 0 0 0 0 0 0 0 100 55 3 1 0 0 0 0 0 0 0 0 0
44 42 0 0 0 0 0 0 0 0 0 0 0 103 59 3 1 0 0 0 0 0 0 0 0 0
50 48 0 0 0 0 0 0 0 0 0 0 0 127 74 3 1 1 0 0 0 0 0 0 0 0
56 53 0 0 0 0 0 0 0 0 0 0 0 138 80 4 1 1 0 0 0 0 0 0 0 0
63 57 0 0 0 0 0 0 0 0 0 0 0 141 82 4 1 1 0 0 0 0 0 0 0 0
71 63 0 0 0 0 0 0 0 0 0 0 0 150 92 4 1 1 0 0 0 0 0 0 0 0
92 68 0 0 0 0 0 0 0 0 0 0 0 178 98 5 2 1 0 0 0 0 0 0 0 0
97 73 0 1 0 0 0 0 0 0 0 0 0 182 101 5 2 1 0 0 0 0 0 0 0 0
107 78 0 1 0 0 0 0 0 0 0 0 0 185 108 5 2 1 0 0 0 0 0 0 0 0
110 83 0 1 0 0 0 0 0 0 0 0 0 192 117 5 2 1 0 0 0 0 0 0 0 0
120 90 1 1 0 0 0 0 0 0 0 0 0 212 123 6 3 1 0 0 0 0 0 0 0 0
130 97 1 1 0 0 0 0 0 0 0 0 0 258 149 10 3 1 1 0 0 0 1 0 0 0
151 100 1 1 0 0 0 0 0 0 0 0 0 278 160 10 3 1 1 0 0 0 1 0 0 0
163 108 1 1 0 0 0 0 0 0 0 0 0 342 179 10 4 1 1 0 0 0 1 0 0 0
173 114 1 1 0 0 0 0 0 0 0 0 0 348 188 12 4 2 1 0 1 0 1 0 0 0
178 118 2 1 0 0 0 0 0 0 0 0 0 384 207 13 4 2 1 0 1 0 1 0 0 0
195 128 2 1 0 0 0 0 0 0 0 0 0 388 210 13 4 2 1 0 1 0 1 0 0 0
204 134 2 2 0 0 0 0 0 0 0 0 0 397 213 13 4 2 1 0 1 0 1 0 0 0
218 139 2 2 0 0 0 0 0 0 0 0 0 423 218 13 4 3 1 0 1 0 1 0 0 0
241 148 2 2 0 0 0 0 0 0 0 0 0 484 241 13 5 3 1 0 1 0 1 0 0 0
258 155 2 2 0 0 0 0 0 0 0 0 0 519 244 13 5 3 1 0 1 0 1 0 0 0
266 163 2 2 0 0 0 0 0 0 0 0 0 525 251 13 5 3 1 0 1 0 1 0 0 0
276 174 2 2 0 0 0 0 0 0 0 0 0 559 274 13 5 3 1 0 1 0 1 0 0 0
290 181 2 2 0 0 0 0 0 0 0 0 0 563 287 13 5 3 1 0 1 0 1 0 0 0
300 185 2 2 1 0 0 0 0 0 0 0 0 566 290 13 6 3 1 0 1 0 1 0 0 0
320 193 3 3 1 0 0 0 0 0 0 0 0 573 302 13 7 3 1 0 1 0 1 0 0 0
324 202 3 3 1 0 0 0 0 0 0 0 0 577 318 13 7 3 1 0 1 0 1 0 0 0
348 210 3 3 1 0 0 0 0 0 0 0 0 583 326 13 7 3 1 1 1 0 1 0 0 0
362 225 3 3 1 0 0 0 0 0 0 0 0 593 338 13 7 3 1 1 1 0 1 0 0 0
389 247 3 3 1 0 0 0 0 0 0 0 0 687 364 13 7 3 1 1 1 0 1 0 0 0
399 255 3 3 1 0 0 0 0 0 0 0 0 690 367 13 7 3 1 1 1 0 1 0 0 0
421 258 4 3 1 0 0 0 0 0 0 0 0 779 403 13 7 4 2 1 1 0 2 0 0 0
445 264 4 3 2 0 0 0 0 0 0 0 0 894 408 14 9 4 2 1 1 0 2 0 0 0
457 272 4 4 2 0 0 0 0 0 0 0 0 897 411 14 10 4 2 1 1 0 2 0 0 0
