# scores for worst/random/best/smart move selector strategies. 
# scores are 50% and 95% quantiles (based on 40 games) of: 
# game score, #destroyed, #unlocked, #stripes, #bombs, #zappers
0 0 0 0 0 0 0 0 0 0 0 0 0 5 5 0 0 0 0 0 0 0 0 0 0 0
3 3 0 0 0 0 0 0 0 0 0 0 0 43 14 0 0 0 0 0 0 0 0 0 0 0
9 9 0 0 0 0 0 0 0 0 0 0 0 48 20 0 0 0 0 0 0 0 0 0 0 0
12 12 0 0 0 0 0 0 0 0 0 0 0 52 26 0 0 0 0 0 0 0 0 0 0 0
18 18 0 0 0 0 0 0 0 0 0 0 0 57 30 0 0 0 0 0 0 0 0 0 0 0
22 22 0 0 0 0 0 0 0 0 0 0 0 62 33 0 0 0 0 0 0 0 0 0 0 0
27 27 0 0 0 0 0 0 0 0 0 0 0 65 36 0 0 0 0 0 0 0 0 0 0 0
30 30 0 0 0 0 0 0 0 0 0 0 0 84 44 0 0 0 0 0 0 0 0 0 0 0
35 33 0 0 0 0 0 0 0 0 0 0 0 94 52 1 1 0 0 0 0 0 0 0 0 0
38 37 0 0 0 0 0 0 0 0 0 0 0 97 55 1 1 0 0 0 0 0 0 0 0 0
44 42 0 0 0 0 0 0 0 0 0 0 0 103 58 1 1 0 0 0 0 0 0 0 0 0
48 47 0 0 0 0 0 0 0 0 0 0 0 106 62 2 2 0 1 0 0 0 1 0 0 0
58 50 0 0 0 0 0 0 0 0 0 0 0 128 77 2 2 1 1 0 0 0 1 0 0 0
61 54 0 0 0 0 0 0 0 0 0 0 0 132 82 2 2 1 1 0 0 0 1 0 0 0
68 59 0 0 0 0 0 0 0 0 0 0 0 139 85 2 2 1 1 0 0 0 1 0 0 0
72 64 0 0 0 0 0 0 0 0 0 0 0 142 88 3 2 1 1 1 0 0 1 0 0 0
76 67 0 0 0 0 0 0 0 0 0 0 0 147 93 3 2 1 1 1 0 0 1 0 0 0
83 71 0 0 0 0 0 0 0 0 0 0 0 154 99 3 2 1 1 1 0 0 1 0 0 0
91 79 0 0 0 0 0 0 0 0 0 0 0 193 108 3 2 1 1 1 0 0 1 0 0 0
100 85 0 0 0 0 0 0 0 0 0 0 0 216 112 3 3 1 1 1 0 0 1 0 0 0
110 89 0 1 0 0 0 0 0 0 0 0 0 228 117 3 3 1 1 1 0 0 1 0 0 0
121 93 1 1 0 0 0 0 0 0 0 0 0 234 121 3 3 1 1 1 0 0 1 0 0 0
137 99 1 1 0 0 0 0 0 0 0 0 0 253 132 4 4 1 1 1 0 0 1 0 0 0
147 102 1 2 0 0 0 0 0 0 0 0 0 261 137 4 4 1 1 1 0 0 1 0 0 0
161 107 1 2 0 0 0 0 0 0 0 0 0 264 140 4 4 1 1 1 0 0 1 0 0 0
166 112 1 2 0 0 0 0 0 0 0 0 0 281 146 5 4 1 1 1 0 0 1 0 0 0
175 118 2 2 0 0 0 0 0 0 0 0 0 309 157 5 4 1 1 1 0 0 1 0 0 0
180 123 2 2 0 0 0 0 0 0 0 0 0 314 162 5 4 1 1 1 0 0 1 0 0 0
199 129 2 2 0 0 0 0 0 0 0 0 0 342 168 5 5 1 1 1 0 0 1 0 0 0
210 135 2 2 0 0 0 0 0 0 0 0 0 378 178 5 6 1 1 1 0 0 1 0 0 0
219 140 2 2 0 0 0 0 0 0 0 0 0 383 182 5 6 1 1 1 0 0 1 0 0 0
227 147 2 3 0 0 0 0 0 0 0 0 0 389 188 6 6 1 1 1 0 0 1 0 0 0
243 152 2 3 0 0 0 0 0 0 0 0 0 395 196 6 6 1 1 1 0 0 1 0 0 0
265 158 2 3 0 0 0 0 0 0 0 0 0 399 201 6 6 1 1 1 0 0 1 0 0 0
273 161 2 4 0 0 0 0 0 0 0 0 0 402 204 6 6 1 1 1 0 0 1 0 0 0
276 164 2 4 0 0 0 0 0 0 0 0 0 410 210 6 6 1 1 1 0 0 1 0 0 0
282 167 2 4 0 0 0 0 0 0 0 0 0 435 215 6 7 1 1 2 0 0 1 0 0 0
286 174 3 4 0 0 1 0 0 0 0 0 0 471 218 6 7 1 1 2 0 0 1 0 0 0
289 178 3 4 0 0 1 0 0 0 0 0 0 474 221 7 7 1 1 2 0 0 1 0 0 0
295 184 3 4 0 0 1 0 0 0 0 0 0 494 228 7 7 1 1 2 0 0 1 0 0 0
299 188 3 4 0 0 1 0 0 0 0 0 0 499 232 7 8 1 1 2 0 0 1 0 0 0
