# scores for worst/random/best/smart move selector strategies. 
# scores are 50% and 95% quantiles (based on 40 games) of: 
# game score, #destroyed, #unlocked, #stripes, #bombs, #zappers
0 0 0 0 0 0 0 0 0 0 0 0 0 5 5 0 0 0 0 0 0 0 0 0 0 0
3 3 0 0 0 0 0 0 0 0 0 0 0 43 14 0 0 0 0 0 0 0 0 0 0 0
9 9 0 0 0 0 0 0 0 0 0 0 0 46 17 0 0 0 0 0 0 0 0 0 0 0
12 12 0 0 0 0 0 0 0 0 0 0 0 58 22 0 0 0 0 0 0 0 0 0 0 0
15 15 0 0 0 0 0 0 0 0 0 0 0 65 30 0 0 0 0 0 0 0 0 0 0 0
19 19 0 0 0 0 0 0 0 0 0 0 0 76 33 0 0 0 1 0 0 0 1 0 0 0
24 24 0 0 0 0 0 0 0 0 0 0 0 79 36 0 0 0 1 0 0 0 1 0 0 0
29 29 0 0 0 0 0 0 0 0 0 0 0 87 43 0 0 0 1 0 0 0 1 0 0 0
33 33 0 0 0 0 0 0 0 0 0 0 0 90 46 0 0 0 1 0 0 0 1 0 0 0
36 36 0 0 0 0 0 0 0 0 0 0 0 94 49 0 1 0 1 0 0 0 1 0 0 0
40 40 0 0 0 0 0 0 0 0 0 0 0 99 54 0 1 0 1 0 0 0 1 0 0 0
45 45 0 0 0 0 0 0 0 0 0 0 0 121 58 1 1 0 1 0 0 0 1 0 0 0
48 48 0 0 0 0 0 0 0 0 0 0 0 130 64 1 1 0 1 0 0 0 1 0 0 0
51 51 0 0 0 0 0 0 0 0 0 0 0 133 73 1 1 0 1 0 0 0 1 0 0 0
57 56 0 0 0 0 0 0 0 0 0 0 0 138 77 2 1 0 1 0 0 0 1 0 0 0
63 61 0 0 0 0 0 0 0 0 0 0 0 141 80 2 1 0 1 0 0 0 1 0 0 0
66 65 0 0 0 0 0 0 0 0 0 0 0 152 86 2 2 0 1 0 0 0 1 0 0 0
70 68 0 0 0 0 0 0 0 0 0 0 0 157 89 2 2 0 1 0 0 0 1 0 0 0
73 71 0 0 0 0 0 0 0 0 0 0 0 161 92 2 2 0 1 0 0 0 1 0 0 0
76 75 0 0 0 0 0 0 0 0 0 0 0 170 97 2 2 0 1 0 0 0 1 0 0 0
81 78 0 0 0 0 0 0 0 0 0 0 0 173 107 2 2 0 1 0 0 0 1 0 0 0
85 81 0 0 0 0 0 0 0 0 0 0 0 199 114 2 2 0 1 0 0 0 1 0 0 0
90 87 0 0 0 0 0 0 0 0 0 0 0 228 119 2 2 0 1 0 0 0 1 0 0 0
95 91 0 0 0 0 0 0 0 0 0 0 0 233 124 2 2 0 1 0 0 0 1 0 0 0
101 95 0 0 0 0 0 0 0 0 0 0 0 236 127 2 2 0 1 0 0 0 1 0 0 0
112 100 0 0 0 0 0 0 0 0 0 0 0 241 131 2 2 0 1 0 0 0 1 0 0 0
115 108 0 0 0 0 0 0 0 0 0 0 0 253 139 2 2 0 1 1 0 0 1 0 0 0
123 112 0 0 0 0 0 0 0 0 0 0 0 256 142 2 2 0 1 1 0 0 1 0 0 0
126 116 0 0 0 0 0 0 0 0 0 0 0 262 148 2 2 0 1 1 0 0 1 0 0 0
135 121 0 0 0 0 0 0 0 0 0 0 0 265 154 2 2 0 1 1 0 0 1 0 0 0
142 125 0 0 0 0 0 0 0 0 0 0 0 270 160 2 2 1 1 1 0 0 1 0 0 0
147 128 0 1 0 0 0 0 0 0 0 0 0 273 163 2 2 1 1 1 0 0 1 0 0 0
153 132 0 1 0 0 0 0 0 0 0 0 0 276 169 2 2 1 1 1 0 0 1 0 0 0
156 135 0 1 0 0 0 0 0 0 0 0 0 279 172 2 3 1 1 1 0 0 1 0 0 0
160 138 0 1 0 0 0 0 0 0 0 0 0 282 175 3 3 1 1 1 0 0 1 0 0 0
165 143 0 1 0 0 0 0 0 0 0 0 0 285 178 3 3 1 1 1 0 0 1 0 0 0
171 148 0 1 0 0 0 0 0 0 0 0 0 299 181 3 3 1 1 1 0 0 1 0 0 0
175 153 0 1 0 0 0 0 0 0 0 0 0 302 184 3 3 1 1 1 0 0 1 0 0 0
181 158 0 1 0 0 0 0 0 0 0 0 0 306 189 3 3 1 1 1 0 0 1 0 0 0
184 163 0 1 0 0 0 0 0 0 0 0 0 309 195 3 3 1 1 1 0 0 1 0 0 0
187 167 0 1 0 0 0 0 0 0 0 0 0 316 201 3 3 1 1 1 0 0 1 0 0 0
