# scores for worst/random/best/smart move selector strategies. 
# scores are 50% and 95% quantiles (based on 40 games) of: 
# game score, #destroyed, #unlocked, #stripes, #bombs, #zappers
0 0 0 0 0 0 0 0 0 0 0 0 0 5 5 0 0 0 0 0 0 0 0 0 0 0
4 4 0 0 0 0 0 0 0 0 0 0 0 43 14 0 0 0 0 0 0 0 0 0 0 0
9 9 0 0 0 0 0 0 0 0 0 0 0 61 24 0 0 0 0 0 0 0 0 0 0 0
13 13 0 0 0 0 0 0 0 0 0 0 0 70 30 0 1 0 0 0 0 0 0 0 0 0
18 18 0 0 0 0 0 0 0 0 0 0 0 74 33 0 1 0 0 0 0 0 0 0 0 0
21 21 0 0 0 0 0 0 0 0 0 0 0 81 41 0 1 0 1 0 0 0 1 0 0 0
27 27 0 0 0 0 0 0 0 0 0 0 0 113 55 3 1 0 1 0 0 0 1 0 0 0
44 33 0 0 0 0 0 0 0 0 0 0 0 204 87 5 2 1 1 0 1 0 1 0 0 0
55 39 0 0 0 0 0 0 0 0 0 0 0 239 93 5 3 2 1 0 1 0 1 0 0 0
73 45 0 0 0 0 0 0 0 0 0 0 0 247 101 5 3 2 1 0 1 0 1 0 0 0
78 52 0 0 0 0 0 0 0 0 0 0 0 252 106 5 3 2 1 1 1 0 1 0 0 0
84 57 0 0 0 0 0 0 0 0 0 0 0 260 110 5 3 2 1 1 1 0 1 0 0 0
93 60 0 1 0 0 0 0 0 0 0 0 0 306 121 5 4 2 1 1 1 0 1 0 0 0
103 64 0 1 0 0 0 0 0 0 0 0 0 310 124 5 4 2 1 1 1 0 1 0 0 0
135 70 2 1 0 0 0 0 0 0 0 0 0 359 146 7 4 2 1 1 1 0 1 0 0 0
153 77 2 2 0 0 0 0 0 0 0 0 0 363 151 7 5 2 1 1 1 0 1 0 0 0
163 84 2 2 0 0 0 0 0 0 0 0 0 382 158 7 5 2 1 1 1 0 1 0 0 0
166 92 2 2 0 0 0 0 0 0 0 0 0 386 165 8 5 2 2 1 1 0 2 0 0 0
181 101 2 2 0 0 0 0 0 0 0 0 0 394 168 8 5 2 2 1 1 0 2 0 0 0
191 107 2 3 0 0 0 0 0 0 0 0 0 416 176 8 6 2 2 1 1 0 2 0 0 0
199 113 3 3 0 0 0 0 0 0 0 0 0 421 181 8 6 2 2 1 1 0 2 0 0 0
207 116 3 3 0 0 0 0 0 0 0 0 0 492 202 8 6 3 2 1 1 0 2 0 0 0
233 120 3 3 0 0 0 0 0 0 0 0 0 495 205 8 6 3 2 1 2 0 2 0 0 0
258 125 3 3 0 0 0 0 0 0 0 0 0 500 210 8 6 3 2 2 2 0 2 0 0 0
278 135 4 3 0 0 0 0 0 0 0 0 0 504 214 8 7 3 2 2 2 0 2 0 0 0
303 140 4 3 0 0 0 0 0 0 0 0 0 510 220 8 7 3 2 2 2 0 2 0 0 0
306 148 4 4 0 0 1 0 0 0 0 0 0 517 227 8 7 3 2 2 2 0 2 0 0 0
321 154 4 4 0 0 1 0 0 0 0 0 0 560 257 8 8 3 2 2 2 0 2 0 0 0
326 163 4 4 0 0 1 0 0 0 0 0 0 565 263 8 8 3 2 2 2 0 2 0 0 0
343 168 4 5 1 0 1 0 0 0 0 0 0 604 266 8 8 3 2 2 2 0 2 0 0 0
356 179 4 5 1 0 1 0 0 0 0 0 0 624 271 8 8 3 2 2 2 0 2 0 0 0
373 187 4 5 1 0 1 0 0 0 0 0 0 632 284 8 8 3 3 2 2 0 3 0 0 0
389 198 4 5 1 0 1 0 0 0 0 0 0 691 295 8 9 3 3 2 2 0 3 0 0 0
421 206 4 6 1 0 1 0 0 0 0 0 0 695 300 8 10 3 3 3 2 0 3 0 0 0
428 210 4 6 1 0 1 0 0 0 0 0 0 701 304 8 10 3 3 3 2 0 3 0 0 0
454 216 5 6 1 1 1 0 0 0 0 0 0 783 323 12 16 3 3 3 2 0 3 1 0 0
459 222 5 6 1 1 1 0 0 1 0 0 0 805 332 12 16 3 3 3 2 0 3 1 0 0
492 230 5 6 1 1 1 0 0 1 0 0 0 811 337 12 16 3 3 3 2 0 3 1 0 0
505 235 5 6 1 1 1 0 0 1 0 0 0 829 342 12 16 3 3 3 2 0 3 1 0 0
511 240 5 6 1 1 1 0 0 1 0 0 0 844 347 12 16 3 3 3 2 0 3 1 0 0
534 251 5 7 1 1 1 0 0 1 0 0 0 847 353 12 16 3 3 3 2 0 3 1 0 0
