# scores for worst/random/best/smart move selector strategies. 
# scores are 50% and 95% quantiles (based on 40 games) of: 
# game score, #destroyed, #unlocked, #stripes, #bombs, #zappers
0 0 0 0 0 0 0 0 0 0 0 0 0 5 5 0 0 0 0 0 0 0 0 0 0 0
6 6 0 0 0 0 0 0 0 0 0 0 0 11 11 0 0 0 0 0 0 0 0 0 0 0
9 9 0 0 0 0 0 0 0 0 0 0 0 16 16 0 0 0 0 0 0 0 0 0 0 0
12 12 0 0 0 0 0 0 0 0 0 0 0 23 23 0 0 0 0 0 0 0 0 0 0 0
15 15 0 0 0 0 0 0 0 0 0 0 0 39 26 0 0 0 0 0 0 0 0 0 0 0
18 18 0 0 0 0 0 0 0 0 0 0 0 42 32 0 0 0 0 0 0 0 0 0 0 0
24 24 0 0 0 0 0 0 0 0 0 0 0 49 35 0 0 0 0 0 0 0 0 0 0 0
27 27 0 0 0 0 0 0 0 0 0 0 0 53 45 0 0 0 0 0 0 0 0 0 0 0
33 33 0 0 0 0 0 0 0 0 0 0 0 59 48 0 0 0 0 0 0 0 0 0 0 0
36 36 0 0 0 0 0 0 0 0 0 0 0 62 51 0 0 0 0 0 0 0 0 0 0 0
39 39 0 0 0 0 0 0 0 0 0 0 0 65 56 0 0 0 0 0 0 0 0 0 0 0
42 42 0 0 0 0 0 0 0 0 0 0 0 92 64 0 1 0 0 0 0 0 0 0 0 0
47 47 0 0 0 0 0 0 0 0 0 0 0 102 69 1 1 0 0 0 0 0 0 0 0 0
51 51 0 0 0 0 0 0 0 0 0 0 0 107 73 1 1 0 0 0 0 0 0 0 0 0
54 54 0 0 0 0 0 0 0 0 0 0 0 112 77 1 1 0 0 0 0 0 0 0 0 0
57 57 0 0 0 0 0 0 0 0 0 0 0 115 80 1 1 0 0 0 0 0 0 0 0 0
61 61 0 0 0 0 0 0 0 0 0 0 0 118 83 1 1 0 0 0 0 0 0 0 0 0
66 66 0 0 0 0 0 0 0 0 0 0 0 121 86 1 1 0 0 0 0 0 0 0 0 0
69 69 0 0 0 0 0 0 0 0 0 0 0 125 92 1 1 0 0 0 0 0 0 0 0 0
72 72 0 0 0 0 0 0 0 0 0 0 0 129 95 1 1 0 0 0 0 0 0 0 0 0
75 75 0 0 0 0 0 0 0 0 0 0 0 132 98 1 1 0 0 0 0 0 0 0 0 0
79 79 0 0 0 0 0 0 0 0 0 0 0 136 101 1 1 0 0 0 0 0 0 0 0 0
85 85 0 0 0 0 0 0 0 0 0 0 0 140 105 1 1 0 0 0 0 0 0 0 0 0
88 88 0 0 0 0 0 0 0 0 0 0 0 143 108 1 1 0 0 0 0 0 0 0 0 0
93 93 0 0 0 0 0 0 0 0 0 0 0 146 111 1 1 0 0 0 0 0 0 0 0 0
96 96 0 0 0 0 0 0 0 0 0 0 0 151 114 1 1 0 0 0 0 0 0 0 0 0
100 99 0 0 0 0 0 0 0 0 0 0 0 154 118 2 1 0 0 0 0 0 0 0 0 0
103 102 0 0 0 0 0 0 0 0 0 0 0 160 122 2 1 0 0 0 0 0 0 0 0 0
106 105 0 0 0 0 0 0 0 0 0 0 0 163 126 2 1 0 0 0 0 0 0 0 0 0
111 109 0 0 0 0 0 0 0 0 0 0 0 170 130 2 1 0 0 0 0 0 0 0 0 0
117 114 0 0 0 0 0 0 0 0 0 0 0 173 136 2 1 0 0 0 0 0 0 0 0 0
120 117 0 0 0 0 0 0 0 0 0 0 0 176 139 2 1 0 0 0 0 0 0 0 0 0
123 120 0 0 0 0 0 0 0 0 0 0 0 180 142 2 1 0 0 0 0 0 0 0 0 0
128 125 0 0 0 0 0 0 0 0 0 0 0 192 146 2 1 0 0 0 0 0 0 0 0 0
134 129 0 0 0 0 0 0 0 0 0 0 0 208 157 2 1 0 1 0 0 0 0 0 0 0
138 133 0 0 0 0 0 0 0 0 0 0 0 212 162 2 1 0 1 0 0 0 0 0 0 0
141 136 0 0 0 0 0 0 0 0 0 0 0 222 172 2 2 0 1 0 0 0 0 0 0 0
147 142 0 0 0 0 0 0 0 0 0 0 0 227 175 2 2 0 1 0 0 0 0 0 0 0
150 145 0 0 0 0 0 0 0 0 0 0 0 230 178 2 2 0 1 0 0 0 0 0 0 0
155 148 0 0 0 0 0 0 0 0 0 0 0 234 181 2 2 0 1 0 0 0 0 0 0 0
158 151 0 0 0 0 0 0 0 0 0 0 0 237 184 2 2 0 1 0 0 0 0 0 0 0
