# scores for worst/random/best/smart move selector strategies. 
# scores are 50% and 95% quantiles (based on 40 games) of: 
# game score, #destroyed, #unlocked, #stripes, #bombs, #zappers
0 0 0 0 0 0 0 0 0 0 0 0 0 9 9 0 0 0 0 0 0 0 0 0 0 0
4 4 0 0 0 0 0 0 0 0 0 0 0 34 17 0 0 0 0 0 0 0 0 0 0 0
9 9 0 0 0 0 0 0 0 0 0 0 0 52 22 0 1 0 0 0 0 0 0 0 0 0
13 13 0 0 0 0 0 0 0 0 0 0 0 56 26 0 1 0 0 0 0 0 0 0 0 0
16 16 0 0 0 0 0 0 0 0 0 0 0 60 30 0 1 0 0 0 0 0 0 0 0 0
22 22 0 0 0 0 0 0 0 0 0 0 0 85 37 0 1 0 0 0 0 0 0 0 0 0
27 27 0 0 0 0 0 0 0 0 0 0 0 102 42 0 2 0 0 0 0 0 0 0 0 0
30 30 0 0 0 0 0 0 0 0 0 0 0 106 46 1 2 0 0 0 0 0 0 0 0 0
34 34 0 0 0 0 0 0 0 0 0 0 0 109 49 1 2 0 0 0 0 0 0 0 0 0
38 38 0 0 0 0 0 0 0 0 0 0 0 120 60 1 2 0 0 0 0 0 0 0 0 0
56 44 0 0 0 0 0 0 0 0 0 0 0 142 68 2 2 0 1 1 0 0 0 0 0 0
67 48 0 0 0 0 0 0 0 0 0 0 0 178 74 3 3 0 1 1 0 0 0 0 0 0
74 51 0 0 0 0 0 0 0 0 0 0 0 185 77 3 4 0 1 1 0 0 0 0 0 0
83 56 0 1 0 0 0 0 0 0 0 0 0 192 82 3 4 0 1 1 0 0 1 0 0 0
90 62 0 1 0 0 0 0 0 0 0 0 0 204 91 3 4 0 1 1 0 0 1 0 0 0
102 66 0 1 0 0 0 0 0 0 0 0 0 208 98 4 4 0 1 1 0 0 1 0 0 0
107 72 0 1 0 0 0 0 0 0 0 0 0 247 103 4 5 0 1 1 0 0 1 0 0 0
113 77 0 1 0 0 0 0 0 0 0 0 0 250 110 4 5 0 1 1 0 0 1 0 0 0
139 86 0 2 0 0 0 0 0 0 0 0 0 256 115 4 5 0 1 1 0 0 1 0 0 0
153 96 0 2 0 0 0 0 0 0 0 0 0 281 119 4 6 0 1 1 0 0 1 0 0 0
164 99 0 2 0 0 0 0 0 0 0 0 0 284 124 4 6 0 1 1 0 0 1 0 0 0
167 104 0 2 0 0 0 0 0 0 0 0 0 287 131 4 6 0 1 1 0 0 1 0 0 0
172 107 0 2 0 0 0 0 0 0 0 0 0 300 137 4 6 0 1 1 0 0 1 0 0 0
175 111 1 2 0 0 0 0 0 0 0 0 0 315 145 4 6 0 1 1 0 0 1 0 0 0
181 115 1 2 0 0 0 0 0 0 0 0 0 339 148 4 7 0 1 1 0 0 1 0 0 0
184 120 1 3 0 0 0 0 0 0 0 0 0 345 153 4 7 0 1 1 0 0 1 0 0 0
189 127 1 3 0 0 0 0 0 0 0 0 0 348 160 4 7 0 1 1 0 0 1 0 0 0
202 132 1 3 0 0 0 0 0 0 0 0 0 367 165 4 7 0 1 1 0 0 1 0 0 0
227 139 1 3 0 0 0 0 0 0 0 0 0 372 171 4 8 0 1 1 0 0 1 0 0 0
232 143 1 3 0 0 0 0 0 0 0 0 0 375 174 4 8 0 1 1 0 0 1 0 0 0
242 148 1 3 0 0 0 0 0 0 0 0 0 380 183 4 8 0 1 1 0 0 1 0 0 0
254 156 1 4 0 0 0 0 0 0 0 0 0 383 186 4 8 0 1 1 0 0 1 0 0 0
261 161 1 4 0 0 0 0 0 0 0 0 0 386 189 4 8 0 1 1 0 0 1 0 0 0
269 168 1 4 0 0 0 0 0 0 0 0 0 391 192 4 8 1 1 1 0 0 1 0 0 0
272 171 1 4 0 0 0 0 0 0 0 0 0 396 196 4 8 1 1 1 0 0 1 0 0 0
286 175 1 4 0 0 0 0 0 0 0 0 0 399 202 4 8 1 1 1 0 0 1 0 0 0
294 179 1 4 0 0 0 0 0 0 0 0 0 437 209 4 9 1 1 1 0 0 1 0 0 0
309 183 1 4 0 0 0 0 0 0 0 0 0 440 216 4 9 1 1 1 0 0 1 0 0 0
321 193 1 5 0 0 1 0 0 0 0 0 0 447 224 4 9 1 1 1 0 0 1 0 0 0
324 198 1 5 0 0 1 0 0 0 0 0 0 493 234 4 9 1 1 1 0 0 1 0 0 0
335 201 1 5 0 0 1 0 0 0 0 0 0 537 257 4 10 1 1 2 0 0 1 0 0 0
