# scores for worst/random/best/smart move selector strategies. 
# scores are 50% and 95% quantiles (based on 40 games) of: 
# game score, #destroyed, #unlocked, #stripes, #bombs, #zappers
0 0 0 0 0 0 0 0 0 0 0 0 0 9 9 0 0 0 0 0 0 0 0 0 0 0
4 4 0 0 0 0 0 0 0 0 0 0 0 12 12 0 0 0 0 0 0 0 0 0 0 0
9 9 0 0 0 0 0 0 0 0 0 0 0 50 21 0 1 0 0 0 0 0 0 0 0 0
13 13 0 0 0 0 0 0 0 0 0 0 0 53 26 0 1 0 0 0 0 0 0 0 0 0
18 18 0 0 0 0 0 0 0 0 0 0 0 56 31 0 1 0 0 0 0 0 0 0 0 0
22 21 0 0 0 0 0 0 0 0 0 0 0 60 34 0 1 0 0 0 0 0 0 0 0 0
28 26 0 0 0 0 0 0 0 0 0 0 0 111 44 4 1 0 0 0 0 0 0 0 0 0
33 33 0 0 0 0 0 0 0 0 0 0 0 116 52 4 1 0 0 0 0 0 0 0 0 0
39 38 0 0 0 0 0 0 0 0 0 0 0 141 65 4 2 0 0 0 0 0 0 0 0 0
45 42 0 0 0 0 0 0 0 0 0 0 0 173 70 4 2 0 0 0 0 0 0 0 0 0
71 48 0 1 0 0 0 0 0 0 0 0 0 186 75 5 2 1 0 0 0 0 0 0 0 0
79 53 0 1 0 0 0 0 0 0 0 0 0 190 86 5 3 1 0 0 0 0 0 0 0 0
91 59 0 1 0 0 0 0 0 0 0 0 0 227 95 5 3 1 0 0 0 0 0 0 0 0
99 64 0 1 0 0 0 0 0 0 0 0 0 249 102 5 3 1 0 0 0 0 0 0 0 0
106 71 0 1 0 0 0 0 0 0 0 0 0 259 108 5 4 1 0 0 0 0 0 0 0 0
117 79 0 2 0 0 0 0 0 0 0 0 0 280 115 6 4 1 1 1 0 0 1 0 0 0
139 86 0 2 0 0 0 0 0 0 0 0 0 305 124 6 4 1 1 1 0 0 1 0 0 0
159 92 0 2 0 0 0 0 0 0 0 0 0 310 134 6 4 1 1 1 0 0 1 0 0 0
166 97 0 2 0 0 0 0 0 0 0 0 0 317 142 6 6 1 1 1 0 0 1 0 0 0
171 104 0 2 0 0 0 0 0 0 0 0 0 357 147 6 6 1 1 1 0 0 1 0 0 0
178 109 0 3 0 0 0 0 0 0 0 0 0 363 159 6 6 1 1 1 0 0 1 0 0 0
197 119 1 3 0 0 0 0 0 0 0 0 0 388 175 6 6 1 1 2 1 0 1 0 0 0
241 123 1 3 0 0 0 0 0 0 0 0 0 416 185 6 7 1 2 2 1 0 1 0 0 0
252 130 1 3 0 0 0 0 0 0 0 0 0 470 197 6 7 1 2 2 1 0 1 0 0 0
276 138 1 4 0 0 0 0 0 0 0 0 0 504 204 6 7 1 2 2 1 0 2 0 0 0
285 145 1 4 0 0 0 0 0 0 0 0 0 549 213 6 10 1 2 2 1 0 2 0 0 0
301 149 1 4 0 0 0 0 0 0 0 0 0 557 221 6 10 1 2 2 1 0 2 0 0 0
321 155 2 4 0 0 0 0 0 0 0 0 0 561 225 6 10 2 2 2 1 0 2 0 0 0
331 164 2 5 0 0 0 0 0 0 0 0 0 603 234 6 10 2 2 2 1 0 2 0 0 0
344 173 2 5 0 0 0 0 0 0 0 0 0 629 237 6 10 2 2 2 1 0 2 0 0 0
353 179 2 5 1 0 0 0 0 0 0 0 0 635 243 6 11 2 2 2 1 0 2 0 0 0
364 186 2 5 1 0 0 0 0 0 0 0 0 640 257 6 11 2 2 2 1 0 2 0 0 0
378 192 2 6 1 0 0 0 0 0 0 0 0 647 265 6 11 2 2 2 1 0 2 0 0 0
392 197 2 6 1 0 0 0 0 0 0 0 0 672 274 6 11 2 2 2 1 0 2 0 0 0
412 203 2 6 1 0 1 0 0 0 0 0 0 720 281 6 12 2 2 2 1 0 2 0 0 0
417 210 2 6 1 0 1 0 0 0 0 0 0 726 289 6 12 2 2 2 1 0 2 0 0 0
440 216 2 6 1 0 1 0 0 0 0 0 0 740 311 7 12 2 2 2 1 0 2 0 0 0
462 222 2 6 1 0 1 0 0 0 0 0 0 746 317 7 12 2 2 2 1 0 2 0 0 0
473 230 2 6 1 0 1 0 0 0 0 0 0 750 321 7 12 2 2 2 1 0 2 0 0 0
482 236 2 7 1 0 1 0 0 0 0 0 0 774 333 7 12 2 2 2 1 0 2 0 0 0
485 247 2 7 1 0 1 0 0 0 0 0 0 777 337 8 12 2 3 2 1 0 2 0 0 0
