# scores for worst/random/best/smart move selector strategies. 
# scores are 50% and 95% quantiles (based on 40 games) of: 
# game score, #destroyed, #unlocked, #stripes, #bombs, #zappers
0 0 0 0 0 0 0 0 0 0 0 0 0 9 9 0 0 0 0 0 0 0 0 0 0 0
3 3 0 0 0 0 0 0 0 0 0 0 0 12 12 0 0 0 0 0 0 0 0 0 0 0
9 9 0 0 0 0 0 0 0 0 0 0 0 16 16 0 0 0 0 0 0 0 0 0 0 0
12 12 0 0 0 0 0 0 0 0 0 0 0 19 19 0 0 0 0 0 0 0 0 0 0 0
15 15 0 0 0 0 0 0 0 0 0 0 0 32 30 0 0 0 0 0 0 0 0 0 0 0
18 18 0 0 0 0 0 0 0 0 0 0 0 35 33 0 0 0 0 0 0 0 0 0 0 0
22 22 0 0 0 0 0 0 0 0 0 0 0 38 37 0 0 0 0 0 0 0 0 0 0 0
27 27 0 0 0 0 0 0 0 0 0 0 0 41 40 0 0 0 0 0 0 0 0 0 0 0
33 33 0 0 0 0 0 0 0 0 0 0 0 54 44 0 0 0 0 0 0 0 0 0 0 0
36 36 0 0 0 0 0 0 0 0 0 0 0 57 48 0 0 0 0 0 0 0 0 0 0 0
39 39 0 0 0 0 0 0 0 0 0 0 0 67 52 0 1 0 0 0 0 0 0 0 0 0
43 43 0 0 0 0 0 0 0 0 0 0 0 70 57 0 1 0 0 0 0 0 0 0 0 0
50 50 0 0 0 0 0 0 0 0 0 0 0 80 60 0 1 0 0 0 0 0 0 0 0 0
56 54 0 0 0 0 0 0 0 0 0 0 0 83 63 0 1 0 0 0 0 0 0 0 0 0
59 59 0 0 0 0 0 0 0 0 0 0 0 86 66 0 1 0 0 0 0 0 0 0 0 0
63 63 0 0 0 0 0 0 0 0 0 0 0 93 72 0 1 0 0 0 0 0 0 0 0 0
66 66 0 0 0 0 0 0 0 0 0 0 0 96 76 0 1 0 0 0 0 0 0 0 0 0
71 70 0 0 0 0 0 0 0 0 0 0 0 104 79 0 1 0 0 0 0 0 0 0 0 0
75 73 0 0 0 0 0 0 0 0 0 0 0 110 89 0 1 0 0 0 0 0 0 0 0 0
78 77 0 0 0 0 0 0 0 0 0 0 0 114 92 0 1 0 0 0 0 0 0 0 0 0
82 81 0 0 0 0 0 0 0 0 0 0 0 124 95 0 1 0 0 0 0 0 0 0 0 0
87 84 0 0 0 0 0 0 0 0 0 0 0 129 102 0 1 0 0 0 0 0 0 0 0 0
91 87 0 0 0 0 0 0 0 0 0 0 0 135 105 0 1 0 0 0 0 0 0 0 0 0
94 91 0 0 0 0 0 0 0 0 0 0 0 139 110 0 1 0 0 0 0 0 0 0 0 0
99 95 0 0 0 0 0 0 0 0 0 0 0 153 113 1 1 0 0 0 0 0 0 0 0 0
102 100 0 0 0 0 0 0 0 0 0 0 0 160 117 1 1 0 0 0 0 0 0 0 0 0
107 105 0 0 0 0 0 0 0 0 0 0 0 163 120 1 1 0 0 0 0 0 0 0 0 0
111 109 0 0 0 0 0 0 0 0 0 0 0 166 123 1 1 0 0 0 0 0 0 0 0 0
115 113 0 0 0 0 0 0 0 0 0 0 0 169 131 1 1 0 0 0 0 0 0 0 0 0
118 117 0 0 0 0 0 0 0 0 0 0 0 172 134 1 1 0 0 0 0 0 0 0 0 0
124 120 0 0 0 0 0 0 0 0 0 0 0 189 137 1 1 1 0 0 0 0 0 0 0 0
127 123 0 0 0 0 0 0 0 0 0 0 0 193 144 1 1 1 0 0 0 0 0 0 0 0
131 127 0 0 0 0 0 0 0 0 0 0 0 198 147 1 1 1 0 0 0 0 0 0 0 0
137 133 0 0 0 0 0 0 0 0 0 0 0 204 150 1 1 1 0 0 0 0 0 0 0 0
140 136 0 0 0 0 0 0 0 0 0 0 0 207 154 1 1 1 0 0 0 0 0 0 0 0
143 140 0 0 0 0 0 0 0 0 0 0 0 210 157 1 1 1 0 0 0 0 0 0 0 0
147 145 0 0 0 0 0 0 0 0 0 0 0 219 160 1 1 1 0 0 0 0 0 0 0 0
150 148 0 0 0 0 0 0 0 0 0 0 0 240 163 1 1 1 0 0 0 0 0 0 0 0
154 152 0 0 0 0 0 0 0 0 0 0 0 243 168 1 1 1 0 0 0 0 0 0 0 0
161 156 0 0 0 0 0 0 0 0 0 0 0 246 176 1 1 1 0 0 0 0 0 0 0 0
169 159 0 0 0 0 0 0 0 0 0 0 0 262 190 1 2 1 0 0 0 0 0 0 0 0
