# scores for worst/random/best/smart move selector strategies. 
# scores are 50% and 95% quantiles (based on 40 games) of: 
# game score, #destroyed, #unlocked, #stripes, #bombs, #zappers
6 6 0 0 0 0 0 0 0 0 0 0 0 15 15 0 0 0 0 0 0 0 0 0 0 0
12 12 0 0 0 0 0 0 0 0 0 0 0 24 23 0 0 0 0 0 0 0 0 0 0 0
18 18 0 0 0 0 0 0 0 0 0 0 0 94 40 2 2 0 1 0 0 0 0 0 0 0
27 25 0 0 0 0 0 0 0 0 0 0 0 285 75 3 3 1 1 1 0 0 0 0 0 0
39 34 0 0 0 0 0 0 0 0 0 0 0 322 93 3 3 1 1 1 0 0 0 0 0 0
62 40 0 0 0 0 0 0 0 0 0 0 0 351 115 3 3 2 1 1 0 0 0 0 0 0
103 47 0 1 0 0 0 0 0 0 0 0 0 508 127 10 14 2 1 1 0 0 0 1 0 0
113 53 0 1 0 0 0 0 0 0 0 0 0 515 153 10 14 2 1 1 1 0 0 1 0 0
126 64 0 2 0 0 0 0 0 0 0 0 0 599 171 10 14 2 1 1 1 0 1 1 0 0
160 72 1 2 0 0 0 0 0 0 0 0 0 661 177 10 15 3 1 1 1 0 1 1 0 0
168 77 1 2 0 0 0 0 0 0 0 0 0 709 192 10 15 3 1 1 1 0 1 1 0 0
215 85 1 3 0 0 0 0 0 0 0 0 0 756 196 12 17 3 1 1 1 1 1 1 0 0
261 105 1 3 0 0 0 0 0 0 0 0 0 824 223 12 17 3 2 1 1 1 2 1 0 0
269 113 1 3 0 0 0 0 0 0 0 0 0 833 230 12 17 3 2 1 1 1 2 1 0 0
320 127 2 4 1 0 0 0 0 0 0 0 0 1005 272 12 17 3 2 2 1 1 2 1 0 0
375 149 2 5 1 0 0 0 0 0 0 0 0 1037 305 12 17 3 2 2 1 1 2 1 0 0
384 162 2 5 1 0 0 0 0 0 0 0 0 1111 314 12 17 4 2 2 1 1 2 1 0 0
407 176 2 6 1 0 0 0 0 0 0 0 0 1157 345 12 17 4 3 2 1 1 2 1 0 0
424 184 2 6 1 0 0 0 0 0 0 0 0 1394 381 12 19 6 4 2 2 1 2 1 0 0
486 211 2 7 1 1 1 0 0 0 0 0 0 1431 391 16 22 6 4 2 2 1 2 1 0 0
533 227 2 7 2 1 1 0 0 0 0 0 0 1474 398 16 23 6 4 2 2 1 2 1 0 0
561 238 2 8 2 1 1 0 0 0 0 0 0 1513 429 16 23 7 4 2 2 1 3 1 0 0
578 261 2 9 2 1 1 0 0 0 0 0 0 1527 433 16 23 7 4 2 2 1 3 1 0 0
680 277 2 9 2 1 1 0 0 0 0 0 0 1582 454 16 24 8 4 3 2 1 3 1 0 0
726 285 3 9 2 1 1 0 0 1 0 0 0 1636 462 16 25 10 4 3 2 1 3 1 0 0
737 294 3 10 2 1 1 0 0 1 0 0 0 1668 472 16 25 11 4 3 2 1 3 1 0 0
800 315 3 11 2 1 1 0 0 1 0 0 0 1698 486 16 28 11 4 3 2 1 3 1 0 0
812 334 3 12 3 1 1 0 0 1 0 0 0 1727 517 16 29 12 5 3 2 1 3 1 0 0
878 364 3 12 3 1 1 0 0 1 0 0 0 1736 542 16 29 15 5 4 3 1 3 1 0 0
894 371 3 13 3 1 1 0 0 1 0 0 0 1801 552 16 29 18 5 4 3 1 3 1 1 0
910 389 3 13 3 1 2 0 0 1 0 0 0 1813 560 16 29 18 6 4 3 1 3 1 1 0
981 399 3 14 3 1 2 1 0 1 0 0 0 1997 604 16 32 18 6 4 3 1 3 1 1 0
1047 412 3 15 3 1 2 1 0 1 0 0 0 2086 615 16 32 18 7 4 3 1 4 1 1 0
1077 437 3 16 4 1 2 1 0 1 0 0 0 2130 628 16 32 22 7 4 3 1 4 1 1 0
1165 465 3 16 4 1 2 1 0 1 0 0 0 2165 656 16 33 22 7 4 3 1 4 1 1 0
1217 481 3 17 5 1 2 1 0 1 0 0 0 2179 689 16 35 22 7 4 3 1 4 1 1 0
1272 499 3 18 5 2 2 1 0 1 0 0 0 2214 697 16 36 22 7 4 3 1 4 1 1 0
1289 524 3 18 5 2 2 1 0 1 0 0 0 2219 710 16 37 22 7 4 3 1 4 1 1 0
1363 533 3 19 5 2 2 1 0 1 0 0 0 2252 734 16 38 22 7 4 3 1 4 1 1 0
1394 549 3 20 5 2 2 1 0 2 0 0 0 2261 749 16 38 22 7 4 3 1 4 1 1 0
1400 557 3 20 5 2 2 1 0 2 0 0 0 2359 757 16 38 22 7 4 3 1 4 1 1 0
