# scores for worst/random/best/smart move selector strategies. 
# scores are 50% and 95% quantiles (based on 40 games) of: 
# game score, #destroyed, #unlocked, #stripes, #bombs, #zappers
6 6 0 0 0 0 0 0 0 0 0 0 0 15 15 0 0 0 0 0 0 0 0 0 0 0
11 11 0 0 0 0 0 0 0 0 0 0 0 22 22 0 0 0 0 0 0 0 0 0 0 0
14 14 0 0 0 0 0 0 0 0 0 0 0 53 27 0 1 0 0 0 0 0 0 0 0 0
20 20 0 0 0 0 0 0 0 0 0 0 0 59 32 0 1 0 0 0 0 0 0 0 0 0
25 25 0 0 0 0 0 0 0 0 0 0 0 66 38 0 1 0 0 0 0 0 0 0 0 0
28 28 0 0 0 0 0 0 0 0 0 0 0 88 42 0 1 0 0 0 0 0 0 0 0 0
33 33 0 0 0 0 0 0 0 0 0 0 0 104 62 1 1 0 0 0 0 0 0 0 0 0
37 37 0 0 0 0 0 0 0 0 0 0 0 110 80 1 1 1 0 0 0 0 0 0 0 0
46 45 0 0 0 0 0 0 0 0 0 0 0 120 89 1 2 1 0 0 0 0 0 0 0 0
53 52 0 0 0 0 0 0 0 0 0 0 0 156 96 3 2 1 0 0 0 0 0 0 0 0
86 57 0 0 0 0 0 0 0 0 0 0 0 186 102 3 2 1 0 0 0 0 0 0 0 0
93 63 0 0 0 0 0 0 0 0 0 0 0 255 121 4 2 1 0 0 0 0 0 0 0 0
99 68 0 0 0 0 0 0 0 0 0 0 0 261 127 4 2 1 0 0 0 0 0 0 0 0
105 74 0 1 0 0 0 0 0 0 0 0 0 269 138 4 3 2 0 0 0 0 0 0 0 0
117 85 0 1 0 0 0 0 0 0 0 0 0 308 157 4 3 2 0 0 0 0 0 0 0 0
122 93 0 1 0 0 0 0 0 0 0 0 0 349 190 4 4 2 1 0 0 0 0 0 0 0
144 99 0 1 0 0 0 0 0 0 0 0 0 414 219 4 4 2 1 0 0 0 0 0 0 0
147 103 0 1 0 0 0 0 0 0 0 0 0 456 224 4 4 2 1 0 0 0 0 0 0 0
150 107 0 1 0 0 0 0 0 0 0 0 0 480 230 4 4 2 1 0 0 0 0 0 0 0
168 118 0 1 0 0 0 0 0 0 0 0 0 501 237 4 5 3 1 0 0 0 0 0 0 0
189 123 0 1 0 0 0 0 0 0 0 0 0 527 251 4 6 3 1 0 0 0 1 0 0 0
207 133 0 1 0 0 0 0 0 0 0 0 0 532 257 4 6 3 1 0 0 0 1 0 0 0
220 147 0 1 1 0 0 0 0 0 0 0 0 542 263 4 6 3 1 0 0 0 1 0 0 0
242 153 0 2 1 0 0 0 0 0 0 0 0 579 282 4 6 3 1 0 0 0 1 0 0 0
251 158 0 2 1 0 0 0 0 0 0 0 0 584 285 4 6 3 1 0 0 0 1 0 0 0
269 165 0 2 1 0 0 0 0 0 0 0 0 634 289 4 6 4 1 1 0 0 1 0 0 0
317 177 0 3 1 0 0 0 0 0 0 0 0 639 296 4 7 4 1 1 0 0 1 0 0 0
323 183 0 3 1 0 0 0 0 0 0 0 0 644 309 4 7 4 1 1 0 0 1 0 0 0
326 187 0 3 1 0 0 0 0 0 0 0 0 649 320 4 7 4 1 1 0 0 1 0 0 0
357 197 0 4 1 0 0 0 0 0 0 0 0 733 327 4 7 5 1 1 0 0 1 0 0 0
385 220 0 4 1 0 0 0 0 0 0 0 0 743 353 4 7 5 1 1 0 0 1 0 0 0
388 225 0 4 1 0 0 0 0 0 0 0 0 765 364 4 8 5 1 1 0 0 1 0 0 0
391 234 0 4 1 0 0 0 0 0 0 0 0 770 368 4 8 5 1 1 0 0 1 0 0 0
405 247 0 4 2 0 0 0 0 0 0 0 0 789 381 4 8 5 1 1 0 0 1 0 0 0
444 251 0 4 2 0 0 0 0 0 0 0 0 794 385 4 8 5 1 1 0 0 1 0 0 0
449 256 0 4 2 0 0 0 0 0 0 0 0 799 388 4 8 5 1 1 0 0 1 0 0 0
472 264 0 5 2 0 0 0 0 0 0 0 0 814 403 4 8 5 1 1 0 0 1 0 0 0
486 270 0 5 2 0 0 0 0 0 0 0 0 897 413 4 10 5 1 1 0 0 1 0 0 0
501 280 0 5 2 0 0 0 0 0 0 0 0 900 426 4 10 5 1 1 0 0 1 0 0 0
521 288 1 5 2 0 0 0 0 0 0 0 0 908 429 4 11 5 1 1 0 0 1 0 0 0
527 295 1 5 2 0 0 0 0 0 0 0 0 914 434 4 11 5 1 1 0 0 1 0 0 0
