# scores for worst/random/best/smart move selector strategies. 
# scores are 50% and 95% quantiles (based on 40 games) of: 
# game score, #destroyed, #unlocked, #stripes, #bombs, #zappers
6 6 0 0 0 0 0 0 0 0 0 0 0 15 15 0 0 0 0 0 0 0 0 0 0 0
14 14 0 0 0 0 0 0 0 0 0 0 0 49 23 0 1 0 0 0 0 0 0 0 0 0
26 23 0 0 0 0 0 0 0 0 0 0 0 114 42 2 2 1 1 1 0 0 0 0 0 0
55 34 0 0 0 0 0 0 0 0 0 0 0 201 75 2 2 1 1 1 0 0 1 0 0 0
89 43 0 1 0 0 0 0 0 0 0 0 0 307 115 5 3 2 1 1 1 0 1 0 0 0
107 51 0 1 0 0 0 0 0 0 0 0 0 345 137 5 4 2 1 1 1 1 1 0 0 0
130 65 0 2 0 0 0 0 0 0 0 0 0 548 164 5 12 2 2 1 1 1 2 0 0 0
177 81 1 2 0 0 0 0 0 0 0 0 0 714 205 6 13 3 3 1 1 1 2 0 0 0
215 93 1 3 0 0 0 0 0 0 0 0 0 749 226 10 19 4 3 1 1 1 2 1 0 0
271 121 1 3 1 0 0 0 0 0 0 0 0 884 254 10 19 4 3 1 1 1 2 1 0 0
294 142 1 3 1 0 0 0 0 0 0 0 0 996 281 16 20 4 3 1 1 1 2 1 0 0
399 165 1 4 2 1 0 0 0 0 0 0 0 1044 298 16 22 5 3 1 1 1 2 1 0 0
515 187 2 5 2 1 0 0 0 0 0 0 0 1056 321 16 24 10 3 1 1 1 3 1 0 0
672 224 2 6 2 1 0 0 0 0 0 0 0 1194 361 16 28 10 4 1 2 1 4 1 0 0
752 236 2 6 3 1 0 0 0 0 0 0 0 1310 385 16 30 10 4 1 2 1 4 1 0 0
850 263 2 7 3 1 0 0 0 1 0 0 0 1564 430 16 31 16 5 2 2 1 4 1 1 0
893 301 2 9 3 2 0 0 0 1 0 0 0 1866 486 17 35 17 6 2 2 1 4 1 1 0
971 317 2 10 3 2 0 1 0 1 0 0 0 1931 502 17 36 20 6 2 2 1 4 1 1 0
984 325 2 11 3 2 0 1 0 1 0 0 0 1952 514 17 36 20 6 2 2 1 4 1 1 0
1071 353 2 12 3 2 1 1 0 1 0 0 0 2011 528 17 46 21 6 3 2 1 4 2 1 0
1097 375 2 20 4 2 1 1 0 1 1 0 0 2072 536 17 47 21 6 3 2 1 5 2 1 0
1153 390 2 21 4 3 1 1 0 2 1 0 0 2204 575 17 47 21 7 3 2 1 5 2 1 0
1227 410 2 22 4 3 1 1 0 2 1 0 0 2482 620 17 48 22 7 3 2 1 6 2 1 0
1312 440 2 23 5 3 1 1 0 2 1 0 0 2511 645 17 49 23 8 3 2 1 6 2 1 0
1408 467 2 23 5 3 1 1 0 2 1 0 0 2561 675 17 50 23 8 3 2 1 6 2 1 0
1451 484 2 24 5 3 1 1 0 2 1 0 0 2817 711 17 51 23 8 3 2 1 6 2 1 0
1467 498 2 24 5 4 1 1 0 2 1 0 0 2833 732 17 51 23 8 3 2 1 6 2 1 0
1572 522 2 27 6 4 1 1 0 2 1 0 0 2936 745 17 51 23 9 3 2 1 6 2 1 0
1677 557 2 28 6 4 1 1 0 2 1 0 0 3126 772 17 51 23 9 3 2 2 6 2 1 0
1711 586 2 29 6 4 1 1 0 3 1 0 0 3188 783 17 53 23 9 3 3 2 6 2 1 0
1833 608 2 29 7 5 1 1 0 3 1 0 0 3202 804 17 57 26 9 3 3 2 6 2 1 0
1903 634 2 30 7 5 1 1 0 4 1 0 0 3295 835 17 58 26 9 3 3 2 6 2 1 0
1929 654 2 30 7 5 1 1 0 4 1 0 0 3364 865 17 58 29 9 3 3 2 6 2 1 0
2041 692 2 31 7 5 1 1 0 4 1 0 0 3906 893 17 61 29 10 4 3 2 6 2 1 0
2084 710 2 32 7 5 1 1 0 4 1 0 0 3958 911 17 62 29 10 4 3 2 6 3 1 0
2178 754 2 33 8 6 1 1 0 4 1 0 0 4008 948 17 62 29 10 4 3 2 7 3 1 0
2246 777 2 33 8 6 1 1 0 4 1 0 0 4030 958 17 64 29 10 4 3 2 7 3 1 0
2332 795 2 35 8 6 2 1 0 4 1 0 0 4054 985 17 66 30 10 4 3 2 7 3 1 0
2362 813 2 36 9 6 2 1 0 4 1 0 0 4131 1027 17 66 30 10 4 3 2 7 3 1 0
2398 840 2 36 9 6 2 1 0 4 1 0 0 4173 1055 17 66 31 10 4 3 2 7 3 1 0
2459 850 2 38 10 6 2 1 0 4 1 0 0 4210 1073 17 66 31 11 4 3 2 7 3 1 0
