# scores for worst/random/best/smart move selector strategies. 
# scores are 50% and 95% quantiles (based on 40 games) of: 
# game score, #destroyed, #unlocked, #stripes, #bombs, #zappers
6 6 0 0 0 0 0 0 0 0 0 0 0 23 23 0 0 0 0 0 0 0 0 0 0 0
14 14 0 0 0 0 0 0 0 0 0 0 0 110 56 1 1 0 0 0 0 0 0 0 0 0
21 20 0 0 0 0 0 0 0 0 0 0 0 141 73 2 2 1 1 1 0 0 1 0 0 0
49 28 0 0 0 0 0 0 0 0 0 0 0 162 81 3 3 1 1 1 0 0 1 0 0 0
79 38 0 0 0 0 0 0 0 0 0 0 0 202 92 3 3 1 1 1 0 0 1 0 0 0
98 54 0 1 0 0 0 0 0 0 0 0 0 274 101 5 4 2 1 1 0 0 1 0 0 0
121 66 1 1 0 0 0 0 0 0 0 0 0 315 125 7 4 2 1 1 0 0 1 0 0 0
158 80 1 2 0 0 0 0 0 0 0 0 0 385 152 7 5 3 1 1 0 0 1 0 0 0
197 98 1 2 0 0 0 0 0 0 0 0 0 425 170 7 8 3 1 1 0 0 1 0 0 0
220 111 2 3 1 0 0 0 0 0 0 0 0 569 212 8 8 3 2 1 1 1 2 0 0 0
258 131 2 3 1 0 0 0 0 0 0 0 0 658 226 8 19 3 2 1 1 1 2 1 0 0
317 141 3 4 1 0 0 0 0 0 0 0 0 698 250 8 19 3 2 1 1 1 2 1 0 0
334 149 3 4 1 0 0 0 0 0 0 0 0 737 278 10 19 3 2 2 1 1 2 1 0 0
392 168 3 5 1 0 0 0 0 0 0 0 0 762 289 10 19 4 2 2 1 1 2 1 0 0
427 175 3 6 1 0 0 0 0 0 0 0 0 870 300 10 20 4 2 2 1 1 2 1 0 0
433 186 4 6 1 0 0 0 0 0 0 0 0 877 306 10 20 4 2 2 1 1 2 1 0 0
523 215 4 7 1 1 0 0 0 0 0 0 0 897 316 10 21 4 2 3 1 1 2 1 0 0
534 238 4 7 2 1 1 0 0 0 0 0 0 1048 343 10 26 5 2 3 1 1 2 1 0 0
599 244 4 7 2 1 1 0 0 0 0 0 0 1074 347 11 27 5 3 3 1 1 2 1 0 0
627 251 4 8 2 1 1 0 0 0 0 0 0 1190 362 11 27 5 3 3 1 1 2 1 0 0
673 273 5 8 2 1 1 0 0 0 0 0 0 1295 393 11 31 12 3 3 1 1 2 1 0 0
694 291 5 10 2 1 1 0 0 0 0 0 0 1305 416 11 31 12 3 3 1 1 2 1 0 0
770 310 6 10 3 1 1 0 0 1 0 0 0 1359 431 11 32 15 3 3 2 1 3 1 1 0
809 322 6 12 3 1 1 0 0 1 0 0 0 1459 464 11 32 15 4 3 2 1 3 1 1 0
874 346 6 13 3 1 1 0 0 1 0 0 0 1470 480 11 32 15 4 3 2 1 4 1 1 0
906 366 6 13 3 1 1 0 0 1 0 0 0 1504 490 11 34 15 4 4 2 1 4 1 1 0
948 381 6 13 3 1 1 0 0 1 0 0 0 1528 521 11 34 15 4 4 2 1 4 1 1 0
987 404 6 14 4 1 1 0 0 1 0 0 0 1671 546 11 35 16 4 4 2 1 4 1 1 0
1049 417 6 14 4 1 1 0 0 1 0 0 0 1686 565 11 35 16 4 4 2 1 4 1 1 0
1083 432 6 15 4 2 1 0 0 1 0 0 0 1693 592 11 35 16 5 4 2 1 4 1 1 0
1137 449 6 15 4 2 1 0 0 1 0 0 0 1750 620 11 35 16 5 4 2 1 5 1 1 0
1181 466 6 17 4 2 1 1 0 1 0 0 0 1839 666 11 38 19 6 4 2 1 5 1 1 0
1270 478 6 17 5 2 2 1 0 1 0 0 0 1859 678 11 38 19 6 4 2 1 5 1 1 0
1359 491 6 19 5 2 2 1 0 1 0 0 0 2334 699 11 39 19 6 4 2 1 5 1 1 0
1431 502 6 19 5 2 2 1 0 1 0 0 0 2343 706 11 41 19 6 4 2 1 5 2 1 0
1556 524 6 20 5 2 2 1 0 1 0 0 0 2349 720 11 42 23 6 4 2 1 5 2 1 0
1582 536 6 21 5 3 2 1 0 1 0 0 0 2429 736 11 42 24 6 4 3 1 5 2 1 0
1639 542 6 22 5 3 2 1 0 2 0 0 0 2468 740 11 42 24 6 4 3 1 6 2 1 0
1643 554 6 23 5 3 2 1 0 2 0 0 0 2477 746 11 45 24 6 4 3 1 6 2 1 0
1696 569 6 23 6 3 2 1 0 2 0 0 0 2492 766 11 45 24 6 5 3 1 6 2 1 0
1730 600 6 24 6 3 2 1 0 2 0 0 0 2516 783 11 52 24 6 5 3 1 6 2 1 0
