# scores for worst/random/best/smart move selector strategies. 
# scores are 50% and 95% quantiles (based on 40 games) of: 
# game score, #destroyed, #unlocked, #stripes, #bombs, #zappers
6 6 0 0 0 0 0 0 0 0 0 0 0 23 23 0 0 0 0 0 0 0 0 0 0 0
16 16 0 0 0 0 0 0 0 0 0 0 0 84 57 0 1 0 0 0 0 0 0 0 0 0
32 27 0 0 0 0 0 0 0 0 0 0 0 173 81 2 2 1 1 0 0 0 1 0 0 0
86 42 0 0 0 0 0 0 0 0 0 0 0 323 98 6 3 2 1 1 0 0 1 0 0 0
126 62 1 1 0 0 0 0 0 0 0 0 0 400 149 9 4 2 2 1 0 0 1 0 0 0
176 79 1 2 1 0 0 0 0 0 0 0 0 488 186 11 4 3 2 1 1 0 2 0 0 0
240 101 2 2 1 1 0 0 0 0 0 0 0 692 230 11 12 4 3 1 1 0 2 0 0 0
358 129 3 3 1 1 0 0 0 1 0 0 0 796 251 12 16 13 3 1 1 1 2 1 1 0
394 156 3 4 2 1 0 0 0 1 0 0 0 929 266 12 16 14 3 1 1 1 2 1 1 0
437 177 3 4 2 1 0 0 0 1 0 0 0 1200 295 13 17 16 3 2 1 1 3 1 1 0
519 198 3 5 2 1 0 0 0 1 0 0 0 1208 319 13 21 16 3 2 1 1 3 1 1 0
570 214 3 6 2 1 0 0 0 1 0 0 0 1299 331 13 21 16 3 2 1 1 3 1 1 0
655 235 4 7 2 2 0 0 0 1 0 0 0 1309 347 13 21 16 4 2 1 1 4 1 1 0
731 270 4 8 3 2 0 0 0 1 0 0 0 1353 382 13 21 16 4 2 1 1 4 1 1 0
781 300 4 8 3 2 0 0 0 2 0 0 0 1439 395 13 21 16 4 2 1 1 4 1 1 0
855 334 4 9 3 2 0 0 0 2 0 0 0 1581 409 13 23 16 5 2 1 1 4 1 1 0
927 355 4 10 4 2 0 0 0 2 0 0 0 1780 445 13 23 20 5 2 2 1 4 1 1 0
958 377 4 10 4 2 0 0 0 2 0 0 0 1846 481 13 25 21 5 2 2 1 5 1 1 0
1015 405 4 10 4 3 0 1 0 3 0 0 0 1925 515 13 25 21 6 2 2 1 5 1 1 0
1085 420 4 11 4 3 0 1 0 3 0 0 0 1962 548 13 28 21 7 2 2 1 6 1 1 0
1121 437 4 13 4 3 0 1 0 3 0 0 0 2049 580 13 30 21 8 2 2 1 6 1 1 0
1281 467 4 14 5 4 0 1 0 3 0 0 0 2208 616 13 33 21 8 2 2 1 7 1 1 0
1422 486 4 15 5 4 0 1 0 3 0 0 0 2291 640 13 35 21 8 2 2 1 7 1 1 0
1479 503 4 16 6 4 0 1 0 3 0 0 0 2299 680 13 35 21 9 2 2 1 7 1 1 0
1510 520 4 18 6 4 1 1 0 3 0 0 0 2350 724 13 36 21 9 2 2 1 7 1 1 0
1576 564 4 19 7 4 1 1 0 3 0 0 0 2398 739 13 36 22 9 2 2 1 7 1 1 0
1648 595 4 19 8 5 1 1 0 4 0 0 0 2666 777 13 36 23 9 2 3 1 7 1 1 0
1725 618 4 22 9 5 1 1 0 4 1 0 0 2848 793 13 37 24 9 2 3 1 7 1 1 0
1839 637 4 25 9 5 1 1 0 4 1 0 0 2892 806 13 38 24 10 2 3 1 7 1 1 0
1870 651 4 25 10 5 1 1 0 4 1 0 0 2958 863 13 38 24 10 3 3 1 7 1 1 0
1956 675 4 27 10 6 1 1 0 5 1 0 0 3122 884 13 40 24 10 3 3 1 8 1 1 0
1977 683 4 27 10 6 1 1 0 5 1 0 0 3188 889 13 42 24 10 3 3 1 8 1 1 0
2088 705 4 27 10 6 1 1 0 5 1 0 0 3192 937 13 53 25 10 3 3 2 8 2 1 0
2097 736 4 28 10 6 1 1 0 5 1 0 0 3257 963 13 53 27 10 3 3 2 8 2 1 0
2184 767 4 28 10 7 1 1 0 5 1 0 0 3387 996 13 54 27 10 3 3 2 8 2 1 0
2245 791 4 28 10 7 1 1 0 5 1 0 0 3434 1014 13 54 27 11 3 3 2 9 2 1 0
2298 811 4 29 10 7 1 1 0 5 1 0 0 3486 1048 13 55 28 11 3 3 2 9 2 1 0
2377 836 4 31 11 7 1 1 0 5 1 0 0 3530 1063 13 56 28 11 3 4 2 9 2 1 0
2427 861 4 32 11 7 1 2 0 5 1 0 0 3546 1083 13 56 29 12 4 4 2 9 2 1 0
2437 883 4 32 11 7 1 2 0 5 1 0 0 3941 1094 13 57 31 12 4 4 2 9 2 1 0
2513 900 4 33 11 7 1 2 0 6 1 0 0 3963 1121 13 58 32 12 4 4 2 9 2 1 0
