# scores for worst/random/best/smart move selector strategies. 
# scores are 50% and 95% quantiles (based on 40 games) of: 
# game score, #destroyed, #unlocked, #stripes, #bombs, #zappers
6 6 0 0 0 0 0 0 0 0 0 0 0 23 23 0 0 0 0 0 0 0 0 0 0 0
11 11 0 0 0 0 0 0 0 0 0 0 0 31 31 0 0 0 0 0 0 0 0 0 0 0
16 16 0 0 0 0 0 0 0 0 0 0 0 41 41 0 0 0 0 0 0 0 0 0 0 0
21 21 0 0 0 0 0 0 0 0 0 0 0 79 52 0 1 0 0 0 0 0 0 0 0 0
26 25 0 0 0 0 0 0 0 0 0 0 0 137 79 2 1 0 0 0 0 0 0 0 0 0
40 37 0 0 0 0 0 0 0 0 0 0 0 140 86 2 1 0 0 0 0 0 0 0 0 0
51 48 0 0 0 0 0 0 0 0 0 0 0 145 94 2 2 0 0 0 0 0 0 0 0 0
58 54 0 0 0 0 0 0 0 0 0 0 0 148 106 2 2 0 0 0 0 0 0 0 0 0
74 62 0 0 0 0 0 0 0 0 0 0 0 222 119 2 2 1 0 0 0 0 0 0 0 0
83 70 0 0 0 0 0 0 0 0 0 0 0 225 122 2 2 1 0 0 0 0 0 0 0 0
89 76 0 0 0 0 0 0 0 0 0 0 0 236 130 2 2 1 0 0 0 0 0 0 0 0
101 83 0 1 0 0 0 0 0 0 0 0 0 239 135 2 2 1 0 0 0 0 0 0 0 0
108 90 0 1 0 0 0 0 0 0 0 0 0 242 142 2 3 2 0 0 0 0 0 0 0 0
114 94 0 1 0 0 0 0 0 0 0 0 0 250 147 2 3 2 0 0 0 0 0 0 0 0
137 104 0 1 0 0 0 0 0 0 0 0 0 272 164 2 3 2 0 0 0 0 0 0 0 0
147 113 0 1 0 0 0 0 0 0 0 0 0 278 168 2 3 2 0 0 0 0 0 0 0 0
152 118 0 1 0 0 0 0 0 0 0 0 0 312 183 2 4 2 0 0 0 0 0 0 0 0
162 124 0 1 0 0 0 0 0 0 0 0 0 317 188 2 4 2 0 0 0 0 0 0 0 0
170 130 0 1 0 0 0 0 0 0 0 0 0 331 203 2 4 2 0 0 0 0 0 0 0 0
177 136 0 1 0 0 0 0 0 0 0 0 0 350 209 2 4 2 0 0 0 0 0 0 0 0
190 141 0 1 0 0 0 0 0 0 0 0 0 353 215 2 4 2 0 0 0 0 0 0 0 0
202 158 0 1 0 0 0 0 0 0 0 0 0 368 220 3 4 2 0 0 0 0 0 0 0 0
208 163 0 1 1 0 0 0 0 0 0 0 0 371 232 3 4 2 0 0 0 0 0 0 0 0
220 173 0 1 1 0 0 0 0 0 0 0 0 380 244 3 4 2 0 0 0 0 0 0 0 0
223 176 0 2 1 0 0 0 0 0 0 0 0 384 251 3 4 2 0 0 0 0 0 0 0 0
231 185 1 2 1 0 0 0 0 0 0 0 0 396 269 3 4 2 0 0 0 0 0 0 0 0
246 192 1 2 1 0 0 0 0 0 0 0 0 416 277 3 4 2 0 0 0 0 0 0 0 0
264 198 1 2 1 0 0 0 0 0 0 0 0 435 287 3 5 2 0 0 0 0 0 0 0 0
278 204 1 2 1 0 0 0 0 0 0 0 0 445 290 3 5 2 0 0 0 0 0 0 0 0
301 208 1 2 1 0 0 0 0 0 0 0 0 478 301 3 6 3 0 0 0 0 0 0 0 0
307 212 1 2 1 0 0 0 0 0 0 0 0 508 310 3 6 3 0 0 0 0 0 0 0 0
313 221 1 2 1 0 0 0 0 0 0 0 0 515 313 3 6 3 0 0 0 0 0 0 0 0
319 225 1 2 1 0 0 0 0 0 0 0 0 538 316 3 6 3 0 0 0 0 0 0 0 0
333 233 1 2 1 0 0 0 0 0 0 0 0 546 325 4 7 3 0 0 0 0 0 0 0 0
347 240 1 2 1 0 0 0 0 0 0 0 0 551 329 4 7 3 0 0 0 0 0 0 0 0
356 247 1 2 1 0 0 0 0 0 0 0 0 555 337 4 7 3 0 0 0 0 0 0 0 0
365 257 1 2 1 0 0 0 0 0 0 0 0 563 343 4 7 3 0 0 0 0 0 0 0 0
370 261 1 2 1 0 0 0 0 0 0 0 0 566 346 4 7 3 0 0 0 0 0 0 0 0
388 267 1 3 1 0 0 0 0 0 0 0 0 608 366 4 7 4 0 0 0 0 0 0 0 0
414 271 1 3 1 0 0 0 0 0 0 0 0 628 369 4 7 4 0 0 0 0 0 0 0 0
418 276 1 3 1 0 0 0 0 0 0 0 0 639 373 4 7 4 0 0 0 0 0 0 0 0
