# scores for worst/random/best/smart move selector strategies. 
# scores are 50% and 95% quantiles (based on 40 games) of: 
# game score, #destroyed, #unlocked, #stripes, #bombs, #zappers
3 3 0 0 0 0 0 0 0 0 0 0 0 16 16 0 0 0 0 0 0 0 0 0 0 0
10 10 0 0 0 0 0 0 0 0 0 0 0 30 22 0 0 0 0 0 0 0 0 0 0 0
15 15 0 0 0 0 0 0 0 0 0 0 0 86 30 0 1 0 0 0 0 0 0 0 0 0
22 22 0 0 0 0 0 0 0 0 0 0 0 106 40 0 2 0 0 1 0 0 0 0 0 0
27 26 0 0 0 0 0 0 0 0 0 0 0 121 48 0 2 1 0 1 0 0 0 0 0 0
57 33 0 0 0 0 0 0 0 0 0 0 0 125 53 0 2 1 0 1 0 0 0 0 0 0
63 39 0 1 0 0 0 0 0 0 0 0 0 159 60 0 3 1 1 1 0 0 0 0 0 0
88 45 0 1 0 0 0 0 0 0 0 0 0 190 73 0 3 1 1 1 0 0 1 0 0 0
98 50 0 1 0 0 0 0 0 0 0 0 0 221 77 0 3 1 1 1 0 0 1 0 0 0
115 57 0 2 0 0 0 0 0 0 0 0 0 227 83 0 4 1 1 1 0 0 1 0 0 0
121 62 0 2 0 0 0 0 0 0 0 0 0 284 95 0 4 1 1 1 0 0 1 0 0 0
129 68 0 2 0 0 0 0 0 0 0 0 0 289 102 0 4 1 1 1 0 0 1 0 0 0
140 75 0 2 0 0 0 0 0 0 0 0 0 293 106 0 5 1 1 1 0 0 1 0 0 0
155 80 0 2 0 0 0 0 0 0 0 0 0 296 116 0 5 1 1 2 0 0 1 0 0 0
173 90 0 3 0 0 1 0 0 0 0 0 0 320 124 0 6 1 1 2 1 0 1 0 0 0
191 97 0 3 0 0 1 0 0 0 0 0 0 331 132 0 6 1 2 2 1 0 2 0 0 0
210 105 0 3 0 0 1 0 0 0 0 0 0 339 135 0 7 1 2 2 1 0 2 0 0 0
219 110 0 3 0 0 1 0 0 0 0 0 0 352 143 0 8 1 2 2 1 0 2 0 0 0
241 118 0 3 0 0 1 0 0 0 0 0 0 382 147 0 8 1 2 2 1 0 2 0 0 0
256 126 0 4 0 0 1 0 0 0 0 0 0 402 157 0 8 1 2 2 1 0 2 0 0 0
286 130 0 4 0 0 1 0 0 0 0 0 0 460 182 0 10 1 2 2 1 0 2 0 0 0
299 137 0 4 0 0 1 0 0 0 0 0 0 464 188 0 10 2 2 2 1 0 2 0 0 0
317 147 0 5 0 0 1 0 0 0 0 0 0 507 192 0 10 2 2 2 1 0 2 0 0 0
331 154 0 5 0 0 1 0 0 0 0 0 0 514 195 0 10 2 2 2 1 0 2 0 0 0
350 161 0 6 0 0 1 0 0 0 0 0 0 556 202 0 10 2 2 3 1 0 2 0 0 0
354 166 0 6 0 0 1 0 0 0 0 0 0 568 208 0 10 2 2 3 1 0 2 0 0 0
384 175 0 6 0 0 1 0 0 0 0 0 0 607 217 0 10 2 2 3 1 0 2 0 0 0
398 181 0 6 0 0 1 0 0 0 0 0 0 630 220 0 11 2 2 3 1 0 2 0 0 0
404 184 0 7 0 0 1 0 0 0 0 0 0 638 228 0 11 2 2 3 1 0 2 0 0 0
412 189 0 7 0 0 1 0 0 0 0 0 0 701 244 0 12 2 2 3 1 0 2 0 0 0
448 200 0 7 0 0 1 0 0 0 0 0 0 708 258 0 12 2 2 3 1 0 2 0 0 0
461 204 0 7 0 0 1 0 0 0 0 0 0 718 266 0 12 2 2 3 1 0 2 0 0 0
487 212 0 8 0 0 1 0 0 0 0 0 0 724 270 0 12 2 2 3 1 0 2 0 0 0
490 217 0 8 0 0 1 0 0 0 0 0 0 749 275 0 12 2 2 3 1 0 2 0 0 0
499 224 0 8 0 0 1 0 0 0 0 0 0 755 280 0 13 2 2 3 1 0 2 0 0 0
519 230 0 8 0 0 1 0 0 0 0 0 0 760 284 0 13 2 2 3 1 0 2 0 0 0
538 235 0 8 0 0 1 0 0 0 0 0 0 783 291 0 14 2 2 3 1 0 2 0 0 0
543 242 0 8 0 0 1 0 0 0 0 0 0 801 297 0 14 2 2 3 1 0 2 0 0 0
549 245 0 9 0 0 2 0 0 0 0 0 0 804 309 0 14 2 2 3 1 0 2 0 0 0
559 249 0 10 0 0 2 0 0 0 0 0 0 807 319 0 14 2 2 3 1 0 2 0 0 0
566 252 0 10 0 0 2 0 0 0 0 0 0 811 324 0 15 2 2 3 1 0 2 0 0 0
