# scores for worst/random/best/smart move selector strategies. 
# scores are 50% and 95% quantiles (based on 40 games) of: 
# game score, #destroyed, #unlocked, #stripes, #bombs, #zappers
3 3 0 0 0 0 0 0 0 0 0 0 0 16 16 0 0 0 0 0 0 0 0 0 0 0
9 9 0 0 0 0 0 0 0 0 0 0 0 21 21 0 0 0 0 0 0 0 0 0 0 0
13 13 0 0 0 0 0 0 0 0 0 0 0 45 28 0 0 0 0 0 0 0 0 0 0 0
18 18 0 0 0 0 0 0 0 0 0 0 0 48 31 0 0 0 0 0 0 0 0 0 0 0
21 21 0 0 0 0 0 0 0 0 0 0 0 53 35 0 0 0 0 0 0 0 0 0 0 0
26 26 0 0 0 0 0 0 0 0 0 0 0 65 40 0 1 0 0 0 0 0 0 0 0 0
30 30 0 0 0 0 0 0 0 0 0 0 0 68 47 0 1 0 0 0 0 0 0 0 0 0
35 33 0 0 0 0 0 0 0 0 0 0 0 75 52 0 1 0 0 0 0 0 0 0 0 0
39 38 0 0 0 0 0 0 0 0 0 0 0 91 59 0 1 0 0 0 0 0 0 0 0 0
46 43 0 0 0 0 0 0 0 0 0 0 0 97 62 0 1 0 0 0 0 0 0 0 0 0
52 48 0 0 0 0 0 0 0 0 0 0 0 124 74 0 1 0 0 0 0 0 0 0 0 0
56 54 0 0 0 0 0 0 0 0 0 0 0 140 77 0 2 0 0 0 0 0 0 0 0 0
61 58 0 0 0 0 0 0 0 0 0 0 0 149 85 0 2 0 0 0 0 0 0 0 0 0
70 61 0 0 0 0 0 0 0 0 0 0 0 191 96 0 2 1 0 0 0 0 0 0 0 0
73 66 0 0 0 0 0 0 0 0 0 0 0 194 99 0 2 1 0 0 0 0 0 0 0 0
84 70 0 0 0 0 0 0 0 0 0 0 0 197 102 0 3 1 0 0 0 0 0 0 0 0
95 76 0 1 0 0 0 0 0 0 0 0 0 202 106 0 3 1 0 0 0 0 0 0 0 0
102 82 0 1 0 0 0 0 0 0 0 0 0 212 112 0 3 1 0 0 0 0 0 0 0 0
106 85 0 1 0 0 0 0 0 0 0 0 0 218 116 0 3 1 0 0 0 0 0 0 0 0
111 89 0 1 0 0 0 0 0 0 0 0 0 221 121 0 3 1 0 0 0 0 0 0 0 0
115 93 0 1 0 0 0 0 0 0 0 0 0 227 125 0 3 1 0 0 0 0 0 0 0 0
122 99 0 1 0 0 0 0 0 0 0 0 0 265 134 0 3 1 0 0 0 0 0 0 0 0
134 102 0 1 0 0 0 0 0 0 0 0 0 268 137 0 4 1 0 0 0 0 0 0 0 0
140 108 0 1 0 0 0 0 0 0 0 0 0 273 141 0 4 1 0 0 0 0 0 0 0 0
145 113 0 1 0 0 0 0 0 0 0 0 0 282 148 0 4 1 0 0 0 0 0 0 0 0
158 120 0 1 0 0 0 0 0 0 0 0 0 285 154 0 4 1 0 0 0 0 0 0 0 0
161 124 0 1 0 0 0 0 0 0 0 0 0 288 157 0 4 1 0 0 0 0 0 0 0 0
164 127 0 1 0 0 0 0 0 0 0 0 0 293 162 0 4 1 0 0 0 0 0 0 0 0
173 132 0 2 0 0 0 0 0 0 0 0 0 301 166 0 4 1 0 0 0 0 0 0 0 0
180 138 0 2 0 0 0 0 0 0 0 0 0 313 172 0 4 1 0 0 0 0 0 0 0 0
206 143 0 2 0 0 0 0 0 0 0 0 0 318 176 0 4 1 0 0 0 0 0 0 0 0
216 148 0 2 0 0 0 0 0 0 0 0 0 321 180 0 4 1 0 0 0 0 0 0 0 0
220 151 0 2 0 0 0 0 0 0 0 0 0 335 184 0 5 1 0 0 0 0 0 0 0 0
232 156 0 2 0 0 0 0 0 0 0 0 0 357 188 0 5 1 0 0 1 0 0 0 0 0
236 163 0 2 0 0 0 0 0 0 0 0 0 361 191 0 5 1 0 0 1 0 0 0 0 0
240 167 0 2 0 0 0 0 0 0 0 0 0 364 200 0 5 1 0 0 1 0 0 0 0 0
246 171 0 2 0 0 0 0 0 0 0 0 0 370 209 0 5 1 0 0 1 0 0 0 0 0
250 174 0 2 0 0 0 0 0 0 0 0 0 373 213 0 5 1 0 0 1 0 0 0 0 0
254 179 0 2 0 0 0 0 0 0 0 0 0 377 218 0 5 1 0 0 1 0 0 0 0 0
263 184 0 2 0 0 0 0 0 0 0 0 0 396 225 0 5 1 1 0 1 0 1 0 0 0
275 187 0 2 0 0 0 0 0 0 0 0 0 400 229 0 5 1 1 0 1 0 1 0 0 0
