# scores for worst/random/best/smart move selector strategies. 
# scores are 50% and 95% quantiles (based on 40 games) of: 
# game score, #destroyed, #unlocked, #stripes, #bombs, #zappers
3 3 0 0 0 0 0 0 0 0 0 0 0 16 16 0 0 0 0 0 0 0 0 0 0 0
10 10 0 0 0 0 0 0 0 0 0 0 0 55 23 0 1 0 0 0 0 0 0 0 0 0
18 18 0 0 0 0 0 0 0 0 0 0 0 88 36 0 2 0 0 0 0 0 0 0 0 0
44 27 0 0 0 0 0 0 0 0 0 0 0 134 53 0 2 0 1 1 0 0 1 0 0 0
78 35 0 1 0 0 0 0 0 0 0 0 0 146 70 0 3 1 1 1 0 0 1 0 0 0
87 41 0 1 0 0 0 0 0 0 0 0 0 181 80 0 3 1 1 1 0 0 1 0 0 0
106 50 0 1 0 0 0 0 0 0 0 0 0 194 86 0 3 1 1 1 0 0 1 0 0 0
126 60 0 2 0 0 0 0 0 0 0 0 0 219 90 0 4 1 1 1 0 0 1 0 0 0
144 66 0 2 0 0 0 0 0 0 0 0 0 233 97 0 4 2 2 1 0 0 2 0 0 0
173 74 0 3 0 0 0 0 0 0 0 0 0 287 109 0 4 2 2 1 1 0 2 0 0 0
187 82 0 3 0 0 0 0 0 0 0 0 0 312 123 0 4 2 2 1 1 0 2 0 0 0
208 91 0 3 0 0 0 0 0 0 0 0 0 380 138 0 5 2 2 1 1 0 2 0 0 0
215 101 0 3 0 0 0 0 0 0 0 0 0 554 168 0 7 2 2 1 1 0 2 0 0 0
228 106 0 3 0 0 0 0 0 0 0 0 0 567 174 0 7 2 2 1 1 0 2 0 0 0
282 116 0 4 0 0 1 0 0 0 0 0 0 573 179 0 8 2 2 2 1 0 2 0 0 0
293 122 0 5 0 0 1 0 0 0 0 0 0 614 199 0 8 2 2 2 1 0 2 0 0 0
301 136 0 5 0 0 1 0 0 0 0 0 0 630 208 0 8 3 2 2 1 0 2 0 0 0
325 145 0 5 0 1 1 0 0 1 0 0 0 688 215 0 13 3 2 2 1 0 2 1 0 0
353 158 0 5 0 1 1 0 0 1 0 0 0 693 234 0 13 3 3 2 1 0 3 1 0 0
371 166 0 6 1 1 1 0 0 1 0 0 0 709 241 0 14 3 3 2 1 0 3 1 0 0
410 175 0 6 1 1 1 0 0 1 0 0 0 715 248 0 14 3 3 2 1 0 3 1 0 0
441 185 0 6 1 1 1 0 0 1 0 0 0 736 263 0 14 3 3 2 1 0 3 1 0 0
450 192 0 6 1 1 1 0 0 1 0 0 0 742 283 0 14 3 3 2 1 0 3 1 0 0
474 198 0 7 1 1 1 0 0 1 0 0 0 752 300 0 15 3 3 2 1 0 3 1 0 0
483 205 0 7 1 1 1 0 0 1 0 0 0 756 307 0 15 3 3 2 1 0 3 1 0 0
493 214 0 8 1 1 1 0 0 1 0 0 0 807 313 0 16 3 3 3 1 0 3 1 0 0
510 222 0 8 1 1 1 0 0 1 0 0 0 832 323 0 16 3 3 3 1 0 3 1 0 0
548 231 0 9 1 1 1 0 0 1 0 0 0 913 327 0 18 3 3 3 1 0 3 1 0 0
581 239 0 9 1 1 1 0 0 1 0 0 0 918 332 0 18 3 3 3 1 0 3 1 0 0
584 244 0 9 1 1 1 0 0 1 0 0 0 967 337 0 18 3 3 3 1 1 3 1 0 0
601 258 0 9 1 1 1 0 0 1 0 0 0 980 352 0 18 4 3 3 2 1 3 1 0 0
642 266 0 9 1 1 1 0 0 1 0 0 0 1050 374 0 18 4 3 3 2 1 3 1 0 0
662 274 0 10 1 1 1 0 0 1 0 0 0 1053 380 0 18 5 4 3 2 1 4 1 0 0
685 282 0 10 1 1 2 0 0 1 0 0 0 1090 386 0 19 5 4 3 2 1 4 1 0 0
697 289 0 11 1 1 2 0 0 1 0 0 0 1095 396 0 19 5 4 3 2 1 4 1 0 0
718 294 0 11 1 1 2 0 0 1 0 0 0 1099 406 0 19 6 4 3 2 1 4 1 0 0
744 306 0 11 2 1 2 0 0 1 0 0 0 1147 422 0 20 6 4 3 2 1 4 1 0 0
764 317 0 12 2 2 2 0 0 1 0 0 0 1171 436 0 20 6 4 3 2 1 4 1 0 0
777 320 0 12 2 2 2 0 0 1 0 0 0 1233 454 0 23 6 4 4 2 1 4 1 0 0
812 332 0 13 2 2 2 0 0 1 0 0 0 1239 464 0 23 6 4 4 2 1 4 1 0 0
839 346 0 13 2 2 2 0 0 1 0 0 0 1243 469 0 23 6 4 4 2 1 4 1 0 0
