# scores for worst/random/best/smart move selector strategies. 
# scores are 50% and 95% quantiles (based on 40 games) of: 
# game score, #destroyed, #unlocked, #stripes, #bombs, #zappers
3 3 0 0 0 0 0 0 0 0 0 0 0 16 16 0 0 0 0 0 0 0 0 0 0 0
8 8 0 0 0 0 0 0 0 0 0 0 0 19 19 0 0 0 0 0 0 0 0 0 0 0
12 12 0 0 0 0 0 0 0 0 0 0 0 23 23 0 0 0 0 0 0 0 0 0 0 0
15 15 0 0 0 0 0 0 0 0 0 0 0 27 27 0 0 0 0 0 0 0 0 0 0 0
19 19 0 0 0 0 0 0 0 0 0 0 0 35 35 0 0 0 0 0 0 0 0 0 0 0
24 24 0 0 0 0 0 0 0 0 0 0 0 40 40 0 0 0 0 0 0 0 0 0 0 0
27 27 0 0 0 0 0 0 0 0 0 0 0 65 43 0 0 0 0 0 0 0 0 0 0 0
30 30 0 0 0 0 0 0 0 0 0 0 0 86 49 0 0 0 0 0 0 0 0 0 0 0
35 35 0 0 0 0 0 0 0 0 0 0 0 89 52 0 0 0 0 0 0 0 0 0 0 0
39 39 0 0 0 0 0 0 0 0 0 0 0 92 56 0 0 0 0 0 0 0 0 0 0 0
43 43 0 0 0 0 0 0 0 0 0 0 0 98 67 0 1 0 0 0 0 0 0 0 0 0
47 47 0 0 0 0 0 0 0 0 0 0 0 103 72 0 1 0 0 0 0 0 0 0 0 0
51 51 0 0 0 0 0 0 0 0 0 0 0 106 75 0 1 0 0 0 0 0 0 0 0 0
56 54 0 0 0 0 0 0 0 0 0 0 0 117 80 0 1 1 0 0 0 0 0 0 0 0
60 59 0 0 0 0 0 0 0 0 0 0 0 121 91 0 1 1 0 0 0 0 0 0 0 0
64 63 0 0 0 0 0 0 0 0 0 0 0 124 94 0 1 1 0 0 0 0 0 0 0 0
67 67 0 0 0 0 0 0 0 0 0 0 0 127 97 0 1 1 0 0 0 0 0 0 0 0
73 70 0 0 0 0 0 0 0 0 0 0 0 152 104 0 1 1 0 0 0 0 0 0 0 0
79 78 0 0 0 0 0 0 0 0 0 0 0 156 107 0 1 1 0 0 0 0 0 0 0 0
84 81 0 0 0 0 0 0 0 0 0 0 0 160 110 0 1 1 0 0 0 0 0 0 0 0
90 85 0 0 0 0 0 0 0 0 0 0 0 163 113 0 2 1 0 0 0 0 0 0 0 0
93 88 0 0 0 0 0 0 0 0 0 0 0 166 116 0 2 1 0 0 0 0 0 0 0 0
96 93 0 0 0 0 0 0 0 0 0 0 0 169 119 0 2 1 0 0 0 0 0 0 0 0
102 99 0 0 0 0 0 0 0 0 0 0 0 173 123 0 2 1 0 0 0 0 0 0 0 0
114 102 0 0 0 0 0 0 0 0 0 0 0 198 130 0 2 1 0 0 0 0 0 0 0 0
117 106 0 0 0 0 0 0 0 0 0 0 0 202 136 0 2 1 0 0 0 0 0 0 0 0
121 110 0 0 0 0 0 0 0 0 0 0 0 209 144 0 2 1 0 0 0 0 0 0 0 0
128 115 0 0 0 0 0 0 0 0 0 0 0 217 147 0 2 1 0 0 0 0 0 0 0 0
136 121 0 0 0 0 0 0 0 0 0 0 0 235 152 0 2 1 0 0 0 0 0 0 0 0
141 126 0 0 0 0 0 0 0 0 0 0 0 242 159 0 2 1 0 0 0 0 0 0 0 0
147 131 0 0 0 0 0 0 0 0 0 0 0 245 162 0 2 1 0 0 0 0 0 0 0 0
151 135 0 0 0 0 0 0 0 0 0 0 0 248 165 0 2 1 0 0 0 0 0 0 0 0
155 141 0 0 0 0 0 0 0 0 0 0 0 251 169 0 2 1 0 0 0 0 0 0 0 0
158 144 0 0 0 0 0 0 0 0 0 0 0 254 174 0 2 1 0 0 0 0 0 0 0 0
166 148 0 1 0 0 0 0 0 0 0 0 0 258 178 0 2 1 0 0 0 0 0 0 0 0
170 151 0 1 0 0 0 0 0 0 0 0 0 261 181 0 2 1 0 0 0 0 0 0 0 0
177 156 0 1 0 0 0 0 0 0 0 0 0 278 188 0 2 1 0 0 0 0 0 0 0 0
180 159 0 1 0 0 0 0 0 0 0 0 0 282 191 0 2 1 0 0 0 0 0 0 0 0
186 162 0 1 0 0 0 0 0 0 0 0 0 285 194 0 3 1 0 0 0 0 0 0 0 0
189 165 0 1 0 0 0 0 0 0 0 0 0 288 201 0 3 1 0 0 0 0 0 0 0 0
192 172 0 1 0 0 0 0 0 0 0 0 0 293 205 0 3 1 0 0 0 0 0 0 0 0
