# scores for worst/random/best/smart move selector strategies. 
# scores are 50% and 95% quantiles (based on 40 games) of: 
# game score, #destroyed, #unlocked, #stripes, #bombs, #zappers
30 30 0 0 0 0 0 0 0 0 0 0 0 197 96 0 1 2 0 0 0 0 0 0 0 0
215 98 0 2 1 0 0 0 0 0 0 0 0 1021 349 0 16 9 4 0 0 0 1 0 0 0
645 212 0 5 4 1 0 0 0 1 0 0 0 2017 664 0 30 19 9 0 1 0 1 1 0 0
949 298 0 7 5 2 0 0 0 1 0 0 0 2278 707 0 34 27 10 0 1 1 2 1 1 0
1509 433 0 13 10 3 0 0 0 1 0 0 0 2675 884 0 39 35 11 0 1 1 2 1 1 1
1850 539 0 16 14 4 0 0 0 1 0 0 0 4059 1326 0 47 41 16 1 1 1 3 1 1 1
2160 633 0 22 17 5 0 0 0 1 0 0 0 5016 1611 0 50 50 20 1 1 1 4 1 2 1
2754 730 0 26 21 5 0 0 0 1 0 0 0 5283 1701 0 54 50 20 1 1 1 5 1 2 1
3181 858 0 31 29 6 0 1 0 2 0 0 0 6339 1878 0 62 62 22 1 1 1 5 2 2 1
3621 987 0 33 35 7 0 1 0 2 0 1 0 6991 1937 0 65 75 25 1 1 1 6 2 2 1
3880 1055 0 37 42 9 0 1 0 3 0 1 0 7475 1978 0 65 78 28 1 2 1 6 2 2 1
4162 1116 0 41 43 10 0 1 0 3 1 1 0 8076 2191 0 68 88 30 1 2 1 6 2 2 1
4530 1253 0 43 46 11 0 1 0 3 1 1 0 8706 2280 0 74 96 30 2 2 2 6 2 3 1
4938 1387 0 47 50 14 0 1 0 3 1 1 0 10010 2553 0 80 110 35 2 2 2 7 2 3 1
5658 1523 0 54 55 14 0 1 0 4 1 1 0 10283 2652 0 87 113 36 2 2 2 7 2 3 1
6081 1574 0 60 61 15 0 1 0 4 1 1 0 10558 2800 0 101 118 36 2 3 2 7 3 3 1
6648 1702 0 65 66 16 0 1 0 4 1 1 0 11065 2873 0 102 121 39 2 3 2 7 3 3 1
7335 1908 0 69 75 17 0 1 0 4 1 1 0 11531 2921 0 104 130 39 2 3 2 7 3 3 1
7803 2065 0 73 78 19 0 1 0 4 1 1 0 11787 3029 0 107 137 40 2 3 2 7 3 4 1
8243 2167 0 78 82 19 0 1 0 5 1 2 0 12752 3160 0 117 142 42 2 3 3 8 3 4 1
8655 2258 0 81 86 20 0 1 0 5 1 2 0 14212 3348 0 119 162 45 2 3 3 8 4 4 1
9678 2342 0 83 96 22 0 1 1 5 1 2 0 14607 3444 0 124 172 46 2 4 3 8 4 5 1
9791 2414 0 88 103 23 0 1 1 5 2 2 0 15966 3795 0 134 191 49 2 4 3 8 4 5 1
10118 2560 0 96 105 23 1 1 1 6 2 2 0 16179 3928 0 137 192 51 2 4 3 9 4 5 1
10366 2643 0 100 115 24 1 2 1 6 2 3 0 16569 4036 0 144 192 53 2 4 3 10 4 5 1
10871 2822 0 102 120 26 1 2 1 6 2 3 0 18111 4160 0 155 200 58 2 4 3 11 4 5 1
11076 2896 0 103 121 26 1 2 1 6 2 3 0 18855 4229 0 157 208 60 2 4 3 11 4 5 1
11404 3011 0 105 124 27 1 2 1 7 2 3 0 19209 4271 0 157 208 60 3 4 3 12 4 5 1
11863 3112 0 110 129 29 1 2 1 7 2 3 0 19861 4554 0 186 216 62 3 5 3 12 5 5 1
12187 3259 0 120 142 31 1 2 1 7 2 3 0 20225 4672 0 188 219 63 3 5 3 13 5 5 1
13065 3338 0 124 144 33 1 2 1 7 2 3 0 20573 4838 0 192 222 64 3 5 3 13 5 5 1
13211 3479 0 125 148 33 1 2 1 7 2 3 0 21668 5172 0 195 231 68 3 5 3 13 5 6 1
14014 3675 0 131 150 35 1 2 1 8 2 3 1 22377 5314 0 199 248 68 3 5 3 13 5 6 2
14667 3705 0 136 151 35 1 2 1 8 3 3 1 23024 5415 0 208 254 70 3 5 3 13 5 6 2
15176 3829 0 141 156 37 1 2 1 8 3 3 1 23241 5573 0 210 254 71 3 5 3 13 5 7 2
15445 3901 0 143 161 38 1 2 1 9 3 3 1 23736 5778 0 224 256 75 3 5 4 13 6 7 2
15960 4135 0 145 165 39 1 2 1 9 3 4 1 23885 5861 0 228 257 75 3 5 4 14 6 7 2
16593 4251 0 151 166 40 1 2 1 9 3 4 1 24306 6092 0 239 259 76 3 5 4 14 6 7 2
17221 4345 0 160 171 42 1 2 1 10 3 4 1 25058 6440 0 244 264 79 4 5 4 14 6 7 2
17567 4501 0 162 176 43 1 2 1 10 3 4 1 26664 6664 0 247 271 83 4 5 4 15 6 7 2
17693 4598 0 171 180 46 1 2 1 10 3 4 1 26840 6724 0 248 271 83 4 5 4 16 6 7 2
