# scores for worst/random/best/smart move selector strategies. 
# scores are 50% and 95% quantiles (based on 40 games) of: 
# game score, #destroyed, #unlocked, #stripes, #bombs, #zappers
30 30 0 0 0 0 0 0 0 0 0 0 0 197 96 0 1 2 0 0 0 0 0 0 0 0
46 43 0 0 0 0 0 0 0 0 0 0 0 312 109 0 2 3 0 0 0 0 0 0 0 0
71 51 0 0 0 0 0 0 0 0 0 0 0 489 212 0 3 4 1 0 0 0 0 0 0 0
93 67 0 0 0 0 0 0 0 0 0 0 0 685 286 0 5 4 2 0 0 0 0 0 0 0
101 75 0 1 0 0 0 0 0 0 0 0 0 701 302 0 5 4 2 0 0 0 0 0 0 0
143 91 0 1 1 0 0 0 0 0 0 0 0 816 320 0 8 6 2 0 0 0 0 0 0 0
199 115 0 1 1 0 0 0 0 0 0 0 0 1132 409 0 10 8 3 0 0 0 0 0 0 0
276 152 0 2 2 0 0 0 0 0 0 0 0 1140 419 0 10 8 3 0 0 0 0 0 0 0
336 189 0 3 2 0 0 0 0 0 0 0 0 1415 529 0 10 13 5 0 0 0 0 0 0 0
343 195 0 3 2 0 0 0 0 0 0 0 0 1418 532 0 10 13 5 0 0 0 0 0 0 0
367 210 0 3 2 0 0 0 0 0 0 0 0 1581 575 0 13 13 5 0 0 0 0 0 0 0
468 230 0 3 3 0 0 0 0 0 0 0 0 1590 586 0 13 13 5 0 0 0 0 0 0 0
491 246 0 3 3 0 0 0 0 0 0 0 0 1594 591 0 13 13 5 0 0 0 0 0 0 0
565 264 0 3 4 0 0 0 0 0 0 0 0 1787 643 0 14 15 5 0 0 0 0 0 0 0
582 284 0 4 5 0 0 0 0 0 0 0 0 1790 646 0 14 15 5 0 0 0 0 0 0 0
681 307 0 4 5 1 0 0 0 0 0 0 0 1875 689 0 15 15 6 0 0 0 0 0 0 0
771 330 0 6 6 1 0 0 0 0 0 0 0 1878 692 0 15 15 6 0 0 0 0 0 0 0
794 364 0 6 6 1 0 0 0 0 0 0 0 2184 752 0 16 19 8 0 0 0 0 0 0 0
801 369 0 6 6 1 0 0 0 0 0 0 0 2272 807 0 17 19 9 0 0 0 0 0 0 0
880 387 0 8 7 1 0 0 0 0 0 0 0 2528 883 0 21 21 9 0 0 0 0 0 0 0
969 407 0 8 7 1 0 0 0 0 0 0 0 2532 889 0 21 21 9 0 0 0 0 0 0 0
982 420 0 9 7 1 0 0 0 0 0 0 0 3005 1052 0 21 23 9 0 0 0 0 0 0 0
1023 446 0 9 7 1 0 0 0 0 0 0 0 3008 1056 0 21 23 9 0 0 0 0 0 0 0
1027 452 0 9 7 1 0 0 0 0 0 0 0 3189 1122 0 21 25 11 0 0 0 0 0 0 0
1113 477 0 10 9 1 0 0 0 0 0 0 0 3370 1203 0 25 29 11 0 0 0 0 0 0 0
1119 483 0 11 9 2 0 0 0 0 0 0 0 3480 1252 0 25 30 11 0 0 0 0 0 0 0
1305 577 0 12 11 2 0 0 0 0 0 0 0 3502 1262 0 26 30 11 0 0 0 0 0 0 0
1533 608 0 12 12 2 0 0 0 0 0 0 0 3566 1285 0 26 31 11 0 0 0 0 0 0 0
1538 613 0 12 12 2 0 0 0 0 0 0 0 3643 1315 0 26 32 11 0 0 0 0 0 0 0
1711 686 0 12 13 3 0 0 0 0 0 0 0 3648 1320 0 26 32 11 0 0 0 0 0 0 0
1764 710 0 13 14 3 0 0 0 0 0 0 0 3665 1337 0 27 32 11 0 0 0 0 0 0 0
1912 768 0 14 15 3 0 0 0 0 0 0 0 3668 1340 0 27 32 11 0 0 0 0 0 0 0
1927 778 0 14 15 3 0 0 0 0 0 0 0 3681 1345 0 27 32 11 0 0 0 0 0 0 0
1962 783 0 14 15 3 0 0 0 0 0 0 0 3684 1348 0 28 32 11 0 0 0 0 0 0 0
2020 813 0 15 16 3 0 0 0 0 0 0 0 3689 1353 0 28 32 11 0 0 0 0 0 0 0
2139 836 0 16 17 4 0 0 0 0 0 0 0 3692 1356 0 28 32 11 0 0 0 0 0 0 0
2263 872 0 17 18 4 0 0 0 0 0 0 0 4212 1491 0 30 32 11 0 0 0 0 0 0 0
2266 875 0 17 18 5 0 0 0 0 0 0 0 4236 1494 0 30 32 11 0 0 0 0 0 0 0
2298 898 0 17 18 5 0 0 0 0 0 0 0 4393 1561 0 30 34 11 0 0 0 0 0 0 0
2369 910 0 18 18 5 0 0 0 0 0 0 0 4603 1600 0 33 34 13 0 0 0 0 0 0 0
2380 915 0 18 18 5 0 0 0 0 0 0 0 4610 1625 0 33 34 13 0 0 0 0 0 0 0
