# scores for worst/random/best/smart move selector strategies. 
# scores are 50% and 95% quantiles (based on 40 games) of: 
# game score, #destroyed, #unlocked, #stripes, #bombs, #zappers
3 3 0 0 0 0 0 0 0 0 0 0 0 822 84 5 8 4 6 0 0 0 0 0 0 0
3 3 0 0 0 0 0 0 0 0 0 0 0 1399 170 5 13 8 11 0 0 0 0 0 0 0
6 6 0 0 0 0 0 0 0 0 0 0 0 1542 201 19 22 9 11 0 0 0 0 1 0 1
6 6 0 0 0 0 0 0 0 0 0 0 0 1638 242 19 22 10 11 0 0 0 0 1 0 1
12 12 0 0 0 0 0 0 0 0 0 0 0 1741 260 25 24 14 12 0 0 0 1 1 1 1
1124 135 0 10 5 7 0 0 0 0 0 0 0 1856 276 25 25 15 12 0 1 1 1 1 1 1
1460 167 9 13 8 11 0 0 0 0 0 0 0 1899 303 25 25 16 12 1 1 1 1 1 1 1
1542 182 15 14 8 11 0 0 0 0 0 0 0 1906 314 32 25 16 13 1 1 1 1 1 1 1
1606 206 17 15 9 11 0 0 0 0 0 0 0 2116 342 32 28 16 13 1 1 1 2 1 1 1
1678 216 17 16 9 11 0 0 0 0 0 0 0 2142 374 32 28 16 13 1 1 1 2 1 1 1
1692 229 18 16 9 11 0 0 0 1 0 0 0 2311 391 32 31 16 14 1 1 1 3 1 1 1
1723 255 18 17 9 12 0 0 0 1 0 0 0 2315 400 32 31 17 14 1 1 1 3 1 1 1
1768 274 18 18 10 12 0 0 0 1 0 0 0 2355 404 32 31 17 14 1 1 1 3 1 1 1
1815 291 18 18 10 12 0 0 0 1 0 0 0 2495 407 32 31 17 14 1 1 1 3 1 1 1
1823 299 18 19 10 12 0 0 0 1 0 0 0 2543 436 32 33 17 14 2 1 1 3 1 1 1
1870 313 18 19 10 12 0 0 0 1 0 0 0 2574 461 32 34 17 14 2 1 1 3 1 1 1
1878 320 18 20 10 12 0 0 0 1 0 0 0 2584 474 32 34 18 14 2 1 1 3 1 1 1
1940 340 18 21 10 12 0 0 0 1 0 0 0 2594 487 32 34 19 15 2 1 1 3 1 1 1
1956 354 18 21 10 12 0 0 0 1 0 0 0 2604 500 32 35 20 15 2 2 1 4 1 1 1
2008 371 18 22 10 12 1 0 0 1 0 0 0 2754 531 32 35 20 15 2 2 1 4 1 1 1
2057 387 18 23 10 12 1 0 0 1 0 0 0 2817 535 32 36 21 15 2 2 1 4 1 1 1
2109 404 18 25 11 12 1 0 0 1 0 0 0 2878 583 32 37 22 15 2 2 1 4 1 1 1
2140 413 18 26 11 13 1 1 0 1 0 0 0 2888 596 32 37 22 15 2 2 1 4 1 1 1
2175 427 18 26 11 13 1 1 0 1 0 0 0 3049 628 32 37 22 16 3 2 1 4 1 1 1
2182 443 18 28 11 13 1 1 0 1 0 0 0 3082 638 32 39 22 16 3 2 1 4 1 1 1
2294 465 18 28 11 13 1 1 0 1 0 0 0 3086 642 32 40 22 16 3 2 1 4 1 1 1
2346 484 18 29 11 13 1 1 0 1 0 0 0 3094 650 32 40 22 16 3 2 1 4 1 1 1
2387 503 18 29 12 13 1 1 0 1 0 0 0 3101 661 32 41 22 16 3 2 1 4 1 1 1
2393 514 18 30 12 13 1 1 0 1 0 0 0 3259 693 32 42 23 16 3 2 1 4 1 1 1
2414 525 18 31 12 13 1 1 0 1 0 0 0 3342 719 32 43 23 17 3 2 1 5 1 1 1
2468 536 18 32 12 13 1 1 0 1 0 0 0 3550 759 32 53 24 17 3 2 1 5 1 1 1
2521 553 18 32 12 13 1 1 0 2 0 0 0 3673 796 32 55 26 18 4 3 1 5 2 1 1
2529 567 18 33 12 13 1 1 0 2 0 0 0 3682 820 32 56 26 18 4 3 1 5 2 1 1
2561 582 18 35 12 13 1 1 0 2 1 0 0 3687 861 32 56 26 19 4 3 1 5 2 1 1
2609 604 18 36 13 13 2 1 0 2 1 0 0 3731 875 32 56 26 19 4 3 1 5 2 1 1
2651 642 18 36 14 13 2 1 0 2 1 0 0 3813 891 32 56 26 19 4 3 1 5 2 1 1
2678 648 18 36 14 13 2 1 0 2 1 0 0 3850 911 32 56 26 19 4 3 1 5 2 1 1
2848 681 18 37 14 13 2 1 0 2 1 0 0 3855 919 32 56 26 19 4 3 1 5 2 1 1
2854 685 18 38 14 14 2 1 0 2 1 0 0 4114 949 32 64 29 19 4 3 1 6 2 1 1
2993 699 18 40 14 14 2 1 0 2 1 0 0 4123 970 32 64 29 19 4 3 1 6 2 1 1
3000 706 18 40 14 14 2 1 0 2 1 0 0 4167 979 32 64 30 19 4 3 1 6 2 1 1
