# scores for worst/random/best/smart move selector strategies. 
# scores are 50% and 95% quantiles (based on 40 games) of: 
# game score, #destroyed, #unlocked, #stripes, #bombs, #zappers
3 3 0 0 0 0 0 0 0 0 0 0 0 822 84 5 8 4 6 0 0 0 0 0 0 0
3 3 0 0 0 0 0 0 0 0 0 0 0 1376 140 6 13 8 11 0 0 0 0 0 0 0
6 6 0 0 0 0 0 0 0 0 0 0 0 1489 158 14 16 9 11 0 0 0 0 0 0 0
6 6 0 0 0 0 0 0 0 0 0 0 0 1516 198 15 18 9 11 0 0 0 0 0 0 0
9 9 0 0 0 0 0 0 0 0 0 0 0 1559 204 20 18 10 11 0 0 0 0 0 0 0
12 12 0 0 0 0 0 0 0 0 0 0 0 1587 216 20 19 10 11 0 0 0 1 0 0 0
136 31 1 1 0 1 0 0 0 0 0 0 0 1659 223 20 19 10 11 0 0 0 1 1 0 0
1414 162 9 13 8 11 0 0 0 0 0 0 0 1689 251 21 21 11 11 0 0 0 1 1 0 0
1429 176 11 13 8 11 0 0 0 0 0 0 0 1692 257 21 21 11 12 0 0 0 1 1 0 0
1441 184 11 14 8 11 0 0 0 0 0 0 0 1698 260 21 22 11 12 0 0 0 1 1 0 0
1452 188 11 14 8 11 0 0 0 0 0 0 0 1702 264 21 22 11 12 0 0 0 1 1 0 0
1458 196 11 14 8 11 0 0 0 0 0 0 0 1779 287 21 23 11 12 0 1 0 2 1 0 0
1473 205 11 14 9 11 0 0 0 0 0 0 0 1782 304 21 23 11 12 0 1 0 2 1 0 0
1482 215 11 14 9 11 0 0 0 0 0 0 0 1797 310 21 23 11 12 0 1 0 2 1 0 0
1496 218 13 14 9 11 0 0 0 0 0 0 0 1803 325 22 23 11 12 0 1 0 2 1 0 0
1499 222 13 14 9 11 0 0 0 0 0 0 0 1850 329 22 23 12 12 0 1 0 2 1 0 0
1516 233 13 14 9 11 0 0 0 0 0 0 0 1855 332 22 23 12 12 1 1 0 2 1 0 0
1538 242 13 14 9 11 0 0 0 0 0 0 0 1858 339 22 23 12 12 1 1 0 2 1 0 0
1546 249 14 14 9 11 0 0 0 0 0 0 0 1910 356 22 23 12 12 1 1 0 2 1 0 0
1580 262 14 15 9 11 0 0 0 0 0 0 0 1942 368 22 23 12 12 1 1 0 2 1 0 0
1592 266 14 15 9 11 0 0 0 0 0 0 0 1949 373 22 23 12 12 1 1 0 2 1 0 0
1595 269 14 15 9 11 0 0 0 0 0 0 0 1958 384 22 23 12 12 1 1 0 3 1 0 0
1615 282 14 15 9 11 0 0 0 0 0 0 0 1978 387 22 24 12 13 1 1 0 3 1 0 0
1622 292 14 15 9 11 0 0 0 0 0 0 0 2011 401 22 24 12 13 1 1 0 3 1 0 0
1680 309 14 16 9 11 0 0 0 0 0 0 0 2016 408 22 24 12 13 1 1 0 3 1 0 0
1687 312 14 16 9 11 0 0 0 0 0 0 0 2052 420 22 25 12 13 1 1 0 3 1 0 0
1701 330 14 16 10 11 0 0 0 0 0 0 0 2058 426 22 25 12 13 1 1 0 3 1 0 0
1746 335 14 16 10 11 0 0 0 0 0 0 0 2189 452 22 25 13 13 1 1 0 3 1 0 0
1752 339 14 17 10 11 0 0 0 0 0 0 0 2192 460 22 25 13 13 1 1 0 3 1 0 0
1767 342 14 18 10 11 0 0 0 0 0 0 0 2246 479 22 25 13 13 1 1 0 3 1 0 0
1794 353 14 18 10 11 0 0 0 0 0 0 0 2252 485 22 25 13 13 1 1 0 3 1 0 0
1799 362 14 18 10 11 0 0 0 0 0 0 0 2288 494 22 25 14 13 1 1 0 3 1 0 0
1805 371 14 18 10 11 0 0 0 0 0 0 0 2293 508 22 25 14 13 1 1 0 3 1 0 0
1812 379 14 18 10 11 0 0 0 0 0 0 0 2310 513 22 26 14 13 1 1 0 3 1 0 0
1826 385 14 18 10 11 0 0 0 0 0 0 0 2316 526 22 26 14 13 1 1 0 3 1 0 0
1858 393 14 18 10 11 0 0 0 0 0 0 0 2320 533 22 26 14 13 1 1 0 3 1 0 0
1864 396 14 18 10 11 0 0 0 0 0 0 0 2324 537 22 26 14 14 1 1 0 3 1 0 0
1908 406 14 18 10 11 0 0 0 0 0 0 0 2330 544 22 27 14 14 1 1 0 3 1 0 0
1953 418 14 19 10 11 0 0 0 0 0 0 0 2334 553 22 27 14 14 1 1 0 3 1 0 0
1956 421 14 19 11 11 0 0 0 0 0 0 0 2337 556 22 27 14 14 1 1 0 3 1 0 0
1985 430 14 19 11 11 0 0 0 0 0 0 0 2361 572 22 28 14 14 1 1 0 3 1 0 0
