# scores for worst/random/best/smart move selector strategies. 
# scores are 50% and 95% quantiles (based on 40 games) of: 
# game score, #destroyed, #unlocked, #stripes, #bombs, #zappers
3 3 0 0 0 0 0 0 0 0 0 0 0 822 84 5 8 4 6 0 0 0 0 0 0 0
3 3 0 0 0 0 0 0 0 0 0 0 0 823 86 5 8 4 6 0 0 0 0 0 0 0
4 4 0 0 0 0 0 0 0 0 0 0 0 826 89 5 8 4 6 0 0 0 0 0 0 0
6 6 0 0 0 0 0 0 0 0 0 0 0 1385 135 11 14 8 11 0 0 0 0 0 0 0
9 9 0 0 0 0 0 0 0 0 0 0 0 1406 162 15 14 8 11 0 0 0 0 0 0 0
11 11 0 0 0 0 0 0 0 0 0 0 0 1472 188 18 15 8 11 0 0 0 0 0 0 0
17 15 0 0 0 0 0 0 0 0 0 0 0 1553 210 18 15 10 11 0 0 0 0 0 0 0
1381 151 9 12 8 10 0 0 0 0 0 0 0 1556 218 18 15 10 11 0 0 0 0 0 0 0
1401 163 13 13 8 11 0 0 0 0 0 0 0 1571 224 20 15 10 11 0 0 0 1 0 0 0
1419 170 13 13 8 11 0 0 0 0 0 0 0 1577 231 20 16 11 11 0 0 0 1 0 0 0
1424 173 13 13 8 11 0 0 0 0 0 0 0 1600 252 20 16 11 11 0 0 0 1 0 0 0
1437 182 13 13 8 11 0 0 0 0 0 0 0 1607 256 20 16 11 12 0 0 0 1 0 0 0
1451 188 13 14 8 11 0 0 0 0 0 0 0 1610 259 20 16 11 12 0 0 0 1 0 0 0
1454 194 13 14 8 11 0 0 0 0 0 0 0 1613 262 20 16 11 12 0 0 0 1 0 0 0
1470 204 13 14 8 11 0 0 0 0 0 0 0 1616 265 20 16 11 12 0 0 0 1 0 0 0
1486 211 13 14 8 11 0 0 0 0 0 0 0 1660 280 20 16 11 12 0 0 0 1 0 0 0
1491 215 13 14 8 11 0 0 0 0 0 0 0 1663 283 20 16 11 12 0 0 0 1 0 0 0
1500 219 13 14 8 11 0 0 0 0 0 0 0 1666 286 20 16 11 12 0 0 0 1 0 0 0
1503 223 13 14 8 11 0 0 0 0 0 0 0 1672 291 20 16 11 12 0 0 0 1 0 0 0
1509 231 13 14 8 11 0 0 0 0 0 0 0 1675 294 20 17 11 12 0 0 0 1 0 0 0
1514 239 13 14 8 11 0 0 0 0 0 0 0 1686 299 20 17 11 12 0 0 0 1 0 0 0
1520 242 13 14 8 11 0 0 0 0 0 0 0 1690 302 20 17 11 12 0 0 0 1 0 0 0
1532 247 13 14 8 11 0 0 0 0 0 0 0 1693 313 20 17 11 12 0 0 0 1 0 0 0
1538 252 13 14 8 11 0 0 0 0 0 0 0 1740 331 20 17 11 12 0 0 0 1 0 0 0
1549 257 13 14 8 11 0 0 0 0 0 0 0 1754 334 20 17 11 12 0 0 0 1 0 0 0
1554 262 13 14 8 11 0 0 0 0 0 0 0 1769 345 20 17 11 12 0 0 0 1 0 0 0
1561 269 13 14 8 11 0 0 0 0 0 0 0 1773 353 20 17 11 12 0 0 0 1 0 0 0
1567 274 13 14 8 11 0 0 0 0 0 0 0 1776 356 20 17 11 12 0 0 0 1 0 0 0
1590 279 13 14 8 11 0 0 0 0 0 0 0 1782 359 20 17 11 12 0 0 0 1 0 0 0
1593 286 13 15 8 11 0 0 0 0 0 0 0 1794 365 20 17 11 12 0 0 0 1 0 0 0
1597 292 13 15 8 11 0 0 0 0 0 0 0 1801 369 20 17 11 12 0 0 0 1 0 0 0
1611 295 13 15 8 11 0 0 0 0 0 0 0 1804 374 20 17 11 12 0 0 0 1 0 0 0
1614 304 13 15 8 11 0 0 0 0 0 0 0 1814 391 20 18 11 12 0 0 0 1 0 0 0
1630 309 13 15 8 11 0 0 0 0 0 0 0 1817 397 20 18 11 12 0 0 0 1 0 0 0
1644 321 13 15 8 11 0 0 0 0 0 0 0 1845 400 20 18 11 12 0 0 0 1 0 0 0
1649 326 13 15 8 11 0 0 0 0 0 0 0 1848 403 20 18 11 12 0 0 0 1 0 0 0
1652 329 13 15 8 11 0 0 0 0 0 0 0 1854 412 20 18 11 12 0 0 0 1 0 0 0
1655 338 13 15 8 11 0 0 0 0 0 0 0 1863 423 20 18 11 12 0 0 0 1 0 0 0
1688 348 13 16 8 11 0 0 0 0 0 0 0 1868 427 20 18 11 12 0 0 0 1 0 0 0
1694 351 13 16 8 11 0 0 0 0 0 0 0 1874 435 20 18 11 12 0 0 0 1 0 0 0
1699 356 13 16 8 11 0 0 0 0 0 0 0 1894 441 20 18 11 12 0 0 0 1 0 0 0
