# scores for worst/random/best/smart move selector strategies. 
# scores are 50% and 95% quantiles (based on 40 games) of: 
# game score, #destroyed, #unlocked, #stripes, #bombs, #zappers
4 4 0 0 0 0 0 0 0 0 0 0 0 23 23 0 0 0 0 0 0 0 0 0 0 0
9 9 0 0 0 0 0 0 0 0 0 0 0 26 26 0 0 0 0 0 0 0 0 0 0 0
15 15 0 0 0 0 0 0 0 0 0 0 0 56 37 0 0 0 0 0 0 0 0 0 0 0
18 18 0 0 0 0 0 0 0 0 0 0 0 59 47 0 0 0 0 0 0 0 0 0 0 0
24 24 0 0 0 0 0 0 0 0 0 0 0 74 55 0 0 1 0 0 0 0 0 0 0 0
28 28 0 0 0 0 0 0 0 0 0 0 0 102 63 0 1 1 0 0 0 0 0 0 0 0
36 35 0 0 0 0 0 0 0 0 0 0 0 107 69 0 1 1 0 0 0 0 0 0 0 0
47 40 0 0 0 0 0 0 0 0 0 0 0 112 72 0 1 1 0 0 0 0 0 0 0 0
53 49 0 0 0 0 0 0 0 0 0 0 0 117 78 0 1 1 0 0 0 0 0 0 0 0
58 54 0 0 0 0 0 0 0 0 0 0 0 120 81 0 1 1 0 0 0 0 0 0 0 0
63 60 0 0 0 0 0 0 0 0 0 0 0 154 88 1 2 1 0 0 0 0 0 0 0 0
72 65 0 0 0 0 0 0 0 0 0 0 0 157 91 1 2 1 0 0 0 0 0 0 0 0
82 69 0 0 0 0 0 0 0 0 0 0 0 176 102 1 2 1 0 0 0 0 0 0 0 0
87 73 0 0 0 0 0 0 0 0 0 0 0 179 105 1 2 1 0 0 0 0 0 0 0 0
96 81 0 0 0 0 0 0 0 0 0 0 0 184 110 1 2 1 0 0 0 0 0 0 0 0
101 85 0 0 0 0 0 0 0 0 0 0 0 228 124 1 2 1 1 0 0 0 1 0 0 0
110 92 0 1 0 0 0 0 0 0 0 0 0 238 130 1 3 1 1 0 0 0 1 0 0 0
115 95 0 1 0 0 0 0 0 0 0 0 0 251 135 1 3 1 1 0 0 0 1 0 0 0
122 98 0 1 0 0 0 0 0 0 0 0 0 258 142 1 3 1 1 0 0 0 1 0 0 0
145 106 0 1 0 0 0 0 0 0 0 0 0 290 151 1 3 1 1 0 0 0 1 0 0 0
148 111 0 1 0 0 0 0 0 0 0 0 0 295 155 1 3 1 1 0 0 0 1 0 0 0
155 116 0 1 0 0 0 0 0 0 0 0 0 304 165 2 3 1 1 0 0 0 1 0 0 0
161 121 0 1 0 0 0 0 0 0 0 0 0 316 168 2 3 2 1 0 0 0 1 0 0 0
174 126 0 1 0 0 0 0 0 0 0 0 0 319 171 3 4 2 1 0 0 0 1 0 0 0
184 132 0 1 0 0 0 0 0 0 0 0 0 332 174 3 4 2 1 0 0 0 1 0 0 0
204 138 0 1 0 0 0 0 0 0 0 0 0 335 186 3 4 2 1 0 0 0 1 0 0 0
208 145 0 1 0 0 0 0 0 0 0 0 0 338 189 3 4 2 1 0 0 0 1 0 0 0
213 149 0 2 0 0 0 0 0 0 0 0 0 362 199 3 4 2 1 0 0 0 1 0 0 0
216 153 0 2 0 0 0 0 0 0 0 0 0 365 202 3 4 2 1 0 0 0 1 0 0 0
223 157 0 2 0 0 0 0 0 0 0 0 0 368 206 3 4 2 1 0 0 0 1 0 0 0
241 161 0 2 0 0 0 0 0 0 0 0 0 371 214 3 4 2 1 0 0 0 1 0 0 0
253 168 0 2 0 0 0 0 0 0 0 0 0 377 220 3 4 2 1 0 1 0 1 0 0 0
258 175 0 2 0 0 0 0 0 0 0 0 0 380 230 3 4 2 1 1 1 0 1 0 0 0
265 178 0 2 0 0 0 0 0 0 0 0 0 383 235 3 4 2 1 1 1 0 1 0 0 0
275 181 0 2 0 0 0 0 0 0 0 0 0 386 239 3 4 2 1 1 1 0 1 0 0 0
287 188 0 2 0 0 0 0 0 0 0 0 0 390 244 3 4 2 1 1 1 0 1 0 0 0
290 196 0 3 0 0 0 0 0 0 0 0 0 394 247 3 5 2 1 1 1 0 1 0 0 0
303 204 1 3 1 0 0 0 0 0 0 0 0 398 250 3 5 2 1 1 1 0 1 0 0 0
306 209 1 3 1 0 0 0 0 0 0 0 0 402 255 3 5 2 1 1 1 0 1 0 0 0
316 212 1 3 1 0 0 0 0 0 0 0 0 438 271 3 7 2 1 1 1 0 1 0 0 0
329 219 1 3 1 0 0 0 0 0 0 0 0 442 274 3 7 2 1 1 1 0 1 0 0 0
