# scores for worst/random/best/smart move selector strategies. 
# scores are 50% and 95% quantiles (based on 40 games) of: 
# game score, #destroyed, #unlocked, #stripes, #bombs, #zappers
4 4 0 0 0 0 0 0 0 0 0 0 0 23 23 0 0 0 0 0 0 0 0 0 0 0
10 10 0 0 0 0 0 0 0 0 0 0 0 74 32 0 0 0 0 0 0 0 0 0 0 0
18 18 0 0 0 0 0 0 0 0 0 0 0 109 48 0 1 0 0 0 0 0 0 0 0 0
48 29 0 0 0 0 0 0 0 0 0 0 0 145 67 1 2 1 1 0 0 0 1 0 0 0
62 38 0 0 0 0 0 0 0 0 0 0 0 167 73 6 2 1 1 0 1 0 1 0 0 0
91 43 0 1 0 0 0 0 0 0 0 0 0 221 94 9 3 1 1 1 1 0 1 0 0 0
99 56 0 1 0 0 0 0 0 0 0 0 0 286 108 9 4 1 1 1 1 0 1 0 0 0
119 65 0 1 0 0 0 0 0 0 0 0 0 311 123 9 4 2 2 1 1 0 2 0 0 0
138 76 1 2 0 0 0 0 0 0 0 0 0 415 146 9 6 2 2 1 1 0 2 0 0 0
155 83 1 2 0 0 0 0 0 0 0 0 0 456 163 9 6 2 2 1 1 0 2 0 0 0
179 91 1 2 0 0 0 0 0 0 0 0 0 523 186 9 7 2 2 1 1 0 2 0 0 0
211 102 1 2 0 0 0 0 0 0 0 0 0 533 190 9 7 2 2 1 1 0 2 0 0 0
236 112 1 3 0 0 0 0 0 0 0 0 0 556 198 9 7 2 2 1 1 0 2 0 0 0
262 122 1 4 0 1 0 0 0 0 0 0 0 622 209 9 8 2 2 1 1 0 2 0 0 0
291 138 1 4 0 1 0 0 0 1 0 0 0 655 222 9 9 3 2 1 1 0 2 0 0 0
321 152 1 4 1 1 0 0 0 1 0 0 0 676 228 9 9 3 3 2 1 0 3 0 0 0
342 167 1 4 1 1 0 0 0 1 0 0 0 686 241 10 9 3 3 2 2 0 3 0 0 0
350 173 1 5 1 1 0 0 0 1 0 0 0 715 250 10 10 3 3 2 2 0 3 0 0 0
401 190 1 5 1 1 1 0 0 1 0 0 0 797 275 10 14 3 3 2 2 0 3 0 0 0
427 197 1 5 1 1 1 0 0 1 0 0 0 805 287 10 14 3 3 2 2 0 3 0 0 0
458 213 1 5 1 1 1 0 0 1 0 0 0 836 297 10 14 3 3 2 2 0 3 0 0 0
500 225 1 6 1 1 1 0 0 1 0 0 0 844 311 10 14 3 3 2 2 0 3 0 0 0
524 236 1 7 1 1 1 0 0 1 0 0 0 847 319 10 14 3 4 2 2 0 4 0 0 0
541 249 1 7 1 1 1 0 0 1 0 0 0 861 336 10 15 3 4 2 2 0 4 0 0 0
564 257 1 7 1 1 1 0 0 1 0 0 0 899 348 10 15 3 4 2 2 0 4 0 0 0
584 267 1 7 1 2 1 0 0 1 0 0 0 930 355 10 15 3 4 2 2 0 4 0 0 0
626 283 1 8 1 2 1 0 0 2 0 0 0 1103 380 10 21 4 4 2 2 0 4 1 0 0
637 297 1 9 1 2 1 0 0 2 0 0 0 1132 394 10 21 4 4 2 2 0 4 1 0 0
648 305 1 9 1 2 1 0 0 2 0 0 0 1165 402 10 21 5 4 2 2 1 4 1 0 0
717 319 1 9 2 2 1 0 0 2 0 0 0 1169 410 10 21 5 4 2 2 1 4 1 0 0
740 330 1 9 2 2 1 1 0 2 0 0 0 1176 429 10 21 6 4 2 2 1 4 1 0 0
770 345 1 10 2 2 1 1 0 2 0 0 0 1189 436 10 22 6 4 2 2 1 4 1 0 0
811 354 1 10 2 2 1 1 0 2 0 0 0 1205 444 10 22 6 4 2 2 1 4 1 0 0
850 370 1 11 2 2 1 1 0 2 0 0 0 1269 452 10 25 6 4 3 2 1 4 1 0 0
865 381 1 12 2 2 1 1 0 2 0 0 0 1291 465 10 25 6 4 3 2 1 4 1 0 0
913 399 1 12 2 2 1 1 0 2 0 0 0 1390 486 10 25 6 5 3 2 1 5 1 0 0
960 411 1 13 2 2 1 1 0 2 0 0 0 1396 492 10 25 6 5 3 2 1 5 1 0 0
1013 420 1 13 2 2 1 1 0 2 0 0 0 1408 511 10 27 6 5 3 2 1 5 1 0 0
1022 430 1 13 2 2 2 1 0 2 0 0 0 1455 528 10 27 6 5 3 2 1 5 1 0 0
1056 439 1 14 2 2 2 1 0 2 0 0 0 1461 533 10 27 6 5 3 2 1 5 1 0 0
1078 457 1 14 3 2 2 1 0 2 0 0 0 1491 541 10 27 10 6 3 2 1 5 1 0 0
