# scores for worst/random/best/smart move selector strategies. 
# scores are 50% and 95% quantiles (based on 40 games) of: 
# game score, #destroyed, #unlocked, #stripes, #bombs, #zappers
0 0 0 0 0 0 0 0 0 0 0 0 0 5 5 0 0 0 0 0 0 0 0 0 0 0
3 3 0 0 0 0 0 0 0 0 0 0 0 21 18 0 0 0 0 0 0 0 0 0 0 0
6 6 0 0 0 0 0 0 0 0 0 0 0 28 24 0 0 0 0 0 0 0 0 0 0 0
12 12 0 0 0 0 0 0 0 0 0 0 0 46 31 0 0 0 0 0 0 0 0 0 0 0
18 18 0 0 0 0 0 0 0 0 0 0 0 51 37 0 0 0 0 0 0 0 0 0 0 0
21 21 0 0 0 0 0 0 0 0 0 0 0 64 42 0 1 0 0 0 0 0 0 0 0 0
24 24 0 0 0 0 0 0 0 0 0 0 0 81 47 0 1 0 0 0 0 0 0 0 0 0
31 31 0 0 0 0 0 0 0 0 0 0 0 98 57 0 1 0 0 0 0 0 0 0 0 0
35 34 0 0 0 0 0 0 0 0 0 0 0 116 61 1 2 0 0 0 0 0 0 0 0 0
39 39 0 0 0 0 0 0 0 0 0 0 0 123 71 1 2 0 0 0 0 0 0 0 0 0
46 42 0 0 0 0 0 0 0 0 0 0 0 128 76 1 2 0 0 0 0 0 0 0 0 0
50 49 0 0 0 0 0 0 0 0 0 0 0 135 81 1 2 0 0 0 0 0 0 0 0 0
55 53 0 0 0 0 0 0 0 0 0 0 0 150 86 2 2 0 0 0 0 0 0 0 0 0
60 56 0 0 0 0 0 0 0 0 0 0 0 153 90 2 2 0 0 0 0 0 0 0 0 0
70 60 0 0 0 0 0 0 0 0 0 0 0 156 95 3 2 1 0 0 0 0 0 0 0 0
75 64 0 0 0 0 0 0 0 0 0 0 0 193 105 3 3 1 0 0 0 0 0 0 0 0
81 69 0 0 0 0 0 0 0 0 0 0 0 198 110 3 3 1 0 0 0 0 0 0 0 0
86 75 0 0 0 0 0 0 0 0 0 0 0 206 114 3 3 1 0 0 0 0 0 0 0 0
101 81 0 0 0 0 0 0 0 0 0 0 0 210 119 3 3 1 1 0 0 0 1 0 0 0
111 87 0 1 0 0 0 0 0 0 0 0 0 224 125 3 3 1 1 0 0 0 1 0 0 0
119 92 0 1 0 0 0 0 0 0 0 0 0 239 130 4 3 1 1 0 0 0 1 0 0 0
136 102 0 1 0 0 0 0 0 0 0 0 0 243 136 4 3 1 1 0 0 0 1 0 0 0
142 108 0 1 0 0 0 0 0 0 0 0 0 254 146 4 3 2 1 0 0 0 1 0 0 0
145 115 0 1 0 0 0 0 0 0 0 0 0 266 151 4 3 2 1 0 0 0 1 0 0 0
152 119 0 1 0 0 0 0 0 0 0 0 0 280 156 4 3 2 1 0 0 0 1 0 0 0
157 127 0 1 0 0 0 0 0 0 0 0 0 283 160 4 3 2 1 0 0 0 1 0 0 0
167 132 1 1 0 0 0 0 0 0 0 0 0 291 167 4 4 2 1 0 0 0 1 0 0 0
173 137 1 1 0 0 0 0 0 0 0 0 0 296 171 4 4 2 1 1 0 0 1 0 0 0
178 140 1 1 0 0 0 0 0 0 0 0 0 301 174 4 4 2 1 1 0 0 1 0 0 0
186 146 1 1 0 0 0 0 0 0 0 0 0 304 178 4 4 2 1 1 0 0 1 0 0 0
192 151 1 1 0 0 0 0 0 0 0 0 0 308 185 4 4 2 1 1 0 0 1 0 0 0
207 158 1 1 0 0 0 0 0 0 0 0 0 318 193 5 4 2 1 1 0 0 1 0 0 0
226 161 1 2 0 0 0 0 0 0 0 0 0 361 208 5 4 2 1 1 0 0 1 0 0 0
229 168 1 2 0 0 0 0 0 0 0 0 0 364 211 5 4 2 1 1 0 0 1 0 0 0
233 175 1 2 0 0 0 0 0 0 0 0 0 405 216 5 4 3 1 1 0 0 1 0 0 0
243 179 1 2 0 0 0 0 0 0 0 0 0 408 219 6 5 3 1 1 0 0 1 0 0 0
249 185 1 2 0 0 0 0 0 0 0 0 0 411 222 6 5 3 1 1 0 0 1 0 0 0
252 190 1 2 0 0 0 0 0 0 0 0 0 429 226 7 5 3 1 1 0 0 1 0 0 0
280 200 2 2 0 0 0 0 0 0 0 0 0 432 231 7 6 3 1 1 0 0 1 0 0 0
294 204 2 2 0 0 0 0 0 0 0 0 0 453 239 7 6 3 1 1 0 0 1 0 0 0
306 212 2 2 0 0 0 0 0 0 0 0 0 472 245 7 6 3 1 1 0 0 1 0 0 0
