# scores for worst/random/best/smart move selector strategies. 
# scores are 50% and 95% quantiles (based on 40 games) of: 
# game score, #destroyed, #unlocked, #stripes, #bombs, #zappers
0 0 0 0 0 0 0 0 0 0 0 0 0 6 6 0 0 0 0 0 0 0 0 0 0 0
3 3 0 0 0 0 0 0 0 0 0 0 0 9 9 0 0 0 0 0 0 0 0 0 0 0
6 6 0 0 0 0 0 0 0 0 0 0 0 12 12 0 0 0 0 0 0 0 0 0 0 0
9 9 0 0 0 0 0 0 0 0 0 0 0 49 19 0 0 0 0 0 0 0 0 0 0 0
9 9 0 0 0 0 0 0 0 0 0 0 0 124 23 10 2 2 0 0 0 0 0 0 0 0
12 12 0 0 0 0 0 0 0 0 0 0 0 1303 95 29 13 21 0 1 0 1 0 0 0 0
15 15 0 0 0 0 0 0 0 0 0 0 0 1308 103 29 13 21 0 1 0 1 0 0 0 0
15 15 0 0 0 0 0 0 0 0 0 0 0 1349 117 32 14 21 0 1 1 1 0 0 0 0
18 18 0 0 0 0 0 0 0 0 0 0 0 1353 122 32 14 21 0 1 1 1 0 0 0 0
22 22 0 0 0 0 0 0 0 0 0 0 0 1368 126 32 15 21 0 1 1 1 0 0 0 0
29 28 0 0 0 0 0 0 0 0 0 0 0 1374 132 32 15 21 0 1 1 1 0 0 0 0
113 39 7 2 1 0 0 0 0 0 0 0 0 1377 138 32 15 21 0 1 1 1 0 0 0 0
1103 99 23 13 14 0 0 0 0 0 0 0 0 1382 150 32 15 21 0 1 1 1 0 0 0 0
1310 119 24 13 21 0 0 0 0 0 0 0 0 1392 156 32 15 21 0 1 1 1 0 0 0 0
1316 125 25 13 21 0 0 0 0 0 0 0 0 1409 162 32 15 22 0 1 1 1 0 0 0 0
1326 130 25 14 21 0 0 0 0 0 0 0 0 1578 185 32 18 22 0 1 1 1 0 0 0 0
1336 137 26 14 21 0 0 0 0 0 0 0 0 1581 189 32 19 22 0 1 1 1 0 0 0 0
1348 144 26 14 21 0 0 0 0 0 0 0 0 1601 203 32 19 22 0 1 1 1 0 0 0 0
1357 157 26 14 21 0 0 0 0 0 0 0 0 1806 214 32 19 22 1 1 1 1 1 0 0 0
1382 165 26 14 21 0 0 0 0 0 0 0 0 1812 232 32 20 23 1 2 1 1 1 0 0 0
1395 170 26 14 21 0 0 0 0 0 0 0 0 1816 245 32 20 23 2 2 1 1 1 0 0 0
1434 178 26 15 21 0 0 1 0 0 0 0 0 1886 261 32 21 23 2 2 1 1 1 0 0 0
1438 184 26 15 21 0 0 1 0 0 0 0 0 1891 267 32 21 23 2 2 1 1 1 0 0 0
1448 194 26 16 21 0 1 1 0 0 0 0 0 1896 276 32 21 23 2 2 2 1 1 0 0 0
1453 200 26 16 21 0 1 1 0 0 0 0 0 1899 283 32 21 23 2 2 2 1 1 0 0 0
1462 210 26 16 21 0 1 1 0 0 0 0 0 1928 311 32 22 23 2 3 2 1 1 0 0 0
1478 213 26 16 21 0 1 1 0 0 0 0 0 1933 315 32 22 23 2 3 2 1 1 0 0 0
1520 217 26 16 21 0 1 1 0 0 0 0 0 2004 320 32 24 23 2 3 2 1 1 0 0 0
1529 225 26 17 21 0 1 1 0 0 0 0 0 2008 326 32 24 23 2 3 2 1 2 0 0 0
1557 236 26 17 21 0 1 1 0 0 0 0 0 2014 334 32 24 23 2 3 2 1 2 0 0 0
1579 242 26 18 21 0 1 1 0 0 0 0 0 2036 350 32 24 24 2 3 2 1 2 0 0 0
1584 252 26 18 21 0 1 1 0 0 0 0 0 2040 355 32 25 24 2 3 2 1 2 0 0 0
1601 256 26 18 21 0 1 1 0 0 0 0 0 2058 373 32 25 24 2 3 2 1 2 0 0 0
1630 264 26 18 21 0 1 1 0 0 0 0 0 2063 383 32 26 24 2 3 2 1 2 0 0 0
1645 275 26 18 21 0 1 1 0 0 0 0 0 2074 393 32 26 24 2 3 2 1 2 0 0 0
1661 287 26 20 21 0 1 1 0 0 0 0 0 2100 400 32 26 24 2 3 2 1 2 0 0 0
1667 293 26 20 21 0 1 1 0 0 0 0 0 2107 403 32 26 24 2 3 2 1 2 0 0 0
1675 298 26 20 21 0 1 1 0 0 0 0 0 2111 407 32 26 24 2 3 2 1 2 0 0 0
1685 303 26 20 21 0 1 1 0 0 0 0 0 2229 412 32 30 24 2 3 2 1 2 1 0 0
1719 312 26 20 21 0 1 1 0 0 0 0 0 2233 418 32 30 24 2 3 2 1 2 1 0 0
1728 318 26 21 21 0 1 1 0 0 0 0 0 2266 429 32 30 24 2 4 2 1 2 1 0 0
