# scores for worst/random/best/smart move selector strategies. 
# scores are 50% and 95% quantiles (based on 40 games) of: 
# game score, #destroyed, #unlocked, #stripes, #bombs, #zappers
0 0 0 0 0 0 0 0 0 0 0 0 0 6 6 0 0 0 0 0 0 0 0 0 0 0
3 3 0 0 0 0 0 0 0 0 0 0 0 7 7 0 0 0 0 0 0 0 0 0 0 0
3 3 0 0 0 0 0 0 0 0 0 0 0 12 12 0 0 0 0 0 0 0 0 0 0 0
6 6 0 0 0 0 0 0 0 0 0 0 0 16 16 0 0 0 0 0 0 0 0 0 0 0
8 8 0 0 0 0 0 0 0 0 0 0 0 415 67 5 4 5 0 0 0 0 0 0 0 0
12 12 0 0 0 0 0 0 0 0 0 0 0 794 109 14 9 10 0 0 0 0 0 0 0 0
14 14 0 0 0 0 0 0 0 0 0 0 0 1295 117 23 13 20 0 0 0 0 0 0 0 0
16 16 0 0 0 0 0 0 0 0 0 0 0 1303 120 27 13 21 0 0 1 0 0 0 0 0
18 18 0 0 0 0 0 0 0 0 0 0 0 1307 127 27 13 21 0 0 1 0 0 0 0 0
21 21 0 0 0 0 0 0 0 0 0 0 0 1310 130 27 13 21 0 0 1 0 0 0 0 0
25 24 0 0 0 0 0 0 0 0 0 0 0 1314 139 27 13 21 0 1 1 0 0 0 0 0
27 27 0 0 0 0 0 0 0 0 0 0 0 1337 142 28 13 21 0 1 1 0 0 0 0 0
36 33 0 0 0 0 0 0 0 0 0 0 0 1364 146 31 14 21 0 1 1 0 0 0 0 0
66 37 2 0 0 0 0 0 0 0 0 0 0 1367 154 32 14 21 0 1 1 0 0 0 0 0
973 112 17 11 12 0 0 0 0 0 0 0 0 1373 171 32 14 21 0 1 1 0 0 0 0 0
1101 119 21 12 14 0 0 0 0 0 0 0 0 1376 174 32 14 21 0 1 1 0 0 0 0 0
1206 128 22 13 18 0 0 0 0 0 0 0 0 1397 179 32 14 21 1 1 1 0 0 0 0 0
1312 131 23 13 21 0 0 0 0 0 0 0 0 1401 183 32 14 21 1 1 1 1 0 0 0 0
1321 138 23 13 21 0 0 0 0 0 0 0 0 1411 186 32 14 21 1 1 1 1 0 0 0 0
1327 143 24 13 21 0 0 0 0 0 0 0 0 1414 193 32 14 21 1 1 1 1 0 0 0 0
1331 149 24 13 21 0 0 0 0 0 0 0 0 1419 196 32 14 21 1 1 1 1 1 0 0 0
1340 152 24 13 21 0 0 0 0 0 0 0 0 1445 212 32 15 22 1 1 1 1 1 0 0 0
1356 155 25 13 21 0 0 0 0 0 0 0 0 1448 215 32 16 22 1 1 1 1 1 0 0 0
1364 162 25 13 21 0 0 0 0 0 0 0 0 1458 218 32 16 22 1 1 1 1 1 0 0 0
1369 170 25 13 21 0 0 0 0 0 0 0 0 1461 224 32 16 22 1 1 1 1 1 0 0 0
1378 174 25 14 21 0 0 0 0 0 0 0 0 1471 227 32 16 22 1 1 1 1 1 0 0 0
1381 177 25 14 21 0 0 0 0 0 0 0 0 1483 237 32 16 22 1 1 1 1 1 0 0 0
1389 182 25 14 21 0 0 0 0 0 0 0 0 1494 248 32 16 22 1 1 1 1 1 0 0 0
1392 190 25 14 21 0 0 0 0 0 0 0 0 1537 253 32 16 22 1 1 1 1 1 0 0 0
1396 193 25 14 21 0 0 0 0 0 0 0 0 1540 256 32 16 22 1 1 1 1 1 0 0 0
1406 197 25 14 21 0 0 0 0 0 0 0 0 1548 262 32 16 22 1 1 1 1 1 0 0 0
1419 201 25 14 21 0 0 0 0 0 0 0 0 1555 269 32 16 22 1 1 1 1 1 0 0 0
1425 206 25 14 21 0 0 0 0 0 0 0 0 1586 280 32 17 22 1 1 1 1 1 0 0 0
1431 212 25 14 21 0 0 0 0 0 0 0 0 1593 289 32 17 23 1 1 1 1 1 0 0 0
1438 220 25 14 21 0 0 0 0 0 0 0 0 1596 294 32 17 23 1 1 1 1 1 0 0 0
1451 225 25 15 21 0 0 0 0 0 0 0 0 1600 298 32 17 23 1 1 1 1 1 0 0 0
1461 230 25 15 21 0 0 0 0 0 0 0 0 1627 301 32 17 23 1 1 1 1 1 0 0 0
1486 238 25 15 21 0 0 0 0 0 0 0 0 1633 304 32 17 23 1 1 1 1 1 0 0 0
1489 241 25 15 21 0 0 0 0 0 0 0 0 1637 307 32 17 23 1 1 1 1 1 0 0 0
1497 247 25 15 21 0 0 0 0 0 0 0 0 1642 316 32 17 23 1 1 1 1 1 0 0 0
1508 252 25 15 21 0 0 0 0 0 0 0 0 1645 319 32 17 23 1 1 1 1 1 0 0 0
