# scores for worst/random/best/smart move selector strategies. 
# scores are 50% and 95% quantiles (based on 40 games) of: 
# game score, #destroyed, #unlocked, #stripes, #bombs, #zappers
0 0 0 0 0 0 0 0 0 0 0 0 0 6 6 0 0 0 0 0 0 0 0 0 0 0
3 3 0 0 0 0 0 0 0 0 0 0 0 9 9 0 0 0 0 0 0 0 0 0 0 0
6 6 0 0 0 0 0 0 0 0 0 0 0 512 46 9 5 5 0 0 0 0 0 0 0 0
11 11 0 0 0 0 0 0 0 0 0 0 0 1296 106 29 13 21 0 0 1 0 0 0 0 0
15 15 0 0 0 0 0 0 0 0 0 0 0 1300 113 32 13 21 0 0 1 1 0 0 0 0
36 21 0 0 0 0 0 0 0 0 0 0 0 1410 150 36 15 21 0 1 1 1 0 0 0 0
978 103 18 12 14 0 0 0 0 0 0 0 0 1416 161 36 15 21 0 1 1 1 0 0 0 0
1305 113 23 13 21 0 0 0 0 0 0 0 0 1440 168 36 15 22 0 1 1 1 0 0 0 0
1320 129 23 13 21 0 0 0 0 0 0 0 0 1514 176 36 17 22 1 1 1 1 0 0 0 0
1332 140 24 13 21 0 0 0 0 0 0 0 0 1580 193 36 17 22 1 1 1 1 1 0 0 0
1359 151 24 14 21 0 0 0 0 0 0 0 0 1604 219 36 17 23 1 1 1 1 1 0 0 0
1398 158 25 14 21 0 0 0 0 0 0 0 0 1609 229 36 18 23 1 1 1 1 1 0 0 0
1412 172 25 14 21 0 0 0 0 0 0 0 0 1809 240 36 31 23 1 2 2 1 1 1 0 0
1431 181 25 14 21 0 0 1 0 0 0 0 0 1818 248 36 31 23 1 2 2 1 1 1 0 0
1449 192 25 15 21 0 0 1 0 0 0 0 0 1852 257 36 31 23 2 2 2 1 1 1 0 0
1481 200 25 15 21 0 0 1 0 0 0 0 0 1867 271 36 31 23 2 2 2 1 1 1 0 0
1511 212 25 16 21 0 1 1 0 0 0 0 0 1938 281 36 32 23 2 2 2 1 1 1 0 0
1554 222 25 16 21 0 1 1 0 0 0 0 0 2014 301 36 33 23 2 2 2 1 1 1 0 0
1575 230 25 17 21 0 1 1 0 0 0 0 0 2059 315 36 33 24 2 2 2 1 2 1 0 0
1582 245 25 17 22 0 1 1 0 0 0 0 0 2097 333 36 34 24 3 2 2 1 2 1 0 0
1599 251 25 17 22 1 1 1 0 0 0 0 0 2106 344 36 34 24 3 2 2 1 2 1 0 0
1607 261 25 18 22 1 1 1 0 0 0 0 0 2112 353 36 34 24 3 2 2 1 2 1 0 0
1634 272 27 18 22 1 1 1 0 0 0 0 0 2151 372 36 34 24 3 2 2 1 2 1 0 0
1674 287 27 19 22 1 1 1 0 0 0 0 0 2173 382 36 35 24 3 2 2 1 2 1 0 0
1699 314 27 19 22 1 1 1 0 0 0 0 0 2178 393 36 36 24 3 2 2 1 3 1 0 0
1735 324 27 19 22 1 1 1 0 0 0 0 0 2210 410 36 36 24 3 2 2 1 3 1 0 0
1739 331 27 19 22 1 1 1 0 0 0 0 0 2237 422 36 36 24 3 2 2 1 3 1 0 0
1786 337 27 20 22 1 1 1 0 1 0 0 0 2245 436 36 37 24 3 3 2 1 3 1 0 0
1793 351 27 21 22 1 1 1 0 1 0 0 0 2276 448 36 37 24 3 3 2 1 3 1 0 0
1819 362 27 21 22 1 1 1 0 1 0 0 0 2309 457 36 38 25 3 3 2 1 3 1 0 0
1855 371 27 21 22 1 1 1 0 1 0 0 0 2337 468 36 38 25 3 3 2 1 3 1 0 0
1884 380 27 22 22 1 1 1 0 1 0 0 0 2351 481 36 38 25 3 3 2 1 3 1 0 0
1903 386 27 22 23 1 1 1 0 1 0 0 0 2360 500 36 38 25 3 3 2 1 3 1 0 0
1918 396 27 23 23 1 1 1 0 1 0 0 0 2393 516 36 39 25 4 3 2 1 3 1 0 0
1961 414 27 23 23 1 2 1 0 1 0 0 0 2407 527 36 39 26 4 3 2 1 3 1 0 0
1985 430 27 24 23 2 2 1 0 1 0 0 0 2486 545 36 40 26 4 3 2 1 3 1 0 0
2066 444 27 24 23 2 2 1 0 1 0 0 0 2537 563 36 40 26 4 3 2 1 3 1 0 0
2086 453 27 25 23 2 2 1 0 1 0 0 0 2545 573 36 40 26 4 3 2 1 3 1 0 0
2141 469 27 25 23 2 2 1 0 1 0 0 0 2598 577 36 40 26 4 3 3 1 4 1 0 0
2167 478 27 25 23 2 2 1 0 2 0 0 0 2609 587 36 40 26 4 3 3 1 4 1 0 0
2176 487 27 25 23 2 2 1 0 2 0 0 0 2624 610 36 41 27 4 3 3 2 4 1 0 0
