# scores for worst/random/best/smart move selector strategies. 
# scores are 50% and 95% quantiles (based on 40 games) of: 
# game score, #destroyed, #unlocked, #stripes, #bombs, #zappers
0 0 0 0 0 0 0 0 0 0 0 0 0 6 6 0 0 0 0 0 0 0 0 0 0 0
3 3 0 0 0 0 0 0 0 0 0 0 0 7 7 0 0 0 0 0 0 0 0 0 0 0
6 6 0 0 0 0 0 0 0 0 0 0 0 9 9 0 0 0 0 0 0 0 0 0 0 0
6 6 0 0 0 0 0 0 0 0 0 0 0 12 12 0 0 0 0 0 0 0 0 0 0 0
9 9 0 0 0 0 0 0 0 0 0 0 0 17 16 0 0 0 0 0 0 0 0 0 0 0
12 12 0 0 0 0 0 0 0 0 0 0 0 19 19 0 0 0 0 0 0 0 0 0 0 0
12 12 0 0 0 0 0 0 0 0 0 0 0 378 65 7 5 4 0 0 0 0 0 0 0 0
15 15 0 0 0 0 0 0 0 0 0 0 0 906 105 17 11 11 0 0 0 0 0 0 0 0
19 18 0 0 0 0 0 0 0 0 0 0 0 1328 127 28 13 21 0 0 0 0 0 0 0 0
21 21 0 0 0 0 0 0 0 0 0 0 0 1345 130 28 13 21 0 0 0 0 0 0 0 0
24 24 0 0 0 0 0 0 0 0 0 0 0 1356 133 28 13 21 0 0 0 0 0 0 0 0
27 27 0 0 0 0 0 0 0 0 0 0 0 1359 137 28 13 21 0 0 0 0 0 0 0 0
30 30 0 0 0 0 0 0 0 0 0 0 0 1365 143 28 13 21 0 0 0 0 0 0 0 0
31 30 0 0 0 0 0 0 0 0 0 0 0 1376 157 28 14 22 0 0 0 0 0 0 0 0
36 34 0 0 0 0 0 0 0 0 0 0 0 1379 160 28 14 22 0 0 0 0 0 0 0 0
90 45 4 1 1 0 0 0 0 0 0 0 0 1385 164 29 14 22 0 0 0 0 0 0 0 0
109 49 5 1 1 0 0 0 0 0 0 0 0 1392 168 29 14 22 0 0 0 0 0 0 0 0
345 75 8 4 4 0 0 0 0 0 0 0 0 1395 171 29 14 22 0 0 0 0 0 0 0 0
688 104 12 8 8 0 0 0 0 0 0 0 0 1398 174 29 14 22 0 0 0 0 0 0 0 0
1229 123 19 13 18 0 0 0 0 0 0 0 0 1404 180 29 14 22 0 0 0 0 0 0 0 0
1232 128 19 13 18 0 0 0 0 0 0 0 0 1407 183 29 14 22 0 0 0 0 0 0 0 0
1235 131 19 13 18 0 0 0 0 0 0 0 0 1411 187 29 14 22 0 0 0 0 0 0 0 0
1322 136 21 13 21 0 0 0 0 0 0 0 0 1421 192 29 14 22 0 0 0 0 0 0 0 0
1326 139 21 13 21 0 0 0 0 0 0 0 0 1424 195 29 14 22 0 0 0 0 0 0 0 0
1330 145 22 13 21 0 0 0 0 0 0 0 0 1428 202 29 14 22 0 0 0 0 0 0 0 0
1339 149 22 13 21 0 0 0 0 0 0 0 0 1432 207 29 14 22 0 0 0 0 0 0 0 0
1342 152 22 13 21 0 0 0 0 0 0 0 0 1437 210 29 14 22 0 0 0 0 0 0 0 0
1347 158 22 13 21 0 0 0 0 0 0 0 0 1453 217 29 15 22 0 0 0 0 0 0 0 0
1350 163 22 13 21 0 0 0 0 0 0 0 0 1456 220 29 15 22 0 0 0 0 0 0 0 0
1356 168 22 13 21 0 0 0 0 0 0 0 0 1459 225 29 15 22 0 0 0 0 0 0 0 0
1359 171 22 13 21 0 0 0 0 0 0 0 0 1462 228 29 15 22 0 0 0 0 0 0 0 0
1363 174 22 13 21 0 0 0 0 0 0 0 0 1465 233 29 15 22 0 0 0 0 0 0 0 0
1366 179 22 13 21 0 0 0 0 0 0 0 0 1481 238 29 15 22 0 0 0 0 0 0 0 0
1369 182 22 13 21 0 0 0 0 0 0 0 0 1500 245 29 15 22 0 0 0 0 0 0 0 0
1372 185 22 13 21 0 0 0 0 0 0 0 0 1504 248 29 15 22 0 1 0 0 0 0 0 0
1378 192 22 13 21 0 0 0 0 0 0 0 0 1507 251 29 15 22 0 1 0 0 0 0 0 0
1381 196 22 13 21 0 0 0 0 0 0 0 0 1512 254 29 15 22 0 1 0 0 0 0 0 0
1384 201 22 13 21 0 0 0 0 0 0 0 0 1515 259 29 15 22 0 1 0 0 0 0 0 0
1387 205 22 13 21 0 0 0 0 0 0 0 0 1520 267 29 15 22 0 1 0 0 0 0 0 0
1391 210 22 13 21 0 0 0 0 0 0 0 0 1524 270 29 15 22 0 1 0 0 0 0 0 0
1395 216 22 13 21 0 0 0 0 0 0 0 0 1529 275 29 15 22 0 1 0 0 0 0 0 0
