# scores for worst/random/best/smart move selector strategies. 
# scores are 50% and 95% quantiles (based on 40 games) of: 
# game score, #destroyed, #unlocked, #stripes, #bombs, #zappers
0 0 0 0 0 0 0 0 0 0 0 0 0 9 9 0 0 0 0 0 0 0 0 0 0 0
6 6 0 0 0 0 0 0 0 0 0 0 0 34 17 0 0 0 0 0 0 0 0 0 0 0
9 9 0 0 0 0 0 0 0 0 0 0 0 52 22 0 1 0 0 0 0 0 0 0 0 0
13 13 0 0 0 0 0 0 0 0 0 0 0 56 26 0 1 0 0 0 0 0 0 0 0 0
17 17 0 0 0 0 0 0 0 0 0 0 0 60 30 0 1 0 0 0 0 0 0 0 0 0
22 22 0 0 0 0 0 0 0 0 0 0 0 85 37 0 1 0 0 0 0 0 0 0 0 0
27 27 0 0 0 0 0 0 0 0 0 0 0 102 42 0 2 0 0 0 0 0 0 0 0 0
30 30 0 0 0 0 0 0 0 0 0 0 0 106 46 1 2 0 0 0 0 0 0 0 0 0
34 34 0 0 0 0 0 0 0 0 0 0 0 109 49 1 2 0 0 0 0 0 0 0 0 0
38 38 0 0 0 0 0 0 0 0 0 0 0 120 60 1 2 0 0 0 0 0 0 0 0 0
50 44 0 0 0 0 0 0 0 0 0 0 0 142 68 1 2 0 1 1 0 0 0 0 0 0
57 48 0 0 0 0 0 0 0 0 0 0 0 178 74 1 3 0 1 1 0 0 0 0 0 0
62 51 0 0 0 0 0 0 0 0 0 0 0 181 77 1 3 0 1 1 0 0 0 0 0 0
79 56 0 0 0 0 0 0 0 0 0 0 0 189 81 1 3 0 1 1 0 0 1 0 0 0
88 62 0 1 0 0 0 0 0 0 0 0 0 204 91 1 3 0 1 1 0 0 1 0 0 0
98 66 0 1 0 0 0 0 0 0 0 0 0 208 98 3 4 0 1 1 0 0 1 0 0 0
105 72 0 1 0 0 0 0 0 0 0 0 0 247 103 3 5 0 1 1 0 0 1 0 0 0
113 77 0 1 0 0 0 0 0 0 0 0 0 250 110 3 5 0 1 1 0 0 1 0 0 0
139 86 0 2 0 0 0 0 0 0 0 0 0 256 115 3 5 0 1 1 0 0 1 0 0 0
153 96 0 2 0 0 0 0 0 0 0 0 0 281 119 3 6 0 1 1 0 0 1 0 0 0
164 99 0 2 0 0 0 0 0 0 0 0 0 284 124 3 6 0 1 1 0 0 1 0 0 0
167 104 0 2 0 0 0 0 0 0 0 0 0 287 131 3 6 0 1 1 0 0 1 0 0 0
172 107 0 2 0 0 0 0 0 0 0 0 0 300 137 3 6 0 1 1 0 0 1 0 0 0
175 111 0 2 0 0 0 0 0 0 0 0 0 315 145 3 6 0 1 1 0 0 1 0 0 0
181 115 0 2 0 0 0 0 0 0 0 0 0 339 148 3 7 0 1 1 0 0 1 0 0 0
184 120 0 2 0 0 0 0 0 0 0 0 0 345 153 3 7 0 1 1 0 0 1 0 0 0
189 126 0 2 0 0 0 0 0 0 0 0 0 348 160 3 7 0 1 1 0 0 1 0 0 0
202 131 0 3 0 0 0 0 0 0 0 0 0 367 165 3 7 0 1 1 0 0 1 0 0 0
227 139 0 3 0 0 0 0 0 0 0 0 0 372 171 3 8 0 1 1 0 0 1 0 0 0
232 143 0 3 0 0 0 0 0 0 0 0 0 375 174 3 8 0 1 1 0 0 1 0 0 0
242 147 1 3 0 0 0 0 0 0 0 0 0 380 183 3 8 0 1 1 0 0 1 0 0 0
256 154 1 4 0 0 0 0 0 0 0 0 0 383 186 3 8 0 1 1 0 0 1 0 0 0
264 159 1 4 0 0 0 0 0 0 0 0 0 386 189 3 8 0 1 1 0 0 1 0 0 0
277 166 1 4 0 0 0 0 0 0 0 0 0 391 192 3 8 1 1 1 0 0 1 0 0 0
280 171 1 4 0 0 0 0 0 0 0 0 0 396 196 3 8 1 1 1 0 0 1 0 0 0
286 174 1 4 0 0 0 0 0 0 0 0 0 399 202 3 8 1 1 1 0 0 1 0 0 0
294 177 1 4 0 0 0 0 0 0 0 0 0 437 209 3 9 1 1 1 0 0 1 0 0 0
309 180 1 4 0 0 0 0 0 0 0 0 0 440 216 3 9 1 1 1 0 0 1 0 0 0
321 193 1 5 0 0 1 0 0 0 0 0 0 447 224 4 9 1 1 1 0 0 1 0 0 0
324 197 1 5 0 0 1 0 0 0 0 0 0 493 234 4 9 1 1 1 0 0 1 0 0 0
340 200 1 5 0 0 1 0 0 0 0 0 0 537 257 4 10 1 1 2 0 0 1 0 0 0
