# scores for worst/random/best/smart move selector strategies. 
# scores are 50% and 95% quantiles (based on 40 games) of: 
# game score, #destroyed, #unlocked, #stripes, #bombs, #zappers
0 0 0 0 0 0 0 0 0 0 0 0 0 9 9 0 0 0 0 0 0 0 0 0 0 0
6 6 0 0 0 0 0 0 0 0 0 0 0 12 12 0 0 0 0 0 0 0 0 0 0 0
9 9 0 0 0 0 0 0 0 0 0 0 0 50 21 0 1 0 0 0 0 0 0 0 0 0
13 13 0 0 0 0 0 0 0 0 0 0 0 53 26 0 1 0 0 0 0 0 0 0 0 0
18 18 0 0 0 0 0 0 0 0 0 0 0 56 31 0 1 0 0 0 0 0 0 0 0 0
22 22 0 0 0 0 0 0 0 0 0 0 0 60 34 0 1 0 0 0 0 0 0 0 0 0
28 27 0 0 0 0 0 0 0 0 0 0 0 111 44 4 1 0 0 0 0 0 0 0 0 0
33 33 0 0 0 0 0 0 0 0 0 0 0 116 52 4 1 0 0 0 0 0 0 0 0 0
39 37 0 0 0 0 0 0 0 0 0 0 0 141 65 4 2 0 0 0 0 0 0 0 0 0
45 41 0 0 0 0 0 0 0 0 0 0 0 173 70 4 2 0 0 0 0 0 0 0 0 0
69 48 0 1 0 0 0 0 0 0 0 0 0 186 75 5 2 1 0 0 0 0 0 0 0 0
77 54 0 1 0 0 0 0 0 0 0 0 0 190 86 5 3 1 0 0 0 0 0 0 0 0
88 60 0 1 0 0 0 0 0 0 0 0 0 227 95 5 3 1 0 0 0 0 0 0 0 0
97 64 0 1 0 0 0 0 0 0 0 0 0 249 102 5 3 1 0 0 0 0 0 0 0 0
104 71 0 1 0 0 0 0 0 0 0 0 0 259 108 5 4 1 0 0 0 0 0 0 0 0
115 79 0 1 0 0 0 0 0 0 0 0 0 280 115 6 4 1 1 1 0 0 1 0 0 0
136 86 0 2 0 0 0 0 0 0 0 0 0 305 124 6 4 1 1 1 0 0 1 0 0 0
159 92 0 2 0 0 0 0 0 0 0 0 0 310 134 6 4 1 1 1 0 0 1 0 0 0
164 97 0 2 0 0 0 0 0 0 0 0 0 317 142 6 6 1 1 1 0 0 1 0 0 0
169 104 0 2 0 0 0 0 0 0 0 0 0 357 147 6 6 1 1 1 0 0 1 0 0 0
176 108 0 3 0 0 0 0 0 0 0 0 0 363 159 6 6 1 1 1 0 0 1 0 0 0
194 118 0 3 0 0 0 0 0 0 0 0 0 388 175 6 6 1 1 2 0 0 1 0 0 0
238 123 1 3 0 0 0 0 0 0 0 0 0 416 185 6 7 1 2 2 0 0 1 0 0 0
250 130 1 3 0 0 0 0 0 0 0 0 0 470 197 6 7 1 2 2 1 0 1 0 0 0
268 138 1 3 0 0 0 0 0 0 0 0 0 504 204 6 7 1 2 2 1 0 2 0 0 0
280 145 1 4 0 0 0 0 0 0 0 0 0 549 213 6 10 1 2 2 1 0 2 0 0 0
293 149 1 4 0 0 0 0 0 0 0 0 0 557 221 6 10 1 2 2 1 0 2 0 0 0
304 155 1 4 0 0 0 0 0 0 0 0 0 561 225 6 10 1 2 2 1 0 2 0 0 0
314 164 1 4 0 0 0 0 0 0 0 0 0 603 234 6 10 2 2 2 1 0 2 0 0 0
334 173 1 5 0 0 0 0 0 0 0 0 0 629 237 6 10 2 2 2 1 0 2 0 0 0
339 180 1 5 0 0 0 0 0 0 0 0 0 635 243 6 11 2 2 2 1 0 2 0 0 0
348 187 1 5 1 0 0 0 0 0 0 0 0 640 257 6 11 2 2 2 1 0 2 0 0 0
366 193 1 5 1 0 0 0 0 0 0 0 0 647 265 6 11 2 2 2 1 0 2 0 0 0
387 198 1 6 1 0 1 0 0 0 0 0 0 672 274 6 11 2 2 2 1 0 2 0 0 0
412 205 1 6 1 0 1 0 0 0 0 0 0 720 281 6 12 2 2 2 1 0 2 0 0 0
417 210 1 6 1 0 1 0 0 0 0 0 0 726 289 6 12 2 2 2 1 0 2 0 0 0
436 218 1 6 1 0 1 0 0 0 0 0 0 740 311 6 12 2 2 2 1 0 2 0 0 0
453 225 1 6 1 0 1 0 0 0 0 0 0 746 317 6 12 2 2 2 1 0 2 0 0 0
466 232 1 6 1 0 1 0 0 0 0 0 0 750 321 6 12 2 2 2 1 0 2 0 0 0
478 238 1 7 1 0 1 0 0 0 0 0 0 774 333 6 12 2 2 2 1 0 2 0 0 0
483 247 1 7 1 0 1 0 0 0 0 0 0 777 337 6 12 2 3 2 1 0 2 0 0 0
