# scores for worst/random/best/smart move selector strategies. 
# scores are 50% and 95% quantiles (based on 40 games) of: 
# game score, #destroyed, #unlocked, #stripes, #bombs, #zappers
3 3 0 0 0 0 0 0 0 0 0 0 0 8 8 0 0 0 0 0 0 0 0 0 0 0
9 9 0 0 0 0 0 0 0 0 0 0 0 16 16 0 0 0 0 0 0 0 0 0 0 0
14 14 0 0 0 0 0 0 0 0 0 0 0 55 25 0 1 0 0 0 0 0 0 0 0 0
18 18 0 0 0 0 0 0 0 0 0 0 0 86 32 1 2 0 0 1 0 0 0 0 0 0
24 23 0 0 0 0 0 0 0 0 0 0 0 95 39 1 2 0 0 1 0 0 0 0 0 0
31 29 0 0 0 0 0 0 0 0 0 0 0 131 48 1 2 1 0 1 0 0 0 0 0 0
51 34 0 0 0 0 0 0 0 0 0 0 0 165 61 2 2 1 0 1 0 0 0 0 0 0
63 40 0 1 0 0 0 0 0 0 0 0 0 174 71 2 2 1 1 1 0 0 1 0 0 0
83 46 0 1 0 0 0 0 0 0 0 0 0 178 78 2 3 1 1 1 0 0 1 0 0 0
95 54 0 1 0 0 0 0 0 0 0 0 0 203 84 2 3 1 1 1 0 0 1 0 0 0
107 60 0 1 0 0 0 0 0 0 0 0 0 209 94 2 3 1 1 1 0 0 1 0 0 0
126 67 0 2 0 0 0 0 0 0 0 0 0 234 106 2 4 1 1 1 0 0 1 0 0 0
146 72 1 2 0 0 0 0 0 0 0 0 0 292 119 2 4 1 1 1 0 0 1 0 0 0
165 79 1 2 0 0 0 0 0 0 0 0 0 314 125 2 5 2 1 1 0 0 1 0 0 0
179 89 1 2 0 0 0 0 0 0 0 0 0 376 128 3 6 2 1 1 0 0 1 0 0 0
189 100 1 3 0 0 0 0 0 0 0 0 0 397 138 3 7 2 1 2 0 0 1 0 0 0
203 104 1 3 0 0 1 0 0 0 0 0 0 451 151 4 8 2 1 2 0 0 1 0 0 0
226 114 1 3 0 0 1 0 0 0 0 0 0 512 156 4 12 2 1 2 0 0 1 0 0 0
253 121 1 3 0 0 1 0 0 0 0 0 0 516 161 4 12 2 1 2 0 0 1 0 0 0
263 126 1 3 0 0 1 0 0 0 0 0 0 523 166 4 12 2 1 2 0 0 1 0 0 0
270 134 1 4 0 0 1 0 0 0 0 0 0 526 170 4 12 2 1 2 1 0 1 0 0 0
282 138 1 4 0 0 1 0 0 0 0 0 0 529 175 4 12 2 1 2 1 0 1 0 0 0
288 145 1 4 0 0 1 0 0 0 0 0 0 532 178 4 12 2 1 2 1 0 1 0 0 0
293 151 1 4 0 0 1 0 0 0 0 0 0 538 186 4 12 2 1 2 1 0 1 0 0 0
316 158 1 5 0 0 1 0 0 0 0 0 0 545 201 4 12 2 1 2 1 0 1 0 0 0
328 168 1 5 0 0 1 0 0 0 0 0 0 550 213 4 12 2 1 2 1 0 1 0 0 0
372 180 1 5 1 0 1 0 0 0 0 0 0 555 228 4 12 2 2 2 1 0 2 0 0 0
380 185 2 5 1 0 1 0 0 0 0 0 0 664 236 4 16 2 2 2 1 0 2 1 0 0
405 191 2 6 1 0 1 0 0 0 0 0 0 670 241 5 16 2 2 3 1 0 2 1 0 0
414 197 2 6 1 0 1 0 0 0 0 0 0 683 245 5 16 2 2 3 1 0 2 1 0 0
454 204 2 7 1 0 1 0 0 0 0 0 0 688 265 5 16 2 2 3 1 0 2 1 0 0
460 212 2 7 1 0 1 0 0 0 0 0 0 695 270 5 16 2 2 3 1 0 2 1 0 0
468 219 2 7 1 0 1 0 0 0 0 0 0 737 277 5 16 2 2 3 1 0 2 1 0 0
484 229 2 8 1 0 1 0 0 0 0 0 0 763 286 5 16 3 2 3 1 0 2 1 0 0
501 236 2 8 1 0 1 0 0 0 0 0 0 784 304 5 17 3 3 3 1 0 2 1 0 0
517 240 2 8 1 0 1 0 0 0 0 0 0 817 307 5 18 3 3 3 1 0 2 1 0 0
524 246 2 8 1 0 1 0 0 0 0 0 0 894 311 5 20 3 3 3 1 0 3 1 0 0
535 253 2 8 1 0 1 0 0 0 0 0 0 898 314 5 20 3 3 3 1 0 3 1 0 0
564 264 2 9 1 0 1 0 0 0 0 0 0 1040 328 5 21 3 3 3 1 0 3 1 0 0
572 269 2 9 1 0 1 0 0 0 0 0 0 1046 345 5 21 3 3 3 1 0 3 1 0 0
576 276 2 9 1 0 1 0 0 0 0 0 0 1051 361 5 22 3 3 3 1 0 3 1 0 0
