# scores for worst/random/best/smart move selector strategies. 
# scores are 50% and 95% quantiles (based on 40 games) of: 
# game score, #destroyed, #unlocked, #stripes, #bombs, #zappers
3 3 0 0 0 0 0 0 0 0 0 0 0 8 8 0 0 0 0 0 0 0 0 0 0 0
9 9 0 0 0 0 0 0 0 0 0 0 0 18 18 0 0 0 0 0 0 0 0 0 0 0
15 15 0 0 0 0 0 0 0 0 0 0 0 36 30 0 0 0 0 0 0 0 0 0 0 0
30 22 0 0 0 0 0 0 0 0 0 0 0 129 51 2 2 0 1 1 0 0 1 0 0 0
56 28 0 0 0 0 0 0 0 0 0 0 0 141 71 2 2 1 1 1 0 0 1 0 0 0
86 39 0 1 0 0 0 0 0 0 0 0 0 190 81 2 3 1 1 1 0 0 1 0 0 0
105 48 0 1 0 0 0 0 0 0 0 0 0 222 93 2 4 1 1 1 1 0 1 0 0 0
126 59 0 2 0 0 0 0 0 0 0 0 0 303 108 7 6 1 1 1 1 0 1 0 0 0
173 71 1 2 0 0 0 0 0 0 0 0 0 322 117 7 6 2 1 1 1 0 1 0 0 0
187 80 1 3 0 0 0 0 0 0 0 0 0 381 132 7 6 2 2 1 1 0 2 0 0 0
202 91 2 3 0 0 0 0 0 0 0 0 0 390 143 8 7 2 2 1 1 0 2 0 0 0
229 101 2 3 0 0 0 0 0 0 0 0 0 429 155 8 7 2 3 1 1 0 2 0 0 0
240 109 2 3 0 0 0 0 0 0 0 0 0 441 164 8 8 2 3 1 1 0 3 0 0 0
272 115 2 4 0 0 0 0 0 0 0 0 0 611 181 8 12 2 3 1 1 0 3 1 0 0
279 122 2 4 0 0 0 0 0 0 0 0 0 712 201 8 16 2 3 1 1 0 3 1 0 0
328 139 2 5 0 1 0 0 0 0 0 0 0 758 213 8 17 2 3 2 1 0 3 1 0 0
338 147 2 5 1 1 0 0 0 0 0 0 0 793 223 8 17 2 3 2 1 0 3 1 0 0
375 158 2 5 1 1 0 0 0 0 0 0 0 804 244 8 17 2 3 2 1 0 3 1 0 0
407 164 2 5 1 1 0 0 0 0 0 0 0 861 254 8 18 3 4 2 1 0 3 1 0 0
428 179 2 6 1 1 1 0 0 1 0 0 0 959 281 8 18 3 4 2 1 0 3 1 0 0
457 191 2 6 1 1 1 0 0 1 0 0 0 967 291 8 18 3 4 2 1 0 4 1 0 0
466 200 2 6 1 1 1 0 0 1 0 0 0 1040 308 8 18 4 4 2 1 0 4 1 0 0
524 222 2 7 1 1 1 0 0 1 0 0 0 1065 329 9 19 4 5 2 2 0 4 1 0 0
536 234 2 7 1 1 1 0 0 1 0 0 0 1237 347 9 21 4 5 2 2 0 4 1 0 0
567 253 2 8 1 1 1 0 0 1 0 0 0 1426 383 9 28 4 5 2 2 0 4 1 0 0
601 259 2 8 1 1 1 0 0 1 0 0 0 1431 389 9 29 4 5 2 2 0 4 1 0 0
644 271 2 8 1 1 1 0 0 1 0 0 0 1448 394 9 29 4 5 2 2 0 4 1 0 0
653 281 2 9 1 2 1 0 0 1 0 0 0 1454 401 9 29 4 5 2 2 0 4 1 0 0
710 295 2 10 2 2 1 0 0 1 0 0 0 1458 411 9 29 4 5 2 2 0 4 1 0 0
721 306 2 10 2 2 1 0 0 1 0 0 0 1483 420 9 29 4 5 3 2 0 4 1 0 0
743 313 2 11 2 2 1 0 0 1 0 0 0 1489 424 9 30 5 5 3 2 0 4 1 0 0
770 336 2 11 2 2 1 1 0 1 0 0 0 1494 430 9 30 5 5 3 2 0 4 1 0 0
819 346 2 11 2 2 1 1 0 1 0 0 0 1562 441 9 30 5 5 3 2 0 4 1 0 0
845 352 2 11 2 2 1 1 0 2 0 0 0 1589 456 9 30 5 5 3 2 0 4 1 0 0
869 360 2 12 2 2 1 1 0 2 0 0 0 1632 471 9 31 5 5 3 2 0 4 1 0 0
902 377 2 13 2 2 1 1 0 2 0 0 0 1653 476 9 31 5 5 3 2 0 4 1 0 0
941 392 2 13 2 2 1 1 0 2 0 0 0 1662 496 9 31 5 5 3 2 0 5 1 0 0
955 401 2 13 2 2 1 1 0 2 0 0 0 1684 506 9 31 5 5 3 2 0 5 1 0 0
981 410 2 13 2 2 1 1 0 2 0 0 0 1738 521 9 31 5 5 3 2 1 5 1 0 0
986 419 2 13 2 2 2 1 0 2 0 0 0 1749 529 9 31 6 5 3 2 1 5 1 0 0
1034 426 2 14 3 2 2 1 0 2 0 0 0 1795 545 9 33 6 5 3 2 1 5 1 0 0
