# scores for worst/random/best/smart move selector strategies. 
# scores are 50% and 95% quantiles (based on 40 games) of: 
# game score, #destroyed, #unlocked, #stripes, #bombs, #zappers
3 3 0 0 0 0 0 0 0 0 0 0 0 8 8 0 0 0 0 0 0 0 0 0 0 0
9 9 0 0 0 0 0 0 0 0 0 0 0 15 15 0 0 0 0 0 0 0 0 0 0 0
12 12 0 0 0 0 0 0 0 0 0 0 0 22 22 0 0 0 0 0 0 0 0 0 0 0
17 17 0 0 0 0 0 0 0 0 0 0 0 29 29 0 0 0 0 0 0 0 0 0 0 0
21 21 0 0 0 0 0 0 0 0 0 0 0 36 36 0 0 0 0 0 0 0 0 0 0 0
24 24 0 0 0 0 0 0 0 0 0 0 0 44 42 0 0 0 0 0 0 0 0 0 0 0
27 27 0 0 0 0 0 0 0 0 0 0 0 57 45 0 0 0 0 0 0 0 0 0 0 0
32 32 0 0 0 0 0 0 0 0 0 0 0 62 50 0 0 0 0 0 0 0 0 0 0 0
36 36 0 0 0 0 0 0 0 0 0 0 0 76 53 0 1 0 0 0 0 0 0 0 0 0
41 40 0 0 0 0 0 0 0 0 0 0 0 79 56 0 1 0 0 0 0 0 0 0 0 0
44 43 0 0 0 0 0 0 0 0 0 0 0 82 59 0 1 0 0 0 0 0 0 0 0 0
51 50 0 0 0 0 0 0 0 0 0 0 0 86 62 0 1 0 0 0 0 0 0 0 0 0
54 54 0 0 0 0 0 0 0 0 0 0 0 98 71 0 1 0 0 0 0 0 0 0 0 0
57 57 0 0 0 0 0 0 0 0 0 0 0 103 75 1 1 0 0 0 0 0 0 0 0 0
63 61 0 0 0 0 0 0 0 0 0 0 0 106 80 1 1 0 0 0 0 0 0 0 0 0
68 66 0 0 0 0 0 0 0 0 0 0 0 109 84 1 1 0 0 0 0 0 0 0 0 0
72 69 0 0 0 0 0 0 0 0 0 0 0 125 94 1 1 0 0 0 0 0 0 0 0 0
76 74 0 0 0 0 0 0 0 0 0 0 0 128 99 1 1 0 0 0 0 0 0 0 0 0
79 78 0 0 0 0 0 0 0 0 0 0 0 137 111 1 1 0 0 0 0 0 0 0 0 0
83 81 0 0 0 0 0 0 0 0 0 0 0 144 118 1 1 0 0 0 0 0 0 0 0 0
87 85 0 0 0 0 0 0 0 0 0 0 0 157 121 1 1 1 0 0 0 0 0 0 0 0
96 89 0 0 0 0 0 0 0 0 0 0 0 163 127 1 1 1 0 0 0 0 0 0 0 0
99 93 0 0 0 0 0 0 0 0 0 0 0 166 130 1 1 1 0 0 0 0 0 0 0 0
103 98 0 0 0 0 0 0 0 0 0 0 0 170 134 1 1 1 0 0 0 0 0 0 0 0
108 102 0 0 0 0 0 0 0 0 0 0 0 174 138 1 1 1 0 0 0 0 0 0 0 0
112 108 0 0 0 0 0 0 0 0 0 0 0 195 141 1 1 1 0 0 0 0 0 0 0 0
121 114 0 0 0 0 0 0 0 0 0 0 0 198 144 1 1 1 0 0 0 0 0 0 0 0
124 119 0 0 0 0 0 0 0 0 0 0 0 201 152 1 1 1 0 0 0 0 0 0 0 0
129 122 0 0 0 0 0 0 0 0 0 0 0 204 155 1 1 1 0 0 0 0 0 0 0 0
134 127 0 0 0 0 0 0 0 0 0 0 0 212 162 1 1 1 0 0 0 0 0 0 0 0
139 133 0 0 0 0 0 0 0 0 0 0 0 215 165 1 1 1 0 0 0 0 0 0 0 0
143 136 0 0 0 0 0 0 0 0 0 0 0 218 169 1 1 1 0 0 0 0 0 0 0 0
151 139 0 0 0 0 0 0 0 0 0 0 0 223 175 1 1 1 0 0 0 0 0 0 0 0
155 145 0 0 0 0 0 0 0 0 0 0 0 227 179 1 1 1 0 0 0 0 0 0 0 0
158 148 0 0 0 0 0 0 0 0 0 0 0 234 184 1 2 1 0 0 0 0 0 0 0 0
164 154 0 0 0 0 0 0 0 0 0 0 0 237 187 1 2 1 0 0 0 0 0 0 0 0
170 157 0 0 0 0 0 0 0 0 0 0 0 242 191 1 2 1 0 0 0 0 0 0 0 0
173 160 0 0 0 0 0 0 0 0 0 0 0 245 194 1 2 1 0 0 0 0 0 0 0 0
176 163 0 0 0 0 0 0 0 0 0 0 0 249 201 1 2 1 0 0 0 0 0 0 0 0
185 170 0 0 0 0 0 0 0 0 0 0 0 253 206 1 2 1 0 0 0 0 0 0 0 0
190 175 0 0 0 0 0 0 0 0 0 0 0 259 210 1 2 1 0 0 0 0 0 0 0 0
