# scores for worst/random/best/smart move selector strategies. 
# scores are 50% and 95% quantiles (based on 40 games) of: 
# game score, #destroyed, #unlocked, #stripes, #bombs, #zappers
3 3 0 0 0 0 0 0 0 0 0 0 0 11 11 0 0 0 0 0 0 0 0 0 0 0
9 9 0 0 0 0 0 0 0 0 0 0 0 47 18 0 0 0 0 0 0 0 0 0 0 0
12 12 0 0 0 0 0 0 0 0 0 0 0 86 30 0 1 0 1 0 0 0 1 0 0 0
17 17 0 0 0 0 0 0 0 0 0 0 0 89 34 0 1 0 1 0 0 0 1 0 0 0
21 21 0 0 0 0 0 0 0 0 0 0 0 108 42 0 1 1 1 0 0 0 1 0 0 0
26 26 0 0 0 0 0 0 0 0 0 0 0 160 60 2 2 1 1 0 0 0 1 0 0 0
35 33 0 0 0 0 0 0 0 0 0 0 0 164 71 4 3 1 1 1 0 0 1 0 0 0
67 40 0 0 0 0 0 0 0 0 0 0 0 325 78 13 8 1 1 1 0 0 1 0 0 0
85 47 0 1 0 0 0 0 0 0 0 0 0 339 87 13 8 1 1 1 0 0 1 0 0 0
112 55 0 1 0 0 0 0 0 0 0 0 0 362 109 13 8 1 1 1 0 0 1 0 0 0
122 63 0 2 0 0 0 0 0 0 0 0 0 366 120 13 8 1 1 1 0 0 1 0 0 0
136 70 0 2 0 0 0 0 0 0 0 0 0 442 147 15 8 1 1 1 0 0 1 0 0 0
143 75 0 2 0 0 0 0 0 0 0 0 0 510 153 16 12 1 2 1 0 0 1 1 0 0
159 82 1 2 0 0 0 0 0 0 0 0 0 558 176 17 13 1 2 1 0 0 2 1 0 0
186 91 2 2 0 0 0 0 0 0 0 0 0 621 205 17 14 2 2 2 0 0 2 1 0 0
221 103 2 3 0 0 0 0 0 0 0 0 0 664 235 17 15 3 2 2 1 0 2 1 0 0
251 120 3 3 0 0 0 0 0 0 0 0 0 672 249 17 15 3 2 2 1 0 2 1 0 0
284 126 3 4 0 0 0 0 0 0 0 0 0 755 264 17 15 3 2 2 1 0 2 1 0 0
352 143 3 4 0 0 0 0 0 0 0 0 0 768 276 17 16 3 2 2 1 0 2 1 0 0
359 156 3 4 0 0 1 0 0 0 0 0 0 789 302 17 16 3 2 2 1 0 2 1 0 0
365 161 3 5 0 0 1 0 0 0 0 0 0 811 334 17 17 3 3 2 1 0 2 1 0 0
389 168 3 5 0 0 1 0 0 0 0 0 0 908 373 17 20 3 3 2 1 0 2 1 0 0
420 200 4 5 1 0 1 0 0 0 0 0 0 926 390 17 20 4 3 2 1 0 2 1 0 0
523 211 5 7 1 0 1 0 0 0 0 0 0 1043 403 17 26 4 3 3 1 0 3 1 0 0
528 222 5 7 1 1 1 0 0 0 0 0 0 1294 420 18 26 5 3 3 1 0 3 1 0 0
604 237 5 8 1 1 1 0 0 0 0 0 0 1450 432 18 26 11 3 3 1 0 3 1 0 0
653 253 5 9 1 1 1 0 0 0 0 0 0 1455 442 18 27 11 3 3 1 0 3 1 0 0
686 261 6 9 1 1 1 0 0 0 0 0 0 1505 458 18 27 11 3 3 1 0 3 1 0 0
689 277 6 9 2 1 1 0 0 0 0 0 0 1511 482 18 28 11 4 3 1 0 3 1 0 0
710 287 6 11 2 1 1 0 0 0 0 0 0 1559 497 18 28 11 4 4 1 0 3 1 0 0
784 295 6 11 2 1 1 0 0 1 0 0 0 1651 521 18 32 16 4 4 2 0 3 1 1 0
807 306 6 11 2 1 2 0 0 1 0 0 0 1707 529 18 34 16 4 4 2 0 3 1 1 0
860 316 6 12 2 1 2 0 0 1 0 0 0 1827 543 18 36 16 4 5 2 0 3 1 1 0
871 333 6 12 2 1 2 0 0 1 0 0 0 1874 590 18 37 16 4 5 2 0 3 1 1 0
925 343 6 13 2 1 2 0 0 1 0 0 0 1970 622 18 43 16 4 5 2 0 3 2 1 0
930 364 6 13 2 1 2 0 0 1 0 0 0 2028 638 18 44 16 5 5 2 0 4 2 1 0
993 389 6 14 2 2 2 0 0 1 0 0 0 2035 645 19 45 16 5 5 2 0 4 2 1 0
1007 399 6 14 2 2 2 0 0 1 0 0 0 2093 668 19 46 16 5 5 2 0 4 2 1 0
1063 416 6 15 2 2 2 0 0 1 0 0 0 2177 689 19 46 17 6 5 2 0 4 2 1 0
1173 434 6 16 3 2 2 0 0 1 0 0 0 2310 702 19 55 17 6 5 2 0 5 2 1 0
1300 464 6 18 3 2 3 0 0 1 0 0 0 2315 711 19 55 17 6 5 2 0 5 2 1 0
