# scores for worst/random/best/smart move selector strategies. 
# scores are 50% and 95% quantiles (based on 40 games) of: 
# game score, #destroyed, #unlocked, #stripes, #bombs, #zappers
3 3 0 0 0 0 0 0 0 0 0 0 0 11 11 0 0 0 0 0 0 0 0 0 0 0
8 8 0 0 0 0 0 0 0 0 0 0 0 24 17 0 0 0 0 0 0 0 0 0 0 0
12 12 0 0 0 0 0 0 0 0 0 0 0 72 22 0 0 0 1 0 0 0 1 0 0 0
15 15 0 0 0 0 0 0 0 0 0 0 0 75 30 0 0 0 1 0 0 0 1 0 0 0
19 19 0 0 0 0 0 0 0 0 0 0 0 81 34 0 0 0 1 0 0 0 1 0 0 0
24 24 0 0 0 0 0 0 0 0 0 0 0 108 46 0 1 0 1 0 0 0 1 0 0 0
29 29 0 0 0 0 0 0 0 0 0 0 0 121 59 0 1 0 1 0 0 0 1 0 0 0
36 35 0 0 0 0 0 0 0 0 0 0 0 125 63 0 1 0 1 0 0 0 1 0 0 0
40 39 0 0 0 0 0 0 0 0 0 0 0 134 69 0 1 0 1 0 0 0 1 0 0 0
50 43 0 0 0 0 0 0 0 0 0 0 0 145 81 0 1 0 1 0 0 0 1 0 0 0
53 46 0 0 0 0 0 0 0 0 0 0 0 150 86 0 1 0 1 0 0 0 1 0 0 0
75 53 0 0 0 0 0 0 0 0 0 0 0 168 90 1 1 1 1 0 0 0 1 0 0 0
81 58 0 0 0 0 0 0 0 0 0 0 0 198 106 1 2 1 1 0 0 0 1 0 0 0
86 64 0 0 0 0 0 0 0 0 0 0 0 214 111 1 3 1 1 0 0 0 1 0 0 0
91 69 0 0 0 0 0 0 0 0 0 0 0 218 118 1 3 1 1 0 0 0 1 0 0 0
101 73 0 1 0 0 0 0 0 0 0 0 0 224 134 1 3 1 1 0 0 0 1 0 0 0
106 77 0 1 0 0 0 0 0 0 0 0 0 243 141 3 3 1 1 0 0 0 1 0 0 0
111 82 0 1 0 0 0 0 0 0 0 0 0 264 144 3 3 1 1 0 0 0 1 0 0 0
120 86 0 1 0 0 0 0 0 0 0 0 0 268 150 3 3 1 1 0 0 0 1 0 0 0
124 90 0 1 0 0 0 0 0 0 0 0 0 293 159 3 3 2 1 0 0 0 1 0 0 0
129 100 0 1 0 0 0 0 0 0 0 0 0 321 184 4 4 2 1 0 0 0 1 0 0 0
138 105 0 1 0 0 0 0 0 0 0 0 0 325 189 4 4 2 1 0 0 0 1 0 0 0
145 113 0 1 0 0 0 0 0 0 0 0 0 331 192 4 4 2 1 0 0 0 1 0 0 0
153 120 0 1 0 0 0 0 0 0 0 0 0 338 199 4 4 2 1 0 0 0 1 0 0 0
161 124 0 1 0 0 0 0 0 0 0 0 0 382 203 4 4 2 1 0 0 0 1 0 0 0
167 129 0 1 0 0 0 0 0 0 0 0 0 390 213 4 4 2 1 0 0 0 1 0 0 0
188 136 0 1 0 0 0 0 0 0 0 0 0 423 216 4 4 2 1 0 0 0 1 0 0 0
191 142 0 1 0 0 0 0 0 0 0 0 0 439 219 4 5 2 1 0 0 0 1 0 0 0
211 154 0 1 0 0 0 0 0 0 0 0 0 442 233 4 5 2 1 0 0 0 1 0 0 0
216 158 0 1 0 0 0 0 0 0 0 0 0 473 240 5 5 2 1 0 0 0 1 0 0 0
237 163 0 2 0 0 0 0 0 0 0 0 0 478 250 5 5 2 1 0 0 0 1 0 0 0
242 172 0 2 0 0 0 0 0 0 0 0 0 503 260 5 5 3 1 0 0 0 1 0 0 0
262 179 0 2 0 0 0 0 0 0 0 0 0 513 265 5 6 3 1 0 0 0 1 0 0 0
265 186 0 2 0 0 0 0 0 0 0 0 0 531 297 5 6 3 1 0 0 0 1 0 0 0
273 189 0 2 0 0 0 0 0 0 0 0 0 576 300 5 6 3 1 0 0 0 1 0 0 0
282 201 0 3 1 0 0 0 0 0 0 0 0 579 306 5 6 3 1 0 0 0 1 0 0 0
285 209 0 3 1 0 0 0 0 0 0 0 0 624 316 6 7 3 1 1 0 0 1 0 0 0
335 222 0 3 1 0 0 0 0 0 0 0 0 641 332 6 7 3 2 1 0 0 1 0 0 0
343 230 1 4 1 0 0 0 0 0 0 0 0 670 339 6 8 4 2 1 0 0 2 0 0 0
389 240 1 4 1 0 0 0 0 0 0 0 0 676 354 6 8 4 2 1 0 0 2 0 0 0
396 246 1 4 1 0 0 0 0 0 0 0 0 706 357 6 8 4 2 1 0 0 2 0 0 0
