# scores for worst/random/best/smart move selector strategies. 
# scores are 50% and 95% quantiles (based on 40 games) of: 
# game score, #destroyed, #unlocked, #stripes, #bombs, #zappers
3 3 0 0 0 0 0 0 0 0 0 0 0 11 11 0 0 0 0 0 0 0 0 0 0 0
9 9 0 0 0 0 0 0 0 0 0 0 0 47 19 0 0 0 0 0 0 0 0 0 0 0
13 13 0 0 0 0 0 0 0 0 0 0 0 77 27 0 0 0 1 0 0 0 1 0 0 0
18 18 0 0 0 0 0 0 0 0 0 0 0 83 34 3 2 0 1 1 0 0 1 0 0 0
27 26 0 0 0 0 0 0 0 0 0 0 0 117 43 4 2 1 1 1 0 0 1 0 0 0
57 33 0 0 0 0 0 0 0 0 0 0 0 130 50 4 3 1 1 1 0 0 1 0 0 0
73 39 0 1 0 0 0 0 0 0 0 0 0 186 78 6 3 1 1 1 0 0 1 0 0 0
92 46 0 1 0 0 0 0 0 0 0 0 0 245 100 10 4 1 1 1 0 0 1 0 0 0
105 52 0 1 0 0 0 0 0 0 0 0 0 427 125 17 8 1 2 1 0 0 1 0 0 0
129 59 0 2 0 0 0 0 0 0 0 0 0 456 162 17 8 2 2 1 1 0 1 0 0 0
149 69 0 2 0 0 0 0 0 0 0 0 0 511 189 17 8 2 2 1 1 0 1 0 0 0
189 78 2 2 0 0 0 0 0 0 0 0 0 575 199 18 8 2 2 1 1 0 2 0 0 0
224 90 3 3 0 0 0 0 0 0 0 0 0 623 240 18 10 3 2 1 1 0 2 0 0 0
248 106 3 3 1 0 0 0 0 0 0 0 0 714 255 18 14 3 2 1 1 0 2 1 0 0
293 124 4 3 1 0 0 0 0 0 0 0 0 826 275 18 14 3 2 1 1 0 2 1 0 0
311 139 4 4 1 0 0 0 0 0 0 0 0 863 289 18 18 4 2 1 1 0 2 1 0 0
342 154 6 4 1 0 0 0 0 0 0 0 0 927 308 18 18 4 2 1 1 0 2 1 0 0
373 164 6 5 1 1 0 0 0 0 0 0 0 1026 321 18 19 5 3 2 1 0 3 1 0 0
486 201 6 5 2 1 0 0 0 0 0 0 0 1128 350 18 20 5 3 2 1 0 3 1 0 0
520 210 6 6 2 1 0 0 0 0 0 0 0 1197 366 18 21 13 3 2 1 0 3 1 0 0
592 220 6 6 2 1 1 0 0 1 0 0 0 1218 400 18 23 13 4 2 1 0 4 1 0 0
749 249 7 8 2 1 1 0 0 1 0 0 0 1282 431 18 24 18 4 2 2 0 4 1 1 0
808 254 7 8 3 2 1 0 0 1 0 0 0 1419 475 18 25 18 4 2 2 1 4 1 1 0
842 287 7 8 3 2 1 0 0 1 0 0 0 1526 491 18 26 18 4 2 2 1 4 1 1 0
876 297 7 10 4 2 1 0 0 1 0 0 0 1765 509 18 26 18 5 2 2 1 4 1 1 0
937 310 7 10 4 2 1 0 0 1 0 0 0 1811 547 18 28 18 5 2 2 1 4 1 1 0
993 336 7 11 5 2 1 0 0 2 0 0 0 1973 579 18 28 18 6 2 2 1 5 1 1 0
1102 367 7 12 5 2 1 0 0 2 0 0 0 2078 604 18 29 19 6 2 2 1 5 1 1 0
1145 379 7 12 5 2 1 0 0 2 0 0 0 2084 612 18 30 19 7 2 2 1 5 1 1 0
1221 433 8 12 5 2 1 1 0 2 0 0 0 2166 621 18 32 19 7 2 2 1 5 1 1 0
1337 457 8 14 6 2 1 1 0 2 0 0 0 2234 656 18 34 20 7 2 2 1 6 1 1 0
1348 499 8 14 6 3 1 1 0 2 0 0 0 2568 682 18 35 24 7 3 2 1 6 1 1 0
1430 530 8 14 7 3 1 1 0 2 0 0 0 2664 711 18 35 24 7 3 3 1 7 1 1 0
1535 551 8 16 7 3 1 1 0 3 0 0 0 2680 751 18 36 24 8 3 3 1 7 1 1 0
1583 566 8 17 8 3 1 1 0 3 0 0 0 2766 781 18 37 28 8 3 3 1 7 1 1 0
1655 611 8 17 9 4 1 1 0 3 0 0 0 2865 809 18 37 28 8 3 3 1 7 1 1 0
1719 633 8 18 9 4 1 1 0 3 0 0 0 2947 869 18 38 28 8 3 3 1 7 1 1 0
1852 658 8 20 9 4 1 1 0 3 0 0 0 3044 884 19 41 28 9 3 3 1 7 2 1 0
1890 685 8 20 9 4 1 1 0 3 0 0 0 3144 917 19 42 29 9 3 3 1 7 2 1 0
1913 706 8 22 9 4 1 1 0 4 0 0 0 3197 938 19 42 29 10 4 3 1 7 2 1 0
1941 718 8 23 10 5 1 1 0 4 0 0 0 3207 970 19 43 29 10 4 3 2 7 2 1 0
