# scores for worst/random/best/smart move selector strategies. 
# scores are 50% and 95% quantiles (based on 40 games) of: 
# game score, #destroyed, #unlocked, #stripes, #bombs, #zappers
0 0 0 0 0 0 0 0 0 0 0 0 0 13 9 0 0 0 0 0 0 0 0 0 0 0
6 6 0 0 0 0 0 0 0 0 0 0 0 34 16 0 0 0 0 0 0 0 0 0 0 0
9 9 0 0 0 0 0 0 0 0 0 0 0 38 26 0 1 0 0 0 0 0 0 0 0 0
12 12 0 0 0 0 0 0 0 0 0 0 0 68 30 0 1 0 0 0 0 0 0 0 0 0
21 21 0 0 0 0 0 0 0 0 0 0 0 78 51 0 1 0 0 0 0 0 0 0 0 0
33 31 0 0 0 0 0 0 0 0 0 0 0 84 60 0 1 0 0 0 0 0 0 0 0 0
40 37 0 0 0 0 0 0 0 0 0 0 0 165 73 4 1 2 0 0 0 0 0 0 0 0
49 43 0 0 0 0 0 0 0 0 0 0 0 168 80 5 1 2 0 0 0 0 0 0 0 0
54 50 0 0 0 0 0 0 0 0 0 0 0 179 90 5 1 2 1 0 0 0 1 0 0 0
67 58 0 0 0 0 0 0 0 0 0 0 0 196 96 5 1 2 1 0 0 0 1 0 0 0
95 71 0 0 0 0 0 0 0 0 0 0 0 199 100 5 1 2 1 0 0 0 1 0 0 0
104 78 0 0 0 0 0 0 0 0 0 0 0 242 113 6 3 2 1 0 0 0 1 0 0 0
119 89 0 1 0 0 0 0 0 0 0 0 0 270 125 7 3 2 1 0 0 0 1 0 0 0
136 94 0 1 0 0 0 0 0 0 0 0 0 281 132 7 3 2 1 0 0 0 1 0 0 0
144 105 0 1 0 0 0 0 0 0 0 0 0 328 155 7 3 2 1 0 0 0 1 0 0 0
166 113 0 1 0 0 0 0 0 0 0 0 0 335 161 7 3 2 1 0 0 0 1 0 0 0
176 122 0 1 0 0 0 0 0 0 0 0 0 341 167 7 3 2 1 0 0 0 1 0 0 0
199 135 0 1 0 0 0 0 0 0 0 0 0 387 185 7 4 2 2 0 0 0 2 0 0 0
213 142 0 1 0 0 0 0 0 0 0 0 0 436 209 7 4 3 2 0 0 0 2 0 0 0
230 154 1 1 0 0 0 0 0 0 0 0 0 440 215 7 4 3 2 0 0 0 2 0 0 0
250 158 1 1 1 0 0 0 0 0 0 0 0 454 218 7 4 3 2 0 0 0 2 0 0 0
253 166 1 2 1 0 0 0 0 0 0 0 0 507 226 7 5 3 2 0 0 0 2 0 0 0
276 178 1 2 1 0 0 0 0 0 0 0 0 510 230 7 5 4 2 0 0 0 2 0 0 0
324 185 1 2 1 0 0 0 0 0 0 0 0 520 236 7 5 4 2 0 0 0 2 0 0 0
336 202 1 2 1 0 0 0 0 0 0 0 0 529 251 7 6 4 2 0 0 0 2 0 0 0
358 217 1 3 1 0 0 0 0 0 0 0 0 601 280 8 8 4 2 0 0 0 2 0 0 0
381 233 2 3 1 0 0 0 0 0 0 0 0 642 288 8 8 5 2 0 0 0 2 0 0 0
396 238 2 3 1 0 0 0 0 0 0 0 0 665 302 8 10 5 2 0 0 0 2 0 0 0
402 242 2 3 1 0 0 0 0 0 0 0 0 682 316 8 10 5 2 0 0 0 2 0 0 0
414 246 2 3 1 0 0 0 0 0 0 0 0 686 324 8 10 5 2 0 1 0 2 0 0 0
426 249 2 4 1 0 0 0 0 0 0 0 0 733 334 8 10 5 2 0 1 0 2 0 0 0
451 257 2 4 1 0 0 0 0 0 0 0 0 741 343 8 10 5 2 0 1 0 2 0 0 0
462 260 2 4 1 0 0 0 0 0 0 0 0 749 346 8 10 5 2 0 1 0 2 0 0 0
479 268 2 4 1 0 0 0 0 0 0 0 0 756 361 9 10 5 2 0 1 0 2 0 0 0
485 275 2 4 1 0 0 0 0 0 0 0 0 761 365 9 10 5 2 0 1 0 2 0 0 0
506 283 3 5 2 0 0 0 0 0 0 0 0 776 380 9 10 5 2 0 1 0 2 0 0 0
517 298 3 5 2 0 0 0 0 0 0 0 0 799 384 9 10 5 2 0 1 0 2 0 0 0
523 304 3 5 2 0 0 0 0 0 0 0 0 819 387 9 10 5 2 0 1 0 2 0 0 0
536 313 3 5 2 0 0 0 0 0 0 0 0 831 394 9 11 5 2 0 1 0 2 0 0 0
562 320 3 5 2 0 0 0 0 0 0 0 0 851 414 9 11 5 2 0 1 0 2 0 0 0
573 327 3 5 2 0 0 0 0 0 0 0 0 854 417 9 11 5 2 0 1 0 2 0 0 0
