# scores for worst/random/best/smart move selector strategies. 
# scores are 50% and 95% quantiles (based on 40 games) of: 
# game score, #destroyed, #unlocked, #stripes, #bombs, #zappers
0 0 0 0 0 0 0 0 0 0 0 0 0 13 9 0 0 0 0 0 0 0 0 0 0 0
6 6 0 0 0 0 0 0 0 0 0 0 0 50 23 0 0 0 0 0 0 0 0 0 0 0
12 12 0 0 0 0 0 0 0 0 0 0 0 66 43 0 1 0 0 0 0 0 0 0 0 0
24 18 0 0 0 0 0 0 0 0 0 0 0 126 56 0 1 0 1 0 0 0 1 0 0 0
36 24 0 0 0 0 0 0 0 0 0 0 0 179 75 1 1 1 1 0 0 0 1 0 0 0
49 33 0 0 0 0 0 0 0 0 0 0 0 255 100 4 2 1 1 0 0 0 1 0 0 0
66 44 0 1 0 0 0 0 0 0 0 0 0 286 118 6 3 2 1 1 0 0 1 0 0 0
116 58 0 1 0 0 0 0 0 0 0 0 0 438 180 8 4 2 1 1 0 0 1 0 0 0
148 75 1 2 0 0 0 0 0 0 0 0 0 473 193 9 5 2 2 1 1 0 2 0 0 0
206 102 2 2 0 0 0 0 0 0 0 0 0 561 229 12 6 3 2 1 1 0 2 0 0 0
245 111 2 3 0 0 0 0 0 0 0 0 0 605 241 12 7 3 2 1 1 0 2 0 0 0
280 123 2 3 0 1 0 0 0 1 0 0 0 630 248 12 9 3 3 1 1 0 2 0 0 0
345 149 3 4 1 1 0 0 0 1 0 0 0 861 285 12 12 3 3 1 1 0 3 0 0 0
376 171 3 4 1 1 0 0 0 1 0 0 0 903 319 16 16 4 4 1 1 0 3 1 0 0
399 182 3 5 2 1 0 0 0 1 0 0 0 917 345 16 18 4 4 1 1 1 4 1 0 0
459 200 4 5 2 1 0 0 0 1 0 0 0 1192 361 16 18 11 4 2 1 1 4 1 0 0
494 211 4 5 2 1 0 0 0 1 0 0 0 1362 371 16 19 11 4 2 1 1 4 1 0 0
560 237 4 6 2 2 0 0 0 1 0 0 0 1513 410 16 19 17 5 2 1 1 5 1 1 0
601 259 4 6 2 2 0 0 0 1 0 0 0 1523 423 16 20 17 5 2 1 1 5 1 1 0
681 293 5 7 3 2 0 0 0 2 0 0 0 1540 442 16 20 18 5 2 2 1 5 1 1 0
751 324 5 8 3 2 0 0 0 2 0 0 0 1628 457 16 21 18 5 2 2 1 5 1 1 0
834 366 5 9 3 3 0 0 0 2 0 0 0 1651 479 16 22 18 5 2 2 1 5 1 1 0
898 384 5 10 4 3 0 0 0 2 0 0 0 1702 506 16 26 18 6 2 2 1 5 1 1 0
955 403 5 10 4 3 1 0 0 2 0 0 0 1784 530 16 27 19 6 2 2 1 5 1 1 0
1013 419 5 11 4 3 1 0 0 2 0 0 0 1815 551 16 30 19 6 3 2 1 5 1 1 0
1080 433 5 12 4 3 1 0 0 3 0 0 0 1942 578 16 30 21 6 3 2 1 5 1 1 0
1093 458 5 14 5 3 1 1 0 3 0 0 0 2065 608 16 31 22 7 3 2 1 6 1 1 0
1192 497 5 14 5 3 1 1 0 3 0 0 0 2190 633 16 33 22 7 3 2 1 6 1 1 0
1293 521 5 15 5 3 1 1 0 3 0 0 0 2208 679 16 33 23 8 3 2 1 6 1 1 0
1393 549 5 16 6 3 1 1 0 3 0 0 0 2268 690 16 35 23 8 3 2 1 6 1 1 0
1455 559 5 17 6 4 1 1 0 3 0 0 0 2627 705 16 36 30 8 4 2 2 6 1 1 0
1491 581 5 17 6 4 1 1 0 3 0 0 0 2636 716 16 37 30 8 4 2 2 6 1 1 0
1530 601 5 18 6 4 1 1 0 3 0 0 0 2672 742 16 38 30 8 4 3 2 7 1 1 0
1565 620 5 19 6 4 1 1 0 4 0 0 0 2738 764 16 38 30 8 4 3 2 7 1 1 0
1654 657 5 19 7 5 1 1 0 4 0 0 0 2799 778 16 38 30 9 4 3 2 7 1 1 0
1702 675 5 20 7 5 1 1 0 4 0 0 0 2815 822 16 48 30 9 4 3 2 7 2 1 0
1794 701 5 20 7 5 1 1 0 4 0 0 0 2871 844 16 48 31 9 4 3 2 7 2 1 0
1881 721 5 21 7 5 1 1 0 4 0 0 0 2886 861 16 49 31 10 4 3 2 8 2 1 0
1957 746 5 22 8 5 1 1 0 4 0 0 0 2927 917 16 51 32 10 4 3 2 9 2 1 0
2005 773 5 22 9 5 1 1 0 4 0 0 0 3058 948 16 51 33 10 4 3 2 9 2 1 0
2037 797 5 23 9 6 2 1 0 4 0 0 0 3105 964 16 53 33 10 4 3 2 9 2 1 0
