# scores for worst/random/best/smart move selector strategies. 
# scores are 50% and 95% quantiles (based on 40 games) of: 
# game score, #destroyed, #unlocked, #stripes, #bombs, #zappers
0 0 0 0 0 0 0 0 0 0 0 0 0 13 9 0 0 0 0 0 0 0 0 0 0 0
6 6 0 0 0 0 0 0 0 0 0 0 0 32 15 0 0 0 0 0 0 0 0 0 0 0
9 9 0 0 0 0 0 0 0 0 0 0 0 50 31 0 1 0 0 0 0 0 0 0 0 0
12 12 0 0 0 0 0 0 0 0 0 0 0 58 35 0 1 0 0 0 0 0 0 0 0 0
18 18 0 0 0 0 0 0 0 0 0 0 0 72 41 0 1 0 0 0 0 0 0 0 0 0
22 21 0 0 0 0 0 0 0 0 0 0 0 75 47 0 1 0 0 0 0 0 0 0 0 0
33 30 0 0 0 0 0 0 0 0 0 0 0 97 67 1 1 0 0 0 0 0 0 0 0 0
43 40 0 0 0 0 0 0 0 0 0 0 0 138 82 1 2 1 0 0 0 0 0 0 0 0
54 49 0 0 0 0 0 0 0 0 0 0 0 141 85 1 2 1 0 0 0 0 0 0 0 0
60 54 0 0 0 0 0 0 0 0 0 0 0 147 97 1 2 1 0 0 0 0 0 0 0 0
80 62 0 0 0 0 0 0 0 0 0 0 0 152 111 2 2 1 0 0 0 0 0 0 0 0
86 68 0 0 0 0 0 0 0 0 0 0 0 207 117 3 2 1 0 0 0 0 0 0 0 0
99 79 0 0 0 0 0 0 0 0 0 0 0 230 132 3 2 1 0 0 0 0 0 0 0 0
106 85 0 0 0 0 0 0 0 0 0 0 0 240 135 3 3 1 0 0 0 0 0 0 0 0
113 91 0 0 0 0 0 0 0 0 0 0 0 248 140 4 3 1 0 0 0 0 0 0 0 0
125 96 0 0 0 0 0 0 0 0 0 0 0 317 184 4 3 2 0 0 0 0 0 0 0 0
136 102 0 1 0 0 0 0 0 0 0 0 0 320 187 4 3 2 0 0 0 0 0 0 0 0
141 109 0 1 0 0 0 0 0 0 0 0 0 326 193 4 3 2 0 0 0 0 0 0 0 0
154 123 0 1 0 0 0 0 0 0 0 0 0 350 203 4 4 2 0 0 0 0 0 0 0 0
166 129 0 1 0 0 0 0 0 0 0 0 0 354 211 5 4 3 0 0 0 0 0 0 0 0
175 134 0 1 0 0 0 0 0 0 0 0 0 375 220 6 4 3 0 0 0 0 0 0 0 0
205 141 0 1 1 0 0 0 0 0 0 0 0 378 223 6 4 3 0 0 0 0 0 0 0 0
216 156 0 1 1 0 0 0 0 0 0 0 0 420 230 6 4 3 1 0 0 0 0 0 0 0
225 160 0 1 1 0 0 0 0 0 0 0 0 438 244 6 4 3 1 0 0 0 0 0 0 0
232 166 1 1 1 0 0 0 0 0 0 0 0 442 249 6 4 3 1 0 0 0 0 0 0 0
243 169 1 1 1 0 0 0 0 0 0 0 0 445 252 6 4 3 1 0 0 0 0 0 0 0
256 175 1 1 1 0 0 0 0 0 0 0 0 448 260 6 5 3 1 0 0 0 0 0 0 0
267 181 1 1 1 0 0 0 0 0 0 0 0 451 263 6 5 3 1 0 0 0 0 0 0 0
275 196 1 1 1 0 0 0 0 0 0 0 0 469 274 6 5 3 1 0 0 0 0 0 0 0
296 202 1 2 1 0 0 0 0 0 0 0 0 523 289 7 5 3 1 0 0 0 0 0 0 0
301 206 1 2 1 0 0 0 0 0 0 0 0 629 311 7 7 4 1 0 0 0 0 0 0 0
311 215 1 2 1 0 0 0 0 0 0 0 0 632 314 7 7 4 1 0 0 0 0 0 0 0
314 228 1 2 1 0 0 0 0 0 0 0 0 639 319 7 7 4 1 0 0 0 0 0 0 0
317 231 1 2 1 0 0 0 0 0 0 0 0 642 322 7 7 4 1 0 0 0 0 0 0 0
320 234 1 2 1 0 0 0 0 0 0 0 0 648 328 7 7 4 1 0 0 0 0 0 0 0
323 240 1 2 1 0 0 0 0 0 0 0 0 651 331 7 7 4 1 0 0 0 0 0 0 0
326 243 1 2 1 0 0 0 0 0 0 0 0 656 335 7 7 4 1 0 0 0 0 0 0 0
329 247 1 2 1 0 0 0 0 0 0 0 0 676 355 7 7 4 1 0 0 0 0 0 0 0
341 252 1 2 1 0 0 0 0 0 0 0 0 679 358 8 7 4 1 0 0 0 0 0 0 0
356 266 1 2 1 0 0 0 0 0 0 0 0 684 382 8 7 4 1 0 0 0 0 0 0 0
385 277 1 2 1 0 0 0 0 0 0 0 0 688 385 8 7 4 1 0 0 0 0 0 0 0
