# scores for worst/random/best/smart move selector strategies. 
# scores are 50% and 95% quantiles (based on 40 games) of: 
# game score, #destroyed, #unlocked, #stripes, #bombs, #zappers
0 0 0 0 0 0 0 0 0 0 0 0 0 7 7 0 0 0 0 0 0 0 0 0 0 0
6 6 0 0 0 0 0 0 0 0 0 0 0 52 22 0 0 0 0 0 0 0 0 0 0 0
12 12 0 0 0 0 0 0 0 0 0 0 0 58 36 0 1 0 0 0 0 0 0 0 0 0
17 17 0 0 0 0 0 0 0 0 0 0 0 68 45 0 1 0 0 0 0 0 0 0 0 0
21 21 0 0 0 0 0 0 0 0 0 0 0 89 50 1 1 0 0 0 0 0 0 0 0 0
31 29 0 0 0 0 0 0 0 0 0 0 0 93 56 1 1 0 0 0 0 0 0 0 0 0
43 38 0 0 0 0 0 0 0 0 0 0 0 154 68 1 2 0 1 0 0 0 1 0 0 0
51 45 0 0 0 0 0 0 0 0 0 0 0 170 76 1 3 0 1 1 0 0 1 0 0 0
68 50 0 0 0 0 0 0 0 0 0 0 0 231 93 5 3 1 1 1 1 0 1 0 0 0
106 60 0 1 0 0 0 0 0 0 0 0 0 250 108 6 4 1 1 1 1 0 1 0 0 0
120 68 0 1 0 0 0 0 0 0 0 0 0 289 120 9 4 1 1 1 1 0 1 0 0 0
129 76 0 2 0 0 0 0 0 0 0 0 0 297 127 9 5 1 1 1 1 0 1 0 0 0
144 82 0 2 0 0 0 0 0 0 0 0 0 344 139 9 5 2 1 1 1 0 1 0 0 0
158 89 0 2 0 0 0 0 0 0 0 0 0 402 152 9 5 2 1 1 1 0 1 0 0 0
162 94 1 2 0 0 0 0 0 0 0 0 0 418 163 9 6 2 1 1 1 0 1 0 0 0
185 103 1 2 0 0 0 0 0 0 0 0 0 439 185 9 6 2 1 2 1 0 1 0 0 0
235 111 1 2 0 0 0 0 0 0 0 0 0 444 191 9 7 3 1 2 1 0 1 0 0 0
249 119 1 3 0 0 0 0 0 0 0 0 0 526 208 9 8 3 1 2 1 0 1 0 0 0
262 127 1 3 1 0 0 0 0 0 0 0 0 535 215 9 8 3 1 2 1 0 1 0 0 0
287 134 1 3 1 0 0 0 0 0 0 0 0 552 225 9 8 3 1 2 1 0 1 0 0 0
307 145 1 4 1 0 0 0 0 0 0 0 0 558 233 9 9 3 1 2 1 0 1 0 0 0
334 152 2 4 1 0 0 0 0 0 0 0 0 638 237 9 10 3 1 2 1 0 1 0 0 0
359 159 2 5 1 0 0 0 0 0 0 0 0 685 253 9 10 3 1 2 1 0 1 0 0 0
373 165 2 5 1 0 1 0 0 0 0 0 0 717 262 9 10 3 2 2 1 0 2 0 0 0
404 172 2 5 1 0 1 0 0 0 0 0 0 722 267 9 11 3 2 2 1 0 2 0 0 0
408 182 2 6 1 0 1 0 0 0 0 0 0 727 272 9 11 3 2 2 1 0 2 0 0 0
418 188 2 6 1 0 1 0 0 0 0 0 0 965 295 9 11 4 2 2 1 0 2 0 0 0
425 191 2 6 1 0 1 0 0 0 0 0 0 1012 319 9 11 4 2 2 1 0 2 0 0 0
442 197 2 6 1 0 1 0 0 0 0 0 0 1060 335 9 12 4 2 2 1 0 2 0 0 0
460 204 2 6 1 0 1 0 0 0 0 0 0 1070 340 9 13 4 2 2 1 0 2 0 0 0
470 210 2 7 1 0 1 0 0 0 0 0 0 1075 351 9 13 4 2 2 1 0 2 0 0 0
476 214 2 7 1 0 1 0 0 0 0 0 0 1080 362 9 14 4 2 3 1 0 2 0 0 0
515 229 2 7 1 0 1 0 0 0 0 0 0 1083 374 10 15 4 2 3 2 0 2 0 0 0
543 234 2 8 1 0 1 0 0 0 0 0 0 1092 391 10 16 4 2 3 2 0 2 0 0 0
573 246 2 8 2 0 1 0 0 0 0 0 0 1137 400 10 16 4 2 3 2 0 2 0 0 0
578 251 3 8 2 0 1 0 0 0 0 0 0 1146 409 10 16 5 2 3 2 0 2 0 0 0
595 262 3 9 2 0 1 0 0 0 0 0 0 1216 419 10 16 5 2 3 2 0 2 0 0 0
600 266 3 9 2 0 1 0 0 0 0 0 0 1223 426 10 17 5 2 3 2 0 2 0 0 0
634 270 3 10 2 0 1 0 0 0 0 0 0 1254 433 10 17 5 2 3 2 0 2 0 0 0
650 275 3 10 2 0 1 0 0 0 0 0 0 1257 436 10 19 5 2 4 2 0 2 0 0 0
658 282 4 10 2 0 1 1 0 0 0 0 0 1314 451 10 19 5 2 4 2 0 2 0 0 0
