# scores for worst/random/best/smart move selector strategies. 
# scores are 50% and 95% quantiles (based on 40 games) of: 
# game score, #destroyed, #unlocked, #stripes, #bombs, #zappers
0 0 0 0 0 0 0 0 0 0 0 0 0 7 7 0 0 0 0 0 0 0 0 0 0 0
6 6 0 0 0 0 0 0 0 0 0 0 0 19 19 0 0 0 0 0 0 0 0 0 0 0
9 9 0 0 0 0 0 0 0 0 0 0 0 36 30 0 0 0 0 0 0 0 0 0 0 0
15 15 0 0 0 0 0 0 0 0 0 0 0 51 35 0 0 0 0 0 0 0 0 0 0 0
23 22 0 0 0 0 0 0 0 0 0 0 0 83 43 1 1 0 0 0 0 0 0 0 0 0
27 27 0 0 0 0 0 0 0 0 0 0 0 93 46 1 1 0 0 0 0 0 0 0 0 0
31 30 0 0 0 0 0 0 0 0 0 0 0 107 57 1 1 0 0 0 0 0 0 0 0 0
38 35 0 0 0 0 0 0 0 0 0 0 0 118 67 3 1 0 0 0 0 0 0 0 0 0
49 41 0 0 0 0 0 0 0 0 0 0 0 141 73 4 1 0 1 0 0 0 1 0 0 0
60 47 0 0 0 0 0 0 0 0 0 0 0 155 84 4 2 0 1 0 0 0 1 0 0 0
64 54 0 0 0 0 0 0 0 0 0 0 0 159 89 4 2 1 1 0 0 0 1 0 0 0
74 62 0 0 0 0 0 0 0 0 0 0 0 187 96 4 2 1 1 0 0 0 1 0 0 0
83 66 0 0 0 0 0 0 0 0 0 0 0 191 99 4 2 1 1 0 0 0 1 0 0 0
90 73 0 0 0 0 0 0 0 0 0 0 0 198 103 4 2 1 1 0 0 0 1 0 0 0
95 76 0 0 0 0 0 0 0 0 0 0 0 241 117 4 3 2 1 0 0 0 1 0 0 0
107 82 0 1 0 0 0 0 0 0 0 0 0 244 122 4 3 2 1 0 0 0 1 0 0 0
115 88 0 1 0 0 0 0 0 0 0 0 0 250 125 4 3 2 1 0 0 0 1 0 0 0
159 97 0 1 0 0 0 0 0 0 0 0 0 253 128 4 4 2 1 0 0 0 1 0 0 0
167 102 0 1 0 0 0 0 0 0 0 0 0 269 134 4 4 2 1 0 0 0 1 0 0 0
172 106 0 1 0 0 0 0 0 0 0 0 0 307 144 4 4 2 1 0 0 0 1 0 0 0
177 112 0 1 0 0 0 0 0 0 0 0 0 310 148 5 4 2 1 0 0 0 1 0 0 0
182 116 0 1 0 0 0 0 0 0 0 0 0 322 154 5 5 2 1 0 0 0 1 0 0 0
185 121 0 1 0 0 0 0 0 0 0 0 0 326 159 6 5 2 1 0 0 0 1 0 0 0
194 125 0 2 0 0 0 0 0 0 0 0 0 333 163 6 5 2 1 1 0 0 1 0 0 0
202 131 1 2 0 0 0 0 0 0 0 0 0 393 178 6 5 2 1 1 0 0 1 0 0 0
205 139 1 2 0 0 0 0 0 0 0 0 0 405 181 6 6 2 1 1 0 0 1 0 0 0
210 144 1 2 0 0 0 0 0 0 0 0 0 408 190 6 6 2 1 1 0 0 1 0 0 0
217 148 1 2 0 0 0 0 0 0 0 0 0 411 197 6 6 2 1 1 0 0 1 0 0 0
231 155 1 2 0 0 0 0 0 0 0 0 0 414 201 6 6 2 1 1 0 0 1 0 0 0
246 161 1 2 0 0 0 0 0 0 0 0 0 419 204 6 6 2 1 1 0 0 1 0 0 0
270 167 1 2 0 0 0 0 0 0 0 0 0 442 214 6 7 3 1 1 0 0 1 0 0 0
273 173 1 2 0 0 0 0 0 0 0 0 0 445 220 6 7 3 1 1 0 0 1 0 0 0
276 176 1 2 0 0 0 0 0 0 0 0 0 452 223 6 7 3 1 1 0 0 1 0 0 0
288 182 1 2 0 0 0 0 0 0 0 0 0 458 233 6 7 4 1 1 0 0 1 0 0 0
296 188 1 3 0 0 0 0 0 0 0 0 0 461 236 6 7 4 1 1 0 0 1 0 0 0
310 195 1 3 0 0 0 0 0 0 0 0 0 500 246 6 8 4 1 1 0 0 1 0 0 0
315 198 1 3 0 0 0 0 0 0 0 0 0 523 256 6 8 4 1 1 0 0 1 0 0 0
328 201 2 3 0 0 0 0 0 0 0 0 0 526 260 6 8 4 1 1 0 0 1 0 0 0
331 206 2 3 0 0 0 0 0 0 0 0 0 537 264 6 8 4 1 1 0 0 1 0 0 0
343 210 2 3 0 0 0 0 0 0 0 0 0 549 269 6 8 4 1 1 0 0 1 0 0 0
347 213 2 3 0 0 0 0 0 0 0 0 0 560 272 6 8 4 2 1 0 0 1 0 0 0
