# scores for worst/random/best/smart move selector strategies. 
# scores are 50% and 95% quantiles (based on 40 games) of: 
# game score, #destroyed, #unlocked, #stripes, #bombs, #zappers
0 0 0 0 0 0 0 0 0 0 0 0 0 7 7 0 0 0 0 0 0 0 0 0 0 0
6 6 0 0 0 0 0 0 0 0 0 0 0 46 26 0 0 0 0 0 0 0 0 0 0 0
9 9 0 0 0 0 0 0 0 0 0 0 0 58 40 0 1 0 0 0 0 0 0 0 0 0
18 16 0 0 0 0 0 0 0 0 0 0 0 74 50 1 1 0 0 0 0 0 0 0 0 0
24 21 0 0 0 0 0 0 0 0 0 0 0 86 53 3 2 1 0 0 0 0 0 0 0 0
32 29 0 0 0 0 0 0 0 0 0 0 0 111 67 3 2 1 0 0 0 0 0 0 0 0
45 35 0 0 0 0 0 0 0 0 0 0 0 262 89 3 3 1 1 0 0 0 1 0 0 0
64 44 0 1 0 0 0 0 0 0 0 0 0 291 99 5 4 1 1 0 0 0 1 0 0 0
75 51 0 1 0 0 0 0 0 0 0 0 0 348 114 5 4 1 1 0 0 0 1 0 0 0
88 58 0 1 0 0 0 0 0 0 0 0 0 428 131 6 5 2 1 0 1 0 1 0 0 0
102 66 0 1 0 0 0 0 0 0 0 0 0 434 150 6 5 2 1 1 1 0 1 0 0 0
126 72 0 2 0 0 0 0 0 0 0 0 0 487 162 7 7 2 2 1 1 0 2 0 0 0
157 79 0 2 0 0 0 0 0 0 0 0 0 514 178 7 7 2 2 1 1 0 2 0 0 0
169 86 0 2 0 0 0 0 0 0 0 0 0 578 184 7 7 2 2 1 1 0 2 0 0 0
176 94 0 2 0 0 0 0 0 0 0 0 0 617 200 9 8 2 2 1 1 0 2 0 0 0
185 100 0 3 0 0 0 0 0 0 0 0 0 640 214 9 10 3 2 1 1 0 2 0 0 0
252 109 1 3 1 0 0 0 0 0 0 0 0 647 223 9 11 3 2 1 1 0 2 0 0 0
264 124 1 3 1 0 0 0 0 0 0 0 0 679 239 9 11 4 3 1 1 0 3 0 0 0
281 132 1 4 1 0 0 0 0 0 0 0 0 770 261 9 12 4 3 1 1 0 3 0 0 0
308 139 1 4 1 0 0 0 0 0 0 0 0 788 278 9 12 4 3 1 1 0 3 0 0 0
343 148 2 5 1 0 0 0 0 0 0 0 0 798 282 9 12 4 3 1 1 0 3 0 0 0
359 162 3 5 1 0 0 0 0 0 0 0 0 890 306 10 15 4 3 2 2 0 3 1 0 0
417 170 3 5 1 1 0 0 0 0 0 0 0 895 312 10 15 5 3 2 2 0 3 1 0 0
423 181 3 6 1 1 0 0 0 0 0 0 0 901 318 10 16 5 4 2 2 1 4 1 0 0
468 189 3 6 1 1 0 0 0 1 0 0 0 935 335 10 17 5 4 2 2 1 4 1 0 0
503 204 3 6 1 1 0 0 0 1 0 0 0 940 349 10 17 5 4 2 2 1 4 1 0 0
526 212 3 7 2 1 1 0 0 1 0 0 0 1012 358 10 18 5 4 2 2 1 4 1 0 0
567 221 3 7 2 1 1 0 0 1 0 0 0 1104 370 10 18 5 4 2 2 1 4 1 0 0
588 232 3 8 2 1 1 0 0 1 0 0 0 1128 398 10 19 5 4 2 2 1 4 1 0 0
601 241 4 8 2 1 1 0 0 1 0 0 0 1171 414 10 19 5 4 2 2 1 4 1 0 0
605 251 4 8 2 1 1 0 0 1 0 0 0 1197 430 10 24 5 4 2 2 1 4 1 0 0
638 260 4 9 2 1 1 0 0 1 0 0 0 1218 439 10 24 7 5 3 2 1 5 1 0 0
708 266 4 9 2 1 1 1 0 1 0 0 0 1228 449 10 26 7 5 3 2 1 5 1 0 0
748 275 4 9 2 1 1 1 0 1 0 0 0 1315 465 10 29 8 5 3 2 1 5 1 0 0
755 286 4 10 2 1 1 1 0 1 0 0 0 1367 487 10 29 8 5 3 2 1 5 1 0 0
783 296 4 10 2 1 1 1 0 1 0 0 0 1374 494 10 29 8 5 3 2 1 5 1 0 0
816 301 4 11 2 1 1 1 0 1 0 0 0 1380 507 10 30 8 5 3 2 1 5 1 0 0
826 310 4 11 3 1 1 1 0 1 0 0 0 1557 536 10 30 8 5 3 2 1 5 1 0 0
859 319 4 11 3 1 1 1 0 1 0 0 0 1636 561 10 30 8 5 3 2 1 5 1 0 0
869 329 4 11 3 1 1 1 0 1 0 0 0 1652 577 10 30 8 5 3 2 1 5 1 0 0
922 342 4 11 3 1 1 1 0 1 0 0 0 1696 591 10 30 9 5 3 2 1 5 1 0 0
