# scores for worst/random/best/smart move selector strategies. 
# scores are 50% and 95% quantiles (based on 40 games) of: 
# game score, #destroyed, #unlocked, #stripes, #bombs, #zappers
26 26 0 0 0 0 0 0 0 0 0 0 0 465 177 4 3 4 1 0 0 0 0 0 0 0
196 86 1 2 1 0 0 0 0 0 0 0 0 1783 522 9 20 12 6 0 0 0 1 1 0 0
931 251 4 6 7 1 0 0 0 0 0 0 0 2764 727 12 26 25 10 1 1 1 2 1 1 0
1085 368 5 9 9 3 0 0 0 1 0 0 0 3813 1038 12 38 37 15 1 1 1 2 1 1 0
1814 506 5 13 15 4 0 0 0 1 0 0 0 4262 1136 12 40 43 16 1 1 1 3 1 1 0
2354 588 5 16 24 5 0 0 0 1 0 0 0 5290 1434 12 49 51 21 1 1 1 3 1 2 0
2571 745 6 25 29 6 0 0 0 2 0 0 0 6541 1565 12 54 66 22 1 1 1 3 1 2 0
3258 801 6 27 35 6 0 0 0 2 0 0 0 6824 1774 12 56 66 28 1 1 1 4 2 2 1
3482 935 7 30 39 8 0 0 0 2 0 1 0 7061 1874 12 58 70 28 1 2 1 4 2 2 1
4184 1065 7 36 42 10 0 1 0 3 0 1 0 8677 2085 12 68 78 29 1 2 1 4 2 2 1
4784 1200 7 37 45 12 0 1 0 3 0 1 0 9407 2324 12 80 79 29 1 2 1 5 2 2 1
5037 1314 7 42 53 12 0 1 0 3 0 1 0 9687 2456 12 91 94 31 1 2 1 5 3 2 1
5577 1453 7 46 63 14 0 1 0 3 0 1 0 10021 2729 12 92 98 36 1 2 1 5 3 3 1
6180 1601 7 50 70 15 0 1 0 4 0 1 0 10138 2804 12 105 100 36 1 3 1 5 3 3 1
6771 1760 7 50 74 16 0 1 0 4 0 1 0 10283 2878 12 107 106 36 1 3 1 6 3 3 1
7502 1878 7 57 77 18 0 1 0 4 1 1 0 10679 2921 12 108 118 37 1 3 2 6 3 3 1
7840 2044 7 62 80 20 0 1 0 5 1 1 0 11129 3009 12 108 125 38 1 3 2 7 3 3 1
8542 2212 7 70 84 23 0 1 0 5 1 1 0 11597 3150 12 121 131 39 2 3 2 7 4 4 1
8745 2335 7 73 89 25 0 1 0 6 1 1 0 12153 3219 12 126 136 39 2 3 2 7 4 4 1
9198 2439 7 78 90 27 0 1 1 6 1 1 0 12733 3303 12 126 139 39 2 3 2 8 4 4 1
10030 2575 7 85 103 27 0 1 1 6 1 2 0 13679 3500 12 140 143 41 2 3 2 8 4 4 1
10510 2638 7 89 114 28 0 1 1 6 1 2 0 14631 3744 12 143 153 43 2 3 2 8 4 4 2
10837 2798 7 94 116 29 0 1 1 6 1 2 0 14834 3807 12 147 156 44 2 3 2 9 4 4 2
11027 2870 7 100 122 29 0 2 1 7 1 2 0 14970 3973 12 155 168 44 2 4 2 9 4 4 2
11400 2997 7 106 124 30 0 2 1 7 2 2 0 15321 4146 12 157 179 49 2 4 2 10 4 4 2
12067 3136 7 109 127 34 0 2 1 7 2 2 0 15976 4219 12 160 181 50 2 4 2 10 4 4 2
12806 3314 7 113 133 35 0 2 1 7 2 2 0 16209 4270 12 163 186 51 2 5 2 10 4 4 2
13294 3428 7 116 138 36 0 2 1 8 2 3 0 17043 4584 12 176 190 58 2 5 3 10 5 4 2
14057 3585 7 122 144 36 0 2 1 8 2 3 0 17667 4730 12 177 192 59 2 5 3 11 5 4 2
14510 3698 7 125 152 37 1 2 1 8 2 3 0 18468 4922 12 181 196 60 3 5 3 11 5 5 2
15203 3822 7 127 154 38 1 2 1 8 2 3 0 19213 5029 12 184 211 63 3 5 3 12 5 5 2
15491 3911 7 132 157 38 1 2 1 8 2 3 0 19865 5238 12 186 223 64 3 5 3 12 5 6 2
15715 4057 7 138 162 38 1 2 1 9 2 3 0 20395 5402 12 188 229 66 3 5 3 13 5 6 2
16162 4106 7 140 166 40 1 2 1 9 2 3 0 21582 5523 12 196 249 68 3 5 4 13 5 6 2
16648 4142 7 144 169 41 1 2 1 9 2 3 0 22496 5584 12 200 255 69 3 5 4 14 5 6 2
16920 4266 7 148 173 43 1 2 1 10 2 3 0 22821 5648 12 202 259 70 3 5 4 14 5 6 2
17168 4482 7 155 180 47 1 3 1 10 3 3 0 23387 5928 12 214 264 74 3 5 4 14 5 7 2
17627 4672 7 163 183 48 1 3 1 10 3 3 0 24361 6235 12 222 277 77 3 5 4 15 5 7 2
18598 4840 7 167 189 49 1 3 1 11 3 4 0 24742 6304 12 226 281 77 3 5 4 15 5 7 2
18877 4992 7 171 194 50 1 3 1 11 3 4 0 25255 6408 12 228 283 79 3 5 4 15 5 7 2
19798 5177 7 176 198 51 1 3 2 12 3 4 1 26457 6656 12 236 296 82 3 5 4 15 6 7 2
