# scores for worst/random/best/smart move selector strategies. 
# scores are 50% and 95% quantiles (based on 40 games) of: 
# game score, #destroyed, #unlocked, #stripes, #bombs, #zappers
26 26 0 0 0 0 0 0 0 0 0 0 0 465 177 4 3 4 1 0 0 0 0 0 0 0
44 41 0 0 0 0 0 0 0 0 0 0 0 967 358 6 7 7 2 0 0 0 0 0 0 0
54 51 0 0 0 0 0 0 0 0 0 0 0 974 364 7 8 7 2 0 0 0 0 0 0 0
126 73 0 0 0 0 0 0 0 0 0 0 0 1246 439 7 10 7 3 0 0 0 0 0 0 0
150 85 1 1 1 0 0 0 0 0 0 0 0 1359 483 7 10 10 5 0 0 0 0 0 0 0
184 107 1 1 1 0 0 0 0 0 0 0 0 1585 506 10 15 13 5 0 0 0 0 0 0 0
295 155 2 2 2 0 0 0 0 0 0 0 0 1693 554 12 15 14 5 0 0 0 0 0 0 0
457 209 2 3 3 0 0 0 0 0 0 0 0 1795 619 12 16 14 7 0 0 0 0 0 0 0
558 231 2 4 4 1 0 0 0 0 0 0 0 1798 633 12 18 14 7 0 0 0 0 0 0 0
627 264 3 6 5 1 0 0 0 0 0 0 0 1977 681 12 18 20 7 0 0 0 0 0 0 0
871 331 4 7 6 1 0 0 0 0 0 0 0 2002 717 12 18 20 7 0 0 0 0 0 0 0
903 356 4 8 7 1 0 0 0 0 0 0 0 2108 726 12 18 22 7 0 0 0 0 0 0 0
1022 387 5 9 8 2 0 0 0 0 0 0 0 2854 936 12 20 28 10 0 0 0 0 0 0 0
1085 417 5 9 9 2 0 0 0 0 0 0 0 3088 1002 12 24 28 10 0 0 0 0 0 0 0
1172 466 5 10 9 2 0 0 0 0 0 0 0 3160 1025 12 24 30 11 0 0 0 0 0 0 0
1291 531 6 11 9 2 0 0 0 0 0 0 0 3167 1032 12 26 30 11 0 0 0 0 0 0 0
1294 536 6 11 9 2 0 0 0 0 0 0 0 3195 1060 12 27 30 11 0 0 0 0 0 0 0
1355 547 6 11 9 2 0 0 0 0 0 0 0 3201 1066 12 27 30 11 0 0 0 0 0 0 0
1454 573 6 12 10 4 0 0 0 0 0 0 0 3458 1116 12 27 30 12 0 0 0 0 0 0 0
1463 578 6 12 10 4 0 0 0 0 0 0 0 3462 1121 12 27 30 12 0 0 0 0 0 0 0
1621 601 6 12 11 4 0 0 0 0 0 0 0 3558 1178 12 27 30 12 0 0 0 0 0 0 0
1629 626 6 12 11 4 0 0 0 0 0 0 0 3884 1274 12 27 33 12 0 0 0 0 0 0 0
1636 633 6 12 11 4 0 0 0 0 0 0 0 4011 1294 12 27 36 12 0 0 0 0 0 0 0
1657 643 6 13 12 4 0 0 0 0 0 0 0 4015 1298 12 27 36 12 0 0 0 0 0 0 0
1700 676 6 13 12 4 0 0 0 0 0 0 0 4054 1326 12 28 36 12 0 0 0 0 0 0 0
1703 691 6 14 12 4 0 0 0 0 0 0 0 4157 1394 12 28 36 12 0 0 0 0 0 0 0
1757 702 6 14 12 4 0 0 0 0 0 0 0 4160 1397 12 28 36 12 0 0 0 0 0 0 0
1761 706 6 14 12 4 0 0 0 0 0 0 0 4302 1453 12 28 38 14 0 0 0 0 0 0 0
1850 727 6 14 14 5 0 0 0 0 0 0 0 4354 1461 12 28 39 14 0 0 0 0 0 0 0
1911 750 6 14 14 5 0 0 0 0 0 0 0 4361 1475 12 29 39 14 0 0 0 0 0 0 0
1973 781 6 15 15 5 0 0 0 0 0 0 0 4392 1503 12 30 40 14 0 0 0 0 0 0 0
2014 803 6 16 15 5 0 0 0 0 0 0 0 4440 1523 12 30 40 14 0 0 0 0 0 0 0
2096 856 6 17 15 5 0 0 0 0 0 0 0 4521 1547 12 31 40 14 0 0 0 0 0 0 0
2247 914 6 18 17 5 0 0 0 0 0 0 0 4526 1552 12 31 40 14 0 0 0 0 0 0 0
2250 920 6 18 17 5 0 0 0 0 0 0 0 4544 1580 12 31 42 14 0 0 0 0 0 0 0
2264 926 6 18 17 5 0 0 0 0 0 0 0 4706 1602 12 32 42 15 0 0 0 0 0 0 0
2306 930 6 18 18 5 0 0 0 0 0 0 0 4718 1614 12 33 44 15 0 0 0 0 0 0 0
2380 987 6 19 18 5 0 0 0 0 0 0 0 4723 1618 12 33 44 15 0 0 0 0 0 0 0
2387 996 6 19 18 5 0 0 0 0 0 0 0 5031 1704 12 37 44 16 0 0 0 0 0 0 0
2418 1006 6 19 18 6 0 0 0 0 0 0 0 5042 1715 12 41 44 16 0 0 0 0 0 0 0
2442 1018 6 19 18 6 0 0 0 0 0 0 0 5220 1788 12 41 46 16 0 0 0 0 0 0 0
