# scores for worst/random/best/smart move selector strategies. 
# scores are 50% and 95% quantiles (based on 40 games) of: 
# game score, #destroyed, #unlocked, #stripes, #bombs, #zappers
0 0 0 0 0 0 0 0 0 0 0 0 0 13 13 0 0 0 0 0 0 0 0 0 0 0
3 3 0 0 0 0 0 0 0 0 0 0 0 25 25 0 0 0 0 0 0 0 0 0 0 0
9 9 0 0 0 0 0 0 0 0 0 0 0 68 36 0 0 0 0 0 0 0 0 0 0 0
14 14 0 0 0 0 0 0 0 0 0 0 0 91 45 0 1 0 0 0 0 0 0 0 0 0
21 19 0 0 0 0 0 0 0 0 0 0 0 95 51 0 1 0 0 0 0 0 0 0 0 0
25 24 0 0 0 0 0 0 0 0 0 0 0 137 62 0 2 0 0 0 0 0 0 0 0 0
35 27 0 0 0 0 0 0 0 0 0 0 0 148 72 0 2 0 0 1 0 0 0 0 0 0
46 32 0 0 0 0 0 0 0 0 0 0 0 181 86 0 2 0 0 1 0 0 0 0 0 0
50 37 0 1 0 0 0 0 0 0 0 0 0 238 103 0 3 0 0 1 0 0 0 0 0 0
54 43 0 1 0 0 0 0 0 0 0 0 0 246 112 0 3 0 0 1 0 0 0 0 0 0
70 48 0 1 0 0 0 0 0 0 0 0 0 258 119 0 4 0 0 1 0 0 0 0 0 0
78 52 0 1 0 0 0 0 0 0 0 0 0 288 132 0 5 0 0 1 0 0 0 0 0 0
82 57 0 1 0 0 0 0 0 0 0 0 0 334 151 0 5 0 1 1 0 0 1 0 0 0
93 62 0 1 0 0 0 0 0 0 0 0 0 341 160 0 5 0 1 1 0 0 1 0 0 0
97 65 0 1 0 0 0 0 0 0 0 0 0 394 170 0 5 0 1 1 0 0 1 0 0 0
104 71 0 2 0 0 0 0 0 0 0 0 0 429 183 0 6 1 1 1 0 0 1 0 0 0
111 75 0 2 0 0 0 0 0 0 0 0 0 480 203 0 7 1 2 1 0 0 1 0 0 0
118 79 0 2 0 0 0 0 0 0 0 0 0 491 219 0 7 1 2 1 0 0 1 0 0 0
122 83 0 2 0 0 0 0 0 0 0 0 0 603 242 0 8 1 2 1 0 0 1 0 0 0
128 88 0 2 0 0 0 0 0 0 0 0 0 646 259 0 9 1 2 2 0 0 1 0 0 0
134 94 0 2 0 0 0 0 0 0 0 0 0 679 270 0 10 1 2 2 0 0 1 0 0 0
143 98 0 2 0 0 0 0 0 0 0 0 0 683 282 0 10 1 2 2 0 0 1 0 0 0
155 104 0 2 0 0 0 0 0 0 0 0 0 729 291 0 10 1 2 2 0 0 1 0 0 0
162 109 0 2 0 0 0 0 0 0 0 0 0 740 306 0 10 1 2 2 0 0 2 0 0 0
170 115 0 3 0 0 0 0 0 0 0 0 0 747 311 0 10 1 2 2 0 0 2 0 0 0
188 120 0 3 0 0 0 0 0 0 0 0 0 809 324 0 12 1 2 2 0 0 2 0 0 0
197 124 0 3 0 0 0 0 0 0 0 0 0 818 335 0 14 1 2 2 0 0 2 0 0 0
209 129 0 3 0 0 0 0 0 0 0 0 0 853 342 0 14 1 2 3 0 0 2 0 0 0
227 137 0 4 0 0 0 0 0 0 0 0 0 860 345 0 15 1 2 3 0 0 2 0 0 0
239 140 0 4 0 0 0 0 0 0 0 0 0 876 349 0 15 1 2 3 0 0 2 0 0 0
250 146 0 4 0 0 0 0 0 0 0 0 0 881 353 0 15 1 2 3 0 0 2 0 0 0
258 150 0 4 0 0 0 0 0 0 0 0 0 898 367 0 16 1 2 3 0 0 2 0 0 0
263 157 0 5 0 0 0 0 0 0 0 0 0 938 388 0 16 1 2 3 0 0 2 0 0 0
269 162 0 5 0 0 0 0 0 0 0 0 0 1016 410 0 18 1 2 3 1 0 2 0 0 0
283 165 0 5 0 0 0 0 0 0 0 0 0 1156 448 0 20 2 2 3 1 0 2 0 0 0
286 169 0 5 0 0 0 0 0 0 0 0 0 1228 475 0 21 2 2 3 1 0 2 0 0 0
297 174 0 5 0 0 0 0 0 0 0 0 0 1238 486 0 21 2 2 3 1 0 2 0 0 0
309 178 0 5 0 0 0 0 0 0 0 0 0 1265 489 0 21 2 2 3 1 0 2 0 0 0
315 181 0 5 0 0 0 0 0 0 0 0 0 1273 499 0 22 2 2 3 1 0 2 0 0 0
319 186 0 5 0 0 0 0 0 0 0 0 0 1334 512 0 23 2 2 3 1 0 2 0 0 0
327 192 0 5 0 0 0 0 0 0 0 0 0 1338 532 0 23 2 2 3 1 0 2 0 0 0
