# scores for worst/random/best/smart move selector strategies. 
# scores are 50% and 95% quantiles (based on 40 games) of: 
# game score, #destroyed, #unlocked, #stripes, #bombs, #zappers
0 0 0 0 0 0 0 0 0 0 0 0 0 13 13 0 0 0 0 0 0 0 0 0 0 0
3 3 0 0 0 0 0 0 0 0 0 0 0 21 19 0 0 0 0 0 0 0 0 0 0 0
9 9 0 0 0 0 0 0 0 0 0 0 0 29 27 0 0 0 0 0 0 0 0 0 0 0
12 12 0 0 0 0 0 0 0 0 0 0 0 34 30 0 0 0 0 0 0 0 0 0 0 0
15 15 0 0 0 0 0 0 0 0 0 0 0 55 39 0 0 0 0 0 0 0 0 0 0 0
21 20 0 0 0 0 0 0 0 0 0 0 0 74 46 0 0 0 0 0 0 0 0 0 0 0
25 24 0 0 0 0 0 0 0 0 0 0 0 101 60 0 2 0 0 0 0 0 0 0 0 0
31 29 0 0 0 0 0 0 0 0 0 0 0 107 66 0 2 0 1 0 0 0 1 0 0 0
35 33 0 0 0 0 0 0 0 0 0 0 0 110 69 0 2 0 1 0 0 0 1 0 0 0
39 37 0 0 0 0 0 0 0 0 0 0 0 127 74 0 2 0 1 0 0 0 1 0 0 0
42 41 0 0 0 0 0 0 0 0 0 0 0 139 89 0 2 0 1 0 0 0 1 0 0 0
49 45 0 0 0 0 0 0 0 0 0 0 0 149 92 0 2 0 1 0 0 0 1 0 0 0
57 48 0 0 0 0 0 0 0 0 0 0 0 154 98 0 2 0 1 0 0 0 1 0 0 0
70 53 0 0 0 0 0 0 0 0 0 0 0 163 107 0 2 0 1 0 0 0 1 0 0 0
75 57 0 0 0 0 0 0 0 0 0 0 0 193 127 0 2 0 1 0 0 0 1 0 0 0
79 62 0 0 0 0 0 0 0 0 0 0 0 196 130 0 2 0 1 0 0 0 1 0 0 0
86 66 0 0 0 0 0 0 0 0 0 0 0 199 133 0 2 0 1 0 0 0 1 0 0 0
92 70 0 1 0 0 0 0 0 0 0 0 0 202 136 0 2 0 1 0 0 0 1 0 0 0
96 74 0 1 0 0 0 0 0 0 0 0 0 245 171 0 3 0 1 0 0 0 1 0 0 0
100 79 0 1 0 0 0 0 0 0 0 0 0 249 177 0 3 0 1 0 0 0 1 0 0 0
111 83 0 1 0 0 0 0 0 0 0 0 0 252 180 0 3 0 1 0 0 0 1 0 0 0
121 87 0 1 0 0 0 0 0 0 0 0 0 256 183 0 3 0 1 0 0 0 1 0 0 0
126 91 0 1 0 0 0 0 0 0 0 0 0 269 190 0 3 0 1 0 0 0 1 0 0 0
132 94 0 1 0 0 0 0 0 0 0 0 0 315 197 0 3 1 1 0 0 0 1 0 0 0
137 98 0 1 0 0 0 0 0 0 0 0 0 322 201 0 3 1 1 1 0 0 1 0 0 0
140 101 0 1 0 0 0 0 0 0 0 0 0 356 206 0 4 1 1 1 0 0 1 0 0 0
145 109 0 1 0 0 0 0 0 0 0 0 0 360 217 0 4 1 1 1 0 0 1 0 0 0
148 114 0 1 0 0 0 0 0 0 0 0 0 365 221 0 4 1 1 1 0 0 1 0 0 0
153 117 0 1 0 0 0 0 0 0 0 0 0 387 228 0 4 1 1 1 0 0 1 0 0 0
156 122 0 1 0 0 0 0 0 0 0 0 0 417 238 0 4 1 1 1 0 0 1 0 0 0
165 126 0 2 0 0 0 0 0 0 0 0 0 435 265 0 4 1 1 1 0 0 1 0 0 0
172 131 0 2 0 0 0 0 0 0 0 0 0 485 273 0 4 1 1 1 0 0 1 0 0 0
180 135 0 2 0 0 0 0 0 0 0 0 0 534 291 0 5 1 1 1 0 0 1 0 0 0
185 140 0 2 0 0 0 0 0 0 0 0 0 545 304 0 5 1 1 1 0 0 1 0 0 0
189 146 0 2 0 0 0 0 0 0 0 0 0 613 335 0 6 1 1 1 0 0 1 0 0 0
192 149 0 2 0 0 0 0 0 0 0 0 0 616 338 0 6 1 1 1 0 0 1 0 0 0
195 152 0 2 0 0 0 0 0 0 0 0 0 662 352 0 6 1 2 1 0 0 1 0 0 0
200 155 0 2 0 0 0 0 0 0 0 0 0 665 355 0 6 1 2 1 0 0 1 0 0 0
207 159 0 2 0 0 0 0 0 0 0 0 0 670 361 0 6 1 2 1 0 0 1 0 0 0
213 163 0 2 0 0 0 0 0 0 0 0 0 728 379 0 7 1 2 1 0 0 1 0 0 0
216 166 0 2 0 0 0 0 0 0 0 0 0 744 384 0 7 1 2 1 0 0 1 0 0 0
