# scores for worst/random/best/smart move selector strategies. 
# scores are 50% and 95% quantiles (based on 40 games) of: 
# game score, #destroyed, #unlocked, #stripes, #bombs, #zappers
0 0 0 0 0 0 0 0 0 0 0 0 0 13 13 0 0 0 0 0 0 0 0 0 0 0
3 3 0 0 0 0 0 0 0 0 0 0 0 25 25 0 0 0 0 0 0 0 0 0 0 0
9 9 0 0 0 0 0 0 0 0 0 0 0 68 34 0 0 0 0 0 0 0 0 0 0 0
13 13 0 0 0 0 0 0 0 0 0 0 0 144 74 0 2 0 0 0 0 0 0 0 0 0
19 18 0 0 0 0 0 0 0 0 0 0 0 458 111 0 2 1 1 0 0 0 0 0 0 0
29 25 0 0 0 0 0 0 0 0 0 0 0 526 134 0 3 1 1 0 0 0 1 0 0 0
48 31 0 1 0 0 0 0 0 0 0 0 0 590 157 0 4 2 2 0 0 0 1 0 0 0
57 36 0 1 0 0 0 0 0 0 0 0 0 644 188 0 5 2 2 0 0 0 1 0 0 0
61 40 0 1 0 0 0 0 0 0 0 0 0 652 196 0 5 2 2 0 0 0 1 0 0 0
70 44 0 1 0 0 0 0 0 0 0 0 0 662 206 0 6 2 2 0 1 0 1 0 0 0
81 49 0 1 0 0 0 0 0 0 0 0 0 716 230 0 6 2 2 0 1 0 1 0 0 0
92 52 0 2 0 0 0 0 0 0 0 0 0 783 256 0 7 2 2 0 1 0 1 0 0 0
104 59 0 2 0 0 0 0 0 0 0 0 0 796 272 0 7 2 2 0 1 0 1 0 0 0
110 64 0 2 0 0 0 0 0 0 0 0 0 825 281 0 7 2 2 0 1 0 1 0 0 0
119 69 0 2 0 0 0 0 0 0 0 0 0 883 303 0 8 2 2 0 1 0 1 0 0 0
124 74 0 2 0 0 0 0 0 0 0 0 0 951 318 0 9 3 2 0 1 0 1 0 0 0
134 77 0 2 0 0 0 0 0 0 0 0 0 1028 334 0 9 4 2 0 1 0 2 0 0 0
146 84 0 2 0 0 0 0 0 0 0 0 0 1080 358 0 10 4 2 1 1 0 2 0 0 0
156 90 0 2 0 0 0 0 0 0 0 0 0 1143 378 0 10 5 2 1 1 0 2 0 0 0
167 94 0 3 0 0 0 0 0 0 0 0 0 1147 382 0 10 5 2 1 1 0 2 0 0 0
173 99 0 3 0 0 0 0 0 0 0 0 0 1168 390 0 11 5 2 1 1 0 2 0 0 0
194 102 0 4 0 0 0 0 0 0 0 0 0 1172 394 0 11 5 2 1 1 0 2 0 0 0
203 107 0 4 0 0 0 0 0 0 0 0 0 1193 403 0 11 5 2 1 1 0 2 0 0 0
214 111 0 4 0 0 0 0 0 0 0 0 0 1204 414 0 12 5 2 1 1 0 2 0 0 0
223 116 0 4 0 0 0 0 0 0 0 0 0 1384 446 0 20 5 2 1 1 0 2 1 0 0
226 120 0 4 0 0 0 0 0 0 0 0 0 1388 450 0 20 5 2 1 1 0 2 1 0 0
233 125 0 4 0 1 0 0 0 0 0 0 0 1438 467 0 20 5 3 1 1 0 3 1 0 0
241 130 0 4 0 1 0 0 0 0 0 0 0 1534 496 0 21 5 3 1 1 0 3 1 0 0
255 135 0 4 0 1 0 0 0 0 0 0 0 1540 502 0 21 6 3 1 1 0 3 1 0 0
268 138 0 4 0 1 0 0 0 0 0 0 0 1550 512 0 21 6 3 1 1 0 3 1 0 0
272 141 0 4 0 1 0 0 0 0 0 0 0 1585 530 0 23 6 3 1 1 0 3 1 0 0
275 145 0 4 0 1 0 0 0 0 0 0 0 1593 539 0 23 6 3 1 1 0 3 1 0 0
284 151 0 5 0 1 0 0 0 0 0 0 0 1652 551 0 23 8 3 1 1 0 3 1 0 0
289 155 0 5 0 1 0 0 0 0 0 0 0 1888 586 0 27 8 3 1 1 0 3 1 0 0
293 159 0 5 0 1 0 0 0 1 0 0 0 1944 608 0 28 8 3 1 1 0 3 1 0 0
299 166 0 5 0 1 0 0 0 1 0 0 0 2006 631 0 28 8 3 1 1 0 3 1 0 0
320 170 0 5 0 1 0 0 0 1 0 0 0 2046 647 0 29 9 3 1 1 0 3 1 0 0
323 174 0 5 0 1 0 0 0 1 0 0 0 2071 660 0 29 9 3 1 1 0 3 1 0 0
326 181 0 5 0 1 0 0 0 1 0 0 0 2105 676 0 29 9 4 1 1 0 4 1 0 0
329 184 0 5 0 1 0 0 0 1 0 0 0 2179 695 0 30 9 4 1 1 0 4 1 0 0
339 190 0 5 0 1 0 0 0 1 0 0 0 2185 702 0 30 9 4 1 1 0 4 1 0 0
