# scores for worst/random/best/smart move selector strategies. 
# scores are 50% and 95% quantiles (based on 40 games) of: 
# game score, #destroyed, #unlocked, #stripes, #bombs, #zappers
0 0 0 0 0 0 0 0 0 0 0 0 0 13 13 0 0 0 0 0 0 0 0 0 0 0
3 3 0 0 0 0 0 0 0 0 0 0 0 18 18 0 0 0 0 0 0 0 0 0 0 0
9 9 0 0 0 0 0 0 0 0 0 0 0 33 28 0 0 0 0 0 0 0 0 0 0 0
12 12 0 0 0 0 0 0 0 0 0 0 0 40 31 0 0 0 0 0 0 0 0 0 0 0
15 15 0 0 0 0 0 0 0 0 0 0 0 45 38 0 0 0 0 0 0 0 0 0 0 0
21 21 0 0 0 0 0 0 0 0 0 0 0 48 43 0 0 0 0 0 0 0 0 0 0 0
24 24 0 0 0 0 0 0 0 0 0 0 0 69 52 0 0 0 0 0 0 0 0 0 0 0
27 27 0 0 0 0 0 0 0 0 0 0 0 87 59 0 0 0 0 0 0 0 0 0 0 0
31 31 0 0 0 0 0 0 0 0 0 0 0 102 64 0 1 0 0 0 0 0 0 0 0 0
36 36 0 0 0 0 0 0 0 0 0 0 0 106 67 0 1 0 0 0 0 0 0 0 0 0
39 39 0 0 0 0 0 0 0 0 0 0 0 133 76 0 1 0 0 0 0 0 0 0 0 0
43 43 0 0 0 0 0 0 0 0 0 0 0 136 79 0 1 0 0 0 0 0 0 0 0 0
47 46 0 0 0 0 0 0 0 0 0 0 0 140 86 0 1 0 0 0 0 0 0 0 0 0
52 52 0 0 0 0 0 0 0 0 0 0 0 148 93 0 1 0 0 0 0 0 0 0 0 0
56 56 0 0 0 0 0 0 0 0 0 0 0 157 115 0 1 0 0 0 0 0 0 0 0 0
59 59 0 0 0 0 0 0 0 0 0 0 0 193 128 0 1 1 0 0 0 0 0 0 0 0
63 63 0 0 0 0 0 0 0 0 0 0 0 199 135 0 1 1 0 0 0 0 0 0 0 0
66 66 0 0 0 0 0 0 0 0 0 0 0 211 145 0 1 1 0 0 0 0 0 0 0 0
73 72 0 0 0 0 0 0 0 0 0 0 0 214 148 0 2 1 0 0 0 0 0 0 0 0
76 75 0 0 0 0 0 0 0 0 0 0 0 220 153 0 2 1 0 0 0 0 0 0 0 0
81 80 0 0 0 0 0 0 0 0 0 0 0 233 158 0 2 1 0 0 0 0 0 0 0 0
85 83 0 0 0 0 0 0 0 0 0 0 0 236 161 0 2 1 0 0 0 0 0 0 0 0
88 87 0 0 0 0 0 0 0 0 0 0 0 242 169 0 2 1 0 0 0 0 0 0 0 0
97 90 0 0 0 0 0 0 0 0 0 0 0 247 174 0 2 1 0 0 0 0 0 0 0 0
103 94 0 0 0 0 0 0 0 0 0 0 0 254 179 0 2 1 0 0 0 0 0 0 0 0
106 99 0 0 0 0 0 0 0 0 0 0 0 257 182 0 2 1 0 0 0 0 0 0 0 0
109 103 0 0 0 0 0 0 0 0 0 0 0 260 185 0 2 1 0 0 0 0 0 0 0 0
114 108 0 0 0 0 0 0 0 0 0 0 0 281 193 0 2 1 0 0 0 0 0 0 0 0
117 113 0 0 0 0 0 0 0 0 0 0 0 284 196 0 2 1 0 0 0 0 0 0 0 0
126 117 0 0 0 0 0 0 0 0 0 0 0 293 203 0 2 1 0 0 0 0 0 0 0 0
134 120 0 0 0 0 0 0 0 0 0 0 0 296 206 0 2 1 0 0 0 0 0 0 0 0
138 123 0 0 0 0 0 0 0 0 0 0 0 299 209 0 3 1 0 0 0 0 0 0 0 0
145 127 0 1 0 0 0 0 0 0 0 0 0 334 244 0 3 1 1 0 0 0 0 0 0 0
151 131 0 1 0 0 0 0 0 0 0 0 0 341 252 0 3 1 1 0 0 0 1 0 0 0
154 134 0 1 0 0 0 0 0 0 0 0 0 344 255 0 3 1 1 0 0 0 1 0 0 0
158 140 0 1 0 0 0 0 0 0 0 0 0 350 260 0 3 1 1 0 0 0 1 0 0 0
161 143 0 1 0 0 0 0 0 0 0 0 0 354 264 0 3 1 1 0 0 0 1 0 0 0
167 146 0 1 0 0 0 0 0 0 0 0 0 358 269 0 3 1 1 0 0 0 1 0 0 0
172 151 0 1 0 0 0 0 0 0 0 0 0 364 274 0 3 1 1 0 0 0 1 0 0 0
178 155 0 1 0 0 0 0 0 0 0 0 0 372 283 0 3 1 1 0 0 0 1 0 0 0
181 158 0 1 0 0 0 0 0 0 0 0 0 378 288 0 3 1 1 0 0 0 1 0 0 0
