# scores for worst/random/best/smart move selector strategies. 
# scores are 50% and 95% quantiles (based on 40 games) of: 
# game score, #destroyed, #unlocked, #stripes, #bombs, #zappers
0 0 0 0 0 0 0 0 0 0 0 0 0 9 9 0 0 0 0 0 0 0 0 0 0 0
3 3 0 0 0 0 0 0 0 0 0 0 0 93 28 0 2 0 0 0 0 0 0 0 0 0
6 6 0 0 0 0 0 0 0 0 0 0 0 126 36 0 3 0 0 0 0 0 0 0 0 0
9 9 0 0 0 0 0 0 0 0 0 0 0 159 41 0 3 0 0 1 0 0 0 0 0 0
13 13 0 0 0 0 0 0 0 0 0 0 0 165 50 0 4 1 0 1 0 0 0 0 0 0
58 22 0 1 0 0 0 0 0 0 0 0 0 211 66 1 5 1 0 1 0 0 0 0 0 0
98 33 0 2 0 0 0 0 0 0 0 0 0 221 77 1 5 1 0 1 1 0 0 0 0 0
116 42 0 2 0 0 0 0 0 0 0 0 0 325 95 1 6 1 0 1 1 0 0 0 0 0
149 52 0 3 0 0 0 0 0 0 0 0 0 328 101 2 7 1 0 1 1 0 0 0 0 0
179 61 0 4 0 0 0 0 0 0 0 0 0 338 108 2 8 1 0 2 1 0 0 0 0 0
188 69 0 4 0 0 1 0 0 0 0 0 0 404 122 2 8 1 0 2 1 0 0 0 0 0
194 72 0 4 0 0 1 0 0 0 0 0 0 414 132 3 8 2 0 2 1 0 0 0 0 0
238 79 0 5 1 0 1 0 0 0 0 0 0 430 141 3 8 2 0 2 1 0 0 0 0 0
285 91 0 6 1 0 1 0 0 0 0 0 0 638 167 3 9 2 1 3 1 0 0 0 0 0
293 95 0 6 1 0 1 0 0 0 0 0 0 663 174 3 10 2 1 3 1 0 1 0 0 0
305 105 0 6 1 0 1 0 0 0 0 0 0 686 180 3 11 2 1 3 1 0 1 0 0 0
321 114 0 6 1 0 1 0 0 0 0 0 0 725 191 3 11 2 1 3 1 0 1 0 0 0
351 117 0 6 1 0 1 0 0 0 0 0 0 732 195 3 11 2 1 3 1 0 1 0 0 0
363 120 0 7 1 0 1 0 0 0 0 0 0 737 201 3 11 2 1 3 1 0 1 0 0 0
379 133 0 8 1 0 1 0 0 0 0 0 0 758 204 3 13 2 1 3 1 0 1 0 0 0
391 141 0 8 1 0 1 0 0 0 0 0 0 762 210 3 13 2 1 3 1 0 1 0 0 0
406 148 0 8 1 0 1 0 0 0 0 0 0 766 220 3 13 2 1 3 1 0 1 0 0 0
426 153 0 9 1 0 1 0 0 0 0 0 0 987 230 3 19 9 1 4 1 0 1 0 0 0
463 164 1 9 1 0 1 0 0 0 0 0 0 995 241 3 19 9 1 4 1 0 1 0 0 0
484 172 1 10 1 0 1 0 0 0 0 0 0 1000 244 3 19 9 1 4 1 0 1 0 0 0
516 178 1 10 1 0 1 0 0 0 0 0 0 1033 252 3 20 9 1 4 1 0 1 0 0 0
540 190 1 10 1 0 1 0 0 0 0 0 0 1040 261 3 20 9 1 5 1 0 1 0 0 0
557 197 1 11 1 0 1 0 0 0 0 0 0 1043 273 3 20 9 1 5 1 0 1 0 0 0
577 208 1 11 1 0 1 0 0 0 0 0 0 1057 279 3 21 9 2 5 1 0 1 0 0 0
591 213 1 11 1 0 2 0 0 0 0 0 0 1062 284 3 21 9 2 5 1 0 1 0 0 0
608 223 1 12 1 0 2 0 0 0 0 0 0 1066 290 3 22 9 2 5 1 0 1 0 0 0
647 230 1 12 1 0 2 0 0 0 0 0 0 1111 297 3 22 10 2 5 1 0 1 0 0 0
651 235 1 12 1 0 2 0 0 0 0 0 0 1116 301 3 22 10 2 5 1 0 1 0 0 0
668 241 1 12 1 0 2 0 0 0 0 0 0 1120 305 3 22 10 2 5 1 0 1 0 0 0
673 247 1 12 1 0 2 0 0 0 0 0 0 1124 310 3 22 10 2 5 1 0 1 0 0 0
724 257 1 13 1 0 2 0 0 0 0 0 0 1148 337 3 22 10 2 5 2 0 1 0 0 0
756 274 1 14 1 0 2 0 0 0 0 0 0 1212 346 3 25 11 2 5 2 0 1 1 0 0
777 283 1 14 1 0 2 0 0 0 0 0 0 1242 352 3 25 11 3 5 2 0 2 1 0 0
794 291 1 14 1 0 2 0 0 0 0 0 0 1248 356 3 26 11 3 5 2 0 2 1 0 0
808 295 1 14 1 0 2 0 0 0 0 0 0 1254 365 3 26 11 3 5 2 0 2 1 0 0
812 298 1 14 1 0 2 0 0 0 0 0 0 1267 371 3 26 11 3 5 2 0 2 1 0 0
