# scores for worst/random/best/smart move selector strategies. 
# scores are 50% and 95% quantiles (based on 40 games) of: 
# game score, #destroyed, #unlocked, #stripes, #bombs, #zappers
0 0 0 0 0 0 0 0 0 0 0 0 0 9 9 0 0 0 0 0 0 0 0 0 0 0
3 3 0 0 0 0 0 0 0 0 0 0 0 37 20 0 0 0 0 0 0 0 0 0 0 0
6 6 0 0 0 0 0 0 0 0 0 0 0 83 29 0 2 0 0 0 0 0 0 0 0 0
6 6 0 0 0 0 0 0 0 0 0 0 0 121 37 0 3 0 0 0 0 0 0 0 0 0
9 9 0 0 0 0 0 0 0 0 0 0 0 159 50 0 3 0 0 0 0 0 0 0 0 0
13 13 0 0 0 0 0 0 0 0 0 0 0 196 61 0 4 0 0 0 0 0 0 0 0 0
20 20 0 0 0 0 0 0 0 0 0 0 0 198 67 0 4 1 0 0 0 0 0 0 0 0
59 29 0 1 0 0 0 0 0 0 0 0 0 201 70 1 4 1 0 0 0 0 0 0 0 0
88 34 0 1 0 0 0 0 0 0 0 0 0 205 76 1 4 1 0 0 0 0 0 0 0 0
93 40 0 1 0 0 0 0 0 0 0 0 0 214 78 1 4 1 0 1 0 0 0 0 0 0
104 48 0 2 0 0 0 0 0 0 0 0 0 260 92 1 5 1 0 1 0 0 0 0 0 0
125 51 0 2 0 0 0 0 0 0 0 0 0 264 97 1 5 1 0 1 0 0 0 0 0 0
133 57 0 2 0 0 0 0 0 0 0 0 0 265 101 1 5 1 0 1 0 0 0 0 0 0
146 60 0 2 0 0 0 0 0 0 0 0 0 331 119 1 6 1 0 1 0 0 0 0 0 0
166 68 0 3 0 0 0 0 0 0 0 0 0 334 124 1 6 1 0 1 0 0 0 0 0 0
176 74 0 3 0 0 0 0 0 0 0 0 0 341 127 1 6 1 0 1 0 0 0 0 0 0
180 78 0 3 0 0 0 0 0 0 0 0 0 344 131 2 6 1 0 1 0 0 0 0 0 0
205 81 0 3 0 0 0 0 0 0 0 0 0 347 138 2 7 1 0 1 0 0 0 0 0 0
237 90 0 4 0 0 0 0 0 0 0 0 0 352 141 2 7 1 0 1 0 0 0 0 0 0
252 96 0 4 0 0 0 0 0 0 0 0 0 440 152 2 8 1 1 1 0 0 0 0 0 0
261 99 0 5 0 0 0 0 0 0 0 0 0 474 171 2 9 2 1 1 0 0 1 0 0 0
275 104 0 5 1 0 0 0 0 0 0 0 0 478 176 2 9 2 1 1 0 0 1 0 0 0
281 108 0 5 1 0 0 0 0 0 0 0 0 481 181 2 9 2 1 1 0 0 1 0 0 0
291 114 0 5 1 0 0 0 0 0 0 0 0 486 185 2 9 2 1 1 0 0 1 0 0 0
295 122 0 5 1 0 0 0 0 0 0 0 0 490 190 2 9 2 1 1 0 0 1 0 0 0
300 126 0 5 1 0 0 0 0 0 0 0 0 495 193 2 9 2 1 1 0 0 1 0 0 0
318 130 0 5 1 0 0 0 0 0 0 0 0 499 197 2 9 2 1 1 0 0 1 0 0 0
334 133 0 6 1 0 0 0 0 0 0 0 0 503 201 2 9 2 1 1 0 0 1 0 0 0
341 144 0 6 1 0 0 0 0 0 0 0 0 523 204 2 9 2 1 1 0 0 1 0 0 0
355 147 0 6 1 0 0 0 0 0 0 0 0 526 207 2 9 2 1 1 0 0 1 0 0 0
375 151 0 6 1 0 0 0 0 0 0 0 0 548 212 2 10 2 1 1 0 0 1 0 0 0
376 156 0 6 1 0 0 0 0 0 0 0 0 557 215 2 10 2 1 1 0 0 1 0 0 0
399 164 0 6 1 0 0 0 0 0 0 0 0 564 218 2 10 2 1 1 0 0 1 0 0 0
409 171 0 6 1 0 0 0 0 0 0 0 0 568 226 2 10 2 1 1 0 0 1 0 0 0
415 179 0 7 1 0 0 0 0 0 0 0 0 574 231 2 10 2 1 1 0 0 1 0 0 0
418 186 0 7 1 0 0 0 0 0 0 0 0 593 235 2 10 2 1 1 0 0 1 0 0 0
431 192 0 7 1 0 0 0 0 0 0 0 0 605 247 2 11 2 1 1 0 0 1 0 0 0
436 195 0 7 1 0 0 0 0 0 0 0 0 612 259 2 11 2 1 1 0 0 1 0 0 0
471 208 0 7 1 0 0 0 0 0 0 0 0 615 262 2 11 2 1 1 0 0 1 0 0 0
476 212 0 7 1 0 0 0 0 0 0 0 0 637 273 2 11 2 1 1 0 0 1 0 0 0
482 220 0 7 1 0 0 0 0 0 0 0 0 648 276 2 11 3 1 1 1 0 1 0 0 0
