# scores for worst/random/best/smart move selector strategies. 
# scores are 50% and 95% quantiles (based on 40 games) of: 
# game score, #destroyed, #unlocked, #stripes, #bombs, #zappers
0 0 0 0 0 0 0 0 0 0 0 0 0 9 9 0 0 0 0 0 0 0 0 0 0 0
3 3 0 0 0 0 0 0 0 0 0 0 0 11 11 0 0 0 0 0 0 0 0 0 0 0
6 6 0 0 0 0 0 0 0 0 0 0 0 62 20 0 1 0 0 0 0 0 0 0 0 0
9 9 0 0 0 0 0 0 0 0 0 0 0 105 32 0 2 0 0 0 0 0 0 0 0 0
12 12 0 0 0 0 0 0 0 0 0 0 0 121 46 0 2 0 0 0 0 0 0 0 0 0
15 15 0 0 0 0 0 0 0 0 0 0 0 125 51 0 3 0 0 0 0 0 0 0 0 0
21 21 0 0 0 0 0 0 0 0 0 0 0 129 54 0 3 1 0 0 0 0 0 0 0 0
41 24 0 0 0 0 0 0 0 0 0 0 0 136 61 1 3 1 0 0 0 0 0 0 0 0
56 27 0 1 0 0 0 0 0 0 0 0 0 142 68 1 3 1 0 0 0 0 0 0 0 0
62 34 0 1 0 0 0 0 0 0 0 0 0 158 71 1 3 1 0 0 0 0 0 0 0 0
66 36 0 1 0 0 0 0 0 0 0 0 0 161 76 1 3 1 0 0 0 0 0 0 0 0
69 41 0 1 0 0 0 0 0 0 0 0 0 192 84 1 3 1 0 0 0 0 0 0 0 0
75 47 0 1 0 0 0 0 0 0 0 0 0 227 87 1 4 1 0 0 0 0 0 0 0 0
79 49 0 1 0 0 0 0 0 0 0 0 0 228 90 1 4 1 0 0 0 0 0 0 0 0
89 57 0 1 0 0 0 0 0 0 0 0 0 235 95 1 4 1 0 0 0 0 0 0 0 0
99 65 0 1 0 0 0 0 0 0 0 0 0 262 103 1 4 1 0 0 0 0 0 0 0 0
102 68 0 1 0 0 0 0 0 0 0 0 0 292 109 1 5 1 0 0 0 0 0 0 0 0
141 72 0 2 0 0 0 0 0 0 0 0 0 306 114 1 6 1 0 0 0 0 0 0 0 0
158 77 0 2 0 0 0 0 0 0 0 0 0 331 122 1 6 1 0 0 0 0 0 0 0 0
174 85 0 3 0 0 0 0 0 0 0 0 0 340 128 2 6 1 0 0 0 0 0 0 0 0
178 89 0 3 0 0 0 0 0 0 0 0 0 343 131 2 6 1 0 0 0 0 0 0 0 0
182 93 0 3 0 0 0 0 0 0 0 0 0 346 134 2 6 1 0 0 0 0 0 0 0 0
189 101 0 3 0 0 0 0 0 0 0 0 0 349 137 2 6 1 0 0 0 0 0 0 0 0
193 104 0 3 0 0 0 0 0 0 0 0 0 352 140 2 6 1 0 0 0 0 0 0 0 0
233 111 0 3 0 0 0 0 0 0 0 0 0 367 150 2 6 1 0 0 0 0 0 0 0 0
241 117 0 3 0 0 0 0 0 0 0 0 0 372 155 2 6 1 0 0 0 0 0 0 0 0
244 121 0 3 0 0 0 0 0 0 0 0 0 376 160 2 6 1 0 0 0 0 0 0 0 0
263 127 0 4 0 0 0 0 0 0 0 0 0 381 162 2 6 1 0 0 0 0 0 0 0 0
265 131 0 4 0 0 0 0 0 0 0 0 0 385 167 2 7 1 0 0 0 0 0 0 0 0
270 135 0 4 0 0 0 0 0 0 0 0 0 436 175 2 7 1 0 0 0 0 0 0 0 0
274 140 0 4 0 0 0 0 0 0 0 0 0 441 181 2 7 1 0 0 0 0 0 0 0 0
283 143 0 4 1 0 0 0 0 0 0 0 0 475 187 2 8 1 0 0 0 0 0 0 0 0
286 149 0 4 1 0 0 0 0 0 0 0 0 478 197 2 8 1 0 0 0 0 0 0 0 0
295 153 0 5 1 0 0 0 0 0 0 0 0 488 200 2 8 1 0 0 0 0 0 0 0 0
318 156 0 5 1 0 0 0 0 0 0 0 0 491 203 2 8 1 0 0 0 0 0 0 0 0
323 162 0 5 1 0 0 0 0 0 0 0 0 509 210 2 9 1 0 0 0 0 0 0 0 0
347 165 0 5 1 0 0 0 0 0 0 0 0 512 214 2 9 2 0 0 0 0 0 0 0 0
359 168 0 5 1 0 0 0 0 0 0 0 0 515 217 2 9 2 0 0 0 0 0 0 0 0
362 172 0 5 1 0 0 0 0 0 0 0 0 518 220 2 9 2 0 0 0 0 0 0 0 0
370 176 0 6 1 0 0 0 0 0 0 0 0 522 224 2 9 2 0 0 0 0 0 0 0 0
373 180 0 6 1 0 0 0 0 0 0 0 0 525 228 2 9 2 0 0 0 0 0 0 0 0
