# scores for worst/random/best/smart move selector strategies. 
# scores are 50% and 95% quantiles (based on 40 games) of: 
# game score, #destroyed, #unlocked, #stripes, #bombs, #zappers
8 8 0 0 0 0 0 0 0 0 0 0 0 25 25 0 0 0 0 0 0 0 0 0 0 0
19 19 0 0 0 0 0 0 0 0 0 0 0 97 45 0 1 0 0 0 0 0 0 0 0 0
32 30 0 0 0 0 0 0 0 0 0 0 0 137 72 0 1 1 1 0 0 0 1 0 0 0
72 46 0 0 0 0 0 0 0 0 0 0 0 311 108 0 6 1 2 1 0 0 1 0 0 0
123 65 0 1 0 0 0 0 0 0 0 0 0 370 127 0 6 1 2 1 0 0 1 0 0 0
171 81 0 2 0 0 0 0 0 0 0 0 0 603 163 0 10 2 2 1 1 0 1 1 0 0
185 92 0 2 1 0 0 0 0 0 0 0 0 638 180 0 10 2 2 1 1 0 2 1 0 0
251 107 0 3 1 0 0 0 0 0 0 0 0 731 218 0 12 3 2 1 1 0 2 1 0 0
303 130 0 3 1 0 0 0 0 0 0 0 0 760 233 0 12 3 3 1 1 0 2 1 0 0
342 145 0 4 1 1 0 0 0 0 0 0 0 802 239 0 13 4 3 1 1 0 2 1 0 0
402 175 0 5 1 1 0 0 0 1 0 0 0 813 247 0 13 4 3 1 1 1 2 1 0 0
443 185 0 5 1 1 0 0 0 1 0 0 0 856 261 0 14 4 3 1 1 1 2 1 0 0
500 197 0 6 2 1 0 0 0 1 0 0 0 864 267 0 14 4 3 2 1 1 2 1 0 0
536 207 0 6 2 1 0 0 0 1 0 0 0 927 311 0 15 4 3 2 1 1 2 1 0 0
566 224 0 6 2 1 0 0 0 1 0 0 0 1021 327 0 17 4 3 2 1 1 2 1 0 0
584 232 0 6 2 1 0 0 0 1 0 0 0 1055 356 0 17 6 3 2 1 1 2 1 0 0
623 249 0 7 2 1 0 0 0 1 0 0 0 1234 374 0 25 6 4 2 1 1 2 2 0 0
675 271 0 8 3 1 0 0 0 1 0 0 0 1256 410 0 25 6 4 2 1 1 2 2 0 0
722 290 0 9 3 1 0 0 0 1 0 0 0 1309 424 0 25 6 4 3 1 1 3 2 0 0
756 299 0 9 3 2 0 0 0 1 0 0 0 1420 434 0 32 6 4 3 1 1 3 2 0 0
761 308 0 9 3 2 0 0 0 1 0 0 0 1497 445 0 32 7 4 3 1 1 3 2 0 0
794 322 0 10 3 2 0 0 0 1 0 0 0 1508 456 0 32 11 5 3 1 1 3 2 0 0
893 345 0 10 3 2 0 0 0 1 0 0 0 1543 471 0 32 14 5 3 2 1 3 2 1 0
961 370 0 11 4 2 1 0 0 2 0 0 0 1605 480 0 32 15 5 3 2 1 3 2 1 0
1022 379 0 13 4 2 1 0 0 2 0 0 0 1612 506 0 32 15 5 3 2 1 4 2 1 0
1043 398 0 13 4 2 1 1 0 2 0 0 0 1616 536 0 33 15 5 3 2 1 4 2 1 0
1106 423 0 13 4 2 1 1 0 2 0 0 0 1683 549 0 33 15 6 3 2 1 4 2 1 0
1118 439 0 13 4 2 1 1 0 2 0 0 0 1782 572 0 37 15 7 3 2 1 5 2 1 0
1138 443 0 14 4 2 1 1 0 2 0 0 0 1790 576 0 37 15 7 3 2 1 5 2 1 0
1146 458 0 15 4 2 1 1 0 2 0 0 0 1897 590 0 37 16 7 3 2 1 5 2 1 0
1178 467 0 15 4 2 1 1 0 2 0 0 0 1926 618 0 37 16 7 4 2 1 5 2 1 0
1242 474 0 15 5 2 2 1 0 2 0 0 0 1968 634 0 38 16 7 4 2 1 5 2 1 0
1301 482 0 16 5 3 2 1 0 2 0 0 0 2106 653 0 39 17 7 4 2 1 5 2 1 0
1370 504 0 17 5 3 2 1 0 2 0 0 0 2111 670 0 40 17 7 4 2 1 6 2 1 0
1401 519 0 19 5 3 2 1 0 2 0 0 0 2118 690 0 40 17 7 5 2 1 6 2 1 0
1424 534 0 19 5 3 2 1 0 2 0 0 0 2156 711 0 43 17 7 5 2 1 6 2 1 0
1476 546 0 20 5 3 2 1 0 2 0 0 0 2161 718 0 43 17 7 5 2 1 6 2 1 0
1517 560 0 20 5 3 2 1 0 2 0 0 0 2250 745 0 45 17 7 5 3 1 6 2 1 0
1537 573 0 20 5 3 2 1 0 3 0 0 0 2296 778 0 46 17 7 5 3 1 6 2 1 0
1570 584 0 22 6 3 2 1 0 3 0 0 0 2407 799 0 46 17 8 5 3 1 6 2 1 0
1677 608 0 22 6 3 2 1 0 3 0 0 0 2561 805 0 50 17 8 5 3 1 6 2 1 0
