# scores for worst/random/best/smart move selector strategies. 
# scores are 50% and 95% quantiles (based on 40 games) of: 
# game score, #destroyed, #unlocked, #stripes, #bombs, #zappers
8 8 0 0 0 0 0 0 0 0 0 0 0 25 25 0 0 0 0 0 0 0 0 0 0 0
12 12 0 0 0 0 0 0 0 0 0 0 0 34 34 0 0 0 0 0 0 0 0 0 0 0
19 19 0 0 0 0 0 0 0 0 0 0 0 68 40 0 0 0 0 0 0 0 0 0 0 0
32 28 0 0 0 0 0 0 0 0 0 0 0 202 88 0 3 1 0 0 0 0 0 0 0 0
40 34 0 0 0 0 0 0 0 0 0 0 0 205 91 0 3 1 0 0 0 0 0 0 0 0
49 46 0 0 0 0 0 0 0 0 0 0 0 210 96 0 3 1 0 0 0 0 0 0 0 0
64 54 0 0 0 0 0 0 0 0 0 0 0 237 103 0 3 1 0 0 0 0 0 0 0 0
72 60 0 0 0 0 0 0 0 0 0 0 0 260 113 0 4 1 0 0 0 0 0 0 0 0
99 67 0 1 0 0 0 0 0 0 0 0 0 279 126 0 5 1 0 0 0 0 0 0 0 0
107 75 0 1 0 0 0 0 0 0 0 0 0 307 136 0 5 1 1 0 0 0 0 0 0 0
139 84 0 1 0 0 0 0 0 0 0 0 0 311 147 0 5 2 1 0 0 0 1 0 0 0
172 94 0 2 0 0 0 0 0 0 0 0 0 337 155 0 5 2 1 0 0 0 1 0 0 0
181 101 0 2 0 0 0 0 0 0 0 0 0 443 192 0 6 2 1 0 0 0 1 0 0 0
210 113 0 2 0 0 0 0 0 0 0 0 0 449 198 0 6 2 1 0 0 0 1 0 0 0
224 120 0 2 1 0 0 0 0 0 0 0 0 491 207 0 7 2 1 0 0 0 1 0 0 0
256 131 0 3 1 0 0 0 0 0 0 0 0 513 212 0 7 3 1 0 0 0 1 0 0 0
269 143 0 3 1 0 0 0 0 0 0 0 0 516 217 0 7 3 1 0 0 0 1 0 0 0
311 154 0 3 1 0 0 0 0 0 0 0 0 553 230 0 8 3 1 0 0 0 1 0 0 0
335 169 0 3 1 0 0 0 0 0 0 0 0 608 248 0 9 3 1 0 0 0 1 0 0 0
346 173 0 3 1 0 0 0 0 0 0 0 0 613 253 0 9 3 1 0 0 0 1 0 0 0
355 182 0 4 1 0 0 0 0 0 0 0 0 616 257 0 9 3 1 0 0 0 1 0 0 0
367 192 0 4 1 0 0 0 0 0 0 0 0 635 266 0 9 3 1 1 0 0 1 0 0 0
381 197 0 4 1 0 0 0 0 0 0 0 0 657 275 0 10 3 1 1 0 0 1 0 0 0
412 220 0 5 1 0 0 0 0 0 0 0 0 741 294 0 10 3 1 1 0 0 1 0 0 0
438 228 0 5 1 0 0 0 0 0 0 0 0 772 303 0 10 3 1 1 1 0 1 0 0 0
445 234 0 5 1 0 0 0 0 0 0 0 0 779 326 0 10 3 1 1 1 0 1 0 0 0
460 245 0 5 1 0 0 0 0 0 0 0 0 798 350 0 11 4 1 1 1 0 1 0 0 0
476 248 0 5 1 0 0 0 0 0 0 0 0 803 358 0 11 4 1 1 1 0 1 0 0 0
495 252 0 6 1 0 0 0 0 0 0 0 0 822 366 0 11 4 1 1 1 0 1 0 0 0
505 268 0 6 1 0 0 0 0 0 0 0 0 905 369 0 13 5 1 1 1 0 1 0 0 0
550 280 0 6 2 0 0 0 0 0 0 0 0 942 400 0 14 5 1 1 1 0 1 0 0 0
558 288 0 6 2 0 0 0 0 0 0 0 0 947 406 0 14 5 1 1 1 0 1 0 0 0
564 292 0 6 2 0 0 0 0 0 0 0 0 955 418 0 14 5 1 1 1 0 1 0 0 0
600 302 0 6 2 0 0 0 0 0 0 0 0 972 422 0 14 5 1 1 1 0 1 0 0 0
611 312 0 7 2 1 0 0 0 0 0 0 0 1012 434 0 15 5 2 1 1 0 1 0 0 0
621 318 0 7 2 1 0 0 0 0 0 0 0 1017 440 0 15 5 2 1 1 0 1 0 0 0
630 327 0 8 2 1 0 0 0 0 0 0 0 1020 444 0 15 5 2 1 1 0 1 0 0 0
636 343 0 8 2 1 0 0 0 0 0 0 0 1025 447 0 15 5 2 1 1 0 1 0 0 0
683 353 0 8 2 1 0 0 0 1 0 0 0 1045 475 0 17 5 2 1 1 0 1 0 0 0
715 363 0 8 2 1 0 0 0 1 0 0 0 1048 481 0 17 5 2 1 1 0 1 0 0 0
721 377 0 8 2 1 0 0 0 1 0 0 0 1084 498 0 18 6 2 1 1 0 1 0 0 0
