# scores for worst/random/best/smart move selector strategies. 
# scores are 50% and 95% quantiles (based on 40 games) of: 
# game score, #destroyed, #unlocked, #stripes, #bombs, #zappers
8 8 0 0 0 0 0 0 0 0 0 0 0 25 25 0 0 0 0 0 0 0 0 0 0 0
19 19 0 0 0 0 0 0 0 0 0 0 0 102 50 0 1 0 0 0 0 0 0 0 0 0
61 33 0 0 0 0 0 0 0 0 0 0 0 238 99 0 2 2 1 0 0 0 1 0 0 0
90 52 0 1 0 0 0 0 0 0 0 0 0 353 114 0 6 2 2 1 0 0 1 0 0 0
133 71 0 2 0 0 0 0 0 0 0 0 0 690 150 0 13 3 2 1 1 0 1 1 0 0
165 86 0 2 0 0 0 0 0 0 0 0 0 697 162 0 14 4 2 1 1 0 1 1 0 0
213 107 0 3 1 0 0 0 0 0 0 0 0 764 195 0 14 7 2 1 1 0 1 1 0 0
252 121 0 3 1 1 0 0 0 0 0 0 0 802 220 0 15 7 2 1 1 0 1 1 0 0
354 150 0 4 1 1 0 0 0 1 0 0 0 846 255 0 17 8 2 1 1 0 2 1 0 0
407 174 0 4 1 1 0 0 0 1 0 0 0 851 290 0 17 8 3 1 1 0 2 1 0 0
481 198 0 5 2 2 0 0 0 1 0 0 0 922 329 0 17 8 3 1 1 0 2 1 0 0
548 219 0 7 2 2 1 0 0 1 0 0 0 980 354 0 18 8 3 2 2 0 3 1 0 0
634 243 0 7 2 2 1 0 0 1 0 0 0 1083 367 0 18 12 4 2 2 0 3 1 1 0
657 257 0 8 3 2 1 0 0 2 0 0 0 1386 394 0 18 12 4 2 2 0 3 1 1 0
705 277 0 9 3 2 1 0 0 2 0 0 0 1416 434 0 19 12 4 2 2 0 3 1 1 0
784 299 0 9 3 2 1 0 0 2 0 0 0 1457 464 0 23 12 4 2 2 1 4 1 1 0
828 331 0 10 3 2 1 1 0 2 0 0 0 1532 492 0 25 15 4 2 2 1 4 1 1 0
869 347 0 10 4 2 1 1 0 2 0 0 0 1585 519 0 26 15 5 2 2 1 4 1 1 0
910 365 0 11 4 3 1 1 0 2 0 0 0 1599 530 0 26 15 5 2 2 1 4 1 1 0
968 371 0 12 4 3 1 1 0 2 0 0 0 1646 568 0 26 15 5 3 2 1 4 1 1 0
1019 402 0 13 4 3 1 1 0 2 0 0 0 1798 592 0 27 16 6 3 3 1 4 1 1 0
1084 417 0 13 5 3 1 1 0 2 0 0 0 1868 609 0 27 16 6 3 3 1 4 1 1 0
1129 426 0 14 5 3 1 1 0 2 0 0 0 1961 631 0 30 17 6 3 3 1 4 1 1 0
1235 446 0 15 5 3 1 1 0 2 0 0 0 1975 645 0 30 17 6 3 3 1 4 1 1 0
1276 465 0 15 6 3 1 1 0 2 0 0 0 2052 664 0 30 17 7 3 3 1 5 1 1 0
1354 482 0 16 6 3 1 1 0 2 0 0 0 2060 675 0 31 18 7 3 3 1 5 1 1 0
1383 513 0 17 6 4 1 1 0 2 0 0 0 2100 707 0 31 20 7 3 3 1 5 1 1 0
1472 527 0 17 6 4 1 1 0 2 0 0 0 2128 711 0 32 20 7 3 3 1 5 1 1 0
1478 543 0 18 6 4 1 1 0 2 0 0 0 2156 736 0 32 21 7 3 3 1 5 1 1 0
1517 554 0 19 7 4 1 1 0 3 0 0 0 2184 759 0 32 21 7 3 3 1 5 1 1 0
1544 571 0 19 7 4 1 1 0 3 0 0 0 2224 773 0 34 21 8 3 3 1 6 2 1 0
1608 586 0 19 7 4 1 1 0 3 0 0 0 2274 784 0 34 21 8 3 3 1 6 2 1 0
1649 622 0 21 7 4 1 1 0 3 0 0 0 2341 794 0 41 22 8 3 3 1 6 2 1 0
1679 647 0 21 8 4 1 1 0 3 0 0 0 2367 806 0 42 22 8 3 3 1 6 2 1 0
1829 654 0 22 8 5 1 1 0 3 0 0 0 2504 829 0 45 24 8 3 3 1 6 2 1 0
1897 679 0 23 8 5 1 1 0 3 0 0 0 2568 851 0 45 25 8 3 4 1 6 2 1 0
1971 701 0 25 9 5 1 1 0 4 0 0 0 2628 875 0 47 25 8 3 4 1 6 2 1 0
2031 717 0 26 9 5 1 2 0 4 0 0 0 2686 900 0 47 25 9 3 4 1 7 2 1 0
2085 723 0 28 9 5 1 2 0 4 1 0 0 2764 923 0 47 25 9 4 4 1 7 2 1 0
2111 772 0 29 9 5 1 2 0 4 1 0 0 2872 947 0 48 26 9 4 4 1 7 2 1 0
2174 787 0 30 9 6 1 2 0 4 1 0 0 2917 973 0 48 26 10 4 4 1 8 2 1 0
