# scores for worst/random/best/smart move selector strategies. 
# scores are 50% and 95% quantiles (based on 40 games) of: 
# game score, #destroyed, #unlocked, #stripes, #bombs, #zappers
8 8 0 0 0 0 0 0 0 0 0 0 0 25 25 0 0 0 0 0 0 0 0 0 0 0
15 15 0 0 0 0 0 0 0 0 0 0 0 32 32 0 0 0 0 0 0 0 0 0 0 0
20 20 0 0 0 0 0 0 0 0 0 0 0 62 51 0 0 0 0 0 0 0 0 0 0 0
26 26 0 0 0 0 0 0 0 0 0 0 0 65 54 0 0 0 0 0 0 0 0 0 0 0
30 30 0 0 0 0 0 0 0 0 0 0 0 104 66 0 1 0 0 0 0 0 0 0 0 0
34 34 0 0 0 0 0 0 0 0 0 0 0 118 74 0 1 1 0 0 0 0 0 0 0 0
44 44 0 0 0 0 0 0 0 0 0 0 0 132 85 0 1 1 0 0 0 0 0 0 0 0
53 53 0 0 0 0 0 0 0 0 0 0 0 143 94 0 2 1 0 0 0 0 0 0 0 0
60 58 0 0 0 0 0 0 0 0 0 0 0 165 105 0 2 1 0 0 0 0 0 0 0 0
66 66 0 0 0 0 0 0 0 0 0 0 0 256 121 0 2 2 0 0 0 0 0 0 0 0
79 72 0 0 0 0 0 0 0 0 0 0 0 269 127 0 3 2 0 0 0 0 0 0 0 0
90 83 0 0 0 0 0 0 0 0 0 0 0 290 141 0 3 2 0 0 0 0 0 0 0 0
94 86 0 0 0 0 0 0 0 0 0 0 0 311 148 0 3 2 0 0 0 0 0 0 0 0
108 99 0 0 0 0 0 0 0 0 0 0 0 317 154 0 3 2 0 0 0 0 0 0 0 0
121 106 0 0 0 0 0 0 0 0 0 0 0 326 164 0 3 2 0 0 0 0 0 0 0 0
145 111 0 1 0 0 0 0 0 0 0 0 0 393 177 0 4 2 0 0 0 0 0 0 0 0
148 118 0 1 0 0 0 0 0 0 0 0 0 396 199 0 4 2 0 0 0 0 0 0 0 0
152 128 0 1 0 0 0 0 0 0 0 0 0 400 209 0 4 2 0 0 0 0 0 0 0 0
164 134 0 1 0 0 0 0 0 0 0 0 0 403 212 0 4 2 0 0 0 0 0 0 0 0
169 139 0 1 0 0 0 0 0 0 0 0 0 410 215 0 5 2 0 0 0 0 0 0 0 0
184 142 0 1 0 0 0 0 0 0 0 0 0 413 221 0 5 2 0 0 0 0 0 0 0 0
194 148 0 1 0 0 0 0 0 0 0 0 0 417 241 0 5 2 0 0 0 0 0 0 0 0
199 151 0 1 0 0 0 0 0 0 0 0 0 426 248 0 5 2 0 0 0 0 0 0 0 0
225 165 0 1 0 0 0 0 0 0 0 0 0 451 258 0 5 3 0 0 0 0 0 0 0 0
242 175 0 2 0 0 0 0 0 0 0 0 0 472 274 0 5 3 0 0 0 0 0 0 0 0
261 185 0 2 0 0 0 0 0 0 0 0 0 477 280 0 5 3 0 0 0 0 0 0 0 0
264 188 0 2 0 0 0 0 0 0 0 0 0 482 286 0 5 3 0 0 0 0 0 0 0 0
282 198 0 2 1 0 0 0 0 0 0 0 0 500 299 0 6 3 0 0 0 0 0 0 0 0
301 205 0 2 1 0 0 0 0 0 0 0 0 520 302 0 6 3 0 0 0 0 0 0 0 0
305 210 0 2 1 0 0 0 0 0 0 0 0 530 305 0 6 3 0 0 0 0 0 0 0 0
308 215 0 2 1 0 0 0 0 0 0 0 0 539 309 0 6 3 0 0 0 0 0 0 0 0
314 219 0 3 1 0 0 0 0 0 0 0 0 548 323 0 6 3 0 0 0 0 0 0 0 0
326 225 0 3 1 0 0 0 0 0 0 0 0 585 336 0 6 3 0 0 0 0 0 0 0 0
329 231 0 3 1 0 0 0 0 0 0 0 0 600 348 0 7 3 0 0 0 0 0 0 0 0
340 239 0 3 1 0 0 0 0 0 0 0 0 612 361 0 7 3 0 0 0 0 0 0 0 0
364 246 0 3 1 0 0 0 0 0 0 0 0 615 367 0 7 3 0 0 0 0 0 0 0 0
370 256 0 3 1 0 0 0 0 0 0 0 0 631 376 0 7 3 0 0 0 0 0 0 0 0
396 271 0 3 1 0 0 0 0 0 0 0 0 647 387 0 8 3 1 0 0 0 0 0 0 0
421 280 0 4 1 0 0 0 0 0 0 0 0 651 397 0 8 3 1 0 0 0 0 0 0 0
438 285 0 4 1 0 0 0 0 0 0 0 0 674 400 0 8 3 1 0 0 0 0 0 0 0
446 295 0 4 1 0 0 0 0 0 0 0 0 683 405 0 8 3 1 0 0 0 0 0 0 0
