# scores for worst/random/best/smart move selector strategies. 
# scores are 50% and 95% quantiles (based on 40 games) of: 
# game score, #destroyed, #unlocked, #stripes, #bombs, #zappers
0 0 0 0 0 0 0 0 0 0 0 0 0 6 6 0 0 0 0 0 0 0 0 0 0 0
3 3 0 0 0 0 0 0 0 0 0 0 0 12 11 0 0 0 0 0 0 0 0 0 0 0
6 6 0 0 0 0 0 0 0 0 0 0 0 46 17 0 0 0 0 0 0 0 0 0 0 0
11 11 0 0 0 0 0 0 0 0 0 0 0 193 25 1 0 2 1 0 0 0 0 0 0 0
15 15 0 0 0 0 0 0 0 0 0 0 0 1270 132 32 18 8 7 0 1 0 1 0 0 0
23 19 0 0 0 0 0 0 0 0 0 0 0 1275 145 33 18 8 7 0 1 0 1 0 0 0
26 24 0 0 0 0 0 0 0 0 0 0 0 1278 154 33 18 8 7 0 1 0 1 0 0 0
65 27 0 0 0 0 0 0 0 0 0 0 0 1340 166 33 19 8 7 0 1 0 1 0 0 0
94 31 0 1 0 1 0 0 0 0 0 0 0 1345 169 33 20 8 7 1 1 0 1 1 0 0
125 43 2 1 0 1 0 0 0 0 0 0 0 1378 172 34 20 8 7 1 1 0 1 1 1 0
230 52 3 4 0 2 0 0 0 0 0 0 0 1444 175 34 20 10 7 1 1 0 2 1 1 0
295 56 6 6 0 2 0 0 0 0 0 0 0 1453 184 34 20 10 7 1 1 0 2 1 1 0
330 59 6 6 1 2 0 0 0 0 0 0 0 1461 195 34 20 10 7 1 1 0 2 1 1 0
336 64 8 7 1 2 0 0 0 0 0 0 0 1500 205 34 21 10 7 1 1 0 2 1 1 0
636 121 16 16 2 3 0 0 0 1 0 0 0 1514 210 34 22 10 8 1 1 0 2 1 1 0
1271 153 23 18 8 7 0 0 0 1 0 0 0 1520 213 34 23 10 8 1 1 0 2 1 1 0
1289 163 25 18 8 7 0 0 0 1 0 0 0 1525 222 34 25 10 8 1 1 0 2 1 1 0
1292 167 25 18 8 7 0 0 0 1 0 0 0 1530 225 34 25 10 8 1 1 0 2 1 1 0
1307 173 25 18 8 7 0 0 0 1 0 0 0 1534 229 34 25 10 8 1 1 0 2 1 1 0
1315 181 25 18 8 7 0 0 0 1 0 0 0 1759 246 34 27 14 8 1 1 0 2 1 1 0
1323 187 25 18 8 7 0 0 0 1 0 0 0 1764 255 34 28 14 8 1 1 0 2 1 1 0
1353 194 26 19 8 7 0 0 0 1 0 0 0 1767 258 34 28 14 8 1 1 1 2 1 1 0
1365 200 26 19 8 7 0 0 0 1 0 0 0 1770 261 34 28 14 8 1 1 1 2 1 1 0
1371 206 26 19 8 7 0 0 0 1 0 0 0 1773 264 35 29 14 8 1 1 1 2 2 1 0
1376 211 26 19 8 7 0 0 0 1 0 0 0 1779 271 35 29 14 8 1 1 1 2 2 1 0
1383 217 26 19 8 7 0 0 0 1 0 0 0 1784 276 35 29 14 8 1 1 1 2 2 1 0
1394 222 26 19 8 7 0 0 0 1 0 0 0 1787 282 35 30 14 8 2 1 1 2 2 1 0
1402 226 26 20 8 7 0 1 0 1 0 0 0 1791 285 35 30 14 8 2 1 1 2 2 1 0
1407 232 26 20 8 7 0 1 0 1 0 0 0 1794 288 35 30 14 8 2 1 1 2 2 1 0
1416 236 26 21 8 7 0 1 0 1 0 0 0 1810 293 35 30 14 8 2 1 1 2 2 1 0
1422 241 26 21 8 7 0 1 0 1 0 0 0 1816 300 35 31 14 8 2 1 1 2 2 1 0
1426 244 26 21 8 7 0 1 0 1 0 0 0 1819 303 35 31 14 8 2 1 1 2 2 1 0
1436 248 26 21 8 7 0 1 0 1 0 0 0 1822 309 35 31 14 8 2 1 1 2 2 1 0
1447 254 26 21 8 7 0 1 0 1 0 0 0 1827 315 35 31 14 8 2 1 1 2 2 1 0
1457 263 26 21 8 7 0 1 0 1 0 0 0 1832 321 35 31 14 8 2 1 1 2 2 1 0
1484 272 26 21 8 7 0 1 0 1 0 0 0 1835 327 35 31 14 8 2 1 1 2 2 1 0
1494 276 26 21 8 7 0 1 0 1 0 0 0 1839 331 35 31 14 8 2 1 1 2 2 1 0
1497 279 26 21 8 7 0 1 0 1 0 0 0 1845 341 35 31 14 8 2 1 1 2 2 1 0
1500 285 26 22 8 7 0 1 0 1 0 0 0 1850 346 35 31 14 8 2 1 1 2 2 1 0
1516 290 26 22 8 7 1 1 0 1 0 0 0 1853 354 35 31 14 8 2 1 1 2 2 1 0
1522 298 26 22 8 7 1 1 0 1 0 0 0 1866 360 35 31 14 8 2 2 1 2 2 1 0
