# scores for worst/random/best/smart move selector strategies. 
# scores are 50% and 95% quantiles (based on 40 games) of: 
# game score, #destroyed, #unlocked, #stripes, #bombs, #zappers
0 0 0 0 0 0 0 0 0 0 0 0 0 6 6 0 0 0 0 0 0 0 0 0 0 0
3 3 0 0 0 0 0 0 0 0 0 0 0 12 12 0 0 0 0 0 0 0 0 0 0 0
6 6 0 0 0 0 0 0 0 0 0 0 0 15 15 0 0 0 0 0 0 0 0 0 0 0
9 9 0 0 0 0 0 0 0 0 0 0 0 20 18 0 0 0 0 0 0 0 0 0 0 0
14 14 0 0 0 0 0 0 0 0 0 0 0 32 21 0 0 0 0 0 0 0 0 0 0 0
18 18 0 0 0 0 0 0 0 0 0 0 0 50 25 2 1 0 0 0 0 0 0 0 0 0
21 21 0 0 0 0 0 0 0 0 0 0 0 73 31 2 1 0 1 0 0 0 1 0 0 0
24 24 0 0 0 0 0 0 0 0 0 0 0 181 46 4 4 0 1 0 0 0 1 0 0 0
29 27 0 0 0 0 0 0 0 0 0 0 0 678 84 19 11 3 3 0 0 0 1 0 0 0
37 31 0 0 0 0 0 0 0 0 0 0 0 1267 147 28 17 8 7 0 0 0 1 1 0 0
41 35 0 0 0 0 0 0 0 0 0 0 0 1300 165 32 18 8 7 0 1 0 1 1 0 0
62 38 0 0 0 0 0 0 0 0 0 0 0 1303 168 32 18 8 7 0 1 0 1 1 0 0
81 43 0 0 0 0 0 0 0 0 0 0 0 1306 171 32 18 8 7 0 1 0 1 1 0 0
99 49 0 0 0 1 0 0 0 0 0 0 0 1309 174 32 18 8 7 0 1 0 1 1 0 0
122 55 0 1 0 1 0 0 0 0 0 0 0 1381 183 32 21 9 7 0 1 0 1 1 0 0
136 64 0 1 0 1 0 0 0 0 0 0 0 1385 186 32 21 9 7 0 1 0 2 1 0 0
254 68 3 2 1 2 0 0 0 0 0 0 0 1419 192 32 23 9 7 1 1 0 2 1 0 0
311 73 6 3 1 2 0 0 0 0 0 0 0 1422 195 32 23 9 7 1 1 0 2 1 0 0
561 101 12 10 3 3 0 0 0 0 0 0 0 1432 210 32 23 9 7 1 1 0 3 1 0 0
941 140 15 15 6 6 0 0 0 1 0 0 0 1435 213 32 23 9 7 1 1 0 3 1 0 0
1248 166 15 17 8 7 0 0 0 1 0 0 0 1438 216 32 23 9 7 1 1 0 3 1 0 0
1258 169 18 17 8 7 0 0 0 1 0 0 0 1443 219 32 23 9 7 1 1 0 3 1 1 0
1267 179 24 17 8 7 0 0 0 1 0 0 0 1498 227 32 23 9 7 1 1 0 3 1 1 0
1270 185 24 17 8 7 0 0 0 1 0 0 0 1504 234 33 23 9 7 1 1 0 3 1 1 0
1274 188 24 17 8 7 0 0 0 1 0 0 0 1507 238 33 23 9 7 1 1 0 3 1 1 0
1277 193 24 17 8 7 0 0 0 1 0 0 0 1510 243 33 23 9 7 1 1 0 3 1 1 0
1289 196 24 17 8 7 0 0 0 1 0 0 0 1514 247 33 23 9 7 1 1 0 3 1 1 0
1305 201 25 18 8 7 0 0 0 1 0 0 0 1518 251 33 23 10 7 1 1 0 3 1 1 0
1308 206 25 18 8 7 0 0 0 1 0 0 0 1522 257 33 23 10 7 1 1 0 3 1 1 0
1311 210 25 18 8 7 0 0 0 1 0 0 0 1533 263 33 23 10 7 1 1 0 3 1 1 0
1320 216 25 18 8 7 0 0 0 1 0 0 0 1536 266 33 23 10 7 1 1 0 3 1 1 0
1323 220 25 18 8 7 0 0 0 1 0 0 0 1539 270 33 23 10 7 1 1 0 3 1 1 0
1326 223 25 18 8 7 0 0 0 1 0 0 0 1542 273 33 23 10 7 1 1 0 3 1 1 0
1362 232 26 18 8 7 0 0 0 1 0 0 0 1583 276 33 25 10 7 1 1 0 3 1 1 0
1366 235 26 18 8 7 0 0 0 1 0 0 0 1587 282 33 25 10 7 1 1 0 3 1 1 0
1371 241 26 18 8 7 0 0 0 1 0 0 0 1592 286 33 25 10 7 1 1 0 3 1 1 0
1374 252 26 18 8 7 0 0 0 1 0 0 0 1599 290 33 25 10 7 1 1 0 3 1 1 0
1377 255 26 18 8 7 0 0 0 1 0 0 0 1602 294 33 25 10 7 1 1 0 3 1 1 0
1380 260 26 18 8 7 0 0 0 1 0 0 0 1607 301 33 25 10 7 1 1 0 3 1 1 0
1388 263 26 18 8 7 0 0 0 1 0 0 0 1610 304 33 25 10 7 1 1 0 3 1 1 0
1391 266 26 18 8 7 0 0 0 1 0 0 0 1613 307 33 25 10 7 1 1 0 3 1 1 0
