# scores for worst/random/best/smart move selector strategies. 
# scores are 50% and 95% quantiles (based on 40 games) of: 
# game score, #destroyed, #unlocked, #stripes, #bombs, #zappers
0 0 0 0 0 0 0 0 0 0 0 0 0 6 6 0 0 0 0 0 0 0 0 0 0 0
3 3 0 0 0 0 0 0 0 0 0 0 0 11 11 0 0 0 0 0 0 0 0 0 0 0
6 6 0 0 0 0 0 0 0 0 0 0 0 14 14 0 0 0 0 0 0 0 0 0 0 0
9 9 0 0 0 0 0 0 0 0 0 0 0 19 19 0 0 0 0 0 0 0 0 0 0 0
12 12 0 0 0 0 0 0 0 0 0 0 0 23 23 0 0 0 0 0 0 0 0 0 0 0
15 15 0 0 0 0 0 0 0 0 0 0 0 57 26 1 0 0 0 0 0 0 0 0 0 0
21 19 0 0 0 0 0 0 0 0 0 0 0 85 32 4 0 1 1 0 0 0 0 0 0 0
24 24 0 0 0 0 0 0 0 0 0 0 0 89 34 4 0 1 1 0 0 0 0 0 0 0
27 27 0 0 0 0 0 0 0 0 0 0 0 92 37 5 1 1 1 0 0 0 0 0 0 0
32 30 0 0 0 0 0 0 0 0 0 0 0 120 43 6 1 1 1 0 0 0 0 0 0 0
33 33 0 0 0 0 0 0 0 0 0 0 0 125 46 8 1 1 1 0 0 0 0 0 0 0
36 36 0 0 0 0 0 0 0 0 0 0 0 172 49 8 1 1 1 0 0 0 0 0 0 0
39 39 0 0 0 0 0 0 0 0 0 0 0 175 52 8 1 1 1 0 0 0 1 0 0 0
44 42 0 0 0 0 0 0 0 0 0 0 0 178 56 8 1 1 1 0 0 0 1 0 0 0
66 45 0 0 0 0 0 0 0 0 0 0 0 207 67 8 2 1 2 0 0 0 1 0 0 0
73 48 0 0 0 0 0 0 0 0 0 0 0 246 74 10 3 1 2 0 0 0 1 0 0 0
84 51 0 0 0 0 0 0 0 0 0 0 0 249 77 10 3 1 2 0 0 0 1 0 0 0
96 55 0 0 0 0 0 0 0 0 0 0 0 881 129 17 12 5 4 0 0 0 1 0 0 0
99 58 0 0 0 0 0 0 0 0 0 0 0 884 132 17 12 5 4 0 0 0 1 0 0 0
107 63 0 0 0 1 0 0 0 0 0 0 0 1255 166 22 17 8 7 0 0 0 1 0 0 0
112 66 0 0 0 1 0 0 0 0 0 0 0 1259 181 24 17 8 7 0 0 0 1 0 0 0
121 72 2 0 0 1 0 0 0 0 0 0 0 1264 185 26 17 8 7 0 0 0 1 0 0 0
147 76 3 1 0 1 0 0 0 0 0 0 0 1272 193 28 17 8 7 0 0 0 1 0 0 0
182 80 4 1 0 1 0 0 0 0 0 0 0 1276 196 28 17 8 7 0 0 0 1 0 0 0
185 82 4 1 0 1 0 0 0 0 0 0 0 1279 199 28 17 8 7 0 0 0 1 0 0 0
188 88 4 1 0 1 0 0 0 0 0 0 0 1297 204 28 17 8 7 0 0 0 1 0 0 0
191 89 4 1 0 1 0 0 0 0 0 0 0 1302 209 28 17 8 7 0 0 0 1 0 0 0
261 107 5 2 1 2 0 0 0 0 0 0 0 1316 213 30 17 8 7 0 0 0 2 0 0 0
334 119 7 3 1 2 0 0 0 0 0 0 0 1319 216 30 17 8 7 0 0 0 2 0 0 0
337 122 7 3 1 2 0 0 0 0 0 0 0 1322 220 30 17 8 7 0 0 0 2 0 0 0
355 126 7 3 1 2 0 0 0 0 0 0 0 1325 223 30 17 8 7 0 0 0 2 0 0 0
395 140 8 5 1 3 0 0 0 0 0 0 0 1328 226 30 17 8 7 0 0 0 2 0 0 0
398 143 11 5 1 3 0 0 0 0 0 0 0 1331 229 30 17 8 7 0 0 0 2 0 0 0
576 169 13 8 3 3 0 0 0 0 0 0 0 1334 233 31 18 8 7 0 0 0 2 0 0 0
579 172 13 8 3 3 0 0 0 0 0 0 0 1337 236 31 18 8 7 0 0 0 2 0 0 0
595 175 13 8 3 3 0 0 0 0 0 0 0 1340 243 31 18 8 7 0 0 0 2 0 0 0
597 177 13 8 3 3 0 0 0 0 0 0 0 1344 246 31 18 8 7 0 0 0 2 0 0 0
1146 206 17 15 5 6 0 0 0 0 0 0 0 1347 249 31 18 8 7 0 0 0 2 0 0 0
1261 213 17 15 7 7 0 0 0 0 0 0 0 1350 252 31 18 8 7 0 0 0 2 0 0 0
1264 217 17 16 7 7 0 0 0 0 0 0 0 1353 255 31 18 8 7 0 0 0 2 0 0 0
1299 223 20 16 8 7 0 0 0 0 0 0 0 1376 265 31 18 8 7 0 0 0 2 0 0 0
