# scores for worst/random/best/smart move selector strategies. 
# scores are 50% and 95% quantiles (based on 40 games) of: 
# game score, #destroyed, #unlocked, #stripes, #bombs, #zappers
3 3 0 0 0 0 0 0 0 0 0 0 0 12 12 0 0 0 0 0 0 0 0 0 0 0
6 6 0 0 0 0 0 0 0 0 0 0 0 20 19 0 0 0 0 0 0 0 0 0 0 0
12 12 0 0 0 0 0 0 0 0 0 0 0 48 22 0 1 0 0 0 0 0 0 0 0 0
15 15 0 0 0 0 0 0 0 0 0 0 0 73 36 0 1 0 0 0 0 0 0 0 0 0
20 20 0 0 0 0 0 0 0 0 0 0 0 91 41 1 2 0 0 0 0 0 0 0 0 0
25 25 0 0 0 0 0 0 0 0 0 0 0 101 47 1 2 0 0 0 0 0 0 0 0 0
30 30 0 0 0 0 0 0 0 0 0 0 0 133 63 2 2 0 0 0 0 0 0 0 0 0
36 33 0 0 0 0 0 0 0 0 0 0 0 142 69 2 2 0 0 0 0 0 0 0 0 0
44 40 0 0 0 0 0 0 0 0 0 0 0 146 74 2 3 0 0 1 0 0 0 0 0 0
49 45 0 0 0 0 0 0 0 0 0 0 0 150 80 2 3 0 0 1 0 0 0 0 0 0
59 51 0 0 0 0 0 0 0 0 0 0 0 164 93 3 3 1 0 1 0 0 0 0 0 0
69 56 0 0 0 0 0 0 0 0 0 0 0 201 102 4 3 1 0 1 0 0 0 0 0 0
105 62 0 1 0 0 0 0 0 0 0 0 0 247 113 4 3 1 1 1 0 0 1 0 0 0
123 73 1 2 0 0 0 0 0 0 0 0 0 251 119 4 4 1 1 1 0 0 1 0 0 0
131 77 1 2 0 0 0 0 0 0 0 0 0 274 128 4 4 1 1 1 0 0 1 0 0 0
143 85 2 2 0 0 0 0 0 0 0 0 0 289 135 6 5 1 1 1 0 0 1 0 0 0
152 90 2 2 0 0 0 0 0 0 0 0 0 327 150 6 5 1 1 1 1 0 1 0 0 0
165 93 2 2 0 0 0 0 0 0 0 0 0 362 157 6 6 1 1 2 1 0 1 0 0 0
177 99 2 2 0 0 0 0 0 0 0 0 0 367 162 6 6 1 1 2 1 0 1 0 0 0
186 105 2 2 0 0 1 0 0 0 0 0 0 401 167 6 6 1 1 2 1 0 1 0 0 0
208 112 2 2 0 0 1 0 0 0 0 0 0 434 171 8 7 2 1 2 1 0 1 0 0 0
231 116 2 4 0 0 1 0 0 0 0 0 0 477 176 8 7 2 1 2 1 0 1 0 0 0
234 122 3 4 0 0 1 0 0 0 0 0 0 517 211 8 10 2 1 2 1 0 1 0 0 0
237 131 3 4 0 0 1 0 0 0 0 0 0 631 219 11 14 2 1 2 1 0 1 1 0 0
264 136 3 4 0 0 1 0 0 0 0 0 0 634 225 11 14 2 1 2 1 0 1 1 0 0
279 146 3 5 0 0 1 0 0 0 0 0 0 641 233 12 14 2 1 2 1 0 1 1 0 0
298 154 4 5 0 0 1 0 0 0 0 0 0 656 239 12 14 2 1 2 1 0 1 1 0 0
309 164 4 5 0 0 1 0 0 0 0 0 0 669 242 12 14 2 1 2 1 0 1 1 0 0
332 171 4 5 0 0 1 0 0 0 0 0 0 697 261 12 15 2 1 2 1 0 1 1 0 0
340 178 4 5 0 0 1 0 0 0 0 0 0 701 265 12 15 2 1 2 1 0 1 1 0 0
356 184 4 5 0 0 1 0 0 0 0 0 0 783 278 12 16 2 2 2 1 0 1 1 0 0
362 188 4 5 0 0 1 0 0 0 0 0 0 787 282 12 16 2 2 2 1 0 1 1 0 0
396 207 4 6 0 0 1 0 0 0 0 0 0 832 288 13 16 2 2 2 1 0 2 1 0 0
454 213 4 6 0 0 1 0 0 0 0 0 0 845 292 14 16 2 2 2 1 0 2 1 0 0
473 224 4 6 1 0 1 0 0 0 0 0 0 950 312 14 19 2 2 2 1 0 2 1 0 0
477 228 4 7 1 0 1 0 0 0 0 0 0 958 323 14 19 2 2 2 1 0 2 1 0 0
505 240 4 8 1 0 1 0 0 0 0 0 0 972 335 14 19 2 3 2 1 0 2 1 0 0
527 248 4 8 1 0 1 0 0 0 0 0 0 983 344 14 19 2 3 2 1 0 2 1 0 0
549 259 4 8 1 0 1 0 0 0 0 0 0 1006 351 14 19 2 3 3 1 0 2 1 0 0
568 270 4 9 1 0 1 0 0 0 0 0 0 1012 356 14 19 2 3 3 1 0 2 1 0 0
586 275 4 9 1 0 1 0 0 0 0 0 0 1016 359 14 19 2 3 3 1 0 2 1 0 0
