# scores for worst/random/best/smart move selector strategies. 
# scores are 50% and 95% quantiles (based on 40 games) of: 
# game score, #destroyed, #unlocked, #stripes, #bombs, #zappers
3 3 0 0 0 0 0 0 0 0 0 0 0 12 12 0 0 0 0 0 0 0 0 0 0 0
6 6 0 0 0 0 0 0 0 0 0 0 0 15 15 0 0 0 0 0 0 0 0 0 0 0
11 11 0 0 0 0 0 0 0 0 0 0 0 44 20 0 0 0 0 0 0 0 0 0 0 0
15 15 0 0 0 0 0 0 0 0 0 0 0 55 26 0 0 0 0 0 0 0 0 0 0 0
21 21 0 0 0 0 0 0 0 0 0 0 0 58 34 0 1 0 0 0 0 0 0 0 0 0
25 25 0 0 0 0 0 0 0 0 0 0 0 106 39 0 2 0 0 0 0 0 0 0 0 0
30 30 0 0 0 0 0 0 0 0 0 0 0 111 46 1 2 0 0 0 0 0 0 0 0 0
33 33 0 0 0 0 0 0 0 0 0 0 0 114 53 1 2 0 0 0 0 0 0 0 0 0
39 39 0 0 0 0 0 0 0 0 0 0 0 125 57 1 2 0 0 0 0 0 0 0 0 0
47 44 0 0 0 0 0 0 0 0 0 0 0 130 63 2 2 0 0 0 0 0 0 0 0 0
54 50 0 0 0 0 0 0 0 0 0 0 0 135 67 3 2 0 0 0 0 0 0 0 0 0
66 54 0 0 0 0 0 0 0 0 0 0 0 138 70 3 2 0 0 0 0 0 0 0 0 0
75 59 0 0 0 0 0 0 0 0 0 0 0 156 76 3 2 0 0 0 0 0 0 0 0 0
85 66 0 0 0 0 0 0 0 0 0 0 0 160 85 3 2 0 0 0 0 0 0 0 0 0
88 70 0 0 0 0 0 0 0 0 0 0 0 171 96 3 2 0 0 0 0 0 0 0 0 0
92 73 0 0 0 0 0 0 0 0 0 0 0 176 99 3 3 0 0 0 0 0 0 0 0 0
99 79 0 0 0 0 0 0 0 0 0 0 0 179 103 3 3 0 1 0 0 0 1 0 0 0
107 84 0 1 0 0 0 0 0 0 0 0 0 182 113 3 3 0 1 0 0 0 1 0 0 0
111 87 0 1 0 0 0 0 0 0 0 0 0 227 116 3 3 0 1 0 0 0 1 0 0 0
116 94 0 1 0 0 0 0 0 0 0 0 0 248 123 4 3 0 1 0 0 0 1 0 0 0
120 97 0 1 0 0 0 0 0 0 0 0 0 251 126 4 3 0 1 0 0 0 1 0 0 0
126 101 0 1 0 0 0 0 0 0 0 0 0 254 129 4 3 0 1 0 0 0 1 0 0 0
133 109 0 1 0 0 0 0 0 0 0 0 0 259 136 4 3 1 1 0 0 0 1 0 0 0
136 114 0 1 0 0 0 0 0 0 0 0 0 280 143 4 4 1 1 0 0 0 1 0 0 0
141 118 0 1 0 0 0 0 0 0 0 0 0 301 147 4 4 1 1 0 0 0 1 0 0 0
157 121 0 1 0 0 0 0 0 0 0 0 0 317 156 4 4 1 1 1 0 0 1 0 0 0
169 128 1 1 0 0 0 0 0 0 0 0 0 320 162 4 4 1 1 1 0 0 1 0 0 0
173 133 1 1 0 0 0 0 0 0 0 0 0 323 166 4 4 1 1 1 0 0 1 0 0 0
186 138 1 1 0 0 0 0 0 0 0 0 0 326 174 4 4 1 1 1 0 0 1 0 0 0
194 144 1 1 0 0 0 0 0 0 0 0 0 333 177 4 4 1 1 1 0 0 1 0 0 0
205 149 1 1 0 0 0 0 0 0 0 0 0 336 183 4 4 1 1 1 0 0 1 0 0 0
218 153 1 1 0 0 0 0 0 0 0 0 0 339 186 4 4 1 1 1 0 0 1 0 0 0
226 158 1 2 0 0 0 0 0 0 0 0 0 343 197 4 4 2 1 1 0 0 1 0 0 0
229 161 1 2 0 0 0 0 0 0 0 0 0 349 200 4 4 2 1 1 0 0 1 0 0 0
233 167 1 2 0 0 0 0 0 0 0 0 0 372 203 4 5 2 1 1 0 0 1 0 0 0
241 173 2 2 0 0 0 0 0 0 0 0 0 375 211 4 5 2 1 1 0 0 1 0 0 0
255 180 2 2 0 0 0 0 0 0 0 0 0 379 216 4 5 2 1 1 0 0 1 0 0 0
268 186 2 2 0 0 0 0 0 0 0 0 0 383 223 4 5 2 1 1 0 0 1 0 0 0
273 194 2 2 0 0 0 0 0 0 0 0 0 393 228 4 5 2 1 1 0 0 1 0 0 0
279 197 2 2 0 0 0 0 0 0 0 0 0 407 234 4 5 2 1 1 0 0 1 0 0 0
282 200 2 2 0 0 0 0 0 0 0 0 0 410 239 4 5 2 1 1 0 0 1 0 0 0
