# scores for worst/random/best/smart move selector strategies. 
# scores are 50% and 95% quantiles (based on 40 games) of: 
# game score, #destroyed, #unlocked, #stripes, #bombs, #zappers
3 3 0 0 0 0 0 0 0 0 0 0 0 12 12 0 0 0 0 0 0 0 0 0 0 0
6 6 0 0 0 0 0 0 0 0 0 0 0 23 21 0 0 0 0 0 0 0 0 0 0 0
11 11 0 0 0 0 0 0 0 0 0 0 0 45 33 0 1 0 0 0 0 0 0 0 0 0
16 16 0 0 0 0 0 0 0 0 0 0 0 90 46 2 2 0 0 0 0 0 0 0 0 0
21 21 0 0 0 0 0 0 0 0 0 0 0 116 53 3 2 0 0 0 0 0 0 0 0 0
27 27 0 0 0 0 0 0 0 0 0 0 0 124 62 3 2 0 0 0 0 0 0 0 0 0
49 34 0 0 0 0 0 0 0 0 0 0 0 151 74 4 3 0 1 0 0 0 0 0 0 0
74 42 0 1 0 0 0 0 0 0 0 0 0 179 81 5 3 1 1 1 0 0 0 0 0 0
102 52 0 1 0 0 0 0 0 0 0 0 0 243 104 6 4 1 1 1 0 0 1 0 0 0
124 60 1 1 0 0 0 0 0 0 0 0 0 284 114 7 4 1 2 1 0 0 2 0 0 0
145 68 2 2 0 0 0 0 0 0 0 0 0 357 130 7 7 1 2 1 0 0 2 0 0 0
173 82 2 2 0 0 0 0 0 0 0 0 0 384 141 7 8 2 2 1 0 0 2 0 0 0
201 93 2 3 0 0 0 0 0 0 0 0 0 416 151 7 8 2 2 1 1 0 2 0 0 0
244 106 3 3 0 0 0 0 0 0 0 0 0 419 158 7 8 2 2 1 1 0 2 0 0 0
262 114 3 3 1 0 0 0 0 0 0 0 0 482 181 8 8 2 2 1 1 0 2 0 0 0
306 129 3 4 1 0 0 0 0 0 0 0 0 525 188 12 12 2 2 1 1 0 2 1 0 0
319 137 3 4 1 0 0 0 0 0 0 0 0 529 196 13 12 2 2 2 1 0 2 1 0 0
345 148 3 4 1 1 0 0 0 0 0 0 0 631 213 13 13 2 2 2 1 0 2 1 0 0
370 161 3 4 1 1 0 0 0 0 0 0 0 660 231 14 15 3 3 2 1 0 2 1 0 0
375 171 3 5 1 1 0 0 0 0 0 0 0 757 249 14 15 3 3 2 1 0 2 1 0 0
406 178 3 5 1 1 0 0 0 1 0 0 0 760 262 14 15 3 3 2 1 0 2 1 0 0
442 192 4 6 1 1 1 0 0 1 0 0 0 770 271 14 16 3 3 2 1 0 2 1 0 0
460 207 4 7 1 1 1 0 0 1 0 0 0 810 279 14 16 3 3 2 1 0 3 1 0 0
511 221 4 8 1 1 1 0 0 1 0 0 0 863 288 14 17 3 3 2 1 0 3 1 0 0
545 233 4 8 1 1 1 0 0 1 0 0 0 868 294 14 17 3 3 2 1 0 3 1 0 0
561 244 4 8 1 1 1 0 0 1 0 0 0 911 300 14 20 3 4 2 1 0 3 1 0 0
573 251 4 8 1 1 1 0 0 1 0 0 0 966 333 14 21 3 4 3 1 0 4 1 0 0
624 266 5 9 2 1 1 0 0 1 0 0 0 991 338 14 21 3 4 3 1 0 4 1 0 0
637 272 5 9 2 1 1 0 0 1 0 0 0 1008 349 14 21 3 4 3 1 0 4 1 0 0
656 280 5 9 2 1 1 0 0 1 0 0 0 1035 357 14 22 3 4 3 1 0 4 1 0 0
693 288 5 10 2 1 1 0 0 1 0 0 0 1068 374 14 23 3 4 3 1 0 4 1 0 0
711 303 5 10 2 1 1 0 0 1 0 0 0 1079 383 14 23 4 4 3 1 0 4 1 0 0
742 311 6 11 2 1 1 0 0 1 0 0 0 1102 398 14 23 4 4 3 1 0 4 1 0 0
764 323 6 11 2 1 1 0 0 1 0 0 0 1131 412 14 26 4 5 3 1 0 5 1 0 0
786 331 6 11 2 1 1 0 0 1 0 0 0 1190 434 14 26 4 5 3 1 0 5 1 0 0
829 343 6 12 2 2 1 0 0 1 0 0 0 1238 459 14 27 4 5 3 2 0 5 1 0 0
843 358 6 13 2 2 1 0 0 1 0 0 0 1271 471 14 27 4 5 3 2 0 5 1 0 0
870 377 6 13 2 2 2 1 0 1 0 0 0 1299 482 14 28 4 6 3 2 1 5 1 0 0
910 386 6 13 2 2 2 1 0 1 0 0 0 1317 493 14 28 4 6 3 2 1 5 1 0 0
950 399 6 14 3 2 2 1 0 2 0 0 0 1383 504 14 28 5 6 3 2 1 5 1 0 0
978 409 6 14 3 2 2 1 0 2 0 0 0 1403 540 14 29 5 7 3 2 1 5 1 0 0
