# scores for worst/random/best/smart move selector strategies. 
# scores are 50% and 95% quantiles (based on 40 games) of: 
# game score, #destroyed, #unlocked, #stripes, #bombs, #zappers
0 0 0 0 0 0 0 0 0 0 0 0 0 6 6 0 0 0 0 0 0 0 0 0 0 0
3 3 0 0 0 0 0 0 0 0 0 0 0 1122 117 12 11 6 8 0 0 0 0 0 0 0
6 6 0 0 0 0 0 0 0 0 0 0 0 1473 132 27 18 8 11 0 0 0 0 1 0 0
6 6 0 0 0 0 0 0 0 0 0 0 0 1554 138 27 18 11 11 0 0 0 0 1 0 0
6 6 0 0 0 0 0 0 0 0 0 0 0 1558 150 27 18 11 11 0 0 0 0 1 0 0
9 9 0 0 0 0 0 0 0 0 0 0 0 1625 161 27 18 14 11 0 0 1 0 1 1 1
12 12 0 0 0 0 0 0 0 0 0 0 0 1682 167 28 18 15 11 0 0 1 0 1 1 1
1336 123 5 13 8 10 0 0 0 0 0 0 0 1718 175 31 18 15 11 0 0 1 1 1 1 1
1339 128 5 13 8 10 0 0 0 0 0 0 0 1723 182 31 18 15 11 0 0 1 1 1 1 1
1343 132 5 13 8 10 0 0 0 0 0 0 0 1726 187 31 18 15 11 0 0 1 1 1 1 1
1362 136 7 13 8 10 0 0 0 0 0 0 0 1732 193 31 18 15 11 0 0 1 1 1 1 1
1365 141 8 13 8 10 0 0 0 0 0 0 0 1735 197 31 18 15 11 0 0 1 1 1 1 1
1375 148 8 13 8 10 0 0 0 0 0 0 0 1767 200 31 18 15 11 1 0 1 1 1 1 1
1381 152 8 13 8 10 0 0 0 0 0 0 0 1772 205 31 18 15 11 1 0 1 1 1 1 1
1385 158 8 13 8 10 0 0 0 0 0 0 0 1775 209 31 19 15 12 1 1 1 1 1 1 1
1390 161 8 13 8 10 0 0 0 0 0 0 0 1780 221 31 19 15 12 1 1 1 1 1 1 1
1393 166 8 13 8 10 0 0 0 0 0 0 0 1783 227 31 20 15 12 1 1 1 1 1 1 1
1404 175 9 13 8 10 0 0 0 0 0 0 0 1789 230 31 20 15 12 1 1 1 1 1 1 1
1414 178 9 13 8 10 0 0 0 0 0 0 0 1793 236 31 20 15 12 1 1 1 1 1 1 1
1419 181 9 13 8 10 0 0 0 0 0 0 0 1811 241 31 20 15 12 1 1 1 1 1 1 1
1429 186 9 13 8 10 0 0 0 0 0 0 0 1814 246 31 20 15 12 1 1 1 1 1 1 1
1443 190 9 13 8 10 0 0 0 0 0 0 0 1837 249 31 21 15 12 1 1 1 1 1 1 1
1449 195 9 13 8 10 0 0 0 0 0 0 0 1842 252 31 21 15 12 1 1 1 1 1 1 1
1460 198 9 14 8 10 0 0 0 0 0 0 0 1902 255 31 22 15 12 1 1 1 1 1 1 1
1463 212 9 14 8 10 0 0 0 0 0 0 0 1915 262 31 22 16 12 1 1 1 1 1 1 1
1486 220 9 14 8 10 0 0 0 0 0 0 0 1918 267 31 22 16 12 1 1 1 1 1 1 1
1493 225 9 14 8 10 0 0 0 0 0 0 0 1924 272 31 22 16 12 1 1 1 1 1 1 1
1497 228 9 14 8 10 0 0 0 0 0 0 0 1928 275 31 22 16 12 1 1 1 1 1 1 1
1510 235 9 14 8 10 0 0 0 0 0 0 0 1931 278 31 22 16 12 1 1 1 1 1 1 1
1513 240 9 14 8 10 0 0 0 0 0 0 0 1936 289 31 22 16 12 1 1 1 1 1 1 1
1550 248 9 14 8 10 0 0 0 0 0 0 0 1975 292 31 22 16 12 1 1 1 1 1 1 1
1553 252 9 14 8 10 0 0 0 0 0 0 0 1978 295 31 22 16 12 1 1 1 1 1 1 1
1577 255 9 14 8 10 0 0 0 0 0 0 0 1981 302 31 22 16 12 1 1 1 1 1 1 1
1582 260 9 14 8 10 0 0 0 0 0 0 0 1994 311 31 23 16 12 2 1 1 1 1 1 1
1585 264 9 14 8 10 0 0 0 0 0 0 0 1998 314 31 23 16 12 2 1 1 1 1 1 1
1588 268 9 14 8 10 0 0 0 0 0 0 0 2001 317 31 23 16 12 2 1 1 1 1 1 1
1591 273 9 15 8 10 0 0 0 0 0 0 0 2004 320 31 23 16 12 2 1 1 1 1 1 1
1595 277 9 15 8 10 0 0 0 0 0 0 0 2007 323 31 23 16 12 2 1 1 1 1 1 1
1598 281 9 15 8 10 0 0 0 0 0 0 0 2023 328 31 23 16 12 2 1 1 1 1 1 1
1601 284 9 15 8 10 0 0 0 0 0 0 0 2026 331 31 23 16 12 2 1 1 1 1 1 1
1605 288 9 15 8 10 0 0 0 0 0 0 0 2029 339 31 23 16 12 2 1 1 1 1 1 1
