# scores for worst/random/best/smart move selector strategies. 
# scores are 50% and 95% quantiles (based on 40 games) of: 
# game score, #destroyed, #unlocked, #stripes, #bombs, #zappers
0 0 0 0 0 0 0 0 0 0 0 0 0 6 6 0 0 0 0 0 0 0 0 0 0 0
4 4 0 0 0 0 0 0 0 0 0 0 0 1271 117 12 16 6 8 0 0 0 0 0 0 0
6 6 0 0 0 0 0 0 0 0 0 0 0 1618 126 27 19 14 11 0 0 0 0 1 1 0
7 7 0 0 0 0 0 0 0 0 0 0 0 1669 157 28 19 15 11 0 0 0 0 1 1 0
7 7 0 0 0 0 0 0 0 0 0 0 0 1678 171 28 19 15 11 0 1 0 0 1 1 0
54 19 0 0 0 0 0 0 0 0 0 0 0 1689 176 31 19 15 11 0 1 0 1 1 1 0
485 69 6 3 3 3 0 0 0 0 0 0 0 1734 180 31 19 16 12 0 1 1 1 1 1 0
1319 136 6 13 6 8 0 0 0 0 0 0 0 1777 187 31 19 16 12 0 1 1 1 1 1 1
1324 145 6 13 6 8 0 0 0 0 0 0 0 1786 194 31 19 16 12 1 1 1 1 1 1 1
1369 150 10 13 8 10 0 0 0 0 0 0 0 1789 203 31 19 16 12 1 1 1 1 1 1 1
1397 157 10 13 8 10 0 0 0 0 0 0 0 1825 208 31 20 16 12 1 1 1 1 1 1 1
1438 167 10 13 8 10 0 0 0 0 0 0 0 1828 213 31 20 16 12 1 1 1 1 1 1 1
1445 177 10 13 8 10 0 0 0 0 0 0 0 1833 220 31 20 16 12 1 1 1 2 1 1 1
1464 187 15 13 8 11 0 0 0 0 0 0 0 1850 225 31 22 16 13 1 1 1 2 1 1 1
1473 193 15 14 8 11 0 0 0 0 0 0 0 1867 236 31 22 16 13 1 1 1 2 1 1 1
1476 196 15 14 8 11 0 0 0 0 0 0 0 1913 244 31 23 17 13 1 1 1 2 1 1 1
1483 201 15 14 8 11 0 0 0 0 0 0 0 1931 253 31 23 17 13 1 1 1 2 1 1 1
1515 208 15 14 8 11 0 0 0 0 0 0 0 1939 277 31 23 17 13 1 1 1 2 1 1 1
1521 211 15 15 8 11 0 0 0 0 0 0 0 1943 283 31 23 17 13 1 1 1 3 1 1 1
1533 216 15 15 8 11 0 0 0 0 0 0 0 1948 290 31 23 17 13 1 1 1 3 1 1 1
1537 229 15 15 8 11 0 0 0 0 0 0 0 1971 295 31 24 17 14 2 1 1 3 1 1 1
1540 240 15 15 8 11 0 0 0 0 0 0 0 1974 303 31 24 17 14 2 1 1 3 1 1 1
1583 244 15 15 8 11 0 0 0 0 0 0 0 2009 309 31 24 17 14 2 1 1 3 1 1 1
1594 253 15 16 8 11 0 0 0 0 0 0 0 2025 313 31 24 17 14 2 1 1 3 1 1 1
1602 260 15 16 8 11 0 0 0 0 0 0 0 2041 325 31 24 17 14 2 1 1 4 1 1 1
1605 264 15 16 8 11 0 0 0 0 0 0 0 2046 331 31 24 17 14 2 1 1 4 1 1 1
1610 270 15 16 8 11 0 0 0 0 0 0 0 2050 337 31 25 17 14 2 1 1 4 1 1 1
1635 273 15 17 8 11 0 0 0 0 0 0 0 2056 346 31 26 17 14 2 1 1 4 1 1 1
1638 287 15 17 8 11 0 0 0 0 0 0 0 2064 350 31 26 17 14 2 1 1 4 1 1 1
1642 293 15 17 8 11 0 0 0 0 0 0 0 2067 359 31 26 17 14 2 1 1 4 1 1 1
1658 297 15 18 8 11 0 0 0 0 0 0 0 2071 363 31 26 17 14 2 1 1 4 1 1 1
1670 304 15 18 8 11 0 0 0 0 0 0 0 2077 368 31 26 17 14 2 1 1 4 1 1 1
1679 309 15 18 8 11 0 0 0 0 0 0 0 2083 375 31 26 17 14 2 1 1 4 1 1 1
1683 316 15 18 8 11 0 0 0 0 0 0 0 2106 378 31 26 17 14 2 1 1 4 1 1 1
1696 325 15 18 8 11 0 0 0 0 0 0 0 2113 382 31 26 17 14 2 1 1 4 1 1 1
1737 330 15 19 8 11 0 0 0 0 0 0 0 2207 389 31 29 17 14 2 1 1 4 1 1 1
1743 336 15 19 8 11 0 0 0 0 0 0 0 2213 396 31 29 17 14 2 1 1 4 1 1 1
1747 343 15 19 8 11 0 0 0 0 0 0 0 2216 400 31 29 17 14 2 1 1 4 1 1 1
1752 349 15 19 8 11 0 0 0 0 0 0 0 2230 404 31 29 17 14 2 1 1 4 1 1 1
1757 352 15 19 8 11 0 0 0 0 0 0 0 2233 410 31 29 17 14 3 1 1 4 1 1 1
1800 357 15 20 8 11 0 0 0 0 0 0 0 2260 436 31 29 17 14 3 1 1 4 1 1 1
