# scores for worst/random/best/smart move selector strategies. 
# scores are 50% and 95% quantiles (based on 40 games) of: 
# game score, #destroyed, #unlocked, #stripes, #bombs, #zappers
0 0 0 0 0 0 0 0 0 0 0 0 0 9 9 0 0 0 0 0 0 0 0 0 0 0
4 4 0 0 0 0 0 0 0 0 0 0 0 459 93 2 2 4 2 0 0 0 1 0 0 0
10 10 0 0 0 0 0 0 0 0 0 0 0 769 163 5 3 10 4 0 0 0 1 0 0 0
16 16 0 0 0 0 0 0 0 0 0 0 0 1616 206 10 4 24 6 0 0 0 1 0 1 0
20 20 0 0 0 0 0 0 0 0 0 0 0 1891 269 19 10 25 7 0 1 0 1 0 1 0
91 35 0 1 0 0 0 0 0 0 0 0 0 1925 280 26 11 25 7 0 1 0 1 0 1 1
275 72 5 3 1 1 0 0 0 0 0 0 0 1941 323 26 12 25 8 1 1 1 1 0 1 1
1283 186 8 8 11 7 0 0 0 0 0 0 0 2144 358 26 22 25 8 1 1 1 1 1 1 1
1369 224 13 9 12 7 0 0 0 0 0 0 0 2171 369 26 23 25 8 1 1 1 1 1 1 1
1485 252 13 10 12 7 0 0 0 0 0 0 0 2176 374 26 24 26 8 1 1 1 2 1 1 1
1531 265 14 10 12 7 0 0 0 0 0 0 0 2218 383 26 25 26 8 1 1 1 2 1 1 1
1611 282 15 11 12 7 0 0 0 0 0 0 0 2362 423 26 25 27 9 1 1 1 2 1 1 1
1703 311 15 13 13 8 0 0 0 0 0 0 0 2415 442 26 28 27 10 1 1 1 3 1 1 1
1751 327 16 14 13 8 0 0 0 1 0 0 0 2557 461 28 31 28 10 1 1 1 3 1 1 1
1813 347 16 15 14 8 0 0 0 1 0 0 0 2634 487 28 31 28 11 1 2 1 3 1 1 1
1896 356 16 15 14 8 0 0 0 1 0 0 0 2664 510 28 35 28 11 2 2 1 3 1 1 1
1909 362 16 17 14 8 0 0 0 1 0 0 0 2704 551 28 37 28 11 2 2 1 3 1 1 1
1986 377 16 17 14 8 1 0 0 1 0 0 0 2763 564 28 37 28 11 2 2 1 3 1 1 1
1990 396 17 17 14 8 1 1 0 1 0 0 0 2773 584 28 37 28 12 2 2 1 3 1 1 1
2041 403 17 17 14 8 1 1 0 1 0 0 0 2824 620 28 40 28 12 2 2 1 3 1 1 1
2051 424 18 19 15 8 1 1 0 1 0 0 0 2982 652 28 40 32 12 2 2 1 4 1 1 1
2108 450 18 19 15 8 1 1 0 1 0 0 0 3012 662 28 40 33 12 2 2 1 4 1 1 1
2160 472 18 20 15 8 1 1 0 1 0 0 0 3056 676 28 40 33 13 3 3 1 4 1 1 1
2203 483 18 21 15 8 1 1 0 1 0 0 0 3171 693 28 41 33 13 3 3 1 4 1 1 1
2229 503 18 21 16 8 1 1 0 1 0 0 0 3357 723 28 42 33 13 3 3 1 4 1 1 1
2256 507 18 22 16 8 1 1 0 1 0 0 0 3387 732 28 43 33 13 3 3 1 4 1 1 1
2286 516 18 22 16 8 1 1 0 1 0 0 0 3482 764 28 43 33 13 3 3 1 4 1 1 1
2330 531 18 22 16 8 1 1 0 1 0 0 0 3510 786 28 43 33 14 3 3 1 5 1 1 1
2380 547 18 23 16 9 1 1 0 1 0 0 0 3607 815 28 45 38 14 3 3 1 5 2 2 1
2402 558 18 23 16 9 1 1 0 1 0 0 0 3729 841 28 45 38 14 3 3 1 5 2 2 1
2479 576 18 24 16 9 1 1 0 1 0 0 0 3739 864 28 47 38 14 3 3 1 5 2 2 1
2484 591 18 24 16 9 1 1 0 1 0 0 0 3907 890 28 48 38 14 3 3 1 5 2 2 1
2491 603 18 24 16 9 1 1 0 2 0 0 0 3921 898 28 48 38 14 3 3 1 5 2 2 1
2559 630 18 26 17 9 1 1 0 2 0 0 0 3947 916 28 49 38 14 3 3 1 5 2 2 1
2570 639 18 27 17 9 2 1 0 2 0 0 0 3960 929 28 49 38 14 4 3 1 5 2 2 1
2622 651 18 29 17 9 2 1 0 2 0 0 0 4094 940 28 50 39 14 4 3 1 5 2 2 1
2661 664 18 29 17 9 2 1 0 2 0 0 0 4102 984 28 50 39 14 4 3 1 5 2 2 1
2723 678 18 31 18 9 2 1 0 2 0 0 0 4119 990 28 53 39 14 4 3 1 5 2 2 1
2761 699 18 31 18 10 2 1 0 2 0 0 0 4334 1003 28 55 39 14 4 3 1 5 2 2 1
2809 719 18 31 18 10 2 1 0 2 0 0 0 4354 1024 28 55 39 15 4 3 1 6 2 2 1
2874 747 18 32 18 10 2 1 0 2 0 0 0 4527 1068 28 58 44 16 4 3 1 6 2 2 1
