# scores for worst/random/best/smart move selector strategies. 
# scores are 50% and 95% quantiles (based on 40 games) of: 
# game score, #destroyed, #unlocked, #stripes, #bombs, #zappers
0 0 0 0 0 0 0 0 0 0 0 0 0 9 9 0 0 0 0 0 0 0 0 0 0 0
3 3 0 0 0 0 0 0 0 0 0 0 0 16 16 0 0 0 0 0 0 0 0 0 0 0
6 6 0 0 0 0 0 0 0 0 0 0 0 467 104 5 3 3 2 0 0 0 0 0 0 0
10 10 0 0 0 0 0 0 0 0 0 0 0 1383 196 14 9 12 7 0 0 0 0 0 0 0
15 15 0 0 0 0 0 0 0 0 0 0 0 1403 218 14 10 12 7 0 0 0 1 0 0 0
18 18 0 0 0 0 0 0 0 0 0 0 0 1407 224 14 11 12 7 0 0 0 1 0 0 0
23 23 0 0 0 0 0 0 0 0 0 0 0 1410 229 15 11 12 7 0 0 0 1 0 0 0
28 28 0 0 0 0 0 0 0 0 0 0 0 1413 234 15 11 12 7 0 0 0 1 0 0 0
55 41 0 0 0 0 0 0 0 0 0 0 0 1419 241 19 11 13 8 0 0 0 1 0 0 0
78 49 0 1 0 0 0 0 0 0 0 0 0 1422 245 19 11 13 8 0 0 0 1 0 0 0
96 57 0 1 0 0 0 0 0 0 0 0 0 1496 277 19 11 13 8 0 0 0 1 0 0 0
127 61 0 1 0 0 0 0 0 0 0 0 0 1554 295 20 12 13 8 0 0 0 1 0 0 0
512 124 1 4 4 2 0 0 0 0 0 0 0 1557 298 20 12 13 8 0 0 0 1 0 0 0
895 174 3 6 7 4 0 0 0 0 0 0 0 1631 331 20 12 13 8 0 0 0 1 0 0 0
908 177 3 6 7 4 0 0 0 0 0 0 0 1641 338 20 13 13 8 0 0 0 2 0 0 0
1022 202 3 7 7 5 0 0 0 0 0 0 0 1658 353 20 14 13 8 0 0 0 2 0 0 0
1114 210 6 7 9 6 0 0 0 0 0 0 0 1729 368 20 15 13 9 1 0 0 2 0 0 0
1197 216 10 8 10 7 0 0 0 0 0 0 0 1737 373 20 15 14 9 1 0 0 2 0 0 0
1231 238 11 8 10 7 0 0 0 0 0 0 0 1768 376 20 15 17 9 1 1 0 2 0 1 0
1281 241 11 9 10 7 0 0 0 0 0 0 0 1771 380 20 15 17 9 1 1 0 2 0 1 0
1346 266 12 10 11 7 0 0 0 0 0 0 0 1835 383 22 15 20 9 1 1 1 2 0 1 0
1349 273 12 10 11 7 0 0 0 0 0 0 0 1841 390 22 15 20 9 1 1 1 2 0 1 0
1368 286 12 11 11 7 0 0 0 0 0 0 0 1918 395 22 15 20 9 1 1 1 2 0 1 0
1394 293 12 11 11 7 0 0 0 0 0 0 0 1921 428 22 15 20 9 1 1 1 2 0 1 0
1428 304 12 11 11 7 0 0 0 0 0 0 0 1975 435 22 15 20 9 1 1 1 2 0 1 0
1445 310 12 11 12 7 0 0 0 0 0 0 0 1979 439 22 15 20 9 1 1 1 2 0 1 0
1474 314 12 11 12 7 0 0 0 0 0 0 0 2025 483 22 18 20 9 1 1 1 2 0 1 0
1487 322 13 11 12 7 0 0 0 0 0 0 0 2028 490 22 18 20 9 1 1 1 2 0 1 0
1538 334 13 11 12 7 0 0 0 0 0 0 0 2034 499 22 18 20 9 1 1 1 2 0 1 0
1559 340 13 11 12 7 0 0 0 0 0 0 0 2073 502 22 18 21 9 1 1 1 2 0 1 0
1564 355 13 12 12 7 0 0 0 0 0 0 0 2139 515 22 19 24 9 1 1 1 2 0 1 0
1576 367 13 12 12 7 0 0 0 0 0 0 0 2145 521 22 19 24 9 1 1 1 3 0 1 0
1588 376 13 12 12 7 0 0 0 0 0 0 0 2148 529 22 19 24 9 1 1 1 3 0 1 0
1599 392 13 12 13 7 0 0 0 0 0 0 0 2162 541 22 19 24 10 1 1 1 3 0 1 0
1612 398 13 12 13 7 0 0 0 0 0 0 0 2167 547 22 19 24 10 1 1 1 3 0 1 0
1637 401 13 13 13 7 0 0 0 0 0 0 0 2198 552 22 20 24 10 1 1 1 3 0 1 0
1647 409 13 13 13 7 0 0 0 0 0 0 0 2204 557 22 20 24 10 1 1 1 3 0 1 0
1668 421 13 13 13 7 0 0 0 0 0 0 0 2212 560 22 20 24 10 1 1 1 3 0 1 0
1673 441 13 14 13 7 0 0 0 0 0 0 0 2268 565 22 20 25 10 1 1 1 3 0 1 0
1678 444 13 14 13 7 0 0 0 0 0 0 0 2273 573 22 20 25 10 1 1 1 3 0 1 0
1748 454 13 14 13 7 0 0 0 0 0 0 0 2279 582 22 20 25 10 1 1 1 3 0 1 0
