# scores for worst/random/best/smart move selector strategies. 
# scores are 50% and 95% quantiles (based on 40 games) of: 
# game score, #destroyed, #unlocked, #stripes, #bombs, #zappers
0 0 0 0 0 0 0 0 0 0 0 0 0 9 9 0 0 0 0 0 0 0 0 0 0 0
6 6 0 0 0 0 0 0 0 0 0 0 0 742 148 3 5 7 4 0 0 0 1 0 0 0
16 16 0 0 0 0 0 0 0 0 0 0 0 1265 190 11 8 11 8 0 0 0 1 0 0 0
156 52 0 2 0 1 0 0 0 0 0 0 0 1701 237 22 11 24 8 0 1 0 2 1 1 0
1159 179 11 7 10 6 0 0 0 0 0 0 0 1979 270 24 12 27 9 0 1 1 3 1 1 0
1353 218 12 9 11 7 0 0 0 0 0 0 0 2014 302 24 23 28 10 1 1 1 3 1 1 1
1479 250 13 10 11 7 0 0 0 0 0 0 0 2095 322 24 23 28 10 1 1 1 3 1 1 1
1547 274 13 11 12 8 0 0 0 0 0 0 0 2131 357 24 24 28 10 1 1 1 4 1 1 1
1588 304 13 11 12 8 0 0 0 1 0 0 0 2338 393 25 27 29 11 1 1 1 4 1 1 1
1646 322 14 12 12 8 0 0 0 1 0 0 0 2394 437 25 28 30 11 1 1 1 5 1 1 1
1704 333 14 12 12 8 0 0 0 1 0 0 0 2447 474 25 28 31 11 1 1 1 5 1 1 1
1760 355 14 14 13 8 0 0 0 1 0 0 0 2558 505 25 30 31 11 1 1 1 5 1 1 1
1787 370 14 15 13 8 0 0 0 1 0 0 0 2603 535 25 30 32 12 2 1 1 5 1 1 1
1906 391 14 15 14 9 0 0 0 1 0 0 0 2675 569 25 30 32 12 2 1 1 5 1 1 1
1960 427 14 15 15 9 0 0 0 2 0 0 0 2722 591 25 31 32 12 2 1 1 5 1 1 1
1991 442 14 16 16 9 1 1 0 2 0 0 0 2796 604 25 32 32 12 2 1 1 6 1 1 1
2076 492 14 17 16 9 1 1 0 2 0 0 0 2963 662 25 32 34 12 2 2 1 6 1 1 1
2163 510 14 18 17 9 1 1 0 2 0 0 0 3064 677 25 32 35 13 2 2 1 6 2 1 1
2234 522 14 19 17 10 1 1 0 2 0 0 0 3221 700 25 33 38 13 2 2 1 6 2 2 1
2336 552 14 21 17 10 1 1 0 2 0 0 0 3312 723 25 39 38 13 2 2 1 6 2 2 1
2392 581 14 21 17 10 1 1 0 2 0 0 0 3340 749 25 40 39 13 2 2 1 6 2 2 1
2488 596 14 22 18 10 1 1 0 3 0 0 0 3439 768 25 41 39 13 3 2 1 6 2 2 1
2525 619 14 22 19 10 1 1 0 3 0 0 0 3577 804 25 41 39 14 3 2 1 7 2 2 1
2626 641 14 22 19 10 1 1 0 3 0 0 0 3707 818 25 48 40 14 3 2 1 7 2 2 1
2650 655 14 24 19 11 1 1 0 3 0 0 0 3774 844 25 48 41 14 3 2 1 7 2 2 1
2717 683 14 25 19 11 1 1 0 3 0 0 0 3823 860 25 53 41 15 3 2 1 7 2 2 1
2781 700 14 25 19 11 1 1 0 4 0 0 0 3837 917 25 54 41 15 3 2 1 7 2 2 1
2881 726 14 26 20 11 1 1 0 4 0 0 0 3868 976 25 54 41 15 3 2 1 8 2 2 1
2954 749 14 27 21 11 1 1 0 4 0 0 0 3914 1004 25 54 41 16 3 2 1 9 2 2 1
3060 772 14 29 21 12 1 1 0 4 0 0 0 3964 1020 25 55 45 16 3 3 1 9 2 2 1
3075 784 14 30 22 12 1 1 0 4 0 0 0 4025 1031 25 57 45 16 4 3 1 9 2 2 1
3264 813 14 31 23 12 1 1 0 4 0 0 0 4031 1050 25 57 46 16 4 3 1 10 2 2 1
3325 823 14 32 23 12 1 1 0 4 0 0 0 4037 1077 25 57 46 17 4 3 2 10 2 2 1
3379 849 14 33 23 12 1 1 1 4 0 0 0 4134 1089 25 58 46 17 4 3 2 10 2 2 1
3438 872 14 33 23 12 1 1 1 4 0 0 0 4175 1098 25 58 46 17 4 3 2 10 2 2 1
3498 884 14 34 24 12 1 1 1 5 0 1 0 4259 1111 25 59 46 17 4 3 2 10 2 2 1
3526 897 14 36 25 13 2 1 1 5 0 1 0 4393 1129 25 60 47 18 4 3 2 10 2 2 1
3641 955 14 39 25 13 2 2 1 5 0 1 0 4520 1140 25 60 47 18 4 3 2 10 2 2 1
3673 965 14 39 25 13 2 2 1 5 0 1 0 4530 1188 25 60 47 19 4 3 2 11 2 2 1
3726 977 14 40 26 13 2 2 1 5 0 1 0 4705 1206 25 62 48 19 4 4 2 11 2 2 1
3780 991 14 41 26 13 2 2 1 5 0 1 0 4813 1274 25 63 48 19 4 5 2 11 2 2 1
