# scores for worst/random/best/smart move selector strategies. 
# scores are 50% and 95% quantiles (based on 40 games) of: 
# game score, #destroyed, #unlocked, #stripes, #bombs, #zappers
0 0 0 0 0 0 0 0 0 0 0 0 0 9 9 0 0 0 0 0 0 0 0 0 0 0
3 3 0 0 0 0 0 0 0 0 0 0 0 18 18 0 0 0 0 0 0 0 0 0 0 0
6 6 0 0 0 0 0 0 0 0 0 0 0 36 25 0 0 0 0 0 0 0 0 0 0 0
10 10 0 0 0 0 0 0 0 0 0 0 0 38 26 0 0 0 0 0 0 0 0 0 0 0
15 15 0 0 0 0 0 0 0 0 0 0 0 47 35 0 0 0 0 0 0 0 0 0 0 0
18 18 0 0 0 0 0 0 0 0 0 0 0 54 42 0 0 0 0 0 0 0 0 0 0 0
24 24 0 0 0 0 0 0 0 0 0 0 0 57 45 0 0 0 0 0 0 0 0 0 0 0
27 27 0 0 0 0 0 0 0 0 0 0 0 66 54 0 0 0 0 0 0 0 0 0 0 0
30 30 0 0 0 0 0 0 0 0 0 0 0 74 57 0 1 0 0 0 0 0 0 0 0 0
33 33 0 0 0 0 0 0 0 0 0 0 0 92 65 0 1 0 0 0 0 0 0 0 0 0
36 36 0 0 0 0 0 0 0 0 0 0 0 134 78 0 2 0 0 0 0 0 0 0 0 0
42 42 0 0 0 0 0 0 0 0 0 0 0 1235 210 12 8 10 7 0 0 0 0 0 0 0
48 47 0 0 0 0 0 0 0 0 0 0 0 1241 216 13 8 10 7 0 0 0 0 0 0 0
53 52 0 0 0 0 0 0 0 0 0 0 0 1244 219 14 8 10 7 0 0 0 0 0 0 0
60 58 0 0 0 0 0 0 0 0 0 0 0 1248 224 14 8 10 7 0 0 0 0 0 0 0
68 64 0 0 0 0 0 0 0 0 0 0 0 1303 234 14 8 12 7 0 0 0 0 0 0 0
75 74 0 0 0 0 0 0 0 0 0 0 0 1365 262 14 9 12 7 0 0 0 0 0 0 0
81 78 0 0 0 0 0 0 0 0 0 0 0 1370 267 14 10 12 7 0 0 0 0 0 0 0
105 85 0 0 0 0 0 0 0 0 0 0 0 1373 270 14 10 13 7 0 0 0 0 0 0 0
110 86 0 0 0 0 0 0 0 0 0 0 0 1376 277 14 10 13 7 0 0 0 0 0 0 0
113 89 0 0 0 0 0 0 0 0 0 0 0 1383 288 14 10 13 7 0 0 0 0 0 0 0
132 103 0 1 0 0 0 0 0 0 0 0 0 1418 308 14 10 13 7 0 0 0 0 0 0 0
155 115 0 1 0 0 0 0 0 0 0 0 0 1423 311 14 10 13 7 0 0 0 0 0 0 0
158 118 0 1 0 0 0 0 0 0 0 0 0 1426 317 14 10 13 7 0 0 0 0 0 0 0
173 122 0 1 0 0 0 0 0 0 0 0 0 1432 321 14 10 13 7 0 0 0 0 0 0 0
224 137 2 1 0 1 0 0 0 0 0 0 0 1435 324 14 10 13 7 0 0 0 0 0 0 0
564 182 4 3 5 3 0 0 0 0 0 0 0 1474 332 15 10 13 8 0 0 0 0 0 0 0
977 239 8 6 8 5 0 0 0 0 0 0 0 1478 338 15 10 14 8 0 0 0 0 0 0 0
1207 249 11 7 10 7 0 0 0 0 0 0 0 1489 343 15 10 14 8 0 0 0 0 0 0 0
1212 254 11 7 10 7 0 0 0 0 0 0 0 1512 352 15 11 14 8 0 0 0 0 0 0 0
1228 261 12 7 10 7 0 0 0 0 0 0 0 1515 361 15 11 14 8 0 0 0 0 0 0 0
1255 268 12 7 10 7 0 0 0 0 0 0 0 1521 369 15 11 14 8 0 0 0 0 0 0 0
1259 278 12 7 10 7 0 0 0 0 0 0 0 1524 374 15 11 14 8 0 0 0 0 0 0 0
1268 284 12 8 10 7 0 0 0 0 0 0 0 1563 388 15 11 14 8 0 0 0 0 0 0 0
1273 289 12 8 10 7 0 0 0 0 0 0 0 1566 391 15 11 14 8 0 0 0 0 0 0 0
1280 297 12 8 10 7 0 0 0 0 0 0 0 1578 398 15 11 14 8 0 0 0 0 0 0 0
1306 304 12 8 10 7 0 0 0 0 0 0 0 1623 415 15 11 14 8 0 0 0 0 0 0 0
1309 307 12 8 10 7 0 0 0 0 0 0 0 1666 433 15 11 14 8 0 0 0 0 0 0 0
1319 325 12 8 10 7 0 0 0 0 0 0 0 1679 440 15 12 14 8 0 0 0 0 0 0 0
1342 338 12 8 10 7 0 0 0 0 0 0 0 1684 447 15 12 14 8 0 0 0 0 0 0 0
1345 344 12 8 10 7 0 0 0 0 0 0 0 1698 450 15 12 14 8 0 0 0 0 0 0 0
