# scores for worst/random/best/smart move selector strategies. 
# scores are 50% and 95% quantiles (based on 40 games) of: 
# game score, #destroyed, #unlocked, #stripes, #bombs, #zappers
9 9 0 0 0 0 0 0 0 0 0 0 0 38 31 0 0 0 0 0 0 0 0 0 0 0
16 16 0 0 0 0 0 0 0 0 0 0 0 91 47 0 1 0 0 0 0 0 0 0 0 0
30 29 0 0 0 0 0 0 0 0 0 0 0 168 78 0 1 1 1 0 0 0 1 0 0 0
41 38 0 0 0 0 0 0 0 0 0 0 0 253 106 0 2 1 2 0 0 0 1 0 0 0
75 51 0 0 0 0 0 0 0 0 0 0 0 350 142 0 3 2 2 0 0 0 2 0 0 0
131 72 0 2 0 0 0 0 0 0 0 0 0 638 183 1 14 3 2 1 1 0 2 0 0 0
152 86 0 2 0 0 0 0 0 0 0 0 0 743 195 1 14 4 2 1 1 0 2 0 0 0
190 95 0 2 0 0 0 0 0 0 0 0 0 902 253 1 15 11 3 1 1 0 2 0 0 0
232 107 0 3 1 0 0 0 0 0 0 0 0 912 264 1 21 11 3 1 1 0 2 1 0 0
263 122 0 3 1 0 0 0 0 0 0 0 0 1026 299 1 21 16 4 1 1 0 3 1 1 0
283 133 0 4 1 0 0 0 0 0 0 0 0 1066 335 1 21 16 4 1 1 0 3 1 1 0
339 153 0 4 1 0 0 0 0 0 0 0 0 1221 375 2 22 17 5 2 1 1 3 1 1 0
405 163 0 5 1 0 0 0 0 0 0 0 0 1228 381 2 22 17 5 2 1 1 3 1 1 0
423 172 0 5 1 1 0 0 0 0 0 0 0 1235 392 2 22 17 5 2 1 1 3 1 1 0
501 191 0 6 1 1 0 0 0 0 0 0 0 1241 400 2 23 17 5 2 1 1 3 1 1 0
510 202 0 6 1 1 0 0 0 0 0 0 0 1331 421 2 24 17 5 2 2 1 3 1 1 0
593 217 0 7 2 1 0 0 0 1 0 0 0 1341 436 2 24 17 5 2 2 1 3 1 1 0
604 230 0 8 2 1 0 0 0 1 0 0 0 1448 455 2 24 17 5 2 2 1 3 1 1 0
614 249 0 9 2 1 1 0 0 1 0 0 0 1524 481 2 25 18 5 2 2 1 3 1 1 0
704 280 0 10 2 1 1 0 0 1 0 0 0 1626 496 2 26 18 5 2 2 1 3 1 1 0
808 299 0 10 3 1 1 1 0 1 0 0 0 1638 506 2 27 18 5 3 2 1 3 1 1 0
837 318 0 10 3 1 1 1 0 1 0 0 0 1643 516 2 27 18 5 3 2 1 3 1 1 0
864 334 0 11 3 1 1 1 0 1 0 0 0 1703 529 2 29 19 5 3 2 1 4 1 1 0
892 351 0 11 3 1 1 1 0 1 0 0 0 1720 546 2 29 19 5 3 2 1 4 1 1 0
907 359 0 12 3 1 1 1 0 1 0 0 0 1823 556 2 29 19 5 3 2 1 4 1 1 0
950 381 0 13 3 2 1 1 0 1 0 0 0 1855 564 2 31 19 5 3 2 1 4 1 1 0
1011 393 0 13 3 2 1 1 0 1 0 0 0 1880 590 2 34 19 5 3 2 1 4 1 1 0
1027 402 0 14 3 2 1 1 0 1 0 0 0 2046 611 2 34 19 5 3 3 1 4 1 1 0
1040 422 0 15 4 2 1 1 0 1 0 0 0 2075 617 2 34 19 5 3 3 1 4 1 1 0
1206 436 0 16 4 2 2 1 0 2 0 0 0 2164 629 2 34 21 5 3 3 1 4 1 1 0
1213 453 0 16 4 2 2 1 0 2 0 0 0 2187 642 2 35 21 5 3 3 1 4 1 1 0
1295 477 0 17 4 2 2 1 0 2 0 0 0 2193 649 2 36 21 5 3 3 1 4 1 1 0
1309 487 0 18 5 2 2 1 0 2 0 0 0 2229 668 2 37 21 5 3 3 1 4 1 1 0
1364 504 0 18 5 2 2 1 0 2 0 0 0 2322 699 2 38 21 5 4 3 1 4 1 1 0
1449 522 0 18 5 3 2 1 0 2 0 0 0 2385 717 2 39 22 5 4 3 1 4 1 1 0
1457 545 0 19 6 3 2 1 0 2 0 0 0 2413 735 2 40 22 6 4 3 1 4 1 1 0
1462 550 0 20 6 3 2 1 0 2 0 0 0 2459 767 2 41 22 6 5 3 1 4 1 1 0
1468 567 0 20 6 3 2 1 0 2 0 0 0 2592 804 2 42 24 6 5 3 1 5 1 1 0
1516 589 0 20 6 3 2 1 0 2 0 0 0 2639 848 2 43 24 7 5 3 1 5 1 1 0
1522 603 0 20 6 3 2 1 0 2 0 0 0 2705 866 2 43 24 7 5 3 1 6 1 1 0
1611 616 0 22 6 3 2 1 0 2 0 0 0 2814 894 2 44 24 7 5 3 1 6 1 1 0
