# scores for worst/random/best/smart move selector strategies. 
# scores are 50% and 95% quantiles (based on 40 games) of: 
# game score, #destroyed, #unlocked, #stripes, #bombs, #zappers
9 9 0 0 0 0 0 0 0 0 0 0 0 38 31 0 0 0 0 0 0 0 0 0 0 0
28 24 0 0 0 0 0 0 0 0 0 0 0 135 61 0 1 1 0 0 0 0 0 0 0 0
57 35 0 0 0 0 0 0 0 0 0 0 0 216 98 0 2 2 1 0 0 0 1 0 0 0
119 63 0 1 0 0 0 0 0 0 0 0 0 319 126 0 2 2 1 1 1 0 1 0 0 0
193 87 0 1 1 1 0 0 0 1 0 0 0 401 154 0 4 3 2 1 1 0 1 0 0 0
241 109 0 2 1 1 0 0 0 1 0 0 0 641 201 2 13 3 3 1 1 0 2 0 0 0
314 136 0 3 1 1 0 0 0 1 0 0 0 732 227 2 19 3 3 1 1 0 2 1 0 0
373 159 0 4 1 1 0 0 0 1 0 0 0 759 259 2 19 4 3 1 1 1 3 1 0 0
442 178 0 4 2 1 0 0 0 1 0 0 0 1017 293 2 22 7 3 1 1 1 3 1 0 0
483 214 0 4 2 1 0 0 0 1 0 0 0 1035 310 2 22 7 4 2 1 1 3 1 0 0
554 232 0 6 2 1 0 0 0 1 0 0 0 1172 361 2 22 7 4 2 2 1 4 1 0 0
660 264 0 6 2 2 0 0 0 1 0 0 0 1255 394 2 27 7 4 2 2 1 4 1 0 0
744 298 0 8 3 2 0 0 0 2 0 0 0 1335 435 2 27 14 5 2 2 1 4 1 0 0
821 322 0 9 3 2 0 0 0 2 0 0 0 1416 446 2 27 14 5 2 2 1 5 1 0 0
890 344 0 10 3 2 0 0 0 2 0 0 0 1554 475 2 29 16 6 2 2 1 5 1 0 0
959 367 0 11 3 3 0 0 0 2 0 0 0 1634 488 2 29 16 6 2 2 1 5 1 0 0
1044 388 0 12 4 3 1 0 0 2 0 0 0 2016 518 2 30 20 6 2 2 1 5 1 1 0
1094 404 0 12 4 3 1 1 0 2 0 0 0 2142 557 2 30 20 7 2 2 1 5 1 1 0
1115 419 0 12 4 3 1 1 0 2 0 0 0 2327 567 2 33 21 7 3 2 1 5 1 1 0
1200 447 0 14 4 3 1 1 0 2 0 0 0 2353 592 2 37 21 7 3 3 1 5 2 1 0
1223 472 0 14 4 3 1 1 0 3 0 0 0 2461 621 2 38 23 7 3 3 1 5 2 1 0
1298 486 0 15 5 4 1 1 0 3 0 0 0 2467 633 2 38 23 7 3 3 1 5 2 1 0
1363 502 0 16 5 4 1 1 0 3 0 0 0 2526 665 2 38 23 7 3 3 1 6 2 1 0
1435 536 0 17 5 4 1 1 0 3 0 0 0 2563 701 2 39 24 7 3 3 1 6 2 1 0
1471 562 0 18 6 4 1 1 0 3 0 0 0 2635 731 2 48 24 7 3 3 1 6 2 1 0
1556 571 0 23 6 4 1 1 0 3 0 0 0 2708 778 2 50 24 7 4 3 1 6 2 1 0
1581 613 0 23 6 5 1 1 0 4 0 0 0 2786 800 2 51 24 8 4 3 1 6 2 1 0
1625 623 0 23 6 5 1 1 0 4 0 0 0 2859 817 2 52 24 8 4 3 1 6 2 1 0
1781 634 0 26 6 5 1 1 0 4 1 0 0 2894 836 2 52 25 8 4 3 1 6 2 1 0
1808 649 0 27 7 5 1 1 0 4 1 0 0 2992 852 2 54 25 8 4 3 1 6 2 1 0
1923 678 0 28 7 5 1 1 0 4 1 0 0 3047 861 2 55 25 8 4 3 1 6 2 1 0
1983 707 0 29 7 6 1 1 0 4 1 0 0 3320 890 2 57 25 9 4 3 1 7 2 1 0
2063 746 0 30 7 6 2 1 0 4 1 0 0 3360 916 2 57 25 9 4 3 1 8 2 1 0
2120 766 0 33 8 6 2 1 0 5 1 0 0 3497 949 2 57 25 9 5 3 1 8 2 1 0
2223 781 0 33 8 6 2 1 0 5 1 0 0 3545 1010 2 57 26 10 5 3 1 8 2 1 0
2256 807 0 34 9 6 2 1 0 5 1 0 0 3679 1020 2 59 31 11 5 4 2 8 2 1 0
2360 825 0 34 10 6 2 1 0 5 1 0 0 4058 1055 2 63 32 11 5 4 2 8 2 1 0
2441 847 0 35 11 7 2 1 0 5 1 0 0 4069 1069 2 69 32 11 5 4 2 8 3 1 0
2523 873 0 35 11 7 2 2 0 5 1 0 0 4150 1102 2 72 33 12 5 4 2 8 3 1 0
2588 898 0 38 11 7 2 2 0 5 1 0 0 4216 1146 2 74 33 12 6 4 2 8 3 1 0
2654 910 0 38 11 7 2 2 0 5 1 0 0 4225 1182 2 75 33 12 6 4 2 9 3 1 0
