# scores for worst/random/best/smart move selector strategies. 
# scores are 50% and 95% quantiles (based on 40 games) of: 
# game score, #destroyed, #unlocked, #stripes, #bombs, #zappers
16 16 0 0 0 0 0 0 0 0 0 0 0 480 172 0 6 4 0 0 0 0 0 0 0 0
97 55 0 1 1 0 0 0 0 0 0 0 0 1344 325 3 25 10 3 0 0 0 1 1 0 0
429 139 0 6 3 0 0 0 0 0 0 0 0 2072 577 6 33 22 6 1 1 0 1 1 0 0
670 197 1 9 4 1 0 0 0 0 0 0 0 2726 698 7 36 25 9 1 1 1 1 1 1 0
1024 291 1 13 6 1 0 0 0 0 0 0 0 2950 772 9 38 31 9 1 2 1 2 1 1 0
1275 375 1 15 10 2 0 0 0 0 0 0 0 3894 1005 9 44 38 12 1 2 2 2 1 1 1
1672 457 1 17 11 3 0 0 0 1 0 0 0 4567 1123 9 47 41 14 1 2 2 2 1 1 1
1946 520 1 19 14 3 0 0 0 1 0 0 0 5493 1319 9 50 54 17 1 2 2 3 1 1 1
2231 674 1 23 17 6 0 0 0 2 0 0 0 6051 1475 9 55 56 19 1 2 2 4 2 1 1
2672 759 1 28 20 6 0 0 0 2 0 0 0 6564 1641 9 65 72 22 2 2 2 4 2 2 1
2804 846 1 35 22 7 0 1 0 2 0 0 0 6681 1687 9 66 77 23 2 2 2 4 2 2 1
3198 902 1 39 28 7 0 1 0 2 1 0 0 7445 1759 9 69 84 24 2 2 3 4 2 2 1
3566 1040 1 43 34 8 1 1 0 2 1 0 0 7562 1897 9 83 84 24 2 2 3 5 2 2 1
4501 1186 1 44 41 9 1 1 0 2 1 1 0 7912 2046 9 83 86 25 3 3 3 5 2 2 1
4867 1314 1 45 46 12 1 1 1 2 1 1 0 8387 2104 9 85 94 26 3 3 3 5 2 2 2
5028 1406 1 47 48 13 1 1 1 3 1 1 0 8422 2128 9 91 94 26 3 3 3 5 3 2 2
5382 1517 1 50 51 14 1 1 1 3 1 1 0 8871 2262 9 97 97 27 3 3 3 6 3 2 2
5576 1528 1 53 54 15 1 1 1 3 1 1 1 9156 2347 9 98 100 28 3 3 3 6 3 2 2
6181 1630 1 55 56 16 1 1 1 4 1 1 1 9585 2487 9 98 109 29 3 3 3 7 3 3 2
6378 1683 1 58 59 16 1 1 1 4 1 1 1 9877 2546 9 106 112 29 3 3 3 7 3 3 2
6589 1714 1 61 66 17 1 1 1 4 1 1 1 10286 2667 9 106 113 31 4 3 3 7 3 3 2
7115 1828 1 63 67 18 1 1 1 4 1 1 1 10709 2808 9 108 118 31 4 3 3 7 3 3 2
7490 1978 1 65 67 21 1 1 1 4 1 1 1 10942 2838 9 115 125 32 4 3 3 8 3 3 2
8225 2072 1 71 68 21 1 2 1 4 1 1 1 11318 3017 9 123 132 32 4 3 3 8 3 4 2
8781 2182 1 76 72 23 1 2 1 5 1 1 1 12112 3053 9 134 140 34 4 4 3 8 3 4 2
9092 2425 1 80 77 24 1 2 1 5 1 2 1 12408 3167 9 143 148 35 4 4 3 9 4 4 2
9151 2464 1 82 80 24 1 2 1 5 1 2 1 13174 3258 9 144 148 36 4 4 3 9 4 4 2
9819 2521 1 87 87 26 1 2 1 5 1 2 1 13674 3340 9 145 148 37 4 4 4 9 4 4 2
10577 2628 1 94 91 28 2 2 1 6 1 2 1 13697 3360 9 146 148 37 4 4 4 9 4 4 2
10985 2726 1 95 100 29 2 2 1 6 2 2 1 13746 3413 9 149 149 40 4 4 4 10 4 4 3
11217 2765 1 98 106 29 2 2 1 6 2 2 1 14037 3543 9 152 158 43 5 4 4 10 4 4 3
11471 2910 1 106 113 30 2 2 1 6 2 2 1 15497 3907 9 159 163 49 5 5 4 10 4 4 3
11623 2988 1 109 117 31 2 2 1 6 2 2 1 15993 4165 9 162 164 51 5 5 5 11 4 4 3
12052 3122 1 110 117 31 2 2 1 7 2 2 1 17509 4636 9 183 175 56 5 5 5 11 4 4 3
12386 3276 1 111 120 32 2 2 1 8 2 2 1 18135 4849 9 185 178 57 5 5 5 12 4 4 3
12423 3327 1 112 120 32 2 2 1 8 2 2 1 18918 4912 9 191 185 58 5 5 5 12 4 4 3
13124 3402 1 119 123 33 2 2 1 8 2 2 1 19491 5025 9 194 197 61 5 5 5 12 4 4 3
13493 3461 1 125 124 35 2 3 2 8 2 2 1 20046 5089 9 195 199 62 5 5 5 12 4 4 3
13592 3495 1 127 126 35 2 3 2 8 2 2 1 20247 5145 9 202 201 62 5 5 5 13 5 4 3
13825 3661 1 131 127 36 2 3 2 9 2 2 1 20652 5193 9 203 209 63 5 5 5 13 5 5 3
13905 3720 1 133 132 37 2 3 2 9 2 3 1 21173 5264 9 205 211 63 5 5 5 13 5 5 3
