# scores for worst/random/best/smart move selector strategies. 
# scores are 50% and 95% quantiles (based on 40 games) of: 
# game score, #destroyed, #unlocked, #stripes, #bombs, #zappers
16 16 0 0 0 0 0 0 0 0 0 0 0 480 172 0 6 4 0 0 0 0 0 0 0 0
38 32 0 0 0 0 0 0 0 0 0 0 0 499 178 1 6 4 0 0 0 0 0 0 0 0
101 48 0 1 0 0 0 0 0 0 0 0 0 1031 328 1 11 7 2 0 0 0 0 0 0 0
117 62 0 1 0 0 0 0 0 0 0 0 0 1290 429 2 13 8 3 0 0 0 0 0 0 0
125 77 0 1 0 0 0 0 0 0 0 0 0 1776 532 2 20 15 4 0 0 0 0 0 0 0
206 99 0 2 1 0 0 0 0 0 0 0 0 2233 632 2 21 18 5 0 0 0 1 0 0 0
315 149 0 4 2 0 0 0 0 0 0 0 0 2297 654 3 23 18 5 0 0 0 1 0 0 0
814 244 0 8 5 0 0 0 0 0 0 0 0 2333 683 4 24 22 5 0 0 0 1 0 0 0
976 304 0 9 7 1 0 0 0 0 0 0 0 2477 772 4 26 23 5 0 0 0 1 0 0 0
1055 352 0 12 8 1 0 0 0 0 0 0 0 2485 794 4 27 23 7 0 0 0 1 0 0 0
1228 408 1 12 10 1 0 0 0 0 0 0 0 2595 814 4 28 24 7 1 0 0 1 0 0 0
1299 451 1 13 10 1 0 0 0 0 0 0 0 3389 950 4 31 30 9 1 0 0 2 0 1 0
1628 506 1 16 11 2 0 0 0 0 0 0 0 3517 964 4 32 40 10 1 0 0 2 0 1 0
1722 512 1 16 12 3 0 0 0 0 0 0 0 3760 1105 4 35 44 10 1 0 0 2 0 1 0
1820 589 1 18 13 3 0 0 0 0 0 0 0 4625 1417 4 39 45 13 1 0 0 2 0 1 0
1956 642 1 18 14 4 0 0 0 0 0 0 0 4779 1427 4 39 45 16 1 0 0 2 0 1 0
1959 663 1 19 15 4 0 0 0 1 0 0 0 5093 1544 4 40 45 17 1 0 0 2 0 1 0
2025 669 1 22 15 4 0 0 0 1 0 0 0 5151 1591 4 40 45 17 1 0 0 2 0 1 0
2243 743 1 23 16 5 0 0 0 1 0 0 0 5453 1753 4 40 46 20 1 0 0 2 0 1 0
2465 834 1 24 18 5 0 0 0 1 0 0 0 5735 1898 4 42 47 20 1 0 0 2 0 1 0
2573 882 1 24 19 6 0 0 0 1 0 0 0 5970 1968 4 43 48 21 1 0 0 2 0 1 0
2752 923 1 25 20 6 0 0 0 1 0 0 0 6196 2051 4 48 49 21 1 0 0 2 0 1 0
2938 979 1 26 21 7 0 0 0 1 0 0 0 6201 2055 4 48 49 21 1 0 0 2 0 1 0
2957 997 1 28 22 7 0 0 0 1 0 0 0 6214 2068 4 51 52 23 1 0 0 3 0 1 0
3529 1141 1 34 25 9 0 0 0 1 0 0 0 6223 2078 4 59 52 23 1 0 0 3 1 1 0
3650 1152 1 37 25 9 0 0 0 1 0 0 0 6231 2086 4 59 52 23 1 0 0 3 1 1 0
3687 1177 1 38 27 9 0 0 0 1 0 0 0 6621 2164 4 64 55 23 1 0 0 4 1 1 0
3846 1260 1 38 27 9 0 0 0 1 0 0 0 6717 2201 4 65 55 23 1 1 0 4 1 1 0
3963 1316 1 39 27 9 0 0 0 1 0 0 0 7891 2541 4 66 65 31 1 1 0 4 1 1 0
3978 1335 1 40 27 10 0 0 0 1 0 0 0 7912 2554 4 68 65 31 1 1 0 4 1 1 0
4027 1358 1 41 29 10 0 0 0 1 0 0 0 7932 2566 4 68 65 31 1 1 0 4 1 1 0
4203 1404 1 41 29 11 0 0 0 1 0 0 0 7935 2569 4 69 66 31 1 1 0 4 1 1 0
4310 1447 1 42 32 11 0 0 0 1 0 0 0 8312 2656 4 74 70 32 1 1 0 4 1 1 1
4427 1491 1 42 33 11 0 0 0 1 0 0 0 8406 2659 4 74 71 32 1 1 0 4 1 1 1
4441 1507 1 42 34 11 0 0 0 1 0 0 0 8741 2768 4 74 75 33 1 1 0 4 1 1 1
4756 1573 1 44 35 12 0 0 0 2 0 0 0 8881 2795 4 75 76 33 1 1 0 5 1 1 1
4970 1640 1 47 35 12 0 0 0 2 0 0 0 8934 2833 4 75 77 33 1 1 0 5 1 1 1
4993 1659 1 47 36 13 0 0 0 2 0 0 0 9330 3037 4 76 77 33 1 1 0 5 1 1 1
5007 1686 1 48 36 13 0 0 0 2 0 0 0 9443 3105 4 80 79 35 1 1 0 5 1 1 1
5082 1707 1 48 37 13 0 0 0 2 0 0 0 9479 3128 4 83 79 35 1 1 0 5 1 1 1
5403 1803 1 49 38 13 0 0 0 2 0 0 0 9569 3166 4 83 80 35 1 1 0 5 1 1 1
