# scores for worst/random/best/smart move selector strategies. 
# scores are 50% and 95% quantiles (based on 40 games) of: 
# game score, #destroyed, #unlocked, #stripes, #bombs, #zappers
16 16 0 0 0 0 0 0 0 0 0 0 0 480 172 0 6 4 0 0 0 0 0 0 0 0
118 44 0 1 0 0 0 0 0 0 0 0 0 1197 321 4 25 8 3 0 0 0 1 1 0 0
542 167 1 7 3 1 0 0 0 0 0 0 0 1989 524 5 32 16 6 1 1 1 1 1 0 0
893 263 2 11 6 1 0 0 0 0 0 0 0 2450 648 7 35 22 7 1 2 1 1 1 0 0
1361 348 2 15 8 2 0 0 0 1 0 0 0 3316 911 7 39 37 10 1 2 1 2 1 1 0
1912 464 2 20 14 3 0 0 0 1 0 0 0 4165 1248 8 49 46 12 1 2 1 3 1 1 0
2599 705 2 26 19 5 0 1 0 1 0 0 0 5216 1521 8 61 58 17 1 2 1 3 1 1 0
2794 792 2 33 25 6 0 1 0 1 0 0 0 5576 1611 8 67 63 19 1 2 2 4 2 2 1
3181 877 2 37 32 7 0 1 0 2 0 0 0 5842 1672 8 75 64 20 1 2 2 4 2 2 1
3931 1014 2 43 36 9 0 1 0 2 0 0 0 6520 1795 8 85 72 21 2 2 2 5 2 2 1
4302 1141 2 50 42 10 0 1 0 2 1 0 0 7257 1916 8 89 83 23 2 3 2 5 2 2 1
4623 1218 2 51 45 11 0 1 0 2 1 0 0 8892 2282 8 92 84 25 2 3 2 6 2 2 1
5005 1343 2 58 48 11 0 1 0 2 1 1 0 9104 2422 8 94 90 28 2 3 2 6 2 2 1
5429 1459 2 63 58 12 0 1 1 3 1 1 0 9873 2642 8 95 104 33 2 3 2 6 2 2 1
5938 1592 2 65 62 13 0 1 1 3 1 1 0 11733 2900 8 101 110 40 2 3 2 7 2 3 1
6454 1702 2 68 67 15 0 1 1 3 1 1 0 12537 2965 8 116 113 41 2 3 2 7 2 3 1
6684 1824 2 71 71 16 0 1 1 4 1 1 0 12893 3221 8 121 115 42 2 3 2 8 2 3 1
7488 1909 2 76 76 19 0 1 1 4 1 1 0 13325 3410 8 131 122 44 2 4 2 8 3 3 1
7800 2029 2 85 81 20 0 1 1 4 2 1 0 13805 3508 8 137 127 45 2 4 2 8 3 3 1
8086 2111 2 87 82 21 0 1 1 5 2 1 0 14043 3857 8 142 136 47 2 4 3 8 3 3 1
8679 2214 2 91 87 22 0 1 1 5 2 1 0 15894 4310 8 147 143 52 2 4 3 9 3 4 1
9169 2290 2 94 93 22 1 1 1 5 2 2 0 16091 4382 8 150 169 53 2 4 3 9 3 4 1
9558 2483 2 96 98 24 1 1 1 5 2 2 0 16428 4478 8 158 169 54 2 4 3 10 4 4 1
10144 2681 2 102 104 26 1 2 1 5 2 2 0 16971 4597 8 164 171 55 2 4 3 10 4 4 1
10743 2795 2 106 105 28 1 2 1 5 2 2 0 17161 4666 8 166 171 55 2 4 3 11 4 4 1
11125 2880 2 111 108 28 1 2 1 5 2 2 0 17486 4790 8 166 171 57 2 4 3 11 4 4 1
11538 3053 2 120 111 30 1 2 1 6 2 2 0 18693 4913 8 179 172 59 2 4 3 11 4 4 1
12012 3130 2 125 116 32 1 2 1 6 2 2 0 19353 5117 8 186 177 62 2 4 3 12 4 4 2
12513 3354 2 130 122 34 1 2 1 6 2 2 0 19771 5250 8 187 185 63 3 5 3 12 4 4 2
13169 3538 2 136 124 36 1 2 2 7 2 2 0 20640 5370 8 193 192 66 3 5 4 13 4 5 2
13713 3605 2 143 129 38 1 2 2 7 3 2 0 22142 5695 8 201 212 71 3 5 4 13 5 6 2
14319 3758 2 145 139 39 1 2 2 7 3 2 0 23017 5903 8 205 224 75 3 5 4 13 5 6 2
14966 3921 2 148 145 40 1 2 2 8 3 3 0 23397 6055 8 210 225 76 3 5 4 13 5 6 2
15349 4137 2 152 157 40 1 2 2 8 3 3 0 23686 6183 8 219 227 77 3 5 4 14 5 6 2
15710 4239 2 163 161 40 1 2 2 8 3 3 0 23893 6273 8 221 227 78 3 5 4 14 5 6 2
16086 4358 2 163 166 42 1 2 2 8 3 3 0 24426 6392 8 233 231 79 3 5 4 14 5 6 2
16961 4465 2 171 167 43 1 3 2 9 3 3 0 24781 6461 8 236 232 80 3 5 4 14 5 6 2
17166 4546 2 175 173 44 1 3 2 9 3 3 0 25852 6520 8 237 246 80 3 5 4 15 6 6 2
17681 4598 2 176 173 44 1 3 2 10 3 4 1 26015 6776 8 238 248 84 3 5 5 15 6 6 2
18401 4621 2 178 185 47 1 3 2 10 3 4 1 26173 6827 8 245 253 85 3 6 5 15 6 6 2
18837 4801 2 184 188 49 1 3 2 11 3 4 1 27192 6910 8 250 261 87 3 6 5 16 6 7 2
