# scores for worst/random/best/smart move selector strategies. 
# scores are 50% and 95% quantiles (based on 40 games) of: 
# game score, #destroyed, #unlocked, #stripes, #bombs, #zappers
16 16 0 0 0 0 0 0 0 0 0 0 0 480 172 0 6 4 0 0 0 0 0 0 0 0
24 22 0 0 0 0 0 0 0 0 0 0 0 516 204 0 6 4 0 0 0 0 0 0 0 0
45 38 0 0 0 0 0 0 0 0 0 0 0 703 226 3 8 6 0 0 0 0 0 0 0 0
93 56 0 1 0 0 0 0 0 0 0 0 0 710 240 4 8 6 0 0 0 0 0 0 0 0
123 86 0 1 1 0 0 0 0 0 0 0 0 958 267 4 12 7 2 0 0 0 0 0 0 0
140 93 0 2 1 0 0 0 0 0 0 0 0 962 286 4 12 7 2 0 0 0 0 0 0 0
310 130 0 4 1 0 0 0 0 0 0 0 0 1083 345 4 12 8 2 0 0 0 0 0 0 0
499 178 0 5 4 0 0 0 0 0 0 0 0 1531 447 4 14 14 3 0 0 0 0 0 0 0
566 213 0 6 4 0 0 0 0 0 0 0 0 1548 478 4 14 14 3 0 0 0 0 0 0 0
599 220 0 6 4 0 0 0 0 0 0 0 0 1552 486 4 14 14 3 0 0 0 0 0 0 0
613 223 0 6 4 0 0 0 0 0 0 0 0 2212 661 4 19 17 4 0 0 0 0 0 0 0
664 255 0 6 5 0 0 0 0 0 0 0 0 2317 724 4 21 17 5 0 0 0 0 0 0 0
756 285 0 8 5 0 0 0 0 0 0 0 0 2401 737 4 21 19 5 0 0 0 0 0 0 0
819 303 0 10 5 0 0 0 0 0 0 0 0 2414 746 4 21 19 5 0 0 0 0 0 0 0
893 314 1 10 5 0 0 0 0 0 0 0 0 2418 749 4 21 19 5 0 0 0 0 0 0 0
933 321 1 10 6 0 0 0 0 0 0 0 0 2421 752 4 24 19 5 0 0 0 0 0 0 0
946 347 1 10 6 1 0 0 0 0 0 0 0 2434 761 4 24 19 5 0 0 0 0 0 0 0
1010 391 1 11 7 1 0 0 0 0 0 0 0 2440 772 4 25 19 5 0 0 0 0 0 0 0
1028 396 1 12 7 1 0 0 0 0 0 0 0 2473 780 4 25 19 5 0 0 0 0 0 0 0
1073 413 1 12 8 1 0 0 0 0 0 0 0 2564 852 4 27 19 5 0 0 0 0 0 0 0
1078 425 1 12 8 1 0 0 0 0 0 0 0 2569 858 4 27 19 5 0 0 0 0 0 0 0
1110 444 1 12 8 1 0 0 0 0 0 0 0 2574 863 4 27 21 5 0 0 0 0 0 0 0
1187 468 1 13 8 1 0 0 0 0 0 0 0 2578 867 4 27 22 5 0 0 0 0 0 0 0
1231 483 1 13 9 1 0 0 0 0 0 0 0 2653 894 4 27 22 5 0 0 0 0 0 0 0
1267 488 1 14 9 1 0 0 0 0 0 0 0 2667 924 4 27 22 5 0 0 0 0 0 0 0
1351 512 1 15 10 2 0 0 0 0 0 0 0 2962 957 4 28 26 7 0 0 0 0 0 0 0
1386 519 1 15 10 2 0 0 0 0 0 0 0 2970 970 4 28 26 7 0 0 0 0 0 0 0
1474 547 1 15 11 2 0 0 0 0 0 0 0 3154 1005 4 29 26 9 0 0 0 0 0 0 0
1614 624 1 15 12 3 0 0 0 0 0 0 0 3158 1009 4 29 26 9 0 0 0 0 0 0 0
1628 638 1 15 12 3 0 0 0 0 0 0 0 3195 1033 4 29 26 9 0 0 0 0 0 0 0
1713 675 1 16 12 3 0 0 0 0 0 0 0 3213 1055 4 29 26 9 0 0 0 0 0 0 0
1723 682 1 16 13 3 0 0 0 0 0 0 0 3234 1102 4 30 26 10 0 0 0 0 0 0 0
1916 719 1 17 14 3 0 0 0 0 0 0 0 3269 1105 4 30 27 10 0 0 0 0 0 0 0
2028 753 1 18 15 3 0 0 0 0 0 0 0 3279 1113 4 30 27 10 0 0 0 0 0 0 0
2157 793 1 18 16 3 0 0 0 0 0 0 0 3784 1266 4 31 30 11 0 0 0 0 0 0 0
2163 804 1 19 16 3 0 0 0 0 0 0 0 3801 1271 4 32 30 11 0 0 0 0 0 0 0
2314 839 1 20 17 3 0 0 0 0 0 0 0 4022 1350 4 38 32 11 0 0 0 0 0 0 0
2334 869 1 20 17 3 0 0 0 0 0 0 0 4075 1372 4 38 32 11 0 0 0 0 0 0 0
2367 908 1 20 17 3 0 0 0 0 0 0 0 4372 1493 4 40 35 13 0 0 0 0 0 0 0
2468 953 1 21 17 4 0 0 0 0 0 0 0 4436 1524 4 40 36 14 0 0 0 0 0 0 0
2569 1005 1 21 19 4 0 0 0 0 0 0 0 4803 1642 4 42 40 16 0 0 0 0 0 0 0
