# scores for worst/random/best/smart move selector strategies. 
# scores are 50% and 95% quantiles (based on 40 games) of: 
# game score, #destroyed, #unlocked, #stripes, #bombs, #zappers
13 13 0 0 0 0 0 0 0 0 0 0 0 126 58 0 1 1 0 0 0 0 0 0 0 0
28 28 0 0 0 0 0 0 0 0 0 0 0 633 154 5 3 5 1 0 0 0 1 0 0 0
130 62 0 1 0 0 0 0 0 0 0 0 0 799 264 6 5 6 1 1 0 1 1 0 0 0
386 155 1 3 2 1 0 0 0 0 0 0 0 1512 466 10 25 20 5 1 1 1 1 1 1 0
691 227 1 5 3 1 0 0 0 0 0 0 0 2715 626 10 28 32 7 1 1 1 2 1 1 1
1054 309 1 8 6 2 0 0 0 0 0 0 0 3083 690 10 29 34 9 1 1 1 2 1 1 1
1346 394 2 11 9 2 0 0 0 1 0 0 0 3575 804 10 46 39 10 1 1 1 3 1 1 1
1757 518 2 14 14 4 0 0 0 1 0 0 0 4549 1109 10 48 59 13 1 1 1 3 1 2 1
2258 593 2 17 20 5 0 1 0 1 0 0 0 5182 1243 10 59 65 14 1 1 1 3 2 2 1
2709 659 2 19 25 6 0 1 0 2 0 0 0 5333 1353 10 60 66 16 1 1 2 3 2 2 1
3132 789 2 27 31 7 0 1 0 2 0 1 0 6307 1432 10 64 93 17 1 2 2 4 2 3 1
3564 918 2 29 35 9 1 1 1 2 0 1 0 6804 1583 10 64 93 20 2 2 2 4 2 3 1
3991 982 2 37 38 10 1 1 1 2 0 1 0 7001 1622 10 65 94 21 2 2 2 4 2 3 1
4537 1192 2 44 42 11 1 1 1 3 1 1 0 7253 1893 10 67 95 22 2 2 2 5 2 3 2
4746 1253 2 47 44 13 1 1 1 3 1 1 0 7505 1947 10 78 99 22 2 3 2 5 2 3 2
5159 1358 2 50 45 13 1 1 1 3 1 1 0 8579 2084 10 78 113 25 2 3 2 5 2 3 2
5463 1442 2 53 50 15 1 1 1 3 1 1 0 9058 2239 10 82 117 27 2 3 2 6 2 3 2
5822 1538 2 55 52 16 1 1 1 3 1 1 0 9466 2352 10 85 117 29 2 3 2 6 2 3 2
6554 1677 2 57 56 16 1 1 1 4 1 1 0 10018 2511 10 87 119 30 3 3 2 6 2 4 2
7007 1754 2 57 61 17 1 2 1 4 1 1 0 10678 2562 10 103 122 31 3 3 2 6 3 4 2
7285 1880 2 60 67 18 1 2 1 4 1 1 0 10914 2622 10 109 124 32 3 3 2 7 3 4 2
7635 1942 2 67 71 18 1 2 1 4 1 1 0 11868 2832 10 110 127 34 3 3 2 7 3 4 2
8103 2016 2 70 75 21 1 2 1 5 1 1 0 11928 2967 10 118 128 36 3 3 2 7 3 4 2
8411 2208 2 75 78 23 1 2 1 5 1 2 0 12271 3023 10 121 137 36 3 3 3 8 3 4 2
8992 2280 2 81 85 24 1 2 1 5 1 2 0 12892 3091 10 126 141 37 3 4 3 8 3 4 2
9300 2372 2 82 90 24 1 2 1 5 1 2 1 13708 3186 10 130 147 39 3 4 3 9 3 4 2
9712 2575 2 86 91 25 1 2 1 5 2 2 1 13879 3282 10 130 149 41 3 4 3 9 3 4 2
9746 2613 2 87 92 26 1 2 1 5 2 2 1 14263 3369 10 146 150 42 3 4 3 10 3 4 2
9906 2685 2 92 94 27 1 2 2 5 2 2 1 15316 3796 10 159 162 47 3 4 3 10 4 4 2
10461 2778 2 97 99 29 1 2 2 6 2 2 1 16357 4083 10 163 171 52 3 4 3 10 4 4 2
10771 2816 2 97 105 30 1 2 2 6 2 2 1 16607 4157 10 164 178 57 3 5 3 11 4 4 2
11390 2927 2 106 106 30 1 2 2 7 2 2 1 16660 4193 10 165 179 58 3 5 3 11 4 4 2
11748 3064 2 107 116 31 1 2 2 7 2 2 1 16766 4213 10 166 181 58 3 5 4 11 4 4 2
12302 3181 2 109 120 31 1 3 2 7 2 2 1 17132 4250 10 171 190 60 3 5 4 11 4 5 2
12831 3258 2 113 124 33 1 3 2 7 2 2 1 17586 4387 10 174 191 61 3 5 4 12 4 5 2
13138 3409 2 117 128 34 1 3 2 7 2 2 1 17796 4598 10 182 191 63 3 5 4 12 4 5 2
13265 3446 2 123 130 35 1 3 2 7 2 2 1 18622 4794 10 188 192 64 3 5 4 13 4 5 2
13270 3508 2 125 131 36 1 3 2 8 2 2 1 19039 4924 10 189 196 65 3 5 4 14 4 5 3
13288 3589 2 125 135 36 2 3 2 8 2 2 1 20111 5022 10 194 200 67 3 5 4 14 4 5 3
13675 3695 2 129 137 36 2 3 2 8 2 3 1 21077 5196 10 196 209 68 3 5 4 14 4 5 3
14175 3741 2 129 140 39 2 3 2 9 2 3 1 21213 5208 10 198 211 68 3 6 4 14 4 5 3
