# scores for worst/random/best/smart move selector strategies. 
# scores are 50% and 95% quantiles (based on 40 games) of: 
# game score, #destroyed, #unlocked, #stripes, #bombs, #zappers
13 13 0 0 0 0 0 0 0 0 0 0 0 126 58 0 1 1 0 0 0 0 0 0 0 0
27 27 0 0 0 0 0 0 0 0 0 0 0 324 132 1 3 2 0 0 0 0 0 0 0 0
53 49 0 0 0 0 0 0 0 0 0 0 0 689 247 1 5 6 1 0 0 0 0 0 0 0
105 67 0 1 0 0 0 0 0 0 0 0 0 714 272 3 5 6 1 0 0 0 0 0 0 0
155 92 0 1 1 0 0 0 0 0 0 0 0 1943 648 4 15 17 6 0 0 0 0 0 0 0
230 125 0 2 1 0 0 0 0 0 0 0 0 2001 666 4 16 17 6 0 0 0 0 0 0 0
304 167 0 3 2 0 0 0 0 0 0 0 0 2004 669 4 16 17 6 0 0 0 1 0 0 0
330 176 0 3 2 0 0 0 0 0 0 0 0 2687 873 4 20 24 9 0 0 0 1 0 0 0
419 190 1 4 3 0 0 0 0 0 0 0 0 3135 1006 4 21 25 12 0 0 0 1 0 0 0
558 258 1 5 4 0 0 0 0 0 0 0 0 3140 1047 4 21 28 12 0 0 0 1 0 0 0
681 294 1 6 6 0 0 0 0 0 0 0 0 3149 1056 4 21 31 12 0 1 0 1 0 0 0
841 326 1 7 7 1 0 0 0 0 0 0 0 3419 1141 5 22 32 14 0 1 0 1 0 0 0
941 387 1 8 8 1 0 0 0 0 0 0 0 4272 1404 5 33 38 16 0 1 0 1 0 0 0
1079 429 1 9 8 2 0 0 0 0 0 0 0 4547 1417 5 33 42 17 0 1 0 1 0 0 0
1245 480 1 9 9 2 0 0 0 0 0 0 0 4555 1422 5 33 42 17 0 1 0 2 0 0 0
1251 501 1 10 9 2 0 0 0 0 0 0 0 4603 1462 5 33 42 17 0 1 0 2 0 0 0
1466 563 1 11 11 3 0 0 0 0 0 0 0 4719 1534 5 36 42 18 0 1 0 2 0 0 0
1643 620 1 13 13 4 0 0 0 0 0 0 0 4809 1571 5 36 43 19 0 1 0 3 0 0 0
1788 678 1 14 14 4 0 0 0 0 0 0 0 4818 1580 5 39 43 19 0 1 0 3 0 0 0
1973 714 1 15 17 4 0 0 0 0 0 0 0 4828 1590 5 41 43 19 0 1 0 3 0 0 0
1996 729 1 16 18 4 0 0 0 0 0 0 0 5780 1834 5 45 50 22 0 1 0 3 0 0 1
2127 786 1 19 18 4 0 0 0 0 0 0 0 5830 1856 5 45 51 23 0 1 0 3 0 0 1
2286 845 1 20 20 4 0 0 0 0 0 0 0 5885 1884 5 45 51 23 0 1 0 3 0 0 1
2310 856 1 21 20 4 0 0 0 0 0 0 0 6053 1938 5 45 52 23 0 1 0 3 0 0 1
2569 956 1 22 20 5 0 0 0 0 0 0 0 6241 1954 5 46 54 23 0 1 0 3 0 0 1
2738 1003 1 22 21 5 0 0 0 0 0 0 0 6637 2061 5 47 57 24 0 1 1 3 0 0 1
2795 1040 1 22 22 5 0 0 0 1 0 0 0 6805 2152 5 48 57 24 0 1 1 3 0 0 1
2912 1099 1 26 25 6 0 0 0 1 0 0 0 7066 2246 5 48 59 25 0 1 1 3 0 0 1
3014 1112 1 27 25 6 0 0 0 1 0 0 0 7076 2252 5 52 59 25 0 1 1 4 0 0 1
3394 1181 1 29 26 8 0 0 0 1 0 0 0 7708 2423 5 60 60 27 0 1 1 4 1 0 1
3483 1240 1 32 27 9 0 0 0 1 0 0 0 7750 2454 5 66 60 27 0 1 1 4 1 0 1
3762 1303 1 33 29 10 0 0 0 1 0 0 0 7754 2458 5 66 60 27 0 1 1 4 1 0 1
3909 1369 1 34 32 11 0 0 0 1 0 0 0 8134 2569 5 67 62 29 0 1 1 4 1 0 1
4179 1474 1 36 32 11 0 0 0 1 0 0 0 8270 2627 5 67 65 29 0 1 1 4 1 0 1
4382 1570 1 36 34 12 0 0 0 1 0 0 0 8639 2740 5 69 68 30 0 1 1 4 1 0 1
4661 1632 1 39 37 12 0 0 0 1 0 0 0 8726 2786 5 70 69 30 0 1 1 4 1 1 1
5016 1746 1 40 38 12 0 0 0 1 0 0 0 8733 2794 5 70 69 30 0 1 1 4 1 1 1
5099 1755 1 41 39 12 0 0 0 1 0 0 0 9184 2959 5 75 73 31 0 1 1 4 1 1 1
5226 1832 1 44 40 13 0 0 0 1 0 0 0 9664 3030 5 82 81 33 0 1 1 4 1 1 1
5236 1849 1 44 40 14 0 0 0 1 0 0 0 9714 3062 5 84 83 33 0 1 1 5 1 1 1
5326 1862 1 44 41 14 0 0 0 1 0 0 0 9744 3081 5 84 83 33 0 1 1 5 1 1 1
