# scores for worst/random/best/smart move selector strategies. 
# scores are 50% and 95% quantiles (based on 40 games) of: 
# game score, #destroyed, #unlocked, #stripes, #bombs, #zappers
13 13 0 0 0 0 0 0 0 0 0 0 0 126 58 0 1 1 0 0 0 0 0 0 0 0
74 49 0 0 0 0 0 0 0 0 0 0 0 900 298 5 8 8 1 0 0 0 1 0 0 0
225 107 0 2 1 0 0 0 0 0 0 0 0 1514 451 6 11 20 4 1 1 0 1 0 1 0
558 178 1 4 3 1 0 0 0 0 0 0 0 2605 679 10 22 29 8 1 1 1 1 1 1 0
822 269 1 7 6 1 0 0 0 0 0 0 0 2789 741 10 25 37 9 1 1 1 2 1 1 0
1327 372 2 10 8 2 0 0 0 1 0 0 0 3225 809 10 31 41 11 1 1 1 3 1 1 1
1532 493 2 12 10 4 0 0 0 1 0 0 0 4519 995 10 45 57 12 1 1 1 4 1 2 1
2013 582 2 15 20 6 0 0 0 1 0 0 0 5238 1221 10 46 67 16 1 1 1 4 1 2 1
2628 708 2 19 24 6 0 0 0 2 0 0 0 6017 1344 10 58 71 19 1 1 1 4 2 2 1
3048 787 2 22 26 8 0 0 0 2 0 0 0 6700 1522 10 65 76 20 1 2 1 4 2 2 1
3572 928 2 31 31 10 0 0 0 2 0 0 0 7995 1833 10 66 96 22 1 2 1 5 2 3 1
4145 1117 2 36 37 11 0 1 0 2 0 1 0 8394 2054 10 77 99 25 1 2 1 5 2 3 1
4524 1281 2 38 41 12 0 1 0 3 1 1 0 8908 2178 10 88 102 27 2 2 2 5 2 3 1
5225 1332 2 43 57 14 0 1 0 3 1 1 0 9522 2293 10 89 108 30 2 2 2 6 2 3 1
5540 1547 2 47 59 16 0 1 0 3 1 1 0 10489 2525 10 98 118 35 2 2 2 6 2 3 1
5921 1658 2 52 59 18 0 1 0 4 1 1 0 10912 2696 10 109 118 36 2 2 2 6 3 4 1
6246 1770 2 55 62 18 0 1 0 4 1 1 0 11288 2766 10 115 123 36 2 3 2 7 3 4 1
6773 1913 2 60 65 20 0 1 0 4 1 1 0 11746 2844 10 117 142 37 2 3 2 7 3 4 1
7198 2020 2 68 71 22 0 1 0 4 1 2 0 11906 2936 10 119 144 39 2 3 2 8 3 4 1
7495 2174 2 71 77 23 0 1 0 4 1 2 0 13212 3233 10 120 149 43 2 3 2 9 3 4 1
8321 2260 2 77 94 23 1 1 0 4 1 2 0 13908 3372 10 129 152 44 2 4 2 9 3 5 1
8967 2359 2 87 98 25 1 1 1 5 1 2 0 13976 3578 10 129 153 45 2 4 2 9 3 5 2
9776 2436 2 97 101 25 1 1 1 5 2 2 0 14578 3693 10 134 158 45 2 4 2 9 4 5 2
10847 2521 2 97 104 26 1 1 1 5 2 2 0 14822 3821 10 137 159 47 2 4 2 9 4 5 2
11482 2633 2 101 112 28 1 1 1 6 2 2 0 14906 3900 10 140 164 48 2 4 2 10 4 5 2
11749 2821 2 110 115 30 1 2 1 6 2 2 0 15130 3977 10 154 166 49 2 4 2 10 4 5 2
11971 2906 2 116 124 30 1 2 1 6 2 3 0 16510 4203 10 157 177 52 2 4 2 10 4 5 2
12538 3013 2 118 126 31 1 2 1 6 2 3 0 16702 4279 10 158 178 53 2 4 2 10 4 5 2
13210 3186 2 121 127 32 1 2 1 7 2 3 0 16989 4402 10 161 185 54 2 5 2 11 4 5 2
13424 3290 2 125 131 34 1 2 1 7 2 3 0 17301 4508 10 167 189 55 2 5 2 11 4 6 2
14051 3353 2 130 134 34 1 2 1 7 2 3 0 17595 4550 10 192 193 56 2 5 2 11 5 6 2
14485 3510 2 134 136 35 1 2 1 8 2 3 0 17992 4678 10 193 196 57 3 5 2 12 5 6 2
14893 3588 2 138 143 35 1 2 1 8 3 3 0 19213 4781 10 195 209 58 3 5 3 12 5 6 2
15265 3685 2 142 154 37 1 2 1 8 3 3 0 19606 4973 10 200 211 60 3 5 3 13 5 6 2
15812 3859 2 144 154 39 1 2 1 8 3 3 0 20225 5051 10 216 220 62 3 5 3 13 6 6 2
15974 3984 2 151 163 41 1 2 1 8 3 3 0 20906 5096 10 219 231 63 3 5 3 13 6 7 2
16532 4086 2 155 165 42 1 2 1 9 3 3 1 21936 5424 10 222 243 69 3 5 3 14 6 7 2
16846 4153 2 156 173 43 1 2 1 9 3 4 1 22110 5477 10 223 246 69 3 5 3 14 6 7 2
17581 4324 2 162 180 45 1 3 2 9 3 4 1 22727 5571 10 225 255 69 3 5 3 14 6 7 2
17868 4487 2 169 182 45 1 3 2 9 3 4 1 23558 5786 10 228 260 70 3 5 3 14 6 7 2
18263 4536 2 172 190 47 1 3 2 9 3 4 1 23767 5917 10 231 266 71 3 5 3 14 6 7 2
