# scores for worst/random/best/smart move selector strategies. 
# scores are 50% and 95% quantiles (based on 40 games) of: 
# game score, #destroyed, #unlocked, #stripes, #bombs, #zappers
13 13 0 0 0 0 0 0 0 0 0 0 0 126 58 0 1 1 0 0 0 0 0 0 0 0
22 22 0 0 0 0 0 0 0 0 0 0 0 202 92 1 2 2 0 0 0 0 0 0 0 0
34 33 0 0 0 0 0 0 0 0 0 0 0 564 198 1 2 5 1 0 0 0 0 0 0 0
69 46 0 0 0 0 0 0 0 0 0 0 0 981 315 2 6 9 1 0 0 0 0 0 0 0
105 65 0 0 0 0 0 0 0 0 0 0 0 986 320 2 8 9 1 0 0 0 0 0 0 0
116 73 0 0 1 0 0 0 0 0 0 0 0 989 323 2 8 9 1 0 0 0 0 0 0 0
141 94 0 1 1 0 0 0 0 0 0 0 0 996 331 2 9 9 1 0 0 0 0 0 0 0
186 109 0 1 1 0 0 0 0 0 0 0 0 1002 336 2 9 9 1 0 0 0 0 0 0 0
230 130 0 2 2 0 0 0 0 0 0 0 0 1299 466 3 10 11 4 0 0 0 0 0 0 0
241 146 0 2 2 0 0 0 0 0 0 0 0 1304 492 3 11 11 4 0 0 0 0 0 0 0
361 161 0 3 2 0 0 0 0 0 0 0 0 1447 539 3 12 12 4 0 0 0 0 0 0 0
391 177 1 3 2 0 0 0 0 0 0 0 0 1546 572 3 15 12 4 0 0 0 0 0 0 0
449 227 1 3 3 0 0 0 0 0 0 0 0 1610 616 3 17 14 4 0 0 0 0 0 0 0
506 245 1 4 3 0 0 0 0 0 0 0 0 1639 620 3 17 14 4 0 0 0 0 0 0 0
603 272 1 5 4 0 0 0 0 0 0 0 0 1644 625 3 17 14 4 0 0 0 0 0 0 0
641 289 1 5 4 0 0 0 0 0 0 0 0 1667 644 3 17 15 4 0 0 0 0 0 0 0
662 314 1 6 4 0 0 0 0 0 0 0 0 2176 754 3 18 19 5 0 0 0 0 0 0 0
665 320 1 6 4 0 0 0 0 0 0 0 0 2687 974 3 20 23 8 0 0 0 0 0 0 0
682 332 1 7 4 1 0 0 0 0 0 0 0 2726 996 3 20 23 8 0 0 0 0 0 0 0
687 336 1 7 4 1 0 0 0 0 0 0 0 2745 1016 3 20 23 8 0 0 0 0 0 0 0
772 354 1 7 5 1 0 0 0 0 0 0 0 2784 1031 3 20 24 8 0 0 0 0 0 0 0
807 358 1 8 5 1 0 0 0 0 0 0 0 2787 1034 3 20 24 8 0 0 0 0 0 0 0
911 407 1 8 6 1 0 0 0 0 0 0 0 2969 1073 3 23 24 11 0 0 0 0 0 0 0
920 421 1 9 6 1 0 0 0 0 0 0 0 3395 1168 3 25 25 11 0 0 0 0 0 0 0
989 446 1 10 6 1 0 0 0 0 0 0 0 3413 1181 3 25 25 11 0 0 0 0 0 0 0
1066 482 1 10 6 1 0 0 0 0 0 0 0 3494 1194 3 26 27 11 0 0 0 0 0 0 0
1109 503 1 11 7 1 0 0 0 0 0 0 0 3515 1197 3 26 28 14 0 0 0 0 0 0 0
1211 518 1 11 8 1 0 0 0 0 0 0 0 3518 1200 3 26 29 15 0 0 0 0 0 0 0
1214 528 1 11 8 1 0 0 0 0 0 0 0 3761 1265 3 26 32 15 0 0 0 0 0 0 0
1265 548 1 12 8 1 0 0 0 0 0 0 0 3764 1268 3 26 32 15 0 0 0 0 0 0 0
1317 562 1 12 9 1 0 0 0 0 0 0 0 3804 1292 4 28 32 15 0 0 0 0 0 0 0
1356 591 1 13 9 1 0 0 0 0 0 0 0 3879 1324 4 28 33 16 0 0 0 0 0 0 0
1359 596 1 13 10 2 0 0 0 0 0 0 0 3896 1373 4 32 33 16 0 0 0 0 0 0 0
1418 626 1 14 10 2 0 0 0 0 0 0 0 3913 1383 4 33 33 16 0 0 0 0 0 0 0
1431 629 1 14 10 2 0 0 0 0 0 0 0 3950 1395 4 33 33 16 0 0 0 0 0 0 0
1501 686 1 14 11 2 0 0 0 0 0 0 0 3953 1400 4 33 33 16 0 0 0 0 0 0 0
1515 693 1 14 11 2 0 0 0 0 0 0 0 3956 1413 4 34 34 16 0 0 0 0 0 0 0
1717 736 1 15 12 3 0 0 0 0 0 0 0 3959 1422 4 35 34 16 0 0 0 0 0 0 0
1942 813 1 15 14 3 0 0 0 0 0 0 0 3976 1428 4 35 34 16 0 0 0 0 0 0 0
2036 842 1 15 15 3 0 0 0 0 0 0 0 3995 1431 4 35 34 16 0 0 0 0 0 0 0
2109 868 1 16 15 4 0 0 0 0 0 0 0 4002 1441 4 35 34 16 0 0 0 0 0 0 0
