# scores for worst/random/best/smart move selector strategies. 
# scores are 50% and 95% quantiles (based on 40 games) of: 
# game score, #destroyed, #unlocked, #stripes, #bombs, #zappers
0 0 0 0 0 0 0 0 0 0 0 0 0 8 8 0 0 0 0 0 0 0 0 0 0 0
7 7 0 0 0 0 0 0 0 0 0 0 0 15 15 0 0 0 0 0 0 0 0 0 0 0
12 12 0 0 0 0 0 0 0 0 0 0 0 33 20 0 0 0 0 0 0 0 0 0 0 0
17 17 0 0 0 0 0 0 0 0 0 0 0 51 28 0 1 0 0 0 0 0 0 0 0 0
22 22 0 0 0 0 0 0 0 0 0 0 0 58 34 0 1 0 0 0 0 0 0 0 0 0
25 25 0 0 0 0 0 0 0 0 0 0 0 75 40 0 1 0 0 0 0 0 0 0 0 0
30 29 0 0 0 0 0 0 0 0 0 0 0 99 45 1 2 0 0 0 0 0 0 0 0 0
36 35 0 0 0 0 0 0 0 0 0 0 0 109 50 1 2 0 0 0 0 0 0 0 0 0
44 39 0 0 0 0 0 0 0 0 0 0 0 112 55 1 2 0 0 0 0 0 0 0 0 0
49 45 0 0 0 0 0 0 0 0 0 0 0 138 65 1 2 0 0 0 0 0 0 0 0 0
54 49 0 0 0 0 0 0 0 0 0 0 0 141 68 1 2 0 0 0 0 0 0 0 0 0
58 55 0 0 0 0 0 0 0 0 0 0 0 162 78 1 2 0 0 1 0 0 0 0 0 0
61 59 0 0 0 0 0 0 0 0 0 0 0 191 84 3 3 0 1 1 0 0 1 0 0 0
67 63 0 0 0 0 0 0 0 0 0 0 0 195 89 3 3 0 1 1 0 0 1 0 0 0
83 69 0 0 0 0 0 0 0 0 0 0 0 216 96 3 3 0 1 1 0 0 1 0 0 0
88 73 0 1 0 0 0 0 0 0 0 0 0 237 102 3 3 0 1 1 0 0 1 0 0 0
91 76 0 1 0 0 0 0 0 0 0 0 0 241 107 3 4 0 1 1 0 0 1 0 0 0
96 80 0 1 0 0 0 0 0 0 0 0 0 244 110 3 4 0 1 1 0 0 1 0 0 0
128 89 0 1 0 0 0 0 0 0 0 0 0 281 119 4 4 0 1 1 0 0 1 0 0 0
131 95 0 1 0 0 0 0 0 0 0 0 0 296 124 4 5 0 1 1 0 0 1 0 0 0
137 99 0 1 0 0 0 0 0 0 0 0 0 305 134 4 5 0 1 1 0 0 1 0 0 0
151 105 0 2 0 0 0 0 0 0 0 0 0 324 148 4 5 1 1 1 0 0 1 0 0 0
169 109 0 2 0 0 0 0 0 0 0 0 0 340 155 4 6 1 1 2 0 0 1 0 0 0
175 117 0 2 0 0 0 0 0 0 0 0 0 345 159 4 6 1 1 2 0 0 1 0 0 0
180 121 0 2 0 0 0 0 0 0 0 0 0 350 164 4 6 1 1 2 0 0 1 0 0 0
193 126 1 2 0 0 0 0 0 0 0 0 0 353 167 4 6 1 1 2 0 0 1 0 0 0
214 130 1 3 0 0 0 0 0 0 0 0 0 356 171 4 6 1 1 2 0 0 1 0 0 0
221 137 1 3 0 0 0 0 0 0 0 0 0 392 177 4 7 1 1 2 0 0 1 0 0 0
224 140 1 3 0 0 0 0 0 0 0 0 0 398 182 4 7 1 1 2 0 0 1 0 0 0
230 149 1 3 0 0 0 0 0 0 0 0 0 401 185 4 7 1 1 2 0 0 1 0 0 0
264 154 1 4 0 0 0 0 0 0 0 0 0 407 192 4 7 1 1 2 1 0 1 0 0 0
274 158 1 4 0 0 0 0 0 0 0 0 0 462 203 4 8 1 1 2 1 0 1 0 0 0
277 163 1 4 0 0 0 0 0 0 0 0 0 503 214 4 9 1 1 2 1 0 1 0 0 0
284 167 1 4 0 0 0 0 0 0 0 0 0 517 220 4 9 1 1 2 1 0 1 0 0 0
293 172 1 4 0 0 0 0 0 0 0 0 0 520 225 4 9 1 1 2 1 0 1 0 0 0
307 177 1 4 0 0 0 0 0 0 0 0 0 529 229 4 9 1 1 2 1 0 1 0 0 0
310 183 1 4 0 0 0 0 0 0 0 0 0 532 236 4 10 1 1 2 1 0 1 0 0 0
313 187 1 4 0 0 0 0 0 0 0 0 0 549 246 4 10 1 1 2 1 0 1 0 0 0
348 198 1 4 0 0 0 0 0 0 0 0 0 552 252 4 10 1 1 2 1 0 1 0 0 0
356 201 1 4 0 0 0 0 0 0 0 0 0 573 255 4 10 1 1 2 1 0 1 0 0 0
367 205 1 5 0 0 0 0 0 0 0 0 0 576 258 4 10 1 1 2 1 0 1 0 0 0
