# scores for worst/random/best/smart move selector strategies. 
# scores are 50% and 95% quantiles (based on 40 games) of: 
# game score, #destroyed, #unlocked, #stripes, #bombs, #zappers
0 0 0 0 0 0 0 0 0 0 0 0 0 8 8 0 0 0 0 0 0 0 0 0 0 0
6 6 0 0 0 0 0 0 0 0 0 0 0 13 13 0 0 0 0 0 0 0 0 0 0 0
9 9 0 0 0 0 0 0 0 0 0 0 0 18 18 0 0 0 0 0 0 0 0 0 0 0
15 15 0 0 0 0 0 0 0 0 0 0 0 23 23 0 0 0 0 0 0 0 0 0 0 0
19 19 0 0 0 0 0 0 0 0 0 0 0 30 30 0 0 0 0 0 0 0 0 0 0 0
24 24 0 0 0 0 0 0 0 0 0 0 0 33 33 0 0 0 0 0 0 0 0 0 0 0
27 27 0 0 0 0 0 0 0 0 0 0 0 47 36 0 0 0 0 0 0 0 0 0 0 0
30 30 0 0 0 0 0 0 0 0 0 0 0 53 42 0 0 0 0 0 0 0 0 0 0 0
36 36 0 0 0 0 0 0 0 0 0 0 0 57 46 0 0 0 0 0 0 0 0 0 0 0
39 39 0 0 0 0 0 0 0 0 0 0 0 63 54 0 0 0 0 0 0 0 0 0 0 0
43 43 0 0 0 0 0 0 0 0 0 0 0 67 57 0 0 0 0 0 0 0 0 0 0 0
48 48 0 0 0 0 0 0 0 0 0 0 0 78 60 0 0 0 0 0 0 0 0 0 0 0
51 51 0 0 0 0 0 0 0 0 0 0 0 81 66 0 1 0 0 0 0 0 0 0 0 0
55 55 0 0 0 0 0 0 0 0 0 0 0 84 69 0 1 0 0 0 0 0 0 0 0 0
59 59 0 0 0 0 0 0 0 0 0 0 0 89 72 0 1 0 0 0 0 0 0 0 0 0
62 62 0 0 0 0 0 0 0 0 0 0 0 92 80 0 1 0 0 0 0 0 0 0 0 0
66 66 0 0 0 0 0 0 0 0 0 0 0 96 83 0 1 0 0 0 0 0 0 0 0 0
69 69 0 0 0 0 0 0 0 0 0 0 0 108 89 0 1 0 0 0 0 0 0 0 0 0
72 72 0 0 0 0 0 0 0 0 0 0 0 115 94 0 1 0 0 0 0 0 0 0 0 0
77 77 0 0 0 0 0 0 0 0 0 0 0 124 97 0 1 0 0 0 0 0 0 0 0 0
81 81 0 0 0 0 0 0 0 0 0 0 0 127 100 0 1 0 0 0 0 0 0 0 0 0
87 87 0 0 0 0 0 0 0 0 0 0 0 131 103 0 1 0 0 0 0 0 0 0 0 0
91 91 0 0 0 0 0 0 0 0 0 0 0 135 107 0 1 0 0 0 0 0 0 0 0 0
96 96 0 0 0 0 0 0 0 0 0 0 0 140 111 0 1 0 0 0 0 0 0 0 0 0
102 99 0 0 0 0 0 0 0 0 0 0 0 144 116 0 1 0 0 0 0 0 0 0 0 0
105 104 0 0 0 0 0 0 0 0 0 0 0 149 121 0 1 0 0 0 0 0 0 0 0 0
111 109 0 0 0 0 0 0 0 0 0 0 0 152 124 0 1 0 0 0 0 0 0 0 0 0
115 114 0 0 0 0 0 0 0 0 0 0 0 155 127 0 1 0 0 0 0 0 0 0 0 0
120 117 0 0 0 0 0 0 0 0 0 0 0 158 132 0 1 0 0 0 0 0 0 0 0 0
123 120 0 0 0 0 0 0 0 0 0 0 0 162 135 0 1 0 0 0 0 0 0 0 0 0
129 125 0 0 0 0 0 0 0 0 0 0 0 171 140 0 1 0 0 0 0 0 0 0 0 0
132 128 0 0 0 0 0 0 0 0 0 0 0 174 143 0 1 0 0 0 0 0 0 0 0 0
137 132 0 0 0 0 0 0 0 0 0 0 0 180 150 0 1 0 0 0 0 0 0 0 0 0
144 137 0 0 0 0 0 0 0 0 0 0 0 183 158 0 1 0 0 0 0 0 0 0 0 0
147 140 0 0 0 0 0 0 0 0 0 0 0 186 161 0 1 0 0 0 0 0 0 0 0 0
150 144 0 0 0 0 0 0 0 0 0 0 0 193 164 0 1 1 0 0 0 0 0 0 0 0
156 149 0 0 0 0 0 0 0 0 0 0 0 199 170 0 1 1 0 0 0 0 0 0 0 0
161 152 0 0 0 0 0 0 0 0 0 0 0 202 174 0 1 1 0 0 0 0 0 0 0 0
164 155 0 0 0 0 0 0 0 0 0 0 0 211 177 0 1 1 0 0 0 0 0 0 0 0
169 158 0 0 0 0 0 0 0 0 0 0 0 217 180 0 1 1 0 0 0 0 0 0 0 0
172 161 0 0 0 0 0 0 0 0 0 0 0 220 184 0 2 1 0 0 0 0 0 0 0 0
