# scores for worst/random/best/smart move selector strategies. 
# scores are 50% and 95% quantiles (based on 40 games) of: 
# game score, #destroyed, #unlocked, #stripes, #bombs, #zappers
0 0 0 0 0 0 0 0 0 0 0 0 0 19 11 0 0 0 0 0 0 0 0 0 0 0
6 6 0 0 0 0 0 0 0 0 0 0 0 30 25 0 0 0 0 0 0 0 0 0 0 0
10 9 0 0 0 0 0 0 0 0 0 0 0 72 39 0 1 0 0 0 0 0 0 0 0 0
18 17 0 0 0 0 0 0 0 0 0 0 0 91 56 1 1 0 1 0 0 0 1 0 0 0
26 22 0 0 0 0 0 0 0 0 0 0 0 180 74 2 2 0 1 0 0 0 1 0 0 0
43 30 0 0 0 0 0 0 0 0 0 0 0 220 82 5 3 0 1 0 0 0 1 0 0 0
54 37 0 0 0 0 0 0 0 0 0 0 0 257 99 12 4 1 1 0 0 0 1 0 0 0
65 45 0 1 0 0 0 0 0 0 0 0 0 314 134 14 4 1 1 0 0 0 1 0 0 0
94 58 0 1 0 0 0 0 0 0 0 0 0 376 168 15 5 2 1 1 0 0 1 0 0 0
111 68 0 1 0 0 0 0 0 0 0 0 0 382 173 15 5 2 1 1 0 0 1 0 0 0
142 81 0 1 0 0 0 0 0 0 0 0 0 468 204 16 5 2 1 1 1 0 1 0 0 0
164 100 0 2 0 0 0 0 0 0 0 0 0 537 232 16 6 2 2 1 1 0 1 0 0 0
220 125 2 2 0 0 0 0 0 0 0 0 0 564 248 17 6 2 2 1 1 1 1 0 0 0
246 136 3 3 0 0 0 0 0 0 0 0 0 583 254 18 9 3 2 1 1 1 2 0 0 0
292 146 3 4 1 0 0 0 0 0 0 0 0 595 258 18 13 3 2 1 1 1 2 1 0 0
337 156 4 4 1 1 0 0 0 0 0 0 0 834 267 18 21 3 3 1 2 1 2 1 0 0
383 182 5 5 1 1 0 0 0 1 0 0 0 1077 323 18 24 3 3 1 2 1 2 1 0 0
390 196 6 5 1 1 0 0 0 1 0 0 0 1093 348 18 24 4 3 1 2 1 2 1 0 0
476 211 8 6 1 1 0 0 0 1 0 0 0 1114 352 18 25 4 3 1 2 1 2 1 0 0
545 230 9 6 1 1 0 0 0 1 0 0 0 1123 368 18 25 4 3 1 2 1 3 1 0 0
558 251 10 7 1 1 0 0 0 1 0 0 0 1150 388 18 25 4 3 2 2 1 3 1 0 0
601 260 11 7 2 1 0 0 0 1 0 0 0 1200 392 19 25 5 3 2 2 1 3 1 0 0
655 279 12 8 2 1 0 0 0 1 0 0 0 1247 412 20 25 5 3 2 2 1 3 1 0 0
717 300 13 9 2 1 0 0 0 1 0 0 0 1283 419 20 26 6 4 2 2 1 3 1 0 0
749 317 13 9 2 1 1 1 0 1 0 0 0 1331 448 22 26 6 4 2 2 1 3 1 0 0
805 328 13 11 2 1 1 1 0 1 0 0 0 1363 453 24 28 6 4 2 2 1 3 1 0 0
833 337 14 11 2 1 1 1 0 1 0 0 0 1428 470 24 29 7 4 2 2 1 3 1 0 0
904 364 14 12 3 2 1 1 0 1 0 0 0 1447 492 24 29 7 4 3 2 1 3 1 0 0
911 369 14 12 3 2 1 1 0 1 0 0 0 1544 510 24 29 7 4 3 2 1 3 1 0 0
941 385 15 12 3 2 1 1 0 1 0 0 0 1720 527 24 31 7 4 3 2 1 3 1 0 0
966 400 15 13 3 2 1 1 0 1 0 0 0 1729 534 24 32 7 4 3 2 1 3 1 0 0
1043 417 15 14 3 2 1 1 0 1 0 0 0 1744 542 25 32 7 4 3 2 1 3 1 0 0
1073 431 15 16 3 2 1 1 0 1 0 0 0 1751 566 25 32 7 4 3 3 1 3 1 0 0
1112 447 15 16 4 2 1 1 0 1 0 0 0 1991 596 25 32 7 4 3 3 1 3 1 0 0
1166 460 15 17 4 2 1 1 0 1 0 0 0 1996 607 25 33 8 4 4 3 1 3 1 0 0
1223 472 15 18 4 2 1 1 0 2 0 0 0 2090 635 25 34 8 4 4 3 1 3 1 0 0
1263 479 15 19 4 2 2 1 0 2 0 0 0 2096 652 25 44 8 5 4 3 1 3 1 0 0
1285 495 15 19 4 2 2 1 0 2 0 0 0 2102 656 25 46 8 5 4 3 1 3 1 0 0
1402 530 15 21 5 2 2 1 0 2 0 0 0 2222 673 25 53 8 5 4 3 1 4 2 0 0
1448 545 15 21 5 2 2 1 0 2 0 0 0 2326 705 25 53 8 5 4 3 1 4 2 0 0
1461 551 15 21 5 2 2 1 0 2 0 0 0 2351 717 25 53 8 5 4 3 1 4 2 0 0
