# scores for worst/random/best/smart move selector strategies. 
# scores are 50% and 95% quantiles (based on 40 games) of: 
# game score, #destroyed, #unlocked, #stripes, #bombs, #zappers
0 0 0 0 0 0 0 0 0 0 0 0 0 19 11 0 0 0 0 0 0 0 0 0 0 0
6 6 0 0 0 0 0 0 0 0 0 0 0 36 28 0 0 0 0 0 0 0 0 0 0 0
11 10 0 0 0 0 0 0 0 0 0 0 0 50 36 0 1 0 0 0 0 0 0 0 0 0
19 17 0 0 0 0 0 0 0 0 0 0 0 82 47 0 2 0 0 0 0 0 0 0 0 0
26 26 0 0 0 0 0 0 0 0 0 0 0 134 75 1 2 0 0 0 0 0 0 0 0 0
32 30 0 0 0 0 0 0 0 0 0 0 0 139 88 2 2 0 0 0 0 0 0 0 0 0
43 36 0 0 0 0 0 0 0 0 0 0 0 155 100 3 2 1 0 0 0 0 0 0 0 0
52 45 0 0 0 0 0 0 0 0 0 0 0 174 106 4 2 1 1 0 0 0 1 0 0 0
62 53 0 0 0 0 0 0 0 0 0 0 0 180 113 4 2 1 1 0 0 0 1 0 0 0
86 64 0 1 0 0 0 0 0 0 0 0 0 215 122 4 3 1 1 0 0 0 1 0 0 0
94 69 0 1 0 0 0 0 0 0 0 0 0 220 128 8 3 1 1 0 0 0 1 0 0 0
99 77 0 1 0 0 0 0 0 0 0 0 0 244 141 8 3 1 1 0 0 0 1 0 0 0
118 84 0 1 0 0 0 0 0 0 0 0 0 253 154 8 3 1 1 0 0 0 1 0 0 0
126 89 0 1 0 0 0 0 0 0 0 0 0 305 168 8 3 1 1 0 0 0 1 0 0 0
155 97 2 1 0 0 0 0 0 0 0 0 0 425 197 14 5 2 1 0 1 0 1 0 0 0
166 107 2 1 0 0 0 0 0 0 0 0 0 497 234 14 5 2 1 0 1 0 1 0 0 0
181 119 2 2 0 0 0 0 0 0 0 0 0 545 250 15 5 2 1 0 1 0 1 0 0 0
228 130 2 2 0 0 0 0 0 0 0 0 0 552 263 17 6 2 1 0 1 0 1 0 0 0
245 139 2 2 1 0 0 0 0 0 0 0 0 557 266 17 6 2 1 0 1 0 1 0 0 0
260 142 2 3 1 0 0 0 0 0 0 0 0 570 281 17 6 2 1 0 1 0 1 0 0 0
278 168 3 3 1 0 0 0 0 0 0 0 0 575 284 17 6 2 1 0 1 0 1 0 0 0
306 176 3 3 1 0 0 0 0 0 0 0 0 581 287 17 6 3 1 0 1 0 1 0 0 0
336 193 4 3 1 0 0 0 0 0 0 0 0 667 319 17 7 3 2 0 1 0 1 0 0 0
358 198 4 3 1 0 0 0 0 0 0 0 0 675 323 17 7 4 2 0 1 0 1 0 0 0
371 216 5 3 1 0 0 0 0 0 0 0 0 754 337 17 7 4 2 0 1 0 1 0 0 0
385 222 5 4 1 0 0 0 0 0 0 0 0 771 353 17 7 4 2 0 1 0 1 0 0 0
390 228 5 4 1 0 0 0 0 0 0 0 0 775 358 18 7 4 2 0 1 0 1 0 0 0
393 234 5 4 1 0 0 0 0 0 0 0 0 792 367 18 8 4 2 0 1 0 1 0 0 0
416 241 5 4 1 0 0 0 0 0 0 0 0 796 371 18 8 4 2 0 1 0 1 0 0 0
422 247 5 5 1 0 0 0 0 0 0 0 0 802 377 18 8 4 2 0 1 0 1 0 0 0
441 256 6 5 1 0 0 0 0 0 0 0 0 865 398 18 9 4 2 0 1 0 1 0 0 0
454 263 6 5 1 0 0 0 0 0 0 0 0 871 414 18 9 4 2 0 1 0 1 0 0 0
469 270 6 5 1 0 0 0 0 0 0 0 0 877 420 18 9 4 2 0 1 0 1 0 0 0
484 281 6 5 2 0 0 0 0 0 0 0 0 892 435 19 9 4 2 0 1 0 1 0 0 0
506 292 6 6 2 0 0 0 0 0 0 0 0 975 441 19 9 5 2 0 1 0 1 0 0 0
515 302 6 6 2 0 0 0 0 0 0 0 0 997 447 19 10 5 2 0 1 0 1 0 0 0
550 309 6 6 2 0 0 0 0 0 0 0 0 1000 451 19 10 5 2 0 1 0 1 0 0 0
562 313 6 6 2 0 0 0 0 0 0 0 0 1006 464 19 10 5 2 0 1 0 1 0 0 0
570 325 6 6 2 0 0 0 0 0 0 0 0 1010 476 19 10 5 2 1 1 0 1 0 0 0
581 329 7 6 2 0 0 0 0 0 0 0 0 1013 479 19 10 6 2 1 1 0 2 0 0 0
597 335 7 6 2 0 0 0 0 0 0 0 0 1042 486 19 10 7 2 1 1 0 2 0 0 0
