# scores for worst/random/best/smart move selector strategies. 
# scores are 50% and 95% quantiles (based on 40 games) of: 
# game score, #destroyed, #unlocked, #stripes, #bombs, #zappers
0 0 0 0 0 0 0 0 0 0 0 0 0 19 11 0 0 0 0 0 0 0 0 0 0 0
6 6 0 0 0 0 0 0 0 0 0 0 0 36 30 0 0 0 0 0 0 0 0 0 0 0
10 9 0 0 0 0 0 0 0 0 0 0 0 95 54 2 1 0 1 0 0 0 1 0 0 0
22 16 0 0 0 0 0 0 0 0 0 0 0 148 68 4 2 0 1 0 0 0 1 0 0 0
33 24 0 0 0 0 0 0 0 0 0 0 0 228 87 6 3 0 1 1 0 0 1 0 0 0
49 34 0 1 0 0 0 0 0 0 0 0 0 288 127 7 4 1 1 1 0 0 1 0 0 0
74 39 0 1 0 0 0 0 0 0 0 0 0 350 151 10 4 1 1 1 1 0 1 0 0 0
90 52 0 1 0 0 0 0 0 0 0 0 0 389 171 10 5 1 1 1 1 0 1 0 0 0
116 66 0 2 0 0 0 0 0 0 0 0 0 442 192 14 5 2 2 1 1 0 1 0 0 0
132 80 1 2 0 0 0 0 0 0 0 0 0 552 204 15 7 2 2 1 1 0 2 0 0 0
197 102 2 2 0 0 0 0 0 0 0 0 0 630 253 17 8 3 2 1 1 0 2 0 0 0
207 116 4 3 0 0 0 0 0 0 0 0 0 663 264 17 9 3 2 1 1 0 2 0 0 0
290 134 4 3 1 1 0 0 0 0 0 0 0 690 283 19 12 3 3 2 1 0 2 0 0 0
349 149 6 4 1 1 0 0 0 0 0 0 0 738 294 19 12 3 3 2 1 0 3 0 0 0
417 173 6 5 1 1 0 0 0 1 0 0 0 795 320 21 13 4 3 2 1 0 3 0 0 0
476 198 6 6 1 1 0 0 0 1 0 0 0 920 369 21 15 5 4 2 1 1 3 0 0 0
502 219 7 6 2 1 0 0 0 1 0 0 0 969 395 22 16 5 4 2 1 1 3 0 0 0
568 238 7 7 2 1 0 0 0 1 0 0 0 1020 417 22 18 5 4 2 2 1 3 1 0 0
618 255 8 8 2 1 0 0 0 1 0 0 0 1200 456 23 19 6 4 2 2 1 3 1 0 0
774 304 9 8 3 2 0 0 0 1 0 0 0 1279 467 23 25 8 4 2 2 1 4 1 0 0
820 324 10 9 3 2 0 0 0 1 0 0 0 1367 495 23 27 8 5 2 2 1 4 1 0 0
888 350 10 10 3 2 0 0 0 1 0 0 0 1396 519 23 27 9 5 2 2 1 4 1 0 0
967 362 11 10 3 2 1 0 0 2 0 0 0 1495 541 23 27 15 5 2 2 1 4 1 1 0
993 377 11 12 4 2 1 0 0 2 0 0 0 1594 573 23 27 18 6 3 2 1 5 1 1 0
1064 395 12 13 4 2 1 0 0 2 0 0 0 1772 586 23 28 18 6 3 2 1 5 1 1 0
1091 408 12 13 4 3 1 0 0 2 0 0 0 1849 614 23 28 18 7 3 2 1 5 1 1 0
1138 432 12 14 4 3 1 1 0 2 0 0 0 1855 635 23 29 19 7 3 2 1 5 1 1 0
1185 461 12 14 4 3 1 1 0 2 0 0 0 1926 657 23 30 20 7 3 2 1 6 1 1 0
1276 503 12 15 5 3 1 1 0 2 0 0 0 1953 668 23 31 20 7 3 2 1 6 1 1 0
1313 517 12 15 5 3 1 1 0 2 0 0 0 2039 689 23 38 21 7 3 2 1 6 1 1 0
1402 529 12 16 5 3 1 1 0 2 0 0 0 2084 726 23 38 21 7 3 2 1 6 1 1 0
1456 553 12 17 5 4 1 1 0 3 0 0 0 2150 754 23 38 22 7 3 2 1 6 2 1 0
1520 572 12 18 6 4 1 1 0 3 0 0 0 2312 778 23 38 22 8 3 2 1 6 2 1 0
1572 590 12 18 6 4 1 1 0 3 0 0 0 2334 803 23 39 22 8 3 2 1 6 2 1 0
1653 620 12 19 6 4 2 1 0 3 0 0 0 2378 835 23 39 22 8 3 3 1 6 2 1 0
1731 656 12 20 6 4 2 1 0 3 0 0 0 2409 846 23 39 24 8 3 3 1 7 2 1 0
1789 672 12 21 7 4 2 1 0 3 0 0 0 2431 873 23 40 24 9 3 3 1 7 2 1 0
1826 691 12 21 7 5 2 1 0 4 0 0 0 2523 901 23 41 24 9 3 3 1 8 2 1 0
1931 718 12 21 7 5 2 1 0 4 0 0 0 2577 938 23 42 24 9 3 3 1 8 2 1 0
2015 747 12 22 8 5 2 1 0 4 0 0 0 2944 955 23 42 25 9 3 3 1 8 2 1 0
2088 766 12 22 8 5 2 1 0 4 0 0 0 3016 975 23 46 25 10 3 3 1 9 2 1 0
