# scores for worst/random/best/smart move selector strategies. 
# scores are 50% and 95% quantiles (based on 40 games) of: 
# game score, #destroyed, #unlocked, #stripes, #bombs, #zappers
0 0 0 0 0 0 0 0 0 0 0 0 0 19 11 0 0 0 0 0 0 0 0 0 0 0
6 6 0 0 0 0 0 0 0 0 0 0 0 32 27 0 0 0 0 0 0 0 0 0 0 0
9 9 0 0 0 0 0 0 0 0 0 0 0 44 41 0 1 0 0 0 0 0 0 0 0 0
18 18 0 0 0 0 0 0 0 0 0 0 0 49 46 0 1 0 0 0 0 0 0 0 0 0
24 24 0 0 0 0 0 0 0 0 0 0 0 60 50 1 1 0 0 0 0 0 0 0 0 0
34 31 0 0 0 0 0 0 0 0 0 0 0 78 56 3 1 0 0 0 0 0 0 0 0 0
43 38 0 0 0 0 0 0 0 0 0 0 0 88 61 3 1 0 0 0 0 0 0 0 0 0
56 44 0 0 0 0 0 0 0 0 0 0 0 157 85 3 1 1 0 0 0 0 0 0 0 0
64 47 0 0 0 0 0 0 0 0 0 0 0 160 89 3 1 1 0 0 0 0 0 0 0 0
71 54 0 1 0 0 0 0 0 0 0 0 0 165 98 3 1 1 0 0 0 0 0 0 0 0
78 61 0 1 0 0 0 0 0 0 0 0 0 188 105 4 1 1 0 0 0 0 0 0 0 0
84 66 0 1 0 0 0 0 0 0 0 0 0 206 118 4 2 1 0 0 0 0 0 0 0 0
89 75 0 1 0 0 0 0 0 0 0 0 0 222 127 4 2 1 0 0 0 0 0 0 0 0
99 81 0 1 0 0 0 0 0 0 0 0 0 226 130 5 2 1 0 0 0 0 0 0 0 0
104 89 0 1 0 0 0 0 0 0 0 0 0 235 148 5 2 1 0 0 0 0 0 0 0 0
110 96 0 1 0 0 0 0 0 0 0 0 0 267 166 5 2 1 0 0 0 0 0 0 0 0
116 102 0 1 0 0 0 0 0 0 0 0 0 289 174 5 3 1 0 0 0 0 0 0 0 0
126 106 0 1 0 0 0 0 0 0 0 0 0 305 179 5 3 1 0 0 0 0 0 0 0 0
139 113 0 1 0 0 0 0 0 0 0 0 0 320 193 5 4 1 0 0 0 0 0 0 0 0
153 123 0 1 0 0 0 0 0 0 0 0 0 333 213 5 4 1 0 0 0 0 0 0 0 0
159 140 0 1 0 0 0 0 0 0 0 0 0 336 217 5 4 2 0 0 0 0 0 0 0 0
173 152 0 1 0 0 0 0 0 0 0 0 0 379 239 5 4 2 0 0 0 0 0 0 0 0
184 159 0 1 0 0 0 0 0 0 0 0 0 384 256 5 4 2 0 0 0 0 0 0 0 0
208 163 0 1 0 0 0 0 0 0 0 0 0 418 264 5 5 2 0 0 0 0 0 0 0 0
243 173 0 1 0 0 0 0 0 0 0 0 0 489 299 5 5 2 0 0 0 0 0 0 0 0
254 179 0 1 0 0 0 0 0 0 0 0 0 492 302 5 5 2 0 0 0 0 0 0 0 0
264 182 0 1 0 0 0 0 0 0 0 0 0 500 310 5 5 2 0 0 0 0 0 0 0 0
282 186 1 1 0 0 0 0 0 0 0 0 0 513 317 5 5 2 0 0 0 0 0 0 0 0
285 202 1 2 0 0 0 0 0 0 0 0 0 527 327 5 6 3 1 0 0 0 0 0 0 0
299 213 1 2 1 0 0 0 0 0 0 0 0 538 341 6 6 3 1 0 0 0 0 0 0 0
324 224 2 2 1 0 0 0 0 0 0 0 0 558 344 6 7 3 1 0 0 0 0 0 0 0
347 228 2 2 1 0 0 0 0 0 0 0 0 600 354 8 7 3 1 0 0 0 0 0 0 0
354 235 2 2 1 0 0 0 0 0 0 0 0 603 361 8 7 3 1 0 0 0 0 0 0 0
360 243 2 2 1 0 0 0 0 0 0 0 0 624 374 8 8 3 1 0 0 0 0 0 0 0
370 252 2 2 1 0 0 0 0 0 0 0 0 628 377 8 8 3 1 0 0 0 0 0 0 0
376 258 2 3 1 0 0 0 0 0 0 0 0 638 386 8 8 5 1 0 0 0 0 0 0 0
382 266 2 3 1 0 0 0 0 0 0 0 0 643 396 8 8 5 1 0 0 0 0 0 0 0
386 274 2 3 1 0 0 0 0 0 0 0 0 664 399 8 8 5 1 0 0 0 0 0 0 0
402 278 2 3 1 0 0 0 0 0 0 0 0 673 407 8 8 5 1 0 0 0 0 0 0 0
419 281 2 3 1 0 0 0 0 0 0 0 0 768 427 8 8 5 1 0 0 0 0 0 0 0
430 291 2 3 1 0 0 0 0 0 0 0 0 773 433 8 9 5 1 0 0 0 0 0 0 0
