# scores for worst/random/best/smart move selector strategies. 
# scores are 50% and 95% quantiles (based on 40 games) of: 
# game score, #destroyed, #unlocked, #stripes, #bombs, #zappers
0 0 0 0 0 0 0 0 0 0 0 0 0 4 4 0 0 0 0 0 0 0 0 0 0 0
3 3 0 0 0 0 0 0 0 0 0 0 0 9 9 0 0 0 0 0 0 0 0 0 0 0
3 3 0 0 0 0 0 0 0 0 0 0 0 15 13 0 0 0 0 0 0 0 0 0 0 0
6 6 0 0 0 0 0 0 0 0 0 0 0 43 18 0 0 0 0 0 0 0 0 0 0 0
9 9 0 0 0 0 0 0 0 0 0 0 0 252 67 1 3 1 1 0 0 0 1 0 0 0
13 13 0 0 0 0 0 0 0 0 0 0 0 382 92 1 8 1 2 0 0 0 1 1 0 0
16 16 0 0 0 0 0 0 0 0 0 0 0 723 128 16 8 6 4 0 1 0 1 1 0 0
21 18 0 0 0 0 0 0 0 0 0 0 0 774 136 16 9 6 4 0 1 0 1 1 0 0
90 30 0 1 0 1 0 0 0 0 0 0 0 930 143 18 9 8 4 0 1 0 1 1 0 0
138 35 0 2 0 1 0 0 0 0 0 0 0 966 157 18 10 8 5 1 1 0 2 1 0 0
287 58 0 5 0 2 0 0 0 0 0 0 0 972 166 19 10 8 5 1 1 0 2 1 0 0
399 64 2 6 1 2 0 0 0 0 0 0 0 1155 187 19 10 8 5 1 1 0 2 1 0 0
634 115 6 6 5 4 0 0 0 0 0 0 0 1166 194 19 12 11 5 1 1 0 2 1 1 0
669 129 7 6 5 4 0 0 0 0 0 0 0 1170 207 19 12 11 5 1 1 0 2 1 1 0
709 137 8 7 6 4 0 0 0 0 0 0 0 1274 213 19 14 15 5 1 1 0 2 1 1 0
736 149 8 7 6 4 0 0 0 1 0 0 0 1278 227 19 14 15 5 1 1 0 2 1 1 0
746 153 10 7 6 4 0 0 0 1 0 0 0 1324 246 19 14 15 5 1 1 0 2 1 1 0
758 160 10 7 6 4 0 0 0 1 0 0 0 1330 252 19 14 15 5 1 1 0 2 1 1 0
769 165 11 8 6 4 0 0 0 1 0 0 0 1334 256 19 15 15 5 1 1 0 2 1 1 0
816 179 11 8 6 4 0 0 0 1 0 0 0 1337 262 19 19 15 5 1 1 0 2 1 1 1
847 186 12 9 7 4 0 0 0 1 0 0 0 1349 269 19 22 15 5 1 1 1 2 1 1 1
876 191 12 9 7 4 0 0 0 1 0 0 0 1370 286 19 23 17 5 1 1 1 2 1 1 1
881 200 12 9 7 4 0 0 0 1 0 0 0 1375 292 19 23 17 5 1 1 1 2 1 1 1
892 204 12 11 7 4 1 1 0 1 0 0 0 1422 296 19 25 17 5 2 2 1 2 2 1 1
918 214 12 11 7 4 1 1 0 1 0 0 0 1427 301 19 25 17 5 2 2 1 2 2 1 1
954 223 12 11 7 4 1 1 0 1 0 0 0 1435 306 19 25 17 5 2 2 1 2 2 1 1
970 235 12 11 7 4 1 1 0 1 0 0 0 1442 310 19 26 17 5 2 2 1 2 2 1 1
974 239 12 11 7 4 1 1 0 1 0 0 0 1447 319 19 26 17 5 2 2 1 2 2 1 1
983 247 12 11 7 4 1 1 0 1 0 0 0 1452 326 19 26 17 5 2 2 1 2 2 1 1
1063 257 12 13 7 4 1 1 0 1 0 0 0 1463 332 19 27 17 5 2 2 1 2 2 1 1
1068 263 12 13 7 4 1 1 0 1 0 0 0 1481 344 19 27 17 5 2 2 1 2 2 1 1
1101 269 12 13 7 4 1 1 0 1 0 0 0 1559 363 19 28 17 5 2 2 1 3 2 1 1
1110 272 12 13 7 4 1 1 0 1 0 0 0 1582 380 19 28 17 6 2 2 1 3 2 1 1
1147 276 12 14 7 4 1 1 0 1 0 0 0 1593 402 19 28 17 6 2 2 1 3 2 1 1
1153 286 12 14 7 4 1 1 0 1 0 0 0 1600 407 19 28 18 6 3 2 1 3 2 1 1
1175 293 12 15 7 4 1 1 0 1 0 0 0 1604 414 19 28 18 6 3 2 1 3 2 1 1
1183 304 12 15 7 4 1 1 0 1 0 0 0 1622 422 19 28 18 6 3 2 1 3 2 1 1
1195 311 12 15 7 4 1 1 0 1 0 0 0 1625 431 19 28 18 6 3 2 1 3 2 1 1
1244 320 12 16 8 4 1 1 0 1 0 0 0 1629 436 19 28 18 6 3 2 1 3 2 1 1
1263 326 12 16 8 4 1 1 0 1 0 0 0 1633 439 19 29 18 6 3 2 1 3 2 1 1
1266 335 12 16 8 5 1 1 0 1 0 0 0 1637 442 19 29 18 6 3 2 1 3 2 1 1
