# scores for worst/random/best/smart move selector strategies. 
# scores are 50% and 95% quantiles (based on 40 games) of: 
# game score, #destroyed, #unlocked, #stripes, #bombs, #zappers
0 0 0 0 0 0 0 0 0 0 0 0 0 4 4 0 0 0 0 0 0 0 0 0 0 0
3 3 0 0 0 0 0 0 0 0 0 0 0 9 9 0 0 0 0 0 0 0 0 0 0 0
3 3 0 0 0 0 0 0 0 0 0 0 0 13 13 0 0 0 0 0 0 0 0 0 0 0
6 6 0 0 0 0 0 0 0 0 0 0 0 16 16 0 0 0 0 0 0 0 0 0 0 0
9 9 0 0 0 0 0 0 0 0 0 0 0 278 62 2 2 1 1 0 0 0 0 0 0 0
9 9 0 0 0 0 0 0 0 0 0 0 0 385 87 2 4 2 2 0 0 0 0 0 0 0
12 12 0 0 0 0 0 0 0 0 0 0 0 389 92 6 5 2 2 0 0 0 0 0 0 0
15 15 0 0 0 0 0 0 0 0 0 0 0 737 132 13 7 6 4 0 0 0 1 0 0 0
20 19 0 0 0 0 0 0 0 0 0 0 0 740 138 15 7 6 4 0 0 0 1 0 0 0
22 21 0 0 0 0 0 0 0 0 0 0 0 837 142 17 7 7 4 0 1 0 1 0 0 0
24 24 0 0 0 0 0 0 0 0 0 0 0 844 145 17 7 7 4 0 1 0 1 0 0 0
28 26 0 0 0 0 0 0 0 0 0 0 0 856 155 17 7 7 4 0 1 0 1 0 0 0
73 32 0 0 0 1 0 0 0 0 0 0 0 959 160 17 7 9 4 0 1 0 1 0 0 0
116 42 0 1 0 1 0 0 0 0 0 0 0 962 165 17 7 9 4 0 1 0 1 0 0 0
254 62 2 2 1 2 0 0 0 0 0 0 0 968 171 17 8 10 4 0 1 0 2 0 1 0
357 83 2 3 2 2 0 0 0 0 0 0 0 986 176 18 8 10 4 0 1 0 2 0 1 0
470 110 5 4 3 2 0 0 0 0 0 0 0 1009 179 18 8 10 4 0 1 0 2 0 1 0
590 120 5 5 5 3 0 0 0 0 0 0 0 1106 185 18 8 14 4 0 1 0 2 0 1 0
651 128 6 6 6 4 0 0 0 0 0 0 0 1109 192 18 8 15 4 0 1 0 2 0 1 0
712 144 8 6 6 4 0 0 0 1 0 0 0 1112 196 18 8 15 4 0 1 0 2 0 1 0
740 148 8 6 6 4 0 0 0 1 0 0 0 1120 200 18 8 15 4 0 1 0 2 0 1 0
752 151 10 6 6 4 0 0 0 1 0 0 0 1128 207 18 8 15 4 1 1 0 2 0 1 0
775 158 10 7 6 4 0 0 0 1 0 0 0 1134 213 18 10 15 4 1 1 0 2 0 1 0
781 166 10 7 6 4 0 0 0 1 0 0 0 1137 218 18 10 15 4 1 1 0 2 0 1 0
784 173 11 7 6 4 0 0 0 1 0 0 0 1140 221 18 10 15 4 1 1 0 2 0 1 0
792 177 11 7 6 4 0 0 0 1 0 0 0 1143 228 18 10 15 4 1 1 0 2 0 1 0
800 181 11 7 6 4 0 0 0 1 0 0 0 1146 231 18 15 15 4 1 1 0 2 0 1 0
809 186 11 7 6 4 0 0 0 1 0 0 0 1149 235 18 15 15 4 1 1 0 3 0 1 0
815 194 11 7 6 4 0 0 0 1 0 0 0 1186 238 18 15 15 4 1 1 0 3 0 1 0
828 207 11 7 6 4 0 0 0 1 0 0 0 1191 249 18 15 15 4 1 1 0 3 0 1 0
835 212 11 7 6 4 0 0 0 1 0 0 0 1194 256 18 16 15 4 1 1 1 3 0 1 0
840 218 11 7 7 4 0 0 0 1 0 0 0 1227 270 18 16 15 4 1 1 1 3 0 1 0
845 223 11 7 7 4 0 0 0 1 0 0 0 1230 273 18 16 15 4 1 1 1 3 0 1 0
851 227 11 8 7 4 0 0 0 1 0 0 0 1233 276 18 16 15 4 1 1 1 3 0 1 0
863 230 11 8 7 4 0 0 0 1 0 0 0 1237 279 18 16 15 4 1 1 1 3 0 1 0
872 233 11 8 7 4 0 0 0 1 0 0 0 1242 287 18 16 15 4 1 1 1 3 0 1 0
875 240 11 8 7 4 0 0 0 1 0 0 0 1246 293 18 16 15 5 1 1 1 3 0 1 0
882 244 11 8 7 4 0 0 0 1 0 0 0 1252 298 18 16 15 5 1 1 1 3 0 1 0
885 247 11 8 7 4 0 0 0 1 0 0 0 1255 301 18 16 15 5 1 1 1 3 0 1 0
891 254 11 8 7 4 0 0 0 1 0 0 0 1258 306 18 16 15 5 1 1 1 3 0 1 0
899 260 11 8 7 4 0 0 0 1 0 0 0 1263 313 18 16 15 5 1 1 1 3 0 1 0
