# scores for worst/random/best/smart move selector strategies. 
# scores are 50% and 95% quantiles (based on 40 games) of: 
# game score, #destroyed, #unlocked, #stripes, #bombs, #zappers
0 0 0 0 0 0 0 0 0 0 0 0 0 4 4 0 0 0 0 0 0 0 0 0 0 0
3 3 0 0 0 0 0 0 0 0 0 0 0 10 10 0 0 0 0 0 0 0 0 0 0 0
6 6 0 0 0 0 0 0 0 0 0 0 0 40 13 0 0 0 0 0 0 0 0 0 0 0
9 9 0 0 0 0 0 0 0 0 0 0 0 444 101 3 6 3 2 0 0 0 0 0 0 0
12 12 0 0 0 0 0 0 0 0 0 0 0 486 117 5 6 3 3 0 0 0 1 0 0 0
15 15 0 0 0 0 0 0 0 0 0 0 0 751 134 13 7 6 4 0 0 0 2 0 0 0
44 21 0 0 0 0 0 0 0 0 0 0 0 835 151 18 10 9 4 0 1 0 2 0 1 0
70 26 0 0 0 0 0 0 0 0 0 0 0 931 189 18 10 9 5 0 1 0 2 1 1 0
400 45 1 2 3 2 0 0 0 0 0 0 0 1140 218 19 10 13 5 0 1 0 2 1 1 0
672 115 5 6 6 2 0 0 0 0 0 0 0 1162 228 19 10 13 5 0 1 0 2 1 1 0
740 134 5 7 6 4 0 0 0 0 0 0 0 1332 232 19 14 17 5 0 1 0 2 1 1 0
802 142 5 7 6 4 0 0 0 0 0 0 0 1340 258 19 18 17 5 0 1 0 2 1 1 0
826 150 9 8 6 4 0 0 0 1 0 0 0 1399 273 19 18 17 5 1 1 1 2 1 1 0
881 160 10 8 6 4 0 0 0 1 0 0 0 1407 284 19 20 20 5 1 1 1 2 1 2 0
898 172 10 8 6 4 0 0 0 1 0 0 0 1414 289 19 21 20 6 1 1 1 3 1 2 0
929 186 10 9 7 4 0 0 0 1 0 0 0 1418 297 19 21 20 6 1 2 1 3 1 2 0
967 189 10 9 7 4 0 0 0 1 0 0 0 1495 317 19 21 20 6 1 2 1 3 1 2 1
989 203 10 9 7 4 0 0 0 1 0 0 0 1540 345 19 22 20 7 1 2 1 3 1 2 1
1016 217 10 10 7 4 0 0 0 1 0 0 0 1574 357 19 25 21 8 1 2 1 4 1 2 1
1037 225 11 11 7 5 0 0 0 1 0 0 0 1579 362 19 25 21 8 1 2 1 4 1 2 1
1068 234 11 11 7 5 1 0 0 2 0 0 0 1614 370 19 25 21 8 1 2 1 4 1 2 1
1100 238 11 12 7 5 1 1 0 2 0 0 0 1664 393 19 25 21 8 1 2 1 4 1 2 1
1137 253 11 12 7 5 1 1 0 2 0 0 0 1702 403 19 26 21 8 1 2 1 5 1 2 1
1165 275 11 13 7 5 1 1 0 2 0 0 0 1719 414 19 26 21 8 1 2 1 5 1 2 1
1195 291 11 13 7 5 1 1 0 2 0 0 0 1801 434 19 26 21 9 2 2 1 5 1 2 1
1200 298 11 13 7 5 1 1 0 2 0 0 0 1898 450 19 28 21 9 2 2 1 5 1 2 1
1243 316 11 13 8 5 1 1 0 2 0 0 0 1971 470 19 28 25 9 2 2 1 5 1 2 1
1286 324 11 14 8 5 1 1 0 2 0 0 0 1981 476 19 28 25 9 2 2 1 6 1 2 1
1307 331 11 14 8 5 1 1 0 2 0 0 0 2013 488 19 28 25 9 2 2 1 6 1 2 1
1327 340 11 14 8 5 1 1 0 2 0 0 0 2020 493 19 29 25 9 2 2 1 6 1 2 1
1357 347 11 15 8 5 1 1 0 2 0 0 0 2036 503 19 30 26 9 2 2 1 6 1 2 1
1382 358 11 16 9 5 1 1 0 2 0 0 0 2056 529 19 30 26 9 2 2 1 6 1 2 1
1430 366 11 16 9 5 1 1 0 2 0 0 0 2078 543 19 31 26 9 2 2 1 6 1 2 1
1440 371 11 17 9 5 1 1 0 2 0 0 0 2109 551 19 31 26 9 2 2 1 6 1 2 1
1481 382 11 17 9 6 1 1 0 2 0 0 0 2124 571 19 31 26 9 2 2 1 6 1 2 1
1587 399 11 17 9 6 1 1 0 3 0 0 0 2143 580 19 31 26 9 2 2 1 6 2 2 1
1603 415 11 18 9 6 1 1 0 3 0 0 0 2159 587 19 33 26 9 2 3 1 6 2 2 1
1609 421 11 18 9 6 1 1 0 3 0 0 0 2177 590 19 33 26 9 3 3 1 6 2 2 1
1626 436 11 18 9 6 1 1 0 3 0 0 0 2182 596 19 33 26 10 3 3 1 6 2 2 1
1631 443 11 19 9 6 1 1 0 3 0 0 0 2189 606 19 33 26 10 3 3 1 6 2 2 1
1647 453 11 19 9 6 1 1 0 3 0 0 0 2223 614 19 35 26 10 3 3 1 6 2 2 1
