# scores for worst/random/best/smart move selector strategies. 
# scores are 50% and 95% quantiles (based on 40 games) of: 
# game score, #destroyed, #unlocked, #stripes, #bombs, #zappers
0 0 0 0 0 0 0 0 0 0 0 0 0 4 4 0 0 0 0 0 0 0 0 0 0 0
1 1 0 0 0 0 0 0 0 0 0 0 0 10 10 0 0 0 0 0 0 0 0 0 0 0
3 3 0 0 0 0 0 0 0 0 0 0 0 12 12 0 0 0 0 0 0 0 0 0 0 0
6 6 0 0 0 0 0 0 0 0 0 0 0 16 16 0 0 0 0 0 0 0 0 0 0 0
9 9 0 0 0 0 0 0 0 0 0 0 0 21 21 0 0 0 0 0 0 0 0 0 0 0
9 9 0 0 0 0 0 0 0 0 0 0 0 87 28 1 0 0 1 0 0 0 0 0 0 0
12 12 0 0 0 0 0 0 0 0 0 0 0 109 30 3 0 0 1 0 0 0 0 0 0 0
12 12 0 0 0 0 0 0 0 0 0 0 0 110 32 3 0 0 1 0 0 0 0 0 0 0
15 15 0 0 0 0 0 0 0 0 0 0 0 420 93 5 2 3 2 0 0 0 0 0 0 0
18 18 0 0 0 0 0 0 0 0 0 0 0 424 97 5 2 3 2 0 0 0 0 0 0 0
21 21 0 0 0 0 0 0 0 0 0 0 0 427 100 5 2 3 2 0 0 0 0 0 0 0
27 24 0 0 0 0 0 0 0 0 0 0 0 660 121 10 5 6 3 0 0 0 1 0 0 0
30 27 0 0 0 0 0 0 0 0 0 0 0 679 126 10 6 6 4 0 0 0 1 0 0 0
34 30 0 0 0 0 0 0 0 0 0 0 0 710 133 10 6 6 4 0 0 0 1 0 0 0
37 33 0 0 0 0 0 0 0 0 0 0 0 714 138 10 6 6 4 0 0 0 1 0 0 0
46 39 0 0 0 0 0 0 0 0 0 0 0 717 142 10 6 6 4 0 0 0 1 0 0 0
60 40 0 0 0 0 0 0 0 0 0 0 0 746 149 11 6 6 4 0 0 0 1 0 0 0
77 46 0 0 0 0 0 0 0 0 0 0 0 749 152 13 6 7 4 0 0 0 1 0 0 0
180 52 0 1 0 1 0 0 0 0 0 0 0 761 159 13 6 7 4 0 0 0 1 0 0 0
183 54 0 1 0 1 0 0 0 0 0 0 0 764 162 13 6 7 4 0 0 0 1 0 0 0
216 57 1 1 0 1 0 0 0 0 0 0 0 769 169 14 6 7 4 0 0 0 1 0 0 0
443 109 5 2 3 2 0 0 0 0 0 0 0 782 177 15 6 7 4 0 0 0 1 0 0 0
530 130 7 4 4 3 0 0 0 0 0 0 0 785 180 15 7 7 4 0 0 0 1 0 0 0
559 133 7 6 5 3 0 0 0 0 0 0 0 788 183 15 7 7 4 0 0 0 1 0 0 0
578 142 8 6 5 3 0 0 0 0 0 0 0 795 188 15 7 7 4 0 0 0 1 0 0 0
605 146 9 6 6 4 0 0 0 0 0 0 0 798 196 15 7 7 4 0 0 0 1 0 0 0
633 154 9 6 6 4 0 0 0 0 0 0 0 834 212 15 8 7 5 0 0 0 1 0 0 0
650 157 9 6 6 4 0 0 0 0 0 0 0 837 216 15 8 7 5 0 0 0 1 0 0 0
655 163 9 6 6 4 0 0 0 0 0 0 0 840 225 15 8 7 5 0 0 0 1 0 0 0
715 167 9 6 6 4 0 0 0 0 0 0 0 843 228 17 8 7 5 0 1 0 1 0 0 0
718 177 9 6 6 4 0 0 0 0 0 0 0 863 231 17 8 7 5 0 1 0 1 0 0 0
724 182 9 6 6 4 0 0 0 0 0 0 0 866 234 17 8 7 5 0 1 0 1 0 0 0
728 187 9 6 6 4 0 0 0 0 0 0 0 869 237 17 8 7 5 0 1 0 1 0 0 0
738 192 9 6 6 4 0 0 0 0 0 0 0 872 240 17 8 7 5 0 1 0 1 0 0 0
746 198 9 6 6 4 0 0 0 0 0 0 0 875 243 17 8 7 5 0 1 0 1 0 0 0
750 201 9 6 6 4 0 0 0 0 0 0 0 894 254 17 8 7 5 0 1 0 1 0 0 0
756 206 9 6 6 4 0 0 0 0 0 0 0 897 257 17 8 7 5 0 1 0 1 0 0 0
762 210 9 6 6 4 0 0 0 0 0 0 0 901 263 17 8 7 5 0 1 0 1 0 0 0
768 213 9 6 6 4 0 0 0 0 0 0 0 904 268 17 8 7 5 0 1 0 1 0 0 0
784 220 9 6 6 4 0 0 0 0 0 0 0 907 273 17 8 7 5 0 1 0 1 0 0 0
791 224 9 6 6 4 0 0 0 0 0 0 0 910 279 17 8 7 5 0 1 0 1 0 0 0
