# scores for worst/random/best/smart move selector strategies. 
# scores are 50% and 95% quantiles (based on 40 games) of: 
# game score, #destroyed, #unlocked, #stripes, #bombs, #zappers
3 3 0 0 0 0 0 0 0 0 0 0 0 45 28 0 0 0 0 0 0 0 0 0 0 0
10 10 0 0 0 0 0 0 0 0 0 0 0 373 149 0 1 2 1 0 0 0 1 0 0 0
21 17 0 0 0 0 0 0 0 0 0 0 0 560 194 0 2 5 1 0 0 0 1 0 0 0
55 37 0 0 0 0 0 0 0 0 0 0 0 688 253 0 6 5 1 0 0 0 1 0 0 0
94 53 0 1 0 0 0 0 0 0 0 0 0 870 330 0 8 9 2 0 1 0 1 0 0 0
120 63 0 2 0 0 0 0 0 0 0 0 0 1044 398 0 8 11 2 1 1 0 1 0 0 0
168 78 0 2 0 0 0 0 0 0 0 0 0 1385 497 0 9 14 3 1 1 0 2 0 0 0
187 87 0 3 1 0 0 0 0 0 0 0 0 2704 743 0 13 33 6 1 1 0 2 0 0 0
221 101 0 3 1 0 0 0 0 0 0 0 0 3917 956 0 16 50 9 1 1 0 2 0 1 0
276 117 0 3 1 1 0 0 0 0 0 0 0 4260 1042 0 19 51 10 1 1 1 2 0 1 0
290 130 0 4 1 1 0 0 0 0 0 0 0 4855 1178 0 33 53 12 1 1 1 3 1 1 0
323 141 0 5 1 1 0 0 0 0 0 0 0 5539 1302 0 34 62 13 1 1 1 3 1 1 0
350 150 0 5 1 1 0 0 0 0 0 0 0 6179 1418 1 49 65 16 1 1 1 3 1 1 0
384 161 0 5 1 1 0 0 0 1 0 0 0 6753 1628 1 55 68 16 1 1 1 4 1 1 0
414 181 0 6 2 1 0 0 0 1 0 0 0 7099 1776 1 58 68 19 1 1 1 4 1 1 1
465 200 0 6 2 1 0 0 0 1 0 0 0 7135 1804 1 59 69 19 1 1 1 4 1 1 1
488 216 0 6 2 1 0 0 0 1 0 0 0 7327 1893 1 62 70 21 1 1 1 4 1 1 1
512 219 0 7 2 1 0 0 0 1 0 0 0 7580 2014 1 64 72 22 1 1 1 4 1 1 1
524 228 0 7 2 1 0 0 0 1 0 0 0 7827 2061 1 66 73 22 1 1 2 5 1 1 1
596 238 0 8 2 1 0 0 0 1 0 0 0 8118 2199 1 67 75 23 1 1 2 6 1 1 1
601 246 0 8 2 1 0 0 0 1 0 0 0 8384 2281 1 69 77 24 1 2 2 6 1 1 1
660 281 0 10 3 1 0 0 0 1 0 0 0 8755 2366 1 75 79 29 1 2 2 6 1 1 1
679 286 0 10 3 1 0 0 0 1 0 0 0 9301 2521 1 79 83 30 1 2 2 7 1 1 1
719 298 0 10 3 2 0 0 0 1 0 0 0 10178 2561 1 85 91 31 2 2 2 7 1 1 1
786 312 0 10 4 2 0 0 0 1 0 0 0 10626 2661 1 91 93 31 2 2 2 7 1 1 1
835 324 0 11 4 2 0 0 0 1 0 0 0 11116 2834 1 96 98 33 2 2 2 7 1 1 1
853 336 0 11 5 2 0 0 0 1 0 0 0 11478 2944 1 109 101 34 2 2 2 8 2 1 1
908 355 0 12 5 2 0 0 0 2 0 0 0 11714 3104 1 113 102 35 2 2 2 8 2 1 1
943 369 0 12 5 2 0 0 0 2 0 0 0 12413 3359 1 119 107 39 2 2 2 8 2 1 1
993 382 0 12 5 2 0 0 0 2 0 0 0 13713 3662 1 125 124 44 2 2 2 9 2 2 2
1020 389 0 13 5 2 0 0 0 2 0 0 0 13836 3763 1 126 124 45 2 2 2 9 2 2 2
1046 401 0 13 5 2 0 0 0 2 0 0 0 13868 3778 1 127 124 45 2 2 2 10 2 2 2
1062 413 0 14 5 2 0 0 0 2 0 0 0 14010 3835 1 130 124 47 2 2 2 10 2 2 2
1071 435 0 15 5 2 0 0 0 2 0 0 0 14230 3927 1 133 127 47 2 2 2 10 2 2 2
1091 446 0 15 6 2 0 0 0 2 0 0 0 14876 4071 1 141 129 48 3 2 2 11 2 2 2
1126 455 0 15 6 2 0 0 0 2 0 0 0 14998 4094 1 141 129 48 3 2 2 11 2 2 2
1185 475 0 16 6 3 0 0 0 2 0 0 0 15375 4131 1 142 132 48 3 3 2 12 2 2 2
1195 488 0 16 6 3 0 0 0 2 0 0 0 15538 4206 1 146 134 48 3 3 2 13 2 2 2
1245 512 0 16 6 3 0 0 0 2 0 0 0 15920 4307 1 148 136 51 3 3 2 14 2 2 2
1278 523 0 17 7 3 1 0 0 2 0 0 0 16261 4379 1 148 144 52 3 3 2 14 2 2 2
1289 541 0 17 7 3 1 0 0 2 0 0 0 16841 4429 1 150 156 52 3 3 3 14 2 2 2
