# scores for worst/random/best/smart move selector strategies. 
# scores are 50% and 95% quantiles (based on 40 games) of: 
# game score, #destroyed, #unlocked, #stripes, #bombs, #zappers
3 3 0 0 0 0 0 0 0 0 0 0 0 45 28 0 0 0 0 0 0 0 0 0 0 0
9 9 0 0 0 0 0 0 0 0 0 0 0 98 53 0 0 0 0 0 0 0 0 0 0 0
15 15 0 0 0 0 0 0 0 0 0 0 0 152 69 0 1 1 1 0 0 0 0 0 0 0
23 23 0 0 0 0 0 0 0 0 0 0 0 163 97 0 1 1 1 0 0 0 1 0 0 0
39 33 0 0 0 0 0 0 0 0 0 0 0 395 160 0 4 2 1 0 0 0 1 0 0 0
47 40 0 0 0 0 0 0 0 0 0 0 0 588 235 0 4 4 1 0 0 0 1 0 0 0
71 50 0 0 0 0 0 0 0 0 0 0 0 597 244 0 4 4 1 0 0 0 1 0 0 0
85 57 0 0 0 0 0 0 0 0 0 0 0 602 249 0 5 4 1 0 0 0 1 0 0 0
107 69 0 1 0 0 0 0 0 0 0 0 0 815 329 0 7 5 2 0 0 0 1 0 0 0
152 79 0 1 0 0 0 0 0 0 0 0 0 1179 468 0 9 6 3 0 0 0 1 0 0 0
163 84 0 1 1 0 0 0 0 0 0 0 0 1419 550 0 11 7 5 0 0 0 1 0 0 0
168 90 0 1 1 0 0 0 0 0 0 0 0 2329 830 0 16 16 8 0 0 0 2 0 0 0
179 99 0 1 1 0 0 0 0 0 0 0 0 2907 989 0 19 21 12 0 0 0 2 0 0 0
198 105 0 2 1 0 0 0 0 0 0 0 0 2998 1026 0 20 21 12 0 0 0 2 0 0 0
205 113 0 2 1 0 0 0 0 0 0 0 0 3048 1053 0 22 21 12 0 0 0 2 0 0 0
226 129 0 2 1 0 0 0 0 0 0 0 0 3106 1077 0 22 21 12 0 0 0 2 0 0 0
262 137 0 2 1 0 0 0 0 0 0 0 0 3157 1087 0 22 22 12 0 0 0 2 0 0 0
285 145 0 2 1 0 0 0 0 0 0 0 0 3160 1090 0 22 22 12 0 0 0 2 0 0 0
295 156 0 2 2 0 0 0 0 0 0 0 0 4344 1464 0 32 30 16 0 0 0 2 0 0 0
317 177 0 3 2 0 0 0 0 0 0 0 0 4498 1504 0 32 33 17 0 0 0 2 0 0 0
334 187 0 3 2 0 0 0 0 0 0 0 0 4746 1597 0 34 33 17 0 0 0 2 0 0 0
362 196 0 3 2 0 0 0 0 0 0 0 0 4760 1611 0 34 33 17 0 0 0 2 0 0 0
365 208 0 3 2 0 0 0 0 0 0 0 0 5277 1761 0 36 36 18 0 0 0 3 0 0 0
384 215 0 3 2 0 0 0 0 0 0 0 0 5324 1783 0 37 36 18 0 0 0 3 0 0 0
387 221 0 3 2 0 0 0 0 0 0 0 0 5347 1790 0 37 37 18 0 0 0 3 0 0 0
422 231 0 3 2 0 0 0 0 0 0 0 0 5809 1922 0 39 46 18 0 0 0 3 0 0 0
467 245 0 4 2 0 0 0 0 0 0 0 0 5822 1935 0 39 46 18 0 1 0 3 0 0 0
474 252 0 4 2 0 0 0 0 0 0 0 0 6254 2079 0 43 49 19 0 1 0 4 0 0 0
484 263 0 4 3 1 0 0 0 0 0 0 0 6257 2082 0 43 49 19 0 1 0 4 0 0 0
502 276 0 4 3 1 0 0 0 0 0 0 0 6275 2088 0 43 49 19 0 1 0 4 0 0 0
508 279 0 4 3 1 0 0 0 0 0 0 0 6614 2186 0 49 50 21 0 1 0 4 0 0 0
515 284 0 4 3 1 0 0 0 0 0 0 0 6666 2217 0 49 50 21 0 1 0 4 0 0 0
542 293 0 5 3 1 0 0 0 0 0 0 0 7583 2492 0 58 56 28 0 1 0 5 0 0 0
546 302 0 5 3 1 0 0 0 0 0 0 0 7592 2500 0 60 56 29 0 1 0 5 0 0 0
568 312 0 5 3 1 0 0 0 1 0 0 0 7603 2509 0 60 56 29 0 1 0 5 0 0 0
571 323 0 5 3 1 0 0 0 1 0 0 0 8139 2645 0 61 61 30 0 1 0 5 0 0 0
582 331 0 5 3 1 0 0 0 1 0 0 0 8493 2685 0 63 64 33 0 1 0 5 0 0 0
587 341 0 5 4 1 0 0 0 1 0 0 0 8754 2849 0 67 65 33 0 1 0 5 0 0 0
626 345 0 5 4 1 0 0 0 1 0 0 0 8926 2921 0 68 66 34 0 1 0 5 0 0 0
677 358 0 6 4 1 0 0 0 1 0 0 0 8937 2924 0 68 66 34 0 1 0 5 0 0 0
681 366 0 6 4 1 0 0 0 1 0 0 0 8950 2954 0 68 66 34 0 1 0 5 0 0 0
