# scores for worst/random/best/smart move selector strategies. 
# scores are 50% and 95% quantiles (based on 40 games) of: 
# game score, #destroyed, #unlocked, #stripes, #bombs, #zappers
3 3 0 0 0 0 0 0 0 0 0 0 0 45 28 0 0 0 0 0 0 0 0 0 0 0
9 9 0 0 0 0 0 0 0 0 0 0 0 373 149 0 1 2 1 0 0 0 1 0 0 0
31 23 0 0 0 0 0 0 0 0 0 0 0 621 226 0 3 8 1 0 0 0 1 0 0 0
66 36 0 1 0 0 0 0 0 0 0 0 0 1210 315 0 8 19 2 1 0 0 1 0 0 0
128 56 0 1 0 0 0 0 0 0 0 0 0 2095 616 0 10 23 7 1 0 0 1 0 0 0
153 66 0 2 0 1 0 0 0 0 0 0 0 2852 694 0 11 36 7 1 0 1 2 0 1 0
189 80 0 2 1 1 0 0 0 0 0 0 0 3264 856 0 15 39 9 1 0 1 3 1 1 0
250 92 0 3 1 1 0 0 0 1 0 0 0 3648 983 0 23 42 12 1 0 1 3 1 1 0
265 112 0 3 1 1 0 0 0 1 0 0 0 4375 1108 0 29 45 15 1 1 1 3 1 1 1
308 122 0 4 1 1 0 0 0 1 0 0 0 4785 1265 0 34 47 17 2 1 1 4 1 1 1
343 134 0 4 2 1 0 0 0 1 0 0 0 5105 1373 0 43 50 18 2 1 1 4 1 1 1
376 144 0 4 2 1 0 0 0 1 0 0 0 6347 1614 0 45 62 21 2 1 1 4 1 1 1
408 161 0 5 2 1 0 0 0 1 0 0 0 6912 1689 1 52 73 22 2 1 1 4 1 2 1
461 172 0 5 2 2 0 0 0 1 0 0 0 7045 1765 1 63 74 23 2 1 1 4 1 2 1
515 191 0 5 2 2 0 0 0 1 0 0 0 7545 1888 1 69 76 24 2 1 1 5 2 2 1
539 203 0 6 2 2 0 0 0 1 0 0 0 7871 1945 1 80 77 25 2 1 1 5 2 2 1
571 212 0 7 2 2 0 0 0 1 0 0 0 8418 2008 1 86 88 26 2 1 1 5 2 2 1
627 220 0 7 2 2 0 0 0 1 0 0 0 8522 2086 1 100 89 27 2 2 1 6 3 2 1
678 234 0 8 3 3 0 0 0 1 0 0 0 8932 2222 1 101 92 28 2 2 1 6 3 2 1
738 255 0 8 3 3 0 0 0 2 0 0 0 9607 2446 1 106 100 29 2 2 1 6 3 3 1
751 265 0 8 4 3 0 0 0 2 0 0 0 10091 2501 1 107 100 31 2 2 1 7 3 3 1
784 272 0 9 4 3 1 0 0 2 0 0 0 10158 2624 1 117 101 31 2 2 1 7 3 3 1
793 283 0 9 4 3 1 0 0 3 0 0 0 11225 2745 1 119 118 33 2 2 1 8 3 3 1
873 303 0 10 4 3 1 0 0 3 0 0 0 11665 2832 1 130 123 36 2 2 1 8 3 3 1
913 309 0 10 4 4 1 0 0 3 0 0 0 11995 3171 1 136 126 42 2 2 1 8 3 3 1
920 323 0 10 4 4 1 0 0 3 0 0 0 13002 3352 1 146 132 46 2 2 1 9 3 3 1
946 337 0 11 4 4 1 0 0 3 0 0 0 13545 3465 1 149 133 48 2 2 1 9 4 3 1
957 351 0 11 4 4 1 0 0 3 0 0 0 13634 3687 1 151 133 49 2 2 1 10 4 3 1
1001 368 0 12 5 4 1 0 0 3 0 0 0 14353 3775 1 157 137 50 2 2 1 10 4 3 1
1008 386 0 13 5 4 1 0 0 3 0 0 0 14793 3866 1 159 138 52 2 2 1 11 4 3 1
1090 403 0 14 5 5 1 0 0 3 0 0 0 15243 3992 1 174 141 53 2 2 2 12 4 3 1
1195 417 0 15 5 5 1 0 0 3 0 0 0 15702 4197 1 175 150 54 3 2 2 12 4 3 1
1209 423 0 15 6 5 1 0 0 3 0 0 0 16008 4296 1 179 154 55 3 2 2 12 4 3 1
1223 437 0 16 6 5 1 0 0 3 0 0 0 16086 4338 1 195 157 57 3 2 2 12 5 3 1
1284 447 0 16 6 5 1 0 0 3 0 0 0 16202 4392 1 195 157 57 3 2 2 13 5 3 1
1328 477 0 16 6 5 1 0 0 3 0 0 0 17224 4611 1 200 166 62 3 2 2 13 5 4 1
1355 488 0 17 7 5 1 0 0 4 0 0 0 17497 4707 1 203 181 62 3 2 2 14 5 4 1
1369 501 0 18 7 5 1 0 0 4 0 0 0 17823 4791 1 203 184 65 3 2 2 14 5 4 1
1400 520 0 18 7 5 1 0 0 4 0 0 0 18002 4842 1 204 184 65 3 2 2 15 5 4 1
1496 533 0 18 7 5 1 0 0 4 0 0 0 19243 4964 1 207 203 67 3 2 2 15 5 5 1
1529 548 0 19 7 5 1 0 0 4 0 0 0 19815 5093 1 210 209 67 3 3 2 15 5 5 1
