# scores for worst/random/best/smart move selector strategies. 
# scores are 50% and 95% quantiles (based on 40 games) of: 
# game score, #destroyed, #unlocked, #stripes, #bombs, #zappers
3 3 0 0 0 0 0 0 0 0 0 0 0 45 28 0 0 0 0 0 0 0 0 0 0 0
9 9 0 0 0 0 0 0 0 0 0 0 0 48 31 0 0 0 0 0 0 0 0 0 0 0
12 12 0 0 0 0 0 0 0 0 0 0 0 76 48 0 1 0 0 0 0 0 0 0 0 0
17 17 0 0 0 0 0 0 0 0 0 0 0 88 51 0 1 0 0 0 0 0 0 0 0 0
25 25 0 0 0 0 0 0 0 0 0 0 0 91 58 0 1 0 0 0 0 0 0 0 0 0
31 31 0 0 0 0 0 0 0 0 0 0 0 96 68 0 1 0 0 0 0 0 0 0 0 0
37 37 0 0 0 0 0 0 0 0 0 0 0 101 73 0 1 0 0 0 0 0 0 0 0 0
44 43 0 0 0 0 0 0 0 0 0 0 0 117 90 0 1 1 0 0 0 0 0 0 0 0
55 51 0 0 0 0 0 0 0 0 0 0 0 152 105 0 2 1 0 0 0 0 0 0 0 0
63 58 0 0 0 0 0 0 0 0 0 0 0 222 114 0 2 2 0 0 0 0 0 0 0 0
75 64 0 0 0 0 0 0 0 0 0 0 0 225 124 0 2 2 0 0 0 0 0 0 0 0
84 70 0 0 0 0 0 0 0 0 0 0 0 232 127 0 2 2 0 0 0 0 0 0 0 0
95 78 0 0 0 0 0 0 0 0 0 0 0 271 147 0 2 2 0 0 0 0 0 0 0 0
105 84 0 0 0 0 0 0 0 0 0 0 0 279 153 0 2 2 0 0 0 0 0 0 0 0
114 88 0 0 0 0 0 0 0 0 0 0 0 374 204 0 4 3 1 0 0 0 0 0 0 0
125 95 0 0 0 0 0 0 0 0 0 0 0 377 207 0 4 3 1 0 0 0 0 0 0 0
138 105 0 1 0 0 0 0 0 0 0 0 0 380 210 0 4 3 1 0 0 0 0 0 0 0
141 108 0 1 0 0 0 0 0 0 0 0 0 383 213 0 4 3 1 0 0 0 0 0 0 0
145 116 0 1 0 0 0 0 0 0 0 0 0 391 221 0 4 3 1 0 0 0 0 0 0 0
151 119 0 1 0 0 0 0 0 0 0 0 0 399 229 0 4 3 1 0 0 0 0 0 0 0
170 128 0 1 0 0 0 0 0 0 0 0 0 499 297 0 6 4 1 0 0 0 0 0 0 0
177 132 0 1 0 0 0 0 0 0 0 0 0 502 300 0 6 4 1 0 0 0 0 0 0 0
201 138 0 1 1 0 0 0 0 0 0 0 0 509 307 0 6 4 1 0 0 0 0 0 0 0
218 151 0 1 1 0 0 0 0 0 0 0 0 518 311 0 6 4 1 0 0 0 0 0 0 0
224 160 0 1 1 0 0 0 0 0 0 0 0 521 314 0 6 4 1 0 0 0 0 0 0 0
228 163 0 1 1 0 0 0 0 0 0 0 0 524 317 0 6 4 1 0 0 0 0 0 0 0
242 178 0 1 1 0 0 0 0 0 0 0 0 527 320 0 6 4 1 0 0 0 0 0 0 0
246 185 0 1 1 0 0 0 0 0 0 0 0 530 323 0 6 4 1 0 0 0 0 0 0 0
279 191 0 2 2 0 0 0 0 0 0 0 0 535 328 0 6 5 1 0 0 0 0 0 0 0
284 200 0 2 2 0 0 0 0 0 0 0 0 569 339 0 6 5 1 0 0 0 0 0 0 0
321 211 0 2 2 0 0 0 0 0 0 0 0 581 348 0 6 5 1 0 0 0 0 0 0 0
326 215 0 2 2 0 0 0 0 0 0 0 0 603 352 0 7 5 1 0 0 0 0 0 0 0
351 219 0 2 2 0 0 0 0 0 0 0 0 684 391 0 7 5 1 0 0 0 0 0 0 0
358 224 0 2 2 0 0 0 0 0 0 0 0 1561 628 0 12 10 5 0 0 0 0 0 0 0
379 236 0 2 2 0 0 0 0 0 0 0 0 1986 779 0 14 13 6 0 0 0 0 0 0 0
387 244 0 2 2 0 0 0 0 0 0 0 0 1990 783 0 14 13 6 0 0 0 0 0 0 0
394 247 0 2 2 0 0 0 0 0 0 0 0 2217 859 0 16 16 7 0 0 0 0 0 0 0
405 251 0 2 2 0 0 0 0 0 0 0 0 2225 866 0 16 16 7 0 0 0 0 0 0 0
417 256 0 3 2 0 0 0 0 0 0 0 0 2228 869 0 17 16 7 0 0 0 0 0 0 0
432 264 0 3 2 0 0 0 0 0 0 0 0 2231 872 0 17 16 7 0 0 0 0 0 0 0
452 270 0 3 2 0 0 0 0 0 0 0 0 2236 877 0 17 16 7 0 0 0 0 0 0 0
