# scores for worst/random/best/smart move selector strategies. 
# scores are 50% and 95% quantiles (based on 40 games) of: 
# game score, #destroyed, #unlocked, #stripes, #bombs, #zappers
0 0 0 0 0 0 0 0 0 0 0 0 0 6 6 0 0 0 0 0 0 0 0 0 0 0
6 6 0 0 0 0 0 0 0 0 0 0 0 13 13 0 0 0 0 0 0 0 0 0 0 0
9 9 0 0 0 0 0 0 0 0 0 0 0 26 26 0 0 0 0 0 0 0 0 0 0 0
15 15 0 0 0 0 0 0 0 0 0 0 0 34 32 0 0 0 0 0 0 0 0 0 0 0
21 21 0 0 0 0 0 0 0 0 0 0 0 41 38 0 0 0 0 0 0 0 0 0 0 0
27 27 0 0 0 0 0 0 0 0 0 0 0 66 46 0 1 0 0 0 0 0 0 0 0 0
33 32 0 0 0 0 0 0 0 0 0 0 0 95 59 0 1 0 0 0 0 0 0 0 0 0
39 38 0 0 0 0 0 0 0 0 0 0 0 108 66 1 2 0 0 0 0 0 0 0 0 0
45 42 0 0 0 0 0 0 0 0 0 0 0 113 69 1 2 0 0 0 0 0 0 0 0 0
48 47 0 0 0 0 0 0 0 0 0 0 0 120 75 1 2 0 0 0 0 0 0 0 0 0
53 51 0 0 0 0 0 0 0 0 0 0 0 131 85 1 2 0 0 0 0 0 0 0 0 0
58 54 0 0 0 0 0 0 0 0 0 0 0 165 99 1 2 0 0 0 0 0 0 0 0 0
65 58 0 0 0 0 0 0 0 0 0 0 0 182 104 1 3 1 0 1 0 0 0 0 0 0
69 63 0 0 0 0 0 0 0 0 0 0 0 187 108 1 3 1 0 1 0 0 0 0 0 0
79 71 0 0 0 0 0 0 0 0 0 0 0 228 117 1 3 1 0 1 0 0 0 0 0 0
100 76 0 1 0 0 0 0 0 0 0 0 0 307 129 2 4 2 1 1 0 0 0 0 0 0
113 81 0 1 0 0 0 0 0 0 0 0 0 315 132 5 4 2 1 1 0 0 0 0 0 0
126 90 0 1 0 0 0 0 0 0 0 0 0 330 135 6 5 2 1 1 1 0 0 0 0 0
136 97 0 1 0 0 0 0 0 0 0 0 0 334 141 6 5 2 1 1 1 0 1 0 0 0
147 103 0 2 0 0 0 0 0 0 0 0 0 349 147 6 5 2 1 1 1 0 1 0 0 0
164 110 0 2 0 0 0 0 0 0 0 0 0 380 157 6 6 2 1 1 1 0 1 0 0 0
169 116 0 2 0 0 0 0 0 0 0 0 0 386 164 6 6 2 1 1 1 0 1 0 0 0
177 120 0 2 0 0 0 0 0 0 0 0 0 404 181 6 6 2 1 1 1 0 1 0 0 0
195 125 0 2 0 0 0 0 0 0 0 0 0 427 190 6 7 2 1 1 1 0 1 0 0 0
212 133 0 2 0 0 0 0 0 0 0 0 0 433 199 6 7 2 1 1 1 0 1 0 0 0
217 136 0 2 0 0 0 0 0 0 0 0 0 438 203 6 7 2 1 1 1 0 1 0 0 0
225 143 0 3 0 0 0 0 0 0 0 0 0 542 234 6 10 2 1 1 1 0 1 0 0 0
231 150 0 3 0 0 0 0 0 0 0 0 0 595 244 6 10 2 1 1 1 0 1 0 0 0
236 154 0 3 0 0 0 0 0 0 0 0 0 634 258 6 10 2 1 1 1 0 1 0 0 0
246 161 0 3 0 0 0 0 0 0 0 0 0 638 264 6 10 2 1 1 1 0 1 0 0 0
270 172 0 3 0 0 0 0 0 0 0 0 0 645 270 6 10 2 1 1 1 0 1 0 0 0
275 175 0 3 0 0 0 0 0 0 0 0 0 650 273 6 10 2 1 1 1 0 1 0 0 0
279 181 0 4 0 0 0 0 0 0 0 0 0 657 280 6 10 2 1 1 1 0 1 0 0 0
302 188 0 4 0 0 0 0 0 0 0 0 0 721 301 6 11 2 2 1 1 0 2 0 0 0
322 194 0 4 0 0 0 0 0 0 0 0 0 728 307 6 12 3 2 1 1 0 2 0 0 0
326 199 0 4 0 0 0 0 0 0 0 0 0 733 312 6 12 3 2 1 1 0 2 0 0 0
340 206 0 4 0 0 0 0 0 0 0 0 0 740 319 6 12 3 2 1 1 0 2 0 0 0
349 210 0 4 1 0 0 0 0 0 0 0 0 889 355 6 14 3 2 1 1 0 2 0 0 0
357 215 0 4 1 0 0 0 0 0 0 0 0 984 365 6 15 3 2 1 1 0 2 0 0 0
362 220 0 4 1 0 0 0 0 0 0 0 0 995 385 6 15 3 2 1 1 0 2 0 0 0
368 226 0 4 1 0 0 0 0 0 0 0 0 1044 389 6 16 3 2 1 1 0 2 0 0 0
