# scores for worst/random/best/smart move selector strategies. 
# scores are 50% and 95% quantiles (based on 40 games) of: 
# game score, #destroyed, #unlocked, #stripes, #bombs, #zappers
0 0 0 0 0 0 0 0 0 0 0 0 0 6 6 0 0 0 0 0 0 0 0 0 0 0
6 6 0 0 0 0 0 0 0 0 0 0 0 19 13 0 0 0 0 0 0 0 0 0 0 0
9 9 0 0 0 0 0 0 0 0 0 0 0 40 17 0 0 0 0 0 0 0 0 0 0 0
15 15 0 0 0 0 0 0 0 0 0 0 0 55 21 0 0 0 0 0 0 0 0 0 0 0
21 21 0 0 0 0 0 0 0 0 0 0 0 60 30 0 1 0 0 0 0 0 0 0 0 0
24 24 0 0 0 0 0 0 0 0 0 0 0 78 37 0 1 0 0 0 0 0 0 0 0 0
29 29 0 0 0 0 0 0 0 0 0 0 0 81 44 0 1 0 0 0 0 0 0 0 0 0
33 33 0 0 0 0 0 0 0 0 0 0 0 93 47 0 1 0 0 0 0 0 0 0 0 0
36 36 0 0 0 0 0 0 0 0 0 0 0 108 59 0 1 0 0 0 0 0 0 0 0 0
42 42 0 0 0 0 0 0 0 0 0 0 0 126 65 0 1 0 0 0 0 0 0 0 0 0
48 48 0 0 0 0 0 0 0 0 0 0 0 149 73 0 2 0 0 0 0 0 0 0 0 0
54 51 0 0 0 0 0 0 0 0 0 0 0 164 86 0 3 1 0 0 0 0 0 0 0 0
57 56 0 0 0 0 0 0 0 0 0 0 0 183 90 1 3 1 0 0 0 0 0 0 0 0
62 61 0 0 0 0 0 0 0 0 0 0 0 186 93 1 3 1 0 0 0 0 0 0 0 0
72 69 0 0 0 0 0 0 0 0 0 0 0 189 96 1 3 1 1 0 0 0 1 0 0 0
80 74 0 0 0 0 0 0 0 0 0 0 0 200 103 1 3 1 1 0 0 0 1 0 0 0
83 77 0 0 0 0 0 0 0 0 0 0 0 209 109 1 3 1 1 0 0 0 1 0 0 0
90 81 0 0 0 0 0 0 0 0 0 0 0 218 115 1 3 1 1 0 0 0 1 0 0 0
109 86 0 0 0 0 0 0 0 0 0 0 0 222 118 1 4 1 1 1 0 0 1 0 0 0
112 91 0 0 0 0 0 0 0 0 0 0 0 225 121 1 4 1 1 1 0 0 1 0 0 0
119 98 0 0 0 0 0 0 0 0 0 0 0 228 128 2 4 1 1 1 0 0 1 0 0 0
127 101 0 1 0 0 0 0 0 0 0 0 0 231 131 2 4 1 1 1 0 0 1 0 0 0
133 105 0 1 0 0 0 0 0 0 0 0 0 255 135 2 4 1 1 1 0 0 1 0 0 0
140 110 0 1 0 0 0 0 0 0 0 0 0 261 138 2 5 2 1 1 0 0 1 0 0 0
147 113 0 1 0 0 0 0 0 0 0 0 0 266 144 2 5 2 1 1 0 0 1 0 0 0
150 117 0 1 0 0 0 0 0 0 0 0 0 273 147 2 5 2 1 1 0 0 1 0 0 0
157 122 0 1 0 0 0 0 0 0 0 0 0 278 150 2 5 2 1 1 0 0 1 0 0 0
162 130 0 1 0 0 0 0 0 0 0 0 0 281 154 2 5 2 1 1 0 0 1 0 0 0
165 133 0 1 0 0 0 0 0 0 0 0 0 299 167 2 5 2 1 1 0 0 1 0 0 0
181 139 0 1 0 0 0 0 0 0 0 0 0 302 173 2 5 2 1 1 0 0 1 0 0 0
187 143 0 1 0 0 0 0 0 0 0 0 0 320 176 2 6 2 1 1 0 0 1 0 0 0
194 150 0 1 0 0 0 0 0 0 0 0 0 324 189 2 6 2 1 1 0 0 1 0 0 0
197 153 0 1 0 0 0 0 0 0 0 0 0 347 195 2 6 2 1 1 0 0 1 0 0 0
204 157 0 1 0 0 0 0 0 0 0 0 0 369 211 2 6 2 1 1 0 0 1 0 0 0
228 165 0 2 0 0 0 0 0 0 0 0 0 372 214 2 6 2 1 1 0 0 1 0 0 0
232 169 0 2 0 0 0 0 0 0 0 0 0 380 221 2 6 2 1 1 0 0 1 0 0 0
240 172 0 2 0 0 0 0 0 0 0 0 0 383 224 2 6 2 1 1 0 0 1 0 0 0
243 177 0 2 0 0 0 0 0 0 0 0 0 388 227 2 6 2 1 1 0 0 1 0 0 0
259 180 0 2 1 0 0 0 0 0 0 0 0 394 236 2 6 2 1 1 0 0 1 0 0 0
266 185 0 2 1 0 0 0 0 0 0 0 0 397 239 2 6 2 1 1 0 0 1 0 0 0
273 191 0 2 1 0 0 0 0 0 0 0 0 400 245 2 6 2 1 1 0 0 1 0 0 0
