# scores for worst/random/best/smart move selector strategies. 
# scores are 50% and 95% quantiles (based on 40 games) of: 
# game score, #destroyed, #unlocked, #stripes, #bombs, #zappers
0 0 0 0 0 0 0 0 0 0 0 0 0 6 6 0 0 0 0 0 0 0 0 0 0 0
6 6 0 0 0 0 0 0 0 0 0 0 0 34 16 0 0 0 0 0 0 0 0 0 0 0
9 9 0 0 0 0 0 0 0 0 0 0 0 38 21 0 0 0 0 0 0 0 0 0 0 0
15 15 0 0 0 0 0 0 0 0 0 0 0 44 30 0 0 0 0 0 0 0 0 0 0 0
18 18 0 0 0 0 0 0 0 0 0 0 0 49 37 0 0 0 0 0 0 0 0 0 0 0
24 24 0 0 0 0 0 0 0 0 0 0 0 58 40 0 1 0 0 0 0 0 0 0 0 0
30 30 0 0 0 0 0 0 0 0 0 0 0 71 50 0 1 0 0 0 0 0 0 0 0 0
36 35 0 0 0 0 0 0 0 0 0 0 0 103 56 0 1 0 0 0 0 0 0 0 0 0
47 40 0 0 0 0 0 0 0 0 0 0 0 114 64 0 2 1 0 0 0 0 0 0 0 0
51 47 0 0 0 0 0 0 0 0 0 0 0 118 67 1 2 1 0 0 0 0 0 0 0 0
57 52 0 0 0 0 0 0 0 0 0 0 0 136 71 1 2 1 0 0 0 0 0 0 0 0
68 59 0 0 0 0 0 0 0 0 0 0 0 150 78 1 2 1 0 1 0 0 0 0 0 0
88 64 0 1 0 0 0 0 0 0 0 0 0 170 90 4 3 1 0 1 0 0 0 0 0 0
97 70 0 1 0 0 0 0 0 0 0 0 0 183 96 5 3 1 0 1 0 0 0 0 0 0
106 76 0 1 0 0 0 0 0 0 0 0 0 211 113 5 3 1 0 1 0 0 0 0 0 0
113 82 0 1 0 0 0 0 0 0 0 0 0 242 117 5 3 1 0 1 0 0 0 0 0 0
123 86 0 1 0 0 0 0 0 0 0 0 0 293 129 5 5 1 1 1 0 0 1 0 0 0
134 93 0 1 0 0 0 0 0 0 0 0 0 323 136 5 6 1 1 1 0 0 1 0 0 0
152 97 0 2 0 0 0 0 0 0 0 0 0 362 149 5 6 1 1 1 0 0 1 0 0 0
157 103 0 2 0 0 0 0 0 0 0 0 0 391 155 5 6 1 1 1 0 0 1 0 0 0
164 108 0 2 0 0 0 0 0 0 0 0 0 396 161 5 6 1 1 1 0 0 1 0 0 0
182 119 0 2 0 0 0 0 0 0 0 0 0 402 167 5 6 1 1 1 0 0 1 0 0 0
200 123 0 2 0 0 0 0 0 0 0 0 0 408 172 5 6 2 1 1 0 0 1 0 0 0
214 132 0 3 0 0 0 0 0 0 0 0 0 415 176 5 6 2 1 1 0 0 1 0 0 0
231 139 0 3 0 0 0 0 0 0 0 0 0 428 179 5 8 2 1 1 0 0 1 0 0 0
240 145 0 3 0 0 0 0 0 0 0 0 0 435 185 5 8 2 1 1 0 0 1 0 0 0
247 154 0 3 1 0 0 0 0 0 0 0 0 442 205 5 8 2 2 1 0 0 2 0 0 0
258 160 0 3 1 0 0 0 0 0 0 0 0 447 210 5 8 2 2 1 0 0 2 0 0 0
270 164 0 3 1 0 0 0 0 0 0 0 0 475 228 5 8 2 2 1 0 0 2 0 0 0
291 171 0 4 1 0 0 0 0 0 0 0 0 519 240 5 8 2 2 1 0 0 2 0 0 0
315 178 0 4 1 0 0 0 0 0 0 0 0 562 254 5 8 2 2 1 0 1 2 0 0 0
319 183 0 4 1 0 0 0 0 0 0 0 0 579 272 5 9 2 2 1 0 1 2 1 0 0
327 194 0 4 1 0 0 0 0 0 0 0 0 647 294 5 9 2 2 1 1 1 2 1 0 0
338 198 0 4 1 0 0 0 0 0 0 0 0 698 308 5 11 3 2 1 1 1 2 1 0 0
351 203 0 5 1 0 0 0 0 0 0 0 0 705 315 5 11 3 2 2 1 1 2 1 0 0
361 210 0 5 1 0 0 0 0 0 0 0 0 768 333 6 11 3 2 2 1 1 2 1 0 0
381 216 0 5 1 0 0 0 0 0 0 0 0 835 361 6 11 3 3 2 1 1 3 1 0 0
385 219 0 5 1 0 0 0 0 0 0 0 0 842 368 6 11 3 3 2 1 1 3 1 0 0
394 226 0 6 1 0 0 0 0 0 0 0 0 905 387 7 12 4 3 2 1 1 3 1 0 0
400 232 0 6 1 0 0 0 0 0 0 0 0 910 392 7 12 4 3 2 1 1 3 1 0 0
412 236 0 6 1 0 0 0 0 0 0 0 0 953 403 7 13 4 3 2 1 1 3 1 0 0
