# scores for worst/random/best/smart move selector strategies. 
# scores are 50% and 95% quantiles (based on 40 games) of: 
# game score, #destroyed, #unlocked, #stripes, #bombs, #zappers
0 0 0 0 0 0 0 0 0 0 0 0 0 6 6 0 0 0 0 0 0 0 0 0 0 0
6 6 0 0 0 0 0 0 0 0 0 0 0 16 16 0 0 0 0 0 0 0 0 0 0 0
9 9 0 0 0 0 0 0 0 0 0 0 0 22 22 0 0 0 0 0 0 0 0 0 0 0
13 13 0 0 0 0 0 0 0 0 0 0 0 28 28 0 0 0 0 0 0 0 0 0 0 0
18 18 0 0 0 0 0 0 0 0 0 0 0 33 33 0 0 0 0 0 0 0 0 0 0 0
24 24 0 0 0 0 0 0 0 0 0 0 0 53 37 0 0 0 0 0 0 0 0 0 0 0
30 30 0 0 0 0 0 0 0 0 0 0 0 64 42 0 1 0 0 0 0 0 0 0 0 0
33 33 0 0 0 0 0 0 0 0 0 0 0 73 45 0 1 0 0 0 0 0 0 0 0 0
37 37 0 0 0 0 0 0 0 0 0 0 0 79 48 0 1 0 0 0 0 0 0 0 0 0
42 42 0 0 0 0 0 0 0 0 0 0 0 82 56 0 1 0 0 0 0 0 0 0 0 0
45 45 0 0 0 0 0 0 0 0 0 0 0 85 60 0 1 0 0 0 0 0 0 0 0 0
48 48 0 0 0 0 0 0 0 0 0 0 0 103 68 0 1 0 0 0 0 0 0 0 0 0
54 54 0 0 0 0 0 0 0 0 0 0 0 106 74 0 1 0 0 0 0 0 0 0 0 0
60 60 0 0 0 0 0 0 0 0 0 0 0 120 82 0 1 1 0 0 0 0 0 0 0 0
66 66 0 0 0 0 0 0 0 0 0 0 0 125 85 0 1 1 0 0 0 0 0 0 0 0
69 69 0 0 0 0 0 0 0 0 0 0 0 136 94 0 1 1 0 0 0 0 0 0 0 0
75 73 0 0 0 0 0 0 0 0 0 0 0 139 99 0 1 1 0 0 0 0 0 0 0 0
79 78 0 0 0 0 0 0 0 0 0 0 0 149 107 1 1 1 0 0 0 0 0 0 0 0
88 83 0 0 0 0 0 0 0 0 0 0 0 153 112 1 1 1 0 0 0 0 0 0 0 0
91 86 0 0 0 0 0 0 0 0 0 0 0 159 115 1 1 1 0 0 0 0 0 0 0 0
94 91 0 0 0 0 0 0 0 0 0 0 0 176 131 1 1 1 0 0 0 0 0 0 0 0
97 95 0 0 0 0 0 0 0 0 0 0 0 179 134 1 2 1 0 0 0 0 0 0 0 0
104 98 0 0 0 0 0 0 0 0 0 0 0 199 142 1 2 1 0 0 0 0 0 0 0 0
113 102 0 0 0 0 0 0 0 0 0 0 0 202 145 1 2 1 0 0 0 0 0 0 0 0
122 108 0 0 0 0 0 0 0 0 0 0 0 210 149 1 2 1 0 0 0 0 0 0 0 0
134 116 0 0 0 0 0 0 0 0 0 0 0 213 153 1 2 1 0 0 0 0 0 0 0 0
137 121 0 0 0 0 0 0 0 0 0 0 0 222 158 1 2 1 0 0 0 0 0 0 0 0
146 126 0 0 0 0 0 0 0 0 0 0 0 226 162 1 2 2 0 0 0 0 0 0 0 0
149 129 0 0 0 0 0 0 0 0 0 0 0 235 165 1 2 2 0 0 0 0 0 0 0 0
152 133 0 0 0 0 0 0 0 0 0 0 0 238 170 1 2 2 0 0 0 0 0 0 0 0
155 136 0 0 0 0 0 0 0 0 0 0 0 242 175 1 2 2 0 0 0 0 0 0 0 0
169 142 0 0 0 0 0 0 0 0 0 0 0 252 180 1 2 2 0 0 0 0 0 0 0 0
172 148 0 0 0 0 0 0 0 0 0 0 0 255 183 1 3 2 0 0 0 0 0 0 0 0
176 152 0 0 0 0 0 0 0 0 0 0 0 268 187 1 3 2 0 0 0 0 0 0 0 0
179 157 0 0 0 0 0 0 0 0 0 0 0 272 190 1 3 2 0 0 0 0 0 0 0 0
182 161 0 0 0 0 0 0 0 0 0 0 0 279 202 1 3 2 0 0 0 0 0 0 0 0
191 166 0 0 0 0 0 0 0 0 0 0 0 282 206 1 3 2 0 0 0 0 0 0 0 0
194 170 0 1 0 0 0 0 0 0 0 0 0 285 213 1 3 2 0 0 0 0 0 0 0 0
198 173 0 1 0 0 0 0 0 0 0 0 0 294 218 1 3 2 0 0 0 0 0 0 0 0
201 178 0 1 0 0 0 0 0 0 0 0 0 298 224 1 3 2 0 0 0 0 0 0 0 0
206 182 0 1 0 0 0 0 0 0 0 0 0 301 230 1 3 2 0 0 0 0 0 0 0 0
