# scores for worst/random/best/smart move selector strategies. 
# scores are 50% and 95% quantiles (based on 40 games) of: 
# game score, #destroyed, #unlocked, #stripes, #bombs, #zappers
0 0 0 0 0 0 0 0 0 0 0 0 0 6 6 0 0 0 0 0 0 0 0 0 0 0
3 3 0 0 0 0 0 0 0 0 0 0 0 7 7 0 0 0 0 0 0 0 0 0 0 0
6 6 0 0 0 0 0 0 0 0 0 0 0 695 89 20 10 8 0 0 0 0 0 0 0 0
9 9 0 0 0 0 0 0 0 0 0 0 0 894 98 21 11 11 0 0 0 0 0 0 0 0
12 12 0 0 0 0 0 0 0 0 0 0 0 1021 109 24 12 14 0 0 0 0 0 0 0 0
15 15 0 0 0 0 0 0 0 0 0 0 0 1209 138 26 13 17 0 0 0 0 0 0 0 0
18 17 0 0 0 0 0 0 0 0 0 0 0 1327 145 30 14 20 0 0 1 0 0 0 0 0
21 21 0 0 0 0 0 0 0 0 0 0 0 1345 158 32 15 20 0 1 1 0 0 0 0 0
43 28 1 0 0 0 0 0 0 0 0 0 0 1373 167 32 15 21 0 1 1 0 0 0 0 0
308 66 7 4 2 0 0 0 0 0 0 0 0 1403 190 32 15 21 0 1 1 0 0 0 0 0
711 110 11 9 8 0 0 0 0 0 0 0 0 1426 203 33 15 22 0 1 1 0 0 0 0 0
1250 126 22 13 18 0 0 0 0 0 0 0 0 1473 207 33 16 22 0 1 1 0 0 0 0 0
1274 141 22 13 19 0 0 0 0 0 0 0 0 1506 221 33 16 22 1 1 1 0 0 0 0 0
1300 150 23 14 20 0 0 0 0 0 0 0 0 1513 232 33 16 22 1 1 1 0 0 0 0 0
1307 155 24 14 20 0 0 0 0 0 0 0 0 1524 238 33 17 22 1 1 1 0 0 0 0 0
1336 162 24 14 20 0 0 0 0 0 0 0 0 1527 241 33 17 22 1 1 1 0 0 0 0 0
1361 166 27 14 20 0 0 0 0 0 0 0 0 1550 248 33 17 22 1 1 1 0 0 0 0 0
1374 174 27 14 20 0 0 0 0 0 0 0 0 1596 278 33 18 22 1 1 1 1 0 0 0 0
1379 188 27 14 20 0 0 0 0 0 0 0 0 1605 281 33 18 22 1 1 1 1 0 0 0 0
1391 197 27 15 20 0 0 0 0 0 0 0 0 1655 286 33 18 22 1 1 1 1 0 0 0 0
1397 206 27 15 20 0 0 0 0 0 0 0 0 1674 292 33 19 22 1 1 1 1 0 0 0 0
1415 218 27 15 20 0 0 0 0 0 0 0 0 1805 320 33 20 23 1 1 1 1 0 0 0 0
1429 231 27 15 21 0 0 0 0 0 0 0 0 1822 330 33 20 23 1 1 1 1 0 0 0 0
1448 238 28 15 21 0 0 0 0 0 0 0 0 1830 344 33 20 23 1 1 1 1 0 0 0 0
1478 250 28 15 21 0 0 0 0 0 0 0 0 1844 363 33 20 23 1 1 1 1 0 0 0 0
1491 257 28 16 21 0 0 0 0 0 0 0 0 1909 378 33 20 23 1 1 1 1 1 0 0 0
1494 260 28 16 21 0 0 0 0 0 0 0 0 1917 389 33 20 23 1 1 1 1 1 0 0 0
1518 270 28 16 21 0 0 0 0 0 0 0 0 1920 403 33 20 23 1 1 1 1 1 0 0 0
1538 273 28 16 21 0 0 0 0 0 0 0 0 1923 420 33 21 24 1 1 1 1 1 0 0 0
1546 276 28 16 21 0 0 0 0 0 0 0 0 1958 428 33 22 24 1 1 1 1 1 0 0 0
1578 289 28 16 21 0 0 0 0 0 0 0 0 1968 437 33 23 24 2 1 1 1 1 0 0 0
1582 305 28 17 21 0 0 0 0 0 0 0 0 2073 445 33 23 25 2 1 1 1 1 0 0 0
1610 316 28 17 21 0 0 0 0 0 0 0 0 2079 450 33 23 25 2 1 1 1 1 0 0 0
1645 322 28 17 21 0 0 0 0 0 0 0 0 2143 467 33 23 25 2 1 1 1 1 0 0 0
1648 326 28 17 21 0 0 0 0 0 0 0 0 2146 479 33 23 25 2 1 1 1 1 0 0 0
1653 332 28 18 21 0 0 0 0 0 0 0 0 2150 483 33 23 25 2 1 1 1 1 0 0 0
1700 339 28 18 21 0 0 0 0 0 0 0 0 2153 490 33 23 25 2 1 1 1 1 0 0 0
1703 344 28 18 21 0 0 0 0 0 0 0 0 2161 495 33 24 25 2 1 1 1 1 0 0 0
1716 355 28 18 21 0 0 0 0 0 0 0 0 2164 499 33 24 25 2 1 1 1 1 0 0 0
1723 370 28 18 21 0 0 0 0 0 0 0 0 2206 517 33 24 25 2 1 1 1 1 0 0 0
1731 385 28 18 21 0 0 0 0 0 0 0 0 2211 522 33 24 25 2 1 1 1 1 0 0 0
