# scores for worst/random/best/smart move selector strategies. 
# scores are 50% and 95% quantiles (based on 40 games) of: 
# game score, #destroyed, #unlocked, #stripes, #bombs, #zappers
3 3 0 0 0 0 0 0 0 0 0 0 0 11 11 0 0 0 0 0 0 0 0 0 0 0
7 7 0 0 0 0 0 0 0 0 0 0 0 742 69 15 7 11 0 0 0 0 0 0 0 0
15 15 0 0 0 0 0 0 0 0 0 0 0 1315 146 32 15 20 0 0 0 1 0 0 0 0
104 28 4 1 1 0 0 0 0 0 0 0 0 1389 157 36 16 20 1 0 1 1 1 0 0 0
1285 124 26 14 20 0 0 0 0 0 0 0 0 1470 184 39 17 21 2 1 1 1 1 0 0 0
1308 134 28 15 20 0 0 0 0 0 0 0 0 1544 213 39 17 21 2 1 1 1 1 0 0 0
1373 155 29 15 20 0 0 0 0 0 0 0 0 1598 241 39 18 21 2 1 1 1 2 0 0 0
1396 177 30 16 20 0 0 0 0 0 0 0 0 2096 269 39 20 31 2 1 1 1 2 0 0 0
1451 206 30 16 20 1 0 1 0 0 0 0 0 2215 297 39 28 31 2 1 2 1 2 1 0 0
1534 234 30 17 21 1 0 1 0 1 0 0 0 2272 323 39 28 32 3 1 2 1 2 1 0 0
1609 261 30 17 21 1 0 1 0 1 0 0 0 2288 357 39 29 32 3 2 2 1 2 1 0 0
1668 284 30 18 21 1 0 1 0 1 0 0 0 2345 367 39 29 32 3 2 2 1 3 1 0 0
1761 315 30 19 21 1 0 1 0 1 0 0 0 2375 422 39 37 32 3 2 2 1 3 1 0 0
1794 334 30 20 21 2 0 1 0 1 0 0 0 2461 452 39 38 33 4 2 2 1 3 1 0 0
1812 347 30 20 21 2 0 1 0 2 0 0 0 2467 464 39 38 33 4 2 3 1 3 1 0 0
1909 372 30 21 22 2 0 1 0 2 0 0 0 2514 495 39 39 33 4 2 3 1 3 1 0 0
1969 399 30 22 22 2 0 1 0 2 0 0 0 2581 516 39 39 34 4 2 3 1 3 1 0 0
1994 417 30 22 22 2 0 1 0 2 0 0 0 2596 533 39 39 34 4 2 3 1 3 1 0 0
2061 443 30 23 23 2 0 1 0 2 0 0 0 2654 562 39 40 34 5 2 3 2 4 1 0 0
2125 466 30 23 23 2 0 1 0 2 0 0 0 2681 580 39 40 34 5 2 3 2 5 1 0 0
2207 479 30 23 23 3 0 1 0 2 0 0 0 2767 606 39 40 35 6 2 3 2 5 1 0 0
2258 506 30 25 24 3 0 1 0 2 0 0 0 3152 636 39 47 35 6 2 3 2 5 1 0 0
2315 525 30 26 24 3 0 1 0 3 0 0 0 3209 651 39 48 35 6 2 3 2 5 1 0 0
2367 540 30 26 24 3 1 1 0 3 0 0 0 3313 680 39 48 42 6 3 3 2 5 1 1 0
2389 569 30 27 24 3 1 1 0 3 0 0 0 3551 706 39 49 42 6 3 4 2 5 1 1 0
2500 594 30 27 24 3 1 1 0 3 0 0 0 3631 741 39 51 42 7 3 4 2 6 2 1 0
2638 623 30 28 24 4 1 1 0 3 0 0 0 3641 756 39 52 42 7 3 4 2 6 2 1 0
2686 649 30 29 25 4 1 1 0 3 0 0 0 3725 799 39 55 44 7 3 4 2 6 2 1 0
2788 680 30 30 25 4 1 1 0 3 0 0 0 3761 816 39 56 44 7 3 4 2 6 2 1 0
2826 695 30 30 26 5 1 1 0 3 0 0 0 3861 857 39 57 45 8 3 4 2 7 2 1 0
2874 714 30 31 26 5 1 1 0 4 0 0 0 3921 876 39 58 45 8 3 4 2 7 2 1 0
2970 726 30 32 26 5 1 1 0 4 0 0 0 3957 914 39 58 45 9 3 4 2 7 2 1 0
3043 737 30 32 27 5 1 1 0 4 0 0 0 3976 922 39 58 45 9 3 4 2 7 2 1 0
3136 775 30 32 27 5 1 1 0 4 0 0 0 4050 975 39 59 45 9 3 4 2 7 2 1 0
3184 790 30 33 27 5 1 2 0 4 0 0 0 4096 993 39 59 45 9 3 4 2 7 2 1 0
3204 816 30 33 27 5 1 2 0 4 0 0 0 4145 1018 39 61 46 9 4 4 2 8 2 1 0
3276 830 30 34 27 6 1 2 1 4 0 0 0 4250 1053 39 62 46 9 5 4 2 8 2 1 0
3389 855 30 35 28 6 1 2 1 5 0 0 0 4257 1064 39 63 46 9 5 4 2 8 2 1 0
3425 876 30 36 28 6 1 2 1 5 0 0 0 4281 1090 39 63 47 10 5 4 2 8 2 1 0
3490 892 30 37 29 6 1 2 1 5 0 0 0 4308 1131 39 65 49 10 5 4 2 8 2 1 0
3570 925 30 39 29 7 1 2 1 5 0 0 0 4348 1136 39 65 49 10 5 4 2 8 2 1 0
