# scores for worst/random/best/smart move selector strategies. 
# scores are 50% and 95% quantiles (based on 40 games) of: 
# game score, #destroyed, #unlocked, #stripes, #bombs, #zappers
3 3 0 0 0 0 0 0 0 0 0 0 0 11 11 0 0 0 0 0 0 0 0 0 0 0
6 6 0 0 0 0 0 0 0 0 0 0 0 602 81 10 7 7 0 0 0 0 0 0 0 0
9 9 0 0 0 0 0 0 0 0 0 0 0 1138 111 21 12 16 0 0 0 0 0 0 0 0
12 12 0 0 0 0 0 0 0 0 0 0 0 1281 132 26 13 20 0 0 0 0 0 0 0 0
13 13 0 0 0 0 0 0 0 0 0 0 0 1287 135 26 13 20 0 0 0 0 0 0 0 0
18 18 0 0 0 0 0 0 0 0 0 0 0 1297 142 28 13 20 0 0 0 0 0 0 0 0
19 19 0 0 0 0 0 0 0 0 0 0 0 1380 145 28 15 21 0 0 0 0 0 0 0 0
24 24 0 0 0 0 0 0 0 0 0 0 0 1383 156 29 15 21 0 0 0 0 0 0 0 0
25 25 0 0 0 0 0 0 0 0 0 0 0 1386 159 31 15 21 0 0 0 0 0 0 0 0
31 27 0 0 0 0 0 0 0 0 0 0 0 1389 167 31 15 21 0 0 0 0 0 0 0 0
37 34 0 0 0 0 0 0 0 0 0 0 0 1394 170 31 15 21 0 0 0 0 0 0 0 0
44 36 0 0 0 0 0 0 0 0 0 0 0 1397 173 31 15 21 0 0 0 0 0 0 0 0
47 39 0 0 0 0 0 0 0 0 0 0 0 1403 177 31 15 21 0 0 0 0 0 0 0 0
54 45 0 0 0 0 0 0 0 0 0 0 0 1406 180 31 15 21 0 0 0 0 0 0 0 0
84 62 2 1 0 0 0 0 0 0 0 0 0 1439 186 31 16 21 0 0 0 0 0 0 0 0
162 75 3 1 1 0 0 0 0 0 0 0 0 1443 191 31 16 21 0 0 0 0 0 0 0 0
896 126 15 10 10 0 0 0 0 0 0 0 0 1467 197 31 16 21 0 0 0 0 0 0 0 0
1235 147 19 13 17 0 0 0 0 0 0 0 0 1470 200 32 16 22 0 0 0 0 0 0 0 0
1238 153 19 13 17 0 0 0 0 0 0 0 0 1474 207 32 16 22 0 0 0 0 0 0 0 0
1296 157 22 13 19 0 0 0 0 0 0 0 0 1477 218 32 16 22 0 0 0 0 0 0 0 0
1312 161 23 13 20 0 0 0 0 0 0 0 0 1528 230 32 16 23 0 0 0 0 0 0 0 0
1326 167 24 13 20 0 0 0 0 0 0 0 0 1531 237 32 16 23 0 0 0 0 0 0 0 0
1331 177 25 13 20 0 0 0 0 0 0 0 0 1534 240 32 16 23 0 0 0 0 0 0 0 0
1334 180 25 13 20 0 0 0 0 0 0 0 0 1543 245 32 16 23 0 0 0 0 0 0 0 0
1339 185 25 13 20 0 0 0 0 0 0 0 0 1546 251 32 16 23 0 0 0 0 0 0 0 0
1350 191 25 13 20 0 0 0 0 0 0 0 0 1550 254 32 16 23 0 0 0 0 0 0 0 0
1354 200 25 13 20 0 0 0 0 0 0 0 0 1559 260 32 16 23 0 0 0 0 0 0 0 0
1360 211 25 13 20 0 0 0 0 0 0 0 0 1562 268 32 16 23 0 0 0 0 0 0 0 0
1363 214 25 13 20 0 0 0 0 0 0 0 0 1565 273 32 16 23 0 0 0 0 0 0 0 0
1366 218 25 13 20 0 0 0 0 0 0 0 0 1568 278 32 16 23 0 0 0 0 0 0 0 0
1369 227 25 13 20 0 0 0 0 0 0 0 0 1571 281 32 16 23 0 0 0 0 0 0 0 0
1372 233 25 13 20 0 0 0 0 0 0 0 0 1611 297 32 17 23 0 0 0 0 0 0 0 0
1377 240 25 13 20 0 0 0 0 0 0 0 0 1630 308 32 17 23 0 0 0 0 0 0 0 0
1382 243 25 13 20 0 0 0 0 0 0 0 0 1635 311 32 17 23 0 0 0 0 0 0 0 0
1389 249 25 14 20 0 0 0 0 0 0 0 0 1640 314 32 17 23 0 0 0 0 0 0 0 0
1398 256 25 14 20 0 0 0 0 0 0 0 0 1643 318 32 17 23 0 0 0 0 0 0 0 0
1401 265 25 14 20 0 0 0 0 0 0 0 0 1646 321 32 17 23 0 0 0 0 0 0 0 0
1404 275 25 14 20 0 0 0 0 0 0 0 0 1650 326 32 17 23 0 0 0 0 0 0 0 0
1407 285 25 14 20 0 0 0 0 0 0 0 0 1715 353 32 17 23 1 0 0 0 0 0 0 0
1430 288 25 14 20 0 0 0 0 0 0 0 0 1718 361 32 17 23 1 0 0 0 0 0 0 0
1442 291 25 14 20 0 0 0 0 0 0 0 0 1721 364 32 17 23 1 0 0 0 0 0 0 0
