# scores for worst/random/best/smart move selector strategies. 
# scores are 50% and 95% quantiles (based on 40 games) of: 
# game score, #destroyed, #unlocked, #stripes, #bombs, #zappers
6 6 0 0 0 0 0 0 0 0 0 0 0 19 19 0 0 0 0 0 0 0 0 0 0 0
13 13 0 0 0 0 0 0 0 0 0 0 0 112 51 0 1 1 0 0 0 0 0 0 0 0
24 24 0 0 0 0 0 0 0 0 0 0 0 136 63 1 1 1 1 0 0 0 1 0 0 0
54 30 0 0 0 0 0 0 0 0 0 0 0 174 94 2 2 1 1 1 0 0 1 0 0 0
87 41 0 0 0 0 0 0 0 0 0 0 0 300 128 3 2 3 1 1 0 0 1 0 0 0
110 58 0 1 0 0 0 0 0 0 0 0 0 385 139 4 3 3 1 1 0 0 1 0 0 0
154 77 0 2 0 0 0 0 0 0 0 0 0 425 153 5 3 3 2 1 1 0 1 0 0 0
185 92 1 2 0 0 0 0 0 0 0 0 0 598 175 7 4 4 2 1 1 0 1 0 0 0
212 102 2 2 0 0 0 0 0 0 0 0 0 679 195 8 5 5 2 1 1 0 2 0 0 0
270 123 2 3 1 1 0 0 0 0 0 0 0 822 220 9 6 8 3 1 1 0 2 0 1 0
295 138 2 3 1 1 0 0 0 0 0 0 0 832 260 10 7 8 3 2 1 0 2 0 1 0
355 153 3 4 1 1 0 0 0 1 0 0 0 871 298 10 8 8 3 2 1 0 2 0 1 0
376 159 3 4 1 1 0 0 0 1 0 0 0 877 306 10 8 8 3 2 1 0 2 0 1 0
434 175 4 4 1 1 0 0 0 1 0 0 0 923 311 10 9 12 3 2 1 0 3 0 1 0
485 206 4 5 1 1 0 0 0 1 0 0 0 988 345 11 10 13 3 2 1 0 3 0 1 0
520 220 4 6 2 1 1 0 0 1 0 0 0 1070 354 12 11 14 3 2 1 0 3 0 1 0
568 234 5 6 2 2 1 0 0 1 0 0 0 1197 384 12 11 17 4 2 1 0 3 0 1 0
652 254 5 6 2 2 1 0 0 1 0 0 0 1230 396 12 12 17 4 2 1 0 3 0 1 0
677 279 5 7 2 2 1 0 0 1 0 0 0 1249 431 12 14 17 4 3 2 0 3 0 1 0
766 289 6 8 3 2 1 0 0 1 0 0 0 1319 435 13 21 18 4 3 2 0 3 1 1 0
860 309 6 8 3 2 1 0 0 2 0 0 0 1654 451 13 26 19 4 3 2 0 3 1 1 0
897 321 6 9 3 2 1 1 0 2 0 0 0 1735 460 13 29 20 4 3 2 0 3 1 1 0
965 338 6 10 3 2 1 1 0 2 0 0 0 1774 474 13 29 20 4 3 2 0 3 1 1 0
979 348 6 10 4 2 1 1 0 2 0 0 0 1868 491 13 29 21 5 3 2 1 4 1 1 0
1013 361 6 12 4 2 1 1 0 2 0 0 0 1907 513 13 29 21 5 3 2 1 4 1 1 0
1053 378 6 12 4 2 1 1 0 2 0 0 0 1911 516 13 29 21 5 3 2 1 4 1 1 0
1084 399 6 13 4 2 1 1 0 2 0 0 0 1928 541 13 29 21 5 3 2 1 4 1 1 0
1128 406 6 14 4 2 1 1 0 2 0 0 0 2055 590 13 31 21 6 3 2 1 4 1 1 0
1196 425 6 14 4 3 1 1 0 2 0 0 0 2067 603 13 34 21 6 3 2 1 4 1 1 0
1254 439 6 14 4 3 2 1 0 2 0 0 0 2205 630 13 43 21 6 3 2 1 4 1 1 0
1275 453 6 16 5 3 2 1 0 2 0 0 0 2407 639 13 44 24 6 3 2 1 4 1 1 0
1282 479 6 16 5 3 2 1 0 2 0 0 0 2452 662 13 45 24 6 3 2 1 4 1 1 0
1285 492 6 16 5 3 2 1 0 2 0 0 0 2458 670 13 45 24 6 3 2 1 4 1 1 0
1429 529 6 17 5 3 2 1 0 2 0 0 0 2504 689 13 45 24 6 4 2 1 4 1 1 0
1552 544 6 18 6 3 2 1 0 2 0 0 0 2509 700 13 45 24 6 4 3 1 4 1 1 0
1576 559 6 19 6 3 2 1 0 2 0 0 0 2515 705 13 45 24 6 4 3 1 4 1 1 0
1583 566 6 19 6 3 2 1 0 2 0 0 0 2519 713 13 48 24 6 4 3 1 4 2 1 0
1693 576 6 19 6 3 2 1 0 2 0 0 0 2613 742 13 50 29 6 4 3 1 4 2 1 0
1770 585 6 19 7 3 2 1 0 2 0 0 0 2644 751 13 51 29 6 4 3 1 4 2 1 0
1800 602 6 21 7 3 2 1 0 2 0 0 0 2696 771 13 51 29 6 4 3 1 4 2 1 0
1814 610 6 21 7 4 2 1 0 2 0 0 0 2731 794 13 51 29 6 4 3 1 4 2 1 0
