# scores for worst/random/best/smart move selector strategies. 
# scores are 50% and 95% quantiles (based on 40 games) of: 
# game score, #destroyed, #unlocked, #stripes, #bombs, #zappers
6 6 0 0 0 0 0 0 0 0 0 0 0 19 19 0 0 0 0 0 0 0 0 0 0 0
12 12 0 0 0 0 0 0 0 0 0 0 0 94 42 0 0 0 0 0 0 0 0 0 0 0
18 18 0 0 0 0 0 0 0 0 0 0 0 100 54 0 1 1 0 0 0 0 0 0 0 0
24 24 0 0 0 0 0 0 0 0 0 0 0 115 60 0 1 1 0 0 0 0 0 0 0 0
30 30 0 0 0 0 0 0 0 0 0 0 0 144 72 2 1 1 0 0 0 0 0 0 0 0
39 38 0 0 0 0 0 0 0 0 0 0 0 154 81 2 1 1 0 0 0 0 0 0 0 0
45 43 0 0 0 0 0 0 0 0 0 0 0 190 96 2 2 1 0 0 0 0 0 0 0 0
53 51 0 0 0 0 0 0 0 0 0 0 0 202 102 2 2 2 0 0 0 0 0 0 0 0
64 59 0 0 0 0 0 0 0 0 0 0 0 233 115 4 2 2 0 0 0 0 0 0 0 0
78 68 0 0 0 0 0 0 0 0 0 0 0 277 136 4 2 2 0 0 1 0 0 0 0 0
96 79 0 0 0 0 0 0 0 0 0 0 0 286 139 4 3 2 0 0 1 0 0 0 0 0
112 85 0 1 0 0 0 0 0 0 0 0 0 292 150 4 3 2 0 0 1 0 0 0 0 0
129 93 0 1 0 0 0 0 0 0 0 0 0 310 162 4 4 2 0 0 1 0 0 0 0 0
145 102 0 1 0 0 0 0 0 0 0 0 0 329 171 4 4 2 0 0 1 0 0 0 0 0
174 121 0 1 1 0 0 0 0 0 0 0 0 347 176 6 4 2 0 0 1 0 0 0 0 0
198 127 0 2 1 0 0 0 0 0 0 0 0 395 191 8 4 3 1 0 1 0 1 0 0 0
235 140 0 2 1 0 0 0 0 0 0 0 0 417 210 8 5 3 1 0 1 0 1 0 0 0
252 149 0 2 1 0 0 0 0 0 0 0 0 439 220 8 5 3 1 0 1 0 1 0 0 0
275 156 1 2 1 0 0 0 0 0 0 0 0 452 225 8 5 3 1 0 1 0 1 0 0 0
300 166 1 2 1 0 0 0 0 0 0 0 0 498 230 10 6 3 1 0 1 0 1 0 0 0
319 180 1 3 1 0 0 0 0 0 0 0 0 532 275 10 7 4 1 1 1 0 1 0 0 0
333 187 1 3 1 0 0 0 0 0 0 0 0 550 279 10 7 4 1 1 1 0 1 0 0 0
352 198 1 3 1 0 0 0 0 0 0 0 0 594 285 10 7 4 1 1 1 0 1 0 0 0
373 205 2 3 1 0 0 0 0 0 0 0 0 600 288 10 7 4 1 1 1 0 1 0 0 0
396 209 2 3 2 0 0 0 0 0 0 0 0 664 299 10 9 4 1 1 1 0 1 0 0 0
415 219 2 3 2 0 0 0 0 0 0 0 0 674 309 10 9 4 1 1 1 0 1 0 0 0
420 229 2 4 2 0 0 0 0 0 0 0 0 721 322 10 9 4 1 1 1 0 1 0 0 0
424 232 2 4 2 0 0 0 0 0 0 0 0 724 325 10 9 4 1 1 1 0 1 0 0 0
465 249 2 5 2 0 0 0 0 0 0 0 0 729 328 11 9 4 1 1 1 0 1 0 0 0
482 262 2 5 2 0 0 0 0 0 0 0 0 734 345 11 11 4 2 1 1 0 2 0 0 0
509 265 2 5 2 0 0 0 0 0 0 0 0 772 375 11 11 4 2 1 1 0 2 0 0 0
520 276 2 5 2 0 0 0 0 0 0 0 0 776 381 11 11 4 2 1 1 0 2 0 0 0
527 283 2 5 3 0 0 0 0 0 0 0 0 834 391 11 11 5 2 1 1 0 2 0 0 0
531 294 2 5 3 0 0 0 0 0 0 0 0 839 395 11 11 5 2 1 1 0 2 0 0 0
563 299 2 5 3 0 0 0 0 0 0 0 0 845 402 11 11 5 2 1 1 0 2 0 0 0
574 306 2 5 3 0 0 0 0 0 0 0 0 892 408 11 11 5 2 1 1 0 2 0 0 0
589 317 3 5 3 0 0 0 0 0 0 0 0 895 414 11 12 5 2 1 1 0 2 0 0 0
600 324 3 6 3 0 0 0 0 0 0 0 0 904 435 11 12 5 2 1 1 0 2 0 0 0
618 330 3 6 3 0 0 0 0 0 0 0 0 921 439 11 13 5 2 1 1 0 2 0 0 0
631 336 3 6 3 0 0 0 0 0 0 0 0 926 446 11 13 5 2 1 1 0 2 0 0 0
665 343 3 7 3 0 0 0 0 0 0 0 0 997 476 11 13 5 2 1 1 0 2 0 0 0
