# scores for worst/random/best/smart move selector strategies. 
# scores are 50% and 95% quantiles (based on 40 games) of: 
# game score, #destroyed, #unlocked, #stripes, #bombs, #zappers
6 6 0 0 0 0 0 0 0 0 0 0 0 19 19 0 0 0 0 0 0 0 0 0 0 0
15 15 0 0 0 0 0 0 0 0 0 0 0 106 54 0 0 1 0 0 0 0 0 0 0 0
37 28 0 0 0 0 0 0 0 0 0 0 0 174 81 5 1 2 1 0 1 0 1 0 0 0
74 43 0 1 0 0 0 0 0 0 0 0 0 236 102 6 2 2 1 0 1 0 1 0 0 0
112 56 0 1 0 0 0 0 0 0 0 0 0 376 144 7 3 3 1 0 1 0 1 0 0 0
154 89 2 2 1 0 0 0 0 0 0 0 0 397 170 9 5 3 1 1 1 0 1 0 0 0
206 106 2 3 1 0 0 0 0 0 0 0 0 562 193 10 7 3 2 1 1 0 1 0 0 0
268 118 3 3 1 0 0 0 0 0 0 0 0 661 249 14 12 4 2 1 1 1 2 0 0 0
337 150 4 4 2 1 0 0 0 0 0 0 0 701 293 14 12 5 3 1 1 1 2 0 0 0
396 176 4 4 2 1 0 0 0 1 0 0 0 744 314 14 14 5 3 1 1 1 2 0 0 0
458 189 5 5 2 1 0 0 0 1 0 0 0 874 334 14 18 5 4 1 1 1 3 1 0 0
512 212 5 5 2 1 0 0 0 1 0 0 0 906 360 14 19 6 4 1 2 1 3 1 0 0
566 231 5 6 3 1 0 0 0 1 0 0 0 988 385 14 19 10 4 1 2 1 3 1 1 0
657 263 6 7 3 2 0 0 0 1 0 0 0 1250 394 14 21 14 4 2 2 1 3 1 1 0
745 288 6 8 3 2 0 0 0 1 0 0 0 1338 421 15 21 14 4 2 2 1 4 1 1 0
792 313 7 8 3 2 0 0 0 2 0 0 0 1367 437 15 21 14 4 2 2 1 4 1 1 1
838 330 7 9 4 2 0 0 0 2 0 0 0 1409 463 15 23 15 5 2 2 1 4 1 1 1
904 349 7 9 4 2 0 0 0 2 0 0 0 1443 490 15 23 15 5 2 3 1 4 1 1 1
985 372 7 11 4 2 0 0 0 2 0 0 0 1626 522 15 26 16 5 2 3 1 4 1 1 1
1046 388 7 11 5 3 0 1 0 2 0 0 0 1656 538 15 26 16 5 2 3 1 4 1 1 1
1086 408 7 12 5 3 0 1 0 2 0 0 0 1702 561 15 27 16 5 3 3 1 4 1 1 1
1121 437 7 12 5 3 0 1 0 2 0 0 0 1777 601 15 27 16 6 3 3 1 4 1 1 1
1226 481 7 13 5 3 1 1 0 2 0 0 0 1818 624 15 28 16 6 3 3 1 4 1 1 1
1286 501 7 15 5 3 1 1 0 2 0 0 0 2106 643 15 30 16 6 3 3 1 4 1 1 1
1321 514 7 15 5 4 1 1 0 3 0 0 0 2145 655 15 32 16 6 3 3 1 5 1 1 1
1383 526 7 15 6 4 1 1 0 3 0 0 0 2157 665 15 32 16 6 3 3 1 5 1 1 1
1464 567 7 17 7 4 1 1 0 3 0 0 0 2172 680 15 32 17 6 3 3 1 5 1 1 1
1547 594 7 17 7 4 1 1 0 3 0 0 0 2266 713 15 32 19 7 3 3 2 5 1 1 1
1604 611 7 17 7 4 1 1 0 3 0 0 0 2338 736 15 32 20 7 3 3 2 6 1 1 1
1681 636 7 19 8 4 1 1 0 3 0 0 0 2430 763 15 33 20 8 3 3 2 6 1 1 1
1739 656 7 19 8 4 1 1 0 4 0 0 0 2458 779 15 35 20 8 3 3 2 6 1 1 1
1773 668 7 19 9 4 1 1 0 4 0 0 0 2466 818 15 35 21 8 3 3 2 6 1 1 1
1887 688 7 21 9 4 1 1 0 4 0 0 0 2672 853 15 41 21 9 3 3 2 7 1 1 1
1974 725 7 21 9 5 1 1 0 4 0 0 0 2899 894 15 44 23 9 3 3 2 7 1 1 1
2101 752 7 28 9 5 1 1 0 4 0 0 0 3152 929 15 55 23 9 4 3 2 7 2 1 1
2141 775 7 28 9 5 1 1 0 4 0 0 0 3241 953 15 59 23 10 4 3 2 7 2 1 1
2220 793 7 30 9 5 1 1 0 5 0 0 0 3324 996 15 61 23 10 4 3 2 7 2 1 1
2286 807 7 30 10 6 1 1 0 5 0 0 0 3385 1025 15 61 24 11 4 4 2 8 2 1 1
2351 833 7 32 10 6 1 1 0 5 0 0 0 3425 1043 15 64 24 11 4 4 2 8 2 1 1
2503 857 7 32 11 6 1 1 0 5 0 0 0 3480 1071 15 65 24 11 4 4 2 8 2 1 1
2535 882 7 33 12 6 1 1 0 5 0 0 0 3835 1098 15 65 30 11 4 4 2 9 2 1 1
