# scores for worst/random/best/smart move selector strategies. 
# scores are 50% and 95% quantiles (based on 40 games) of: 
# game score, #destroyed, #unlocked, #stripes, #bombs, #zappers
6 6 0 0 0 0 0 0 0 0 0 0 0 19 19 0 0 0 0 0 0 0 0 0 0 0
10 10 0 0 0 0 0 0 0 0 0 0 0 40 38 0 0 0 0 0 0 0 0 0 0 0
18 18 0 0 0 0 0 0 0 0 0 0 0 51 43 0 0 0 0 0 0 0 0 0 0 0
23 23 0 0 0 0 0 0 0 0 0 0 0 77 56 0 0 0 0 0 0 0 0 0 0 0
27 27 0 0 0 0 0 0 0 0 0 0 0 117 62 0 0 1 0 0 0 0 0 0 0 0
35 35 0 0 0 0 0 0 0 0 0 0 0 131 77 1 1 1 0 0 0 0 0 0 0 0
44 40 0 0 0 0 0 0 0 0 0 0 0 171 99 1 1 2 0 0 0 0 0 0 0 0
48 48 0 0 0 0 0 0 0 0 0 0 0 198 110 2 1 2 0 0 0 0 0 0 0 0
55 54 0 0 0 0 0 0 0 0 0 0 0 203 113 2 1 2 0 0 0 0 0 0 0 0
60 57 0 0 0 0 0 0 0 0 0 0 0 235 116 2 2 2 0 0 0 0 0 0 0 0
70 66 0 0 0 0 0 0 0 0 0 0 0 238 120 2 2 2 0 0 0 0 0 0 0 0
84 71 0 0 0 0 0 0 0 0 0 0 0 241 123 2 2 2 0 0 0 0 0 0 0 0
89 81 0 0 0 0 0 0 0 0 0 0 0 277 137 3 2 2 0 0 0 0 0 0 0 0
102 91 0 0 0 0 0 0 0 0 0 0 0 280 140 3 2 2 0 0 0 0 0 0 0 0
118 97 0 0 0 0 0 0 0 0 0 0 0 310 158 3 2 3 0 0 0 0 0 0 0 0
139 102 0 0 0 0 0 0 0 0 0 0 0 329 166 3 2 3 0 0 0 0 0 0 0 0
147 109 0 0 0 0 0 0 0 0 0 0 0 335 172 3 2 3 0 0 0 0 0 0 0 0
154 112 0 0 0 0 0 0 0 0 0 0 0 343 178 3 2 3 0 0 0 0 0 0 0 0
162 123 0 0 0 0 0 0 0 0 0 0 0 416 201 3 3 4 0 0 0 0 0 0 0 0
170 128 0 0 0 0 0 0 0 0 0 0 0 424 211 3 3 4 0 0 0 0 0 0 0 0
174 139 0 1 0 0 0 0 0 0 0 0 0 427 214 3 3 4 0 0 0 0 0 0 0 0
185 148 0 1 0 0 0 0 0 0 0 0 0 449 227 3 3 4 0 0 0 0 0 0 0 0
193 155 0 1 0 0 0 0 0 0 0 0 0 453 232 3 3 4 0 0 0 0 0 0 0 0
209 161 0 1 0 0 0 0 0 0 0 0 0 472 238 3 3 4 0 0 0 0 0 0 0 0
219 165 0 1 0 0 0 0 0 0 0 0 0 475 241 3 3 4 0 0 0 0 0 0 0 0
232 173 0 1 0 0 0 0 0 0 0 0 0 485 261 4 4 4 0 0 0 0 0 0 0 0
235 178 0 1 0 0 0 0 0 0 0 0 0 493 265 4 4 4 0 0 0 0 0 0 0 0
242 182 0 1 0 0 0 0 0 0 0 0 0 497 270 4 4 4 0 0 0 0 0 0 0 0
252 189 0 1 0 0 0 0 0 0 0 0 0 500 276 4 4 4 0 0 0 0 0 0 0 0
272 209 0 2 0 0 0 0 0 0 0 0 0 503 281 4 5 4 0 0 0 0 0 0 0 0
279 217 0 2 0 0 0 0 0 0 0 0 0 513 293 4 5 4 0 0 0 0 0 0 0 0
300 225 1 2 1 0 0 0 0 0 0 0 0 516 299 4 6 4 0 0 0 0 0 0 0 0
315 232 1 2 1 0 0 0 0 0 0 0 0 523 303 4 6 4 1 0 0 0 0 0 0 0
319 240 1 2 1 0 0 0 0 0 0 0 0 526 314 4 6 4 1 0 0 0 0 0 0 0
324 245 1 2 1 0 0 0 0 0 0 0 0 529 318 4 6 4 1 0 0 0 0 0 0 0
350 257 1 2 1 0 0 0 0 0 0 0 0 545 321 4 6 4 1 0 0 0 0 0 0 0
374 262 1 2 1 0 0 0 0 0 0 0 0 554 340 4 6 4 1 0 0 0 0 0 0 0
379 266 1 2 1 0 0 0 0 0 0 0 0 574 374 4 6 4 1 0 0 0 0 0 0 0
388 272 1 2 1 0 0 0 0 0 0 0 0 577 377 4 6 4 1 0 0 0 0 0 0 0
391 280 1 2 1 0 0 0 0 0 0 0 0 622 390 4 7 4 1 0 0 0 0 0 0 0
394 283 1 2 1 0 0 0 0 0 0 0 0 672 393 4 7 4 1 0 0 0 0 0 0 0
