# scores for worst/random/best/smart move selector strategies. 
# scores are 50% and 95% quantiles (based on 40 games) of: 
# game score, #destroyed, #unlocked, #stripes, #bombs, #zappers
0 0 0 0 0 0 0 0 0 0 0 0 0 5 5 0 0 0 0 0 0 0 0 0 0 0
3 3 0 0 0 0 0 0 0 0 0 0 0 13 13 0 0 0 0 0 0 0 0 0 0 0
8 8 0 0 0 0 0 0 0 0 0 0 0 18 18 0 0 0 0 0 0 0 0 0 0 0
12 12 0 0 0 0 0 0 0 0 0 0 0 33 23 0 0 0 0 0 0 0 0 0 0 0
18 18 0 0 0 0 0 0 0 0 0 0 0 41 32 0 0 0 0 0 0 0 0 0 0 0
21 21 0 0 0 0 0 0 0 0 0 0 0 69 41 0 1 0 0 0 0 0 0 0 0 0
26 25 0 0 0 0 0 0 0 0 0 0 0 73 45 0 1 0 0 0 0 0 0 0 0 0
31 30 0 0 0 0 0 0 0 0 0 0 0 91 61 0 1 0 0 0 0 0 0 0 0 0
43 38 0 0 0 0 0 0 0 0 0 0 0 102 67 1 1 1 0 0 0 0 0 0 0 0
46 43 0 0 0 0 0 0 0 0 0 0 0 109 73 1 2 1 0 0 0 0 0 0 0 0
57 48 0 0 0 0 0 0 0 0 0 0 0 124 79 1 2 1 0 0 0 0 0 0 0 0
70 54 0 1 0 0 0 0 0 0 0 0 0 158 90 3 2 1 0 0 0 0 0 0 0 0
90 65 0 1 0 0 0 0 0 0 0 0 0 180 99 3 2 1 0 1 0 0 0 0 0 0
99 70 0 1 0 0 0 0 0 0 0 0 0 200 108 3 3 1 0 1 0 0 0 0 0 0
110 75 0 1 0 0 0 0 0 0 0 0 0 243 126 3 3 1 0 1 0 0 0 0 0 0
114 84 0 1 0 0 0 0 0 0 0 0 0 294 138 4 4 1 1 1 0 0 0 0 0 0
136 92 0 1 0 0 0 0 0 0 0 0 0 302 146 4 4 1 1 1 0 0 0 0 0 0
144 97 0 2 0 0 0 0 0 0 0 0 0 330 153 4 5 1 1 1 0 0 0 0 0 0
165 103 0 2 0 0 0 0 0 0 0 0 0 444 171 6 6 1 1 1 0 0 1 0 0 0
177 107 1 2 0 0 0 0 0 0 0 0 0 449 177 6 6 2 1 1 0 0 1 0 0 0
199 121 1 2 0 0 0 0 0 0 0 0 0 452 183 6 6 2 1 1 1 0 1 0 0 0
217 128 1 2 0 0 0 0 0 0 0 0 0 456 187 6 6 2 1 2 1 0 1 0 0 0
229 134 1 2 0 0 0 0 0 0 0 0 0 460 191 6 6 2 1 2 1 0 1 0 0 0
243 145 1 3 0 0 0 0 0 0 0 0 0 467 198 6 6 2 1 2 1 0 1 0 0 0
269 153 1 4 0 0 0 0 0 0 0 0 0 472 207 6 7 2 1 2 1 0 1 0 0 0
272 159 1 4 0 0 0 0 0 0 0 0 0 532 215 6 12 2 2 2 1 0 1 0 0 0
282 168 1 4 0 0 0 0 0 0 0 0 0 568 231 6 12 2 2 2 1 0 1 0 0 0
285 171 1 4 0 0 0 0 0 0 0 0 0 588 235 6 12 3 2 2 1 0 1 0 0 0
317 181 2 5 0 0 1 0 0 0 0 0 0 592 245 6 12 3 2 2 1 0 1 0 0 0
324 190 2 5 0 0 1 0 0 0 0 0 0 609 253 6 13 3 2 2 1 0 1 0 0 0
358 194 2 5 0 0 1 0 0 0 0 0 0 616 264 6 13 3 2 2 1 0 1 0 0 0
362 200 2 5 0 0 1 0 0 0 0 0 0 635 276 6 13 3 2 2 1 0 1 0 0 0
374 207 2 5 0 0 1 0 0 0 0 0 0 784 286 6 18 3 2 2 1 0 1 1 0 0
392 212 2 6 0 0 1 0 0 0 0 0 0 818 292 6 18 3 2 2 1 0 1 1 0 0
402 225 2 6 0 0 1 0 0 0 0 0 0 827 302 6 18 4 2 2 1 0 1 1 0 0
450 230 2 6 1 0 1 0 0 0 0 0 0 839 312 7 19 4 2 2 1 0 1 1 0 0
454 244 2 6 1 0 1 0 0 0 0 0 0 844 323 7 19 4 2 2 1 0 1 1 0 0
466 250 2 7 1 1 1 0 0 0 0 0 0 855 333 7 19 4 2 2 1 0 1 1 0 0
481 257 2 7 1 1 1 0 0 0 0 0 0 858 336 7 19 4 2 2 1 0 1 1 0 0
495 263 2 7 1 1 1 0 0 0 0 0 0 861 343 7 20 4 2 2 1 0 1 1 0 0
519 267 2 8 1 1 1 0 0 0 0 0 0 864 349 7 20 4 2 2 1 0 2 1 0 0
