# scores for worst/random/best/smart move selector strategies. 
# scores are 50% and 95% quantiles (based on 40 games) of: 
# game score, #destroyed, #unlocked, #stripes, #bombs, #zappers
0 0 0 0 0 0 0 0 0 0 0 0 0 5 5 0 0 0 0 0 0 0 0 0 0 0
3 3 0 0 0 0 0 0 0 0 0 0 0 13 13 0 0 0 0 0 0 0 0 0 0 0
6 6 0 0 0 0 0 0 0 0 0 0 0 17 17 0 0 0 0 0 0 0 0 0 0 0
12 12 0 0 0 0 0 0 0 0 0 0 0 24 24 0 0 0 0 0 0 0 0 0 0 0
18 18 0 0 0 0 0 0 0 0 0 0 0 34 34 0 0 0 0 0 0 0 0 0 0 0
25 25 0 0 0 0 0 0 0 0 0 0 0 44 44 0 0 0 0 0 0 0 0 0 0 0
28 28 0 0 0 0 0 0 0 0 0 0 0 56 48 0 0 0 0 0 0 0 0 0 0 0
34 34 0 0 0 0 0 0 0 0 0 0 0 66 52 0 1 0 0 0 0 0 0 0 0 0
39 39 0 0 0 0 0 0 0 0 0 0 0 79 59 0 1 0 0 0 0 0 0 0 0 0
42 42 0 0 0 0 0 0 0 0 0 0 0 93 66 1 1 0 0 0 0 0 0 0 0 0
52 52 0 0 0 0 0 0 0 0 0 0 0 111 75 1 2 0 0 0 0 0 0 0 0 0
59 57 0 0 0 0 0 0 0 0 0 0 0 124 82 1 2 0 0 0 0 0 0 0 0 0
68 65 0 0 0 0 0 0 0 0 0 0 0 166 103 2 2 1 0 0 0 0 0 0 0 0
73 71 0 0 0 0 0 0 0 0 0 0 0 196 110 2 2 1 0 0 0 0 0 0 0 0
81 75 0 0 0 0 0 0 0 0 0 0 0 228 128 2 3 1 0 0 0 0 0 0 0 0
94 80 0 0 0 0 0 0 0 0 0 0 0 235 133 2 3 1 0 0 0 0 0 0 0 0
98 84 0 0 0 0 0 0 0 0 0 0 0 255 136 2 3 1 0 0 0 0 0 0 0 0
107 91 0 1 0 0 0 0 0 0 0 0 0 265 140 3 3 1 1 0 0 0 0 0 0 0
120 97 0 1 0 0 0 0 0 0 0 0 0 289 149 3 4 1 1 0 0 0 0 0 0 0
140 103 0 1 0 0 0 0 0 0 0 0 0 299 154 3 4 1 1 0 0 0 0 0 0 0
146 107 0 1 0 0 0 0 0 0 0 0 0 307 157 3 4 1 1 0 0 0 1 0 0 0
150 112 0 1 0 0 0 0 0 0 0 0 0 313 164 3 4 1 1 0 0 0 1 0 0 0
164 119 0 1 0 0 0 0 0 0 0 0 0 318 167 3 4 1 1 0 0 0 1 0 0 0
173 130 0 1 0 0 0 0 0 0 0 0 0 323 170 3 4 1 1 0 0 0 1 0 0 0
181 134 0 1 0 0 0 0 0 0 0 0 0 347 177 3 4 1 1 0 0 0 1 0 0 0
197 140 0 1 0 0 0 0 0 0 0 0 0 357 182 3 4 1 1 0 0 0 1 0 0 0
217 144 0 1 0 0 0 0 0 0 0 0 0 373 192 3 5 1 1 0 0 0 1 0 0 0
229 151 0 1 0 0 0 0 0 0 0 0 0 379 200 3 5 1 1 0 0 0 1 0 0 0
241 160 0 1 0 0 0 0 0 0 0 0 0 387 206 4 5 1 1 0 0 0 1 0 0 0
246 164 0 2 0 0 0 0 0 0 0 0 0 391 214 4 5 1 1 0 0 0 1 0 0 0
251 167 0 2 0 0 0 0 0 0 0 0 0 407 217 4 5 1 1 0 0 0 1 0 0 0
262 173 0 2 0 0 0 0 0 0 0 0 0 412 221 4 5 1 1 0 0 0 1 0 0 0
268 180 0 2 0 0 0 0 0 0 0 0 0 437 225 4 6 2 1 0 0 0 1 0 0 0
280 186 0 2 0 0 0 0 0 0 0 0 0 443 229 4 6 2 1 0 0 0 1 0 0 0
290 191 0 2 0 0 0 0 0 0 0 0 0 448 232 4 6 2 1 0 0 0 1 0 0 0
295 197 0 2 0 0 0 0 0 0 0 0 0 469 235 4 6 2 1 0 0 0 1 0 0 0
303 201 0 2 0 0 0 0 0 0 0 0 0 476 243 4 6 2 1 1 0 0 1 0 0 0
314 208 0 2 0 0 0 0 0 0 0 0 0 484 250 4 6 2 1 1 0 0 1 0 0 0
324 213 0 2 0 0 0 0 0 0 0 0 0 491 259 4 6 2 1 1 0 0 1 0 0 0
331 218 0 2 0 0 0 0 0 0 0 0 0 519 262 4 6 2 1 1 0 0 1 0 0 0
339 224 1 2 0 0 0 0 0 0 0 0 0 522 265 4 6 2 1 1 0 0 1 0 0 0
