# scores for worst/random/best/smart move selector strategies. 
# scores are 50% and 95% quantiles (based on 40 games) of: 
# game score, #destroyed, #unlocked, #stripes, #bombs, #zappers
0 0 0 0 0 0 0 0 0 0 0 0 0 5 5 0 0 0 0 0 0 0 0 0 0 0
3 3 0 0 0 0 0 0 0 0 0 0 0 13 13 0 0 0 0 0 0 0 0 0 0 0
9 9 0 0 0 0 0 0 0 0 0 0 0 39 29 0 0 0 0 0 0 0 0 0 0 0
15 15 0 0 0 0 0 0 0 0 0 0 0 64 38 1 1 0 0 0 0 0 0 0 0 0
19 19 0 0 0 0 0 0 0 0 0 0 0 73 47 1 1 0 0 0 0 0 0 0 0 0
30 28 0 0 0 0 0 0 0 0 0 0 0 81 51 1 1 0 0 0 0 0 0 0 0 0
45 34 0 0 0 0 0 0 0 0 0 0 0 125 63 2 2 1 1 0 0 0 1 0 0 0
57 44 0 0 0 0 0 0 0 0 0 0 0 143 70 5 2 1 1 0 0 0 1 0 0 0
82 55 0 1 0 0 0 0 0 0 0 0 0 181 86 5 2 1 1 1 0 0 1 0 0 0
97 65 0 1 0 0 0 0 0 0 0 0 0 205 99 5 3 2 1 1 0 0 1 0 0 0
127 75 0 1 0 0 0 0 0 0 0 0 0 252 109 5 3 2 2 1 1 0 2 0 0 0
152 85 0 1 0 0 0 0 0 0 0 0 0 292 132 5 4 2 2 1 1 0 2 0 0 0
160 92 0 1 0 0 0 0 0 0 0 0 0 308 138 5 5 2 2 1 1 0 2 0 0 0
168 100 0 2 0 0 0 0 0 0 0 0 0 324 144 5 5 2 2 1 1 0 2 0 0 0
213 112 0 2 0 0 0 0 0 0 0 0 0 337 158 5 5 2 2 1 1 0 2 0 0 0
239 124 1 2 0 1 0 0 0 1 0 0 0 369 170 5 6 2 2 1 1 0 2 0 0 0
262 133 1 3 1 1 0 0 0 1 0 0 0 413 189 5 6 2 2 1 1 0 2 0 0 0
310 140 1 3 1 1 0 0 0 1 0 0 0 469 204 5 7 3 2 1 1 0 2 0 0 0
328 151 1 3 1 1 0 0 0 1 0 0 0 475 207 8 7 3 2 2 1 0 2 0 0 0
337 169 2 4 1 1 0 0 0 1 0 0 0 523 217 8 7 3 2 2 1 0 2 0 0 0
358 179 2 4 1 1 0 0 0 1 0 0 0 533 240 9 7 3 2 2 1 0 2 0 0 0
381 191 2 4 1 1 0 0 0 1 0 0 0 556 251 9 8 3 2 2 2 0 2 0 0 0
424 200 2 4 1 1 0 0 0 1 0 0 0 622 256 9 9 4 2 2 2 0 2 0 0 0
472 211 2 5 2 1 0 0 0 1 0 0 0 704 277 9 13 4 2 2 2 0 2 0 0 0
490 223 2 5 2 1 0 0 0 1 0 0 0 732 292 9 13 4 2 2 2 0 2 0 0 0
511 236 2 6 2 1 0 0 0 1 0 0 0 844 300 9 16 5 2 2 2 0 2 1 0 0
540 245 2 6 2 1 1 0 0 1 0 0 0 860 319 9 16 5 3 2 2 0 3 1 0 0
570 253 2 6 2 1 1 0 0 1 0 0 0 882 353 9 16 5 3 2 2 0 3 1 0 0
605 267 2 7 2 1 1 0 0 1 0 0 0 908 359 9 16 5 3 2 2 1 3 1 0 0
613 274 3 7 2 1 1 0 0 1 0 0 0 925 369 9 16 5 3 2 2 1 3 1 0 0
646 287 3 7 2 1 1 0 0 1 0 0 0 934 381 9 16 5 4 2 2 1 4 1 0 0
695 310 3 8 2 1 1 0 0 1 0 0 0 990 391 9 16 5 4 2 2 1 4 1 0 0
711 318 3 9 2 1 1 0 0 1 0 0 0 1017 404 9 17 5 4 2 2 1 4 1 0 0
766 331 3 9 2 2 1 1 0 2 0 0 0 1026 415 9 17 5 4 2 2 1 4 1 0 0
777 339 3 9 2 2 1 1 0 2 0 0 0 1032 423 9 17 5 4 2 2 1 4 1 0 0
811 344 3 10 2 2 2 1 0 2 0 0 0 1137 431 9 18 6 4 3 2 1 4 1 0 0
840 359 3 10 3 2 2 1 0 2 0 0 0 1168 458 9 18 6 4 3 2 1 4 1 0 0
875 370 3 11 3 2 2 1 0 2 0 0 0 1182 471 9 21 6 4 3 3 1 4 1 0 0
888 380 3 11 3 2 2 1 0 2 0 0 0 1215 485 9 21 6 4 3 3 1 4 1 0 0
931 395 3 11 3 2 2 1 0 2 0 0 0 1229 491 9 21 6 4 3 3 1 4 1 0 0
937 406 3 12 3 2 2 1 0 2 0 0 0 1284 497 9 22 7 4 3 3 1 4 1 0 0
