# scores for worst/random/best/smart move selector strategies. 
# scores are 50% and 95% quantiles (based on 40 games) of: 
# game score, #destroyed, #unlocked, #stripes, #bombs, #zappers
0 0 0 0 0 0 0 0 0 0 0 0 0 5 5 0 0 0 0 0 0 0 0 0 0 0
3 3 0 0 0 0 0 0 0 0 0 0 0 12 12 0 0 0 0 0 0 0 0 0 0 0
9 9 0 0 0 0 0 0 0 0 0 0 0 15 15 0 0 0 0 0 0 0 0 0 0 0
15 15 0 0 0 0 0 0 0 0 0 0 0 41 23 0 0 0 0 0 0 0 0 0 0 0
20 20 0 0 0 0 0 0 0 0 0 0 0 65 38 0 0 0 0 0 0 0 0 0 0 0
24 24 0 0 0 0 0 0 0 0 0 0 0 74 48 0 1 0 0 0 0 0 0 0 0 0
27 27 0 0 0 0 0 0 0 0 0 0 0 77 53 0 1 0 0 0 0 0 0 0 0 0
33 32 0 0 0 0 0 0 0 0 0 0 0 88 58 1 1 0 0 0 0 0 0 0 0 0
36 36 0 0 0 0 0 0 0 0 0 0 0 98 65 1 1 0 0 0 0 0 0 0 0 0
43 41 0 0 0 0 0 0 0 0 0 0 0 101 70 1 1 0 0 0 0 0 0 0 0 0
49 46 0 0 0 0 0 0 0 0 0 0 0 107 75 1 1 1 0 0 0 0 0 0 0 0
54 53 0 0 0 0 0 0 0 0 0 0 0 126 81 1 1 1 0 0 0 0 0 0 0 0
57 57 0 0 0 0 0 0 0 0 0 0 0 129 86 2 1 1 0 0 0 0 0 0 0 0
61 61 0 0 0 0 0 0 0 0 0 0 0 132 89 2 1 1 0 0 0 0 0 0 0 0
66 66 0 0 0 0 0 0 0 0 0 0 0 141 94 2 1 1 0 0 0 0 0 0 0 0
74 71 0 0 0 0 0 0 0 0 0 0 0 149 103 2 1 1 0 0 0 0 0 0 0 0
81 77 0 0 0 0 0 0 0 0 0 0 0 165 106 2 2 1 0 0 0 0 0 0 0 0
88 83 0 0 0 0 0 0 0 0 0 0 0 170 111 2 2 1 0 0 0 0 0 0 0 0
98 88 0 0 0 0 0 0 0 0 0 0 0 188 116 2 2 1 0 0 0 0 0 0 0 0
104 93 0 0 0 0 0 0 0 0 0 0 0 203 124 2 2 1 0 0 0 0 0 0 0 0
107 99 0 0 0 0 0 0 0 0 0 0 0 206 128 2 2 1 0 0 0 0 0 0 0 0
113 102 0 0 0 0 0 0 0 0 0 0 0 213 139 2 2 1 0 0 0 0 0 0 0 0
119 108 0 0 0 0 0 0 0 0 0 0 0 217 142 2 2 1 0 0 0 0 0 0 0 0
126 114 0 0 0 0 0 0 0 0 0 0 0 228 150 3 2 1 0 0 0 0 0 0 0 0
132 118 0 0 0 0 0 0 0 0 0 0 0 234 157 3 2 1 0 0 0 0 0 0 0 0
142 121 0 0 0 0 0 0 0 0 0 0 0 237 162 3 2 1 0 0 0 0 0 0 0 0
153 126 0 0 0 0 0 0 0 0 0 0 0 240 165 3 2 1 0 0 0 0 0 0 0 0
162 131 0 0 0 0 0 0 0 0 0 0 0 247 168 3 2 1 0 0 0 0 0 0 0 0
171 137 0 0 0 0 0 0 0 0 0 0 0 250 174 3 2 1 0 0 0 0 0 0 0 0
176 145 0 1 0 0 0 0 0 0 0 0 0 255 179 3 2 1 0 0 0 0 0 0 0 0
179 149 0 1 0 0 0 0 0 0 0 0 0 261 184 3 3 1 0 0 0 0 0 0 0 0
185 157 0 1 0 0 0 0 0 0 0 0 0 264 189 3 3 1 0 0 0 0 0 0 0 0
188 162 0 1 0 0 0 0 0 0 0 0 0 269 192 3 3 1 0 0 0 0 0 0 0 0
192 165 0 1 0 0 0 0 0 0 0 0 0 272 198 3 3 1 0 0 0 0 0 0 0 0
201 169 0 1 0 0 0 0 0 0 0 0 0 276 202 3 3 1 0 0 0 0 0 0 0 0
206 173 0 1 0 0 0 0 0 0 0 0 0 282 206 3 3 1 0 0 0 0 0 0 0 0
212 178 0 1 0 0 0 0 0 0 0 0 0 290 212 3 3 1 0 0 0 0 0 0 0 0
215 182 0 1 0 0 0 0 0 0 0 0 0 293 219 3 3 1 0 0 0 0 0 0 0 0
221 186 0 1 0 0 0 0 0 0 0 0 0 296 223 3 3 1 0 0 0 0 0 0 0 0
225 191 0 1 0 0 0 0 0 0 0 0 0 311 229 3 3 1 0 0 0 0 0 0 0 0
230 196 0 1 0 0 0 0 0 0 0 0 0 326 243 3 3 1 0 0 0 0 0 0 0 0
