# scores for worst/random/best/smart move selector strategies. 
# scores are 50% and 95% quantiles (based on 40 games) of: 
# game score, #destroyed, #unlocked, #stripes, #bombs, #zappers
3 3 0 0 0 0 0 0 0 0 0 0 0 7 7 0 0 0 0 0 0 0 0 0 0 0
9 9 0 0 0 0 0 0 0 0 0 0 0 14 14 0 0 0 0 0 0 0 0 0 0 0
12 12 0 0 0 0 0 0 0 0 0 0 0 19 19 0 0 0 0 0 0 0 0 0 0 0
15 15 0 0 0 0 0 0 0 0 0 0 0 25 25 0 0 0 0 0 0 0 0 0 0 0
19 19 0 0 0 0 0 0 0 0 0 0 0 30 30 0 0 0 0 0 0 0 0 0 0 0
24 24 0 0 0 0 0 0 0 0 0 0 0 59 36 0 1 0 0 0 0 0 0 0 0 0
28 28 0 0 0 0 0 0 0 0 0 0 0 70 48 1 1 0 0 0 0 0 0 0 0 0
33 33 0 0 0 0 0 0 0 0 0 0 0 75 52 1 1 0 0 0 0 0 0 0 0 0
39 39 0 0 0 0 0 0 0 0 0 0 0 80 58 1 1 0 0 0 0 0 0 0 0 0
42 42 0 0 0 0 0 0 0 0 0 0 0 97 66 1 1 0 0 0 0 0 0 0 0 0
46 46 0 0 0 0 0 0 0 0 0 0 0 101 69 1 1 0 0 0 0 0 0 0 0 0
51 51 0 0 0 0 0 0 0 0 0 0 0 110 74 1 1 0 0 0 0 0 0 0 0 0
56 56 0 0 0 0 0 0 0 0 0 0 0 148 81 1 2 0 0 0 0 0 0 0 0 0
61 60 0 0 0 0 0 0 0 0 0 0 0 153 90 1 2 1 0 0 0 0 0 0 0 0
75 63 0 0 0 0 0 0 0 0 0 0 0 175 94 2 2 1 0 0 0 0 0 0 0 0
82 70 0 0 0 0 0 0 0 0 0 0 0 182 100 2 2 1 0 0 0 0 0 0 0 0
88 74 0 0 0 0 0 0 0 0 0 0 0 185 106 2 2 1 0 0 0 0 0 0 0 0
94 78 0 0 0 0 0 0 0 0 0 0 0 192 113 2 2 1 0 0 0 0 0 0 0 0
101 82 0 0 0 0 0 0 0 0 0 0 0 196 119 2 2 1 0 0 0 0 0 0 0 0
110 86 0 1 0 0 0 0 0 0 0 0 0 200 127 2 2 1 0 0 0 0 0 0 0 0
117 90 0 1 0 0 0 0 0 0 0 0 0 220 133 2 2 1 0 0 0 0 0 0 0 0
125 97 0 1 0 0 0 0 0 0 0 0 0 252 145 2 2 1 0 0 0 0 0 0 0 0
136 103 0 1 0 0 0 0 0 0 0 0 0 268 149 2 3 1 0 0 0 0 0 0 0 0
139 107 0 1 0 0 0 0 0 0 0 0 0 271 153 2 3 1 0 0 0 0 0 0 0 0
146 112 0 1 0 0 0 0 0 0 0 0 0 325 162 2 3 1 0 0 0 0 0 0 0 0
151 117 0 1 0 0 0 0 0 0 0 0 0 330 171 2 3 1 0 0 0 0 0 0 0 0
162 125 0 1 0 0 0 0 0 0 0 0 0 333 175 2 3 1 0 0 0 0 0 0 0 0
171 130 0 1 0 0 0 0 0 0 0 0 0 336 180 3 3 1 0 0 0 0 0 0 0 0
174 133 0 1 0 0 0 0 0 0 0 0 0 339 183 3 3 1 0 0 0 0 0 0 0 0
181 138 0 1 0 0 0 0 0 0 0 0 0 345 186 3 3 1 0 0 0 0 0 0 0 0
188 143 0 1 0 0 0 0 0 0 0 0 0 348 189 3 3 1 0 0 0 0 0 0 0 0
198 148 0 2 0 0 0 0 0 0 0 0 0 351 192 3 3 1 0 0 0 0 0 0 0 0
202 152 0 2 0 0 0 0 0 0 0 0 0 369 199 3 4 1 0 0 0 0 0 0 0 0
211 157 0 2 0 0 0 0 0 0 0 0 0 423 212 3 5 2 0 0 0 0 0 0 0 0
214 163 0 2 0 0 0 0 0 0 0 0 0 426 217 3 6 2 0 0 0 0 0 0 0 0
221 168 0 2 0 0 0 0 0 0 0 0 0 431 220 3 6 2 0 0 0 0 0 0 0 0
226 174 0 2 0 0 0 0 0 0 0 0 0 434 223 3 6 2 0 0 0 0 0 0 0 0
229 177 0 2 0 0 0 0 0 0 0 0 0 457 230 3 6 2 1 0 0 0 0 0 0 0
237 182 0 2 0 0 0 0 0 0 0 0 0 460 233 3 6 2 1 0 0 0 0 0 0 0
244 191 0 2 0 0 0 0 0 0 0 0 0 467 239 3 6 2 1 0 0 0 0 0 0 0
259 197 0 2 0 0 0 0 0 0 0 0 0 472 242 3 6 2 1 0 0 0 0 0 0 0
