# scores for worst/random/best/smart move selector strategies. 
# scores are 50% and 95% quantiles (based on 40 games) of: 
# game score, #destroyed, #unlocked, #stripes, #bombs, #zappers
3 3 0 0 0 0 0 0 0 0 0 0 0 7 7 0 0 0 0 0 0 0 0 0 0 0
9 9 0 0 0 0 0 0 0 0 0 0 0 18 18 0 0 0 0 0 0 0 0 0 0 0
15 15 0 0 0 0 0 0 0 0 0 0 0 36 30 0 0 0 0 0 0 0 0 0 0 0
26 22 0 0 0 0 0 0 0 0 0 0 0 129 51 2 2 0 1 1 0 0 1 0 0 0
56 28 0 0 0 0 0 0 0 0 0 0 0 141 71 2 2 0 1 1 0 0 1 0 0 0
83 38 0 1 0 0 0 0 0 0 0 0 0 190 81 2 3 1 1 1 0 0 1 0 0 0
99 48 0 1 0 0 0 0 0 0 0 0 0 222 93 2 4 1 1 1 1 0 1 0 0 0
120 58 0 2 0 0 0 0 0 0 0 0 0 303 108 7 6 1 1 1 1 0 1 0 0 0
154 67 1 2 0 0 0 0 0 0 0 0 0 322 117 7 6 2 1 1 1 0 1 0 0 0
180 78 1 2 0 0 0 0 0 0 0 0 0 381 132 7 6 2 2 1 1 0 2 0 0 0
200 88 1 3 0 0 0 0 0 0 0 0 0 390 143 8 7 2 2 1 1 0 2 0 0 0
215 100 1 3 0 0 0 0 0 0 0 0 0 429 155 8 7 2 3 1 1 0 2 0 0 0
232 109 2 3 0 0 0 0 0 0 0 0 0 441 164 8 8 2 3 1 1 0 3 0 0 0
273 118 2 3 0 0 0 0 0 0 0 0 0 690 181 8 12 2 3 1 1 0 3 1 0 0
279 125 2 4 0 0 0 0 0 0 0 0 0 765 201 8 16 3 3 1 1 0 3 1 0 0
330 140 2 4 1 1 0 0 0 0 0 0 0 799 213 8 17 3 3 2 1 0 3 1 0 0
356 151 2 5 1 1 1 0 0 1 0 0 0 804 223 8 17 3 3 2 1 0 3 1 0 0
385 162 2 5 1 1 1 0 0 1 0 0 0 865 244 8 17 3 3 2 1 0 3 1 0 0
407 169 2 5 1 1 1 0 0 1 0 0 0 907 254 8 18 3 4 2 1 0 3 1 0 0
434 180 2 5 1 1 1 0 0 1 0 0 0 968 281 8 18 10 4 2 1 0 3 1 0 0
472 195 2 6 1 1 1 0 0 1 0 0 0 982 291 8 18 10 4 2 1 0 4 1 0 0
482 204 2 6 1 1 1 0 0 1 0 0 0 1052 308 8 18 10 4 2 1 0 4 1 0 0
531 220 2 7 1 2 1 0 0 1 0 0 0 1076 329 9 19 10 5 2 2 0 4 1 0 0
558 234 2 7 1 2 1 0 0 1 0 0 0 1237 347 9 21 10 5 2 2 0 4 1 0 0
600 242 2 8 1 2 1 0 0 1 0 0 0 1426 383 9 28 10 5 2 2 0 4 1 0 0
620 256 2 8 1 2 1 0 0 1 0 0 0 1431 389 9 29 10 5 2 2 0 4 1 0 0
644 264 2 8 1 2 1 0 0 1 0 0 0 1448 394 9 29 10 5 2 2 0 4 1 0 0
653 273 2 9 1 2 1 0 0 1 0 0 0 1454 401 9 29 10 5 2 2 0 4 1 0 0
710 289 2 10 2 2 1 0 0 1 0 0 0 1458 411 9 29 10 5 2 2 0 4 1 0 0
721 300 2 10 2 2 1 0 0 1 0 0 0 1483 420 9 29 10 5 3 2 0 4 1 0 0
743 313 2 11 2 2 1 0 0 1 0 0 0 1489 424 9 30 10 5 3 2 0 4 1 0 0
770 321 2 11 2 2 1 0 0 1 0 0 0 1494 430 9 30 10 5 3 2 0 4 1 0 0
819 335 2 11 2 2 1 1 0 2 0 0 0 1562 441 9 30 10 5 3 2 0 4 1 0 0
853 352 2 11 2 2 1 1 0 2 0 0 0 1589 456 9 30 10 5 3 2 0 4 1 0 0
881 363 2 12 2 2 1 1 0 2 0 0 0 1632 471 9 31 10 5 3 2 0 4 1 0 0
905 378 2 13 2 2 1 1 0 2 0 0 0 1653 476 9 31 11 5 3 2 0 4 1 0 0
950 397 2 13 2 2 1 1 0 2 0 0 0 1662 496 9 31 11 5 3 2 0 5 1 0 0
960 406 2 13 2 2 1 1 0 2 0 0 0 1684 506 9 31 11 5 3 2 0 5 1 0 0
1002 414 2 13 2 3 1 1 0 2 0 0 0 1738 521 9 31 11 5 3 2 1 5 1 0 0
1029 424 2 13 2 3 2 1 0 2 0 0 0 1749 529 9 31 11 5 3 2 1 5 1 0 0
1037 432 2 14 3 3 2 1 0 2 0 0 0 1795 545 9 33 11 5 3 2 1 5 1 0 0
