# scores for worst/random/best/smart move selector strategies. 
# scores are 50% and 95% quantiles (based on 40 games) of: 
# game score, #destroyed, #unlocked, #stripes, #bombs, #zappers
3 3 0 0 0 0 0 0 0 0 0 0 0 7 7 0 0 0 0 0 0 0 0 0 0 0
9 9 0 0 0 0 0 0 0 0 0 0 0 12 12 0 0 0 0 0 0 0 0 0 0 0
12 12 0 0 0 0 0 0 0 0 0 0 0 22 22 0 0 0 0 0 0 0 0 0 0 0
15 15 0 0 0 0 0 0 0 0 0 0 0 25 25 0 0 0 0 0 0 0 0 0 0 0
20 20 0 0 0 0 0 0 0 0 0 0 0 35 35 0 0 0 0 0 0 0 0 0 0 0
23 23 0 0 0 0 0 0 0 0 0 0 0 44 42 0 0 0 0 0 0 0 0 0 0 0
27 27 0 0 0 0 0 0 0 0 0 0 0 57 45 0 0 0 0 0 0 0 0 0 0 0
30 30 0 0 0 0 0 0 0 0 0 0 0 62 50 0 0 0 0 0 0 0 0 0 0 0
36 36 0 0 0 0 0 0 0 0 0 0 0 76 53 0 1 0 0 0 0 0 0 0 0 0
40 39 0 0 0 0 0 0 0 0 0 0 0 79 56 0 1 0 0 0 0 0 0 0 0 0
43 42 0 0 0 0 0 0 0 0 0 0 0 82 59 0 1 0 0 0 0 0 0 0 0 0
49 48 0 0 0 0 0 0 0 0 0 0 0 86 62 0 1 0 0 0 0 0 0 0 0 0
52 52 0 0 0 0 0 0 0 0 0 0 0 98 71 0 1 0 0 0 0 0 0 0 0 0
57 57 0 0 0 0 0 0 0 0 0 0 0 103 75 1 1 0 0 0 0 0 0 0 0 0
61 60 0 0 0 0 0 0 0 0 0 0 0 106 80 1 1 0 0 0 0 0 0 0 0 0
68 66 0 0 0 0 0 0 0 0 0 0 0 109 84 1 1 0 0 0 0 0 0 0 0 0
72 69 0 0 0 0 0 0 0 0 0 0 0 125 94 1 1 0 0 0 0 0 0 0 0 0
76 74 0 0 0 0 0 0 0 0 0 0 0 128 99 1 1 0 0 0 0 0 0 0 0 0
79 78 0 0 0 0 0 0 0 0 0 0 0 137 111 1 1 0 0 0 0 0 0 0 0 0
84 81 0 0 0 0 0 0 0 0 0 0 0 144 118 1 1 0 0 0 0 0 0 0 0 0
90 85 0 0 0 0 0 0 0 0 0 0 0 157 121 1 1 1 0 0 0 0 0 0 0 0
96 90 0 0 0 0 0 0 0 0 0 0 0 163 127 1 1 1 0 0 0 0 0 0 0 0
103 94 0 0 0 0 0 0 0 0 0 0 0 166 130 1 2 1 0 0 0 0 0 0 0 0
106 100 0 0 0 0 0 0 0 0 0 0 0 170 134 1 2 1 0 0 0 0 0 0 0 0
111 104 0 0 0 0 0 0 0 0 0 0 0 174 138 1 2 1 0 0 0 0 0 0 0 0
117 108 0 0 0 0 0 0 0 0 0 0 0 195 141 1 2 1 0 0 0 0 0 0 0 0
122 115 0 0 0 0 0 0 0 0 0 0 0 198 144 1 2 1 0 0 0 0 0 0 0 0
125 121 0 0 0 0 0 0 0 0 0 0 0 201 152 1 2 1 0 0 0 0 0 0 0 0
131 124 0 0 0 0 0 0 0 0 0 0 0 204 155 1 2 1 0 0 0 0 0 0 0 0
135 128 0 0 0 0 0 0 0 0 0 0 0 212 162 1 2 1 0 0 0 0 0 0 0 0
140 134 0 0 0 0 0 0 0 0 0 0 0 215 165 1 2 1 0 0 0 0 0 0 0 0
146 137 0 0 0 0 0 0 0 0 0 0 0 218 169 1 2 1 0 0 0 0 0 0 0 0
152 140 0 0 0 0 0 0 0 0 0 0 0 223 175 1 2 1 0 0 0 0 0 0 0 0
158 146 0 0 0 0 0 0 0 0 0 0 0 227 179 1 2 1 0 0 0 0 0 0 0 0
165 151 0 0 0 0 0 0 0 0 0 0 0 237 184 1 2 1 0 0 0 0 0 0 0 0
174 156 0 0 0 0 0 0 0 0 0 0 0 241 187 1 2 1 0 0 0 0 0 0 0 0
177 160 0 0 0 0 0 0 0 0 0 0 0 244 191 1 2 1 0 0 0 0 0 0 0 0
182 163 0 0 0 0 0 0 0 0 0 0 0 247 194 1 2 1 0 0 0 0 0 0 0 0
185 166 0 0 0 0 0 0 0 0 0 0 0 250 201 1 2 1 0 0 0 0 0 0 0 0
189 172 0 0 0 0 0 0 0 0 0 0 0 254 206 1 2 1 0 0 0 0 0 0 0 0
193 176 0 0 0 0 0 0 0 0 0 0 0 260 210 1 2 1 0 0 0 0 0 0 0 0
