# scores for worst/random/best/smart move selector strategies. 
# scores are 50% and 95% quantiles (based on 40 games) of: 
# game score, #destroyed, #unlocked, #stripes, #bombs, #zappers
0 0 0 0 0 0 0 0 0 0 0 0 0 6 6 0 0 0 0 0 0 0 0 0 0 0
6 6 0 0 0 0 0 0 0 0 0 0 0 11 11 0 0 0 0 0 0 0 0 0 0 0
9 9 0 0 0 0 0 0 0 0 0 0 0 38 18 0 0 0 0 0 0 0 0 0 0 0
14 14 0 0 0 0 0 0 0 0 0 0 0 48 26 0 1 0 0 0 0 0 0 0 0 0
18 18 0 0 0 0 0 0 0 0 0 0 0 73 30 0 1 0 1 0 0 0 1 0 0 0
23 22 0 0 0 0 0 0 0 0 0 0 0 77 34 0 1 0 1 0 0 0 1 0 0 0
27 27 0 0 0 0 0 0 0 0 0 0 0 92 40 0 1 0 1 0 0 0 1 0 0 0
34 33 0 0 0 0 0 0 0 0 0 0 0 97 45 0 1 0 1 0 0 0 1 0 0 0
40 39 0 0 0 0 0 0 0 0 0 0 0 122 52 0 2 1 1 1 0 0 1 0 0 0
44 42 0 0 0 0 0 0 0 0 0 0 0 126 58 1 2 1 1 1 0 0 1 0 0 0
51 46 0 0 0 0 0 0 0 0 0 0 0 137 61 1 2 1 1 1 0 0 1 0 0 0
69 50 0 0 0 0 0 0 0 0 0 0 0 145 71 1 2 1 1 1 0 0 1 0 0 0
74 55 0 1 0 0 0 0 0 0 0 0 0 149 74 1 3 1 1 1 0 0 1 0 0 0
86 59 0 1 0 0 0 0 0 0 0 0 0 201 81 1 3 1 1 1 0 0 1 0 0 0
104 66 0 1 0 0 0 0 0 0 0 0 0 208 88 1 4 1 1 1 0 0 1 0 0 0
109 71 0 1 0 0 0 0 0 0 0 0 0 230 96 1 4 1 1 1 0 0 1 0 0 0
112 74 0 1 0 0 0 0 0 0 0 0 0 234 99 1 4 1 1 1 0 0 1 0 0 0
120 79 0 1 0 0 0 0 0 0 0 0 0 255 105 1 5 1 1 1 0 0 1 0 0 0
127 85 0 2 0 0 0 0 0 0 0 0 0 261 113 1 5 1 1 1 0 0 1 0 0 0
134 89 0 2 0 0 0 0 0 0 0 0 0 281 121 1 5 1 1 1 0 0 1 0 0 0
141 94 0 2 0 0 0 0 0 0 0 0 0 287 125 1 5 1 2 1 0 0 2 0 0 0
151 97 0 2 0 0 0 0 0 0 0 0 0 314 130 1 6 1 2 1 0 0 2 0 0 0
163 104 0 2 0 0 0 0 0 0 0 0 0 337 142 1 6 1 2 1 0 0 2 0 0 0
173 107 0 2 0 0 0 0 0 0 0 0 0 353 157 3 7 1 2 1 1 0 2 0 0 0
181 112 0 2 0 0 0 0 0 0 0 0 0 356 161 3 7 1 2 1 1 0 2 0 0 0
186 116 0 3 0 0 0 0 0 0 0 0 0 369 169 3 7 1 2 1 1 0 2 0 0 0
194 123 0 3 0 0 0 0 0 0 0 0 0 372 176 3 8 1 2 1 1 0 2 0 0 0
209 126 0 3 0 0 0 0 0 0 0 0 0 399 183 3 8 1 2 1 1 0 2 0 0 0
222 132 0 3 0 0 0 0 0 0 0 0 0 402 186 3 8 1 2 1 1 0 2 0 0 0
237 137 0 3 0 0 0 0 0 0 0 0 0 405 189 3 8 1 2 1 1 0 2 0 0 0
248 140 0 3 0 0 0 0 0 0 0 0 0 408 194 3 8 1 2 1 1 0 2 0 0 0
251 144 0 3 0 0 0 0 0 0 0 0 0 471 212 3 9 1 2 1 1 0 2 0 0 0
254 148 0 3 0 0 0 0 0 0 0 0 0 474 215 3 9 1 2 1 1 0 2 0 0 0
261 153 0 4 0 0 0 0 0 0 0 0 0 496 218 3 9 1 2 1 1 0 2 0 0 0
265 158 0 4 0 0 0 0 0 0 0 0 0 502 223 3 9 1 2 1 1 0 2 0 0 0
277 165 0 4 0 0 0 0 0 0 0 0 0 505 226 3 9 1 2 1 1 0 2 0 0 0
289 170 0 4 0 0 0 0 0 0 0 0 0 508 229 3 9 1 2 1 1 0 2 0 0 0
292 174 0 5 0 0 0 0 0 0 0 0 0 511 234 3 9 1 2 1 1 0 2 0 0 0
301 180 0 5 0 0 0 0 0 0 0 0 0 531 237 3 9 2 2 1 1 0 2 0 0 0
304 183 0 5 0 0 0 0 0 0 0 0 0 535 240 3 9 2 2 1 1 0 2 0 0 0
320 190 1 5 0 0 0 0 0 0 0 0 0 572 247 3 10 2 2 1 1 0 2 0 0 0
