# scores for worst/random/best/smart move selector strategies. 
# scores are 50% and 95% quantiles (based on 40 games) of: 
# game score, #destroyed, #unlocked, #stripes, #bombs, #zappers
0 0 0 0 0 0 0 0 0 0 0 0 0 6 6 0 0 0 0 0 0 0 0 0 0 0
4 4 0 0 0 0 0 0 0 0 0 0 0 11 11 0 0 0 0 0 0 0 0 0 0 0
9 9 0 0 0 0 0 0 0 0 0 0 0 14 14 0 0 0 0 0 0 0 0 0 0 0
12 12 0 0 0 0 0 0 0 0 0 0 0 49 22 0 0 0 0 0 0 0 0 0 0 0
15 15 0 0 0 0 0 0 0 0 0 0 0 58 27 0 0 0 0 0 0 0 0 0 0 0
20 20 0 0 0 0 0 0 0 0 0 0 0 65 30 0 0 0 0 0 0 0 0 0 0 0
24 24 0 0 0 0 0 0 0 0 0 0 0 68 35 0 1 0 0 0 0 0 0 0 0 0
29 29 0 0 0 0 0 0 0 0 0 0 0 74 38 0 1 0 0 0 0 0 0 0 0 0
33 32 0 0 0 0 0 0 0 0 0 0 0 77 41 0 1 0 0 0 0 0 0 0 0 0
36 36 0 0 0 0 0 0 0 0 0 0 0 87 46 0 1 0 0 0 0 0 0 0 0 0
42 41 0 0 0 0 0 0 0 0 0 0 0 103 55 0 1 0 0 0 0 0 0 0 0 0
48 44 0 0 0 0 0 0 0 0 0 0 0 118 64 0 1 0 0 0 0 0 0 0 0 0
54 50 0 0 0 0 0 0 0 0 0 0 0 121 70 0 2 0 0 0 0 0 0 0 0 0
59 54 0 0 0 0 0 0 0 0 0 0 0 124 75 0 2 1 0 0 0 0 0 0 0 0
73 58 0 0 0 0 0 0 0 0 0 0 0 129 80 0 2 1 0 0 0 0 0 0 0 0
76 61 0 1 0 0 0 0 0 0 0 0 0 132 83 0 2 1 0 0 0 0 0 0 0 0
80 66 0 1 0 0 0 0 0 0 0 0 0 135 88 0 2 1 0 0 0 0 0 0 0 0
83 69 0 1 0 0 0 0 0 0 0 0 0 138 91 0 2 1 0 0 0 0 0 0 0 0
88 74 0 1 0 0 0 0 0 0 0 0 0 142 94 0 2 1 0 0 0 0 0 0 0 0
97 77 0 1 0 0 0 0 0 0 0 0 0 167 102 0 2 1 0 0 0 0 0 0 0 0
105 81 0 1 0 0 0 0 0 0 0 0 0 179 106 0 3 1 0 0 0 0 0 0 0 0
112 87 0 1 0 0 0 0 0 0 0 0 0 182 111 0 3 1 0 0 0 0 0 0 0 0
118 91 0 1 0 0 0 0 0 0 0 0 0 188 114 0 3 1 0 0 0 0 0 0 0 0
121 94 0 1 0 0 0 0 0 0 0 0 0 201 119 0 4 1 1 0 0 0 0 0 0 0
124 98 0 1 0 0 0 0 0 0 0 0 0 204 122 0 4 1 1 0 0 0 0 0 0 0
127 102 0 1 0 0 0 0 0 0 0 0 0 245 132 1 4 1 1 0 0 0 0 0 0 0
132 105 0 1 0 0 0 0 0 0 0 0 0 248 135 1 4 1 1 0 0 0 0 0 0 0
147 109 0 1 0 0 0 0 0 0 0 0 0 254 139 1 4 1 1 0 0 0 1 0 0 0
151 112 0 1 0 0 0 0 0 0 0 0 0 269 142 1 5 1 1 0 0 0 1 0 0 0
156 117 0 1 0 0 0 0 0 0 0 0 0 288 148 1 5 1 1 0 0 0 1 0 0 0
160 120 0 1 0 0 0 0 0 0 0 0 0 296 153 1 5 1 1 0 0 0 1 0 0 0
163 124 0 1 0 0 0 0 0 0 0 0 0 307 156 1 6 1 1 0 0 0 1 0 0 0
172 128 0 1 0 0 0 0 0 0 0 0 0 310 159 1 6 1 1 0 0 0 1 0 0 0
175 132 0 1 0 0 0 0 0 0 0 0 0 315 162 1 6 1 1 0 0 0 1 0 0 0
182 136 0 1 0 0 0 0 0 0 0 0 0 318 169 1 6 1 1 0 0 0 1 0 0 0
196 144 0 1 0 0 0 0 0 0 0 0 0 351 175 1 6 1 1 0 0 0 1 0 0 0
201 148 0 1 0 0 0 0 0 0 0 0 0 357 183 1 6 1 1 0 0 0 1 0 0 0
204 151 0 1 0 0 0 0 0 0 0 0 0 380 190 1 6 1 1 0 0 0 1 0 0 0
207 154 0 1 0 0 0 0 0 0 0 0 0 383 193 1 6 1 1 0 0 0 1 0 0 0
214 158 0 1 0 0 0 0 0 0 0 0 0 402 196 1 6 1 1 0 0 0 1 0 0 0
217 162 0 1 0 0 0 0 0 0 0 0 0 405 199 1 6 1 1 0 0 0 1 0 0 0
