# scores for worst/random/best/smart move selector strategies. 
# scores are 50% and 95% quantiles (based on 40 games) of: 
# game score, #destroyed, #unlocked, #stripes, #bombs, #zappers
0 0 0 0 0 0 0 0 0 0 0 0 0 6 6 0 0 0 0 0 0 0 0 0 0 0
5 5 0 0 0 0 0 0 0 0 0 0 0 12 12 0 0 0 0 0 0 0 0 0 0 0
9 9 0 0 0 0 0 0 0 0 0 0 0 53 19 0 1 0 0 0 0 0 0 0 0 0
15 15 0 0 0 0 0 0 0 0 0 0 0 71 26 0 1 0 0 0 0 0 0 0 0 0
20 20 0 0 0 0 0 0 0 0 0 0 0 94 40 0 1 1 1 0 0 0 1 0 0 0
42 25 0 0 0 0 0 0 0 0 0 0 0 100 51 1 2 1 1 1 0 0 1 0 0 0
51 31 0 1 0 0 0 0 0 0 0 0 0 135 59 1 2 1 1 1 0 0 1 0 0 0
68 36 0 1 0 0 0 0 0 0 0 0 0 152 64 1 3 1 1 1 0 0 1 0 0 0
77 42 0 1 0 0 0 0 0 0 0 0 0 162 68 1 3 1 1 1 0 0 1 0 0 0
90 48 0 1 0 0 0 0 0 0 0 0 0 197 79 2 4 1 1 1 0 0 1 0 0 0
102 54 0 1 0 0 0 0 0 0 0 0 0 209 83 2 4 1 1 1 0 0 1 0 0 0
108 58 0 2 0 0 0 0 0 0 0 0 0 218 91 2 4 1 1 1 0 0 1 0 0 0
128 63 0 2 0 0 0 0 0 0 0 0 0 282 99 2 4 1 1 1 0 0 1 0 0 0
142 69 0 2 0 0 0 0 0 0 0 0 0 297 107 2 5 1 1 1 0 0 1 0 0 0
151 75 0 2 0 0 0 0 0 0 0 0 0 301 110 2 5 1 1 1 0 0 1 0 0 0
159 82 0 3 0 0 0 0 0 0 0 0 0 311 122 3 7 2 1 1 1 0 1 0 0 0
174 87 0 3 0 0 0 0 0 0 0 0 0 331 125 3 7 2 1 1 1 0 1 1 0 0
178 92 0 3 0 0 0 0 0 0 0 0 0 347 134 3 7 2 1 1 1 0 1 1 0 0
206 98 0 3 0 0 0 0 0 0 0 0 0 350 141 3 7 2 1 2 1 0 1 1 0 0
220 102 0 4 0 0 0 0 0 0 0 0 0 360 146 3 7 2 1 2 1 0 1 1 0 0
224 106 0 4 0 0 0 0 0 0 0 0 0 368 152 3 8 2 2 2 1 0 2 1 0 0
241 112 0 4 0 0 0 0 0 0 0 0 0 393 165 3 8 2 2 2 1 0 2 1 0 0
256 117 0 4 0 0 0 0 0 0 0 0 0 396 169 3 8 2 2 2 1 0 2 1 0 0
260 123 0 4 0 0 0 0 0 0 0 0 0 430 173 3 8 2 2 2 1 0 2 1 0 0
264 127 0 4 0 0 0 0 0 0 0 0 0 442 179 3 8 2 2 2 1 0 2 1 0 0
267 130 0 4 0 0 0 0 0 0 0 0 0 452 187 3 9 2 2 2 1 0 2 1 0 0
298 137 0 4 1 0 0 0 0 0 0 0 0 477 198 3 9 2 2 2 1 0 2 1 0 0
301 141 1 5 1 0 0 0 0 0 0 0 0 490 202 3 9 2 2 2 1 0 2 1 0 0
313 146 1 5 1 0 0 0 0 0 0 0 0 494 205 3 9 2 2 3 1 0 2 1 0 0
322 151 1 5 1 0 0 0 0 0 0 0 0 505 216 4 10 2 2 3 1 0 2 1 0 0
329 156 1 6 1 0 1 0 0 0 0 0 0 536 220 4 10 2 3 3 1 0 3 1 0 0
344 164 1 6 1 1 1 0 0 0 0 0 0 554 226 4 10 2 3 3 1 0 3 1 0 0
352 168 1 6 1 1 1 0 0 0 0 0 0 581 230 4 11 2 3 3 1 0 3 1 0 0
380 179 1 6 1 1 1 0 0 0 0 0 0 588 235 4 11 2 3 3 1 0 3 1 0 0
386 182 1 6 1 1 1 0 0 1 0 0 0 592 242 4 11 2 3 3 1 0 3 1 0 0
398 185 1 6 1 1 1 0 0 1 0 0 0 619 245 5 11 2 3 3 1 0 3 1 0 0
404 192 1 6 1 1 1 0 0 1 0 0 0 626 253 5 11 2 3 3 1 0 3 1 0 0
409 196 1 7 1 1 1 0 0 1 0 0 0 634 257 5 12 2 3 3 1 0 3 1 0 0
418 203 1 7 1 1 1 0 0 1 0 0 0 652 262 5 12 2 3 3 1 0 3 1 0 0
437 207 1 7 1 1 1 0 0 1 0 0 0 677 267 5 13 2 3 3 1 0 3 1 0 0
449 213 1 8 1 1 1 0 0 1 0 0 0 680 273 5 13 2 3 3 1 0 3 1 0 0
