# scores for worst/random/best/smart move selector strategies. 
# scores are 50% and 95% quantiles (based on 40 games) of: 
# game score, #destroyed, #unlocked, #stripes, #bombs, #zappers
0 0 0 0 0 0 0 0 0 0 0 0 0 6 6 0 0 0 0 0 0 0 0 0 0 0
3 3 0 0 0 0 0 0 0 0 0 0 0 11 11 0 0 0 0 0 0 0 0 0 0 0
7 7 0 0 0 0 0 0 0 0 0 0 0 14 14 0 0 0 0 0 0 0 0 0 0 0
12 12 0 0 0 0 0 0 0 0 0 0 0 18 18 0 0 0 0 0 0 0 0 0 0 0
15 15 0 0 0 0 0 0 0 0 0 0 0 21 21 0 0 0 0 0 0 0 0 0 0 0
18 18 0 0 0 0 0 0 0 0 0 0 0 27 27 0 0 0 0 0 0 0 0 0 0 0
22 22 0 0 0 0 0 0 0 0 0 0 0 37 31 0 0 0 0 0 0 0 0 0 0 0
25 25 0 0 0 0 0 0 0 0 0 0 0 50 35 0 0 0 0 0 0 0 0 0 0 0
29 29 0 0 0 0 0 0 0 0 0 0 0 53 40 0 0 0 0 0 0 0 0 0 0 0
33 33 0 0 0 0 0 0 0 0 0 0 0 58 43 0 0 0 0 0 0 0 0 0 0 0
36 36 0 0 0 0 0 0 0 0 0 0 0 68 50 0 1 0 0 0 0 0 0 0 0 0
39 39 0 0 0 0 0 0 0 0 0 0 0 71 55 0 1 0 0 0 0 0 0 0 0 0
45 45 0 0 0 0 0 0 0 0 0 0 0 77 60 0 1 0 0 0 0 0 0 0 0 0
48 48 0 0 0 0 0 0 0 0 0 0 0 80 65 0 1 0 0 0 0 0 0 0 0 0
51 51 0 0 0 0 0 0 0 0 0 0 0 83 70 0 1 0 0 0 0 0 0 0 0 0
54 54 0 0 0 0 0 0 0 0 0 0 0 90 73 0 1 0 0 0 0 0 0 0 0 0
57 57 0 0 0 0 0 0 0 0 0 0 0 93 78 0 1 0 0 0 0 0 0 0 0 0
60 60 0 0 0 0 0 0 0 0 0 0 0 96 81 0 1 0 0 0 0 0 0 0 0 0
63 63 0 0 0 0 0 0 0 0 0 0 0 99 84 0 1 0 0 0 0 0 0 0 0 0
66 66 0 0 0 0 0 0 0 0 0 0 0 108 87 0 1 0 0 0 0 0 0 0 0 0
69 69 0 0 0 0 0 0 0 0 0 0 0 111 90 0 1 0 0 0 0 0 0 0 0 0
75 75 0 0 0 0 0 0 0 0 0 0 0 118 96 0 1 0 0 0 0 0 0 0 0 0
78 78 0 0 0 0 0 0 0 0 0 0 0 123 99 0 1 0 0 0 0 0 0 0 0 0
82 82 0 0 0 0 0 0 0 0 0 0 0 128 104 0 1 0 0 0 0 0 0 0 0 0
85 85 0 0 0 0 0 0 0 0 0 0 0 131 109 0 1 0 0 0 0 0 0 0 0 0
90 90 0 0 0 0 0 0 0 0 0 0 0 135 113 0 1 0 0 0 0 0 0 0 0 0
93 93 0 0 0 0 0 0 0 0 0 0 0 140 118 0 1 0 0 0 0 0 0 0 0 0
97 96 0 0 0 0 0 0 0 0 0 0 0 166 121 0 1 1 0 0 0 0 0 0 0 0
100 99 0 0 0 0 0 0 0 0 0 0 0 172 126 0 1 1 0 0 0 0 0 0 0 0
106 103 0 0 0 0 0 0 0 0 0 0 0 202 135 0 1 1 0 0 0 0 0 0 0 0
109 108 0 0 0 0 0 0 0 0 0 0 0 205 138 0 1 1 0 0 0 0 0 0 0 0
112 111 0 0 0 0 0 0 0 0 0 0 0 208 141 0 1 1 0 0 0 0 0 0 0 0
117 115 0 0 0 0 0 0 0 0 0 0 0 213 145 0 2 1 0 0 0 0 0 0 0 0
123 118 0 0 0 0 0 0 0 0 0 0 0 216 150 0 2 1 0 0 0 0 0 0 0 0
126 121 0 0 0 0 0 0 0 0 0 0 0 219 156 0 2 1 0 0 0 0 0 0 0 0
129 126 0 0 0 0 0 0 0 0 0 0 0 226 159 0 2 1 0 0 0 0 0 0 0 0
135 134 0 0 0 0 0 0 0 0 0 0 0 232 162 0 2 1 0 0 0 0 0 0 0 0
144 137 0 0 0 0 0 0 0 0 0 0 0 237 168 0 2 1 0 0 0 0 0 0 0 0
148 141 0 0 0 0 0 0 0 0 0 0 0 240 175 0 2 1 0 0 0 0 0 0 0 0
152 144 0 0 0 0 0 0 0 0 0 0 0 243 178 0 2 1 0 0 0 0 0 0 0 0
155 147 0 0 0 0 0 0 0 0 0 0 0 246 181 0 2 1 0 0 0 0 0 0 0 0
