# scores for worst/random/best/smart move selector strategies. 
# scores are 50% and 95% quantiles (based on 40 games) of: 
# game score, #destroyed, #unlocked, #stripes, #bombs, #zappers
0 0 0 0 0 0 0 0 0 0 0 0 0 9 9 0 0 0 0 0 0 0 0 0 0 0
4 4 0 0 0 0 0 0 0 0 0 0 0 12 12 0 0 0 0 0 0 0 0 0 0 0
8 8 0 0 0 0 0 0 0 0 0 0 0 23 23 0 0 0 0 0 0 0 0 0 0 0
12 12 0 0 0 0 0 0 0 0 0 0 0 119 36 1 2 0 0 0 0 0 0 0 0 0
16 16 0 0 0 0 0 0 0 0 0 0 0 133 39 3 2 1 0 0 0 0 0 0 0 0
20 20 0 0 0 0 0 0 0 0 0 0 0 172 60 3 3 1 0 1 1 0 0 0 0 0
24 24 0 0 0 0 0 0 0 0 0 0 0 186 63 3 3 2 0 1 1 0 0 0 0 0
26 26 0 0 0 0 0 0 0 0 0 0 0 189 66 3 3 2 0 1 1 0 0 0 0 0
31 30 0 0 0 0 0 0 0 0 0 0 0 201 73 5 4 2 0 1 1 0 0 0 0 0
39 36 0 0 0 0 0 0 0 0 0 0 0 300 92 7 6 2 0 1 1 0 0 0 0 0
42 41 0 0 0 0 0 0 0 0 0 0 0 441 104 8 8 2 1 1 1 0 0 0 0 0
67 45 0 1 0 0 0 0 0 0 0 0 0 445 113 8 8 3 1 1 1 0 0 0 0 0
86 52 0 1 0 0 0 0 0 0 0 0 0 448 117 8 8 3 1 1 1 0 0 0 0 0
136 58 0 2 0 0 0 0 0 0 0 0 0 457 122 8 8 3 1 1 1 0 0 0 0 0
172 75 1 3 1 0 0 0 0 0 0 0 0 462 125 8 8 3 1 1 1 0 0 0 0 0
197 81 1 3 1 0 0 0 0 0 0 0 0 493 137 8 8 3 1 1 1 0 0 0 0 0
212 84 1 3 1 0 0 0 0 0 0 0 0 497 140 8 8 3 1 1 1 0 1 0 0 0
219 90 1 3 1 0 0 0 0 0 0 0 0 500 143 8 8 3 1 1 1 0 1 0 0 0
224 95 1 4 1 0 0 0 0 0 0 0 0 523 148 8 9 3 1 1 1 0 1 0 0 0
264 104 1 4 1 0 0 0 0 0 0 0 0 526 151 8 9 3 1 2 2 0 1 0 0 0
268 108 1 4 1 0 0 0 0 0 0 0 0 529 159 8 9 3 1 2 2 0 1 0 0 0
276 111 1 5 1 0 0 0 0 0 0 0 0 553 165 8 11 3 1 2 2 0 1 0 0 0
290 120 1 5 1 0 0 0 0 0 0 0 0 557 169 8 11 3 1 2 2 0 1 0 0 0
313 128 1 5 1 0 0 0 0 0 0 0 0 561 172 8 11 4 1 2 2 0 1 0 0 0
349 132 1 5 2 0 0 0 0 0 0 0 0 566 176 8 12 4 1 2 2 0 1 0 0 0
370 138 1 5 2 0 0 0 0 0 0 0 0 571 182 8 12 4 1 2 2 0 1 0 0 0
379 144 1 6 2 0 0 0 0 0 0 0 0 575 185 8 12 4 1 2 2 0 1 0 0 0
391 150 1 6 2 0 0 0 0 0 0 0 0 599 195 8 12 4 1 2 2 0 1 0 0 0
406 158 1 6 2 0 0 0 0 0 0 0 0 615 208 8 13 4 1 2 2 0 1 0 0 0
409 161 1 6 2 0 0 0 0 0 0 0 0 634 213 8 13 4 1 2 2 0 1 0 0 0
431 166 1 6 2 0 0 0 0 0 0 0 0 637 216 8 13 4 2 2 2 0 1 0 0 0
436 173 1 6 2 0 0 0 0 0 0 0 0 640 219 8 13 4 2 2 2 0 1 0 0 0
443 180 1 7 2 0 0 0 0 0 0 0 0 643 223 8 13 4 2 2 2 0 1 0 0 0
460 187 1 7 3 0 0 0 0 0 0 0 0 649 231 8 13 4 2 2 2 0 1 0 0 0
483 194 1 8 3 0 1 1 0 0 0 0 0 654 237 8 13 4 2 2 2 0 1 0 0 0
504 199 1 8 3 0 1 1 0 0 0 0 0 659 240 8 13 4 2 2 2 0 1 0 0 0
507 202 1 8 3 0 1 1 0 0 0 0 0 678 245 8 13 4 2 2 2 0 1 0 0 0
511 205 1 8 3 0 1 1 0 0 0 0 0 690 253 8 13 4 2 2 2 0 1 0 0 0
516 209 1 8 3 0 1 1 0 0 0 0 0 694 256 8 13 4 2 2 2 0 1 0 0 0
555 217 1 8 3 0 1 1 0 0 0 0 0 699 260 8 14 4 2 2 2 0 1 0 0 0
560 221 1 8 3 0 1 1 0 0 0 0 0 719 268 8 15 4 2 2 2 0 1 0 0 0
