# scores for worst/random/best/smart move selector strategies. 
# scores are 50% and 95% quantiles (based on 40 games) of: 
# game score, #destroyed, #unlocked, #stripes, #bombs, #zappers
3 3 0 0 0 0 0 0 0 0 0 0 0 9 9 0 0 0 0 0 0 0 0 0 0 0
7 7 0 0 0 0 0 0 0 0 0 0 0 15 15 0 0 0 0 0 0 0 0 0 0 0
11 11 0 0 0 0 0 0 0 0 0 0 0 18 18 0 0 0 0 0 0 0 0 0 0 0
14 14 0 0 0 0 0 0 0 0 0 0 0 23 23 0 0 0 0 0 0 0 0 0 0 0
18 18 0 0 0 0 0 0 0 0 0 0 0 29 29 0 0 0 0 0 0 0 0 0 0 0
21 21 0 0 0 0 0 0 0 0 0 0 0 35 34 0 0 0 0 0 0 0 0 0 0 0
25 24 0 0 0 0 0 0 0 0 0 0 0 38 36 0 0 0 0 0 0 0 0 0 0 0
28 27 0 0 0 0 0 0 0 0 0 0 0 40 39 0 0 0 0 0 0 0 0 0 0 0
33 33 0 0 0 0 0 0 0 0 0 0 0 113 51 2 1 0 0 0 0 0 0 0 0 0
37 36 0 0 0 0 0 0 0 0 0 0 0 206 63 6 3 1 0 0 1 0 0 0 0 0
41 40 0 0 0 0 0 0 0 0 0 0 0 365 93 6 6 3 0 0 1 0 0 0 0 0
45 45 0 0 0 0 0 0 0 0 0 0 0 388 96 7 6 3 0 0 1 0 0 0 0 0
49 48 0 0 0 0 0 0 0 0 0 0 0 391 99 7 6 3 0 0 1 0 0 0 0 0
54 51 0 0 0 0 0 0 0 0 0 0 0 395 102 7 6 3 0 0 1 0 0 0 0 0
57 55 0 0 0 0 0 0 0 0 0 0 0 398 107 7 6 3 0 0 1 0 0 0 0 0
60 59 0 0 0 0 0 0 0 0 0 0 0 401 111 7 6 3 0 0 1 0 0 0 0 0
67 65 0 0 0 0 0 0 0 0 0 0 0 404 114 7 6 3 0 0 1 0 0 0 0 0
72 70 0 0 0 0 0 0 0 0 0 0 0 412 118 7 6 3 0 1 1 0 0 0 0 0
76 74 0 0 0 0 0 0 0 0 0 0 0 415 124 7 6 3 0 1 1 0 0 0 0 0
84 80 0 0 0 0 0 0 0 0 0 0 0 433 130 7 6 3 0 1 1 0 0 0 0 0
112 86 0 1 0 0 0 0 0 0 0 0 0 437 140 7 7 3 0 1 1 0 0 0 0 0
157 99 0 2 0 0 0 0 0 0 0 0 0 441 145 9 7 3 0 1 1 0 0 0 0 0
181 105 1 3 0 0 0 0 0 0 0 0 0 444 149 9 7 3 0 1 1 0 0 0 0 0
237 109 1 3 1 0 0 0 0 0 0 0 0 464 161 9 7 4 0 1 1 0 0 0 0 0
240 112 1 3 1 0 0 0 0 0 0 0 0 467 164 9 7 4 0 1 1 0 0 0 0 0
337 117 3 4 2 0 0 0 0 0 0 0 0 470 167 9 7 4 0 1 1 0 0 0 0 0
340 122 3 4 2 0 0 0 0 0 0 0 0 476 171 9 7 4 0 1 1 0 0 0 0 0
343 128 3 4 2 0 0 0 0 0 0 0 0 479 174 9 7 4 0 1 1 0 0 0 0 0
356 131 3 5 2 0 0 0 0 0 0 0 0 484 178 9 7 4 0 1 1 0 0 0 0 0
362 134 3 5 2 0 0 0 0 0 0 0 0 488 184 9 7 4 0 1 1 0 0 0 0 0
365 137 4 5 2 0 0 0 0 0 0 0 0 491 187 9 7 4 0 1 1 0 0 0 0 0
379 142 5 5 2 0 0 0 0 0 0 0 0 494 190 9 8 4 0 1 1 0 0 0 0 0
382 145 5 5 2 0 0 0 0 0 0 0 0 510 193 9 9 4 0 1 1 0 0 0 0 0
387 148 5 5 3 0 0 0 0 0 0 0 0 514 197 9 9 4 0 1 1 0 0 0 0 0
398 156 5 5 3 0 0 0 0 0 0 0 0 517 201 9 9 4 0 1 1 0 0 0 0 0
404 163 5 5 3 0 0 0 0 0 0 0 0 520 204 9 9 4 0 1 1 0 0 0 0 0
407 168 5 5 3 0 0 0 0 0 0 0 0 523 207 9 9 4 0 1 1 0 0 0 0 0
414 171 5 6 3 0 0 0 0 0 0 0 0 540 221 9 9 4 0 1 1 0 0 0 0 0
418 174 5 6 3 0 0 0 0 0 0 0 0 543 224 9 9 4 0 1 1 0 0 0 0 0
425 180 5 6 3 0 0 0 0 0 0 0 0 546 227 9 9 4 0 1 1 0 0 0 0 0
430 183 5 6 3 0 0 0 0 0 0 0 0 550 231 9 9 4 0 1 1 0 0 0 0 0
