# scores for worst/random/best/smart move selector strategies. 
# scores are 50% and 95% quantiles (based on 40 games) of: 
# game score, #destroyed, #unlocked, #stripes, #bombs, #zappers
3 3 0 0 0 0 0 0 0 0 0 0 0 9 9 0 0 0 0 0 0 0 0 0 0 0
9 9 0 0 0 0 0 0 0 0 0 0 0 18 18 0 0 0 0 0 0 0 0 0 0 0
15 15 0 0 0 0 0 0 0 0 0 0 0 90 25 1 1 0 0 0 0 0 0 0 0 0
27 22 0 0 0 0 0 0 0 0 0 0 0 154 44 7 3 1 0 1 0 0 0 0 0 0
42 28 0 0 0 0 0 0 0 0 0 0 0 320 62 10 6 3 0 1 1 0 0 0 0 0
63 35 0 1 0 0 0 0 0 0 0 0 0 366 91 10 7 3 0 1 1 0 0 0 0 0
118 47 1 2 0 0 0 0 0 0 0 0 0 383 95 10 7 3 0 1 1 0 0 0 0 0
151 58 5 3 1 0 0 0 0 0 0 0 0 389 101 10 7 3 0 1 1 0 0 0 0 0
181 63 5 3 1 0 0 0 0 0 0 0 0 437 123 11 9 3 1 1 1 0 1 0 0 0
188 68 5 3 1 0 0 0 0 0 0 0 0 445 131 11 9 3 1 1 1 0 1 0 0 0
277 74 5 4 2 0 0 0 0 0 0 0 0 486 138 11 9 3 1 1 2 0 1 0 0 0
338 87 7 5 3 0 0 1 0 0 0 0 0 500 144 11 9 4 1 1 2 0 1 0 0 0
372 95 7 6 3 0 0 1 0 0 0 0 0 505 151 11 9 4 1 2 2 0 1 0 0 0
387 104 7 6 3 0 0 1 0 0 0 0 0 511 154 11 9 4 1 2 2 0 1 0 0 0
399 116 7 6 3 0 0 1 0 0 0 0 0 557 162 11 10 4 1 2 2 0 1 0 0 0
443 126 8 7 3 0 0 1 0 0 0 0 0 570 171 11 10 4 1 2 2 0 1 0 0 0
454 133 8 7 3 0 0 1 0 0 0 0 0 591 175 11 11 4 2 2 2 0 2 0 0 0
473 141 8 7 3 0 0 1 0 0 0 0 0 628 186 11 12 4 2 2 2 0 2 0 0 0
481 148 8 7 3 0 0 1 0 0 0 0 0 646 195 11 13 4 2 2 2 0 2 0 0 0
491 153 8 8 3 0 0 1 0 0 0 0 0 650 201 11 13 5 2 2 2 0 2 0 0 0
510 160 8 8 3 0 0 1 0 0 0 0 0 669 207 11 14 5 2 2 2 0 2 0 0 0
529 167 8 8 3 0 1 1 0 0 0 0 0 711 216 11 14 5 2 2 2 0 2 0 0 0
544 179 8 8 3 0 1 1 0 0 0 0 0 730 223 12 14 5 2 2 2 1 2 0 0 0
562 185 8 8 3 0 1 1 0 0 0 0 0 737 234 12 14 5 2 2 2 1 2 0 0 0
568 191 9 9 3 0 1 1 0 0 0 0 0 754 245 12 14 5 2 2 2 1 2 0 0 0
581 200 9 9 3 0 1 1 0 0 0 0 0 799 265 12 16 5 2 2 2 1 2 0 0 0
612 205 9 9 3 0 1 1 0 0 0 0 0 821 273 12 16 5 2 2 2 1 2 0 0 0
619 213 9 9 3 0 1 1 0 0 0 0 0 827 276 12 16 5 2 3 2 1 2 0 0 0
638 221 9 10 3 0 1 1 0 0 0 0 0 852 281 12 16 5 3 3 2 1 2 0 0 0
649 229 9 10 3 0 1 1 0 0 0 0 0 857 284 12 16 5 3 3 2 1 2 0 0 0
666 235 9 10 3 0 1 1 0 0 0 0 0 863 291 12 16 6 3 3 2 1 2 0 0 0
699 246 9 10 3 0 1 1 0 0 0 0 0 886 300 12 17 6 3 3 2 1 3 0 0 0
705 252 9 11 3 0 1 1 0 0 0 0 0 891 312 12 17 6 3 3 2 1 3 0 0 0
735 262 9 11 3 0 1 1 0 0 0 0 0 896 317 12 17 6 3 3 2 1 3 0 0 0
738 269 9 11 3 0 1 1 0 0 0 0 0 903 320 12 17 6 3 3 2 1 3 0 0 0
769 273 9 11 4 0 1 1 0 0 0 0 0 921 329 12 17 6 3 3 2 1 3 0 0 0
779 281 9 12 4 0 1 1 0 0 0 0 0 970 337 12 18 6 3 3 2 1 3 0 0 0
805 292 9 12 4 0 1 1 0 0 0 0 0 1064 344 12 20 6 3 3 2 1 3 0 0 0
811 303 9 12 4 1 1 1 0 1 0 0 0 1067 349 12 20 6 4 3 2 1 3 0 0 0
835 308 9 12 4 1 1 1 0 1 0 0 0 1076 356 12 20 6 4 3 2 1 3 0 0 0
845 314 9 13 4 1 1 1 0 1 0 0 0 1084 371 12 20 6 4 3 2 1 4 0 0 0
