# scores for worst/random/best/smart move selector strategies. 
# scores are 50% and 95% quantiles (based on 40 games) of: 
# game score, #destroyed, #unlocked, #stripes, #bombs, #zappers
3 3 0 0 0 0 0 0 0 0 0 0 0 9 9 0 0 0 0 0 0 0 0 0 0 0
6 6 0 0 0 0 0 0 0 0 0 0 0 13 13 0 0 0 0 0 0 0 0 0 0 0
9 9 0 0 0 0 0 0 0 0 0 0 0 17 17 0 0 0 0 0 0 0 0 0 0 0
13 13 0 0 0 0 0 0 0 0 0 0 0 22 22 0 0 0 0 0 0 0 0 0 0 0
16 16 0 0 0 0 0 0 0 0 0 0 0 27 27 0 0 0 0 0 0 0 0 0 0 0
21 21 0 0 0 0 0 0 0 0 0 0 0 30 30 0 0 0 0 0 0 0 0 0 0 0
24 24 0 0 0 0 0 0 0 0 0 0 0 67 33 1 1 0 0 0 0 0 0 0 0 0
27 27 0 0 0 0 0 0 0 0 0 0 0 69 36 1 1 0 0 0 0 0 0 0 0 0
30 30 0 0 0 0 0 0 0 0 0 0 0 72 39 1 1 0 0 0 0 0 0 0 0 0
33 33 0 0 0 0 0 0 0 0 0 0 0 79 44 1 1 0 0 0 0 0 0 0 0 0
36 36 0 0 0 0 0 0 0 0 0 0 0 82 47 1 1 0 0 0 0 0 0 0 0 0
40 40 0 0 0 0 0 0 0 0 0 0 0 90 50 1 1 0 0 0 0 0 0 0 0 0
45 45 0 0 0 0 0 0 0 0 0 0 0 138 61 4 2 0 0 0 0 0 0 0 0 0
48 48 0 0 0 0 0 0 0 0 0 0 0 141 64 4 2 0 0 0 0 0 0 0 0 0
51 51 0 0 0 0 0 0 0 0 0 0 0 146 67 4 2 0 0 0 0 0 0 0 0 0
54 54 0 0 0 0 0 0 0 0 0 0 0 149 71 4 2 0 0 0 0 0 0 0 0 0
57 57 0 0 0 0 0 0 0 0 0 0 0 152 74 4 2 0 0 0 0 0 0 0 0 0
60 60 0 0 0 0 0 0 0 0 0 0 0 197 81 4 3 1 0 0 0 0 0 0 0 0
63 63 0 0 0 0 0 0 0 0 0 0 0 264 88 4 4 1 0 0 0 0 0 0 0 0
67 66 0 0 0 0 0 0 0 0 0 0 0 267 91 4 4 1 0 0 0 0 0 0 0 0
72 70 0 0 0 0 0 0 0 0 0 0 0 307 94 5 5 2 0 0 0 0 0 0 0 0
75 75 0 0 0 0 0 0 0 0 0 0 0 313 101 5 5 2 0 0 0 0 0 0 0 0
78 78 0 0 0 0 0 0 0 0 0 0 0 316 105 5 5 2 0 0 0 0 0 0 0 0
81 81 0 0 0 0 0 0 0 0 0 0 0 320 108 5 5 2 0 0 0 0 0 0 0 0
85 84 0 0 0 0 0 0 0 0 0 0 0 343 111 5 5 2 0 0 0 0 0 0 0 0
90 90 0 0 0 0 0 0 0 0 0 0 0 349 115 6 6 2 0 0 0 0 0 0 0 0
94 93 0 0 0 0 0 0 0 0 0 0 0 353 118 6 6 2 0 0 0 0 0 0 0 0
99 97 0 0 0 0 0 0 0 0 0 0 0 358 122 7 6 2 0 0 0 0 0 0 0 0
102 101 0 0 0 0 0 0 0 0 0 0 0 361 125 7 6 2 0 0 0 0 0 0 0 0
105 103 0 0 0 0 0 0 0 0 0 0 0 364 128 7 6 2 0 0 0 0 0 0 0 0
109 106 0 0 0 0 0 0 0 0 0 0 0 370 133 7 6 2 0 0 0 0 0 0 0 0
114 111 0 0 0 0 0 0 0 0 0 0 0 373 139 7 6 2 0 0 0 0 0 0 0 0
120 113 0 0 0 0 0 0 0 0 0 0 0 377 142 7 6 3 0 0 0 0 0 0 0 0
126 117 0 0 0 0 0 0 0 0 0 0 0 380 145 7 6 3 0 0 0 0 0 0 0 0
130 120 0 0 0 0 0 0 0 0 0 0 0 383 148 7 6 3 0 0 0 0 0 0 0 0
140 126 0 0 0 0 0 0 0 0 0 0 0 407 155 8 6 3 0 0 0 0 0 0 0 0
147 130 0 0 0 0 0 0 0 0 0 0 0 410 158 8 6 3 0 0 0 0 0 0 0 0
148 134 0 0 0 0 0 0 0 0 0 0 0 413 162 8 6 3 0 0 0 0 0 0 0 0
150 139 0 0 0 0 0 0 0 0 0 0 0 416 167 8 6 3 0 0 0 0 0 0 0 0
152 142 0 0 0 0 0 0 0 0 0 0 0 419 170 8 6 3 0 0 0 0 0 0 0 0
156 144 0 0 0 0 0 0 0 0 0 0 0 422 176 8 6 3 0 0 0 0 0 0 0 0
