# scores for worst/random/best/smart move selector strategies. 
# scores are 50% and 95% quantiles (based on 40 games) of: 
# game score, #destroyed, #unlocked, #stripes, #bombs, #zappers
0 0 0 0 0 0 0 0 0 0 0 0 0 4 4 0 0 0 0 0 0 0 0 0 0 0
6 6 0 0 0 0 0 0 0 0 0 0 0 12 12 0 0 0 0 0 0 0 0 0 0 0
9 9 0 0 0 0 0 0 0 0 0 0 0 18 18 0 0 0 0 0 0 0 0 0 0 0
14 14 0 0 0 0 0 0 0 0 0 0 0 24 24 0 0 0 0 0 0 0 0 0 0 0
18 18 0 0 0 0 0 0 0 0 0 0 0 28 28 0 0 0 0 0 0 0 0 0 0 0
23 23 0 0 0 0 0 0 0 0 0 0 0 33 33 0 0 0 0 0 0 0 0 0 0 0
27 27 0 0 0 0 0 0 0 0 0 0 0 47 36 0 0 0 0 0 0 0 0 0 0 0
30 30 0 0 0 0 0 0 0 0 0 0 0 53 43 0 0 0 0 0 0 0 0 0 0 0
34 34 0 0 0 0 0 0 0 0 0 0 0 58 48 0 0 0 0 0 0 0 0 0 0 0
39 39 0 0 0 0 0 0 0 0 0 0 0 71 57 1 1 0 0 0 0 0 0 0 0 0
42 42 0 0 0 0 0 0 0 0 0 0 0 84 62 1 1 0 0 0 0 0 0 0 0 0
51 48 0 0 0 0 0 0 0 0 0 0 0 112 66 2 1 0 0 0 0 0 0 0 0 0
55 53 0 0 0 0 0 0 0 0 0 0 0 116 71 2 1 0 0 0 0 0 0 0 0 0
59 57 0 0 0 0 0 0 0 0 0 0 0 125 74 3 1 0 0 0 0 0 0 0 0 0
66 63 0 0 0 0 0 0 0 0 0 0 0 130 82 4 1 0 0 0 0 0 0 0 0 0
69 67 0 0 0 0 0 0 0 0 0 0 0 144 86 4 1 0 0 0 0 0 0 0 0 0
81 72 0 0 0 0 0 0 0 0 0 0 0 158 92 4 1 0 1 0 0 0 0 0 0 0
93 75 0 0 0 0 0 0 0 0 0 0 0 161 96 4 2 0 1 0 0 0 0 0 0 0
106 81 0 0 0 0 0 0 0 0 0 0 0 165 100 4 2 0 1 0 0 0 0 0 0 0
114 88 0 1 0 0 0 0 0 0 0 0 0 168 104 4 2 0 1 0 0 0 0 0 0 0
118 93 0 1 0 0 0 0 0 0 0 0 0 171 107 4 2 0 1 0 0 0 0 0 0 0
123 98 0 1 0 0 0 0 0 0 0 0 0 179 113 5 2 0 1 0 0 0 0 0 0 0
129 104 0 1 0 0 0 0 0 0 0 0 0 209 118 7 3 0 1 0 0 0 0 0 0 0
135 108 0 1 0 0 0 0 0 0 0 0 0 217 123 9 3 0 1 1 0 0 1 0 0 0
141 112 0 1 0 0 0 0 0 0 0 0 0 232 130 9 3 1 1 1 0 0 1 0 0 0
147 116 0 1 0 0 0 0 0 0 0 0 0 236 136 9 3 1 1 1 0 0 1 0 0 0
152 120 1 1 0 0 0 0 0 0 0 0 0 239 139 9 3 1 1 1 0 0 1 0 0 0
156 123 1 1 0 0 0 0 0 0 0 0 0 242 147 9 3 1 1 1 0 0 1 0 0 0
159 127 1 1 0 0 0 0 0 0 0 0 0 247 150 9 3 1 1 1 0 0 1 0 0 0
163 133 1 1 0 0 0 0 0 0 0 0 0 258 156 9 4 1 1 1 0 0 1 0 0 0
168 138 1 1 0 0 0 0 0 0 0 0 0 263 159 9 4 1 1 1 0 0 1 0 0 0
186 144 2 1 0 0 0 0 0 0 0 0 0 290 165 9 4 1 1 1 0 0 1 0 0 0
190 148 2 1 0 0 0 0 0 0 0 0 0 302 168 9 4 1 1 1 0 0 1 0 0 0
200 153 2 2 0 0 0 0 0 0 0 0 0 329 176 9 4 1 1 1 0 0 1 0 0 0
211 157 3 2 0 0 0 0 0 0 0 0 0 346 181 10 5 1 1 1 0 0 1 0 0 0
214 161 3 2 0 0 0 0 0 0 0 0 0 352 186 10 5 1 1 1 0 0 1 0 0 0
221 166 3 2 0 0 0 0 0 0 0 0 0 356 192 11 6 1 1 1 0 0 1 0 0 0
238 170 3 2 0 0 0 0 0 0 0 0 0 393 201 11 6 1 1 2 0 0 1 0 0 0
247 176 3 2 0 0 0 0 0 0 0 0 0 399 205 11 6 1 1 2 0 0 1 0 0 0
251 182 3 2 0 0 0 0 0 0 0 0 0 405 212 11 6 1 1 2 0 0 1 0 0 0
255 185 3 2 0 0 0 0 0 0 0 0 0 408 215 11 6 1 1 2 0 0 1 0 0 0
