# scores for worst/random/best/smart move selector strategies. 
# scores are 50% and 95% quantiles (based on 40 games) of: 
# game score, #destroyed, #unlocked, #stripes, #bombs, #zappers
0 0 0 0 0 0 0 0 0 0 0 0 0 4 4 0 0 0 0 0 0 0 0 0 0 0
3 3 0 0 0 0 0 0 0 0 0 0 0 12 12 0 0 0 0 0 0 0 0 0 0 0
9 9 0 0 0 0 0 0 0 0 0 0 0 18 18 0 0 0 0 0 0 0 0 0 0 0
12 12 0 0 0 0 0 0 0 0 0 0 0 22 22 0 0 0 0 0 0 0 0 0 0 0
18 18 0 0 0 0 0 0 0 0 0 0 0 28 27 0 0 0 0 0 0 0 0 0 0 0
21 21 0 0 0 0 0 0 0 0 0 0 0 36 34 0 0 0 0 0 0 0 0 0 0 0
25 25 0 0 0 0 0 0 0 0 0 0 0 39 37 0 0 0 0 0 0 0 0 0 0 0
30 30 0 0 0 0 0 0 0 0 0 0 0 62 42 1 0 0 0 0 0 0 0 0 0 0
33 33 0 0 0 0 0 0 0 0 0 0 0 73 47 1 0 0 0 0 0 0 0 0 0 0
36 36 0 0 0 0 0 0 0 0 0 0 0 76 53 1 0 0 0 0 0 0 0 0 0 0
40 40 0 0 0 0 0 0 0 0 0 0 0 79 56 1 0 0 0 0 0 0 0 0 0 0
45 45 0 0 0 0 0 0 0 0 0 0 0 85 62 2 1 0 0 0 0 0 0 0 0 0
51 48 0 0 0 0 0 0 0 0 0 0 0 90 66 2 1 0 0 0 0 0 0 0 0 0
54 54 0 0 0 0 0 0 0 0 0 0 0 94 71 2 1 0 0 0 0 0 0 0 0 0
58 57 0 0 0 0 0 0 0 0 0 0 0 97 75 2 1 0 0 0 0 0 0 0 0 0
63 62 0 0 0 0 0 0 0 0 0 0 0 101 78 2 1 0 0 0 0 0 0 0 0 0
67 66 0 0 0 0 0 0 0 0 0 0 0 104 81 2 1 0 0 0 0 0 0 0 0 0
73 69 0 0 0 0 0 0 0 0 0 0 0 111 92 2 1 0 0 0 0 0 0 0 0 0
80 73 0 0 0 0 0 0 0 0 0 0 0 124 96 2 1 0 0 0 0 0 0 0 0 0
86 78 0 0 0 0 0 0 0 0 0 0 0 127 103 2 1 0 0 0 0 0 0 0 0 0
91 84 0 0 0 0 0 0 0 0 0 0 0 130 106 2 1 0 0 0 0 0 0 0 0 0
96 87 0 0 0 0 0 0 0 0 0 0 0 137 111 2 2 0 0 0 0 0 0 0 0 0
103 93 0 0 0 0 0 0 0 0 0 0 0 140 116 2 2 0 0 0 0 0 0 0 0 0
107 96 0 0 0 0 0 0 0 0 0 0 0 162 120 3 2 0 0 0 0 0 0 0 0 0
110 100 0 0 0 0 0 0 0 0 0 0 0 165 123 3 2 0 0 0 0 0 0 0 0 0
113 105 0 0 0 0 0 0 0 0 0 0 0 168 126 3 2 0 0 0 0 0 0 0 0 0
118 109 0 0 0 0 0 0 0 0 0 0 0 171 129 3 2 0 0 0 0 0 0 0 0 0
123 115 0 0 0 0 0 0 0 0 0 0 0 176 132 3 2 0 0 0 0 0 0 0 0 0
126 118 0 0 0 0 0 0 0 0 0 0 0 179 139 3 2 0 0 0 0 0 0 0 0 0
130 123 0 0 0 0 0 0 0 0 0 0 0 182 143 3 2 0 0 0 0 0 0 0 0 0
135 128 0 0 0 0 0 0 0 0 0 0 0 191 147 4 2 0 0 0 0 0 0 0 0 0
141 133 0 0 0 0 0 0 0 0 0 0 0 199 151 4 2 0 0 0 0 0 0 0 0 0
153 139 0 0 0 0 0 0 0 0 0 0 0 203 156 5 2 0 0 0 0 0 0 0 0 0
163 142 0 1 0 0 0 0 0 0 0 0 0 215 161 5 2 0 0 0 0 0 0 0 0 0
166 147 0 1 0 0 0 0 0 0 0 0 0 220 165 5 2 0 0 0 0 0 0 0 0 0
171 150 0 1 0 0 0 0 0 0 0 0 0 244 174 5 2 0 0 0 0 0 0 0 0 0
179 155 0 1 0 0 0 0 0 0 0 0 0 251 181 5 2 0 0 0 0 0 0 0 0 0
184 161 1 1 0 0 0 0 0 0 0 0 0 272 184 6 3 1 0 0 0 0 0 0 0 0
187 165 1 1 0 0 0 0 0 0 0 0 0 278 187 6 3 1 0 0 0 0 0 0 0 0
196 169 1 1 0 0 0 0 0 0 0 0 0 281 192 6 3 1 0 0 0 0 0 0 0 0
201 173 1 1 0 0 0 0 0 0 0 0 0 284 199 6 3 1 0 0 0 0 0 0 0 0
