# scores for worst/random/best/smart move selector strategies. 
# scores are 50% and 95% quantiles (based on 40 games) of: 
# game score, #destroyed, #unlocked, #stripes, #bombs, #zappers
0 0 0 0 0 0 0 0 0 0 0 0 0 4 4 0 0 0 0 0 0 0 0 0 0 0
6 6 0 0 0 0 0 0 0 0 0 0 0 12 12 0 0 0 0 0 0 0 0 0 0 0
9 9 0 0 0 0 0 0 0 0 0 0 0 19 19 0 0 0 0 0 0 0 0 0 0 0
12 12 0 0 0 0 0 0 0 0 0 0 0 24 24 0 0 0 0 0 0 0 0 0 0 0
18 18 0 0 0 0 0 0 0 0 0 0 0 27 27 0 0 0 0 0 0 0 0 0 0 0
21 21 0 0 0 0 0 0 0 0 0 0 0 34 34 0 0 0 0 0 0 0 0 0 0 0
24 24 0 0 0 0 0 0 0 0 0 0 0 37 37 0 0 0 0 0 0 0 0 0 0 0
27 27 0 0 0 0 0 0 0 0 0 0 0 40 40 0 0 0 0 0 0 0 0 0 0 0
30 30 0 0 0 0 0 0 0 0 0 0 0 43 43 0 0 0 0 0 0 0 0 0 0 0
36 36 0 0 0 0 0 0 0 0 0 0 0 48 48 0 0 0 0 0 0 0 0 0 0 0
39 39 0 0 0 0 0 0 0 0 0 0 0 51 51 0 0 0 0 0 0 0 0 0 0 0
45 45 0 0 0 0 0 0 0 0 0 0 0 58 58 0 0 0 0 0 0 0 0 0 0 0
48 48 0 0 0 0 0 0 0 0 0 0 0 65 62 0 0 0 0 0 0 0 0 0 0 0
51 51 0 0 0 0 0 0 0 0 0 0 0 72 68 0 0 0 0 0 0 0 0 0 0 0
56 56 0 0 0 0 0 0 0 0 0 0 0 75 71 0 0 0 0 0 0 0 0 0 0 0
60 60 0 0 0 0 0 0 0 0 0 0 0 78 75 0 0 0 0 0 0 0 0 0 0 0
66 66 0 0 0 0 0 0 0 0 0 0 0 89 81 1 1 0 0 0 0 0 0 0 0 0
72 69 0 0 0 0 0 0 0 0 0 0 0 95 86 2 1 0 0 0 0 0 0 0 0 0
76 73 0 0 0 0 0 0 0 0 0 0 0 98 91 2 1 0 0 0 0 0 0 0 0 0
81 78 0 0 0 0 0 0 0 0 0 0 0 106 95 2 1 0 0 0 0 0 0 0 0 0
84 81 0 0 0 0 0 0 0 0 0 0 0 109 99 2 1 0 0 0 0 0 0 0 0 0
87 87 0 0 0 0 0 0 0 0 0 0 0 120 104 3 1 0 0 0 0 0 0 0 0 0
92 90 0 0 0 0 0 0 0 0 0 0 0 132 109 3 1 0 0 0 0 0 0 0 0 0
96 94 0 0 0 0 0 0 0 0 0 0 0 141 113 3 1 0 0 0 0 0 0 0 0 0
100 99 0 0 0 0 0 0 0 0 0 0 0 148 118 3 1 1 0 0 0 0 0 0 0 0
105 102 0 0 0 0 0 0 0 0 0 0 0 151 121 3 1 1 0 0 0 0 0 0 0 0
108 108 0 0 0 0 0 0 0 0 0 0 0 158 127 3 1 1 0 0 0 0 0 0 0 0
114 111 0 0 0 0 0 0 0 0 0 0 0 161 135 3 1 1 0 0 0 0 0 0 0 0
119 115 0 0 0 0 0 0 0 0 0 0 0 177 139 3 1 1 0 0 0 0 0 0 0 0
124 120 0 0 0 0 0 0 0 0 0 0 0 181 143 3 1 1 0 0 0 0 0 0 0 0
127 123 0 0 0 0 0 0 0 0 0 0 0 190 150 3 1 1 0 0 0 0 0 0 0 0
134 126 0 0 0 0 0 0 0 0 0 0 0 194 153 3 1 1 0 0 0 0 0 0 0 0
139 129 0 0 0 0 0 0 0 0 0 0 0 221 159 4 1 1 0 0 0 0 0 0 0 0
144 138 0 0 0 0 0 0 0 0 0 0 0 230 165 4 1 1 0 0 0 0 0 0 0 0
152 141 0 0 0 0 0 0 0 0 0 0 0 235 169 4 1 1 0 0 0 0 0 0 0 0
160 146 0 0 0 0 0 0 0 0 0 0 0 238 174 4 1 1 0 0 0 0 0 0 0 0
163 149 0 0 0 0 0 0 0 0 0 0 0 241 182 4 1 1 0 0 0 0 0 0 0 0
166 153 0 0 0 0 0 0 0 0 0 0 0 244 186 4 1 1 0 0 0 0 0 0 0 0
173 157 0 0 0 0 0 0 0 0 0 0 0 247 192 4 1 1 0 0 0 0 0 0 0 0
176 161 0 0 0 0 0 0 0 0 0 0 0 250 195 4 1 1 0 0 0 0 0 0 0 0
180 164 0 0 0 0 0 0 0 0 0 0 0 253 198 4 1 1 0 0 0 0 0 0 0 0
