# scores for worst/random/best/smart move selector strategies. 
# scores are 50% and 95% quantiles (based on 40 games) of: 
# game score, #destroyed, #unlocked, #stripes, #bombs, #zappers
1 1 0 0 0 0 0 0 0 0 0 0 0 7 7 0 0 0 0 0 0 0 0 0 0 0
6 6 0 0 0 0 0 0 0 0 0 0 0 14 14 0 0 0 0 0 0 0 0 0 0 0
9 9 0 0 0 0 0 0 0 0 0 0 0 24 21 0 0 0 0 0 0 0 0 0 0 0
15 15 0 0 0 0 0 0 0 0 0 0 0 34 29 0 0 0 0 0 0 0 0 0 0 0
19 19 0 0 0 0 0 0 0 0 0 0 0 37 37 0 0 0 0 0 0 0 0 0 0 0
23 22 0 0 0 0 0 0 0 0 0 0 0 49 42 0 0 0 0 0 0 0 0 0 0 0
27 26 0 0 0 0 0 0 0 0 0 0 0 52 45 0 0 0 0 0 0 0 0 0 0 0
31 30 0 0 0 0 0 0 0 0 0 0 0 81 49 0 1 0 0 0 0 0 0 0 0 0
39 37 0 0 0 0 0 0 0 0 0 0 0 96 54 0 1 0 0 0 0 0 0 0 0 0
43 41 0 0 0 0 0 0 0 0 0 0 0 99 59 1 1 0 0 0 0 0 0 0 0 0
50 45 0 0 0 0 0 0 0 0 0 0 0 116 68 1 1 0 1 0 0 0 1 0 0 0
55 51 0 0 0 0 0 0 0 0 0 0 0 121 80 2 2 0 1 0 0 0 1 0 0 0
60 55 0 0 0 0 0 0 0 0 0 0 0 127 85 2 2 0 1 0 0 0 1 0 0 0
72 58 0 0 0 0 0 0 0 0 0 0 0 161 96 3 2 0 1 0 0 0 1 0 0 0
84 65 0 0 0 0 0 0 0 0 0 0 0 165 100 3 2 1 1 0 0 0 1 0 0 0
95 70 0 1 0 0 0 0 0 0 0 0 0 190 110 4 3 1 1 1 0 0 1 0 0 0
102 75 0 1 0 0 0 0 0 0 0 0 0 236 115 4 3 1 1 1 0 0 1 0 0 0
108 80 0 1 0 0 0 0 0 0 0 0 0 259 122 4 3 1 1 1 0 0 1 0 0 0
122 85 0 1 0 0 0 0 0 0 0 0 0 275 128 7 3 1 1 1 0 0 1 0 0 0
132 93 1 1 0 0 0 0 0 0 0 0 0 279 131 9 3 1 1 1 0 0 1 0 0 0
142 98 1 2 0 0 0 0 0 0 0 0 0 285 135 9 3 1 1 1 0 0 1 0 0 0
145 109 1 2 0 0 0 0 0 0 0 0 0 304 139 9 4 1 1 1 0 0 1 0 0 0
156 115 1 2 0 0 0 0 0 0 0 0 0 312 149 9 4 1 1 1 1 0 1 0 0 0
164 118 1 2 0 0 0 0 0 0 0 0 0 315 152 9 4 1 1 1 1 0 1 0 0 0
169 121 1 2 0 0 0 0 0 0 0 0 0 341 158 9 5 1 1 1 1 0 1 0 0 0
202 133 1 2 0 0 0 0 0 0 0 0 0 345 163 9 5 1 1 1 1 0 1 0 0 0
207 136 1 2 0 0 0 0 0 0 0 0 0 351 166 9 5 1 1 1 1 0 1 0 0 0
210 139 1 2 0 0 0 0 0 0 0 0 0 360 169 9 5 1 1 1 1 0 1 0 0 0
216 143 1 2 0 0 0 0 0 0 0 0 0 363 174 9 5 1 1 1 1 0 1 0 0 0
228 150 1 2 0 0 0 0 0 0 0 0 0 366 180 9 6 1 1 1 1 0 1 0 0 0
259 153 2 3 0 0 0 0 0 0 0 0 0 385 191 9 6 1 1 1 1 0 1 0 0 0
264 159 2 3 0 0 0 0 0 0 0 0 0 409 195 10 6 1 1 1 1 0 1 0 0 0
268 164 2 3 0 0 0 0 0 0 0 0 0 419 202 10 7 1 1 1 1 0 1 0 0 0
278 169 2 4 0 0 0 0 0 0 0 0 0 423 206 10 7 1 1 2 1 0 1 0 0 0
284 180 2 4 0 0 0 0 0 0 0 0 0 427 210 10 7 1 1 2 1 0 1 0 0 0
292 185 3 4 0 0 0 0 0 0 0 0 0 432 216 10 7 1 1 2 1 0 1 0 0 0
295 188 3 4 0 0 0 0 0 0 0 0 0 465 220 10 8 1 1 2 1 0 1 0 0 0
304 192 3 4 0 0 0 0 0 0 0 0 0 478 224 10 8 1 2 2 1 0 2 0 0 0
320 195 3 4 0 0 0 0 0 0 0 0 0 488 234 10 9 1 2 2 1 0 2 0 0 0
335 199 3 4 0 0 0 0 0 0 0 0 0 505 242 10 9 1 2 2 1 0 2 0 0 0
348 202 3 4 0 0 0 0 0 0 0 0 0 511 246 10 9 1 2 2 1 0 2 0 0 0
