# scores for worst/random/best/smart move selector strategies. 
# scores are 50% and 95% quantiles (based on 40 games) of: 
# game score, #destroyed, #unlocked, #stripes, #bombs, #zappers
1 1 0 0 0 0 0 0 0 0 0 0 0 7 7 0 0 0 0 0 0 0 0 0 0 0
6 6 0 0 0 0 0 0 0 0 0 0 0 15 15 0 0 0 0 0 0 0 0 0 0 0
9 9 0 0 0 0 0 0 0 0 0 0 0 23 21 0 0 0 0 0 0 0 0 0 0 0
15 15 0 0 0 0 0 0 0 0 0 0 0 55 25 1 1 0 0 0 0 0 0 0 0 0
18 18 0 0 0 0 0 0 0 0 0 0 0 58 33 1 1 0 0 0 0 0 0 0 0 0
23 22 0 0 0 0 0 0 0 0 0 0 0 61 37 1 1 0 0 0 0 0 0 0 0 0
27 27 0 0 0 0 0 0 0 0 0 0 0 64 40 1 1 0 0 0 0 0 0 0 0 0
30 30 0 0 0 0 0 0 0 0 0 0 0 70 49 1 1 0 0 0 0 0 0 0 0 0
36 34 0 0 0 0 0 0 0 0 0 0 0 75 52 1 1 0 0 0 0 0 0 0 0 0
41 39 0 0 0 0 0 0 0 0 0 0 0 78 59 1 1 0 0 0 0 0 0 0 0 0
45 43 0 0 0 0 0 0 0 0 0 0 0 89 64 1 1 0 0 0 0 0 0 0 0 0
53 46 0 0 0 0 0 0 0 0 0 0 0 122 75 1 1 1 0 0 0 0 0 0 0 0
58 51 0 0 0 0 0 0 0 0 0 0 0 125 78 1 1 1 0 0 0 0 0 0 0 0
69 56 0 0 0 0 0 0 0 0 0 0 0 143 81 2 2 1 0 0 0 0 0 0 0 0
73 62 0 0 0 0 0 0 0 0 0 0 0 160 87 2 2 1 0 0 0 0 0 0 0 0
76 66 0 0 0 0 0 0 0 0 0 0 0 173 97 2 2 1 0 0 0 0 0 0 0 0
83 71 0 0 0 0 0 0 0 0 0 0 0 181 100 2 2 1 0 0 0 0 0 0 0 0
92 75 0 0 0 0 0 0 0 0 0 0 0 187 105 2 2 1 0 0 0 0 0 0 0 0
95 80 0 0 0 0 0 0 0 0 0 0 0 201 110 2 2 1 0 0 0 0 0 0 0 0
99 83 0 0 0 0 0 0 0 0 0 0 0 204 113 2 2 1 0 0 0 0 0 0 0 0
109 87 0 0 0 0 0 0 0 0 0 0 0 214 120 2 2 1 0 0 0 0 0 0 0 0
114 92 0 0 0 0 0 0 0 0 0 0 0 217 123 2 2 1 0 0 0 0 0 0 0 0
121 96 0 1 0 0 0 0 0 0 0 0 0 227 126 4 3 1 0 0 0 0 0 0 0 0
127 101 0 1 0 0 0 0 0 0 0 0 0 232 130 4 3 1 0 0 0 0 0 0 0 0
130 105 0 1 0 0 0 0 0 0 0 0 0 235 133 4 3 1 0 0 0 0 0 0 0 0
136 109 0 1 0 0 0 0 0 0 0 0 0 245 137 4 3 1 0 0 0 0 0 0 0 0
139 113 0 1 0 0 0 0 0 0 0 0 0 281 148 4 3 1 0 0 0 0 0 0 0 0
145 119 0 1 0 0 0 0 0 0 0 0 0 288 155 4 3 1 0 0 0 0 0 0 0 0
151 123 0 1 0 0 0 0 0 0 0 0 0 314 161 4 3 1 0 0 0 0 0 0 0 0
156 128 0 1 0 0 0 0 0 0 0 0 0 317 164 4 3 1 0 0 0 0 0 0 0 0
159 132 0 1 0 0 0 0 0 0 0 0 0 322 169 4 3 1 0 0 0 0 0 0 0 0
165 135 0 1 0 0 0 0 0 0 0 0 0 325 172 4 3 1 0 0 0 0 0 0 0 0
168 140 0 1 0 0 0 0 0 0 0 0 0 328 177 4 3 1 0 0 0 0 0 0 0 0
179 145 0 1 0 0 0 0 0 0 0 0 0 332 182 4 3 1 0 0 0 0 0 0 0 0
183 148 0 1 0 0 0 0 0 0 0 0 0 335 185 4 3 1 0 0 0 0 0 0 0 0
194 151 0 1 0 0 0 0 0 0 0 0 0 344 190 4 3 1 0 0 0 0 0 0 0 0
197 155 0 1 0 0 0 0 0 0 0 0 0 347 193 4 3 1 0 0 0 0 0 0 0 0
200 160 0 1 0 0 0 0 0 0 0 0 0 350 196 4 3 1 0 0 0 0 0 0 0 0
203 163 0 1 0 0 0 0 0 0 0 0 0 354 203 4 3 1 0 0 0 0 0 0 0 0
208 168 1 1 0 0 0 0 0 0 0 0 0 375 207 4 3 1 0 0 0 0 0 0 0 0
216 172 1 1 0 0 0 0 0 0 0 0 0 380 212 4 3 2 0 0 0 0 0 0 0 0
