# scores for worst/random/best/smart move selector strategies. 
# scores are 50% and 95% quantiles (based on 40 games) of: 
# game score, #destroyed, #unlocked, #stripes, #bombs, #zappers
1 1 0 0 0 0 0 0 0 0 0 0 0 7 7 0 0 0 0 0 0 0 0 0 0 0
6 6 0 0 0 0 0 0 0 0 0 0 0 14 14 0 0 0 0 0 0 0 0 0 0 0
12 12 0 0 0 0 0 0 0 0 0 0 0 36 25 0 0 0 0 0 0 0 0 0 0 0
15 15 0 0 0 0 0 0 0 0 0 0 0 44 31 0 0 0 0 0 0 0 0 0 0 0
19 19 0 0 0 0 0 0 0 0 0 0 0 62 38 1 1 0 0 0 0 0 0 0 0 0
24 24 0 0 0 0 0 0 0 0 0 0 0 73 43 1 1 0 0 0 0 0 0 0 0 0
30 29 0 0 0 0 0 0 0 0 0 0 0 92 51 2 1 0 0 0 0 0 0 0 0 0
39 34 0 0 0 0 0 0 0 0 0 0 0 109 59 3 2 0 0 0 0 0 0 0 0 0
42 40 0 0 0 0 0 0 0 0 0 0 0 132 67 3 2 0 0 1 0 0 0 0 0 0
50 44 0 0 0 0 0 0 0 0 0 0 0 135 70 4 2 0 0 1 0 0 0 0 0 0
69 50 0 0 0 0 0 0 0 0 0 0 0 144 75 5 2 0 0 1 0 0 0 0 0 0
75 57 0 0 0 0 0 0 0 0 0 0 0 162 79 5 3 0 1 1 0 0 1 0 0 0
98 60 0 1 0 0 0 0 0 0 0 0 0 169 87 5 3 0 1 1 0 0 1 0 0 0
109 64 0 1 0 0 0 0 0 0 0 0 0 178 97 5 3 0 1 1 0 0 1 0 0 0
118 71 0 1 0 0 0 0 0 0 0 0 0 194 103 6 3 0 1 1 0 0 1 0 0 0
124 78 1 1 0 0 0 0 0 0 0 0 0 208 111 7 4 0 1 1 0 0 1 0 0 0
130 81 1 1 0 0 0 0 0 0 0 0 0 213 118 7 4 0 1 1 0 0 1 0 0 0
153 89 1 1 0 0 0 0 0 0 0 0 0 270 132 8 4 1 1 1 0 0 1 0 0 0
183 96 2 2 0 0 0 0 0 0 0 0 0 314 138 8 5 1 1 1 0 0 1 0 0 0
186 102 2 2 0 0 0 0 0 0 0 0 0 318 142 8 5 1 1 1 0 0 1 0 0 0
198 108 2 3 0 0 0 0 0 0 0 0 0 347 151 9 6 2 1 1 1 0 1 0 0 0
202 113 3 3 0 0 0 0 0 0 0 0 0 356 158 9 6 2 1 1 1 0 1 0 0 0
227 120 3 3 0 0 0 0 0 0 0 0 0 377 166 9 6 2 1 1 1 0 1 0 0 0
245 135 3 3 0 0 0 0 0 0 0 0 0 385 177 9 6 2 1 1 1 0 1 0 0 0
273 142 3 3 0 0 0 0 0 0 0 0 0 392 183 10 7 2 1 1 1 0 1 0 0 0
295 149 3 4 0 0 0 0 0 0 0 0 0 405 186 10 7 2 1 1 1 0 1 0 0 0
302 154 3 4 0 0 0 0 0 0 0 0 0 416 195 10 8 2 1 1 1 0 1 0 0 0
313 162 3 4 0 0 0 0 0 0 0 0 0 444 204 10 8 2 2 1 1 0 2 0 0 0
332 171 4 4 0 0 0 0 0 0 0 0 0 463 211 10 8 2 2 1 1 0 2 0 0 0
341 178 4 4 0 0 0 0 0 0 0 0 0 467 217 10 8 2 2 1 1 0 2 0 0 0
365 184 4 5 0 0 0 0 0 0 0 0 0 478 226 10 8 2 2 1 1 0 2 0 0 0
372 190 4 5 0 0 0 0 0 0 0 0 0 485 231 10 9 2 2 1 1 0 2 0 0 0
384 196 4 5 0 0 1 0 0 0 0 0 0 527 237 10 9 2 2 1 1 0 2 0 0 0
408 204 4 6 0 0 1 0 0 0 0 0 0 551 246 10 9 2 2 1 1 0 2 0 0 0
427 208 4 6 0 0 1 0 0 0 0 0 0 555 258 10 10 2 2 1 1 0 2 0 0 0
434 214 4 6 0 0 1 0 0 0 0 0 0 563 272 10 10 3 2 1 1 0 2 0 0 0
450 220 4 6 0 0 1 0 0 0 0 0 0 611 284 10 10 3 2 1 1 0 2 0 0 0
455 226 4 6 0 0 1 0 0 0 0 0 0 640 292 10 11 3 2 2 1 0 2 0 0 0
466 233 4 6 0 0 1 0 0 0 0 0 0 670 299 10 11 3 3 2 1 0 3 0 0 0
469 240 4 6 0 0 1 0 0 0 0 0 0 675 306 10 11 3 3 2 1 0 3 0 0 0
492 246 4 7 0 1 1 0 0 0 0 0 0 681 313 10 12 3 3 2 1 0 3 0 0 0
