# scores for worst/random/best/smart move selector strategies. 
# scores are 50% and 95% quantiles (based on 40 games) of: 
# game score, #destroyed, #unlocked, #stripes, #bombs, #zappers
1 1 0 0 0 0 0 0 0 0 0 0 0 7 7 0 0 0 0 0 0 0 0 0 0 0
6 6 0 0 0 0 0 0 0 0 0 0 0 14 14 0 0 0 0 0 0 0 0 0 0 0
10 10 0 0 0 0 0 0 0 0 0 0 0 33 21 0 0 0 0 0 0 0 0 0 0 0
15 15 0 0 0 0 0 0 0 0 0 0 0 36 25 0 0 0 0 0 0 0 0 0 0 0
18 18 0 0 0 0 0 0 0 0 0 0 0 45 34 0 0 0 0 0 0 0 0 0 0 0
22 22 0 0 0 0 0 0 0 0 0 0 0 48 37 0 0 0 0 0 0 0 0 0 0 0
27 27 0 0 0 0 0 0 0 0 0 0 0 64 41 1 1 0 0 0 0 0 0 0 0 0
30 30 0 0 0 0 0 0 0 0 0 0 0 77 46 1 1 0 0 0 0 0 0 0 0 0
35 34 0 0 0 0 0 0 0 0 0 0 0 83 52 1 1 0 0 0 0 0 0 0 0 0
39 39 0 0 0 0 0 0 0 0 0 0 0 88 58 1 1 0 0 0 0 0 0 0 0 0
43 42 0 0 0 0 0 0 0 0 0 0 0 91 61 1 1 0 0 0 0 0 0 0 0 0
47 46 0 0 0 0 0 0 0 0 0 0 0 100 70 2 1 0 0 0 0 0 0 0 0 0
53 52 0 0 0 0 0 0 0 0 0 0 0 118 75 2 1 0 0 0 0 0 0 0 0 0
58 57 0 0 0 0 0 0 0 0 0 0 0 126 79 2 1 1 0 0 0 0 0 0 0 0
65 61 0 0 0 0 0 0 0 0 0 0 0 129 84 2 1 1 0 0 0 0 0 0 0 0
71 64 0 0 0 0 0 0 0 0 0 0 0 132 87 2 1 1 0 0 0 0 0 0 0 0
75 69 0 0 0 0 0 0 0 0 0 0 0 135 90 2 1 1 0 0 0 0 0 0 0 0
79 72 0 0 0 0 0 0 0 0 0 0 0 138 93 2 1 1 0 0 0 0 0 0 0 0
84 80 0 0 0 0 0 0 0 0 0 0 0 147 97 2 1 1 0 0 0 0 0 0 0 0
87 83 0 0 0 0 0 0 0 0 0 0 0 155 104 2 2 1 0 0 0 0 0 0 0 0
91 86 0 0 0 0 0 0 0 0 0 0 0 158 107 2 2 1 0 0 0 0 0 0 0 0
97 90 0 0 0 0 0 0 0 0 0 0 0 162 112 2 2 1 0 0 0 0 0 0 0 0
105 95 0 0 0 0 0 0 0 0 0 0 0 167 117 2 2 1 0 0 0 0 0 0 0 0
116 99 0 0 0 0 0 0 0 0 0 0 0 178 121 3 2 1 0 0 0 0 0 0 0 0
119 103 0 0 0 0 0 0 0 0 0 0 0 186 124 3 2 1 0 0 0 0 0 0 0 0
124 107 0 0 0 0 0 0 0 0 0 0 0 189 127 3 2 1 0 0 0 0 0 0 0 0
127 111 0 0 0 0 0 0 0 0 0 0 0 199 132 3 2 1 0 0 0 0 0 0 0 0
131 114 0 0 0 0 0 0 0 0 0 0 0 202 136 3 2 1 1 0 0 0 1 0 0 0
137 117 0 0 0 0 0 0 0 0 0 0 0 205 141 3 2 1 1 0 0 0 1 0 0 0
143 123 0 0 0 0 0 0 0 0 0 0 0 208 144 3 2 1 1 0 0 0 1 0 0 0
149 130 0 0 0 0 0 0 0 0 0 0 0 214 149 3 2 1 1 0 0 0 1 0 0 0
154 133 0 0 0 0 0 0 0 0 0 0 0 234 155 3 2 1 1 0 0 0 1 0 0 0
157 136 0 1 0 0 0 0 0 0 0 0 0 250 162 4 2 1 1 0 0 0 1 0 0 0
165 139 0 1 0 0 0 0 0 0 0 0 0 258 168 4 2 1 1 0 0 0 1 0 0 0
169 145 0 1 0 0 0 0 0 0 0 0 0 263 172 4 2 1 1 0 0 0 1 0 0 0
173 149 0 1 0 0 0 0 0 0 0 0 0 267 178 4 2 1 1 0 0 0 1 0 0 0
178 152 0 1 0 0 0 0 0 0 0 0 0 270 182 4 2 1 1 0 0 0 1 0 0 0
182 158 0 1 0 0 0 0 0 0 0 0 0 279 190 4 2 1 1 0 0 0 1 0 0 0
185 161 0 1 0 0 0 0 0 0 0 0 0 290 195 4 2 1 1 0 0 0 1 0 0 0
188 164 0 1 0 0 0 0 0 0 0 0 0 293 198 4 2 1 1 0 0 0 1 0 0 0
191 169 0 1 0 0 0 0 0 0 0 0 0 299 204 4 2 1 1 0 0 0 1 0 0 0
