# scores for worst/random/best/smart move selector strategies. 
# scores are 50% and 95% quantiles (based on 40 games) of: 
# game score, #destroyed, #unlocked, #stripes, #bombs, #zappers
0 0 0 0 0 0 0 0 0 0 0 0 0 8 8 0 0 0 0 0 0 0 0 0 0 0
5 5 0 0 0 0 0 0 0 0 0 0 0 40 12 0 1 0 0 0 0 0 0 0 0 0
9 9 0 0 0 0 0 0 0 0 0 0 0 45 16 0 1 0 0 0 0 0 0 0 0 0
14 12 0 0 0 0 0 0 0 0 0 0 0 71 26 0 1 0 0 0 0 0 0 0 0 0
20 15 0 0 0 0 0 0 0 0 0 0 0 101 45 3 2 0 0 1 0 0 0 0 0 0
25 22 0 0 0 0 0 0 0 0 0 0 0 162 55 5 2 1 0 1 0 0 0 0 0 0
38 28 0 0 0 0 0 0 0 0 0 0 0 187 66 5 2 1 0 1 0 0 0 0 0 0
58 34 0 0 0 0 0 0 0 0 0 0 0 196 71 5 2 1 1 1 0 0 1 0 0 0
72 40 0 1 0 0 0 0 0 0 0 0 0 237 82 5 4 1 1 1 0 0 1 0 0 0
86 47 0 1 0 0 0 0 0 0 0 0 0 241 88 5 4 1 1 1 0 0 1 0 0 0
104 53 0 1 0 0 0 0 0 0 0 0 0 283 112 7 4 1 1 1 0 0 1 0 0 0
112 60 0 1 0 0 0 0 0 0 0 0 0 338 125 8 5 1 1 1 0 0 1 0 0 0
117 70 0 2 0 0 0 0 0 0 0 0 0 505 159 12 10 2 1 1 0 0 1 0 0 0
136 80 0 2 0 0 0 0 0 0 0 0 0 520 173 15 10 2 1 1 0 0 1 0 0 0
189 90 1 2 0 0 0 0 0 0 0 0 0 572 189 15 11 2 1 1 0 0 1 0 0 0
209 95 2 3 0 0 0 0 0 0 0 0 0 604 206 15 12 2 2 2 1 0 1 0 0 0
245 107 2 3 0 0 0 0 0 0 0 0 0 695 230 15 13 2 2 2 1 0 2 0 0 0
270 127 3 4 1 0 0 0 0 0 0 0 0 748 284 15 14 3 2 2 1 0 2 0 0 0
307 136 4 4 1 0 0 0 0 0 0 0 0 902 324 16 14 3 3 2 1 0 3 0 0 0
350 145 4 5 1 0 0 0 0 0 0 0 0 992 350 16 14 4 3 2 1 1 3 0 0 0
368 156 4 5 1 0 0 0 0 0 0 0 0 1016 378 16 15 5 3 2 1 1 3 0 0 0
386 166 4 5 1 0 1 0 0 0 0 0 0 1051 397 16 15 5 3 2 1 1 3 0 0 0
449 202 4 6 1 1 1 0 0 0 0 0 0 1124 448 16 17 5 3 2 2 1 3 0 0 0
456 209 4 6 1 1 1 0 0 0 0 0 0 1167 456 16 18 5 3 2 2 1 3 0 0 0
511 236 5 7 1 1 1 0 0 1 0 0 0 1374 493 16 22 10 4 2 2 1 3 0 0 0
532 255 5 7 1 1 1 0 0 1 0 0 0 1442 525 16 23 10 4 2 2 1 3 0 0 0
641 314 5 9 1 1 1 0 0 1 0 0 0 1523 571 16 24 10 4 3 2 1 3 1 0 0
755 338 5 9 2 1 1 0 0 1 0 0 0 1662 598 17 29 10 5 3 2 1 3 1 0 0
800 355 5 10 3 1 1 0 0 1 0 0 0 1739 608 17 29 10 5 3 2 1 4 1 0 0
936 378 6 10 3 2 1 0 0 2 0 0 0 1804 644 17 32 11 5 3 2 1 4 1 0 0
1035 404 6 12 3 2 1 0 0 2 0 0 0 1944 665 17 32 11 5 3 2 1 4 1 0 0
1123 429 6 12 4 2 1 0 0 2 0 0 0 2034 695 17 32 14 6 3 3 1 4 1 1 0
1185 449 6 13 4 3 1 0 0 2 0 0 0 2086 709 17 32 15 7 4 3 1 5 1 1 0
1266 467 7 14 4 3 1 0 0 2 0 0 0 2148 726 17 33 15 7 4 3 1 5 1 1 0
1331 502 7 15 4 3 1 0 0 2 0 0 0 2166 740 17 35 15 7 4 3 1 5 1 1 0
1450 535 7 16 5 3 1 1 0 2 0 0 0 2202 769 17 36 17 7 4 3 1 5 1 1 0
1465 558 7 17 5 3 1 1 0 3 0 0 0 2307 782 17 36 18 7 4 3 1 5 1 1 0
1501 582 7 17 5 3 2 1 0 3 0 0 0 2317 800 17 38 19 7 4 3 1 5 1 1 0
1604 604 7 18 5 4 2 1 0 3 0 0 0 2394 835 17 38 19 8 4 3 1 5 1 1 0
1667 621 7 19 5 4 2 1 0 3 0 0 0 2457 843 17 38 23 8 4 3 1 5 1 1 0
1765 628 7 19 6 4 2 1 0 3 0 0 0 2594 875 17 38 23 8 4 3 1 6 1 1 0
