# scores for worst/random/best/smart move selector strategies. 
# scores are 50% and 95% quantiles (based on 40 games) of: 
# game score, #destroyed, #unlocked, #stripes, #bombs, #zappers
0 0 0 0 0 0 0 0 0 0 0 0 0 8 8 0 0 0 0 0 0 0 0 0 0 0
4 4 0 0 0 0 0 0 0 0 0 0 0 12 12 0 0 0 0 0 0 0 0 0 0 0
9 9 0 0 0 0 0 0 0 0 0 0 0 31 15 0 0 0 0 0 0 0 0 0 0 0
12 12 0 0 0 0 0 0 0 0 0 0 0 41 23 0 0 0 0 0 0 0 0 0 0 0
18 18 0 0 0 0 0 0 0 0 0 0 0 45 28 0 0 0 0 0 0 0 0 0 0 0
21 21 0 0 0 0 0 0 0 0 0 0 0 62 35 0 1 0 0 0 0 0 0 0 0 0
26 26 0 0 0 0 0 0 0 0 0 0 0 70 40 0 1 0 0 0 0 0 0 0 0 0
30 30 0 0 0 0 0 0 0 0 0 0 0 73 45 0 1 0 0 0 0 0 0 0 0 0
34 34 0 0 0 0 0 0 0 0 0 0 0 79 52 0 1 0 0 0 0 0 0 0 0 0
39 39 0 0 0 0 0 0 0 0 0 0 0 85 57 1 1 0 0 0 0 0 0 0 0 0
43 42 0 0 0 0 0 0 0 0 0 0 0 91 63 1 1 0 0 0 0 0 0 0 0 0
46 46 0 0 0 0 0 0 0 0 0 0 0 95 68 1 1 0 0 0 0 0 0 0 0 0
53 51 0 0 0 0 0 0 0 0 0 0 0 99 75 2 1 0 0 0 0 0 0 0 0 0
57 57 0 0 0 0 0 0 0 0 0 0 0 105 87 2 1 0 0 0 0 0 0 0 0 0
66 62 0 0 0 0 0 0 0 0 0 0 0 108 93 2 1 0 0 0 0 0 0 0 0 0
71 67 0 0 0 0 0 0 0 0 0 0 0 119 101 2 1 0 0 0 0 0 0 0 0 0
74 72 0 0 0 0 0 0 0 0 0 0 0 130 106 2 1 1 0 0 0 0 0 0 0 0
80 78 0 0 0 0 0 0 0 0 0 0 0 142 112 2 1 1 0 0 0 0 0 0 0 0
87 81 0 0 0 0 0 0 0 0 0 0 0 152 115 2 1 1 0 0 0 0 0 0 0 0
90 85 0 0 0 0 0 0 0 0 0 0 0 156 120 2 1 1 0 0 0 0 0 0 0 0
104 90 0 0 0 0 0 0 0 0 0 0 0 166 124 2 1 1 0 0 0 0 0 0 0 0
111 96 0 0 0 0 0 0 0 0 0 0 0 172 127 2 1 1 0 0 0 0 0 0 0 0
114 102 0 0 0 0 0 0 0 0 0 0 0 193 142 3 1 1 0 0 0 0 0 0 0 0
124 109 0 0 0 0 0 0 0 0 0 0 0 216 156 3 1 1 0 0 0 0 0 0 0 0
127 115 0 0 0 0 0 0 0 0 0 0 0 221 162 3 2 1 0 0 0 0 0 0 0 0
132 119 0 0 0 0 0 0 0 0 0 0 0 237 167 3 2 1 0 0 0 0 0 0 0 0
141 123 0 0 0 0 0 0 0 0 0 0 0 272 175 3 2 1 0 0 0 0 0 0 0 0
147 127 0 0 0 0 0 0 0 0 0 0 0 309 190 3 2 1 0 0 0 0 0 0 0 0
151 132 0 0 0 0 0 0 0 0 0 0 0 313 195 3 2 1 0 0 0 0 0 0 0 0
163 138 0 0 0 0 0 0 0 0 0 0 0 318 206 3 2 1 0 0 0 0 0 0 0 0
174 145 0 0 0 0 0 0 0 0 0 0 0 321 209 3 3 1 0 0 0 0 0 0 0 0
183 152 0 1 0 0 0 0 0 0 0 0 0 346 216 3 3 1 0 0 0 0 0 0 0 0
191 156 0 1 0 0 0 0 0 0 0 0 0 359 226 3 3 1 0 0 0 0 0 0 0 0
199 166 0 1 0 0 0 0 0 0 0 0 0 364 238 4 4 2 0 0 0 0 0 0 0 0
206 172 0 1 0 0 0 0 0 0 0 0 0 375 241 4 4 2 0 0 0 0 0 0 0 0
217 181 0 1 0 0 0 0 0 0 0 0 0 408 247 5 4 2 0 0 0 0 0 0 0 0
233 186 0 1 0 0 0 0 0 0 0 0 0 415 257 5 5 2 0 0 0 0 0 0 0 0
238 201 1 1 0 0 0 0 0 0 0 0 0 446 268 5 5 3 0 0 0 0 0 0 0 0
250 208 1 1 0 0 0 0 0 0 0 0 0 449 271 6 5 3 0 0 0 0 0 0 0 0
256 213 1 1 0 0 0 0 0 0 0 0 0 452 276 6 5 3 0 0 0 0 0 0 0 0
267 219 1 1 0 0 0 0 0 0 0 0 0 459 280 6 5 3 0 0 0 0 0 0 0 0
