# scores for worst/random/best/smart move selector strategies. 
# scores are 50% and 95% quantiles (based on 40 games) of: 
# game score, #destroyed, #unlocked, #stripes, #bombs, #zappers
0 0 0 0 0 0 0 0 0 0 0 0 0 6 6 0 0 0 0 0 0 0 0 0 0 0
6 6 0 0 0 0 0 0 0 0 0 0 0 13 13 0 0 0 0 0 0 0 0 0 0 0
9 9 0 0 0 0 0 0 0 0 0 0 0 32 17 1 0 0 0 0 0 0 0 0 0 0
14 14 0 0 0 0 0 0 0 0 0 0 0 48 21 1 0 0 0 0 0 0 0 0 0 0
18 18 0 0 0 0 0 0 0 0 0 0 0 52 27 2 1 0 0 0 0 0 0 0 0 0
24 21 0 0 0 0 0 0 0 0 0 0 0 59 30 2 1 0 0 0 0 0 0 0 0 0
27 27 0 0 0 0 0 0 0 0 0 0 0 78 42 3 1 0 0 0 0 0 0 0 0 0
33 30 0 0 0 0 0 0 0 0 0 0 0 123 53 8 1 1 0 0 0 0 0 0 0 0
38 35 0 0 0 0 0 0 0 0 0 0 0 127 58 8 1 1 0 0 0 0 0 0 0 0
42 41 0 0 0 0 0 0 0 0 0 0 0 135 65 8 2 1 0 0 0 0 0 0 0 0
50 46 0 0 0 0 0 0 0 0 0 0 0 140 70 8 2 1 0 0 0 0 0 0 0 0
55 53 0 0 0 0 0 0 0 0 0 0 0 191 80 12 2 1 0 0 1 0 0 0 0 0
68 58 0 0 0 0 0 0 0 0 0 0 0 226 86 12 3 1 1 1 1 0 1 0 0 0
81 63 1 0 0 0 0 0 0 0 0 0 0 229 91 12 3 1 1 1 1 0 1 0 0 0
87 67 1 1 0 0 0 0 0 0 0 0 0 249 97 13 3 1 1 1 1 0 1 0 0 0
99 73 2 1 0 0 0 0 0 0 0 0 0 273 101 13 3 1 1 1 1 0 1 0 0 0
109 78 2 1 0 0 0 0 0 0 0 0 0 279 108 13 3 1 1 1 1 0 1 0 0 0
117 82 2 1 0 0 0 0 0 0 0 0 0 305 112 13 4 1 1 1 1 0 1 0 0 0
131 88 3 1 0 0 0 0 0 0 0 0 0 310 115 19 4 1 1 1 1 0 1 0 0 0
141 92 3 1 0 0 0 0 0 0 0 0 0 319 123 19 4 1 1 1 1 0 1 0 0 0
148 97 3 1 0 0 0 0 0 0 0 0 0 325 133 19 4 1 1 1 1 0 1 0 0 0
157 104 3 1 0 0 0 0 0 0 0 0 0 335 139 19 4 2 1 1 1 0 1 0 0 0
172 112 3 2 0 0 0 0 0 0 0 0 0 345 145 19 5 2 1 1 1 0 1 0 0 0
180 117 4 2 0 0 0 0 0 0 0 0 0 352 151 20 7 2 1 1 1 0 1 0 0 0
190 122 4 2 0 0 0 0 0 0 0 0 0 415 165 22 7 2 1 1 1 0 1 0 0 0
205 129 4 2 0 0 0 0 0 0 0 0 0 448 173 23 7 2 1 1 1 0 1 0 0 0
225 133 5 2 0 0 0 0 0 0 0 0 0 456 183 23 7 2 1 2 1 0 1 0 0 0
233 139 5 2 0 0 0 0 0 0 0 0 0 463 187 23 8 2 1 2 1 0 1 0 0 0
239 146 5 3 0 0 0 0 0 0 0 0 0 467 193 23 8 2 1 2 1 0 1 0 0 0
252 151 5 3 0 0 0 0 0 0 0 0 0 470 198 23 8 2 1 2 1 0 1 0 0 0
288 158 5 3 1 0 0 0 0 0 0 0 0 483 207 23 8 2 2 2 1 0 2 0 0 0
296 163 5 3 1 0 0 0 0 0 0 0 0 500 216 23 8 2 2 2 1 0 2 0 0 0
312 171 6 4 1 0 0 0 0 0 0 0 0 535 229 23 8 2 2 2 1 0 2 0 0 0
330 180 6 4 1 0 0 0 0 0 0 0 0 538 233 23 8 2 2 2 1 0 2 0 0 0
333 185 6 4 1 0 0 0 0 0 0 0 0 542 243 23 8 3 2 2 1 0 2 0 0 0
353 189 6 4 1 0 0 0 0 0 0 0 0 547 248 23 8 3 2 2 1 0 2 0 0 0
367 197 6 4 1 0 0 0 0 0 0 0 0 552 254 23 8 3 2 2 1 0 2 0 0 0
372 202 6 4 1 0 0 0 0 0 0 0 0 591 268 23 8 3 2 2 1 0 2 0 0 0
409 211 7 4 1 0 0 0 0 0 0 0 0 597 274 23 9 3 2 2 1 0 2 0 0 0
429 220 7 5 1 0 0 0 0 0 0 0 0 620 282 23 9 3 2 2 1 0 2 0 0 0
440 225 7 5 1 0 0 0 0 0 0 0 0 645 294 24 10 3 2 2 1 0 2 0 0 0
