# scores for worst/random/best/smart move selector strategies. 
# scores are 50% and 95% quantiles (based on 40 games) of: 
# game score, #destroyed, #unlocked, #stripes, #bombs, #zappers
0 0 0 0 0 0 0 0 0 0 0 0 0 6 6 0 0 0 0 0 0 0 0 0 0 0
6 6 0 0 0 0 0 0 0 0 0 0 0 15 15 0 0 0 0 0 0 0 0 0 0 0
9 9 0 0 0 0 0 0 0 0 0 0 0 18 18 0 0 0 0 0 0 0 0 0 0 0
12 12 0 0 0 0 0 0 0 0 0 0 0 21 21 0 0 0 0 0 0 0 0 0 0 0
16 16 0 0 0 0 0 0 0 0 0 0 0 27 27 0 0 0 0 0 0 0 0 0 0 0
21 21 0 0 0 0 0 0 0 0 0 0 0 33 32 0 0 0 0 0 0 0 0 0 0 0
24 24 0 0 0 0 0 0 0 0 0 0 0 37 36 0 0 0 0 0 0 0 0 0 0 0
30 30 0 0 0 0 0 0 0 0 0 0 0 41 40 0 0 0 0 0 0 0 0 0 0 0
34 34 0 0 0 0 0 0 0 0 0 0 0 44 43 0 0 0 0 0 0 0 0 0 0 0
38 38 0 0 0 0 0 0 0 0 0 0 0 59 51 0 0 0 0 0 0 0 0 0 0 0
42 42 0 0 0 0 0 0 0 0 0 0 0 79 55 1 1 0 0 0 0 0 0 0 0 0
45 45 0 0 0 0 0 0 0 0 0 0 0 83 59 1 1 0 0 0 0 0 0 0 0 0
49 49 0 0 0 0 0 0 0 0 0 0 0 103 67 1 1 0 0 0 0 0 0 0 0 0
54 54 0 0 0 0 0 0 0 0 0 0 0 110 78 1 1 0 0 0 0 0 0 0 0 0
59 58 0 0 0 0 0 0 0 0 0 0 0 113 82 1 1 0 0 0 0 0 0 0 0 0
63 62 0 0 0 0 0 0 0 0 0 0 0 117 85 2 1 0 0 0 0 0 0 0 0 0
66 66 0 0 0 0 0 0 0 0 0 0 0 131 95 3 1 0 0 0 0 0 0 0 0 0
69 69 0 0 0 0 0 0 0 0 0 0 0 136 99 3 1 0 0 0 0 0 0 0 0 0
75 74 0 0 0 0 0 0 0 0 0 0 0 139 103 3 1 0 0 0 0 0 0 0 0 0
81 78 0 0 0 0 0 0 0 0 0 0 0 142 112 3 1 0 0 0 0 0 0 0 0 0
84 82 0 0 0 0 0 0 0 0 0 0 0 157 117 3 1 0 0 0 0 0 0 0 0 0
91 87 0 0 0 0 0 0 0 0 0 0 0 161 120 3 1 0 0 0 0 0 0 0 0 0
96 93 0 0 0 0 0 0 0 0 0 0 0 164 123 3 1 1 0 0 0 0 0 0 0 0
100 96 0 0 0 0 0 0 0 0 0 0 0 167 128 3 1 1 0 0 0 0 0 0 0 0
106 102 0 0 0 0 0 0 0 0 0 0 0 175 131 3 1 1 0 0 0 0 0 0 0 0
109 105 0 0 0 0 0 0 0 0 0 0 0 178 134 3 1 1 0 0 0 0 0 0 0 0
112 108 0 0 0 0 0 0 0 0 0 0 0 181 137 3 1 1 0 0 0 0 0 0 0 0
117 113 0 0 0 0 0 0 0 0 0 0 0 184 140 3 1 1 0 0 0 0 0 0 0 0
120 116 0 0 0 0 0 0 0 0 0 0 0 208 146 3 2 1 0 0 0 0 0 0 0 0
126 121 0 0 0 0 0 0 0 0 0 0 0 212 153 3 2 1 0 0 0 0 0 0 0 0
129 124 0 0 0 0 0 0 0 0 0 0 0 215 160 3 2 1 0 0 0 0 0 0 0 0
133 127 0 0 0 0 0 0 0 0 0 0 0 219 166 3 2 1 0 0 0 0 0 0 0 0
139 133 0 0 0 0 0 0 0 0 0 0 0 222 169 3 2 1 0 0 0 0 0 0 0 0
148 137 0 0 0 0 0 0 0 0 0 0 0 232 180 3 2 1 0 0 0 0 0 0 0 0
155 141 0 0 0 0 0 0 0 0 0 0 0 235 184 3 2 1 0 0 0 0 0 0 0 0
158 144 0 0 0 0 0 0 0 0 0 0 0 254 187 4 2 1 0 0 0 0 0 0 0 0
161 148 0 0 0 0 0 0 0 0 0 0 0 259 190 4 3 1 0 0 0 0 0 0 0 0
164 153 0 0 0 0 0 0 0 0 0 0 0 264 195 4 3 1 0 0 0 0 0 0 0 0
171 156 0 0 0 0 0 0 0 0 0 0 0 267 199 4 3 1 0 0 0 0 0 0 0 0
178 159 0 0 0 0 0 0 0 0 0 0 0 277 208 6 3 1 0 0 0 0 0 0 0 0
181 162 0 0 0 0 0 0 0 0 0 0 0 282 211 6 3 1 0 0 0 0 0 0 0 0
