# scores for worst/random/best/smart move selector strategies. 
# scores are 50% and 95% quantiles (based on 40 games) of: 
# game score, #destroyed, #unlocked, #stripes, #bombs, #zappers
3 3 0 0 0 0 0 0 0 0 0 0 0 9 9 0 0 0 0 0 0 0 0 0 0 0
6 6 0 0 0 0 0 0 0 0 0 0 0 13 13 0 0 0 0 0 0 0 0 0 0 0
10 10 0 0 0 0 0 0 0 0 0 0 0 17 17 0 0 0 0 0 0 0 0 0 0 0
15 15 0 0 0 0 0 0 0 0 0 0 0 74 28 2 1 0 0 0 0 0 0 0 0 0
19 18 0 0 0 0 0 0 0 0 0 0 0 86 38 2 1 0 0 0 0 0 0 0 0 0
24 24 0 0 0 0 0 0 0 0 0 0 0 102 51 2 1 0 0 0 0 0 0 0 0 0
30 28 0 0 0 0 0 0 0 0 0 0 0 119 67 2 1 0 0 0 0 0 0 0 0 0
35 34 0 0 0 0 0 0 0 0 0 0 0 126 74 2 1 0 0 0 0 0 0 0 0 0
40 38 0 0 0 0 0 0 0 0 0 0 0 177 86 3 2 0 0 0 0 0 0 0 0 0
46 44 0 0 0 0 0 0 0 0 0 0 0 188 97 5 3 0 0 1 0 0 0 0 0 0
53 50 0 0 0 0 0 0 0 0 0 0 0 216 104 6 3 1 1 1 0 0 1 0 0 0
86 58 0 0 0 0 0 0 0 0 0 0 0 278 109 6 6 1 1 1 0 0 1 0 0 0
99 64 0 0 0 0 0 0 0 0 0 0 0 287 116 6 6 1 1 1 0 0 1 0 0 0
106 68 0 0 0 0 0 0 0 0 0 0 0 296 125 6 6 1 1 1 0 0 1 0 0 0
111 72 0 1 0 0 0 0 0 0 0 0 0 347 141 6 6 1 1 1 0 0 1 0 0 0
122 82 1 1 0 0 0 0 0 0 0 0 0 397 147 6 8 1 1 1 0 0 1 0 0 0
134 88 1 1 0 0 0 0 0 0 0 0 0 439 161 6 8 1 1 1 0 0 1 0 0 0
146 92 1 1 0 0 0 0 0 0 0 0 0 543 183 7 12 2 1 2 0 0 1 0 0 0
173 108 2 1 0 0 0 0 0 0 0 0 0 579 188 8 13 5 1 2 0 0 1 0 0 0
189 117 2 2 0 0 0 0 0 0 0 0 0 608 191 8 13 5 1 2 0 0 1 0 0 0
199 121 3 2 0 0 0 0 0 0 0 0 0 647 195 9 14 5 1 2 1 0 1 0 0 0
236 131 3 3 0 0 0 0 0 0 0 0 0 652 208 9 14 5 2 2 1 0 1 0 0 0
245 137 3 3 0 0 0 0 0 0 0 0 0 657 212 9 14 5 2 2 1 0 1 0 0 0
251 141 3 3 0 0 0 0 0 0 0 0 0 662 215 9 14 5 2 2 1 0 1 0 0 0
278 150 4 3 0 0 0 0 0 0 0 0 0 681 220 11 14 5 2 2 1 0 1 0 0 0
286 156 4 3 0 0 0 0 0 0 0 0 0 716 227 11 15 5 2 2 1 0 1 0 0 0
307 169 4 4 0 0 0 0 0 0 0 0 0 748 238 11 17 5 2 3 1 0 1 0 0 0
329 173 4 4 0 0 0 0 0 0 0 0 0 789 244 12 17 5 2 3 1 0 2 1 0 0
344 178 4 4 0 0 0 0 0 0 0 0 0 813 248 12 17 5 2 3 1 0 2 1 0 0
356 182 4 4 0 0 0 0 0 0 0 0 0 820 265 12 17 5 2 3 1 0 2 1 0 0
371 189 5 4 0 0 0 0 0 0 0 0 0 857 271 12 18 5 3 3 1 0 2 1 0 0
394 195 5 4 0 0 0 0 0 0 0 0 0 860 276 12 18 5 3 3 1 0 2 1 0 0
413 204 5 5 0 0 0 0 0 0 0 0 0 864 293 12 18 5 3 3 1 0 2 1 0 0
424 209 5 5 0 0 0 0 0 0 0 0 0 915 299 12 20 6 3 3 1 0 2 1 0 0
445 212 5 6 0 0 0 0 0 0 0 0 0 920 302 12 20 6 3 3 1 0 2 1 0 0
451 231 5 6 1 0 0 0 0 0 0 0 0 965 309 12 20 6 3 3 1 0 2 1 0 0
467 239 5 6 1 0 0 0 0 0 0 0 0 968 313 12 20 6 3 3 1 0 2 1 0 0
480 258 5 6 1 0 1 0 0 0 0 0 0 972 323 12 20 6 3 3 1 0 2 1 0 0
514 262 5 6 1 0 1 0 0 0 0 0 0 977 331 12 20 6 3 3 1 0 2 1 0 0
533 273 6 7 1 1 1 0 0 0 0 0 0 1053 338 12 21 6 3 3 1 0 2 1 0 0
549 278 6 7 1 1 1 0 0 0 0 0 0 1059 350 12 21 6 3 3 1 0 2 1 0 0
