# scores for worst/random/best/smart move selector strategies. 
# scores are 50% and 95% quantiles (based on 40 games) of: 
# game score, #destroyed, #unlocked, #stripes, #bombs, #zappers
3 3 0 0 0 0 0 0 0 0 0 0 0 9 9 0 0 0 0 0 0 0 0 0 0 0
6 6 0 0 0 0 0 0 0 0 0 0 0 15 13 0 0 0 0 0 0 0 0 0 0 0
12 12 0 0 0 0 0 0 0 0 0 0 0 20 18 0 0 0 0 0 0 0 0 0 0 0
16 16 0 0 0 0 0 0 0 0 0 0 0 58 25 0 0 0 0 0 0 0 0 0 0 0
21 21 0 0 0 0 0 0 0 0 0 0 0 81 34 1 1 0 0 0 0 0 0 0 0 0
24 24 0 0 0 0 0 0 0 0 0 0 0 84 40 1 1 0 0 0 0 0 0 0 0 0
27 27 0 0 0 0 0 0 0 0 0 0 0 87 44 1 1 0 0 0 0 0 0 0 0 0
33 33 0 0 0 0 0 0 0 0 0 0 0 98 53 1 1 0 0 0 0 0 0 0 0 0
39 37 0 0 0 0 0 0 0 0 0 0 0 101 69 2 1 0 0 0 0 0 0 0 0 0
44 43 0 0 0 0 0 0 0 0 0 0 0 125 78 2 1 1 0 0 0 0 0 0 0 0
52 47 0 0 0 0 0 0 0 0 0 0 0 128 83 3 2 1 0 0 0 0 0 0 0 0
56 51 0 0 0 0 0 0 0 0 0 0 0 133 87 3 2 1 0 0 0 0 0 0 0 0
62 56 0 0 0 0 0 0 0 0 0 0 0 165 95 3 2 1 0 0 0 0 0 0 0 0
68 60 0 0 0 0 0 0 0 0 0 0 0 170 98 3 2 1 0 0 0 0 0 0 0 0
85 64 0 0 0 0 0 0 0 0 0 0 0 200 102 3 2 1 0 0 0 0 0 0 0 0
88 69 0 0 0 0 0 0 0 0 0 0 0 204 109 3 2 1 0 0 0 0 0 0 0 0
95 75 0 0 0 0 0 0 0 0 0 0 0 212 116 4 3 1 0 0 0 0 0 0 0 0
99 78 0 0 0 0 0 0 0 0 0 0 0 215 119 4 3 1 0 0 0 0 0 0 0 0
109 84 0 0 0 0 0 0 0 0 0 0 0 230 123 4 3 1 0 0 0 0 0 0 0 0
118 89 0 0 0 0 0 0 0 0 0 0 0 233 128 4 3 1 0 0 0 0 0 0 0 0
138 95 0 1 0 0 0 0 0 0 0 0 0 236 136 4 4 1 0 0 0 0 0 0 0 0
143 98 0 1 0 0 0 0 0 0 0 0 0 242 139 4 4 1 0 0 0 0 0 0 0 0
149 106 1 1 0 0 0 0 0 0 0 0 0 246 146 4 4 1 0 0 0 0 0 0 0 0
158 114 1 1 0 0 0 0 0 0 0 0 0 264 149 4 4 1 0 0 0 0 0 0 0 0
161 117 1 1 0 0 0 0 0 0 0 0 0 267 152 4 4 1 0 0 0 0 0 0 0 0
166 121 1 1 0 0 0 0 0 0 0 0 0 278 159 4 4 1 0 0 0 0 0 0 0 0
169 126 1 1 0 0 0 0 0 0 0 0 0 281 165 4 4 1 0 0 0 0 0 0 0 0
180 131 1 1 0 0 0 0 0 0 0 0 0 285 170 4 4 1 0 0 0 0 0 0 0 0
189 134 1 1 0 0 0 0 0 0 0 0 0 288 173 4 4 1 0 0 0 0 0 0 0 0
192 139 1 1 0 0 0 0 0 0 0 0 0 293 180 4 4 1 0 0 0 0 0 0 0 0
197 144 1 1 0 0 0 0 0 0 0 0 0 299 188 4 4 1 0 0 0 0 0 0 0 0
209 150 1 1 0 0 0 0 0 0 0 0 0 317 194 4 4 1 0 0 0 0 0 0 0 0
217 157 1 2 0 0 0 0 0 0 0 0 0 324 199 4 4 1 0 0 0 0 0 0 0 0
220 160 1 2 0 0 0 0 0 0 0 0 0 354 207 4 4 1 0 0 0 0 0 0 0 0
227 168 1 2 0 0 0 0 0 0 0 0 0 374 212 4 5 1 0 0 0 0 0 0 0 0
239 171 1 2 0 0 0 0 0 0 0 0 0 377 217 4 5 1 0 0 0 0 0 0 0 0
244 176 1 2 0 0 0 0 0 0 0 0 0 380 220 4 5 1 1 0 0 0 1 0 0 0
250 182 1 2 0 0 0 0 0 0 0 0 0 383 223 4 5 2 1 0 0 0 1 0 0 0
254 185 1 2 0 0 0 0 0 0 0 0 0 391 231 4 5 2 1 0 0 0 1 0 0 0
271 191 2 2 0 0 0 0 0 0 0 0 0 394 234 4 5 2 1 0 0 0 1 0 0 0
276 197 2 2 0 0 0 0 0 0 0 0 0 397 242 4 5 2 1 0 0 0 1 0 0 0
