# scores for worst/random/best/smart move selector strategies. 
# scores are 50% and 95% quantiles (based on 40 games) of: 
# game score, #destroyed, #unlocked, #stripes, #bombs, #zappers
3 3 0 0 0 0 0 0 0 0 0 0 0 9 9 0 0 0 0 0 0 0 0 0 0 0
7 7 0 0 0 0 0 0 0 0 0 0 0 13 13 0 0 0 0 0 0 0 0 0 0 0
12 12 0 0 0 0 0 0 0 0 0 0 0 57 19 0 0 0 0 0 0 0 0 0 0 0
16 15 0 0 0 0 0 0 0 0 0 0 0 86 28 2 1 0 0 0 0 0 0 0 0 0
21 21 0 0 0 0 0 0 0 0 0 0 0 92 33 2 2 0 1 0 0 0 1 0 0 0
25 24 0 0 0 0 0 0 0 0 0 0 0 103 40 2 2 0 1 0 0 0 1 0 0 0
31 28 0 0 0 0 0 0 0 0 0 0 0 119 58 3 2 0 1 0 0 0 1 0 0 0
38 33 0 0 0 0 0 0 0 0 0 0 0 134 65 3 2 0 1 0 0 0 1 0 0 0
63 41 0 0 0 0 0 0 0 0 0 0 0 155 78 3 2 0 1 1 0 0 1 0 0 0
74 47 0 1 0 0 0 0 0 0 0 0 0 176 92 5 3 1 1 1 0 0 1 0 0 0
92 55 1 1 0 0 0 0 0 0 0 0 0 223 103 7 3 1 1 1 0 0 1 0 0 0
119 63 1 2 0 0 0 0 0 0 0 0 0 289 120 7 5 1 1 2 0 0 1 0 0 0
130 73 1 2 0 0 0 0 0 0 0 0 0 298 128 8 5 1 1 2 0 0 1 0 0 0
144 82 1 2 0 0 0 0 0 0 0 0 0 321 152 8 5 1 1 2 1 0 1 0 0 0
160 90 1 2 0 0 0 0 0 0 0 0 0 368 168 8 6 1 1 2 1 0 1 0 0 0
209 104 2 2 0 0 0 0 0 0 0 0 0 495 179 9 7 1 2 2 1 0 1 0 0 0
253 117 3 2 0 0 0 0 0 0 0 0 0 548 182 10 11 1 2 2 1 0 1 1 0 0
269 124 3 3 1 0 0 0 0 0 0 0 0 618 197 10 11 3 2 2 1 0 1 1 0 0
315 128 3 3 1 0 0 0 0 0 0 0 0 627 210 10 11 3 3 2 1 0 2 1 0 0
342 142 4 3 1 0 0 0 0 0 0 0 0 632 226 10 12 3 3 2 1 0 2 1 0 0
348 149 4 3 1 0 0 0 0 0 0 0 0 702 259 10 12 3 3 2 1 0 2 1 0 0
361 156 4 4 1 1 0 0 0 0 0 0 0 715 264 10 12 3 3 2 1 0 3 1 0 0
396 167 4 4 1 1 0 0 0 0 0 0 0 733 271 10 13 3 3 2 1 0 3 1 0 0
406 175 4 5 1 1 0 0 0 0 0 0 0 772 278 10 13 3 3 2 1 0 3 1 0 0
428 182 4 6 1 1 1 0 0 1 0 0 0 794 289 10 14 3 3 2 1 0 3 1 0 0
482 191 4 6 1 1 1 0 0 1 0 0 0 802 300 12 15 3 3 3 1 0 3 1 0 0
491 202 4 6 1 1 1 0 0 1 0 0 0 826 316 12 15 3 3 3 1 0 3 1 0 0
539 227 5 6 1 1 1 0 0 1 0 0 0 844 325 12 15 3 3 3 1 0 3 1 0 0
588 235 5 7 1 1 1 0 0 1 0 0 0 848 332 12 15 3 3 3 1 0 3 1 0 0
596 252 5 7 1 1 1 0 0 1 0 0 0 890 343 12 15 3 4 3 1 0 4 1 0 0
640 263 5 8 1 1 1 0 0 1 0 0 0 916 365 12 17 4 4 3 1 0 4 1 0 0
665 272 5 8 1 1 1 0 0 1 0 0 0 930 374 13 17 4 4 3 1 0 4 1 0 0
702 278 5 9 1 1 1 0 0 1 0 0 0 937 380 13 18 4 4 3 1 0 4 1 0 0
711 293 5 9 2 1 1 0 0 1 0 0 0 1006 388 13 18 5 4 3 2 0 4 1 0 0
737 307 5 9 2 1 1 0 0 1 0 0 0 1056 393 13 19 5 4 3 2 0 4 1 0 0
761 316 5 10 2 1 1 0 0 1 0 0 0 1078 409 13 19 5 4 3 2 0 4 1 0 0
804 321 5 10 2 1 1 0 0 1 0 0 0 1085 417 13 19 8 4 3 2 0 4 1 0 0
845 329 5 11 2 1 1 0 0 1 0 0 0 1103 437 13 19 8 4 3 2 0 4 1 0 0
869 343 5 11 3 2 1 1 0 1 0 0 0 1218 451 13 20 8 4 4 2 0 4 1 0 0
882 357 5 12 3 2 1 1 0 1 0 0 0 1222 458 13 20 8 4 4 2 0 4 1 0 0
910 373 5 12 3 2 1 1 0 1 0 0 0 1228 469 13 20 8 4 4 2 0 4 1 0 0
