# scores for worst/random/best/smart move selector strategies. 
# scores are 50% and 95% quantiles (based on 40 games) of: 
# game score, #destroyed, #unlocked, #stripes, #bombs, #zappers
3 3 0 0 0 0 0 0 0 0 0 0 0 9 9 0 0 0 0 0 0 0 0 0 0 0
6 6 0 0 0 0 0 0 0 0 0 0 0 13 13 0 0 0 0 0 0 0 0 0 0 0
9 9 0 0 0 0 0 0 0 0 0 0 0 18 17 0 0 0 0 0 0 0 0 0 0 0
15 15 0 0 0 0 0 0 0 0 0 0 0 27 24 0 0 0 0 0 0 0 0 0 0 0
18 18 0 0 0 0 0 0 0 0 0 0 0 30 27 0 0 0 0 0 0 0 0 0 0 0
21 21 0 0 0 0 0 0 0 0 0 0 0 62 36 0 0 0 0 0 0 0 0 0 0 0
26 26 0 0 0 0 0 0 0 0 0 0 0 72 45 0 1 0 0 0 0 0 0 0 0 0
32 31 0 0 0 0 0 0 0 0 0 0 0 75 48 1 1 0 0 0 0 0 0 0 0 0
38 37 0 0 0 0 0 0 0 0 0 0 0 79 53 1 1 0 0 0 0 0 0 0 0 0
42 41 0 0 0 0 0 0 0 0 0 0 0 94 56 1 1 0 0 0 0 0 0 0 0 0
45 45 0 0 0 0 0 0 0 0 0 0 0 97 60 1 1 0 0 0 0 0 0 0 0 0
51 50 0 0 0 0 0 0 0 0 0 0 0 156 73 1 1 0 1 0 0 0 0 0 0 0
56 54 0 0 0 0 0 0 0 0 0 0 0 159 80 1 1 0 1 0 0 0 0 0 0 0
59 57 0 0 0 0 0 0 0 0 0 0 0 164 85 1 1 0 1 0 0 0 0 0 0 0
63 62 0 0 0 0 0 0 0 0 0 0 0 167 88 1 1 0 1 0 0 0 0 0 0 0
67 65 0 0 0 0 0 0 0 0 0 0 0 176 98 1 1 0 1 0 0 0 0 0 0 0
70 69 0 0 0 0 0 0 0 0 0 0 0 179 101 1 1 0 1 0 0 0 0 0 0 0
76 74 0 0 0 0 0 0 0 0 0 0 0 182 104 1 1 0 1 0 0 0 0 0 0 0
82 81 0 0 0 0 0 0 0 0 0 0 0 185 108 1 1 1 1 0 0 0 0 0 0 0
87 84 0 0 0 0 0 0 0 0 0 0 0 190 112 1 1 1 1 0 0 0 0 0 0 0
95 91 0 0 0 0 0 0 0 0 0 0 0 193 119 1 1 1 1 0 0 0 0 0 0 0
100 96 0 0 0 0 0 0 0 0 0 0 0 200 125 1 1 1 1 0 0 0 0 0 0 0
109 102 0 0 0 0 0 0 0 0 0 0 0 205 128 1 1 1 1 0 0 0 0 0 0 0
116 107 0 0 0 0 0 0 0 0 0 0 0 213 136 1 1 1 1 0 0 0 0 0 0 0
121 111 0 0 0 0 0 0 0 0 0 0 0 216 143 1 1 1 1 0 0 0 0 0 0 0
125 114 0 0 0 0 0 0 0 0 0 0 0 224 146 1 1 1 1 0 0 0 0 0 0 0
130 117 0 0 0 0 0 0 0 0 0 0 0 247 154 2 2 1 1 0 0 0 0 0 0 0
133 121 0 0 0 0 0 0 0 0 0 0 0 250 158 2 2 1 1 0 0 0 0 0 0 0
139 124 0 0 0 0 0 0 0 0 0 0 0 255 161 2 2 1 1 0 0 0 0 0 0 0
150 128 0 0 0 0 0 0 0 0 0 0 0 259 171 2 2 1 1 0 0 0 0 0 0 0
154 137 0 0 0 0 0 0 0 0 0 0 0 262 174 2 2 1 1 0 0 0 0 0 0 0
161 141 0 0 0 0 0 0 0 0 0 0 0 265 179 2 2 1 1 0 0 0 0 0 0 0
166 144 0 0 0 0 0 0 0 0 0 0 0 268 185 2 2 1 1 0 0 0 0 0 0 0
169 150 0 0 0 0 0 0 0 0 0 0 0 281 188 2 3 1 1 0 0 0 0 0 0 0
172 155 0 0 0 0 0 0 0 0 0 0 0 284 191 2 3 1 1 0 0 0 0 0 0 0
175 161 0 0 0 0 0 0 0 0 0 0 0 287 194 2 3 1 1 0 0 0 0 0 0 0
181 165 0 1 0 0 0 0 0 0 0 0 0 290 198 2 3 1 1 0 0 0 0 0 0 0
186 170 0 1 0 0 0 0 0 0 0 0 0 296 201 2 3 1 1 0 0 0 0 0 0 0
189 174 0 1 0 0 0 0 0 0 0 0 0 302 205 2 3 1 1 0 0 0 0 0 0 0
196 179 0 1 0 0 0 0 0 0 0 0 0 305 212 2 3 1 1 0 0 0 0 0 0 0
208 184 0 1 0 0 0 0 0 0 0 0 0 313 219 2 3 1 1 0 0 0 0 0 0 0
