# scores for worst/random/best/smart move selector strategies. 
# scores are 50% and 95% quantiles (based on 40 games) of: 
# game score, #destroyed, #unlocked, #stripes, #bombs, #zappers
3 3 0 0 0 0 0 0 0 0 0 0 0 11 11 0 0 0 0 0 0 0 0 0 0 0
6 6 0 0 0 0 0 0 0 0 0 0 0 17 15 0 0 0 0 0 0 0 0 0 0 0
11 11 0 0 0 0 0 0 0 0 0 0 0 131 29 8 1 2 0 0 0 0 0 0 0 0
16 16 0 0 0 0 0 0 0 0 0 0 0 557 74 12 3 9 1 0 0 0 0 0 0 0
19 19 0 0 0 0 0 0 0 0 0 0 0 735 102 14 6 11 1 0 0 1 0 0 0 0
25 25 0 0 0 0 0 0 0 0 0 0 0 933 128 16 12 12 2 0 1 1 0 0 0 0
31 31 0 0 0 0 0 0 0 0 0 0 0 1033 133 16 12 14 2 0 1 1 1 0 0 0
35 34 0 0 0 0 0 0 0 0 0 0 0 1037 137 17 17 14 2 0 1 1 1 1 0 0
58 42 0 1 0 0 0 0 0 0 0 0 0 1043 142 17 17 14 3 0 1 1 1 1 0 0
90 49 0 1 0 0 0 0 0 0 0 0 0 1048 156 17 19 14 3 1 1 1 1 1 0 0
103 55 2 1 0 0 0 0 0 0 0 0 0 1051 160 17 19 14 3 1 1 1 1 1 0 0
113 57 2 1 0 0 0 0 0 0 0 0 0 1055 166 18 19 14 3 1 1 1 1 1 0 0
119 61 2 2 0 0 0 0 0 0 0 0 0 1059 170 18 19 14 3 1 1 1 1 1 0 0
168 68 2 2 2 0 0 0 0 0 0 0 0 1062 176 18 19 14 3 1 1 1 1 1 0 0
228 78 6 2 2 0 0 0 0 0 0 0 0 1081 179 18 19 14 3 1 1 1 1 1 0 0
333 93 7 3 3 1 0 0 0 0 0 0 0 1084 182 18 19 14 3 1 1 1 1 1 0 0
431 116 12 6 4 1 0 0 0 0 0 0 0 1089 185 18 19 14 3 1 1 1 1 1 0 0
653 142 12 7 5 1 0 0 0 0 0 0 0 1094 191 18 20 14 3 1 1 1 1 1 0 0
658 146 12 8 6 1 0 0 0 0 0 0 0 1124 196 18 20 14 3 1 1 1 1 1 0 0
710 154 13 8 7 1 0 0 0 0 0 0 0 1128 199 18 20 14 3 1 1 1 1 1 0 0
777 172 13 10 7 1 0 0 0 0 0 0 0 1167 203 18 21 14 3 2 1 1 1 1 0 0
791 177 13 10 7 1 0 0 0 0 0 0 0 1170 210 18 22 14 3 2 1 1 1 1 0 0
794 181 13 11 7 1 0 0 0 0 0 0 0 1217 218 18 22 14 3 2 1 1 1 1 0 0
807 186 14 11 7 1 1 0 0 0 0 0 0 1239 235 18 22 14 3 2 1 1 1 1 0 0
859 195 14 12 7 1 1 0 0 0 0 0 0 1245 244 19 23 14 3 2 2 2 1 1 0 0
862 199 14 12 7 1 1 0 0 0 0 0 0 1249 250 19 24 14 3 2 2 2 1 1 0 0
867 202 14 12 7 1 1 0 0 0 0 0 0 1252 261 19 24 14 3 2 2 2 1 1 0 0
876 211 14 12 7 1 1 0 0 0 0 0 0 1259 269 19 24 14 3 2 2 2 1 1 0 0
887 215 14 13 7 1 1 0 0 0 0 0 0 1282 272 19 24 14 3 2 2 2 1 1 0 0
892 218 14 13 7 1 1 1 0 0 0 0 0 1288 277 19 24 14 3 2 2 2 1 1 0 0
931 224 14 13 7 1 1 1 0 0 0 0 0 1481 296 19 24 16 3 2 2 2 1 1 1 0
949 229 14 13 7 1 1 1 0 0 0 0 0 1484 299 19 24 16 3 2 2 2 1 1 1 0
961 238 14 13 7 1 1 1 0 0 0 0 0 1510 303 19 24 16 3 2 2 2 2 1 1 0
966 243 14 13 7 1 1 1 0 0 0 0 0 1514 307 19 24 16 3 2 2 2 2 1 1 0
976 247 14 15 7 1 1 1 0 0 0 0 0 1517 312 19 24 16 3 2 2 2 2 1 1 0
982 254 14 15 7 1 1 1 0 0 0 0 0 1521 327 19 24 16 3 2 2 2 2 1 1 0
987 259 14 15 7 1 1 1 0 0 0 0 0 1525 331 19 24 16 3 2 2 2 2 1 1 0
990 263 14 15 7 1 1 1 0 0 0 0 0 1528 340 19 24 16 3 2 2 2 2 1 1 0
993 267 14 16 7 1 1 1 0 0 0 0 0 1531 343 19 25 16 3 3 2 2 2 1 1 0
996 270 14 16 7 1 1 1 0 0 0 0 0 1534 355 19 25 16 3 3 2 2 2 1 1 0
1000 273 14 16 7 1 1 1 0 0 0 0 0 1545 361 19 25 16 3 3 2 2 2 1 1 0
