# scores for worst/random/best/smart move selector strategies. 
# scores are 50% and 95% quantiles (based on 40 games) of: 
# game score, #destroyed, #unlocked, #stripes, #bombs, #zappers
0 0 0 0 0 0 0 0 0 0 0 0 0 9 9 0 0 0 0 0 0 0 0 0 0 0
6 6 0 0 0 0 0 0 0 0 0 0 0 15 15 0 0 0 0 0 0 0 0 0 0 0
9 9 0 0 0 0 0 0 0 0 0 0 0 19 19 0 0 0 0 0 0 0 0 0 0 0
14 14 0 0 0 0 0 0 0 0 0 0 0 24 24 0 0 0 0 0 0 0 0 0 0 0
21 21 0 0 0 0 0 0 0 0 0 0 0 43 29 0 0 0 0 0 0 0 0 0 0 0
24 24 0 0 0 0 0 0 0 0 0 0 0 64 37 0 0 0 0 0 0 0 0 0 0 0
31 31 0 0 0 0 0 0 0 0 0 0 0 77 43 0 1 0 0 0 0 0 0 0 0 0
34 34 0 0 0 0 0 0 0 0 0 0 0 93 50 0 1 0 0 0 0 0 0 0 0 0
39 38 0 0 0 0 0 0 0 0 0 0 0 99 54 1 1 0 0 0 0 0 0 0 0 0
45 42 0 0 0 0 0 0 0 0 0 0 0 102 60 1 1 0 0 0 0 0 0 0 0 0
48 48 0 0 0 0 0 0 0 0 0 0 0 105 66 2 1 0 0 0 0 0 0 0 0 0
52 51 0 0 0 0 0 0 0 0 0 0 0 112 70 2 1 0 0 0 0 0 0 0 0 0
56 55 0 0 0 0 0 0 0 0 0 0 0 149 82 3 2 0 0 1 0 0 0 0 0 0
66 60 0 0 0 0 0 0 0 0 0 0 0 162 88 3 2 0 0 1 0 0 0 0 0 0
74 66 0 0 0 0 0 0 0 0 0 0 0 167 94 4 2 1 0 1 0 0 0 0 0 0
81 72 0 0 0 0 0 0 0 0 0 0 0 171 99 4 3 1 0 1 0 0 0 0 0 0
88 75 0 1 0 0 0 0 0 0 0 0 0 193 103 4 3 1 0 1 0 0 0 0 0 0
95 79 0 1 0 0 0 0 0 0 0 0 0 199 109 4 3 1 0 1 0 0 0 0 0 0
104 83 0 1 0 0 0 0 0 0 0 0 0 231 120 4 4 1 0 1 0 0 0 0 0 0
110 89 0 1 0 0 0 0 0 0 0 0 0 237 124 4 4 1 0 1 0 0 0 0 0 0
117 93 0 1 0 0 0 0 0 0 0 0 0 258 130 4 4 1 0 1 0 0 0 0 0 0
121 98 0 1 0 0 0 0 0 0 0 0 0 261 138 4 4 1 0 1 0 0 0 0 0 0
131 102 0 1 0 0 0 0 0 0 0 0 0 267 142 4 4 1 0 1 0 0 0 0 0 0
144 108 0 1 0 0 0 0 0 0 0 0 0 280 147 7 5 1 0 1 1 0 0 0 0 0
164 112 0 1 0 0 0 0 0 0 0 0 0 283 152 8 5 1 1 1 1 0 1 0 0 0
186 125 0 2 0 0 0 0 0 0 0 0 0 286 156 8 5 1 1 1 1 0 1 0 0 0
195 129 1 2 0 0 0 0 0 0 0 0 0 294 161 8 5 1 1 1 1 0 1 0 0 0
209 132 1 2 0 0 0 0 0 0 0 0 0 321 168 8 6 1 1 2 1 0 1 0 0 0
215 137 1 2 0 0 0 0 0 0 0 0 0 325 171 8 6 1 1 2 1 0 1 0 0 0
221 140 1 2 0 0 0 0 0 0 0 0 0 342 184 8 6 1 1 2 1 0 1 0 0 0
224 146 1 2 0 0 0 0 0 0 0 0 0 373 189 8 6 1 1 2 1 0 1 0 0 0
235 152 1 3 0 0 0 0 0 0 0 0 0 401 200 8 7 1 1 2 1 0 1 0 0 0
238 157 1 3 0 0 0 0 0 0 0 0 0 406 206 8 7 1 1 2 1 0 1 0 0 0
248 163 1 3 0 0 0 0 0 0 0 0 0 410 211 8 7 1 1 2 1 0 1 0 0 0
258 166 1 3 0 0 0 0 0 0 0 0 0 417 217 8 7 1 1 2 1 0 1 0 0 0
268 171 1 3 0 0 0 0 0 0 0 0 0 421 220 8 7 1 1 2 1 0 1 0 0 0
274 176 1 3 0 0 0 0 0 0 0 0 0 426 229 8 8 1 1 2 1 0 1 0 0 0
277 180 1 3 0 0 0 0 0 0 0 0 0 432 241 8 8 1 1 2 1 0 1 0 0 0
290 188 1 3 0 0 0 0 0 0 0 0 0 437 245 8 8 1 1 2 1 0 1 0 0 0
296 194 1 4 0 0 0 0 0 0 0 0 0 464 248 8 8 1 1 2 1 0 1 0 0 0
316 199 1 4 0 0 1 0 0 0 0 0 0 467 255 8 8 1 1 2 1 0 1 0 0 0
