# scores for worst/random/best/smart move selector strategies. 
# scores are 50% and 95% quantiles (based on 40 games) of: 
# game score, #destroyed, #unlocked, #stripes, #bombs, #zappers
0 0 0 0 0 0 0 0 0 0 0 0 0 9 9 0 0 0 0 0 0 0 0 0 0 0
6 6 0 0 0 0 0 0 0 0 0 0 0 14 14 0 0 0 0 0 0 0 0 0 0 0
12 12 0 0 0 0 0 0 0 0 0 0 0 19 19 0 0 0 0 0 0 0 0 0 0 0
15 15 0 0 0 0 0 0 0 0 0 0 0 28 28 0 0 0 0 0 0 0 0 0 0 0
21 21 0 0 0 0 0 0 0 0 0 0 0 35 33 0 0 0 0 0 0 0 0 0 0 0
24 24 0 0 0 0 0 0 0 0 0 0 0 64 39 0 1 0 0 0 0 0 0 0 0 0
30 30 0 0 0 0 0 0 0 0 0 0 0 67 44 0 1 0 0 0 0 0 0 0 0 0
33 33 0 0 0 0 0 0 0 0 0 0 0 75 47 0 1 0 0 0 0 0 0 0 0 0
36 36 0 0 0 0 0 0 0 0 0 0 0 78 53 0 1 0 0 0 0 0 0 0 0 0
44 43 0 0 0 0 0 0 0 0 0 0 0 81 56 0 1 0 0 0 0 0 0 0 0 0
48 46 0 0 0 0 0 0 0 0 0 0 0 87 61 1 1 0 0 0 0 0 0 0 0 0
52 51 0 0 0 0 0 0 0 0 0 0 0 93 64 1 1 0 0 0 0 0 0 0 0 0
55 54 0 0 0 0 0 0 0 0 0 0 0 96 71 1 1 0 0 0 0 0 0 0 0 0
58 58 0 0 0 0 0 0 0 0 0 0 0 99 75 1 1 0 0 0 0 0 0 0 0 0
62 61 0 0 0 0 0 0 0 0 0 0 0 104 78 1 1 0 0 0 0 0 0 0 0 0
70 66 0 0 0 0 0 0 0 0 0 0 0 107 82 1 1 0 0 0 0 0 0 0 0 0
74 70 0 0 0 0 0 0 0 0 0 0 0 115 89 1 1 0 0 0 0 0 0 0 0 0
82 73 0 0 0 0 0 0 0 0 0 0 0 128 95 1 1 0 0 0 0 0 0 0 0 0
85 77 0 0 0 0 0 0 0 0 0 0 0 131 98 1 1 0 0 0 0 0 0 0 0 0
88 83 0 0 0 0 0 0 0 0 0 0 0 137 105 1 1 0 0 0 0 0 0 0 0 0
94 87 0 0 0 0 0 0 0 0 0 0 0 147 109 1 1 0 0 0 0 0 0 0 0 0
99 91 0 0 0 0 0 0 0 0 0 0 0 174 118 2 2 0 0 0 0 0 0 0 0 0
108 94 0 1 0 0 0 0 0 0 0 0 0 228 133 2 3 0 0 0 0 0 0 0 0 0
111 97 0 1 0 0 0 0 0 0 0 0 0 233 137 3 3 0 0 0 0 0 0 0 0 0
121 101 0 1 0 0 0 0 0 0 0 0 0 239 140 3 3 0 0 0 0 0 0 0 0 0
132 107 0 1 0 0 0 0 0 0 0 0 0 242 143 3 3 1 0 0 0 0 0 0 0 0
135 111 0 1 0 0 0 0 0 0 0 0 0 245 146 3 3 1 0 0 0 0 0 0 0 0
139 114 0 1 0 0 0 0 0 0 0 0 0 256 159 3 3 1 0 0 0 0 0 0 0 0
142 117 0 1 0 0 0 0 0 0 0 0 0 262 163 3 3 1 0 0 0 0 0 0 0 0
147 121 0 1 0 0 0 0 0 0 0 0 0 265 166 3 3 1 0 0 0 0 0 0 0 0
150 124 0 1 0 0 0 0 0 0 0 0 0 293 171 3 4 1 0 0 0 0 0 0 0 0
155 129 0 1 0 0 0 0 0 0 0 0 0 305 177 3 4 1 0 1 0 0 0 0 0 0
160 134 0 1 0 0 0 0 0 0 0 0 0 308 180 3 4 1 0 1 0 0 0 0 0 0
167 138 0 1 0 0 0 0 0 0 0 0 0 311 183 3 4 1 0 1 0 0 0 0 0 0
170 142 0 1 0 0 0 0 0 0 0 0 0 314 186 3 4 1 0 1 0 0 0 0 0 0
173 147 0 1 0 0 0 0 0 0 0 0 0 317 189 3 4 1 0 1 0 0 0 0 0 0
177 150 0 1 0 0 0 0 0 0 0 0 0 320 192 3 4 1 0 1 0 0 0 0 0 0
184 153 0 1 0 0 0 0 0 0 0 0 0 324 196 3 4 1 0 1 0 0 0 0 0 0
191 158 0 1 0 0 0 0 0 0 0 0 0 390 216 3 6 1 0 1 0 0 0 0 0 0
196 161 0 1 0 0 0 0 0 0 0 0 0 397 222 3 6 1 0 1 0 0 0 0 0 0
203 165 0 1 0 0 0 0 0 0 0 0 0 401 225 3 6 1 0 1 0 0 0 0 0 0
