# scores for worst/random/best/smart move selector strategies. 
# scores are 50% and 95% quantiles (based on 40 games) of: 
# game score, #destroyed, #unlocked, #stripes, #bombs, #zappers
0 0 0 0 0 0 0 0 0 0 0 0 0 9 9 0 0 0 0 0 0 0 0 0 0 0
6 6 0 0 0 0 0 0 0 0 0 0 0 15 15 0 0 0 0 0 0 0 0 0 0 0
9 9 0 0 0 0 0 0 0 0 0 0 0 20 20 0 0 0 0 0 0 0 0 0 0 0
16 16 0 0 0 0 0 0 0 0 0 0 0 53 27 0 1 0 0 0 0 0 0 0 0 0
21 21 0 0 0 0 0 0 0 0 0 0 0 60 31 0 1 0 0 0 0 0 0 0 0 0
25 25 0 0 0 0 0 0 0 0 0 0 0 67 38 0 1 0 0 0 0 0 0 0 0 0
32 30 0 0 0 0 0 0 0 0 0 0 0 87 43 2 1 0 0 0 0 0 0 0 0 0
43 34 0 0 0 0 0 0 0 0 0 0 0 95 50 3 2 0 0 1 0 0 0 0 0 0
46 39 0 0 0 0 0 0 0 0 0 0 0 129 60 3 2 0 0 1 0 0 0 0 0 0
54 43 0 0 0 0 0 0 0 0 0 0 0 168 66 4 3 0 0 1 0 0 0 0 0 0
62 46 0 0 0 0 0 0 0 0 0 0 0 173 71 4 3 0 1 1 0 0 1 0 0 0
74 52 0 0 0 0 0 0 0 0 0 0 0 189 75 4 3 0 1 1 0 0 1 0 0 0
85 57 0 1 0 0 0 0 0 0 0 0 0 219 88 5 4 0 1 2 0 0 1 0 0 0
89 62 0 1 0 0 0 0 0 0 0 0 0 237 92 5 4 0 1 2 0 0 1 0 0 0
92 68 0 1 0 0 0 0 0 0 0 0 0 244 96 5 4 0 1 2 0 0 1 0 0 0
105 74 0 1 0 0 0 0 0 0 0 0 0 271 108 5 5 0 1 2 0 0 1 0 0 0
115 80 0 1 0 0 0 0 0 0 0 0 0 289 122 5 5 0 1 2 0 0 1 0 0 0
131 88 0 2 0 0 0 0 0 0 0 0 0 296 129 5 5 1 1 2 0 0 1 0 0 0
147 93 1 2 0 0 0 0 0 0 0 0 0 328 132 5 5 1 1 2 0 0 1 0 0 0
160 99 1 2 0 0 0 0 0 0 0 0 0 361 144 6 5 1 1 2 0 0 1 0 0 0
171 106 1 2 0 0 0 0 0 0 0 0 0 372 152 7 6 1 1 2 0 0 1 0 0 0
184 111 2 2 0 0 0 0 0 0 0 0 0 376 161 7 6 1 1 2 0 0 1 0 0 0
190 116 2 2 0 0 0 0 0 0 0 0 0 394 168 7 7 1 1 2 0 0 1 0 0 0
206 127 2 3 0 0 0 0 0 0 0 0 0 399 172 7 7 1 1 2 1 0 1 0 0 0
222 131 2 3 0 0 0 0 0 0 0 0 0 418 177 7 8 1 1 2 1 0 1 0 0 0
238 138 2 3 0 0 0 0 0 0 0 0 0 474 186 7 10 1 1 3 1 0 1 0 0 0
247 144 2 3 0 0 0 0 0 0 0 0 0 479 189 7 10 1 1 3 1 0 1 0 0 0
267 151 2 3 0 0 0 0 0 0 0 0 0 482 195 7 10 1 1 3 1 0 1 0 0 0
305 156 2 4 0 0 0 0 0 0 0 0 0 506 200 8 10 1 1 3 1 0 1 0 0 0
316 161 2 4 0 0 0 0 0 0 0 0 0 559 208 8 10 1 1 3 1 0 1 0 0 0
334 170 2 5 0 0 0 0 0 0 0 0 0 563 236 8 10 2 1 3 1 0 1 0 0 0
362 176 2 5 0 0 0 0 0 0 0 0 0 597 242 8 13 2 2 3 1 0 1 1 0 0
393 183 2 6 0 0 0 0 0 0 0 0 0 601 248 8 13 2 2 3 1 0 1 1 0 0
409 190 2 6 0 0 0 0 0 0 0 0 0 620 252 8 14 2 2 3 1 0 1 1 0 0
414 199 2 6 0 0 0 0 0 0 0 0 0 644 259 8 14 2 2 3 1 0 1 1 0 0
420 206 2 6 0 0 0 0 0 0 0 0 0 647 262 8 14 2 2 3 1 0 1 1 0 0
427 214 2 6 1 0 0 0 0 0 0 0 0 720 271 8 17 2 2 3 1 0 1 1 0 0
438 220 2 6 1 0 1 0 0 0 0 0 0 729 279 8 17 2 2 4 1 0 1 1 0 0
466 231 2 7 1 0 1 0 0 0 0 0 0 734 290 8 17 2 2 4 1 0 1 1 0 0
483 241 2 7 1 1 1 0 0 0 0 0 0 740 296 8 17 2 2 4 1 0 2 1 0 0
500 245 3 7 1 1 1 0 0 0 0 0 0 746 301 8 17 2 2 4 1 0 2 1 0 0
