# scores for worst/random/best/smart move selector strategies. 
# scores are 50% and 95% quantiles (based on 40 games) of: 
# game score, #destroyed, #unlocked, #stripes, #bombs, #zappers
0 0 0 0 0 0 0 0 0 0 0 0 0 9 9 0 0 0 0 0 0 0 0 0 0 0
6 6 0 0 0 0 0 0 0 0 0 0 0 15 15 0 0 0 0 0 0 0 0 0 0 0
12 12 0 0 0 0 0 0 0 0 0 0 0 22 22 0 0 0 0 0 0 0 0 0 0 0
18 18 0 0 0 0 0 0 0 0 0 0 0 40 27 0 0 0 0 0 0 0 0 0 0 0
21 21 0 0 0 0 0 0 0 0 0 0 0 46 31 0 0 0 0 0 0 0 0 0 0 0
24 24 0 0 0 0 0 0 0 0 0 0 0 61 36 0 1 0 0 0 0 0 0 0 0 0
27 27 0 0 0 0 0 0 0 0 0 0 0 67 43 0 1 0 0 0 0 0 0 0 0 0
32 31 0 0 0 0 0 0 0 0 0 0 0 71 47 0 1 0 0 0 0 0 0 0 0 0
37 37 0 0 0 0 0 0 0 0 0 0 0 75 50 0 1 0 0 0 0 0 0 0 0 0
41 40 0 0 0 0 0 0 0 0 0 0 0 80 53 0 1 0 0 0 0 0 0 0 0 0
45 45 0 0 0 0 0 0 0 0 0 0 0 83 56 0 1 0 0 0 0 0 0 0 0 0
49 49 0 0 0 0 0 0 0 0 0 0 0 89 63 1 1 0 0 0 0 0 0 0 0 0
53 52 0 0 0 0 0 0 0 0 0 0 0 95 68 2 1 0 0 0 0 0 0 0 0 0
58 55 0 0 0 0 0 0 0 0 0 0 0 98 74 2 1 0 0 0 0 0 0 0 0 0
61 59 0 0 0 0 0 0 0 0 0 0 0 108 78 2 1 0 0 0 0 0 0 0 0 0
68 63 0 0 0 0 0 0 0 0 0 0 0 122 86 2 1 0 0 0 0 0 0 0 0 0
69 66 0 0 0 0 0 0 0 0 0 0 0 139 93 2 1 0 0 0 0 0 0 0 0 0
75 69 0 0 0 0 0 0 0 0 0 0 0 143 97 2 1 0 0 0 0 0 0 0 0 0
78 74 0 0 0 0 0 0 0 0 0 0 0 146 101 2 1 0 0 0 0 0 0 0 0 0
83 79 0 0 0 0 0 0 0 0 0 0 0 149 104 2 1 0 0 0 0 0 0 0 0 0
86 82 0 0 0 0 0 0 0 0 0 0 0 162 113 2 1 0 0 0 0 0 0 0 0 0
91 86 0 0 0 0 0 0 0 0 0 0 0 165 116 2 1 0 0 0 0 0 0 0 0 0
99 91 0 0 0 0 0 0 0 0 0 0 0 169 119 2 1 0 0 0 0 0 0 0 0 0
103 94 0 0 0 0 0 0 0 0 0 0 0 174 126 2 1 0 0 0 0 0 0 0 0 0
111 98 0 0 0 0 0 0 0 0 0 0 0 177 129 2 1 0 0 0 0 0 0 0 0 0
114 102 0 0 0 0 0 0 0 0 0 0 0 180 132 2 1 0 0 0 0 0 0 0 0 0
118 106 0 0 0 0 0 0 0 0 0 0 0 183 135 2 2 1 0 0 0 0 0 0 0 0
124 111 0 0 0 0 0 0 0 0 0 0 0 186 138 2 2 1 0 0 0 0 0 0 0 0
127 115 0 0 0 0 0 0 0 0 0 0 0 208 149 2 2 1 0 0 0 0 0 0 0 0
130 118 0 0 0 0 0 0 0 0 0 0 0 213 153 2 2 1 0 0 0 0 0 0 0 0
135 121 0 0 0 0 0 0 0 0 0 0 0 216 156 2 2 1 0 0 0 0 0 0 0 0
138 127 0 0 0 0 0 0 0 0 0 0 0 219 159 2 2 1 0 0 0 0 0 0 0 0
143 130 0 0 0 0 0 0 0 0 0 0 0 222 163 2 2 1 0 0 0 0 0 0 0 0
150 137 0 0 0 0 0 0 0 0 0 0 0 226 166 2 2 1 0 0 0 0 0 0 0 0
154 144 0 0 0 0 0 0 0 0 0 0 0 230 170 2 2 1 0 0 0 0 0 0 0 0
162 149 0 1 0 0 0 0 0 0 0 0 0 234 175 2 2 1 0 0 0 0 0 0 0 0
165 153 0 1 0 0 0 0 0 0 0 0 0 237 181 2 2 1 0 0 0 0 0 0 0 0
171 157 0 1 0 0 0 0 0 0 0 0 0 240 184 2 2 1 0 0 0 0 0 0 0 0
178 161 0 1 0 0 0 0 0 0 0 0 0 262 189 2 2 1 0 0 0 0 0 0 0 0
182 165 0 1 0 0 0 0 0 0 0 0 0 268 192 2 2 1 0 0 0 0 0 0 0 0
185 168 0 1 0 0 0 0 0 0 0 0 0 273 195 2 2 1 0 0 0 0 0 0 0 0
