# scores for worst/random/best/smart move selector strategies. 
# scores are 50% and 95% quantiles (based on 40 games) of: 
# game score, #destroyed, #unlocked, #stripes, #bombs, #zappers
3 3 0 0 0 0 0 0 0 0 0 0 0 9 9 0 0 0 0 0 0 0 0 0 0 0
7 7 0 0 0 0 0 0 0 0 0 0 0 15 15 0 0 0 0 0 0 0 0 0 0 0
12 12 0 0 0 0 0 0 0 0 0 0 0 23 23 0 0 0 0 0 0 0 0 0 0 0
16 16 0 0 0 0 0 0 0 0 0 0 0 53 26 1 1 0 0 0 0 0 0 0 0 0
21 21 0 0 0 0 0 0 0 0 0 0 0 66 31 1 1 0 0 0 0 0 0 0 0 0
27 27 0 0 0 0 0 0 0 0 0 0 0 100 41 2 1 1 0 0 0 0 0 0 0 0
34 32 0 0 0 0 0 0 0 0 0 0 0 104 45 2 1 1 0 0 0 0 0 0 0 0
39 37 0 0 0 0 0 0 0 0 0 0 0 122 53 2 2 1 0 0 0 0 0 0 0 0
57 43 0 0 0 0 0 0 0 0 0 0 0 137 61 2 2 1 0 1 0 0 0 0 0 0
72 48 0 0 0 0 0 0 0 0 0 0 0 158 77 2 2 1 0 1 0 0 0 0 0 0
82 53 0 0 0 0 0 0 0 0 0 0 0 213 94 3 3 1 1 1 0 0 1 0 0 0
92 60 0 0 0 0 0 0 0 0 0 0 0 327 97 3 8 1 1 1 0 0 1 0 0 0
104 66 0 1 0 0 0 0 0 0 0 0 0 331 100 3 8 1 1 1 0 0 1 0 0 0
121 74 0 1 0 0 0 0 0 0 0 0 0 335 105 3 8 1 1 1 0 0 1 0 0 0
130 81 0 1 0 0 0 0 0 0 0 0 0 345 111 3 8 1 1 1 0 0 1 0 0 0
136 86 0 1 0 0 0 0 0 0 0 0 0 350 115 3 8 1 1 1 0 0 1 0 0 0
150 93 0 1 0 0 0 0 0 0 0 0 0 355 122 4 8 1 1 1 0 0 1 0 0 0
157 96 1 2 0 0 0 0 0 0 0 0 0 420 145 4 10 2 1 1 0 0 1 0 0 0
166 101 1 2 0 0 0 0 0 0 0 0 0 498 155 4 12 2 1 1 0 0 1 0 0 0
187 106 1 2 0 0 0 0 0 0 0 0 0 502 159 5 12 2 1 1 0 0 1 0 0 0
200 114 1 2 0 0 0 0 0 0 0 0 0 519 165 5 13 2 1 1 0 0 1 0 0 0
214 124 1 3 0 0 0 0 0 0 0 0 0 522 172 5 13 2 1 1 0 0 1 0 0 0
235 129 1 3 0 0 0 0 0 0 0 0 0 527 178 5 13 2 1 1 0 0 1 0 0 0
247 133 1 3 0 0 0 0 0 0 0 0 0 555 183 5 13 2 1 2 0 0 1 0 0 0
264 138 1 3 0 0 0 0 0 0 0 0 0 560 190 5 13 2 1 2 1 0 1 0 0 0
279 147 2 3 0 0 0 0 0 0 0 0 0 587 203 5 13 2 2 2 1 0 1 0 0 0
284 153 2 3 0 0 0 0 0 0 0 0 0 631 216 5 15 2 2 2 1 0 1 0 0 0
300 157 2 3 0 0 0 0 0 0 0 0 0 634 222 5 15 2 2 2 1 0 1 0 0 0
308 168 2 3 0 0 0 0 0 0 0 0 0 658 231 5 15 2 2 2 1 0 2 0 0 0
314 174 2 3 1 0 0 0 0 0 0 0 0 742 242 5 18 2 2 2 1 0 2 1 0 0
325 183 2 4 1 0 0 0 0 0 0 0 0 746 250 5 18 2 2 2 1 0 2 1 0 0
341 190 2 4 1 0 0 0 0 0 0 0 0 802 271 5 20 2 2 2 1 0 2 1 0 0
369 194 2 4 1 0 0 0 0 0 0 0 0 807 285 5 20 2 2 3 1 0 2 1 0 0
401 204 2 4 1 0 0 0 0 0 0 0 0 846 296 5 21 2 2 3 1 0 2 1 0 0
419 208 3 5 1 0 0 0 0 0 0 0 0 850 301 5 21 2 2 3 1 0 2 1 0 0
440 215 3 5 1 0 0 0 0 0 0 0 0 871 306 5 22 2 2 3 1 0 2 1 0 0
450 225 3 5 1 0 0 0 0 0 0 0 0 878 309 5 22 2 2 3 1 0 2 1 0 0
454 236 3 6 1 0 0 0 0 0 0 0 0 906 312 5 23 2 2 3 1 0 2 1 0 0
475 251 3 6 1 0 0 0 0 0 0 0 0 909 319 5 23 2 2 3 1 0 2 1 0 0
510 258 3 7 1 0 1 0 0 0 0 0 0 914 323 6 23 3 2 3 1 0 2 1 0 0
529 263 3 7 1 0 1 0 0 0 0 0 0 957 332 6 24 3 2 4 1 0 2 1 0 0
