# scores for worst/random/best/smart move selector strategies. 
# scores are 50% and 95% quantiles (based on 40 games) of: 
# game score, #destroyed, #unlocked, #stripes, #bombs, #zappers
3 3 0 0 0 0 0 0 0 0 0 0 0 9 9 0 0 0 0 0 0 0 0 0 0 0
6 6 0 0 0 0 0 0 0 0 0 0 0 13 13 0 0 0 0 0 0 0 0 0 0 0
10 10 0 0 0 0 0 0 0 0 0 0 0 25 20 0 0 0 0 0 0 0 0 0 0 0
15 15 0 0 0 0 0 0 0 0 0 0 0 45 33 0 0 0 0 0 0 0 0 0 0 0
18 18 0 0 0 0 0 0 0 0 0 0 0 53 43 0 0 0 0 0 0 0 0 0 0 0
24 24 0 0 0 0 0 0 0 0 0 0 0 57 46 1 1 0 0 0 0 0 0 0 0 0
29 28 0 0 0 0 0 0 0 0 0 0 0 68 55 1 1 0 0 0 0 0 0 0 0 0
34 33 0 0 0 0 0 0 0 0 0 0 0 71 61 1 1 0 0 0 0 0 0 0 0 0
39 37 0 0 0 0 0 0 0 0 0 0 0 86 64 1 1 0 0 0 0 0 0 0 0 0
47 43 0 0 0 0 0 0 0 0 0 0 0 95 69 1 1 0 0 0 0 0 0 0 0 0
52 47 0 0 0 0 0 0 0 0 0 0 0 119 72 1 1 0 0 0 0 0 0 0 0 0
65 54 0 0 0 0 0 0 0 0 0 0 0 139 76 2 1 0 0 0 0 0 0 0 0 0
75 57 0 0 0 0 0 0 0 0 0 0 0 150 86 3 2 0 0 0 0 0 0 0 0 0
80 61 0 0 0 0 0 0 0 0 0 0 0 154 91 3 2 0 0 0 0 0 0 0 0 0
84 66 0 0 0 0 0 0 0 0 0 0 0 159 96 3 2 0 0 0 0 0 0 0 0 0
90 70 0 0 0 0 0 0 0 0 0 0 0 165 99 3 2 0 0 0 0 0 0 0 0 0
96 73 0 0 0 0 0 0 0 0 0 0 0 191 107 3 2 0 1 0 0 0 1 0 0 0
100 79 0 0 0 0 0 0 0 0 0 0 0 197 110 3 2 0 1 0 0 0 1 0 0 0
105 86 0 1 0 0 0 0 0 0 0 0 0 210 116 3 3 0 1 0 0 0 1 0 0 0
110 90 0 1 0 0 0 0 0 0 0 0 0 213 119 3 3 0 1 0 0 0 1 0 0 0
115 95 0 1 0 0 0 0 0 0 0 0 0 216 124 3 3 0 1 0 0 0 1 0 0 0
120 98 0 1 0 0 0 0 0 0 0 0 0 230 131 3 3 1 1 0 0 0 1 0 0 0
139 104 0 1 0 0 0 0 0 0 0 0 0 237 139 4 3 1 1 0 0 0 1 0 0 0
142 107 0 1 0 0 0 0 0 0 0 0 0 240 142 4 3 1 1 0 0 0 1 0 0 0
145 113 0 1 0 0 0 0 0 0 0 0 0 253 150 4 3 1 1 0 0 0 1 0 0 0
149 116 0 1 0 0 0 0 0 0 0 0 0 256 154 4 3 1 1 0 0 0 1 0 0 0
160 125 0 1 0 0 0 0 0 0 0 0 0 261 160 4 4 1 1 0 0 0 1 0 0 0
171 130 0 1 0 0 0 0 0 0 0 0 0 265 163 4 4 1 1 0 0 0 1 0 0 0
175 134 0 1 0 0 0 0 0 0 0 0 0 270 166 4 4 1 1 1 0 0 1 0 0 0
178 138 0 1 0 0 0 0 0 0 0 0 0 286 172 4 4 1 1 1 0 0 1 0 0 0
185 141 0 1 0 0 0 0 0 0 0 0 0 289 178 4 4 1 1 1 0 0 1 0 0 0
196 146 0 1 0 0 0 0 0 0 0 0 0 294 181 4 4 1 1 1 0 0 1 0 0 0
200 153 0 2 0 0 0 0 0 0 0 0 0 345 188 4 4 1 1 1 0 0 1 0 0 0
216 163 0 2 0 0 0 0 0 0 0 0 0 350 201 4 5 1 1 1 0 0 1 0 0 0
232 168 0 2 0 0 0 0 0 0 0 0 0 354 205 4 5 1 1 1 0 0 1 0 0 0
239 172 1 2 0 0 0 0 0 0 0 0 0 364 211 4 5 2 1 1 0 0 1 0 0 0
244 175 1 2 0 0 0 0 0 0 0 0 0 367 215 4 5 2 1 1 0 0 1 0 0 0
252 181 1 2 0 0 0 0 0 0 0 0 0 373 223 4 5 2 1 1 0 0 1 0 0 0
259 189 1 2 0 0 0 0 0 0 0 0 0 376 229 4 5 2 1 1 0 0 1 0 0 0
269 193 1 2 0 0 0 0 0 0 0 0 0 379 233 4 5 2 1 1 0 0 1 0 0 0
280 198 1 2 0 0 0 0 0 0 0 0 0 430 238 5 5 2 1 1 1 0 1 0 0 0
