# scores for worst/random/best/smart move selector strategies. 
# scores are 50% and 95% quantiles (based on 40 games) of: 
# game score, #destroyed, #unlocked, #stripes, #bombs, #zappers
3 3 0 0 0 0 0 0 0 0 0 0 0 9 9 0 0 0 0 0 0 0 0 0 0 0
7 7 0 0 0 0 0 0 0 0 0 0 0 15 15 0 0 0 0 0 0 0 0 0 0 0
12 12 0 0 0 0 0 0 0 0 0 0 0 39 22 0 0 0 0 0 0 0 0 0 0 0
20 20 0 0 0 0 0 0 0 0 0 0 0 79 34 2 1 0 0 0 0 0 0 0 0 0
26 25 0 0 0 0 0 0 0 0 0 0 0 90 42 2 2 0 0 0 0 0 0 0 0 0
34 32 0 0 0 0 0 0 0 0 0 0 0 95 49 2 2 0 0 0 0 0 0 0 0 0
64 41 0 0 0 0 0 0 0 0 0 0 0 141 58 2 2 1 1 1 0 0 1 0 0 0
69 49 0 0 0 0 0 0 0 0 0 0 0 164 70 3 3 1 1 1 0 0 1 0 0 0
81 58 0 1 0 0 0 0 0 0 0 0 0 220 87 3 4 1 1 1 0 0 1 0 0 0
105 64 0 1 0 0 0 0 0 0 0 0 0 228 101 3 4 1 1 1 0 0 1 0 0 0
133 70 0 1 0 0 0 0 0 0 0 0 0 263 116 5 5 1 1 1 0 0 1 0 0 0
149 81 0 1 0 0 0 0 0 0 0 0 0 275 124 6 5 1 1 1 1 0 1 0 0 0
171 93 0 1 0 0 0 0 0 0 0 0 0 282 139 10 5 1 1 1 1 0 1 0 0 0
199 101 1 2 0 0 0 0 0 0 0 0 0 332 155 10 5 1 1 1 1 0 1 0 0 0
220 108 1 2 0 0 0 0 0 0 0 0 0 338 160 10 5 1 1 1 1 0 1 0 0 0
233 120 1 2 0 0 0 0 0 0 0 0 0 395 174 12 6 2 1 1 1 0 1 0 0 0
260 128 1 2 1 0 0 0 0 0 0 0 0 443 191 12 7 2 2 1 1 0 2 0 0 0
279 135 1 3 1 0 0 0 0 0 0 0 0 473 206 12 7 2 2 1 1 0 2 0 0 0
298 145 2 4 1 0 0 0 0 0 0 0 0 520 213 12 7 2 2 1 1 0 2 0 0 0
345 158 2 4 1 0 0 0 0 0 0 0 0 626 228 12 8 3 3 1 1 0 3 0 0 0
368 165 2 4 1 1 1 0 0 0 0 0 0 659 241 12 9 3 3 2 1 0 3 0 0 0
383 173 2 4 1 1 1 0 0 1 0 0 0 727 257 12 9 3 3 2 1 0 3 0 0 0
426 185 2 5 1 1 1 0 0 1 0 0 0 821 274 12 9 3 3 2 1 0 3 0 0 0
446 193 2 6 1 1 1 0 0 1 0 0 0 826 279 12 10 3 3 2 1 0 3 0 0 0
467 203 2 6 1 1 1 0 0 1 0 0 0 833 292 12 10 3 4 2 1 0 4 0 0 0
485 212 2 6 1 1 1 0 0 1 0 0 0 896 306 12 11 3 4 2 1 0 4 0 0 0
502 231 2 7 1 1 1 0 0 1 0 0 0 912 317 12 11 3 4 2 1 0 4 0 0 0
531 245 2 7 1 1 1 0 0 1 0 0 0 917 328 12 11 3 4 2 1 0 4 0 0 0
561 255 2 7 1 1 1 0 0 1 0 0 0 934 350 12 11 4 4 2 1 0 4 0 0 0
577 264 3 8 1 1 1 0 0 1 0 0 0 1131 362 12 16 4 4 2 1 0 4 1 0 0
609 270 3 8 1 1 1 0 0 1 0 0 0 1137 367 12 16 4 4 2 1 0 4 1 0 0
639 288 3 8 2 1 1 0 0 1 0 0 0 1217 385 12 21 4 4 2 1 0 4 1 0 0
680 300 3 9 2 1 1 0 0 1 0 0 0 1276 401 12 21 4 4 3 1 0 4 1 0 0
718 316 3 9 2 1 1 0 0 1 0 0 0 1287 421 12 21 5 4 3 1 0 4 1 0 0
733 325 3 10 2 2 1 0 0 1 0 0 0 1311 431 12 22 8 4 3 1 0 4 1 0 0
761 334 3 10 2 2 1 0 0 2 0 0 0 1323 437 12 22 8 4 3 2 0 4 1 0 0
782 346 3 11 2 2 1 0 0 2 0 0 0 1355 442 12 22 8 4 3 2 0 4 1 0 0
803 357 3 11 2 2 1 0 0 2 0 0 0 1407 448 12 22 8 4 3 2 0 4 1 0 0
824 364 3 11 2 2 1 0 0 2 0 0 0 1426 458 12 22 8 4 3 2 0 4 1 0 0
846 371 3 12 2 2 2 1 0 2 0 0 0 1476 475 13 23 9 5 3 2 0 5 1 0 0
889 382 3 13 2 2 2 1 0 2 0 0 0 1532 491 13 23 9 5 3 2 0 5 1 0 0
