# scores for worst/random/best/smart move selector strategies. 
# scores are 50% and 95% quantiles (based on 40 games) of: 
# game score, #destroyed, #unlocked, #stripes, #bombs, #zappers
3 3 0 0 0 0 0 0 0 0 0 0 0 9 9 0 0 0 0 0 0 0 0 0 0 0
6 6 0 0 0 0 0 0 0 0 0 0 0 20 20 0 0 0 0 0 0 0 0 0 0 0
9 9 0 0 0 0 0 0 0 0 0 0 0 24 24 0 0 0 0 0 0 0 0 0 0 0
12 12 0 0 0 0 0 0 0 0 0 0 0 27 27 0 0 0 0 0 0 0 0 0 0 0
18 18 0 0 0 0 0 0 0 0 0 0 0 34 34 0 0 0 0 0 0 0 0 0 0 0
21 21 0 0 0 0 0 0 0 0 0 0 0 40 37 0 0 0 0 0 0 0 0 0 0 0
25 25 0 0 0 0 0 0 0 0 0 0 0 45 43 0 0 0 0 0 0 0 0 0 0 0
31 31 0 0 0 0 0 0 0 0 0 0 0 51 46 0 0 0 0 0 0 0 0 0 0 0
36 36 0 0 0 0 0 0 0 0 0 0 0 56 49 0 0 0 0 0 0 0 0 0 0 0
39 39 0 0 0 0 0 0 0 0 0 0 0 67 54 0 1 0 0 0 0 0 0 0 0 0
45 45 0 0 0 0 0 0 0 0 0 0 0 77 57 0 1 0 0 0 0 0 0 0 0 0
48 48 0 0 0 0 0 0 0 0 0 0 0 82 60 0 1 0 0 0 0 0 0 0 0 0
53 53 0 0 0 0 0 0 0 0 0 0 0 106 71 1 1 1 0 0 0 0 0 0 0 0
57 57 0 0 0 0 0 0 0 0 0 0 0 109 74 1 1 1 0 0 0 0 0 0 0 0
63 63 0 0 0 0 0 0 0 0 0 0 0 115 79 1 1 1 0 0 0 0 0 0 0 0
66 66 0 0 0 0 0 0 0 0 0 0 0 121 87 1 1 1 0 0 0 0 0 0 0 0
72 71 0 0 0 0 0 0 0 0 0 0 0 126 90 1 1 1 0 0 0 0 0 0 0 0
75 75 0 0 0 0 0 0 0 0 0 0 0 133 96 1 1 1 0 0 0 0 0 0 0 0
84 80 0 0 0 0 0 0 0 0 0 0 0 136 100 1 1 1 0 0 0 0 0 0 0 0
87 87 0 0 0 0 0 0 0 0 0 0 0 139 103 1 1 1 0 0 0 0 0 0 0 0
93 90 0 0 0 0 0 0 0 0 0 0 0 142 108 1 1 1 0 0 0 0 0 0 0 0
96 94 0 0 0 0 0 0 0 0 0 0 0 145 114 1 1 1 0 0 0 0 0 0 0 0
99 97 0 0 0 0 0 0 0 0 0 0 0 149 119 1 1 1 0 0 0 0 0 0 0 0
103 102 0 0 0 0 0 0 0 0 0 0 0 171 127 1 1 1 0 0 0 0 0 0 0 0
108 106 0 0 0 0 0 0 0 0 0 0 0 180 130 1 1 1 0 0 0 0 0 0 0 0
114 112 0 0 0 0 0 0 0 0 0 0 0 189 133 1 1 1 0 0 0 0 0 0 0 0
120 117 0 0 0 0 0 0 0 0 0 0 0 196 137 1 1 1 0 0 0 0 0 0 0 0
125 121 0 0 0 0 0 0 0 0 0 0 0 202 142 1 1 1 0 0 0 0 0 0 0 0
132 126 0 0 0 0 0 0 0 0 0 0 0 205 148 3 1 1 0 0 0 0 0 0 0 0
136 132 0 0 0 0 0 0 0 0 0 0 0 237 154 3 1 1 0 0 0 0 0 0 0 0
143 136 0 0 0 0 0 0 0 0 0 0 0 240 157 3 1 1 0 0 0 0 0 0 0 0
146 139 0 0 0 0 0 0 0 0 0 0 0 245 161 3 2 1 0 0 0 0 0 0 0 0
154 144 0 0 0 0 0 0 0 0 0 0 0 248 169 3 2 1 0 0 0 0 0 0 0 0
158 147 0 0 0 0 0 0 0 0 0 0 0 257 174 3 2 1 0 0 0 0 0 0 0 0
166 152 0 0 0 0 0 0 0 0 0 0 0 260 178 3 2 1 0 0 0 0 0 0 0 0
171 155 0 1 0 0 0 0 0 0 0 0 0 269 185 3 2 1 0 0 0 0 0 0 0 0
174 160 0 1 0 0 0 0 0 0 0 0 0 288 191 3 2 1 0 0 0 0 0 0 0 0
177 163 0 1 0 0 0 0 0 0 0 0 0 292 195 3 2 1 0 0 0 0 0 0 0 0
180 167 0 1 0 0 0 0 0 0 0 0 0 297 201 3 2 1 0 0 0 0 0 0 0 0
183 171 0 1 0 0 0 0 0 0 0 0 0 302 210 3 2 1 0 0 0 0 0 0 0 0
192 175 0 1 0 0 0 0 0 0 0 0 0 305 213 3 2 1 0 0 0 0 0 0 0 0
