# scores for worst/random/best/smart move selector strategies. 
# scores are 50% and 95% quantiles (based on 40 games) of: 
# game score, #destroyed, #unlocked, #stripes, #bombs, #zappers
0 0 0 0 0 0 0 0 0 0 0 0 0 6 6 0 0 0 0 0 0 0 0 0 0 0
4 4 0 0 0 0 0 0 0 0 0 0 0 9 9 0 0 0 0 0 0 0 0 0 0 0
9 9 0 0 0 0 0 0 0 0 0 0 0 26 19 0 0 0 0 0 0 0 0 0 0 0
14 14 0 0 0 0 0 0 0 0 0 0 0 54 24 0 0 0 0 0 0 0 0 0 0 0
19 19 0 0 0 0 0 0 0 0 0 0 0 70 36 0 0 0 1 0 0 0 1 0 0 0
24 24 0 0 0 0 0 0 0 0 0 0 0 81 42 0 0 0 1 0 0 0 1 0 0 0
30 29 0 0 0 0 0 0 0 0 0 0 0 88 49 0 0 0 1 0 0 0 1 0 0 0
35 34 0 0 0 0 0 0 0 0 0 0 0 94 57 0 1 0 1 0 0 0 1 0 0 0
39 38 0 0 0 0 0 0 0 0 0 0 0 116 64 1 1 0 1 0 0 0 1 0 0 0
43 42 0 0 0 0 0 0 0 0 0 0 0 124 67 1 1 0 1 0 0 0 1 0 0 0
49 47 0 0 0 0 0 0 0 0 0 0 0 131 72 2 1 1 1 0 0 0 1 0 0 0
56 51 0 0 0 0 0 0 0 0 0 0 0 136 77 2 1 1 1 0 0 0 1 0 0 0
65 57 0 0 0 0 0 0 0 0 0 0 0 147 80 2 1 1 1 0 0 0 1 0 0 0
74 61 0 0 0 0 0 0 0 0 0 0 0 163 85 2 1 1 1 0 0 0 1 0 0 0
78 66 0 0 0 0 0 0 0 0 0 0 0 166 94 2 2 1 1 0 0 0 1 0 0 0
87 69 0 0 0 0 0 0 0 0 0 0 0 170 98 2 2 1 1 0 0 0 1 0 0 0
93 75 0 0 0 0 0 0 0 0 0 0 0 177 101 2 2 1 1 0 0 0 1 0 0 0
97 79 0 0 0 0 0 0 0 0 0 0 0 183 111 2 2 1 1 0 0 0 1 0 0 0
129 86 0 0 0 0 0 0 0 0 0 0 0 189 115 2 2 1 1 0 0 0 1 0 0 0
132 90 0 0 0 0 0 0 0 0 0 0 0 192 118 2 3 1 1 0 0 0 1 0 0 0
144 97 0 0 0 0 0 0 0 0 0 0 0 195 121 2 3 1 1 0 0 0 1 0 0 0
148 103 0 1 0 0 0 0 0 0 0 0 0 227 125 2 3 1 1 0 0 0 1 0 0 0
152 106 0 1 0 0 0 0 0 0 0 0 0 233 130 2 3 1 1 0 0 0 1 0 0 0
166 116 0 1 0 0 0 0 0 0 0 0 0 265 144 3 3 1 1 1 0 0 1 0 0 0
170 120 0 1 0 0 0 0 0 0 0 0 0 272 153 3 3 1 1 1 0 0 1 0 0 0
173 124 0 1 0 0 0 0 0 0 0 0 0 278 156 3 3 1 1 1 0 0 1 0 0 0
182 128 0 1 0 0 0 0 0 0 0 0 0 315 173 3 4 1 1 1 0 0 1 0 0 0
192 135 0 1 0 0 0 0 0 0 0 0 0 330 179 3 5 1 1 1 0 0 1 0 0 0
205 138 0 1 0 0 0 0 0 0 0 0 0 333 185 3 5 1 1 1 0 0 1 0 0 0
220 144 0 2 0 0 0 0 0 0 0 0 0 336 188 3 5 1 1 1 0 0 1 0 0 0
224 149 0 2 0 0 0 0 0 0 0 0 0 340 191 3 5 1 1 1 0 0 1 0 0 0
234 153 0 2 0 0 0 0 0 0 0 0 0 384 199 3 6 1 1 1 0 0 1 0 0 0
252 158 1 2 0 0 0 0 0 0 0 0 0 414 205 3 6 1 1 1 0 0 1 0 0 0
255 162 1 2 0 0 0 0 0 0 0 0 0 418 208 3 6 1 1 1 0 0 1 0 0 0
263 166 1 2 0 0 0 0 0 0 0 0 0 421 213 3 6 1 1 1 0 0 1 0 0 0
286 177 1 2 0 0 0 0 0 0 0 0 0 431 220 3 7 1 2 1 0 0 1 0 0 0
314 181 1 3 0 0 0 0 0 0 0 0 0 436 225 3 7 1 2 1 0 0 1 0 0 0
318 185 1 4 0 0 0 0 0 0 0 0 0 457 232 3 7 1 2 1 0 0 1 0 0 0
323 191 1 4 0 0 0 0 0 0 0 0 0 466 240 3 8 1 2 1 0 0 1 0 0 0
333 195 1 4 0 0 0 0 0 0 0 0 0 470 245 3 8 1 2 2 0 0 1 0 0 0
336 200 1 4 0 0 0 0 0 0 0 0 0 536 255 3 8 1 2 2 0 0 1 0 0 0
