# scores for worst/random/best/smart move selector strategies. 
# scores are 50% and 95% quantiles (based on 40 games) of: 
# game score, #destroyed, #unlocked, #stripes, #bombs, #zappers
0 0 0 0 0 0 0 0 0 0 0 0 0 6 6 0 0 0 0 0 0 0 0 0 0 0
6 6 0 0 0 0 0 0 0 0 0 0 0 10 10 0 0 0 0 0 0 0 0 0 0 0
9 9 0 0 0 0 0 0 0 0 0 0 0 19 19 0 0 0 0 0 0 0 0 0 0 0
12 12 0 0 0 0 0 0 0 0 0 0 0 25 25 0 0 0 0 0 0 0 0 0 0 0
15 15 0 0 0 0 0 0 0 0 0 0 0 31 31 0 0 0 0 0 0 0 0 0 0 0
21 21 0 0 0 0 0 0 0 0 0 0 0 48 37 0 0 0 0 0 0 0 0 0 0 0
25 25 0 0 0 0 0 0 0 0 0 0 0 54 43 0 0 0 0 0 0 0 0 0 0 0
30 30 0 0 0 0 0 0 0 0 0 0 0 81 46 0 0 0 0 0 0 0 0 0 0 0
36 36 0 0 0 0 0 0 0 0 0 0 0 96 51 0 1 0 0 0 0 0 0 0 0 0
40 40 0 0 0 0 0 0 0 0 0 0 0 118 64 0 1 0 0 0 0 0 0 0 0 0
46 45 0 0 0 0 0 0 0 0 0 0 0 123 68 0 1 0 1 0 0 0 1 0 0 0
51 50 0 0 0 0 0 0 0 0 0 0 0 127 71 0 1 0 1 0 0 0 1 0 0 0
55 53 0 0 0 0 0 0 0 0 0 0 0 134 81 0 1 0 1 0 0 0 1 0 0 0
63 59 0 0 0 0 0 0 0 0 0 0 0 137 84 0 1 0 1 0 0 0 1 0 0 0
66 65 0 0 0 0 0 0 0 0 0 0 0 140 87 0 2 0 1 0 0 0 1 0 0 0
70 68 0 0 0 0 0 0 0 0 0 0 0 154 90 0 2 0 1 0 0 0 1 0 0 0
79 72 0 0 0 0 0 0 0 0 0 0 0 157 93 0 2 0 1 0 0 0 1 0 0 0
82 76 0 0 0 0 0 0 0 0 0 0 0 161 96 0 2 0 1 0 0 0 1 0 0 0
87 81 0 0 0 0 0 0 0 0 0 0 0 178 101 0 2 0 1 0 0 0 1 0 0 0
93 85 0 0 0 0 0 0 0 0 0 0 0 183 104 0 2 0 1 0 0 0 1 0 0 0
96 88 0 0 0 0 0 0 0 0 0 0 0 195 110 1 2 0 1 0 0 0 1 0 0 0
102 93 0 0 0 0 0 0 0 0 0 0 0 198 123 1 2 1 1 0 0 0 1 0 0 0
105 96 0 0 0 0 0 0 0 0 0 0 0 201 126 1 2 1 1 0 0 0 1 0 0 0
110 100 0 0 0 0 0 0 0 0 0 0 0 204 129 1 2 1 1 0 0 0 1 0 0 0
114 103 0 0 0 0 0 0 0 0 0 0 0 209 135 1 2 1 1 0 0 0 1 0 0 0
118 107 0 0 0 0 0 0 0 0 0 0 0 212 139 1 2 1 1 0 0 0 1 0 0 0
122 113 0 0 0 0 0 0 0 0 0 0 0 220 143 2 2 1 1 0 0 0 1 0 0 0
126 116 0 0 0 0 0 0 0 0 0 0 0 223 149 2 2 1 1 0 0 0 1 0 0 0
137 120 0 0 0 0 0 0 0 0 0 0 0 227 152 4 2 1 1 0 0 0 1 0 0 0
145 125 0 1 0 0 0 0 0 0 0 0 0 244 159 4 2 1 1 0 0 0 1 0 0 0
154 129 0 1 0 0 0 0 0 0 0 0 0 247 162 4 2 1 1 0 0 0 1 0 0 0
157 132 0 1 0 0 0 0 0 0 0 0 0 266 166 4 2 1 1 0 0 0 1 0 0 0
163 135 0 1 0 0 0 0 0 0 0 0 0 269 170 4 3 1 1 0 0 0 1 0 0 0
171 142 0 1 0 0 0 0 0 0 0 0 0 273 174 4 3 1 1 0 0 0 1 0 0 0
177 146 0 1 0 0 0 0 0 0 0 0 0 285 184 4 4 1 1 0 0 0 1 0 0 0
180 149 0 1 0 0 0 0 0 0 0 0 0 290 187 4 4 1 1 0 0 0 1 0 0 0
186 154 0 1 0 0 0 0 0 0 0 0 0 293 190 4 4 1 1 0 0 0 1 0 0 0
192 157 0 1 0 0 0 0 0 0 0 0 0 302 198 4 4 1 1 0 0 0 1 0 0 0
195 161 0 1 0 0 0 0 0 0 0 0 0 344 204 4 4 1 1 0 0 0 1 0 0 0
199 164 0 1 0 0 0 0 0 0 0 0 0 347 207 4 4 1 1 0 0 0 1 0 0 0
204 167 0 1 0 0 0 0 0 0 0 0 0 350 210 4 4 1 1 0 0 0 1 0 0 0
