# scores for worst/random/best/smart move selector strategies. 
# scores are 50% and 95% quantiles (based on 40 games) of: 
# game score, #destroyed, #unlocked, #stripes, #bombs, #zappers
0 0 0 0 0 0 0 0 0 0 0 0 0 6 6 0 0 0 0 0 0 0 0 0 0 0
3 3 0 0 0 0 0 0 0 0 0 0 0 10 10 0 0 0 0 0 0 0 0 0 0 0
9 9 0 0 0 0 0 0 0 0 0 0 0 17 17 0 0 0 0 0 0 0 0 0 0 0
12 12 0 0 0 0 0 0 0 0 0 0 0 22 22 0 0 0 0 0 0 0 0 0 0 0
15 15 0 0 0 0 0 0 0 0 0 0 0 27 26 0 0 0 0 0 0 0 0 0 0 0
21 21 0 0 0 0 0 0 0 0 0 0 0 33 33 0 0 0 0 0 0 0 0 0 0 0
24 24 0 0 0 0 0 0 0 0 0 0 0 44 41 0 0 0 0 0 0 0 0 0 0 0
30 30 0 0 0 0 0 0 0 0 0 0 0 49 45 0 0 0 0 0 0 0 0 0 0 0
33 33 0 0 0 0 0 0 0 0 0 0 0 57 54 0 0 0 0 0 0 0 0 0 0 0
37 37 0 0 0 0 0 0 0 0 0 0 0 60 57 0 0 0 0 0 0 0 0 0 0 0
42 42 0 0 0 0 0 0 0 0 0 0 0 66 60 0 0 0 0 0 0 0 0 0 0 0
47 47 0 0 0 0 0 0 0 0 0 0 0 82 67 0 0 0 0 0 0 0 0 0 0 0
51 51 0 0 0 0 0 0 0 0 0 0 0 89 70 0 1 0 0 0 0 0 0 0 0 0
56 54 0 0 0 0 0 0 0 0 0 0 0 102 75 1 1 0 0 0 0 0 0 0 0 0
63 62 0 0 0 0 0 0 0 0 0 0 0 106 78 1 1 0 0 0 0 0 0 0 0 0
69 66 0 0 0 0 0 0 0 0 0 0 0 109 81 2 1 0 0 0 0 0 0 0 0 0
73 72 0 0 0 0 0 0 0 0 0 0 0 114 87 2 1 0 0 0 0 0 0 0 0 0
77 76 0 0 0 0 0 0 0 0 0 0 0 117 90 2 1 0 0 0 0 0 0 0 0 0
80 79 0 0 0 0 0 0 0 0 0 0 0 120 93 2 1 0 0 0 0 0 0 0 0 0
83 82 0 0 0 0 0 0 0 0 0 0 0 134 100 2 1 0 0 0 0 0 0 0 0 0
88 87 0 0 0 0 0 0 0 0 0 0 0 143 104 2 1 1 0 0 0 0 0 0 0 0
92 91 0 0 0 0 0 0 0 0 0 0 0 146 107 2 1 1 0 0 0 0 0 0 0 0
97 97 0 0 0 0 0 0 0 0 0 0 0 150 111 2 1 1 0 0 0 0 0 0 0 0
100 100 0 0 0 0 0 0 0 0 0 0 0 155 116 3 1 1 0 0 0 0 0 0 0 0
106 105 0 0 0 0 0 0 0 0 0 0 0 159 119 3 1 1 0 0 0 0 0 0 0 0
112 109 0 0 0 0 0 0 0 0 0 0 0 182 125 3 1 1 0 0 0 0 0 0 0 0
115 112 0 0 0 0 0 0 0 0 0 0 0 201 131 3 1 1 0 0 0 0 0 0 0 0
120 115 0 0 0 0 0 0 0 0 0 0 0 204 134 3 1 1 0 0 0 0 0 0 0 0
123 119 0 0 0 0 0 0 0 0 0 0 0 210 140 3 1 1 0 0 0 0 0 0 0 0
127 123 0 0 0 0 0 0 0 0 0 0 0 213 143 3 1 1 0 0 0 0 0 0 0 0
131 126 0 0 0 0 0 0 0 0 0 0 0 221 152 3 1 1 0 0 0 0 0 0 0 0
134 130 0 0 0 0 0 0 0 0 0 0 0 224 155 3 1 1 0 0 0 0 0 0 0 0
142 135 0 0 0 0 0 0 0 0 0 0 0 228 159 3 1 1 0 0 0 0 0 0 0 0
150 138 0 0 0 0 0 0 0 0 0 0 0 232 162 3 1 1 0 0 0 0 0 0 0 0
157 142 0 0 0 0 0 0 0 0 0 0 0 235 165 3 1 1 0 0 0 0 0 0 0 0
160 145 0 0 0 0 0 0 0 0 0 0 0 241 171 3 1 1 0 0 0 0 0 0 0 0
165 148 0 0 0 0 0 0 0 0 0 0 0 244 176 3 1 1 0 0 0 0 0 0 0 0
168 152 0 0 0 0 0 0 0 0 0 0 0 249 179 3 2 1 0 0 0 0 0 0 0 0
171 156 0 0 0 0 0 0 0 0 0 0 0 252 182 3 2 1 0 0 0 0 0 0 0 0
176 163 0 0 0 0 0 0 0 0 0 0 0 257 191 3 2 1 0 0 0 0 0 0 0 0
180 170 0 0 0 0 0 0 0 0 0 0 0 260 196 3 2 1 0 0 0 0 0 0 0 0
