# scores for worst/random/best/smart move selector strategies. 
# scores are 50% and 95% quantiles (based on 40 games) of: 
# game score, #destroyed, #unlocked, #stripes, #bombs, #zappers
3 3 0 0 0 0 0 0 0 0 0 0 0 11 11 0 0 0 0 0 0 0 0 0 0 0
9 9 0 0 0 0 0 0 0 0 0 0 0 43 21 0 0 0 0 0 0 0 0 0 0 0
13 13 0 0 0 0 0 0 0 0 0 0 0 78 38 3 1 0 0 0 0 0 0 0 0 0
20 19 0 0 0 0 0 0 0 0 0 0 0 101 48 4 2 0 0 0 0 0 0 0 0 0
24 23 0 0 0 0 0 0 0 0 0 0 0 105 53 4 2 0 0 0 0 0 0 0 0 0
28 27 0 0 0 0 0 0 0 0 0 0 0 113 61 4 2 0 1 0 0 0 1 0 0 0
37 32 0 0 0 0 0 0 0 0 0 0 0 120 69 4 2 0 1 0 0 0 1 0 0 0
55 39 0 0 0 0 0 0 0 0 0 0 0 138 79 6 2 0 1 1 0 0 1 0 0 0
69 45 0 0 0 0 0 0 0 0 0 0 0 152 88 6 2 0 1 1 0 0 1 0 0 0
79 51 1 1 0 0 0 0 0 0 0 0 0 161 94 6 2 0 1 1 0 0 1 0 0 0
88 58 2 1 0 0 0 0 0 0 0 0 0 240 108 8 4 1 1 1 0 0 1 0 0 0
99 63 2 1 0 0 0 0 0 0 0 0 0 247 113 8 4 1 1 1 0 0 1 0 0 0
115 70 2 2 0 0 0 0 0 0 0 0 0 270 124 8 4 1 1 1 0 0 1 0 0 0
132 75 3 2 0 0 0 0 0 0 0 0 0 291 135 8 4 1 1 1 0 0 1 0 0 0
144 82 3 2 0 0 0 0 0 0 0 0 0 329 140 9 5 1 1 1 0 0 1 0 0 0
177 92 3 3 0 0 0 0 0 0 0 0 0 404 158 9 7 1 1 2 1 0 1 0 0 0
185 104 3 3 0 0 0 0 0 0 0 0 0 410 161 10 7 1 1 2 1 0 1 0 0 0
195 112 4 3 0 0 0 0 0 0 0 0 0 449 168 10 7 1 1 2 1 0 1 0 0 0
221 120 4 3 0 0 0 0 0 0 0 0 0 476 173 10 7 1 1 2 1 0 1 0 0 0
233 126 4 3 0 0 0 0 0 0 0 0 0 485 185 11 7 1 1 2 1 0 1 0 0 0
247 133 5 3 0 0 0 0 0 0 0 0 0 511 188 11 7 1 1 2 1 0 1 0 0 0
255 141 6 3 0 0 0 0 0 0 0 0 0 547 194 11 8 1 1 2 1 0 1 0 0 0
262 145 6 3 0 0 0 0 0 0 0 0 0 585 203 11 8 1 1 2 1 0 1 0 0 0
287 152 6 4 0 0 0 0 0 0 0 0 0 595 220 13 9 2 2 2 1 0 1 0 0 0
311 157 6 4 1 0 0 0 0 0 0 0 0 647 225 14 11 2 2 2 1 0 2 0 0 0
318 165 6 4 1 0 0 0 0 0 0 0 0 655 249 14 11 2 2 2 1 0 2 0 0 0
348 172 6 5 1 0 0 0 0 0 0 0 0 675 266 14 11 2 2 2 1 0 2 0 0 0
362 181 6 5 1 0 0 0 0 0 0 0 0 691 277 14 11 2 2 2 1 0 2 0 0 0
375 187 7 5 1 0 0 0 0 0 0 0 0 699 291 14 12 2 2 2 1 0 2 0 0 0
401 193 7 6 1 0 0 0 0 0 0 0 0 704 299 14 12 2 2 2 1 0 2 1 0 0
431 215 7 6 1 0 0 0 0 0 0 0 0 708 303 16 12 2 2 2 1 0 2 1 0 0
461 227 7 6 1 0 0 0 0 0 0 0 0 780 310 17 13 3 2 2 1 0 2 1 0 0
476 234 7 7 1 0 1 0 0 0 0 0 0 785 316 17 13 3 2 2 1 0 2 1 0 0
483 237 7 7 1 0 1 0 0 0 0 0 0 794 319 17 14 3 2 2 1 0 2 1 0 0
491 241 7 7 1 0 1 0 0 0 0 0 0 798 324 17 14 3 2 2 1 1 2 1 0 0
509 246 7 7 1 0 1 0 0 0 0 0 0 808 337 17 15 3 2 2 1 1 2 1 0 0
540 253 8 8 1 1 1 0 0 0 0 0 0 837 350 17 15 4 2 2 1 1 2 1 0 0
553 264 8 8 1 1 1 0 0 1 0 0 0 841 353 17 15 4 2 2 1 1 2 1 0 0
558 268 8 8 1 1 1 0 0 1 0 0 0 848 361 17 15 4 2 2 1 1 2 1 0 0
579 279 8 8 1 1 1 0 0 1 0 0 0 1020 372 17 17 4 2 2 1 1 2 1 0 0
593 286 8 9 1 1 1 0 0 1 0 0 0 1134 387 17 20 4 3 3 1 1 2 1 0 0
