# scores for worst/random/best/smart move selector strategies. 
# scores are 50% and 95% quantiles (based on 40 games) of: 
# game score, #destroyed, #unlocked, #stripes, #bombs, #zappers
3 3 0 0 0 0 0 0 0 0 0 0 0 11 11 0 0 0 0 0 0 0 0 0 0 0
9 9 0 0 0 0 0 0 0 0 0 0 0 52 21 0 0 0 0 0 0 0 0 0 0 0
15 15 0 0 0 0 0 0 0 0 0 0 0 81 31 3 1 0 0 0 0 0 0 0 0 0
21 21 0 0 0 0 0 0 0 0 0 0 0 112 55 13 2 1 0 0 1 0 0 0 0 0
30 27 0 0 0 0 0 0 0 0 0 0 0 147 70 16 2 1 1 0 1 0 1 0 0 0
52 36 0 0 0 0 0 0 0 0 0 0 0 154 75 16 2 1 1 1 1 0 1 0 0 0
69 42 1 1 0 0 0 0 0 0 0 0 0 180 81 16 3 1 1 1 1 0 1 0 0 0
80 48 2 1 0 0 0 0 0 0 0 0 0 216 97 16 3 1 1 1 1 0 1 0 0 0
91 55 2 1 0 0 0 0 0 0 0 0 0 227 109 16 4 1 1 1 1 0 1 0 0 0
119 61 2 1 0 0 0 0 0 0 0 0 0 248 115 16 4 1 1 1 1 0 1 0 0 0
133 68 2 2 0 0 0 0 0 0 0 0 0 300 119 16 4 1 1 1 1 0 1 0 0 0
147 80 3 2 0 0 0 0 0 0 0 0 0 309 133 16 5 1 1 1 1 0 1 0 0 0
155 88 3 2 0 0 0 0 0 0 0 0 0 363 141 16 5 2 1 1 1 0 1 0 0 0
173 96 3 3 0 0 0 0 0 0 0 0 0 369 148 16 5 2 1 1 1 0 1 0 0 0
191 103 4 3 0 0 0 0 0 0 0 0 0 452 174 19 6 2 1 1 1 0 1 0 0 0
202 115 4 3 0 0 0 0 0 0 0 0 0 457 181 19 6 2 1 1 1 0 1 0 0 0
243 128 4 4 0 0 0 0 0 0 0 0 0 485 199 19 7 2 1 1 1 0 1 0 0 0
254 135 5 4 0 0 0 0 0 0 0 0 0 639 206 20 12 2 2 1 1 0 1 0 0 0
279 151 5 4 1 0 0 0 0 0 0 0 0 669 219 20 13 2 2 2 2 0 2 0 0 0
335 162 5 4 1 1 1 0 0 0 0 0 0 680 236 20 13 2 2 2 2 0 2 0 0 0
350 166 5 5 1 1 1 0 0 0 0 0 0 772 249 20 14 2 2 2 2 0 2 0 0 0
374 180 5 5 1 1 1 0 0 1 0 0 0 859 277 20 15 2 3 2 2 0 2 0 0 0
396 189 6 5 1 1 1 0 0 1 0 0 0 867 294 20 15 2 3 2 2 0 2 0 0 0
447 200 6 6 1 1 1 0 0 1 0 0 0 951 323 20 20 3 3 2 2 0 3 1 0 0
456 210 6 6 1 1 1 0 0 1 0 0 0 992 333 20 20 3 3 2 2 0 3 1 0 0
498 227 6 6 1 1 1 0 0 1 0 0 0 1016 339 20 21 4 3 2 2 0 3 1 0 0
528 235 6 7 1 1 1 0 0 1 0 0 0 1024 348 20 21 4 3 2 2 0 3 1 0 0
537 244 7 7 1 1 1 0 0 1 0 0 0 1093 362 20 21 5 4 2 2 0 3 1 0 0
548 256 7 7 1 1 1 0 0 1 0 0 0 1137 389 20 21 5 4 2 2 0 4 1 0 0
583 270 7 8 1 1 1 0 0 1 0 0 0 1156 393 20 21 5 4 2 2 0 4 1 0 0
611 277 7 8 1 1 1 0 0 1 0 0 0 1186 406 20 22 5 4 2 2 0 4 1 0 0
648 286 7 9 1 2 1 0 0 1 0 0 0 1191 419 20 22 5 4 2 2 0 4 1 0 0
665 300 7 9 1 2 1 0 0 1 0 0 0 1232 424 20 22 5 4 3 2 0 4 1 0 0
685 305 8 9 1 2 1 0 0 1 0 0 0 1279 431 20 23 5 4 3 2 0 4 1 0 0
708 319 8 9 2 2 1 0 0 1 0 0 0 1285 452 20 23 6 5 3 2 0 5 1 0 0
749 327 8 10 2 2 1 0 0 2 0 0 0 1291 472 20 24 6 5 3 2 0 5 1 0 0
772 334 8 10 2 2 1 0 0 2 0 0 0 1343 488 20 24 6 5 3 2 0 5 1 0 0
792 345 8 11 2 2 1 0 0 2 0 0 0 1350 504 20 24 6 5 3 2 0 5 1 0 0
811 355 8 11 2 2 1 0 0 2 0 0 0 1362 510 20 24 6 5 3 2 0 5 1 0 0
845 366 8 11 2 2 1 0 0 2 0 0 0 1443 527 20 24 6 5 3 2 0 5 1 0 0
862 375 8 12 2 2 1 0 0 2 0 0 0 1470 539 20 25 6 5 3 2 0 5 1 0 0
