# scores for worst/random/best/smart move selector strategies. 
# scores are 50% and 95% quantiles (based on 40 games) of: 
# game score, #destroyed, #unlocked, #stripes, #bombs, #zappers
3 3 0 0 0 0 0 0 0 0 0 0 0 11 11 0 0 0 0 0 0 0 0 0 0 0
8 8 0 0 0 0 0 0 0 0 0 0 0 16 16 0 0 0 0 0 0 0 0 0 0 0
12 12 0 0 0 0 0 0 0 0 0 0 0 22 22 0 0 0 0 0 0 0 0 0 0 0
18 18 0 0 0 0 0 0 0 0 0 0 0 29 29 0 0 0 0 0 0 0 0 0 0 0
21 21 0 0 0 0 0 0 0 0 0 0 0 45 36 0 0 0 0 0 0 0 0 0 0 0
25 24 0 0 0 0 0 0 0 0 0 0 0 50 42 0 0 0 0 0 0 0 0 0 0 0
31 30 0 0 0 0 0 0 0 0 0 0 0 66 49 1 1 0 0 0 0 0 0 0 0 0
36 35 0 0 0 0 0 0 0 0 0 0 0 71 54 1 1 0 0 0 0 0 0 0 0 0
39 39 0 0 0 0 0 0 0 0 0 0 0 82 60 1 1 0 0 0 0 0 0 0 0 0
42 42 0 0 0 0 0 0 0 0 0 0 0 85 63 1 1 0 0 0 0 0 0 0 0 0
48 47 0 0 0 0 0 0 0 0 0 0 0 93 69 1 1 0 0 0 0 0 0 0 0 0
54 54 0 0 0 0 0 0 0 0 0 0 0 105 80 2 1 0 0 0 0 0 0 0 0 0
61 57 0 0 0 0 0 0 0 0 0 0 0 108 83 2 1 1 0 0 0 0 0 0 0 0
68 63 0 0 0 0 0 0 0 0 0 0 0 111 86 2 1 1 0 0 0 0 0 0 0 0
71 66 0 0 0 0 0 0 0 0 0 0 0 157 94 3 1 1 0 0 0 0 0 0 0 0
76 71 0 0 0 0 0 0 0 0 0 0 0 172 104 3 1 1 0 0 0 0 0 0 0 0
79 75 0 0 0 0 0 0 0 0 0 0 0 179 108 3 1 1 0 0 0 0 0 0 0 0
85 79 0 0 0 0 0 0 0 0 0 0 0 188 111 3 1 1 0 0 0 0 0 0 0 0
94 84 0 0 0 0 0 0 0 0 0 0 0 191 114 3 1 1 0 0 0 0 0 0 0 0
101 87 0 0 0 0 0 0 0 0 0 0 0 194 118 3 1 1 0 0 0 0 0 0 0 0
104 93 0 0 0 0 0 0 0 0 0 0 0 201 125 3 1 1 0 0 0 0 0 0 0 0
108 96 0 0 0 0 0 0 0 0 0 0 0 214 134 4 1 1 0 0 0 0 0 0 0 0
111 99 0 0 0 0 0 0 0 0 0 0 0 220 139 4 2 1 0 0 0 0 0 0 0 0
121 104 0 0 0 0 0 0 0 0 0 0 0 226 147 4 2 1 0 0 0 0 0 0 0 0
126 109 0 0 0 0 0 0 0 0 0 0 0 229 150 4 2 1 0 0 0 0 0 0 0 0
129 114 0 0 0 0 0 0 0 0 0 0 0 245 156 4 2 1 0 0 0 0 0 0 0 0
132 119 0 0 0 0 0 0 0 0 0 0 0 250 162 4 2 1 0 0 0 0 0 0 0 0
139 127 0 0 0 0 0 0 0 0 0 0 0 253 167 4 2 1 0 0 0 0 0 0 0 0
142 130 0 0 0 0 0 0 0 0 0 0 0 257 171 5 2 1 0 0 0 0 0 0 0 0
147 139 0 0 0 0 0 0 0 0 0 0 0 260 174 5 2 1 0 0 0 0 0 0 0 0
152 145 0 0 0 0 0 0 0 0 0 0 0 263 183 5 3 1 0 0 0 0 0 0 0 0
158 149 0 0 0 0 0 0 0 0 0 0 0 267 186 5 3 1 0 0 0 0 0 0 0 0
164 154 0 0 0 0 0 0 0 0 0 0 0 273 191 5 3 1 0 0 0 0 0 0 0 0
170 157 0 0 0 0 0 0 0 0 0 0 0 276 207 5 3 1 0 0 0 0 0 0 0 0
177 164 0 0 0 0 0 0 0 0 0 0 0 300 215 5 3 1 0 0 0 0 0 0 0 0
180 167 0 0 0 0 0 0 0 0 0 0 0 304 218 5 3 1 0 0 0 0 0 0 0 0
188 171 0 1 0 0 0 0 0 0 0 0 0 307 223 5 3 1 0 0 0 0 0 0 0 0
191 177 0 1 0 0 0 0 0 0 0 0 0 310 226 5 3 1 0 0 0 0 0 0 0 0
200 181 1 1 0 0 0 0 0 0 0 0 0 350 240 5 3 1 0 0 0 0 0 0 0 0
203 187 1 1 0 0 0 0 0 0 0 0 0 353 243 5 3 1 0 0 0 0 0 0 0 0
206 192 1 1 0 0 0 0 0 0 0 0 0 356 246 5 3 1 0 0 0 0 0 0 0 0
