# scores for worst/random/best/smart move selector strategies. 
# scores are 50% and 95% quantiles (based on 40 games) of: 
# game score, #destroyed, #unlocked, #stripes, #bombs, #zappers
0 0 0 0 0 0 0 0 0 0 0 0 0 6 6 0 0 0 0 0 0 0 0 0 0 0
6 6 0 0 0 0 0 0 0 0 0 0 0 11 11 0 0 0 0 0 0 0 0 0 0 0
9 9 0 0 0 0 0 0 0 0 0 0 0 31 17 0 0 0 0 0 0 0 0 0 0 0
12 12 0 0 0 0 0 0 0 0 0 0 0 59 32 0 1 0 0 0 0 0 0 0 0 0
16 16 0 0 0 0 0 0 0 0 0 0 0 62 36 0 1 0 0 0 0 0 0 0 0 0
21 21 0 0 0 0 0 0 0 0 0 0 0 74 42 1 1 0 0 0 0 0 0 0 0 0
26 26 0 0 0 0 0 0 0 0 0 0 0 122 51 2 3 0 0 1 0 0 0 0 0 0
35 33 0 0 0 0 0 0 0 0 0 0 0 165 60 10 3 1 0 1 0 0 0 0 0 0
55 38 0 0 0 0 0 0 0 0 0 0 0 196 69 10 3 1 0 1 0 0 0 0 0 0
69 45 0 1 0 0 0 0 0 0 0 0 0 200 75 10 3 1 0 1 0 0 0 0 0 0
81 49 0 1 0 0 0 0 0 0 0 0 0 223 83 10 4 1 0 1 0 0 0 0 0 0
97 59 1 1 0 0 0 0 0 0 0 0 0 249 87 10 4 1 0 1 0 0 0 0 0 0
112 63 1 1 0 0 0 0 0 0 0 0 0 252 98 11 5 1 0 1 0 0 0 0 0 0
122 69 1 1 0 0 0 0 0 0 0 0 0 259 107 11 5 1 0 1 0 0 0 0 0 0
145 81 1 2 0 0 0 0 0 0 0 0 0 267 119 11 5 1 0 2 0 0 0 0 0 0
155 86 1 2 0 0 0 0 0 0 0 0 0 306 132 11 6 2 0 2 0 0 0 0 0 0
165 92 1 2 0 0 0 0 0 0 0 0 0 311 136 11 6 2 1 2 0 0 0 0 0 0
174 97 2 2 0 0 0 0 0 0 0 0 0 320 142 11 6 2 1 2 0 0 0 0 0 0
186 103 2 3 0 0 0 0 0 0 0 0 0 329 149 11 7 2 1 2 1 0 0 0 0 0
226 113 2 3 0 0 0 0 0 0 0 0 0 388 158 11 7 2 1 2 1 0 0 0 0 0
238 117 3 3 0 0 1 0 0 0 0 0 0 406 162 12 7 2 1 2 1 0 0 0 0 0
249 123 3 4 0 0 1 0 0 0 0 0 0 414 180 12 8 2 1 2 1 0 0 0 0 0
256 129 3 4 0 0 1 0 0 0 0 0 0 421 187 12 8 2 1 2 1 0 0 0 0 0
261 133 3 4 0 0 1 0 0 0 0 0 0 436 196 12 8 2 1 2 1 0 1 0 0 0
276 140 3 4 0 0 1 0 0 0 0 0 0 461 204 12 8 2 1 2 1 0 1 0 0 0
304 147 3 4 0 0 1 0 0 0 0 0 0 516 213 14 9 2 1 2 1 0 1 1 0 0
314 154 3 4 0 0 1 0 0 0 0 0 0 524 216 14 9 2 1 2 1 0 1 1 0 0
352 164 3 5 1 0 1 0 0 0 0 0 0 578 229 14 9 2 2 2 1 0 1 1 0 0
358 170 3 5 1 0 1 0 0 0 0 0 0 583 234 14 10 2 2 2 1 0 1 1 0 0
369 181 3 6 1 0 1 0 0 0 0 0 0 620 256 14 10 3 2 2 1 0 1 1 0 0
377 185 3 6 1 0 1 0 0 0 0 0 0 642 261 14 11 3 2 2 1 0 1 1 0 0
400 192 4 6 1 0 1 0 0 0 0 0 0 647 266 14 11 3 2 2 1 0 1 1 0 0
413 198 4 6 1 0 1 0 0 0 0 0 0 652 273 14 11 3 2 2 1 0 1 1 0 0
418 201 4 6 1 0 1 0 0 0 0 0 0 665 282 14 11 3 2 2 1 0 1 1 0 0
444 215 4 7 1 0 1 0 0 0 0 0 0 671 286 14 11 3 2 2 1 0 1 1 0 0
454 221 4 7 1 0 1 0 0 0 0 0 0 678 293 14 12 3 2 2 1 0 1 1 0 0
459 231 4 7 1 0 1 0 0 0 0 0 0 691 298 14 12 3 2 2 1 0 1 1 0 0
469 237 4 7 1 0 1 0 0 0 0 0 0 749 308 14 12 3 2 3 1 0 1 1 0 0
474 242 4 7 1 0 1 0 0 0 0 0 0 756 316 14 12 3 2 3 1 0 1 1 0 0
500 249 4 8 1 0 1 0 0 0 0 0 0 774 327 14 12 3 2 3 1 0 2 1 0 0
530 257 4 9 1 0 1 0 0 0 0 0 0 794 340 14 13 3 3 3 1 0 2 1 0 0
