# scores for worst/random/best/smart move selector strategies. 
# scores are 50% and 95% quantiles (based on 40 games) of: 
# game score, #destroyed, #unlocked, #stripes, #bombs, #zappers
0 0 0 0 0 0 0 0 0 0 0 0 0 6 6 0 0 0 0 0 0 0 0 0 0 0
6 6 0 0 0 0 0 0 0 0 0 0 0 11 11 0 0 0 0 0 0 0 0 0 0 0
9 9 0 0 0 0 0 0 0 0 0 0 0 14 14 0 0 0 0 0 0 0 0 0 0 0
12 12 0 0 0 0 0 0 0 0 0 0 0 21 21 0 0 0 0 0 0 0 0 0 0 0
15 15 0 0 0 0 0 0 0 0 0 0 0 25 25 0 0 0 0 0 0 0 0 0 0 0
21 21 0 0 0 0 0 0 0 0 0 0 0 35 31 0 0 0 0 0 0 0 0 0 0 0
24 24 0 0 0 0 0 0 0 0 0 0 0 39 35 0 0 0 0 0 0 0 0 0 0 0
27 27 0 0 0 0 0 0 0 0 0 0 0 42 38 0 0 0 0 0 0 0 0 0 0 0
30 30 0 0 0 0 0 0 0 0 0 0 0 45 42 0 0 0 0 0 0 0 0 0 0 0
36 36 0 0 0 0 0 0 0 0 0 0 0 48 45 0 0 0 0 0 0 0 0 0 0 0
40 40 0 0 0 0 0 0 0 0 0 0 0 61 49 0 0 0 0 0 0 0 0 0 0 0
45 45 0 0 0 0 0 0 0 0 0 0 0 74 55 0 1 0 0 0 0 0 0 0 0 0
48 48 0 0 0 0 0 0 0 0 0 0 0 78 58 0 1 0 0 0 0 0 0 0 0 0
54 54 0 0 0 0 0 0 0 0 0 0 0 85 63 1 1 0 0 0 0 0 0 0 0 0
57 57 0 0 0 0 0 0 0 0 0 0 0 88 68 1 1 0 0 0 0 0 0 0 0 0
60 60 0 0 0 0 0 0 0 0 0 0 0 92 72 1 1 0 0 0 0 0 0 0 0 0
63 63 0 0 0 0 0 0 0 0 0 0 0 100 75 1 1 0 0 0 0 0 0 0 0 0
66 66 0 0 0 0 0 0 0 0 0 0 0 113 79 1 1 0 0 0 0 0 0 0 0 0
72 71 0 0 0 0 0 0 0 0 0 0 0 117 84 1 1 0 0 0 0 0 0 0 0 0
77 75 0 0 0 0 0 0 0 0 0 0 0 120 90 1 1 0 0 0 0 0 0 0 0 0
81 78 0 0 0 0 0 0 0 0 0 0 0 136 96 1 1 1 0 0 0 0 0 0 0 0
86 84 0 0 0 0 0 0 0 0 0 0 0 139 99 1 1 1 0 0 0 0 0 0 0 0
90 88 0 0 0 0 0 0 0 0 0 0 0 149 106 1 1 1 0 0 0 0 0 0 0 0
93 91 0 0 0 0 0 0 0 0 0 0 0 153 111 1 1 1 0 0 0 0 0 0 0 0
98 94 0 0 0 0 0 0 0 0 0 0 0 156 114 1 1 1 0 0 0 0 0 0 0 0
101 98 0 0 0 0 0 0 0 0 0 0 0 159 120 1 1 1 0 0 0 0 0 0 0 0
105 102 0 0 0 0 0 0 0 0 0 0 0 162 123 1 1 1 0 0 0 0 0 0 0 0
110 107 0 0 0 0 0 0 0 0 0 0 0 165 126 1 1 1 0 0 0 0 0 0 0 0
113 110 0 0 0 0 0 0 0 0 0 0 0 168 129 1 1 1 0 0 0 0 0 0 0 0
118 114 0 0 0 0 0 0 0 0 0 0 0 171 133 1 1 1 0 0 0 0 0 0 0 0
124 120 0 0 0 0 0 0 0 0 0 0 0 174 138 1 1 1 0 0 0 0 0 0 0 0
127 123 0 0 0 0 0 0 0 0 0 0 0 177 141 1 1 1 0 0 0 0 0 0 0 0
131 126 0 0 0 0 0 0 0 0 0 0 0 180 145 1 1 1 0 0 0 0 0 0 0 0
138 129 0 0 0 0 0 0 0 0 0 0 0 187 150 1 1 1 0 0 0 0 0 0 0 0
141 132 0 0 0 0 0 0 0 0 0 0 0 190 153 1 1 1 0 0 0 0 0 0 0 0
145 137 0 0 0 0 0 0 0 0 0 0 0 213 160 1 1 1 0 0 0 0 0 0 0 0
149 141 0 0 0 0 0 0 0 0 0 0 0 216 163 1 1 1 0 0 0 0 0 0 0 0
152 144 0 0 0 0 0 0 0 0 0 0 0 220 173 1 1 1 0 0 0 0 0 0 0 0
155 147 0 0 0 0 0 0 0 0 0 0 0 225 176 1 1 1 0 0 0 0 0 0 0 0
158 150 0 0 0 0 0 0 0 0 0 0 0 228 179 1 1 1 0 0 0 0 0 0 0 0
163 153 0 0 0 0 0 0 0 0 0 0 0 231 182 1 1 1 0 0 0 0 0 0 0 0
