# scores for worst/random/best/smart move selector strategies. 
# scores are 50% and 95% quantiles (based on 40 games) of: 
# game score, #destroyed, #unlocked, #stripes, #bombs, #zappers
17 17 0 0 0 0 0 0 0 0 0 0 0 180 72 0 2 1 0 0 0 0 0 0 0 0
68 37 0 0 0 0 0 0 0 0 0 0 0 589 193 0 5 5 2 0 0 0 1 0 0 0
238 101 0 2 1 0 0 0 0 0 0 0 0 896 282 0 11 10 3 0 1 0 2 0 0 0
337 124 0 3 2 1 0 0 0 0 0 0 0 1224 354 0 15 16 4 1 1 1 2 1 1 0
637 189 0 5 4 1 0 0 0 1 0 0 0 1491 393 0 18 17 5 1 1 1 2 1 1 0
932 246 0 7 6 2 0 0 0 1 0 0 0 1724 504 0 21 20 7 1 1 1 3 1 1 0
1091 307 0 8 8 3 0 0 0 1 0 0 0 2172 553 0 24 26 7 1 1 1 3 1 1 0
1255 377 0 10 10 4 0 0 0 2 0 0 0 2377 580 0 26 27 8 1 1 1 3 1 1 0
1438 415 0 13 13 4 0 0 0 2 0 0 0 2725 636 0 28 32 8 1 2 1 4 1 1 0
1761 476 0 16 15 5 0 0 0 2 0 0 0 3080 705 0 34 34 9 1 2 1 4 1 1 0
1879 530 0 19 17 5 0 0 0 2 0 1 0 3137 779 0 46 34 10 1 2 1 5 2 1 1
2043 592 0 22 17 6 0 0 0 2 0 1 0 3359 833 0 47 39 10 1 2 1 5 2 2 1
2375 652 0 23 19 7 0 1 0 2 0 1 0 3524 870 0 47 40 12 1 2 1 5 2 2 1
2501 690 0 25 22 7 0 1 0 3 0 1 0 3976 947 0 47 51 12 1 3 2 6 2 2 1
2723 753 0 27 25 8 0 1 0 3 0 1 0 4145 1036 0 49 51 13 1 3 2 6 2 3 1
3023 804 0 32 27 9 0 1 0 3 0 1 0 4603 1149 0 56 53 14 1 3 2 7 2 3 1
3278 849 0 36 30 10 0 1 0 3 1 1 0 5211 1188 0 56 55 15 1 3 2 7 2 3 1
3468 890 0 38 30 10 0 1 0 4 1 1 0 5356 1219 0 56 55 15 1 3 2 7 2 3 1
3712 904 0 40 31 10 0 1 0 4 1 1 0 5390 1338 0 63 55 16 2 3 2 7 2 3 1
3834 981 0 42 33 10 0 1 0 4 1 1 0 5770 1357 0 67 64 17 2 3 2 8 3 3 1
3914 1012 0 42 33 11 0 1 0 4 1 1 0 5851 1369 0 76 64 18 2 3 2 8 3 3 1
4165 1062 0 44 34 11 0 1 0 5 1 1 0 6133 1468 0 78 69 18 2 4 2 8 3 3 1
4314 1135 0 47 36 12 1 2 0 5 1 1 0 6341 1548 0 80 69 19 2 4 2 9 3 3 1
4379 1187 0 49 37 12 1 2 0 5 1 1 0 6709 1584 0 80 70 20 2 4 2 10 3 3 1
4653 1246 0 50 38 13 1 2 0 5 1 1 0 6882 1677 0 82 71 21 2 4 2 10 3 3 1
4923 1267 0 52 39 13 1 2 0 5 1 1 0 7117 1799 0 86 71 22 2 4 2 11 3 3 2
5121 1369 0 53 42 14 1 2 1 6 1 1 0 7182 1859 0 86 71 23 3 4 2 11 3 3 2
5345 1431 0 54 44 14 1 2 1 6 1 1 0 7585 1911 0 88 78 24 3 4 2 12 3 3 2
5481 1483 0 55 44 16 1 2 1 6 1 1 0 7658 1962 0 95 79 25 3 5 2 12 3 3 2
5723 1551 0 59 45 16 1 2 1 6 2 1 0 7819 2024 0 97 80 27 3 5 2 12 4 3 2
6029 1578 0 64 48 17 1 2 1 6 2 1 0 8019 2088 0 101 81 28 3 5 2 12 4 4 2
6147 1660 0 65 52 18 1 2 1 7 2 1 0 8462 2110 0 102 85 29 3 5 2 12 4 4 2
6319 1701 0 69 54 18 1 2 1 7 2 1 0 8789 2190 0 107 88 30 3 5 3 13 4 4 2
6474 1743 0 70 55 19 1 2 1 7 2 1 0 9112 2378 0 108 90 30 3 5 3 13 4 4 2
6773 1790 0 71 55 20 1 2 1 7 2 1 0 9215 2405 0 112 94 31 3 6 3 14 4 4 2
7113 1850 0 72 57 20 1 2 1 7 2 1 0 9624 2468 0 114 94 31 3 6 3 15 4 4 2
7421 1909 0 78 59 21 1 3 1 8 2 2 0 9652 2580 0 115 97 32 3 6 3 15 4 5 2
7704 1977 0 80 62 22 1 3 1 8 2 2 0 9921 2626 0 116 97 32 3 6 3 15 4 5 2
7880 2054 0 82 62 22 1 3 1 8 2 2 0 10048 2660 0 118 101 34 3 6 3 15 4 5 2
7925 2113 0 83 63 23 1 3 1 8 2 2 0 10500 2698 0 125 104 35 4 6 3 16 4 5 2
8020 2135 0 83 63 23 2 3 1 8 2 2 0 10997 2807 0 125 108 37 4 6 3 17 4 5 2
