# scores for worst/random/best/smart move selector strategies. 
# scores are 50% and 95% quantiles (based on 40 games) of: 
# game score, #destroyed, #unlocked, #stripes, #bombs, #zappers
17 17 0 0 0 0 0 0 0 0 0 0 0 180 72 0 2 1 0 0 0 0 0 0 0 0
59 38 0 0 0 0 0 0 0 0 0 0 0 541 174 0 4 5 2 0 0 0 1 0 0 0
98 56 0 0 1 0 0 0 0 0 0 0 0 674 222 0 5 5 2 0 0 0 1 0 0 0
199 88 0 1 1 0 0 0 0 0 0 0 0 778 241 0 7 6 3 0 0 0 1 0 0 0
244 111 0 2 2 0 0 0 0 0 0 0 0 846 280 0 8 7 3 0 0 0 1 0 0 0
316 134 0 2 2 0 0 0 0 0 0 0 0 998 334 0 10 7 4 0 0 0 1 0 0 0
408 166 0 3 3 1 0 0 0 0 0 0 0 1207 390 0 11 8 4 0 0 0 1 0 0 0
454 182 0 4 3 1 0 0 0 0 0 0 0 1261 422 0 11 9 4 0 0 0 1 0 0 0
548 211 0 4 3 1 0 0 0 0 0 0 0 1436 454 0 13 12 5 0 0 0 1 0 0 0
594 234 0 5 4 1 0 0 0 0 0 0 0 1554 489 0 14 12 5 0 0 0 2 0 0 0
633 255 0 5 4 1 0 0 0 0 0 0 0 1676 503 0 20 12 5 0 0 0 2 0 0 0
723 290 0 6 5 1 0 0 0 0 0 0 0 1714 550 0 20 13 5 0 0 0 2 0 0 0
802 316 0 7 5 1 0 0 0 1 0 0 0 1884 653 0 25 15 5 0 0 0 2 0 0 0
931 345 0 7 6 1 0 0 0 1 0 0 0 2047 660 0 26 16 6 0 0 0 2 0 0 0
973 378 0 9 7 2 0 0 0 1 0 0 0 2063 710 0 26 17 6 0 0 0 2 0 0 0
1085 404 0 11 7 2 0 0 0 1 0 0 0 2296 778 0 26 20 7 0 0 0 2 0 0 0
1160 431 0 12 9 3 0 0 0 1 0 0 0 2582 836 0 27 22 7 0 0 0 2 0 0 0
1217 462 0 12 9 3 0 0 0 1 0 0 0 2817 918 0 29 23 7 0 0 0 3 0 0 0
1396 513 0 13 11 3 0 0 0 1 0 0 0 2908 965 0 35 24 7 0 0 0 3 1 0 0
1469 549 0 14 11 3 0 0 0 1 0 0 0 2915 1006 0 36 24 8 0 0 0 3 1 0 0
1626 566 0 15 11 4 0 0 0 1 0 0 0 3237 1042 0 38 25 9 0 0 0 3 1 0 0
1677 594 0 16 12 4 0 0 0 1 0 0 0 3246 1049 0 38 25 9 0 0 0 3 1 0 0
1826 634 0 18 12 4 0 0 0 1 0 0 0 3345 1063 0 38 25 10 0 0 0 3 1 0 0
1912 667 0 19 13 4 0 0 0 1 0 0 0 3429 1073 0 38 26 10 0 1 0 3 1 0 0
2047 686 0 20 14 4 0 0 0 1 0 0 0 3468 1116 0 40 26 10 1 1 0 3 1 1 0
2165 706 0 21 16 5 0 0 0 1 0 0 0 3519 1150 0 41 27 10 1 1 0 4 1 1 0
2345 760 0 22 16 5 0 0 0 2 0 0 0 3601 1180 0 43 29 11 1 1 0 4 1 1 0
2387 772 0 22 16 5 0 0 0 2 0 0 0 3887 1237 0 43 29 11 1 1 0 4 1 1 0
2402 800 0 24 17 6 0 0 0 2 0 0 0 3909 1240 0 43 30 11 1 1 0 4 1 1 0
2479 827 0 24 17 6 0 0 0 2 0 0 0 4135 1342 0 45 30 11 1 1 0 4 1 1 0
2504 859 0 25 18 6 0 0 0 2 0 0 0 4497 1440 0 47 31 14 1 1 0 4 1 1 0
2598 948 0 27 19 6 0 0 0 2 0 0 0 4504 1447 0 48 34 14 1 1 0 5 1 1 0
2631 966 0 27 20 7 0 0 0 2 0 0 0 4625 1481 0 49 34 14 1 1 0 5 1 1 0
2716 1005 0 29 22 7 0 0 0 2 0 0 0 4700 1525 0 51 35 14 1 1 1 5 1 1 0
2855 1019 0 30 23 7 0 0 0 2 0 0 0 4708 1533 0 51 35 15 1 1 1 5 1 1 0
3004 1056 0 31 23 7 0 0 0 2 0 0 0 4725 1543 0 51 36 15 1 1 1 5 1 1 0
3191 1091 0 32 25 7 0 0 0 2 0 0 0 4884 1588 0 51 36 15 1 1 1 5 1 1 1
3312 1110 0 33 25 8 0 0 0 2 0 0 0 5002 1628 0 52 36 16 1 1 1 5 1 1 1
3402 1144 0 35 27 9 0 0 0 2 0 0 0 5013 1639 0 53 38 16 1 1 1 5 1 1 1
3652 1210 0 36 28 9 0 0 0 2 0 0 0 5072 1659 0 53 40 17 1 1 1 6 1 1 1
3695 1289 0 37 28 9 0 0 0 2 0 0 0 5143 1683 0 55 40 17 1 1 1 6 1 1 1
