# scores for worst/random/best/smart move selector strategies. 
# scores are 50% and 95% quantiles (based on 40 games) of: 
# game score, #destroyed, #unlocked, #stripes, #bombs, #zappers
17 17 0 0 0 0 0 0 0 0 0 0 0 180 72 0 2 1 0 0 0 0 0 0 0 0
115 55 0 1 0 0 0 0 0 0 0 0 0 463 170 0 4 4 1 0 0 0 1 0 0 0
286 119 0 2 1 1 0 0 0 1 0 0 0 787 222 0 11 6 2 0 1 0 1 0 0 0
559 188 0 4 4 1 0 0 0 1 0 0 0 1042 330 0 15 11 4 0 1 0 2 1 0 0
764 236 0 6 5 2 0 0 0 1 0 0 0 1258 406 0 17 16 5 0 1 1 3 1 1 0
1066 287 0 7 7 3 0 0 0 1 0 0 0 1706 473 0 19 21 6 0 1 1 3 1 1 0
1239 350 0 9 8 3 0 0 0 2 0 0 0 2193 519 0 28 25 6 0 2 1 4 1 1 0
1483 412 0 10 11 4 0 0 0 2 0 0 0 2450 693 0 33 26 8 1 2 1 4 1 1 0
1737 484 0 13 15 5 0 0 0 2 0 0 0 2656 775 0 35 34 8 1 2 1 4 1 1 0
1937 523 0 17 16 6 0 0 0 3 0 0 0 2904 856 0 40 36 9 1 2 1 5 2 2 0
2300 604 0 19 19 6 0 0 0 3 0 1 0 3584 916 0 42 46 11 1 2 1 6 2 2 1
2456 660 0 23 22 7 0 0 0 3 0 1 0 3700 934 0 44 46 11 1 2 1 6 2 2 1
2709 688 0 24 24 7 0 0 0 3 0 1 0 4018 1012 0 48 50 12 1 2 1 7 2 2 1
2849 770 0 24 25 8 0 1 0 3 0 1 0 4194 1097 0 49 50 13 1 3 1 7 2 2 1
3032 835 0 30 28 8 0 1 0 4 1 1 0 4299 1187 0 49 52 14 1 3 1 7 2 2 1
3164 882 0 31 29 9 0 1 0 4 1 1 0 4743 1256 0 51 53 15 1 3 1 8 2 2 1
3431 944 0 33 31 10 0 1 0 4 1 1 0 5073 1363 0 58 54 17 1 3 1 8 2 2 1
3630 998 0 36 34 10 0 1 0 5 1 1 0 5163 1432 0 61 54 17 1 3 1 8 2 3 1
3815 1067 0 38 34 11 0 1 0 5 1 1 0 5318 1521 0 69 55 17 1 3 1 8 2 3 1
3948 1127 0 40 36 12 0 1 0 5 1 1 0 5651 1581 0 71 68 19 1 3 1 9 2 3 1
4152 1188 0 43 37 13 0 1 0 6 1 1 0 5953 1627 0 71 70 19 2 3 1 9 3 3 1
4480 1247 0 46 38 14 1 1 1 6 1 1 0 6333 1725 0 72 72 20 2 3 1 10 3 3 1
4807 1310 0 50 41 14 1 1 1 6 1 1 0 6920 1878 0 79 74 22 2 3 1 10 3 3 1
5110 1403 0 51 43 15 1 2 1 6 1 1 0 6987 1912 0 82 74 23 2 4 2 11 3 3 1
5330 1448 0 54 44 16 1 2 1 6 1 1 0 7176 1938 0 84 75 23 2 4 2 11 3 3 1
5498 1516 0 56 45 16 1 2 1 7 1 1 0 7320 1989 0 85 75 24 3 4 2 11 3 4 1
5853 1569 0 57 46 16 1 2 1 7 1 1 0 7351 2038 0 85 76 26 3 4 2 11 3 4 1
6076 1632 0 59 49 17 1 2 1 7 1 1 0 7912 2301 0 99 76 27 3 4 2 12 3 4 1
6163 1686 0 61 49 18 1 2 1 8 2 1 0 8554 2392 0 101 81 28 3 4 2 13 3 4 1
6411 1724 0 65 52 18 1 2 1 8 2 1 0 8864 2496 0 103 82 28 3 4 2 13 3 4 1
6593 1804 0 67 54 19 1 2 1 8 2 1 0 9170 2545 0 105 87 29 3 4 2 13 4 4 1
6697 1861 0 69 56 20 1 2 1 8 2 1 0 9406 2562 0 109 88 29 3 4 2 13 4 4 1
6913 1911 0 71 56 20 1 2 1 8 2 1 0 9562 2571 0 113 90 31 3 4 2 13 4 4 1
7121 1949 0 75 59 21 1 2 1 9 2 1 0 9708 2623 0 113 92 34 3 4 2 14 4 4 1
7232 2029 0 80 59 22 1 2 1 9 2 1 0 9838 2747 0 122 94 35 3 4 2 14 4 4 1
7694 2085 0 85 68 23 1 2 1 9 2 2 0 9959 2836 0 124 94 35 3 5 2 14 4 4 1
7880 2150 0 87 69 23 1 2 1 10 2 2 0 10210 2948 0 126 95 37 3 5 2 15 4 4 1
8148 2213 0 89 71 23 1 3 1 10 2 2 0 10627 2995 0 134 95 38 3 5 2 15 4 4 1
8435 2268 0 92 74 24 1 3 1 10 3 2 0 10868 3021 0 134 102 38 3 5 2 15 4 4 1
8511 2319 0 93 78 24 1 3 1 10 3 2 0 11076 3054 0 141 104 38 3 5 2 15 4 4 1
8787 2394 0 94 82 25 1 3 1 10 3 2 0 11292 3086 0 143 108 39 3 5 3 15 4 4 1
