# scores for worst/random/best/smart move selector strategies. 
# scores are 50% and 95% quantiles (based on 40 games) of: 
# game score, #destroyed, #unlocked, #stripes, #bombs, #zappers
3 3 0 0 0 0 0 0 0 0 0 0 0 11 11 0 0 0 0 0 0 0 0 0 0 0
9 9 0 0 0 0 0 0 0 0 0 0 0 41 18 0 0 0 0 0 0 0 0 0 0 0
15 15 0 0 0 0 0 0 0 0 0 0 0 59 38 0 1 0 0 0 0 0 0 0 0 0
22 22 0 0 0 0 0 0 0 0 0 0 0 119 63 0 1 1 0 0 0 0 0 0 0 0
30 28 0 0 0 0 0 0 0 0 0 0 0 187 81 0 2 1 0 0 0 0 0 0 0 0
55 36 0 0 0 0 0 0 0 0 0 0 0 191 85 0 2 2 0 1 0 0 0 0 0 0
74 45 0 1 0 0 0 0 0 0 0 0 0 207 93 0 2 2 0 1 0 0 0 0 0 0
81 52 0 1 0 0 0 0 0 0 0 0 0 285 112 0 3 2 0 1 0 0 0 0 0 0
90 57 0 1 0 0 0 0 0 0 0 0 0 307 123 0 3 2 0 1 1 0 0 0 0 0
105 65 0 1 0 0 0 0 0 0 0 0 0 372 148 0 4 2 1 1 1 0 1 0 0 0
114 71 0 2 0 0 0 0 0 0 0 0 0 408 166 0 5 2 1 1 1 0 1 0 0 0
131 79 0 2 0 0 0 0 0 0 0 0 0 451 179 0 5 2 1 1 1 0 1 0 0 0
146 89 0 2 0 0 0 0 0 0 0 0 0 598 223 0 6 3 2 1 1 0 1 0 0 0
155 92 0 2 0 0 0 0 0 0 0 0 0 607 231 0 6 3 2 1 1 0 1 0 0 0
162 99 0 2 1 0 0 0 0 0 0 0 0 615 240 0 7 4 2 1 1 0 1 0 0 0
170 107 0 2 1 0 0 0 0 0 0 0 0 620 245 0 7 4 2 1 1 0 1 0 0 0
189 115 0 2 1 0 0 0 0 0 0 0 0 651 257 0 8 4 2 1 1 0 1 0 0 0
200 124 0 3 1 0 0 0 0 0 0 0 0 658 267 0 9 4 2 1 1 0 1 0 0 0
222 133 0 3 1 0 0 0 0 0 0 0 0 707 281 0 10 4 2 2 1 0 1 0 0 0
247 138 0 3 1 0 0 0 0 0 0 0 0 745 298 0 10 7 2 2 1 0 2 0 0 0
255 147 0 3 1 0 0 0 0 0 0 0 0 759 313 0 10 7 2 2 1 0 2 0 0 0
283 155 0 4 1 0 0 0 0 0 0 0 0 864 338 0 11 8 3 2 1 0 2 0 0 0
291 160 0 4 1 0 0 0 0 0 0 0 0 869 342 0 11 8 3 2 1 0 2 0 0 0
301 167 0 4 1 0 0 0 0 0 0 0 0 1093 410 0 13 8 3 2 1 0 2 0 0 0
315 174 0 4 1 0 0 0 0 0 0 0 0 1113 417 0 14 8 3 2 1 0 2 0 0 0
321 182 0 5 1 0 0 0 0 0 0 0 0 1158 438 0 14 8 3 2 1 0 2 0 0 0
363 191 0 5 1 0 0 0 0 0 0 0 0 1233 462 0 14 9 3 2 1 0 2 0 0 0
373 201 0 5 2 0 0 0 0 0 0 0 0 1254 472 0 15 9 3 2 1 0 2 0 0 0
401 208 0 5 2 0 0 0 0 0 0 0 0 1297 486 0 16 9 3 2 1 0 2 0 0 0
412 213 0 6 2 0 0 0 0 0 0 0 0 1345 499 0 17 9 3 3 1 0 2 0 0 0
420 221 0 6 2 0 0 0 0 0 0 0 0 1382 516 0 19 10 3 3 1 1 2 0 0 0
429 227 0 6 2 0 0 0 0 0 0 0 0 1386 520 0 19 10 3 3 1 1 2 0 0 0
437 232 0 6 2 0 0 0 0 0 0 0 0 1447 539 0 19 10 3 3 1 1 2 0 0 0
457 241 0 6 2 0 0 0 0 0 0 0 0 1485 551 0 19 11 3 3 1 1 2 0 0 0
471 250 0 7 2 0 0 0 0 0 0 0 0 1532 561 0 20 11 3 3 2 1 2 0 0 0
480 257 0 7 2 0 0 0 0 0 0 0 0 1538 568 0 20 11 3 4 2 1 2 0 0 0
499 264 0 7 2 0 0 0 0 0 0 0 0 1587 579 0 21 11 4 4 2 1 2 0 0 0
530 272 0 8 2 0 0 0 0 0 0 0 0 1599 591 0 22 11 4 4 2 1 2 0 0 0
538 279 0 8 2 0 0 0 0 0 0 0 0 1619 603 0 24 11 4 4 2 1 2 0 0 0
548 284 0 8 2 0 1 0 0 0 0 0 0 1650 610 0 24 11 4 4 2 1 2 0 0 0
576 293 0 8 2 0 1 0 0 0 0 0 0 1658 619 0 24 11 4 4 2 1 2 0 0 0
