# scores for worst/random/best/smart move selector strategies. 
# scores are 50% and 95% quantiles (based on 40 games) of: 
# game score, #destroyed, #unlocked, #stripes, #bombs, #zappers
3 3 0 0 0 0 0 0 0 0 0 0 0 11 11 0 0 0 0 0 0 0 0 0 0 0
8 8 0 0 0 0 0 0 0 0 0 0 0 20 19 0 0 0 0 0 0 0 0 0 0 0
12 12 0 0 0 0 0 0 0 0 0 0 0 36 26 0 0 0 0 0 0 0 0 0 0 0
18 18 0 0 0 0 0 0 0 0 0 0 0 80 40 0 1 1 0 0 0 0 0 0 0 0
24 24 0 0 0 0 0 0 0 0 0 0 0 95 44 0 1 1 0 0 0 0 0 0 0 0
33 30 0 0 0 0 0 0 0 0 0 0 0 115 64 0 1 1 0 0 0 0 0 0 0 0
37 34 0 0 0 0 0 0 0 0 0 0 0 121 70 0 1 1 0 0 0 0 0 0 0 0
48 40 0 0 0 0 0 0 0 0 0 0 0 128 74 0 1 1 0 0 0 0 0 0 0 0
59 46 0 0 0 0 0 0 0 0 0 0 0 148 87 0 1 1 0 0 0 0 0 0 0 0
78 53 0 0 0 0 0 0 0 0 0 0 0 193 93 0 2 2 0 0 0 0 0 0 0 0
90 60 0 1 0 0 0 0 0 0 0 0 0 215 104 0 2 2 0 0 0 0 0 0 0 0
102 68 0 1 0 0 0 0 0 0 0 0 0 232 109 0 2 2 0 0 0 0 0 0 0 0
113 74 0 1 0 0 0 0 0 0 0 0 0 275 135 0 3 2 0 0 0 0 0 0 0 0
119 80 0 1 1 0 0 0 0 0 0 0 0 286 141 0 3 2 0 0 0 0 0 0 0 0
124 85 0 1 1 0 0 0 0 0 0 0 0 330 149 0 4 2 0 0 0 0 0 0 0 0
133 92 0 1 1 0 0 0 0 0 0 0 0 334 152 0 4 2 1 0 0 0 1 0 0 0
154 100 0 1 1 0 0 0 0 0 0 0 0 352 162 0 4 2 1 0 0 0 1 0 0 0
158 103 0 1 1 0 0 0 0 0 0 0 0 377 176 0 4 3 1 0 0 0 1 0 0 0
171 109 0 1 1 0 0 0 0 0 0 0 0 385 182 0 4 3 1 0 0 0 1 0 0 0
186 114 0 2 1 0 0 0 0 0 0 0 0 391 185 0 4 4 1 0 0 0 1 0 0 0
189 118 0 2 1 0 0 0 0 0 0 0 0 433 197 0 6 4 1 0 0 0 1 0 0 0
194 124 0 2 1 0 0 0 0 0 0 0 0 437 201 0 6 4 1 0 0 0 1 0 0 0
215 133 0 2 1 0 0 0 0 0 0 0 0 447 211 0 6 4 1 0 0 0 1 0 0 0
218 138 0 2 1 0 0 0 0 0 0 0 0 450 218 0 6 4 1 0 0 0 1 0 0 0
223 144 0 2 1 0 0 0 0 0 0 0 0 459 223 0 6 4 1 0 0 0 1 0 0 0
231 152 0 2 1 0 0 0 0 0 0 0 0 487 230 0 7 4 1 0 0 0 1 0 0 0
240 156 0 2 1 0 0 0 0 0 0 0 0 490 236 0 7 4 1 0 0 0 1 0 0 0
244 161 0 2 1 0 0 0 0 0 0 0 0 516 247 0 7 4 1 0 0 0 1 0 0 0
247 168 0 2 1 0 0 0 0 0 0 0 0 564 261 0 8 4 1 0 0 0 1 0 0 0
254 174 0 2 1 0 0 0 0 0 0 0 0 577 271 0 8 4 1 0 0 0 1 0 0 0
271 178 0 2 1 0 0 0 0 0 0 0 0 586 278 0 8 4 1 0 0 0 1 0 0 0
295 184 0 2 1 0 0 0 0 0 0 0 0 589 281 0 8 4 1 0 0 0 1 0 0 0
307 193 0 2 2 0 0 0 0 0 0 0 0 596 284 0 8 4 1 0 0 0 1 0 0 0
310 200 0 2 2 0 0 0 0 0 0 0 0 599 287 0 8 4 1 0 0 0 1 0 0 0
315 204 0 2 2 0 0 0 0 0 0 0 0 607 299 0 8 4 1 0 0 0 1 0 0 0
341 208 0 2 2 0 0 0 0 0 0 0 0 610 302 0 8 4 1 0 1 0 1 0 0 0
359 218 0 3 2 0 0 0 0 0 0 0 0 654 321 0 9 4 1 0 1 0 1 0 0 0
397 226 0 3 2 0 0 0 0 0 0 0 0 686 329 0 9 4 1 0 1 0 1 0 0 0
404 230 0 3 2 0 0 0 0 0 0 0 0 694 337 0 9 4 1 0 1 0 1 0 0 0
408 233 0 3 2 0 0 0 0 0 0 0 0 699 342 0 9 5 1 0 1 0 1 0 0 0
418 239 0 3 2 0 0 0 0 0 0 0 0 703 348 0 9 5 1 0 1 0 1 0 0 0
