# scores for worst/random/best/smart move selector strategies. 
# scores are 50% and 95% quantiles (based on 40 games) of: 
# game score, #destroyed, #unlocked, #stripes, #bombs, #zappers
3 3 0 0 0 0 0 0 0 0 0 0 0 11 11 0 0 0 0 0 0 0 0 0 0 0
9 9 0 0 0 0 0 0 0 0 0 0 0 55 24 0 0 0 0 0 0 0 0 0 0 0
16 16 0 0 0 0 0 0 0 0 0 0 0 69 38 0 2 0 0 0 0 0 0 0 0 0
40 25 0 0 0 0 0 0 0 0 0 0 0 96 47 0 2 1 0 0 0 0 0 0 0 0
51 33 0 0 0 0 0 0 0 0 0 0 0 139 69 0 3 2 0 0 0 0 0 0 0 0
62 39 0 1 0 0 0 0 0 0 0 0 0 192 94 0 3 2 0 1 0 0 0 0 0 0
73 43 0 1 0 0 0 0 0 0 0 0 0 305 112 0 3 2 0 1 0 0 0 0 0 0
86 50 0 1 0 0 0 0 0 0 0 0 0 320 124 0 4 2 0 1 0 0 0 0 0 0
100 58 0 1 0 0 0 0 0 0 0 0 0 331 136 0 5 2 0 1 0 0 0 0 0 0
108 63 0 2 0 0 0 0 0 0 0 0 0 366 147 0 5 3 0 1 0 0 0 0 0 0
128 73 0 2 0 0 0 0 0 0 0 0 0 442 188 0 6 4 1 1 1 0 1 0 0 0
143 83 0 2 0 0 0 0 0 0 0 0 0 528 201 0 7 5 1 2 1 0 1 0 0 0
150 89 0 2 0 0 0 0 0 0 0 0 0 561 209 0 7 5 1 2 1 1 1 0 0 0
162 96 0 2 1 0 0 0 0 0 0 0 0 742 274 0 7 7 1 2 1 1 1 0 0 0
172 101 0 3 1 0 0 0 0 0 0 0 0 849 302 0 8 8 1 2 1 1 1 0 0 0
192 109 0 3 1 0 0 0 0 0 0 0 0 968 342 0 10 8 2 2 1 1 2 0 0 0
204 118 0 4 1 0 0 0 0 0 0 0 0 975 348 0 10 9 2 2 1 1 2 0 0 0
223 123 0 4 1 0 0 0 0 0 0 0 0 1025 375 0 11 9 2 2 1 1 2 0 0 0
232 129 0 4 1 0 0 0 0 0 0 0 0 1092 409 0 13 9 2 2 1 1 2 0 0 0
255 135 0 4 1 0 0 0 0 0 0 0 0 1173 437 0 14 10 2 2 1 1 2 0 0 0
283 142 0 5 1 0 0 0 0 0 0 0 0 1226 453 0 14 10 2 2 1 1 2 0 0 0
293 148 0 5 1 0 0 0 0 0 0 0 0 1237 465 0 14 10 2 2 1 1 2 0 0 0
305 152 0 5 1 0 0 0 0 0 0 0 0 1345 510 0 15 10 3 3 1 1 3 0 0 0
316 163 0 5 1 0 0 0 0 0 0 0 0 1458 543 0 16 11 3 3 1 1 3 0 0 0
325 176 0 5 1 0 0 0 0 0 0 0 0 1507 562 0 16 11 3 3 1 1 3 0 0 0
349 185 0 6 1 0 0 0 0 0 0 0 0 1720 583 0 23 11 3 3 1 1 3 0 0 0
362 191 0 6 1 0 0 0 0 0 0 0 0 1780 601 0 23 12 3 3 1 1 3 0 0 0
380 198 0 6 1 0 0 0 0 0 0 0 0 1787 608 0 24 12 3 3 1 1 3 0 0 0
392 203 0 6 1 0 1 0 0 0 0 0 0 1822 618 0 24 12 3 3 1 1 3 0 0 0
408 208 0 7 1 0 1 0 0 0 0 0 0 1828 625 0 24 12 3 3 1 1 3 0 0 0
427 213 0 7 1 0 1 0 0 0 0 0 0 1915 658 0 27 12 3 3 2 1 3 0 0 0
435 217 0 8 1 0 1 0 0 0 0 0 0 1994 685 0 29 13 3 3 2 1 3 0 0 0
441 222 0 8 1 0 1 0 0 0 0 0 0 2013 695 0 29 13 4 3 2 1 3 0 0 0
476 236 0 8 1 0 1 0 0 0 0 0 0 2059 709 0 29 14 4 3 2 1 3 0 0 0
491 241 0 8 1 0 1 0 0 0 0 0 0 2109 728 0 29 14 4 3 2 1 3 0 0 0
499 249 0 8 1 0 1 0 0 0 0 0 0 2237 760 0 32 14 4 3 3 1 3 0 0 0
503 253 0 8 1 0 1 0 0 0 0 0 0 2243 766 0 32 14 4 3 3 1 3 0 0 0
538 260 0 9 1 0 1 0 0 0 0 0 0 2293 784 0 33 15 4 3 3 1 3 0 0 0
572 267 0 9 1 0 1 0 0 0 0 0 0 2319 798 0 33 15 4 3 3 1 3 0 0 0
576 274 0 9 1 0 1 0 0 0 0 0 0 2374 829 0 34 16 4 3 3 1 3 0 0 0
596 283 0 10 2 0 1 0 0 0 0 0 0 2462 851 0 34 16 4 3 3 1 3 0 0 0
