# scores for worst/random/best/smart move selector strategies. 
# scores are 50% and 95% quantiles (based on 40 games) of: 
# game score, #destroyed, #unlocked, #stripes, #bombs, #zappers
3 3 0 0 0 0 0 0 0 0 0 0 0 11 11 0 0 0 0 0 0 0 0 0 0 0
6 6 0 0 0 0 0 0 0 0 0 0 0 19 19 0 0 0 0 0 0 0 0 0 0 0
12 12 0 0 0 0 0 0 0 0 0 0 0 49 28 0 0 0 0 0 0 0 0 0 0 0
16 16 0 0 0 0 0 0 0 0 0 0 0 54 37 0 0 0 0 0 0 0 0 0 0 0
21 21 0 0 0 0 0 0 0 0 0 0 0 73 47 0 0 0 0 0 0 0 0 0 0 0
28 28 0 0 0 0 0 0 0 0 0 0 0 84 53 0 0 0 0 0 0 0 0 0 0 0
33 33 0 0 0 0 0 0 0 0 0 0 0 116 62 0 0 1 0 0 0 0 0 0 0 0
36 36 0 0 0 0 0 0 0 0 0 0 0 119 68 0 1 1 0 0 0 0 0 0 0 0
44 43 0 0 0 0 0 0 0 0 0 0 0 128 72 0 1 1 0 0 0 0 0 0 0 0
47 47 0 0 0 0 0 0 0 0 0 0 0 134 80 0 1 1 0 0 0 0 0 0 0 0
54 53 0 0 0 0 0 0 0 0 0 0 0 150 90 0 1 1 0 0 0 0 0 0 0 0
60 57 0 0 0 0 0 0 0 0 0 0 0 160 95 0 2 1 0 0 0 0 0 0 0 0
68 61 0 0 0 0 0 0 0 0 0 0 0 168 100 0 2 1 0 0 0 0 0 0 0 0
75 69 0 0 0 0 0 0 0 0 0 0 0 179 109 0 2 1 0 0 0 0 0 0 0 0
93 75 0 0 0 0 0 0 0 0 0 0 0 188 113 0 2 1 0 0 0 0 0 0 0 0
105 83 0 0 0 0 0 0 0 0 0 0 0 193 119 0 2 1 0 0 0 0 0 0 0 0
112 88 0 0 0 0 0 0 0 0 0 0 0 196 122 0 2 1 0 0 0 0 0 0 0 0
118 94 0 0 0 0 0 0 0 0 0 0 0 202 127 0 2 2 0 0 0 0 0 0 0 0
123 99 0 0 0 0 0 0 0 0 0 0 0 223 131 0 2 2 0 0 0 0 0 0 0 0
130 104 0 0 0 0 0 0 0 0 0 0 0 231 135 0 2 2 0 0 0 0 0 0 0 0
139 108 0 0 0 0 0 0 0 0 0 0 0 245 142 0 2 2 0 0 0 0 0 0 0 0
142 112 0 0 0 0 0 0 0 0 0 0 0 256 149 0 2 2 0 0 0 0 0 0 0 0
152 118 0 0 0 0 0 0 0 0 0 0 0 260 153 0 2 2 0 0 0 0 0 0 0 0
164 123 0 1 0 0 0 0 0 0 0 0 0 317 160 0 2 2 0 0 0 0 0 0 0 0
171 129 0 1 1 0 0 0 0 0 0 0 0 322 164 0 2 2 0 0 0 0 0 0 0 0
180 137 0 1 1 0 0 0 0 0 0 0 0 367 185 0 2 2 0 0 0 0 0 0 0 0
192 143 0 1 1 0 0 0 0 0 0 0 0 372 191 0 2 3 0 0 0 0 0 0 0 0
204 148 0 1 1 0 0 0 0 0 0 0 0 377 194 0 3 3 0 0 0 0 0 0 0 0
207 151 0 1 1 0 0 0 0 0 0 0 0 380 202 0 3 3 0 0 0 0 0 0 0 0
219 158 0 1 1 0 0 0 0 0 0 0 0 394 216 0 3 3 0 0 0 0 0 0 0 0
227 164 0 1 1 0 0 0 0 0 0 0 0 401 221 0 3 3 0 0 0 0 0 0 0 0
230 167 0 1 1 0 0 0 0 0 0 0 0 408 229 0 3 3 0 0 0 0 0 0 0 0
239 172 0 1 1 0 0 0 0 0 0 0 0 411 234 0 3 3 0 0 0 0 0 0 0 0
242 177 0 1 1 0 0 0 0 0 0 0 0 423 240 0 3 3 0 0 0 0 0 0 0 0
258 182 0 1 1 0 0 0 0 0 0 0 0 453 248 0 3 3 0 0 0 0 0 0 0 0
262 190 0 1 1 0 0 0 0 0 0 0 0 460 257 0 3 3 0 0 0 0 0 0 0 0
267 199 0 1 1 0 0 0 0 0 0 0 0 463 262 0 3 3 0 0 0 0 0 0 0 0
271 205 0 1 1 0 0 0 0 0 0 0 0 468 265 0 3 4 0 0 0 0 0 0 0 0
274 208 0 1 1 0 0 0 0 0 0 0 0 471 268 0 3 4 0 0 0 0 0 0 0 0
280 213 0 1 1 0 0 0 0 0 0 0 0 477 275 0 3 4 0 0 0 0 0 0 0 0
288 220 0 2 1 0 0 0 0 0 0 0 0 490 283 0 4 4 0 0 0 0 0 0 0 0
