# scores for worst/random/best/smart move selector strategies. 
# scores are 50% and 95% quantiles (based on 40 games) of: 
# game score, #destroyed, #unlocked, #stripes, #bombs, #zappers
3 3 0 0 0 0 0 0 0 0 0 0 0 6 6 0 0 0 0 0 0 0 0 0 0 0
4 4 0 0 0 0 0 0 0 0 0 0 0 9 9 0 0 0 0 0 0 0 0 0 0 0
7 7 0 0 0 0 0 0 0 0 0 0 0 45 15 0 0 0 0 0 0 0 0 0 0 0
9 9 0 0 0 0 0 0 0 0 0 0 0 140 38 7 1 1 1 0 0 0 0 0 0 0
12 12 0 0 0 0 0 0 0 0 0 0 0 592 118 10 7 2 3 0 0 0 0 0 0 0
15 15 0 0 0 0 0 0 0 0 0 0 0 683 129 13 11 3 4 0 0 0 0 1 0 0
20 18 0 0 0 0 0 0 0 0 0 0 0 829 140 13 12 3 4 0 1 0 1 1 0 0
24 24 0 0 0 0 0 0 0 0 0 0 0 856 145 13 13 3 4 1 1 0 1 1 0 0
66 30 0 0 0 0 0 0 0 0 0 0 0 860 148 13 13 4 4 1 1 0 1 1 0 0
201 44 4 2 1 1 0 0 0 0 0 0 0 944 151 15 13 7 4 1 1 0 1 1 0 0
378 85 7 5 1 2 0 0 0 0 0 0 0 947 157 15 13 7 4 1 1 0 1 1 0 0
533 112 7 6 2 3 0 0 0 0 0 0 0 950 160 15 13 7 4 1 1 0 1 1 0 0
638 121 9 8 3 4 0 0 0 0 0 0 0 953 163 15 13 7 4 1 1 0 1 1 0 0
644 124 9 8 3 4 0 0 0 0 0 0 0 956 169 15 13 7 4 1 1 0 1 1 0 0
649 130 9 8 3 4 0 0 0 0 0 0 0 963 182 15 13 7 4 1 1 0 1 1 0 0
658 134 9 8 3 4 0 0 0 0 0 0 0 967 185 15 13 7 4 1 1 0 1 1 0 0
678 139 9 9 3 4 0 0 0 0 0 0 0 970 188 15 13 7 4 1 1 0 2 1 0 0
683 143 10 9 3 4 0 0 0 0 0 0 0 973 201 15 13 7 4 1 1 0 2 1 0 0
686 146 10 9 3 4 0 0 0 0 0 0 0 976 210 15 14 7 4 1 1 0 2 1 0 0
689 149 10 9 3 4 0 0 0 0 0 0 0 979 213 15 14 7 4 1 1 0 2 1 0 0
700 152 10 9 3 4 0 0 0 0 0 0 0 998 216 15 14 10 4 1 1 0 2 1 1 0
706 155 10 9 3 4 0 0 0 0 0 0 0 1002 226 15 14 10 4 1 1 0 2 1 1 0
710 161 10 9 3 4 0 0 0 0 0 0 0 1008 229 15 14 10 4 1 1 0 2 1 1 0
715 165 10 9 3 4 0 0 0 0 0 0 0 1011 234 15 14 10 4 1 1 0 2 1 1 0
720 169 10 9 3 4 0 0 0 0 0 0 0 1137 237 15 14 13 4 1 1 0 2 1 1 0
723 172 10 9 3 4 0 0 0 0 0 0 0 1141 245 15 14 13 4 1 1 0 2 1 1 0
735 176 10 9 3 4 0 0 0 0 0 0 0 1145 248 15 14 13 4 1 1 0 2 1 1 0
739 180 10 9 3 4 0 0 0 0 0 0 0 1149 251 15 14 13 4 1 1 0 2 1 1 0
746 185 10 9 3 4 0 0 0 0 0 0 0 1152 254 15 14 13 4 1 1 0 2 1 1 0
757 189 10 9 3 4 0 0 0 0 0 0 0 1155 257 15 14 13 4 1 1 0 2 1 1 0
760 194 10 9 3 4 0 0 0 0 0 0 0 1162 260 16 14 13 4 1 1 0 2 1 1 0
770 200 11 10 3 4 0 0 0 0 0 0 0 1166 263 16 15 13 4 1 1 0 2 1 1 0
773 204 11 10 3 4 0 0 0 0 0 0 0 1194 266 16 15 13 4 1 1 0 2 1 1 0
778 207 11 10 3 4 0 0 0 0 0 0 0 1199 274 16 15 13 4 1 1 0 2 1 1 0
782 210 11 10 3 4 0 0 0 0 0 0 0 1203 277 16 15 13 4 1 1 0 2 1 1 0
787 215 11 10 3 4 0 0 0 0 0 0 0 1206 280 16 15 13 5 1 1 0 2 1 1 0
790 219 11 10 3 4 0 0 0 0 0 0 0 1209 289 16 16 13 5 1 1 0 2 1 1 0
794 223 11 10 3 4 0 0 0 0 0 0 0 1214 292 16 16 13 5 1 1 0 2 1 1 0
797 227 11 10 3 4 0 0 0 0 0 0 0 1218 295 16 16 13 5 1 1 0 2 1 1 0
800 230 11 10 3 4 0 0 0 0 0 0 0 1221 298 16 16 13 5 1 1 0 2 1 1 0
803 233 11 10 3 4 0 0 0 0 0 0 0 1224 301 16 16 13 5 1 1 0 2 1 1 0
