# scores for worst/random/best/smart move selector strategies. 
# scores are 50% and 95% quantiles (based on 40 games) of: 
# game score, #destroyed, #unlocked, #stripes, #bombs, #zappers
3 3 0 0 0 0 0 0 0 0 0 0 0 6 6 0 0 0 0 0 0 0 0 0 0 0
6 6 0 0 0 0 0 0 0 0 0 0 0 10 10 0 0 0 0 0 0 0 0 0 0 0
9 9 0 0 0 0 0 0 0 0 0 0 0 667 114 13 9 3 4 0 0 0 0 1 0 0
14 12 0 0 0 0 0 0 0 0 0 0 0 914 134 17 16 9 4 0 0 0 1 1 1 0
39 21 0 0 0 0 0 0 0 0 0 0 0 1063 148 17 16 12 4 1 1 0 1 1 1 0
146 29 5 2 0 1 0 0 0 0 0 0 0 1069 153 17 16 12 4 1 1 0 1 1 1 0
647 103 8 9 3 3 0 0 0 0 0 0 0 1133 156 18 19 15 4 1 1 0 1 1 1 0
689 122 9 9 3 4 0 0 0 0 0 0 0 1247 175 18 19 15 4 1 1 0 1 1 1 0
716 131 9 9 3 4 0 0 0 0 0 0 0 1256 180 18 19 15 4 1 1 0 1 1 1 0
813 139 9 10 3 4 0 0 0 0 0 0 0 1260 187 18 19 15 5 1 1 0 2 1 1 0
851 146 10 10 3 4 0 0 0 0 0 0 0 1333 193 18 20 15 5 1 1 0 2 1 1 0
874 159 11 11 3 4 0 0 0 0 0 0 0 1349 198 18 21 15 5 1 2 0 2 1 1 0
879 170 11 11 3 4 0 0 0 0 0 0 0 1354 207 18 21 15 5 1 2 0 2 1 1 0
900 175 11 11 3 4 0 0 0 0 0 0 0 1364 213 18 21 15 5 1 2 0 2 1 1 0
920 180 11 11 3 4 0 0 0 0 0 0 0 1424 220 18 21 16 5 1 2 0 2 1 1 0
949 188 11 12 4 4 0 0 0 0 0 0 0 1474 229 18 21 17 5 1 2 0 2 1 1 0
955 195 11 12 4 4 0 0 0 0 0 0 0 1478 234 18 21 17 5 1 2 0 2 1 1 0
972 204 11 13 4 4 0 0 0 0 0 0 0 1494 259 18 21 17 5 1 2 0 2 1 1 0
1003 210 11 13 4 4 0 0 0 0 0 0 0 1497 269 18 23 17 5 2 2 0 2 1 1 0
1012 215 11 13 4 4 0 0 0 0 0 0 0 1506 281 18 23 18 5 2 2 0 2 1 1 0
1037 221 11 13 4 4 0 0 0 0 0 0 0 1564 291 18 23 18 5 2 2 0 2 1 1 0
1052 228 11 14 4 4 1 0 0 0 0 0 0 1573 295 18 24 18 5 2 2 0 2 1 1 0
1057 232 11 14 4 4 1 0 0 0 0 0 0 1637 302 18 25 18 6 2 2 0 3 1 1 0
1062 243 11 14 4 4 1 0 0 0 0 0 0 1658 311 18 25 18 6 2 2 0 3 1 1 0
1066 252 11 14 4 4 1 0 0 1 0 0 0 1662 318 18 25 18 6 2 2 0 3 1 1 0
1069 263 11 14 4 4 1 0 0 1 0 0 0 1669 322 18 26 18 6 2 2 0 3 1 1 0
1100 271 11 15 4 4 1 0 0 1 0 0 0 1695 333 18 26 18 6 2 2 0 3 1 1 0
1125 280 11 15 4 4 1 0 0 1 0 0 0 1700 337 18 27 18 6 2 2 0 3 1 1 0
1151 287 11 15 4 4 1 0 0 1 0 0 0 1740 349 18 27 18 6 2 2 0 3 1 1 0
1156 293 11 15 4 4 1 0 0 1 0 0 0 1748 358 18 27 18 6 2 2 0 3 1 1 0
1164 297 11 17 4 4 1 0 0 1 0 0 0 1754 372 18 27 18 6 2 2 0 3 1 1 0
1171 303 11 17 4 5 1 0 0 1 0 0 0 1761 384 18 27 18 6 3 2 0 3 1 1 0
1178 309 11 17 4 5 1 0 0 1 0 0 0 1764 387 18 27 18 6 3 2 0 3 1 1 0
1249 318 11 17 4 5 1 0 0 1 0 0 0 1784 394 18 30 18 7 3 2 0 3 1 1 0
1275 324 11 17 4 5 1 0 0 1 1 0 0 1805 399 18 31 18 7 3 2 0 3 1 1 0
1278 328 11 17 4 5 1 0 0 1 1 0 0 1824 404 18 31 18 7 3 2 0 3 1 1 0
1313 333 11 17 4 5 1 0 0 1 1 0 0 1828 412 18 31 18 7 3 2 0 3 1 1 0
1366 344 11 18 5 5 1 1 0 1 1 0 0 1831 419 18 33 18 7 3 2 0 3 1 1 0
1403 349 11 18 5 5 1 1 0 1 1 0 0 1836 428 18 33 18 7 3 3 0 3 1 1 0
1415 356 11 19 5 5 1 1 0 1 1 0 0 1842 437 18 33 18 7 3 3 0 3 1 1 0
1419 363 11 19 5 5 1 1 0 1 1 0 0 1849 449 18 33 18 7 3 3 0 3 1 1 0
