# scores for worst/random/best/smart move selector strategies. 
# scores are 50% and 95% quantiles (based on 40 games) of: 
# game score, #destroyed, #unlocked, #stripes, #bombs, #zappers
0 0 0 0 0 0 0 0 0 0 0 0 0 7 7 0 0 0 0 0 0 0 0 0 0 0
3 3 0 0 0 0 0 0 0 0 0 0 0 37 14 0 0 0 0 0 0 0 0 0 0 0
6 6 0 0 0 0 0 0 0 0 0 0 0 40 17 0 0 0 0 0 0 0 0 0 0 0
6 6 0 0 0 0 0 0 0 0 0 0 0 71 25 1 0 0 0 0 0 0 0 0 0 0
9 9 0 0 0 0 0 0 0 0 0 0 0 289 65 7 4 1 1 0 0 0 0 0 0 0
9 9 0 0 0 0 0 0 0 0 0 0 0 712 117 9 10 3 4 0 0 0 0 0 0 0
12 12 0 0 0 0 0 0 0 0 0 0 0 717 120 12 10 3 4 0 0 0 0 0 0 0
15 15 0 0 0 0 0 0 0 0 0 0 0 750 125 12 10 3 4 0 0 0 0 0 0 0
20 18 0 0 0 0 0 0 0 0 0 0 0 753 131 12 10 4 4 0 0 0 0 0 0 0
24 21 0 0 0 0 0 0 0 0 0 0 0 757 134 12 10 4 4 0 0 0 0 0 0 0
37 27 0 0 0 0 0 0 0 0 0 0 0 760 146 12 10 4 4 0 0 0 0 0 0 0
66 32 1 1 0 0 0 0 0 0 0 0 0 765 154 12 11 4 4 0 0 0 0 0 0 0
136 40 2 1 1 0 0 0 0 0 0 0 0 768 157 12 11 4 4 0 0 0 0 0 0 0
192 47 2 1 1 0 0 0 0 0 0 0 0 771 160 12 11 4 4 0 0 0 0 0 0 0
238 58 2 2 1 1 0 0 0 0 0 0 0 774 166 13 11 4 4 0 0 0 0 0 0 0
248 63 2 3 1 1 0 0 0 0 0 0 0 781 169 13 11 4 4 0 0 0 0 0 0 0
257 72 4 3 1 1 0 0 0 0 0 0 0 784 173 13 11 4 4 0 0 0 0 0 0 0
260 75 4 3 1 1 0 0 0 0 0 0 0 787 176 13 11 4 4 0 0 0 0 0 0 0
263 78 4 3 1 1 0 0 0 0 0 0 0 804 179 13 11 4 4 0 0 0 0 0 0 0
268 83 4 3 1 1 0 0 0 0 0 0 0 808 184 13 11 4 4 0 0 0 0 0 0 0
429 99 6 4 2 2 0 0 0 0 0 0 0 811 191 13 11 4 4 0 0 0 0 0 0 0
455 118 6 5 2 3 0 0 0 0 0 0 0 814 194 13 11 4 4 0 0 0 0 0 0 0
458 121 6 5 2 3 0 0 0 0 0 0 0 817 197 13 11 4 4 0 0 0 0 0 0 0
519 140 6 6 2 3 0 0 0 0 0 0 0 820 203 13 11 4 4 0 0 0 0 0 0 0
522 143 6 6 2 3 0 0 0 0 0 0 0 823 206 13 11 4 4 0 0 0 0 0 0 0
647 155 6 8 2 4 0 0 0 0 0 0 0 826 211 13 11 4 4 0 0 0 0 0 0 0
650 159 6 8 2 4 0 0 0 0 0 0 0 829 214 13 11 4 4 0 0 0 0 0 0 0
684 163 6 8 3 4 0 0 0 0 0 0 0 832 217 14 11 4 4 0 0 0 0 0 0 0
700 168 6 8 3 4 0 0 0 0 0 0 0 835 220 14 11 4 4 0 0 0 0 0 0 0
711 171 6 8 3 4 0 0 0 0 0 0 0 840 223 14 11 4 4 0 0 0 0 0 0 0
714 174 6 8 3 4 0 0 0 0 0 0 0 843 226 14 11 4 4 0 0 0 0 0 0 0
717 177 6 8 3 4 0 0 0 0 0 0 0 846 229 14 11 4 4 0 0 0 0 0 0 0
720 180 6 8 3 4 0 0 0 0 0 0 0 850 232 14 11 4 4 0 0 0 0 0 0 0
723 183 7 9 3 4 0 0 0 0 0 0 0 853 235 14 11 4 4 0 0 0 0 0 0 0
726 186 7 9 3 4 0 0 0 0 0 0 0 856 239 14 11 4 4 0 0 0 0 0 0 0
729 189 7 9 3 4 0 0 0 0 0 0 0 861 242 14 11 4 4 0 0 0 0 0 0 0
733 193 7 9 3 4 0 0 0 0 0 0 0 864 245 14 11 4 4 0 0 0 0 0 0 0
739 197 7 9 3 4 0 0 0 0 0 0 0 867 248 14 11 4 4 0 0 0 0 0 0 0
742 200 7 9 3 4 0 0 0 0 0 0 0 870 251 14 11 4 4 0 0 0 0 0 0 0
745 203 7 9 3 4 0 0 0 0 0 0 0 873 254 14 11 4 4 0 0 0 0 0 0 0
748 206 7 9 3 4 0 0 0 0 0 0 0 877 257 14 11 4 4 0 0 0 0 0 0 0
