# scores for worst/random/best/smart move selector strategies. 
# scores are 50% and 95% quantiles (based on 40 games) of: 
# game score, #destroyed, #unlocked, #stripes, #bombs, #zappers
3 3 0 0 0 0 0 0 0 0 0 0 0 9 9 0 0 0 0 0 0 0 0 0 0 0
9 9 0 0 0 0 0 0 0 0 0 0 0 16 16 0 0 0 0 0 0 0 0 0 0 0
12 12 0 0 0 0 0 0 0 0 0 0 0 21 20 0 0 0 0 0 0 0 0 0 0 0
15 15 0 0 0 0 0 0 0 0 0 0 0 27 25 0 0 0 0 0 0 0 0 0 0 0
18 18 0 0 0 0 0 0 0 0 0 0 0 35 30 0 0 0 0 0 0 0 0 0 0 0
24 24 0 0 0 0 0 0 0 0 0 0 0 42 34 0 0 0 0 0 0 0 0 0 0 0
28 27 0 0 0 0 0 0 0 0 0 0 0 50 43 1 1 0 0 0 0 0 0 0 0 0
33 31 0 0 0 0 0 0 0 0 0 0 0 53 49 1 1 0 0 0 0 0 0 0 0 0
37 36 0 0 0 0 0 0 0 0 0 0 0 68 56 1 1 0 0 0 0 0 0 0 0 0
45 42 0 0 0 0 0 0 0 0 0 0 0 80 61 2 1 0 0 0 0 0 0 0 0 0
49 48 0 0 0 0 0 0 0 0 0 0 0 90 68 2 1 0 0 0 0 0 0 0 0 0
53 51 0 0 0 0 0 0 0 0 0 0 0 108 75 2 1 0 0 0 0 0 0 0 0 0
57 55 0 0 0 0 0 0 0 0 0 0 0 112 80 2 1 0 0 0 0 0 0 0 0 0
63 60 0 0 0 0 0 0 0 0 0 0 0 118 88 2 1 0 0 0 0 0 0 0 0 0
69 65 0 0 0 0 0 0 0 0 0 0 0 121 91 2 1 0 0 0 0 0 0 0 0 0
72 69 0 0 0 0 0 0 0 0 0 0 0 131 95 2 1 0 0 0 0 0 0 0 0 0
80 72 0 0 0 0 0 0 0 0 0 0 0 134 98 2 1 0 0 0 0 0 0 0 0 0
87 77 0 0 0 0 0 0 0 0 0 0 0 137 101 2 1 1 0 0 0 0 0 0 0 0
94 81 0 0 0 0 0 0 0 0 0 0 0 145 111 2 2 1 0 0 0 0 0 0 0 0
99 87 0 0 0 0 0 0 0 0 0 0 0 153 117 2 2 1 0 0 0 0 0 0 0 0
104 94 0 0 0 0 0 0 0 0 0 0 0 157 121 2 2 1 0 0 0 0 0 0 0 0
110 99 0 0 0 0 0 0 0 0 0 0 0 169 125 3 2 1 0 0 0 0 0 0 0 0
119 105 0 0 0 0 0 0 0 0 0 0 0 181 133 3 2 1 0 0 0 0 0 0 0 0
128 111 0 0 0 0 0 0 0 0 0 0 0 184 136 3 2 1 0 0 0 0 0 0 0 0
138 116 0 0 0 0 0 0 0 0 0 0 0 188 144 4 2 1 0 0 0 0 0 0 0 0
142 124 0 0 0 0 0 0 0 0 0 0 0 195 147 4 2 1 0 0 0 0 0 0 0 0
149 128 0 1 0 0 0 0 0 0 0 0 0 214 155 5 2 1 0 0 0 0 0 0 0 0
152 134 0 1 0 0 0 0 0 0 0 0 0 223 158 5 2 1 0 0 0 0 0 0 0 0
155 137 0 1 0 0 0 0 0 0 0 0 0 226 168 5 2 1 0 0 0 0 0 0 0 0
159 142 0 1 0 0 0 0 0 0 0 0 0 250 174 5 2 1 0 0 0 0 0 0 0 0
172 151 0 1 0 0 0 0 0 0 0 0 0 273 179 5 2 1 0 0 0 0 0 0 0 0
177 154 0 1 0 0 0 0 0 0 0 0 0 276 184 5 2 1 0 0 0 0 0 0 0 0
180 158 0 1 0 0 0 0 0 0 0 0 0 281 191 5 2 1 0 0 0 0 0 0 0 0
184 163 0 1 0 0 0 0 0 0 0 0 0 284 200 5 2 1 0 0 0 0 0 0 0 0
194 167 0 1 0 0 0 0 0 0 0 0 0 287 203 5 2 1 0 0 0 0 0 0 0 0
199 174 0 1 0 0 0 0 0 0 0 0 0 322 212 5 2 2 0 0 0 0 0 0 0 0
205 180 0 1 0 0 0 0 0 0 0 0 0 325 216 5 2 2 0 0 0 0 0 0 0 0
210 184 0 1 0 0 0 0 0 0 0 0 0 328 223 5 2 2 0 0 0 0 0 0 0 0
214 187 0 1 0 0 0 0 0 0 0 0 0 334 228 5 2 2 0 0 0 0 0 0 0 0
217 190 0 1 0 0 0 0 0 0 0 0 0 337 231 5 2 2 0 0 0 0 0 0 0 0
225 195 1 1 0 0 0 0 0 0 0 0 0 343 235 5 2 2 0 0 0 0 0 0 0 0
