# scores for worst/random/best/smart move selector strategies. 
# scores are 50% and 95% quantiles (based on 40 games) of: 
# game score, #destroyed, #unlocked, #stripes, #bombs, #zappers
15 15 0 0 0 0 0 0 0 0 0 0 0 150 57 3 1 2 0 0 0 0 0 0 0 0
58 39 0 0 0 0 0 0 0 0 0 0 0 403 167 9 3 4 1 0 0 0 0 0 0 0
176 76 2 1 1 0 0 0 0 0 0 0 0 1008 291 14 16 7 3 1 0 0 1 1 0 0
288 129 4 3 1 1 0 0 0 0 0 0 0 1316 451 15 19 11 6 1 1 0 2 1 0 0
667 225 6 6 3 1 0 0 0 1 0 0 0 2209 622 16 27 22 8 1 1 0 2 1 0 0
993 336 8 8 7 2 0 0 0 1 0 0 0 2539 809 16 28 35 10 1 1 1 3 1 1 1
1390 394 9 10 10 3 0 0 0 1 0 0 0 3486 1019 16 35 43 12 1 2 1 3 1 1 1
1709 500 9 12 12 3 0 0 0 1 0 0 0 4291 1221 16 42 45 15 1 2 1 4 1 1 1
1718 588 9 15 13 4 0 0 0 2 0 0 0 4726 1320 16 44 60 18 2 2 1 4 1 2 1
2492 684 9 21 20 6 0 0 0 2 0 0 0 5255 1401 16 45 63 18 2 2 1 5 1 2 1
2904 761 9 26 25 7 0 0 0 2 0 0 0 6491 1714 16 55 64 23 2 2 2 5 2 2 1
3110 865 9 29 27 7 0 0 0 3 0 0 0 7123 1785 16 70 78 23 2 2 2 6 2 2 1
3708 972 9 32 31 8 0 0 0 3 1 0 0 7496 1879 16 72 84 25 2 2 2 6 2 3 1
3982 1064 9 34 36 9 0 1 0 3 1 0 0 7888 1954 16 82 85 26 2 2 2 6 2 3 1
4529 1164 9 43 46 11 0 1 0 3 1 1 0 7926 2156 16 85 95 29 2 2 2 7 2 3 1
4833 1312 9 43 48 12 1 1 1 4 1 1 0 8223 2263 16 89 96 29 2 2 2 7 3 3 2
5631 1444 9 46 54 15 1 1 1 4 1 1 0 9120 2428 16 93 103 32 2 2 2 7 3 3 2
5965 1517 9 49 57 15 1 1 1 4 1 1 0 9841 2512 16 99 105 35 2 2 3 8 3 3 2
6457 1636 9 57 61 17 1 1 1 4 1 1 0 10146 2632 16 108 118 35 2 3 3 8 3 3 2
6701 1711 9 62 63 17 1 1 1 4 1 1 0 10433 2720 16 109 119 36 2 3 3 9 3 3 2
7151 1773 9 64 65 18 1 1 1 4 1 1 1 10639 2768 16 113 124 36 2 3 3 9 3 4 2
7362 1818 9 67 68 19 1 1 1 5 1 1 1 10729 2811 16 114 125 36 2 3 3 9 3 4 2
8179 1905 9 73 71 21 1 1 1 5 1 1 1 10957 2846 16 117 127 36 2 3 3 9 4 4 2
8324 2049 9 75 73 23 1 1 1 5 1 1 1 11220 2989 16 124 134 36 2 3 3 9 4 4 2
8581 2131 9 77 73 23 1 1 1 5 1 1 1 11704 3043 16 137 135 37 3 3 3 9 4 4 2
8616 2274 9 79 77 23 1 1 1 6 1 1 1 12125 3195 16 139 138 39 3 3 3 9 4 4 2
8961 2307 9 80 79 24 2 1 1 6 1 1 1 12643 3341 16 141 139 40 3 4 3 9 4 4 2
9535 2556 9 84 86 25 2 1 1 6 2 1 1 13361 3631 16 145 147 42 3 4 3 10 4 5 2
9738 2619 9 86 93 25 2 2 1 6 2 1 1 13801 3755 16 150 151 44 3 4 3 10 4 5 2
10258 2634 9 91 94 27 2 2 2 6 2 1 1 14021 3788 16 150 151 45 3 4 3 11 4 5 2
10687 2751 9 93 94 28 2 2 2 6 2 2 1 14277 3990 16 155 152 47 3 4 3 11 4 5 3
10875 2879 9 97 96 29 2 2 2 7 2 2 1 14831 4072 16 159 161 48 4 4 4 11 4 5 3
11342 2966 9 101 99 29 2 2 2 7 2 2 1 15579 4137 16 160 164 50 4 4 4 12 4 5 3
12019 3043 9 105 104 31 2 2 2 7 2 2 1 15608 4226 16 162 176 52 4 4 4 12 4 5 3
12336 3105 9 109 113 33 2 2 2 7 2 2 1 15928 4399 16 169 176 52 4 4 4 13 4 5 3
12463 3155 9 114 113 34 2 2 2 7 2 2 1 16193 4549 16 173 178 53 4 5 4 13 4 5 3
13034 3169 9 115 120 34 2 2 2 7 2 2 1 16876 4617 16 174 180 54 4 5 4 13 4 5 3
13124 3277 9 122 121 35 2 2 2 8 2 2 1 17680 4698 16 176 190 55 4 5 4 13 4 5 3
13247 3352 9 122 124 35 2 2 2 8 2 2 1 17795 4772 16 179 197 55 4 5 4 13 5 5 3
13712 3453 9 126 130 37 2 2 2 8 2 2 1 18854 4893 16 180 201 58 4 5 4 13 5 5 3
13987 3547 9 130 136 37 2 2 2 9 2 2 1 19478 5071 16 183 203 61 4 5 4 13 5 5 3
