# scores for worst/random/best/smart move selector strategies. 
# scores are 50% and 95% quantiles (based on 40 games) of: 
# game score, #destroyed, #unlocked, #stripes, #bombs, #zappers
15 15 0 0 0 0 0 0 0 0 0 0 0 150 57 3 1 2 0 0 0 0 0 0 0 0
31 23 0 0 0 0 0 0 0 0 0 0 0 360 129 6 3 3 0 0 0 0 0 0 0 0
48 45 0 0 0 0 0 0 0 0 0 0 0 441 159 7 5 4 0 0 0 0 0 0 0 0
161 80 2 1 0 0 0 0 0 0 0 0 0 747 273 9 7 6 1 0 0 0 0 0 0 0
196 110 2 1 1 0 0 0 0 0 0 0 0 981 351 11 9 7 1 0 0 0 1 0 0 0
243 141 3 2 2 0 0 0 0 0 0 0 0 1104 379 11 9 9 3 0 0 0 1 0 0 0
392 196 5 3 3 0 0 0 0 0 0 0 0 1306 422 11 12 13 4 0 0 0 1 0 0 0
524 233 6 4 4 1 0 0 0 0 0 0 0 1364 490 13 15 14 4 0 0 0 1 0 0 0
708 294 6 5 5 1 0 0 0 0 0 0 0 2110 747 14 19 17 6 0 0 0 1 0 0 0
909 349 6 7 5 1 0 0 0 0 0 0 0 3085 1053 14 28 22 9 0 0 0 2 0 0 0
1011 385 6 8 7 1 0 0 0 0 0 0 0 3089 1057 14 29 23 11 0 0 0 2 0 0 0
1015 395 7 10 7 2 0 0 0 0 0 0 0 3120 1082 14 32 23 11 0 1 0 2 0 0 0
1092 427 7 10 8 2 0 0 0 0 0 0 0 4056 1357 14 35 32 13 0 1 0 2 0 0 0
1212 474 8 10 10 2 0 0 0 0 0 0 0 4061 1364 15 35 32 13 0 1 0 2 0 0 0
1340 495 8 11 10 3 0 0 0 0 0 0 0 4173 1420 15 36 33 14 0 1 0 2 0 0 0
1595 543 8 12 12 3 0 0 0 0 0 0 0 4418 1494 15 37 34 16 0 1 0 2 0 0 0
1734 607 8 13 12 4 0 0 0 1 0 0 0 4761 1620 15 37 37 17 0 1 0 2 0 0 0
1861 635 8 14 15 4 0 0 0 1 0 0 0 4766 1624 15 37 37 17 0 1 0 2 0 0 0
2099 671 8 17 15 6 0 0 0 1 0 0 0 4886 1651 15 42 38 18 0 1 0 3 0 0 0
2191 748 8 17 15 6 0 0 0 1 0 0 0 4892 1654 15 42 38 20 0 1 0 3 0 0 0
2372 817 8 17 18 6 0 0 0 1 0 0 0 4950 1677 15 42 39 20 0 1 0 3 0 1 0
2500 840 8 21 22 6 0 0 0 1 0 0 0 5758 1931 15 43 39 23 0 1 0 3 0 1 0
2644 908 8 21 24 7 0 0 0 1 0 0 0 6423 2050 15 45 43 24 0 1 0 3 0 1 0
2867 986 8 22 25 7 0 0 0 1 0 0 0 6504 2083 15 45 44 25 1 1 0 3 0 1 0
3117 1084 8 24 25 8 0 0 0 1 0 0 0 6565 2112 15 45 44 25 1 1 0 3 0 1 0
3298 1142 8 26 26 8 0 0 0 1 0 0 0 7116 2339 15 50 57 26 1 1 0 3 0 1 0
3375 1163 8 26 28 8 0 0 0 1 0 0 0 7545 2473 15 58 59 28 1 1 0 4 0 1 0
3509 1218 8 26 28 8 0 0 0 1 0 0 0 7552 2479 15 65 59 28 1 1 0 4 1 1 0
3786 1270 8 28 30 9 0 0 0 1 0 0 0 7831 2572 15 66 62 30 1 1 0 4 1 1 0
4001 1354 8 29 31 10 0 0 0 1 0 0 0 8176 2683 15 66 62 30 1 1 0 4 1 1 0
4177 1446 8 31 32 10 0 0 0 1 0 0 0 8441 2780 15 67 62 30 1 1 0 4 1 1 0
4183 1493 8 31 32 10 0 0 0 1 0 0 0 8451 2790 15 69 64 30 1 1 0 4 1 1 1
4235 1514 8 34 34 10 0 0 0 1 0 0 0 9199 2899 15 71 67 31 1 1 0 4 1 1 1
4304 1528 8 35 36 11 0 0 0 1 0 0 0 9600 3082 15 74 69 34 1 1 1 5 1 1 1
4466 1557 8 37 38 11 0 0 0 2 0 0 0 9956 3101 15 75 71 34 1 1 1 5 1 1 1
4629 1573 8 39 38 11 0 0 0 2 0 0 0 10424 3220 15 75 79 38 1 1 1 5 1 1 1
4805 1600 8 39 40 12 0 0 0 2 0 0 0 10460 3243 15 75 79 38 1 1 1 5 1 1 1
4954 1648 8 41 40 12 0 0 0 2 0 0 0 10469 3296 15 77 81 41 1 1 1 5 1 1 1
5036 1713 8 43 41 12 0 0 0 2 0 0 0 10483 3310 15 78 81 41 1 1 1 5 1 1 1
5088 1765 8 45 43 12 0 0 0 2 0 0 0 10945 3395 15 81 92 41 1 1 1 5 1 1 1
5187 1768 8 45 43 12 0 0 0 2 0 0 0 11034 3463 15 84 93 41 1 1 1 5 1 1 1
