# scores for worst/random/best/smart move selector strategies. 
# scores are 50% and 95% quantiles (based on 40 games) of: 
# game score, #destroyed, #unlocked, #stripes, #bombs, #zappers
0 0 0 0 0 0 0 0 0 0 0 0 0 9 9 0 0 0 0 0 0 0 0 0 0 0
6 6 0 0 0 0 0 0 0 0 0 0 0 13 13 0 0 0 0 0 0 0 0 0 0 0
9 9 0 0 0 0 0 0 0 0 0 0 0 16 16 0 0 0 0 0 0 0 0 0 0 0
12 12 0 0 0 0 0 0 0 0 0 0 0 360 50 9 6 2 0 0 0 0 0 0 0 0
15 15 0 0 0 0 0 0 0 0 0 0 0 587 80 11 10 4 2 1 0 0 0 0 0 0
18 18 0 0 0 0 0 0 0 0 0 0 0 618 84 11 10 4 2 1 0 0 0 0 0 0
21 21 0 0 0 0 0 0 0 0 0 0 0 703 114 14 13 4 2 1 0 0 0 0 0 0
24 24 0 0 0 0 0 0 0 0 0 0 0 711 117 15 14 5 2 1 0 1 0 0 0 0
31 30 0 0 0 0 0 0 0 0 0 0 0 723 124 17 14 5 2 1 0 1 0 0 0 0
87 39 0 0 0 0 0 0 0 0 0 0 0 727 127 17 14 5 2 1 1 1 1 0 0 0
161 56 3 0 2 1 0 0 0 0 0 0 0 807 146 19 17 5 2 1 1 1 1 1 0 0
281 80 7 2 2 1 0 0 0 0 0 0 0 812 154 19 17 5 2 1 1 1 1 1 0 0
550 106 8 8 3 1 0 0 0 0 0 0 0 830 159 19 18 5 2 1 1 1 1 1 0 0
621 116 9 9 4 2 0 0 0 0 0 0 0 835 165 19 19 5 2 1 1 1 1 1 0 0
659 126 10 10 4 2 0 0 0 0 0 0 0 839 173 19 19 5 2 1 1 1 1 1 0 0
664 132 11 10 4 2 0 0 0 0 0 0 0 842 178 19 19 5 2 1 1 1 1 1 0 0
680 139 12 11 4 2 0 0 0 0 0 0 0 913 189 19 20 5 2 1 1 1 1 1 0 0
689 143 13 11 4 2 0 0 0 0 0 0 0 919 194 19 20 5 2 2 1 1 1 1 0 0
710 149 13 11 4 2 0 0 0 0 0 0 0 955 201 19 20 5 2 2 1 1 1 1 0 0
713 153 13 11 4 2 0 0 0 0 0 0 0 958 204 19 20 5 2 2 1 1 1 1 0 0
718 156 13 11 4 2 0 0 0 0 0 0 0 961 207 19 20 5 2 2 1 1 1 1 0 0
731 162 13 12 4 2 0 0 0 0 0 0 0 981 214 19 21 5 2 2 1 1 1 1 0 0
734 166 13 12 4 2 0 0 0 0 0 0 0 984 219 19 21 5 2 2 1 1 1 1 0 0
742 173 13 12 4 2 0 0 0 0 0 0 0 1047 225 19 22 5 3 2 1 1 1 1 0 0
746 178 13 12 4 2 0 0 0 0 0 0 0 1050 229 19 22 5 3 2 1 1 1 1 0 0
759 185 13 12 4 2 0 0 0 0 0 0 0 1053 233 19 22 5 3 2 1 1 1 1 0 0
771 190 13 12 4 2 1 0 0 0 0 0 0 1057 236 19 22 5 3 2 1 1 1 1 0 0
778 195 13 12 4 2 1 0 0 0 0 0 0 1077 240 19 23 5 3 2 1 1 1 1 0 0
788 199 13 13 4 2 1 0 0 0 0 0 0 1092 244 19 23 5 3 2 1 1 1 1 0 0
801 205 13 13 4 2 1 0 0 0 0 0 0 1098 250 19 23 5 3 2 1 1 1 1 0 0
819 208 13 13 4 2 1 0 0 0 0 0 0 1104 255 19 23 5 3 2 1 1 1 1 0 0
829 215 13 13 4 2 1 0 0 0 0 0 0 1108 259 19 23 5 3 2 1 1 1 1 0 0
833 219 13 13 4 2 1 0 0 0 0 0 0 1112 264 19 23 5 3 2 1 1 1 1 0 0
844 223 13 13 4 2 1 0 0 0 0 0 0 1152 269 19 24 5 3 2 1 1 1 1 0 0
850 227 13 13 4 2 1 0 0 0 0 0 0 1157 273 19 24 5 3 2 1 1 1 1 0 0
854 234 13 14 4 2 1 0 0 0 0 0 0 1160 276 19 24 5 3 2 1 1 1 1 0 0
872 241 13 14 4 2 1 0 0 0 0 0 0 1182 283 19 25 5 3 2 1 1 1 1 0 0
884 245 13 14 4 2 1 0 0 0 0 0 0 1227 304 19 25 5 3 2 1 1 1 1 0 0
903 248 13 14 4 2 1 0 0 0 0 0 0 1230 309 19 25 5 3 2 1 1 1 1 0 0
921 253 13 14 4 2 1 0 0 0 0 0 0 1248 312 19 25 5 3 2 1 1 2 1 0 0
927 257 13 14 4 2 1 0 1 0 0 0 0 1273 319 19 25 6 3 2 1 1 2 1 0 0
