# scores for worst/random/best/smart move selector strategies. 
# scores are 50% and 95% quantiles (based on 40 games) of: 
# game score, #destroyed, #unlocked, #stripes, #bombs, #zappers
0 0 0 0 0 0 0 0 0 0 0 0 0 8 8 0 0 0 0 0 0 0 0 0 0 0
3 3 0 0 0 0 0 0 0 0 0 0 0 12 12 0 0 0 0 0 0 0 0 0 0 0
7 7 0 0 0 0 0 0 0 0 0 0 0 15 15 0 0 0 0 0 0 0 0 0 0 0
12 12 0 0 0 0 0 0 0 0 0 0 0 19 19 0 0 0 0 0 0 0 0 0 0 0
15 15 0 0 0 0 0 0 0 0 0 0 0 586 80 10 9 4 2 0 0 0 0 0 0 0
18 18 0 0 0 0 0 0 0 0 0 0 0 614 87 12 10 4 2 1 0 0 1 0 0 0
21 21 0 0 0 0 0 0 0 0 0 0 0 624 102 13 10 4 2 1 0 0 1 0 0 0
25 25 0 0 0 0 0 0 0 0 0 0 0 629 107 13 10 4 2 1 0 0 1 0 0 0
28 28 0 0 0 0 0 0 0 0 0 0 0 637 117 13 10 4 2 1 0 0 1 0 0 0
30 30 0 0 0 0 0 0 0 0 0 0 0 646 129 13 10 4 2 1 0 0 1 0 0 0
36 34 0 0 0 0 0 0 0 0 0 0 0 659 133 15 11 5 2 1 0 0 1 0 0 0
44 39 0 0 0 0 0 0 0 0 0 0 0 662 136 15 11 5 2 1 0 0 1 0 0 0
69 48 1 1 0 0 0 0 0 0 0 0 0 709 139 15 11 5 2 1 0 0 1 0 0 0
360 92 4 2 3 1 0 0 0 0 0 0 0 712 145 15 11 5 2 1 0 1 1 0 0 0
482 107 6 6 4 1 0 0 0 0 0 0 0 715 153 15 11 5 2 1 0 1 1 0 0 0
601 113 7 10 4 2 0 0 0 0 0 0 0 718 157 15 11 5 2 1 0 1 1 0 0 0
605 119 7 10 4 2 0 0 0 0 0 0 0 721 162 15 11 5 2 2 0 1 1 0 0 0
630 124 7 10 4 2 0 0 0 0 0 0 0 728 165 15 11 5 2 2 0 1 1 0 0 0
636 127 7 10 4 2 0 0 0 0 0 0 0 732 168 15 11 5 2 2 0 1 1 0 0 0
648 132 7 10 4 2 0 0 0 0 0 0 0 736 173 15 12 5 2 2 0 1 1 0 0 0
658 139 8 10 4 2 0 0 0 0 0 0 0 739 176 15 12 5 2 2 1 1 1 0 0 0
661 143 10 10 4 2 0 0 0 0 0 0 0 758 183 17 12 5 2 2 1 1 1 0 0 0
665 147 10 10 4 2 0 0 0 0 0 0 0 763 186 17 12 5 2 2 1 1 1 0 0 0
669 152 11 10 4 2 0 0 0 0 0 0 0 766 189 17 12 5 2 2 1 1 1 0 0 0
674 158 11 10 4 2 0 0 0 0 0 0 0 783 192 17 12 5 2 2 1 1 1 0 0 0
678 161 11 10 4 2 0 0 0 0 0 0 0 788 195 17 12 5 2 2 1 1 1 0 0 0
681 164 11 10 4 2 0 0 0 0 0 0 0 792 198 17 12 5 2 2 1 1 1 0 0 0
685 171 11 10 4 2 0 0 0 0 0 0 0 802 202 17 13 5 2 2 1 1 1 0 0 0
688 174 11 10 4 2 0 0 0 0 0 0 0 805 205 17 13 5 2 2 1 1 1 0 0 0
692 179 11 10 4 2 1 0 0 0 0 0 0 808 210 17 13 5 2 2 1 1 1 0 0 0
704 183 11 10 4 2 1 0 0 0 0 0 0 821 215 17 13 5 2 2 1 1 1 0 0 0
715 187 11 10 4 2 1 0 0 0 0 0 0 824 218 17 13 5 2 2 1 1 1 0 0 0
720 191 11 10 4 2 1 0 0 0 0 0 0 827 221 17 13 5 2 2 1 1 1 0 0 0
723 194 11 10 4 2 1 0 0 0 0 0 0 830 226 17 13 5 2 2 1 1 1 0 0 0
729 197 11 10 4 2 1 0 0 0 0 0 0 833 230 17 13 5 2 2 1 1 1 0 0 0
733 202 11 10 4 2 1 0 0 0 0 0 0 856 236 17 13 5 3 2 1 1 1 0 0 0
736 205 11 10 4 2 1 0 0 0 0 0 0 859 240 17 13 5 3 2 1 1 1 0 0 0
739 210 11 10 4 2 1 0 0 0 0 0 0 862 243 17 13 5 3 2 1 1 1 0 0 0
745 214 11 10 4 2 1 0 0 0 0 0 0 865 248 17 13 5 3 2 1 1 1 0 0 0
756 217 11 10 4 2 1 0 0 0 0 0 0 886 257 17 13 5 3 2 1 1 1 0 0 0
762 220 11 10 4 2 1 0 0 0 0 0 0 892 266 17 13 5 3 2 1 1 1 0 0 0
