# scores for worst/random/best/smart move selector strategies. 
# scores are 50% and 95% quantiles (based on 40 games) of: 
# game score, #destroyed, #unlocked, #stripes, #bombs, #zappers
0 0 0 0 0 0 0 0 0 0 0 0 0 8 8 0 0 0 0 0 0 0 0 0 0 0
6 6 0 0 0 0 0 0 0 0 0 0 0 12 12 0 0 0 0 0 0 0 0 0 0 0
10 10 0 0 0 0 0 0 0 0 0 0 0 410 64 8 7 3 1 0 0 0 0 0 0 0
15 15 0 0 0 0 0 0 0 0 0 0 0 620 98 12 10 4 1 0 0 0 0 0 0 0
19 19 0 0 0 0 0 0 0 0 0 0 0 654 110 17 13 4 2 0 0 1 0 0 0 0
24 24 0 0 0 0 0 0 0 0 0 0 0 811 118 19 19 4 2 0 1 1 0 1 0 0
61 30 0 1 0 0 0 0 0 0 0 0 0 814 134 19 19 5 2 1 1 1 0 1 0 0
67 36 0 1 0 0 0 0 0 0 0 0 0 851 139 19 20 5 2 1 1 1 0 1 0 0
98 39 1 2 0 0 0 0 0 0 0 0 0 905 157 19 21 5 2 1 1 1 0 1 0 0
266 76 5 3 2 0 0 0 0 0 0 0 0 918 166 19 21 5 2 1 1 1 0 1 0 0
611 112 9 9 4 1 0 0 0 0 0 0 0 942 180 20 22 5 2 2 1 1 0 1 0 0
664 125 12 11 4 2 0 0 0 0 0 0 0 988 194 20 23 5 3 2 1 1 1 1 0 0
697 131 13 11 4 2 0 0 0 0 0 0 0 1036 208 20 23 5 3 2 1 1 1 1 0 0
714 138 14 11 4 2 1 0 0 0 0 0 0 1041 214 20 23 5 3 2 1 1 1 1 0 0
725 150 14 11 4 2 1 0 0 0 0 0 0 1047 219 20 23 5 3 2 1 1 1 1 0 0
742 155 14 12 4 2 1 0 0 0 0 0 0 1055 225 20 23 5 3 2 1 1 1 1 0 0
783 163 14 12 4 2 1 0 0 0 0 0 0 1060 232 20 23 5 3 2 1 1 1 1 0 0
791 173 14 12 4 2 1 0 0 0 0 0 0 1065 237 20 23 5 3 2 1 1 1 1 0 0
796 178 14 13 4 2 1 0 0 0 0 0 0 1135 243 20 24 5 3 2 1 1 1 1 0 0
814 188 14 13 4 2 1 0 0 0 0 0 0 1140 256 20 24 5 3 2 1 1 1 1 0 0
834 201 14 13 4 2 1 0 0 0 0 0 0 1146 261 20 24 5 3 2 1 1 1 1 0 0
845 205 14 14 4 2 1 0 0 0 0 0 0 1200 273 20 24 5 4 2 1 1 1 1 0 0
864 208 14 14 4 2 1 0 0 0 0 0 0 1206 283 20 24 6 4 2 1 1 1 1 0 0
887 216 14 14 4 2 1 0 0 0 0 0 0 1225 289 20 25 6 4 2 1 1 2 1 0 0
911 223 14 14 4 2 1 0 0 0 0 0 0 1233 296 20 26 6 4 3 1 1 2 1 0 0
915 231 14 14 4 2 1 0 0 0 0 0 0 1238 299 20 26 6 4 3 1 1 2 1 0 0
921 237 14 15 4 2 1 0 0 0 0 0 0 1249 307 20 26 6 4 3 1 1 2 1 0 0
937 250 14 15 4 2 1 0 0 0 0 0 0 1255 313 20 26 6 4 3 1 1 2 1 0 0
959 255 14 15 4 2 1 0 0 0 0 0 0 1258 318 20 26 6 4 3 1 1 2 1 0 0
987 264 14 15 5 2 1 0 0 0 0 0 0 1281 324 20 27 6 4 3 1 1 2 1 0 0
1017 274 14 16 5 2 1 0 0 0 0 0 0 1285 332 20 27 6 4 3 2 1 2 1 0 0
1031 280 14 16 5 2 1 0 0 0 0 0 0 1291 336 20 27 6 4 3 2 1 2 1 0 0
1037 289 14 16 5 3 1 0 0 1 0 0 0 1333 350 20 27 6 4 3 2 1 2 1 0 0
1044 293 14 16 5 3 1 0 0 1 0 0 0 1340 358 20 27 6 4 3 2 1 2 1 0 0
1053 299 14 16 5 3 1 0 0 1 0 0 0 1350 364 20 27 6 4 3 2 1 2 1 0 0
1070 305 14 16 5 3 1 0 0 1 0 0 0 1400 378 20 27 6 5 3 2 1 2 1 0 0
1074 311 14 17 5 3 1 0 0 1 0 0 0 1451 387 20 28 6 5 3 2 1 2 1 0 0
1099 321 14 17 5 3 1 0 0 1 0 0 0 1460 398 20 28 6 5 3 2 1 2 1 0 0
1137 328 14 17 5 3 1 0 0 1 0 0 0 1498 406 20 29 7 5 3 2 1 3 1 0 0
1142 334 14 18 5 3 1 0 0 1 0 0 0 1504 412 20 30 7 5 3 2 1 3 1 0 0
1157 338 14 18 5 3 1 0 0 1 0 0 0 1540 422 20 30 7 5 3 2 1 3 1 0 0
