# scores for worst/random/best/smart move selector strategies. 
# scores are 50% and 95% quantiles (based on 40 games) of: 
# game score, #destroyed, #unlocked, #stripes, #bombs, #zappers
0 0 0 0 0 0 0 0 0 0 0 0 0 8 8 0 0 0 0 0 0 0 0 0 0 0
3 3 0 0 0 0 0 0 0 0 0 0 0 12 12 0 0 0 0 0 0 0 0 0 0 0
6 6 0 0 0 0 0 0 0 0 0 0 0 15 15 0 0 0 0 0 0 0 0 0 0 0
9 9 0 0 0 0 0 0 0 0 0 0 0 18 18 0 0 0 0 0 0 0 0 0 0 0
14 14 0 0 0 0 0 0 0 0 0 0 0 21 21 0 0 0 0 0 0 0 0 0 0 0
16 16 0 0 0 0 0 0 0 0 0 0 0 336 57 8 5 2 1 0 0 0 0 0 0 0
19 19 0 0 0 0 0 0 0 0 0 0 0 481 79 12 6 4 1 0 0 0 0 0 0 0
25 24 0 0 0 0 0 0 0 0 0 0 0 555 98 12 8 4 2 0 0 0 0 0 0 0
27 25 0 0 0 0 0 0 0 0 0 0 0 592 108 12 8 5 2 0 0 0 0 0 0 0
30 28 0 0 0 0 0 0 0 0 0 0 0 606 111 13 8 5 2 0 0 0 0 0 0 0
36 33 0 0 0 0 0 0 0 0 0 0 0 609 114 13 8 5 2 0 0 0 0 0 0 0
39 36 0 0 0 0 0 0 0 0 0 0 0 612 119 13 9 5 2 0 0 0 0 0 0 0
42 42 0 0 0 0 0 0 0 0 0 0 0 636 133 13 9 5 2 0 0 0 0 0 0 0
55 45 0 0 0 0 0 0 0 0 0 0 0 639 136 13 9 5 2 0 0 0 0 0 0 0
67 48 1 1 0 0 0 0 0 0 0 0 0 646 139 13 10 5 2 0 0 0 0 0 0 0
85 52 1 1 0 0 0 0 0 0 0 0 0 649 143 13 10 5 2 0 0 0 0 0 0 0
95 54 1 1 0 0 0 0 0 0 0 0 0 652 146 13 10 5 2 0 0 0 0 0 0 0
112 59 2 2 0 0 0 0 0 0 0 0 0 655 149 13 10 5 2 0 0 0 0 0 0 0
115 65 2 2 0 0 0 0 0 0 0 0 0 658 155 13 10 5 2 0 0 0 0 0 0 0
124 70 4 2 0 0 0 0 0 0 0 0 0 661 158 13 10 5 2 0 0 0 0 0 0 0
290 89 4 3 2 0 0 0 0 0 0 0 0 667 161 13 10 5 2 0 0 0 0 0 0 0
478 108 7 5 4 1 0 0 0 0 0 0 0 670 166 13 10 5 2 0 0 0 0 0 0 0
585 124 8 8 4 1 0 0 0 0 0 0 0 673 169 13 10 5 2 1 0 0 0 0 0 0
588 127 8 8 4 2 0 0 0 0 0 0 0 676 172 13 10 5 2 1 0 0 0 0 0 0
596 132 8 8 4 2 0 0 0 0 0 0 0 679 175 13 10 5 2 1 0 0 0 0 0 0
619 137 8 9 4 2 0 0 0 0 0 0 0 688 180 13 10 5 2 1 0 0 0 0 0 0
622 140 8 9 4 2 0 0 0 0 0 0 0 691 183 13 10 5 2 1 0 0 0 0 0 0
625 143 8 9 4 2 0 0 0 0 0 0 0 696 186 13 10 5 2 1 0 0 0 0 0 0
634 149 8 9 4 2 0 0 0 0 0 0 0 699 189 13 10 5 2 1 0 0 0 0 0 0
637 152 8 9 4 2 0 0 0 0 0 0 0 702 192 13 10 5 2 1 0 0 0 0 0 0
644 158 8 9 4 2 0 0 0 0 0 0 0 707 195 13 10 5 2 1 0 0 0 0 0 0
647 163 8 9 4 2 0 0 0 0 0 0 0 710 199 13 10 5 2 1 0 0 0 0 0 0
651 166 8 9 4 2 0 0 0 0 0 0 0 713 202 13 10 5 2 1 0 0 0 0 0 0
660 174 8 9 4 2 0 0 0 0 0 0 0 724 209 13 10 5 2 1 0 0 0 0 0 0
663 178 8 9 4 2 0 0 0 0 0 0 0 727 212 13 10 5 2 1 0 0 0 0 0 0
669 181 8 9 4 2 0 0 0 0 0 0 0 730 217 13 10 5 2 1 0 0 0 0 0 0
672 184 8 9 4 2 0 0 0 0 0 0 0 734 220 13 10 5 2 1 0 0 0 0 0 0
675 188 8 9 4 2 0 0 0 0 0 0 0 737 223 13 10 5 2 1 0 0 0 0 0 0
687 193 8 9 4 2 0 0 0 0 0 0 0 762 226 13 11 5 2 1 0 0 0 0 0 0
691 196 8 9 4 2 0 0 0 0 0 0 0 774 229 13 11 5 2 1 0 0 0 0 0 0
694 202 8 9 4 2 0 0 0 0 0 0 0 777 232 13 11 5 2 1 0 0 0 0 0 0
