# scores for worst/random/best/smart move selector strategies. 
# scores are 50% and 95% quantiles (based on 40 games) of: 
# game score, #destroyed, #unlocked, #stripes, #bombs, #zappers
3 3 0 0 0 0 0 0 0 0 0 0 0 10 10 0 0 0 0 0 0 0 0 0 0 0
9 9 0 0 0 0 0 0 0 0 0 0 0 29 20 0 0 0 0 0 0 0 0 0 0 0
15 15 0 0 0 0 0 0 0 0 0 0 0 54 31 0 0 0 0 0 0 0 0 0 0 0
19 19 0 0 0 0 0 0 0 0 0 0 0 77 35 0 0 0 0 0 0 0 0 0 0 0
24 24 0 0 0 0 0 0 0 0 0 0 0 92 45 0 1 0 1 0 0 0 1 0 0 0
31 30 0 0 0 0 0 0 0 0 0 0 0 124 53 0 1 0 1 0 0 0 1 0 0 0
34 34 0 0 0 0 0 0 0 0 0 0 0 151 60 2 1 1 1 0 0 0 1 0 0 0
43 39 0 0 0 0 0 0 0 0 0 0 0 154 65 2 2 1 1 0 0 0 1 0 0 0
55 46 0 0 0 0 0 0 0 0 0 0 0 168 77 2 2 1 1 0 0 0 1 0 0 0
69 56 0 0 0 0 0 0 0 0 0 0 0 186 87 2 2 1 1 1 0 0 1 0 0 0
78 62 0 1 0 0 0 0 0 0 0 0 0 243 98 4 3 1 1 1 0 0 1 0 0 0
99 70 0 1 0 0 0 0 0 0 0 0 0 255 110 7 4 1 1 1 0 0 1 0 0 0
113 76 1 1 0 0 0 0 0 0 0 0 0 258 118 7 4 1 1 2 0 0 1 0 0 0
123 82 1 1 0 0 0 0 0 0 0 0 0 261 122 7 4 1 1 2 1 0 1 0 0 0
153 92 1 1 0 0 0 0 0 0 0 0 0 288 146 7 4 1 1 2 1 0 1 0 0 0
158 100 1 1 0 0 0 0 0 0 0 0 0 295 153 7 5 1 1 2 1 0 1 0 0 0
177 106 1 1 0 0 0 0 0 0 0 0 0 328 160 7 5 2 1 2 1 0 1 0 0 0
199 117 1 2 0 0 0 0 0 0 0 0 0 350 164 7 6 2 1 2 1 0 1 0 0 0
214 122 2 2 0 0 0 0 0 0 0 0 0 374 171 7 6 2 1 2 1 0 1 0 0 0
227 132 2 3 0 0 0 0 0 0 0 0 0 455 184 7 8 2 1 2 1 0 1 0 0 0
258 144 2 3 0 0 0 0 0 0 0 0 0 494 193 8 8 2 1 2 1 0 1 0 0 0
261 149 2 3 0 0 0 0 0 0 0 0 0 521 206 8 8 2 2 2 1 0 1 0 0 0
289 156 3 3 0 0 0 0 0 0 0 0 0 524 210 8 9 2 2 2 1 0 1 0 0 0
294 162 3 3 1 0 0 0 0 0 0 0 0 553 218 8 10 2 2 2 1 0 1 0 0 0
302 167 3 4 1 0 0 0 0 0 0 0 0 556 222 8 10 2 2 2 1 0 1 0 0 0
345 179 3 5 1 0 1 0 0 0 0 0 0 603 225 8 10 2 2 3 1 0 1 0 0 0
349 187 3 5 1 0 1 0 0 0 0 0 0 607 235 8 11 2 2 3 1 0 1 0 0 0
372 191 3 5 1 0 1 0 0 0 0 0 0 613 241 8 12 2 2 3 1 0 1 0 0 0
382 201 3 5 1 0 1 0 0 0 0 0 0 655 256 8 12 2 2 3 1 0 2 0 0 0
388 208 3 5 1 0 1 0 0 0 0 0 0 712 268 8 13 2 2 3 1 0 2 0 0 0
415 213 3 6 1 0 1 0 0 0 0 0 0 715 280 8 13 4 2 3 1 0 2 0 0 0
421 224 3 6 1 0 1 0 0 0 0 0 0 776 286 8 13 4 2 3 1 0 2 0 0 0
436 227 3 6 1 0 1 0 0 0 0 0 0 799 295 8 13 4 2 3 1 0 2 0 0 0
458 233 3 6 1 0 1 0 0 0 0 0 0 804 301 8 13 4 2 3 1 0 2 0 0 0
482 244 3 7 1 0 1 0 0 0 0 0 0 808 313 8 13 4 2 4 1 0 2 0 0 0
501 253 3 7 1 0 1 0 0 0 0 0 0 850 322 8 15 4 2 4 2 0 2 0 0 0
521 258 4 7 1 0 1 0 0 0 0 0 0 862 326 8 15 4 2 4 2 0 2 0 0 0
535 264 4 7 1 0 1 0 0 0 0 0 0 898 351 8 16 4 2 4 2 0 2 0 0 0
546 270 4 7 1 0 1 0 0 0 0 0 0 903 356 8 16 4 2 4 2 0 2 0 0 0
557 274 4 8 1 1 1 0 0 0 0 0 0 967 369 8 17 4 2 4 2 0 2 0 0 0
575 286 4 8 1 1 1 0 0 0 0 0 0 976 377 8 17 5 2 4 2 0 2 0 0 0
