# scores for worst/random/best/smart move selector strategies. 
# scores are 50% and 95% quantiles (based on 40 games) of: 
# game score, #destroyed, #unlocked, #stripes, #bombs, #zappers
3 3 0 0 0 0 0 0 0 0 0 0 0 10 10 0 0 0 0 0 0 0 0 0 0 0
9 9 0 0 0 0 0 0 0 0 0 0 0 29 21 0 0 0 0 0 0 0 0 0 0 0
12 12 0 0 0 0 0 0 0 0 0 0 0 34 26 0 0 0 0 0 0 0 0 0 0 0
16 15 0 0 0 0 0 0 0 0 0 0 0 66 39 0 0 0 0 0 0 0 0 0 0 0
21 21 0 0 0 0 0 0 0 0 0 0 0 91 55 0 0 0 0 0 0 0 0 0 0 0
26 24 0 0 0 0 0 0 0 0 0 0 0 100 62 0 0 0 0 0 0 0 0 0 0 0
33 33 0 0 0 0 0 0 0 0 0 0 0 105 69 0 0 0 1 0 0 0 1 0 0 0
38 37 0 0 0 0 0 0 0 0 0 0 0 111 73 1 1 0 1 0 0 0 1 0 0 0
43 42 0 0 0 0 0 0 0 0 0 0 0 128 83 1 1 0 1 0 0 0 1 0 0 0
48 48 0 0 0 0 0 0 0 0 0 0 0 132 87 1 2 0 1 0 0 0 1 0 0 0
53 52 0 0 0 0 0 0 0 0 0 0 0 187 104 1 2 0 1 0 0 0 1 0 0 0
62 58 0 0 0 0 0 0 0 0 0 0 0 192 107 1 2 1 1 0 0 0 1 0 0 0
72 64 0 0 0 0 0 0 0 0 0 0 0 200 113 2 2 1 1 1 0 0 1 0 0 0
78 71 0 0 0 0 0 0 0 0 0 0 0 205 118 2 2 1 1 1 0 0 1 0 0 0
86 76 0 0 0 0 0 0 0 0 0 0 0 226 122 2 2 1 1 1 0 0 1 0 0 0
93 82 0 0 0 0 0 0 0 0 0 0 0 229 126 2 2 1 1 1 0 0 1 0 0 0
103 86 0 0 0 0 0 0 0 0 0 0 0 232 131 2 2 1 1 1 0 0 1 0 0 0
120 91 0 0 0 0 0 0 0 0 0 0 0 240 139 2 2 1 1 1 0 0 1 0 0 0
123 94 0 1 0 0 0 0 0 0 0 0 0 245 148 3 3 1 1 1 0 0 1 0 0 0
145 102 0 1 0 0 0 0 0 0 0 0 0 248 151 3 3 1 1 1 0 0 1 0 0 0
150 105 0 1 0 0 0 0 0 0 0 0 0 263 161 3 3 1 1 1 0 0 1 0 0 0
155 109 0 1 0 0 0 0 0 0 0 0 0 279 164 3 3 1 1 1 0 0 1 0 0 0
161 113 0 1 0 0 0 0 0 0 0 0 0 289 175 3 3 1 1 1 0 0 1 0 0 0
164 118 0 1 0 0 0 0 0 0 0 0 0 296 183 3 4 2 1 1 0 0 1 0 0 0
169 124 0 1 0 0 0 0 0 0 0 0 0 321 188 3 4 2 1 1 0 0 1 0 0 0
179 132 1 1 0 0 0 0 0 0 0 0 0 324 191 3 4 2 1 1 0 0 1 0 0 0
185 136 1 1 0 0 0 0 0 0 0 0 0 332 199 3 4 2 1 1 0 0 1 0 0 0
193 141 1 1 0 0 0 0 0 0 0 0 0 377 204 3 5 2 1 1 0 0 1 0 0 0
200 147 1 1 0 0 0 0 0 0 0 0 0 385 208 3 5 2 1 1 0 0 1 0 0 0
205 153 1 1 0 0 0 0 0 0 0 0 0 388 215 3 5 2 1 1 0 0 1 0 0 0
210 157 1 1 0 0 0 0 0 0 0 0 0 392 218 3 5 2 1 1 0 0 1 0 0 0
216 160 1 1 0 0 0 0 0 0 0 0 0 402 224 3 5 2 1 1 0 0 1 0 0 0
231 167 1 1 0 0 0 0 0 0 0 0 0 407 227 3 5 2 1 1 0 0 1 0 0 0
234 170 1 2 0 0 0 0 0 0 0 0 0 415 232 3 5 2 1 1 0 0 1 0 0 0
243 178 1 2 0 0 0 0 0 0 0 0 0 421 237 3 6 2 1 1 0 0 1 0 0 0
255 181 1 2 0 0 0 0 0 0 0 0 0 424 242 3 6 2 1 1 0 0 1 0 0 0
264 190 1 2 0 0 0 0 0 0 0 0 0 431 245 3 6 2 1 1 0 0 1 0 0 0
275 196 1 2 0 0 0 0 0 0 0 0 0 434 248 4 6 2 1 1 0 0 1 0 0 0
280 202 1 2 0 0 0 0 0 0 0 0 0 437 252 4 6 2 1 1 0 0 1 0 0 0
284 208 1 2 0 0 0 0 0 0 0 0 0 480 262 5 6 2 1 1 0 0 1 0 0 0
295 211 1 2 0 0 0 0 0 0 0 0 0 483 265 5 6 2 1 1 0 0 1 0 0 0
