# scores for worst/random/best/smart move selector strategies. 
# scores are 50% and 95% quantiles (based on 40 games) of: 
# game score, #destroyed, #unlocked, #stripes, #bombs, #zappers
3 3 0 0 0 0 0 0 0 0 0 0 0 10 10 0 0 0 0 0 0 0 0 0 0 0
9 9 0 0 0 0 0 0 0 0 0 0 0 32 23 0 0 0 0 0 0 0 0 0 0 0
15 15 0 0 0 0 0 0 0 0 0 0 0 72 33 1 1 0 0 0 0 0 0 0 0 0
20 20 0 0 0 0 0 0 0 0 0 0 0 110 51 1 1 0 1 0 0 0 1 0 0 0
33 28 0 0 0 0 0 0 0 0 0 0 0 119 65 2 2 0 1 0 0 0 1 0 0 0
69 36 0 1 0 0 0 0 0 0 0 0 0 160 72 3 3 1 1 0 0 0 1 0 0 0
86 50 1 1 0 0 0 0 0 0 0 0 0 184 86 9 3 1 1 1 1 0 1 0 0 0
100 57 1 1 0 0 0 0 0 0 0 0 0 201 96 9 3 1 1 1 1 0 1 0 0 0
122 64 1 1 0 0 0 0 0 0 0 0 0 230 105 10 3 1 1 1 1 0 1 0 0 0
133 75 1 1 0 0 0 0 0 0 0 0 0 261 113 10 4 1 2 1 1 0 2 0 0 0
175 86 1 2 0 0 0 0 0 0 0 0 0 271 124 10 4 2 2 1 1 0 2 0 0 0
205 100 2 2 0 0 0 0 0 0 0 0 0 419 131 11 5 2 3 1 1 0 3 0 0 0
222 111 2 3 0 0 0 0 0 0 0 0 0 432 150 11 5 2 3 1 1 0 3 0 0 0
245 119 3 3 0 0 0 0 0 0 0 0 0 474 165 11 7 2 3 1 1 0 3 0 0 0
277 134 3 3 1 0 0 0 0 0 0 0 0 559 191 11 7 2 3 2 1 0 3 0 0 0
302 142 3 4 1 1 0 0 0 0 0 0 0 578 199 12 7 2 3 2 1 0 3 0 0 0
337 157 3 4 1 1 0 0 0 1 0 0 0 615 208 12 7 3 3 2 1 0 3 0 0 0
353 161 3 5 1 1 0 0 0 1 0 0 0 686 212 12 7 3 3 2 1 0 3 0 0 0
391 173 4 5 1 1 0 0 0 1 0 0 0 707 221 13 8 3 3 2 1 0 3 0 0 0
399 180 4 5 1 1 0 0 0 1 0 0 0 716 227 13 9 3 3 2 2 0 3 0 0 0
438 198 4 5 1 1 0 0 0 1 0 0 0 743 253 13 10 3 4 2 2 0 4 0 0 0
464 210 4 6 1 1 0 0 0 1 0 0 0 755 258 13 10 3 4 2 2 0 4 0 0 0
499 218 4 6 1 1 1 0 0 1 0 0 0 778 267 13 11 3 4 2 2 0 4 0 0 0
508 227 4 7 1 1 1 0 0 1 0 0 0 860 297 13 14 3 5 2 2 0 5 1 0 0
538 244 4 7 1 1 1 0 0 1 0 0 0 918 307 13 16 4 5 2 2 0 5 1 0 0
564 253 4 7 1 1 1 0 0 1 0 0 0 930 319 13 17 4 5 2 2 0 5 1 0 0
585 266 4 7 2 1 1 0 0 1 0 0 0 974 338 13 17 4 6 2 2 0 6 1 0 0
605 274 4 7 2 2 1 0 0 1 0 0 0 1033 344 13 18 4 6 2 2 0 6 1 0 0
635 284 4 8 2 2 1 0 0 1 0 0 0 1047 371 13 22 4 6 3 2 0 6 1 0 0
669 296 4 8 2 2 1 0 0 1 0 0 0 1063 385 13 22 4 6 3 2 0 6 1 0 0
684 310 4 9 2 2 1 0 0 1 0 0 0 1101 402 13 22 5 6 3 2 0 6 1 0 0
744 322 4 9 2 2 1 0 0 1 0 0 0 1134 415 13 22 5 6 3 2 0 6 1 0 0
767 341 4 9 2 2 1 0 0 2 0 0 0 1179 450 13 22 7 6 3 2 0 6 1 0 0
790 348 4 10 2 2 1 0 0 2 0 0 0 1203 460 13 22 7 6 3 2 0 6 1 0 0
808 354 4 10 2 2 1 0 0 2 0 0 0 1228 471 13 23 7 6 3 3 0 6 1 0 0
854 366 4 11 2 2 1 0 0 2 0 0 0 1247 488 13 23 7 6 3 3 0 6 1 0 0
880 379 4 11 3 2 1 1 0 2 0 0 0 1282 504 13 23 10 6 3 3 0 6 1 1 0
903 390 4 12 3 2 1 1 0 2 0 0 0 1345 519 13 23 10 6 3 3 1 6 1 1 0
930 402 4 12 3 3 1 1 0 2 0 0 0 1350 527 13 23 10 6 3 3 1 6 1 1 0
963 413 4 12 3 3 1 1 0 2 0 0 0 1389 542 13 23 10 6 3 3 1 6 1 1 0
999 423 4 12 3 3 2 1 0 2 0 0 0 1412 551 13 23 10 7 4 3 1 6 1 1 0
