# scores for worst/random/best/smart move selector strategies. 
# scores are 50% and 95% quantiles (based on 40 games) of: 
# game score, #destroyed, #unlocked, #stripes, #bombs, #zappers
3 3 0 0 0 0 0 0 0 0 0 0 0 10 10 0 0 0 0 0 0 0 0 0 0 0
6 6 0 0 0 0 0 0 0 0 0 0 0 28 28 0 0 0 0 0 0 0 0 0 0 0
12 12 0 0 0 0 0 0 0 0 0 0 0 32 32 0 0 0 0 0 0 0 0 0 0 0
15 15 0 0 0 0 0 0 0 0 0 0 0 38 38 0 0 0 0 0 0 0 0 0 0 0
19 19 0 0 0 0 0 0 0 0 0 0 0 41 41 0 0 0 0 0 0 0 0 0 0 0
24 24 0 0 0 0 0 0 0 0 0 0 0 47 47 0 0 0 0 0 0 0 0 0 0 0
27 27 0 0 0 0 0 0 0 0 0 0 0 52 52 0 0 0 0 0 0 0 0 0 0 0
30 30 0 0 0 0 0 0 0 0 0 0 0 55 55 0 0 0 0 0 0 0 0 0 0 0
36 36 0 0 0 0 0 0 0 0 0 0 0 64 59 0 0 0 0 0 0 0 0 0 0 0
39 39 0 0 0 0 0 0 0 0 0 0 0 74 70 0 0 0 0 0 0 0 0 0 0 0
44 44 0 0 0 0 0 0 0 0 0 0 0 82 74 0 0 0 0 0 0 0 0 0 0 0
49 49 0 0 0 0 0 0 0 0 0 0 0 93 77 0 0 0 0 0 0 0 0 0 0 0
54 54 0 0 0 0 0 0 0 0 0 0 0 113 83 0 1 1 0 0 0 0 0 0 0 0
59 59 0 0 0 0 0 0 0 0 0 0 0 119 93 0 1 1 0 0 0 0 0 0 0 0
63 63 0 0 0 0 0 0 0 0 0 0 0 127 100 1 1 1 0 0 0 0 0 0 0 0
68 67 0 0 0 0 0 0 0 0 0 0 0 130 103 1 1 1 0 0 0 0 0 0 0 0
74 73 0 0 0 0 0 0 0 0 0 0 0 136 107 1 1 1 0 0 0 0 0 0 0 0
80 77 0 0 0 0 0 0 0 0 0 0 0 206 121 1 1 2 0 0 0 0 0 0 0 0
84 80 0 0 0 0 0 0 0 0 0 0 0 211 124 1 1 2 0 0 0 0 0 0 0 0
92 85 0 0 0 0 0 0 0 0 0 0 0 214 129 1 1 2 0 0 0 0 0 0 0 0
99 90 0 0 0 0 0 0 0 0 0 0 0 244 137 2 1 2 0 0 0 0 0 0 0 0
105 94 0 0 0 0 0 0 0 0 0 0 0 247 140 2 1 2 0 0 0 0 0 0 0 0
115 100 0 0 0 0 0 0 0 0 0 0 0 250 147 2 1 2 0 0 0 0 0 0 0 0
119 103 0 0 0 0 0 0 0 0 0 0 0 253 152 2 1 2 0 0 0 0 0 0 0 0
129 112 0 0 0 0 0 0 0 0 0 0 0 261 157 2 2 2 0 0 0 0 0 0 0 0
139 115 0 0 0 0 0 0 0 0 0 0 0 266 165 2 2 2 0 0 0 0 0 0 0 0
142 121 0 0 0 0 0 0 0 0 0 0 0 270 169 2 2 2 0 0 0 0 0 0 0 0
151 125 0 1 0 0 0 0 0 0 0 0 0 273 174 2 2 2 0 0 0 0 0 0 0 0
155 129 0 1 0 0 0 0 0 0 0 0 0 279 178 2 2 2 0 0 0 0 0 0 0 0
158 134 0 1 0 0 0 0 0 0 0 0 0 282 181 2 3 2 0 0 0 0 0 0 0 0
161 138 0 1 0 0 0 0 0 0 0 0 0 285 184 2 3 2 0 0 0 0 0 0 0 0
166 142 0 1 0 0 0 0 0 0 0 0 0 288 187 2 3 2 0 0 0 0 0 0 0 0
169 148 0 1 0 0 0 0 0 0 0 0 0 294 192 2 3 2 0 0 0 0 0 0 0 0
173 151 0 1 0 0 0 0 0 0 0 0 0 297 199 2 3 2 0 0 0 0 0 0 0 0
176 154 0 1 0 0 0 0 0 0 0 0 0 300 202 2 3 2 0 0 0 0 0 0 0 0
184 163 0 1 0 0 0 0 0 0 0 0 0 303 205 2 3 2 0 0 0 0 0 0 0 0
189 167 0 1 0 0 0 0 0 0 0 0 0 306 208 2 3 2 0 0 0 0 0 0 0 0
195 172 0 1 0 0 0 0 0 0 0 0 0 309 220 2 3 2 0 0 0 0 0 0 0 0
198 176 0 1 0 0 0 0 0 0 0 0 0 312 223 2 3 2 0 0 0 0 0 0 0 0
203 179 0 1 0 0 0 0 0 0 0 0 0 316 228 2 3 2 0 0 0 0 0 0 0 0
209 186 0 1 0 0 0 0 0 0 0 0 0 325 231 2 3 2 0 0 0 0 0 0 0 0
