# scores for worst/random/best/smart move selector strategies. 
# scores are 50% and 95% quantiles (based on 40 games) of: 
# game score, #destroyed, #unlocked, #stripes, #bombs, #zappers
0 0 0 0 0 0 0 0 0 0 0 0 0 6 6 0 0 0 0 0 0 0 0 0 0 0
6 6 0 0 0 0 0 0 0 0 0 0 0 9 9 0 0 0 0 0 0 0 0 0 0 0
9 9 0 0 0 0 0 0 0 0 0 0 0 32 19 0 0 0 0 0 0 0 0 0 0 0
12 12 0 0 0 0 0 0 0 0 0 0 0 36 24 0 0 0 0 0 0 0 0 0 0 0
15 15 0 0 0 0 0 0 0 0 0 0 0 41 28 0 0 0 0 0 0 0 0 0 0 0
21 21 0 0 0 0 0 0 0 0 0 0 0 47 31 0 0 0 0 0 0 0 0 0 0 0
24 24 0 0 0 0 0 0 0 0 0 0 0 50 37 0 0 0 0 0 0 0 0 0 0 0
29 29 0 0 0 0 0 0 0 0 0 0 0 54 43 0 0 0 0 0 0 0 0 0 0 0
33 33 0 0 0 0 0 0 0 0 0 0 0 75 46 0 0 0 0 0 0 0 0 0 0 0
37 36 0 0 0 0 0 0 0 0 0 0 0 78 49 0 1 0 0 0 0 0 0 0 0 0
42 40 0 0 0 0 0 0 0 0 0 0 0 81 52 0 1 0 0 0 0 0 0 0 0 0
45 45 0 0 0 0 0 0 0 0 0 0 0 92 58 0 1 0 0 0 0 0 0 0 0 0
50 48 0 0 0 0 0 0 0 0 0 0 0 95 65 0 1 0 0 0 0 0 0 0 0 0
54 51 0 0 0 0 0 0 0 0 0 0 0 101 70 0 2 1 0 0 0 0 0 0 0 0
65 57 0 0 0 0 0 0 0 0 0 0 0 115 73 0 2 1 0 0 0 0 0 0 0 0
69 62 0 0 0 0 0 0 0 0 0 0 0 118 76 0 2 1 0 0 0 0 0 0 0 0
73 66 0 0 0 0 0 0 0 0 0 0 0 123 81 0 2 1 0 0 0 0 0 0 0 0
77 70 0 0 0 0 0 0 0 0 0 0 0 128 86 0 2 1 0 0 0 0 0 0 0 0
83 75 0 0 0 0 0 0 0 0 0 0 0 133 89 0 2 1 0 0 0 0 0 0 0 0
89 78 0 0 0 0 0 0 0 0 0 0 0 138 92 0 2 1 0 0 0 0 0 0 0 0
94 81 0 0 0 0 0 0 0 0 0 0 0 143 97 0 2 1 0 0 0 0 0 0 0 0
100 85 0 0 0 0 0 0 0 0 0 0 0 147 104 0 2 1 0 0 0 0 0 0 0 0
103 88 0 0 0 0 0 0 0 0 0 0 0 162 108 0 2 1 0 0 0 0 0 0 0 0
108 93 0 0 0 0 0 0 0 0 0 0 0 167 111 0 2 1 0 0 0 0 0 0 0 0
113 97 0 0 0 0 0 0 0 0 0 0 0 170 115 0 2 1 0 0 0 0 0 0 0 0
116 100 0 0 0 0 0 0 0 0 0 0 0 174 123 0 2 1 0 0 0 0 0 0 0 0
125 104 0 0 0 0 0 0 0 0 0 0 0 177 126 0 2 1 0 0 0 0 0 0 0 0
129 110 0 0 0 0 0 0 0 0 0 0 0 180 132 0 2 1 0 0 0 0 0 0 0 0
136 116 0 1 0 0 0 0 0 0 0 0 0 190 135 0 2 1 0 0 0 0 0 0 0 0
139 119 0 1 0 0 0 0 0 0 0 0 0 193 139 0 2 1 0 0 0 0 0 0 0 0
142 122 0 1 0 0 0 0 0 0 0 0 0 215 146 0 2 1 0 0 0 0 0 0 0 0
145 127 0 1 0 0 0 0 0 0 0 0 0 218 149 0 2 1 0 0 0 0 0 0 0 0
148 130 0 1 0 0 0 0 0 0 0 0 0 221 155 0 2 1 0 0 0 0 0 0 0 0
153 134 0 1 0 0 0 0 0 0 0 0 0 235 159 0 3 1 0 0 0 0 0 0 0 0
162 138 0 1 0 0 0 0 0 0 0 0 0 249 164 0 3 1 0 0 0 0 0 0 0 0
166 144 0 1 0 0 0 0 0 0 0 0 0 253 169 0 3 1 0 0 0 0 0 0 0 0
173 148 0 1 0 0 0 0 0 0 0 0 0 256 172 0 3 1 0 0 0 0 0 0 0 0
179 152 0 1 0 0 0 0 0 0 0 0 0 277 179 0 3 1 0 0 0 0 0 0 0 0
186 155 0 1 0 0 0 0 0 0 0 0 0 283 184 0 3 1 0 0 0 0 0 0 0 0
191 160 0 1 0 0 0 0 0 0 0 0 0 286 187 0 3 1 0 0 0 0 0 0 0 0
197 164 0 1 0 0 0 0 0 0 0 0 0 289 192 0 3 1 0 0 0 0 0 0 0 0
