# scores for worst/random/best/smart move selector strategies. 
# scores are 50% and 95% quantiles (based on 40 games) of: 
# game score, #destroyed, #unlocked, #stripes, #bombs, #zappers
0 0 0 0 0 0 0 0 0 0 0 0 0 6 6 0 0 0 0 0 0 0 0 0 0 0
6 6 0 0 0 0 0 0 0 0 0 0 0 9 9 0 0 0 0 0 0 0 0 0 0 0
9 9 0 0 0 0 0 0 0 0 0 0 0 15 15 0 0 0 0 0 0 0 0 0 0 0
12 12 0 0 0 0 0 0 0 0 0 0 0 19 19 0 0 0 0 0 0 0 0 0 0 0
15 15 0 0 0 0 0 0 0 0 0 0 0 25 24 0 0 0 0 0 0 0 0 0 0 0
21 21 0 0 0 0 0 0 0 0 0 0 0 31 29 0 0 0 0 0 0 0 0 0 0 0
24 24 0 0 0 0 0 0 0 0 0 0 0 49 36 0 0 0 0 0 0 0 0 0 0 0
27 27 0 0 0 0 0 0 0 0 0 0 0 53 40 0 1 0 0 0 0 0 0 0 0 0
33 33 0 0 0 0 0 0 0 0 0 0 0 57 43 0 1 0 0 0 0 0 0 0 0 0
36 36 0 0 0 0 0 0 0 0 0 0 0 74 48 0 1 0 0 0 0 0 0 0 0 0
40 40 0 0 0 0 0 0 0 0 0 0 0 78 51 0 1 0 0 0 0 0 0 0 0 0
45 45 0 0 0 0 0 0 0 0 0 0 0 81 60 0 1 0 0 0 0 0 0 0 0 0
48 48 0 0 0 0 0 0 0 0 0 0 0 85 63 0 1 0 0 0 0 0 0 0 0 0
51 51 0 0 0 0 0 0 0 0 0 0 0 90 69 0 1 0 0 0 0 0 0 0 0 0
54 54 0 0 0 0 0 0 0 0 0 0 0 114 75 0 1 1 0 0 0 0 0 0 0 0
60 58 0 0 0 0 0 0 0 0 0 0 0 120 78 0 1 1 0 0 0 0 0 0 0 0
63 61 0 0 0 0 0 0 0 0 0 0 0 123 83 0 1 1 0 0 0 0 0 0 0 0
69 66 0 0 0 0 0 0 0 0 0 0 0 127 86 0 1 1 0 0 0 0 0 0 0 0
72 72 0 0 0 0 0 0 0 0 0 0 0 130 92 0 1 1 0 0 0 0 0 0 0 0
78 78 0 0 0 0 0 0 0 0 0 0 0 135 99 0 1 1 0 0 0 0 0 0 0 0
82 81 0 0 0 0 0 0 0 0 0 0 0 139 102 0 1 1 0 0 0 0 0 0 0 0
89 87 0 0 0 0 0 0 0 0 0 0 0 142 106 0 1 1 0 0 0 0 0 0 0 0
92 90 0 0 0 0 0 0 0 0 0 0 0 147 112 0 1 1 0 0 0 0 0 0 0 0
97 95 0 0 0 0 0 0 0 0 0 0 0 157 115 0 1 1 0 0 0 0 0 0 0 0
102 98 0 0 0 0 0 0 0 0 0 0 0 164 118 0 1 1 0 0 0 0 0 0 0 0
105 101 0 0 0 0 0 0 0 0 0 0 0 169 121 0 1 1 0 0 0 0 0 0 0 0
111 104 0 0 0 0 0 0 0 0 0 0 0 173 124 0 1 1 0 0 0 0 0 0 0 0
118 108 0 0 0 0 0 0 0 0 0 0 0 176 128 0 1 1 0 0 0 0 0 0 0 0
122 111 0 0 0 0 0 0 0 0 0 0 0 179 132 0 1 1 0 0 0 0 0 0 0 0
125 116 0 0 0 0 0 0 0 0 0 0 0 185 135 0 1 1 0 0 0 0 0 0 0 0
130 120 0 0 0 0 0 0 0 0 0 0 0 188 138 0 1 1 0 0 0 0 0 0 0 0
138 125 0 0 0 0 0 0 0 0 0 0 0 191 142 0 1 1 0 0 0 0 0 0 0 0
142 128 0 0 0 0 0 0 0 0 0 0 0 194 149 0 1 1 0 0 0 0 0 0 0 0
145 132 0 0 0 0 0 0 0 0 0 0 0 199 154 0 1 1 0 0 0 0 0 0 0 0
148 136 0 0 0 0 0 0 0 0 0 0 0 203 159 0 2 1 0 0 0 0 0 0 0 0
156 142 0 0 0 0 0 0 0 0 0 0 0 208 163 0 2 1 0 0 0 0 0 0 0 0
160 146 0 0 0 0 0 0 0 0 0 0 0 211 168 0 2 1 0 0 0 0 0 0 0 0
167 150 0 0 0 0 0 0 0 0 0 0 0 218 171 0 2 1 0 0 0 0 0 0 0 0
172 155 0 0 0 0 0 0 0 0 0 0 0 233 178 0 2 1 0 0 0 0 0 0 0 0
180 158 0 0 0 0 0 0 0 0 0 0 0 243 185 0 2 1 0 0 0 0 0 0 0 0
183 162 0 0 0 0 0 0 0 0 0 0 0 251 191 0 2 1 0 0 0 0 0 0 0 0
