# scores for worst/random/best/smart move selector strategies. 
# scores are 50% and 95% quantiles (based on 40 games) of: 
# game score, #destroyed, #unlocked, #stripes, #bombs, #zappers
0 0 0 0 0 0 0 0 0 0 0 0 0 6 6 0 0 0 0 0 0 0 0 0 0 0
6 6 0 0 0 0 0 0 0 0 0 0 0 12 12 0 0 0 0 0 0 0 0 0 0 0
9 9 0 0 0 0 0 0 0 0 0 0 0 32 19 0 0 0 0 0 0 0 0 0 0 0
12 12 0 0 0 0 0 0 0 0 0 0 0 38 25 0 0 0 0 0 0 0 0 0 0 0
18 18 0 0 0 0 0 0 0 0 0 0 0 41 28 0 0 0 0 0 0 0 0 0 0 0
21 21 0 0 0 0 0 0 0 0 0 0 0 49 31 0 0 0 0 0 0 0 0 0 0 0
24 24 0 0 0 0 0 0 0 0 0 0 0 54 35 0 0 0 0 0 0 0 0 0 0 0
27 27 0 0 0 0 0 0 0 0 0 0 0 57 40 0 0 0 0 0 0 0 0 0 0 0
33 33 0 0 0 0 0 0 0 0 0 0 0 75 44 0 0 0 0 0 0 0 0 0 0 0
36 36 0 0 0 0 0 0 0 0 0 0 0 78 47 0 0 0 0 0 0 0 0 0 0 0
39 39 0 0 0 0 0 0 0 0 0 0 0 83 53 0 0 0 0 0 0 0 0 0 0 0
45 45 0 0 0 0 0 0 0 0 0 0 0 88 59 0 0 0 0 0 0 0 0 0 0 0
48 48 0 0 0 0 0 0 0 0 0 0 0 91 64 0 0 0 0 0 0 0 0 0 0 0
52 52 0 0 0 0 0 0 0 0 0 0 0 94 68 0 0 0 0 0 0 0 0 0 0 0
57 57 0 0 0 0 0 0 0 0 0 0 0 98 72 0 0 0 0 0 0 0 0 0 0 0
60 60 0 0 0 0 0 0 0 0 0 0 0 101 77 0 0 0 0 0 0 0 0 0 0 0
63 63 0 0 0 0 0 0 0 0 0 0 0 104 82 0 0 0 0 0 0 0 0 0 0 0
66 66 0 0 0 0 0 0 0 0 0 0 0 107 86 0 0 0 0 0 0 0 0 0 0 0
69 69 0 0 0 0 0 0 0 0 0 0 0 110 89 0 0 0 0 0 0 0 0 0 0 0
75 75 0 0 0 0 0 0 0 0 0 0 0 124 94 0 1 0 0 0 0 0 0 0 0 0
78 78 0 0 0 0 0 0 0 0 0 0 0 127 97 0 1 0 0 0 0 0 0 0 0 0
81 81 0 0 0 0 0 0 0 0 0 0 0 130 102 0 1 0 0 0 0 0 0 0 0 0
85 85 0 0 0 0 0 0 0 0 0 0 0 133 105 0 1 0 0 0 0 0 0 0 0 0
90 90 0 0 0 0 0 0 0 0 0 0 0 136 109 0 1 0 0 0 0 0 0 0 0 0
93 93 0 0 0 0 0 0 0 0 0 0 0 141 113 0 1 0 0 0 0 0 0 0 0 0
100 99 0 0 0 0 0 0 0 0 0 0 0 145 116 0 1 1 0 0 0 0 0 0 0 0
105 103 0 0 0 0 0 0 0 0 0 0 0 148 120 0 1 1 0 0 0 0 0 0 0 0
108 108 0 0 0 0 0 0 0 0 0 0 0 154 124 0 1 1 0 0 0 0 0 0 0 0
111 111 0 0 0 0 0 0 0 0 0 0 0 157 129 0 1 1 0 0 0 0 0 0 0 0
117 117 0 0 0 0 0 0 0 0 0 0 0 160 134 0 1 1 0 0 0 0 0 0 0 0
120 120 0 0 0 0 0 0 0 0 0 0 0 163 138 0 1 1 0 0 0 0 0 0 0 0
123 123 0 0 0 0 0 0 0 0 0 0 0 167 144 0 1 1 0 0 0 0 0 0 0 0
129 129 0 0 0 0 0 0 0 0 0 0 0 177 148 0 1 1 0 0 0 0 0 0 0 0
132 132 0 0 0 0 0 0 0 0 0 0 0 183 152 0 1 1 0 0 0 0 0 0 0 0
138 138 0 0 0 0 0 0 0 0 0 0 0 186 158 0 1 1 0 0 0 0 0 0 0 0
141 141 0 0 0 0 0 0 0 0 0 0 0 192 162 0 1 1 0 0 0 0 0 0 0 0
145 144 0 0 0 0 0 0 0 0 0 0 0 197 167 0 1 1 0 0 0 0 0 0 0 0
148 147 0 0 0 0 0 0 0 0 0 0 0 203 174 0 1 1 0 0 0 0 0 0 0 0
153 153 0 0 0 0 0 0 0 0 0 0 0 206 179 0 1 1 0 0 0 0 0 0 0 0
156 156 0 0 0 0 0 0 0 0 0 0 0 212 182 0 1 1 0 0 0 0 0 0 0 0
159 159 0 0 0 0 0 0 0 0 0 0 0 218 185 0 1 1 0 0 0 0 0 0 0 0
