# scores for worst/random/best/smart move selector strategies. 
# scores are 50% and 95% quantiles (based on 40 games) of: 
# game score, #destroyed, #unlocked, #stripes, #bombs, #zappers
0 0 0 0 0 0 0 0 0 0 0 0 0 9 9 0 0 0 0 0 0 0 0 0 0 0
6 6 0 0 0 0 0 0 0 0 0 0 0 15 15 0 0 0 0 0 0 0 0 0 0 0
9 9 0 0 0 0 0 0 0 0 0 0 0 65 32 0 0 0 0 0 0 0 0 0 0 0
15 15 0 0 0 0 0 0 0 0 0 0 0 76 39 0 0 0 0 0 0 0 0 0 0 0
19 19 0 0 0 0 0 0 0 0 0 0 0 133 54 0 1 0 1 0 0 0 1 0 0 0
28 27 0 0 0 0 0 0 0 0 0 0 0 155 63 0 2 0 1 0 0 0 1 0 0 0
33 32 0 0 0 0 0 0 0 0 0 0 0 189 76 0 2 1 1 0 0 0 1 0 0 0
39 36 0 0 0 0 0 0 0 0 0 0 0 207 99 0 2 1 1 0 0 0 1 0 0 0
50 41 0 0 0 0 0 0 0 0 0 0 0 238 108 0 2 1 1 0 0 0 1 0 0 0
74 48 0 0 0 0 0 0 0 0 0 0 0 283 125 0 3 1 1 1 0 0 1 0 0 0
93 55 0 1 0 0 0 0 0 0 0 0 0 345 155 0 4 2 1 1 0 0 1 0 0 0
103 64 0 2 0 0 0 0 0 0 0 0 0 350 160 0 4 2 1 1 0 0 1 0 0 0
121 69 0 2 0 0 0 0 0 0 0 0 0 357 168 0 4 2 1 1 0 0 1 0 0 0
133 75 0 2 0 0 0 0 0 0 0 0 0 361 172 0 5 2 1 1 0 0 1 0 0 0
140 83 0 2 0 0 0 0 0 0 0 0 0 367 177 0 5 2 1 1 0 0 1 0 0 0
156 92 0 2 0 0 0 0 0 0 0 0 0 407 189 0 5 2 1 1 1 0 1 0 0 0
164 97 0 2 0 0 0 0 0 0 0 0 0 463 210 0 5 2 2 1 1 0 2 0 0 0
176 103 0 2 0 0 0 0 0 0 0 0 0 540 248 0 6 2 2 1 1 0 2 0 0 0
193 113 0 2 0 0 0 0 0 0 0 0 0 545 252 0 6 2 2 1 1 0 2 0 0 0
215 123 0 3 0 0 0 0 0 0 0 0 0 549 259 0 6 2 2 1 1 0 2 0 0 0
224 127 0 3 1 0 0 0 0 0 0 0 0 565 275 0 6 2 2 1 1 0 2 0 0 0
229 132 0 3 1 0 0 0 0 0 0 0 0 693 311 0 9 2 2 1 1 0 2 0 0 0
232 137 0 3 1 0 0 0 0 0 0 0 0 762 333 0 9 2 2 1 1 0 2 0 0 0
242 147 0 3 1 0 0 0 0 0 0 0 0 799 346 0 10 3 2 2 1 0 2 0 0 0
246 150 0 4 1 0 0 0 0 0 0 0 0 805 353 0 10 3 2 2 1 0 2 0 0 0
272 154 0 4 1 0 0 0 0 0 0 0 0 930 387 0 13 3 2 2 1 0 2 0 0 0
302 167 0 4 1 0 0 0 0 0 0 0 0 1100 398 0 20 3 3 2 1 0 2 0 0 0
310 171 0 4 1 0 0 0 0 0 0 0 0 1171 431 0 21 4 3 2 1 0 2 0 0 0
316 178 0 4 1 0 0 0 0 0 0 0 0 1197 438 0 22 6 3 2 1 0 2 0 0 0
354 185 0 5 1 1 0 0 0 1 0 0 0 1204 443 0 22 6 3 2 1 0 2 0 0 0
365 194 0 5 1 1 0 0 0 1 0 0 0 1231 457 0 22 6 3 2 1 0 3 0 0 0
382 201 0 5 1 1 0 0 0 1 0 0 0 1269 470 0 22 6 3 2 1 0 3 1 0 0
390 205 0 5 1 1 0 0 0 1 0 0 0 1289 483 0 23 6 3 2 1 0 3 1 0 0
402 214 0 5 1 1 0 0 0 1 0 0 0 1313 498 0 24 6 3 2 1 0 3 1 0 0
427 219 0 5 1 1 0 0 0 1 0 0 0 1321 505 0 24 6 3 2 1 0 3 1 0 0
439 224 0 5 1 1 0 0 0 1 0 0 0 1325 508 0 24 6 3 2 1 0 3 1 0 0
448 233 0 6 1 1 0 0 0 1 0 0 0 1472 532 0 25 7 3 2 2 0 3 1 0 0
468 241 0 7 1 1 0 0 0 1 0 0 0 1479 539 0 25 7 3 2 2 0 3 1 0 0
473 246 0 7 1 1 0 0 0 1 0 0 0 1519 561 0 25 7 3 2 2 0 3 1 0 0
476 249 0 7 1 1 0 0 0 1 0 0 0 1588 575 0 25 7 3 3 2 0 3 1 0 0
489 254 0 7 1 1 0 0 0 1 0 0 0 1636 582 0 25 8 3 3 2 0 3 1 0 0
