# scores for worst/random/best/smart move selector strategies. 
# scores are 50% and 95% quantiles (based on 40 games) of: 
# game score, #destroyed, #unlocked, #stripes, #bombs, #zappers
0 0 0 0 0 0 0 0 0 0 0 0 0 9 9 0 0 0 0 0 0 0 0 0 0 0
6 6 0 0 0 0 0 0 0 0 0 0 0 16 16 0 0 0 0 0 0 0 0 0 0 0
9 9 0 0 0 0 0 0 0 0 0 0 0 27 27 0 0 0 0 0 0 0 0 0 0 0
15 15 0 0 0 0 0 0 0 0 0 0 0 76 36 0 0 1 0 0 0 0 0 0 0 0
19 19 0 0 0 0 0 0 0 0 0 0 0 84 49 0 1 1 0 0 0 0 0 0 0 0
26 25 0 0 0 0 0 0 0 0 0 0 0 90 52 0 1 1 0 0 0 0 0 0 0 0
33 30 0 0 0 0 0 0 0 0 0 0 0 111 65 0 1 1 0 0 0 0 0 0 0 0
41 34 0 0 0 0 0 0 0 0 0 0 0 114 69 0 1 1 0 0 0 0 0 0 0 0
45 38 0 0 0 0 0 0 0 0 0 0 0 123 74 0 1 1 0 0 0 0 0 0 0 0
51 43 0 0 0 0 0 0 0 0 0 0 0 130 77 0 1 1 0 0 0 0 0 0 0 0
63 47 0 0 0 0 0 0 0 0 0 0 0 147 82 0 1 1 0 0 0 0 0 0 0 0
69 50 0 0 0 0 0 0 0 0 0 0 0 207 105 0 2 1 0 0 0 0 0 0 0 0
80 57 0 0 0 0 0 0 0 0 0 0 0 210 113 0 2 1 0 0 0 0 0 0 0 0
87 63 0 0 0 0 0 0 0 0 0 0 0 213 120 0 2 1 0 0 0 0 0 0 0 0
92 68 0 0 0 0 0 0 0 0 0 0 0 230 125 0 2 1 0 0 0 0 0 0 0 0
102 76 0 0 0 0 0 0 0 0 0 0 0 237 131 0 3 1 1 0 0 0 1 0 0 0
115 87 0 0 0 0 0 0 0 0 0 0 0 264 145 0 3 1 1 0 0 0 1 0 0 0
118 90 0 1 0 0 0 0 0 0 0 0 0 331 166 0 4 1 1 0 0 0 1 0 0 0
135 97 0 1 0 0 0 0 0 0 0 0 0 338 171 0 4 1 1 0 0 0 1 0 0 0
142 101 0 1 0 0 0 0 0 0 0 0 0 344 174 0 4 1 1 0 0 0 1 0 0 0
156 109 0 1 0 0 0 0 0 0 0 0 0 350 179 0 4 1 1 0 0 0 1 0 0 0
165 118 0 1 0 0 0 0 0 0 0 0 0 362 191 0 4 1 1 0 0 0 1 0 0 0
170 122 0 1 0 0 0 0 0 0 0 0 0 369 197 0 4 2 1 0 0 0 1 0 0 0
174 127 0 1 0 0 0 0 0 0 0 0 0 376 206 0 4 2 1 0 0 0 1 0 0 0
178 130 0 2 0 0 0 0 0 0 0 0 0 400 218 0 4 2 1 0 0 0 1 0 0 0
188 138 0 2 1 0 0 0 0 0 0 0 0 404 222 0 4 2 1 0 0 0 1 0 0 0
191 143 0 2 1 0 0 0 0 0 0 0 0 461 256 0 5 2 1 0 0 0 1 0 0 0
197 149 0 2 1 0 0 0 0 0 0 0 0 485 259 0 5 2 1 0 0 0 1 0 0 0
226 152 0 2 1 0 0 0 0 0 0 0 0 492 263 0 5 2 1 0 0 0 1 0 0 0
229 158 0 2 1 0 0 0 0 0 0 0 0 498 268 0 5 2 1 0 0 0 1 0 0 0
239 162 0 2 1 0 0 0 0 0 0 0 0 505 277 0 5 2 1 0 0 0 1 0 0 0
242 165 0 2 1 0 0 0 0 0 0 0 0 508 283 0 5 2 1 0 0 0 1 0 0 0
245 171 0 2 1 0 0 0 0 0 0 0 0 515 302 0 5 2 1 0 0 0 1 0 0 0
255 177 0 2 1 0 0 0 0 0 0 0 0 518 308 0 5 2 1 0 0 0 1 0 0 0
272 183 0 2 1 0 0 0 0 0 0 0 0 537 327 0 5 2 1 0 0 0 1 0 0 0
276 188 0 2 1 0 0 0 0 0 0 0 0 684 356 0 6 3 1 0 0 0 1 0 0 0
281 192 0 2 1 0 0 0 0 0 0 0 0 706 366 0 7 3 1 0 0 0 1 0 0 0
286 199 0 2 1 0 0 0 0 0 0 0 0 716 376 0 7 3 1 0 0 0 1 0 0 0
299 207 0 2 1 0 0 0 0 0 0 0 0 719 379 0 7 3 1 0 0 0 1 0 0 0
305 213 0 2 1 0 0 0 0 0 0 0 0 757 398 0 7 4 1 0 0 0 1 0 0 0
309 219 0 2 1 0 0 0 0 0 0 0 0 761 402 0 7 4 1 0 0 0 1 0 0 0
