# scores for worst/random/best/smart move selector strategies. 
# scores are 50% and 95% quantiles (based on 40 games) of: 
# game score, #destroyed, #unlocked, #stripes, #bombs, #zappers
0 0 0 0 0 0 0 0 0 0 0 0 0 9 9 0 0 0 0 0 0 0 0 0 0 0
6 6 0 0 0 0 0 0 0 0 0 0 0 22 20 0 0 0 0 0 0 0 0 0 0 0
12 12 0 0 0 0 0 0 0 0 0 0 0 96 40 0 0 1 1 0 0 0 0 0 0 0
18 18 0 0 0 0 0 0 0 0 0 0 0 142 64 0 2 1 1 0 0 0 0 0 0 0
25 23 0 0 0 0 0 0 0 0 0 0 0 180 79 0 2 1 1 0 0 0 1 0 0 0
39 28 0 0 0 0 0 0 0 0 0 0 0 218 98 0 2 1 1 0 0 0 1 0 0 0
56 38 0 1 0 0 0 0 0 0 0 0 0 313 137 0 3 1 1 1 0 0 1 0 0 0
78 42 0 1 0 0 0 0 0 0 0 0 0 380 158 0 4 2 1 1 0 0 1 0 0 0
90 50 0 1 0 0 0 0 0 0 0 0 0 387 165 0 4 2 1 1 0 0 1 0 0 0
98 56 0 1 0 0 0 0 0 0 0 0 0 477 211 0 4 2 1 1 1 0 1 0 0 0
115 64 0 1 0 0 0 0 0 0 0 0 0 547 241 0 5 2 1 1 1 0 1 0 0 0
131 71 0 2 0 0 0 0 0 0 0 0 0 562 255 0 5 2 2 1 1 0 1 0 0 0
146 78 0 2 0 0 0 0 0 0 0 0 0 682 292 0 7 2 2 1 1 0 1 0 0 0
158 86 0 2 0 0 0 0 0 0 0 0 0 718 308 0 7 2 2 1 1 0 1 0 0 0
166 94 0 2 0 0 0 0 0 0 0 0 0 731 321 0 8 2 2 1 1 0 2 0 0 0
180 99 0 2 0 0 0 0 0 0 0 0 0 812 339 0 10 3 2 2 1 0 2 0 0 0
204 109 0 2 0 0 0 0 0 0 0 0 0 820 353 0 10 3 3 2 1 0 2 0 0 0
225 113 0 3 0 1 0 0 0 1 0 0 0 1017 385 0 10 3 3 2 1 0 2 0 0 0
238 122 0 3 1 1 0 0 0 1 0 0 0 1092 431 0 11 6 3 2 1 0 2 0 0 0
251 127 0 3 1 1 0 0 0 1 0 0 0 1152 445 0 12 7 3 2 1 0 2 0 0 0
285 136 0 4 1 1 0 0 0 1 0 0 0 1324 493 0 12 10 3 2 1 0 2 1 0 0
294 140 0 4 1 1 0 0 0 1 0 0 0 1342 510 0 20 10 3 2 1 0 2 1 0 0
306 147 0 4 1 1 0 0 0 1 0 0 0 1407 545 0 21 11 3 2 1 0 3 1 0 0
327 152 0 4 1 1 0 0 0 1 0 0 0 1611 560 0 22 16 3 2 1 0 3 1 1 0
344 161 0 4 1 1 0 0 0 1 0 0 0 1623 574 0 22 16 3 2 1 0 3 1 1 0
349 167 0 5 1 1 0 0 0 1 0 0 0 1631 586 0 22 16 3 2 1 0 3 1 1 0
366 173 0 5 1 1 0 0 0 1 0 0 0 1705 597 0 22 16 3 2 1 0 3 1 1 0
396 182 0 6 1 1 0 0 0 1 0 0 0 1760 628 0 22 16 4 2 1 0 3 1 1 0
411 189 0 6 1 1 0 0 0 1 0 0 0 1846 657 0 24 16 4 3 1 0 3 1 1 0
418 195 0 6 1 1 0 0 0 1 0 0 0 2003 713 0 25 16 4 3 1 0 3 1 1 0
435 201 0 6 1 1 0 0 0 1 0 0 0 2079 726 0 25 16 5 3 1 0 4 1 1 0
470 204 0 6 1 1 0 0 0 1 0 0 0 2133 744 0 26 16 5 3 1 0 4 1 1 0
473 215 0 7 1 1 0 0 0 1 0 0 0 2170 760 0 27 16 5 3 1 0 4 1 1 0
481 223 0 7 1 1 0 0 0 1 0 0 0 2177 767 0 28 16 5 3 1 0 4 1 1 0
485 230 0 7 1 1 0 0 0 1 0 0 0 2220 805 0 28 16 5 3 1 0 4 1 1 0
497 234 0 7 2 1 0 0 0 1 0 0 0 2499 832 0 35 16 6 3 1 0 4 1 1 0
515 242 0 7 2 1 0 0 0 1 0 0 0 2521 846 0 36 16 6 3 1 0 4 1 1 0
531 248 0 8 2 1 0 0 0 1 0 0 0 2756 876 0 36 21 7 3 1 0 5 1 1 0
544 257 0 8 2 1 1 0 0 1 0 0 0 2767 911 0 36 21 7 3 1 0 5 1 1 0
548 264 0 8 2 1 1 0 0 1 0 0 0 2774 927 0 36 21 7 3 1 0 5 1 1 0
566 269 0 9 2 1 1 0 0 1 0 0 0 2808 940 0 38 21 7 3 1 0 5 1 1 0
