# scores for worst/random/best/smart move selector strategies. 
# scores are 50% and 95% quantiles (based on 40 games) of: 
# game score, #destroyed, #unlocked, #stripes, #bombs, #zappers
0 0 0 0 0 0 0 0 0 0 0 0 0 9 9 0 0 0 0 0 0 0 0 0 0 0
6 6 0 0 0 0 0 0 0 0 0 0 0 20 19 0 0 0 0 0 0 0 0 0 0 0
9 9 0 0 0 0 0 0 0 0 0 0 0 37 25 0 0 0 0 0 0 0 0 0 0 0
15 15 0 0 0 0 0 0 0 0 0 0 0 41 28 0 0 0 0 0 0 0 0 0 0 0
18 18 0 0 0 0 0 0 0 0 0 0 0 46 36 0 0 0 0 0 0 0 0 0 0 0
24 24 0 0 0 0 0 0 0 0 0 0 0 51 44 0 0 0 0 0 0 0 0 0 0 0
27 27 0 0 0 0 0 0 0 0 0 0 0 79 47 0 0 1 0 0 0 0 0 0 0 0
33 33 0 0 0 0 0 0 0 0 0 0 0 92 59 0 1 1 0 0 0 0 0 0 0 0
36 36 0 0 0 0 0 0 0 0 0 0 0 95 63 0 1 1 0 0 0 0 0 0 0 0
41 40 0 0 0 0 0 0 0 0 0 0 0 98 67 0 1 1 0 0 0 0 0 0 0 0
45 45 0 0 0 0 0 0 0 0 0 0 0 101 74 0 1 1 0 0 0 0 0 0 0 0
49 49 0 0 0 0 0 0 0 0 0 0 0 111 80 0 1 1 0 0 0 0 0 0 0 0
55 54 0 0 0 0 0 0 0 0 0 0 0 114 83 0 1 1 0 0 0 0 0 0 0 0
59 59 0 0 0 0 0 0 0 0 0 0 0 117 93 0 1 1 0 0 0 0 0 0 0 0
64 63 0 0 0 0 0 0 0 0 0 0 0 122 96 0 1 1 0 0 0 0 0 0 0 0
72 69 0 0 0 0 0 0 0 0 0 0 0 130 103 0 1 1 0 0 0 0 0 0 0 0
75 74 0 0 0 0 0 0 0 0 0 0 0 139 112 0 1 1 0 0 0 0 0 0 0 0
83 78 0 0 0 0 0 0 0 0 0 0 0 161 117 0 1 1 0 0 0 0 0 0 0 0
87 86 0 0 0 0 0 0 0 0 0 0 0 164 124 0 1 1 0 0 0 0 0 0 0 0
91 89 0 0 0 0 0 0 0 0 0 0 0 169 131 0 1 1 0 0 0 0 0 0 0 0
95 93 0 0 0 0 0 0 0 0 0 0 0 214 142 0 2 1 0 0 0 0 0 0 0 0
102 97 0 0 0 0 0 0 0 0 0 0 0 222 145 0 2 1 0 0 0 0 0 0 0 0
109 105 0 0 0 0 0 0 0 0 0 0 0 251 157 0 2 1 0 0 0 0 0 0 0 0
115 108 0 0 0 0 0 0 0 0 0 0 0 262 160 0 2 1 0 0 0 0 0 0 0 0
128 113 0 0 0 0 0 0 0 0 0 0 0 274 165 0 2 1 0 0 0 0 0 0 0 0
131 117 0 0 0 0 0 0 0 0 0 0 0 277 169 0 2 1 0 0 0 0 0 0 0 0
139 120 0 0 0 0 0 0 0 0 0 0 0 283 172 0 2 1 0 0 0 0 0 0 0 0
152 126 0 0 0 0 0 0 0 0 0 0 0 286 179 0 2 1 0 0 0 0 0 0 0 0
157 132 0 0 0 0 0 0 0 0 0 0 0 294 185 0 3 1 0 0 0 0 0 0 0 0
163 137 0 0 0 0 0 0 0 0 0 0 0 301 189 0 3 1 0 0 0 0 0 0 0 0
168 140 0 0 0 0 0 0 0 0 0 0 0 354 211 0 4 2 0 0 0 0 0 0 0 0
171 145 0 0 0 0 0 0 0 0 0 0 0 378 239 0 4 2 0 0 0 0 0 0 0 0
176 149 0 0 0 0 0 0 0 0 0 0 0 382 243 0 4 2 0 0 0 0 0 0 0 0
179 154 0 0 0 0 0 0 0 0 0 0 0 397 249 0 4 2 0 0 0 0 0 0 0 0
183 157 0 0 0 0 0 0 0 0 0 0 0 427 255 0 4 2 0 0 0 0 0 0 0 0
188 161 0 0 0 0 0 0 0 0 0 0 0 432 261 0 4 2 0 0 0 0 0 0 0 0
192 166 0 0 0 0 0 0 0 0 0 0 0 435 264 0 5 2 0 0 0 0 0 0 0 0
195 169 0 0 0 0 0 0 0 0 0 0 0 438 267 0 5 2 0 0 0 0 0 0 0 0
201 174 0 0 0 0 0 0 0 0 0 0 0 442 272 0 5 2 0 0 0 0 0 0 0 0
205 179 0 0 0 0 0 0 0 0 0 0 0 452 280 0 5 2 0 0 0 0 0 0 0 0
211 186 0 1 0 0 0 0 0 0 0 0 0 469 286 0 5 2 0 0 0 0 0 0 0 0
