# scores for worst/random/best/smart move selector strategies. 
# scores are 50% and 95% quantiles (based on 40 games) of: 
# game score, #destroyed, #unlocked, #stripes, #bombs, #zappers
0 0 0 0 0 0 0 0 0 0 0 0 0 6 6 0 0 0 0 0 0 0 0 0 0 0
3 3 0 0 0 0 0 0 0 0 0 0 0 9 9 0 0 0 0 0 0 0 0 0 0 0
9 9 0 0 0 0 0 0 0 0 0 0 0 27 13 0 0 0 0 0 0 0 0 0 0 0
12 12 0 0 0 0 0 0 0 0 0 0 0 30 19 0 0 0 0 0 0 0 0 0 0 0
15 15 0 0 0 0 0 0 0 0 0 0 0 37 24 0 0 0 0 0 0 0 0 0 0 0
20 20 0 0 0 0 0 0 0 0 0 0 0 50 32 0 0 0 0 0 0 0 0 0 0 0
24 24 0 0 0 0 0 0 0 0 0 0 0 75 43 0 1 0 0 0 0 0 0 0 0 0
30 30 0 0 0 0 0 0 0 0 0 0 0 78 46 0 1 0 0 0 0 0 0 0 0 0
33 33 0 0 0 0 0 0 0 0 0 0 0 81 50 0 1 0 0 0 0 0 0 0 0 0
37 37 0 0 0 0 0 0 0 0 0 0 0 114 57 1 1 0 0 0 0 0 0 0 0 0
42 41 0 0 0 0 0 0 0 0 0 0 0 117 61 1 1 0 0 0 0 0 0 0 0 0
46 45 0 0 0 0 0 0 0 0 0 0 0 127 67 2 1 0 0 0 0 0 0 0 0 0
54 50 0 0 0 0 0 0 0 0 0 0 0 133 71 3 2 0 0 0 0 0 0 0 0 0
61 54 0 0 0 0 0 0 0 0 0 0 0 157 75 3 3 0 0 0 0 0 0 0 0 0
66 61 0 0 0 0 0 0 0 0 0 0 0 171 82 3 3 0 0 0 0 0 0 0 0 0
70 64 0 0 0 0 0 0 0 0 0 0 0 174 89 3 3 0 0 0 0 0 0 0 0 0
77 69 0 0 0 0 0 0 0 0 0 0 0 180 94 3 3 0 0 0 0 0 0 0 0 0
81 73 0 0 0 0 0 0 0 0 0 0 0 185 100 3 3 1 0 1 0 0 0 0 0 0
91 78 0 0 0 0 0 0 0 0 0 0 0 222 112 3 3 1 0 1 0 0 0 0 0 0
97 81 0 0 0 0 0 0 0 0 0 0 0 225 115 3 3 1 0 1 0 0 0 0 0 0
107 88 0 0 0 0 0 0 0 0 0 0 0 228 118 4 3 1 0 1 0 0 0 0 0 0
111 94 0 1 0 0 0 0 0 0 0 0 0 231 121 4 3 1 1 1 0 0 1 0 0 0
116 97 0 1 0 0 0 0 0 0 0 0 0 234 124 4 4 1 1 1 0 0 1 0 0 0
136 103 0 1 0 0 0 0 0 0 0 0 0 237 128 4 4 1 1 1 0 0 1 0 0 0
140 106 0 1 0 0 0 0 0 0 0 0 0 241 132 4 4 1 1 1 0 0 1 0 0 0
148 111 0 1 0 0 0 0 0 0 0 0 0 244 139 5 4 1 1 1 0 0 1 0 0 0
160 117 1 1 0 0 0 0 0 0 0 0 0 290 153 5 4 1 1 1 0 0 1 0 0 0
166 121 1 2 0 0 0 0 0 0 0 0 0 293 156 6 4 1 1 1 0 0 1 0 0 0
171 126 1 2 0 0 0 0 0 0 0 0 0 300 161 6 4 1 1 1 0 0 1 0 0 0
176 132 1 2 0 0 0 0 0 0 0 0 0 311 168 6 5 1 1 1 0 0 1 0 0 0
182 138 2 2 0 0 0 0 0 0 0 0 0 314 171 6 5 1 1 1 0 0 1 0 0 0
188 142 2 2 0 0 0 0 0 0 0 0 0 317 179 6 5 1 1 1 0 0 1 0 0 0
205 149 2 2 0 0 0 0 0 0 0 0 0 342 183 6 5 1 1 1 0 0 1 0 0 0
210 152 2 2 0 0 0 0 0 0 0 0 0 345 190 6 5 1 1 1 0 0 1 0 0 0
217 156 2 2 0 0 0 0 0 0 0 0 0 353 196 8 6 1 1 1 0 0 1 0 0 0
220 161 2 2 0 0 0 0 0 0 0 0 0 356 199 8 6 1 1 1 0 0 1 0 0 0
223 164 2 2 0 0 0 0 0 0 0 0 0 359 202 8 6 1 1 1 0 0 1 0 0 0
229 170 2 2 0 0 0 0 0 0 0 0 0 383 207 9 7 1 1 1 0 0 1 0 0 0
236 174 2 2 0 0 0 0 0 0 0 0 0 387 212 9 7 1 1 1 0 0 1 0 0 0
244 177 2 2 0 0 0 0 0 0 0 0 0 391 215 9 7 1 1 1 0 0 1 0 0 0
249 182 3 2 0 0 0 0 0 0 0 0 0 394 219 9 7 1 1 1 0 0 1 0 0 0
