# scores for worst/random/best/smart move selector strategies. 
# scores are 50% and 95% quantiles (based on 40 games) of: 
# game score, #destroyed, #unlocked, #stripes, #bombs, #zappers
0 0 0 0 0 0 0 0 0 0 0 0 0 6 6 0 0 0 0 0 0 0 0 0 0 0
3 3 0 0 0 0 0 0 0 0 0 0 0 13 11 0 0 0 0 0 0 0 0 0 0 0
7 7 0 0 0 0 0 0 0 0 0 0 0 29 14 0 0 0 0 0 0 0 0 0 0 0
12 12 0 0 0 0 0 0 0 0 0 0 0 43 20 0 0 0 0 0 0 0 0 0 0 0
18 16 0 0 0 0 0 0 0 0 0 0 0 49 26 0 1 0 0 0 0 0 0 0 0 0
21 21 0 0 0 0 0 0 0 0 0 0 0 52 31 0 1 0 0 0 0 0 0 0 0 0
26 24 0 0 0 0 0 0 0 0 0 0 0 57 37 0 1 0 0 0 0 0 0 0 0 0
33 31 0 0 0 0 0 0 0 0 0 0 0 68 42 0 1 0 0 0 0 0 0 0 0 0
36 34 0 0 0 0 0 0 0 0 0 0 0 72 47 0 1 0 0 0 0 0 0 0 0 0
39 39 0 0 0 0 0 0 0 0 0 0 0 77 53 0 1 0 0 0 0 0 0 0 0 0
46 42 0 0 0 0 0 0 0 0 0 0 0 80 57 0 1 0 0 0 0 0 0 0 0 0
49 47 0 0 0 0 0 0 0 0 0 0 0 100 66 0 2 0 0 0 0 0 0 0 0 0
54 51 0 0 0 0 0 0 0 0 0 0 0 120 72 3 2 0 0 0 0 0 0 0 0 0
58 56 0 0 0 0 0 0 0 0 0 0 0 123 78 3 2 0 0 0 0 0 0 0 0 0
64 60 0 0 0 0 0 0 0 0 0 0 0 126 81 3 2 0 0 0 0 0 0 0 0 0
71 64 0 0 0 0 0 0 0 0 0 0 0 130 86 3 2 0 0 0 0 0 0 0 0 0
76 69 0 0 0 0 0 0 0 0 0 0 0 133 89 3 2 0 0 0 0 0 0 0 0 0
81 74 0 0 0 0 0 0 0 0 0 0 0 137 95 3 2 0 0 0 0 0 0 0 0 0
85 77 0 0 0 0 0 0 0 0 0 0 0 141 102 3 2 0 0 0 0 0 0 0 0 0
93 81 0 0 0 0 0 0 0 0 0 0 0 157 105 3 2 0 0 0 0 0 0 0 0 0
98 86 0 0 0 0 0 0 0 0 0 0 0 168 109 3 2 0 0 0 0 0 0 0 0 0
107 91 0 0 0 0 0 0 0 0 0 0 0 171 112 3 2 0 1 0 0 0 1 0 0 0
112 96 0 0 0 0 0 0 0 0 0 0 0 174 115 4 2 0 1 0 0 0 1 0 0 0
115 100 0 1 0 0 0 0 0 0 0 0 0 182 121 4 2 0 1 0 0 0 1 0 0 0
121 105 0 1 0 0 0 0 0 0 0 0 0 188 124 4 2 0 1 0 0 0 1 0 0 0
128 109 0 1 0 0 0 0 0 0 0 0 0 191 129 4 2 0 1 0 0 0 1 0 0 0
136 114 0 1 0 0 0 0 0 0 0 0 0 194 137 4 2 1 1 0 0 0 1 0 0 0
139 119 0 1 0 0 0 0 0 0 0 0 0 202 148 4 2 1 1 0 0 0 1 0 0 0
142 122 0 1 0 0 0 0 0 0 0 0 0 206 153 4 3 1 1 0 0 0 1 0 0 0
156 131 0 1 0 0 0 0 0 0 0 0 0 221 157 5 3 1 1 0 0 0 1 0 0 0
160 134 0 1 0 0 0 0 0 0 0 0 0 226 165 5 3 1 1 0 0 0 1 0 0 0
168 138 0 1 0 0 0 0 0 0 0 0 0 241 170 6 3 1 1 0 0 0 1 0 0 0
172 143 0 1 0 0 0 0 0 0 0 0 0 246 175 6 3 1 1 0 0 0 1 0 0 0
175 147 0 1 0 0 0 0 0 0 0 0 0 251 179 6 3 1 1 0 0 0 1 0 0 0
191 150 0 1 0 0 0 0 0 0 0 0 0 254 182 6 3 1 1 0 0 0 1 0 0 0
194 156 0 1 0 0 0 0 0 0 0 0 0 272 185 6 3 1 1 0 0 0 1 0 0 0
197 162 0 1 0 0 0 0 0 0 0 0 0 276 188 6 3 1 1 0 0 0 1 0 0 0
200 165 0 1 0 0 0 0 0 0 0 0 0 286 194 6 4 1 1 0 0 0 1 0 0 0
210 168 0 1 0 0 0 0 0 0 0 0 0 290 199 6 4 1 1 0 0 0 1 0 0 0
214 171 0 1 0 0 0 0 0 0 0 0 0 293 202 6 4 1 1 0 0 0 1 0 0 0
217 176 0 1 0 0 0 0 0 0 0 0 0 298 206 6 4 1 1 0 0 0 1 0 0 0
