# scores for worst/random/best/smart move selector strategies. 
# scores are 50% and 95% quantiles (based on 40 games) of: 
# game score, #destroyed, #unlocked, #stripes, #bombs, #zappers
0 0 0 0 0 0 0 0 0 0 0 0 0 6 6 0 0 0 0 0 0 0 0 0 0 0
3 3 0 0 0 0 0 0 0 0 0 0 0 9 9 0 0 0 0 0 0 0 0 0 0 0
9 9 0 0 0 0 0 0 0 0 0 0 0 29 17 0 0 0 0 0 0 0 0 0 0 0
12 12 0 0 0 0 0 0 0 0 0 0 0 34 22 0 0 0 0 0 0 0 0 0 0 0
15 15 0 0 0 0 0 0 0 0 0 0 0 44 26 0 0 0 0 0 0 0 0 0 0 0
20 20 0 0 0 0 0 0 0 0 0 0 0 50 30 0 1 0 0 0 0 0 0 0 0 0
24 24 0 0 0 0 0 0 0 0 0 0 0 66 35 3 1 0 0 0 0 0 0 0 0 0
31 30 0 0 0 0 0 0 0 0 0 0 0 76 43 3 1 0 0 0 0 0 0 0 0 0
36 34 0 0 0 0 0 0 0 0 0 0 0 85 48 3 1 0 0 0 0 0 0 0 0 0
40 39 0 0 0 0 0 0 0 0 0 0 0 95 55 3 1 0 0 0 0 0 0 0 0 0
45 43 0 0 0 0 0 0 0 0 0 0 0 112 58 3 1 0 1 0 0 0 1 0 0 0
48 48 0 0 0 0 0 0 0 0 0 0 0 130 63 4 1 0 1 0 0 0 1 0 0 0
57 52 0 0 0 0 0 0 0 0 0 0 0 138 73 4 2 0 1 0 0 0 1 0 0 0
62 56 0 0 0 0 0 0 0 0 0 0 0 147 81 4 2 1 1 0 0 0 1 0 0 0
71 60 0 0 0 0 0 0 0 0 0 0 0 153 87 4 2 1 1 0 0 0 1 0 0 0
82 64 0 0 0 0 0 0 0 0 0 0 0 167 97 4 2 1 1 0 0 0 1 0 0 0
85 70 0 0 0 0 0 0 0 0 0 0 0 203 106 4 2 1 1 0 0 0 1 0 0 0
93 74 0 1 0 0 0 0 0 0 0 0 0 211 116 6 2 1 1 0 0 0 1 0 0 0
98 80 0 1 0 0 0 0 0 0 0 0 0 230 122 8 3 1 1 0 0 0 1 0 0 0
103 84 0 1 0 0 0 0 0 0 0 0 0 239 129 8 3 1 1 0 0 0 1 0 0 0
110 90 0 1 0 0 0 0 0 0 0 0 0 253 143 11 4 1 1 1 1 0 1 0 0 0
117 96 0 1 0 0 0 0 0 0 0 0 0 258 147 11 4 1 1 1 1 0 1 0 0 0
128 101 0 1 0 0 0 0 0 0 0 0 0 282 154 11 4 1 1 1 1 0 1 0 0 0
141 110 0 1 0 0 0 0 0 0 0 0 0 326 164 11 4 1 1 1 1 0 1 0 0 0
161 115 1 2 0 0 0 0 0 0 0 0 0 334 171 11 5 1 1 1 1 0 1 0 0 0
169 123 2 2 0 0 0 0 0 0 0 0 0 348 177 11 5 1 1 1 1 0 1 0 0 0
176 129 2 2 0 0 0 0 0 0 0 0 0 356 180 11 5 1 1 1 1 0 1 0 0 0
190 137 2 2 0 0 0 0 0 0 0 0 0 361 186 11 5 1 1 1 1 0 1 0 0 0
199 145 2 2 0 0 0 0 0 0 0 0 0 378 200 11 6 1 1 1 1 0 1 0 0 0
225 156 3 2 0 0 0 0 0 0 0 0 0 390 208 12 7 1 1 1 1 0 1 0 0 0
244 163 3 3 0 0 0 0 0 0 0 0 0 413 218 12 7 2 1 1 1 0 1 0 0 0
254 171 4 3 0 0 0 0 0 0 0 0 0 470 229 14 7 2 1 1 1 0 1 0 0 0
296 182 4 3 0 0 0 0 0 0 0 0 0 473 232 16 8 2 1 1 1 0 1 0 0 0
306 186 4 3 0 0 0 0 0 0 0 0 0 479 242 16 8 2 1 1 1 0 1 0 0 0
313 194 4 4 0 0 0 0 0 0 0 0 0 486 248 16 8 2 1 1 1 0 1 0 0 0
317 203 4 4 0 0 0 0 0 0 0 0 0 505 254 16 8 2 1 2 1 0 1 0 0 0
330 208 4 4 0 0 0 0 0 0 0 0 0 508 259 17 8 2 1 2 1 0 1 0 0 0
336 215 4 4 0 0 0 0 0 0 0 0 0 533 263 17 8 2 1 2 1 0 1 0 0 0
344 221 4 4 1 0 0 0 0 0 0 0 0 547 267 17 8 2 1 2 1 0 1 0 0 0
351 224 4 4 1 0 0 0 0 0 0 0 0 567 272 17 8 2 1 2 1 0 1 0 0 0
359 230 4 4 1 0 0 0 0 0 0 0 0 583 281 17 8 2 1 2 1 0 1 0 0 0
