# scores for worst/random/best/smart move selector strategies. 
# scores are 50% and 95% quantiles (based on 40 games) of: 
# game score, #destroyed, #unlocked, #stripes, #bombs, #zappers
0 0 0 0 0 0 0 0 0 0 0 0 0 6 6 0 0 0 0 0 0 0 0 0 0 0
3 3 0 0 0 0 0 0 0 0 0 0 0 10 10 0 0 0 0 0 0 0 0 0 0 0
9 9 0 0 0 0 0 0 0 0 0 0 0 15 15 0 0 0 0 0 0 0 0 0 0 0
12 12 0 0 0 0 0 0 0 0 0 0 0 18 18 0 0 0 0 0 0 0 0 0 0 0
15 15 0 0 0 0 0 0 0 0 0 0 0 22 22 0 0 0 0 0 0 0 0 0 0 0
18 18 0 0 0 0 0 0 0 0 0 0 0 35 30 0 0 0 0 0 0 0 0 0 0 0
24 24 0 0 0 0 0 0 0 0 0 0 0 47 37 0 0 0 0 0 0 0 0 0 0 0
30 30 0 0 0 0 0 0 0 0 0 0 0 53 44 1 0 0 0 0 0 0 0 0 0 0
33 33 0 0 0 0 0 0 0 0 0 0 0 58 47 1 1 0 0 0 0 0 0 0 0 0
36 36 0 0 0 0 0 0 0 0 0 0 0 66 55 1 1 0 0 0 0 0 0 0 0 0
41 39 0 0 0 0 0 0 0 0 0 0 0 83 58 1 1 0 0 0 0 0 0 0 0 0
45 45 0 0 0 0 0 0 0 0 0 0 0 91 63 1 1 0 0 0 0 0 0 0 0 0
48 48 0 0 0 0 0 0 0 0 0 0 0 94 68 1 1 0 0 0 0 0 0 0 0 0
53 51 0 0 0 0 0 0 0 0 0 0 0 109 72 1 1 0 0 0 0 0 0 0 0 0
56 54 0 0 0 0 0 0 0 0 0 0 0 112 75 1 1 0 0 0 0 0 0 0 0 0
60 58 0 0 0 0 0 0 0 0 0 0 0 125 85 1 1 1 0 0 0 0 0 0 0 0
64 63 0 0 0 0 0 0 0 0 0 0 0 131 89 1 1 1 0 0 0 0 0 0 0 0
70 66 0 0 0 0 0 0 0 0 0 0 0 135 94 2 1 1 0 0 0 0 0 0 0 0
74 72 0 0 0 0 0 0 0 0 0 0 0 138 97 2 1 1 0 0 0 0 0 0 0 0
79 75 0 0 0 0 0 0 0 0 0 0 0 143 101 2 1 1 0 0 0 0 0 0 0 0
82 78 0 0 0 0 0 0 0 0 0 0 0 146 104 2 1 1 0 0 0 0 0 0 0 0
86 81 0 0 0 0 0 0 0 0 0 0 0 149 107 2 1 1 0 0 0 0 0 0 0 0
89 86 0 0 0 0 0 0 0 0 0 0 0 152 112 2 1 1 0 0 0 0 0 0 0 0
93 90 0 0 0 0 0 0 0 0 0 0 0 155 115 2 1 1 0 0 0 0 0 0 0 0
97 93 0 0 0 0 0 0 0 0 0 0 0 158 118 3 1 1 0 0 0 0 0 0 0 0
100 99 0 0 0 0 0 0 0 0 0 0 0 188 130 3 1 1 0 0 0 0 0 0 0 0
106 102 0 0 0 0 0 0 0 0 0 0 0 196 137 3 1 1 0 0 0 0 0 0 0 0
111 106 0 0 0 0 0 0 0 0 0 0 0 199 140 3 1 1 0 0 0 0 0 0 0 0
115 111 0 0 0 0 0 0 0 0 0 0 0 203 144 3 1 1 0 0 0 0 0 0 0 0
119 114 0 0 0 0 0 0 0 0 0 0 0 206 147 3 2 1 0 0 0 0 0 0 0 0
130 119 0 0 0 0 0 0 0 0 0 0 0 210 150 3 2 1 0 0 0 0 0 0 0 0
134 123 0 0 0 0 0 0 0 0 0 0 0 214 153 3 2 1 0 0 0 0 0 0 0 0
140 127 0 0 0 0 0 0 0 0 0 0 0 224 156 4 2 1 0 0 0 0 0 0 0 0
145 132 0 0 0 0 0 0 0 0 0 0 0 228 165 4 2 1 0 0 0 0 0 0 0 0
149 135 0 0 0 0 0 0 0 0 0 0 0 231 168 4 2 1 0 0 0 0 0 0 0 0
153 144 0 0 0 0 0 0 0 0 0 0 0 236 173 4 2 1 0 0 0 0 0 0 0 0
159 147 0 0 0 0 0 0 0 0 0 0 0 240 178 4 2 1 0 0 0 0 0 0 0 0
162 150 0 0 0 0 0 0 0 0 0 0 0 243 181 4 2 1 0 0 0 0 0 0 0 0
167 154 0 0 0 0 0 0 0 0 0 0 0 258 188 4 2 1 0 0 0 0 0 0 0 0
172 158 0 0 0 0 0 0 0 0 0 0 0 274 193 4 2 1 0 0 0 0 0 0 0 0
175 161 0 0 0 0 0 0 0 0 0 0 0 288 198 4 2 1 0 0 0 0 0 0 0 0
