# scores for worst/random/best/smart move selector strategies. 
# scores are 50% and 95% quantiles (based on 40 games) of: 
# game score, #destroyed, #unlocked, #stripes, #bombs, #zappers
3 3 0 0 0 0 0 0 0 0 0 0 0 17 17 0 0 0 0 0 0 0 0 0 0 0
10 10 0 0 0 0 0 0 0 0 0 0 0 33 26 0 0 0 0 0 0 0 0 0 0 0
16 16 0 0 0 0 0 0 0 0 0 0 0 91 42 2 2 0 0 1 0 0 0 0 0 0
21 21 0 0 0 0 0 0 0 0 0 0 0 99 51 2 2 0 0 1 0 0 0 0 0 0
27 26 0 0 0 0 0 0 0 0 0 0 0 108 58 2 2 0 0 1 0 0 0 0 0 0
33 31 0 0 0 0 0 0 0 0 0 0 0 113 65 2 2 0 0 1 0 0 0 0 0 0
43 38 0 0 0 0 0 0 0 0 0 0 0 133 70 2 2 0 0 1 0 0 0 0 0 0
56 47 0 0 0 0 0 0 0 0 0 0 0 183 89 2 2 0 0 1 0 0 0 0 0 0
75 54 0 0 0 0 0 0 0 0 0 0 0 236 108 3 4 1 0 1 0 0 0 0 0 0
111 61 0 1 0 0 0 0 0 0 0 0 0 256 113 6 4 1 1 1 0 0 1 0 0 0
123 71 0 1 0 0 0 0 0 0 0 0 0 287 117 9 4 1 1 1 1 0 1 0 0 0
140 81 1 2 0 0 0 0 0 0 0 0 0 295 130 9 5 1 1 1 1 0 1 0 0 0
164 88 2 2 0 0 0 0 0 0 0 0 0 332 141 9 5 2 1 1 1 0 1 0 0 0
177 97 2 2 0 0 0 0 0 0 0 0 0 335 149 9 5 2 1 1 1 0 1 0 0 0
197 105 2 2 0 0 0 0 0 0 0 0 0 340 159 9 6 2 1 1 1 0 1 0 0 0
205 113 2 2 0 0 0 0 0 0 0 0 0 376 178 10 6 2 1 1 1 0 1 0 0 0
241 118 2 3 0 0 0 0 0 0 0 0 0 544 193 10 11 2 1 2 1 0 1 0 0 0
248 124 2 3 0 0 0 0 0 0 0 0 0 554 198 10 12 2 1 2 1 0 1 0 0 0
293 142 4 4 0 0 0 0 0 0 0 0 0 560 204 10 14 2 1 2 1 0 1 1 0 0
302 147 4 4 1 0 0 0 0 0 0 0 0 563 215 11 14 2 1 2 1 0 1 1 0 0
306 153 4 4 1 0 0 0 0 0 0 0 0 569 220 11 14 2 1 2 1 0 1 1 0 0
311 161 4 4 1 0 0 0 0 0 0 0 0 575 226 11 14 2 1 2 1 0 1 1 0 0
369 166 4 5 1 0 1 0 0 0 0 0 0 578 233 11 14 2 1 2 1 0 1 1 0 0
373 171 4 5 1 0 1 0 0 0 0 0 0 584 241 11 14 2 2 2 1 0 1 1 0 0
376 180 4 5 1 0 1 0 0 0 0 0 0 635 259 11 15 2 2 2 2 0 2 1 0 0
417 198 4 6 1 0 1 0 0 0 0 0 0 638 262 11 15 2 2 2 2 0 2 1 0 0
459 208 4 6 1 0 1 0 0 0 0 0 0 652 270 11 15 2 2 2 2 0 2 1 0 0
466 217 5 7 1 0 1 0 0 0 0 0 0 735 277 11 16 3 2 2 2 0 2 1 0 0
471 223 5 8 1 0 1 0 0 0 0 0 0 768 307 11 16 3 2 2 2 0 2 1 0 0
483 229 5 8 1 0 1 0 0 0 0 0 0 789 314 11 16 3 2 2 2 0 2 1 0 0
522 233 5 8 1 0 1 0 0 0 0 0 0 793 320 11 17 3 2 2 2 0 2 1 0 0
534 245 5 8 1 0 1 0 0 0 0 0 0 802 328 11 17 3 2 3 2 0 2 1 0 0
544 252 5 9 1 0 1 0 0 0 0 0 0 807 333 11 17 3 2 3 2 0 2 1 0 0
550 258 6 9 1 1 1 0 0 0 0 0 0 817 337 11 18 3 2 3 2 0 2 1 0 0
575 265 6 9 1 1 1 0 0 0 0 0 0 821 342 11 18 3 2 3 2 0 2 1 0 0
581 271 6 9 1 1 1 0 0 0 0 0 0 825 350 11 18 3 2 3 2 0 2 1 0 0
595 275 6 9 1 1 1 0 0 0 0 0 0 842 356 11 18 3 2 3 2 0 2 1 0 0
628 280 6 10 1 1 1 0 0 0 0 0 0 855 367 11 18 3 2 3 2 0 2 1 0 0
650 285 6 10 1 1 1 0 0 0 0 0 0 859 374 11 18 3 2 3 2 0 2 1 0 0
662 292 6 10 1 1 1 0 0 0 0 0 0 871 378 11 21 3 2 3 2 0 2 1 0 0
670 301 6 11 1 1 1 0 0 0 0 0 0 915 393 11 21 3 2 3 2 0 2 1 0 0
