# scores for worst/random/best/smart move selector strategies. 
# scores are 50% and 95% quantiles (based on 40 games) of: 
# game score, #destroyed, #unlocked, #stripes, #bombs, #zappers
3 3 0 0 0 0 0 0 0 0 0 0 0 17 17 0 0 0 0 0 0 0 0 0 0 0
9 9 0 0 0 0 0 0 0 0 0 0 0 20 20 0 0 0 0 0 0 0 0 0 0 0
12 12 0 0 0 0 0 0 0 0 0 0 0 34 28 0 0 0 0 0 0 0 0 0 0 0
18 18 0 0 0 0 0 0 0 0 0 0 0 45 35 1 0 0 0 0 0 0 0 0 0 0
24 24 0 0 0 0 0 0 0 0 0 0 0 55 40 1 1 0 0 0 0 0 0 0 0 0
31 30 0 0 0 0 0 0 0 0 0 0 0 76 53 2 1 0 0 0 0 0 0 0 0 0
37 37 0 0 0 0 0 0 0 0 0 0 0 95 64 2 1 0 0 0 0 0 0 0 0 0
42 40 0 0 0 0 0 0 0 0 0 0 0 110 74 2 1 0 0 0 0 0 0 0 0 0
53 49 0 0 0 0 0 0 0 0 0 0 0 142 87 2 1 0 1 0 0 0 1 0 0 0
58 53 0 0 0 0 0 0 0 0 0 0 0 147 91 2 1 0 1 0 0 0 1 0 0 0
66 61 0 0 0 0 0 0 0 0 0 0 0 200 96 2 2 1 1 0 0 0 1 0 0 0
84 67 0 0 0 0 0 0 0 0 0 0 0 221 105 2 2 1 1 0 0 0 1 0 0 0
90 71 0 0 0 0 0 0 0 0 0 0 0 236 111 2 2 1 1 0 0 0 1 0 0 0
103 77 0 1 0 0 0 0 0 0 0 0 0 251 119 5 3 1 1 0 0 0 1 0 0 0
110 83 0 1 0 0 0 0 0 0 0 0 0 297 130 5 4 1 1 0 0 0 1 0 0 0
113 87 0 1 0 0 0 0 0 0 0 0 0 300 135 5 4 1 1 0 0 0 1 0 0 0
122 97 0 1 0 0 0 0 0 0 0 0 0 347 138 5 4 1 1 0 0 0 1 0 0 0
137 104 0 1 0 0 0 0 0 0 0 0 0 350 143 5 4 1 1 0 0 0 1 0 0 0
150 114 0 1 0 0 0 0 0 0 0 0 0 358 150 5 5 1 1 0 0 0 1 0 0 0
156 117 0 1 0 0 0 0 0 0 0 0 0 387 160 5 5 1 1 0 0 0 1 0 0 0
165 126 1 1 0 0 0 0 0 0 0 0 0 390 163 5 5 1 1 0 0 0 1 0 0 0
177 129 1 1 0 0 0 0 0 0 0 0 0 399 178 5 5 1 1 0 0 0 1 0 0 0
183 137 2 2 0 0 0 0 0 0 0 0 0 407 186 6 5 1 1 1 0 0 1 0 0 0
187 140 2 2 0 0 0 0 0 0 0 0 0 410 191 6 5 1 1 1 0 0 1 0 0 0
197 145 2 2 0 0 0 0 0 0 0 0 0 415 194 6 5 1 1 1 0 0 1 0 0 0
205 149 2 2 0 0 0 0 0 0 0 0 0 418 197 6 5 1 1 1 0 0 1 0 0 0
209 155 2 2 0 0 0 0 0 0 0 0 0 422 205 6 5 1 1 1 0 0 1 0 0 0
218 160 2 2 0 0 0 0 0 0 0 0 0 425 213 6 5 1 1 1 0 0 1 0 0 0
228 168 2 2 0 0 0 0 0 0 0 0 0 443 223 6 5 1 1 1 0 0 1 0 0 0
247 172 2 2 0 0 0 0 0 0 0 0 0 446 227 6 6 1 1 1 0 0 1 0 0 0
263 177 2 2 0 0 0 0 0 0 0 0 0 456 231 8 6 2 1 1 0 0 1 0 0 0
275 181 2 2 0 0 0 0 0 0 0 0 0 512 250 9 7 2 1 1 0 0 1 0 0 0
287 191 2 2 0 0 0 0 0 0 0 0 0 522 260 9 7 2 1 1 0 0 1 0 0 0
292 194 2 3 0 0 0 0 0 0 0 0 0 537 266 9 7 2 1 1 0 0 1 0 0 0
303 197 2 3 0 0 0 0 0 0 0 0 0 541 269 9 7 2 1 1 0 0 1 0 0 0
307 202 2 3 0 0 0 0 0 0 0 0 0 545 273 9 7 2 1 1 0 0 1 0 0 0
313 205 2 3 0 0 0 0 0 0 0 0 0 582 289 9 7 2 1 1 0 0 1 0 0 0
322 213 2 3 0 0 0 0 0 0 0 0 0 589 296 9 7 2 1 1 0 0 1 0 0 0
325 220 2 3 1 0 0 0 0 0 0 0 0 594 301 9 7 2 1 1 0 0 1 0 0 0
330 226 2 3 1 0 0 0 0 0 0 0 0 597 305 9 7 2 1 1 0 0 1 0 0 0
348 232 2 3 1 0 0 0 0 0 0 0 0 621 310 9 8 2 1 1 0 0 1 0 0 0
