# scores for worst/random/best/smart move selector strategies. 
# scores are 50% and 95% quantiles (based on 40 games) of: 
# game score, #destroyed, #unlocked, #stripes, #bombs, #zappers
3 3 0 0 0 0 0 0 0 0 0 0 0 17 17 0 0 0 0 0 0 0 0 0 0 0
10 10 0 0 0 0 0 0 0 0 0 0 0 46 30 0 0 0 0 0 0 0 0 0 0 0
22 20 0 0 0 0 0 0 0 0 0 0 0 107 42 2 2 0 0 1 0 0 0 0 0 0
46 29 0 0 0 0 0 0 0 0 0 0 0 121 63 4 2 1 1 1 0 0 1 0 0 0
68 40 0 0 0 0 0 0 0 0 0 0 0 145 76 4 2 1 1 1 0 0 1 0 0 0
92 51 0 1 0 0 0 0 0 0 0 0 0 214 95 4 3 1 1 1 0 0 1 0 0 0
114 61 2 1 0 0 0 0 0 0 0 0 0 220 104 5 3 1 1 1 0 0 1 0 0 0
134 68 2 1 0 0 0 0 0 0 0 0 0 227 112 5 3 1 1 1 0 0 1 0 0 0
162 82 2 2 0 0 0 0 0 0 0 0 0 285 126 6 4 1 1 1 0 0 1 0 0 0
181 91 2 2 0 0 0 0 0 0 0 0 0 336 147 6 6 2 1 1 1 0 1 0 0 0
202 103 2 2 0 0 0 0 0 0 0 0 0 340 153 8 6 2 1 1 1 0 1 0 0 0
220 114 2 2 0 0 0 0 0 0 0 0 0 513 170 8 11 2 2 1 1 0 1 0 0 0
242 126 3 3 1 0 0 0 0 0 0 0 0 518 175 8 11 2 2 1 1 0 1 0 0 0
269 134 3 4 1 0 0 0 0 0 0 0 0 552 185 9 13 2 2 1 1 0 1 1 0 0
287 146 4 4 1 0 0 0 0 0 0 0 0 562 195 11 13 2 2 2 1 0 1 1 0 0
332 154 4 4 1 0 1 0 0 0 0 0 0 624 231 11 15 2 2 2 1 0 2 1 0 0
359 163 4 4 1 1 1 0 0 0 0 0 0 667 237 11 16 2 2 2 1 0 2 1 0 0
380 171 4 5 1 1 1 0 0 1 0 0 0 674 249 12 16 2 2 2 1 0 2 1 0 0
431 196 5 5 1 1 1 0 0 1 0 0 0 730 262 12 16 3 3 2 1 0 2 1 0 0
458 207 5 5 1 1 1 0 0 1 0 0 0 779 283 12 16 3 3 2 1 0 3 1 0 0
489 220 6 6 1 1 1 0 0 1 0 0 0 800 294 13 16 3 3 2 1 0 3 1 0 0
503 228 6 6 1 1 1 0 0 1 0 0 0 811 306 13 16 3 4 2 1 0 3 1 0 0
530 237 6 7 1 1 1 0 0 1 0 0 0 846 320 13 18 3 4 2 1 0 3 1 0 0
550 249 6 7 1 1 1 0 0 1 0 0 0 953 328 13 19 4 4 2 1 0 4 1 0 0
586 257 6 8 1 1 1 0 0 1 0 0 0 958 331 13 19 4 4 2 2 0 4 1 0 0
628 272 6 8 2 1 1 0 0 1 0 0 0 962 346 13 19 4 4 2 2 0 4 1 0 0
662 282 6 8 2 1 1 0 0 1 0 0 0 969 353 13 19 4 4 2 2 0 4 1 0 0
680 291 6 8 2 1 1 0 0 1 0 0 0 975 369 13 19 4 4 2 2 0 4 1 0 0
725 307 6 9 2 1 1 0 0 1 0 0 0 1017 386 13 19 5 4 2 2 0 4 1 0 0
737 318 6 9 2 2 1 0 0 1 0 0 0 1059 394 13 19 5 4 2 2 0 4 1 0 0
781 325 6 10 2 2 1 0 0 1 0 0 0 1068 409 13 20 5 4 3 2 0 4 1 0 0
798 340 7 10 2 2 1 0 0 2 0 0 0 1109 428 13 21 5 5 3 2 0 4 1 0 0
823 353 7 10 2 2 1 0 0 2 0 0 0 1296 444 13 21 6 5 3 2 0 5 1 0 0
857 363 7 11 3 2 1 1 0 2 0 0 0 1498 455 13 24 6 5 3 2 0 5 1 0 0
906 370 7 11 3 2 1 1 0 2 0 0 0 1507 483 13 24 6 5 3 2 0 5 1 0 0
927 385 7 12 3 2 1 1 0 2 0 0 0 1514 494 13 24 6 5 3 2 0 5 1 0 0
936 394 7 12 3 2 1 1 0 2 0 0 0 1533 504 13 25 6 5 3 2 0 5 1 0 0
949 399 7 12 3 2 1 1 0 2 0 0 0 1545 511 13 25 6 5 3 2 0 5 1 0 0
963 411 7 12 3 2 2 1 0 2 0 0 0 1550 517 13 25 7 5 3 2 0 5 1 0 0
1010 421 7 13 3 2 2 1 0 2 0 0 0 1571 533 13 26 7 5 3 2 0 5 1 0 0
1036 432 7 13 3 2 2 1 0 2 0 0 0 1584 542 13 26 7 5 3 2 0 5 1 0 0
