# scores for worst/random/best/smart move selector strategies. 
# scores are 50% and 95% quantiles (based on 40 games) of: 
# game score, #destroyed, #unlocked, #stripes, #bombs, #zappers
3 3 0 0 0 0 0 0 0 0 0 0 0 17 17 0 0 0 0 0 0 0 0 0 0 0
7 7 0 0 0 0 0 0 0 0 0 0 0 22 22 0 0 0 0 0 0 0 0 0 0 0
12 12 0 0 0 0 0 0 0 0 0 0 0 30 30 0 0 0 0 0 0 0 0 0 0 0
18 18 0 0 0 0 0 0 0 0 0 0 0 39 37 0 0 0 0 0 0 0 0 0 0 0
24 24 0 0 0 0 0 0 0 0 0 0 0 45 42 0 0 0 0 0 0 0 0 0 0 0
27 27 0 0 0 0 0 0 0 0 0 0 0 50 47 0 0 0 0 0 0 0 0 0 0 0
33 33 0 0 0 0 0 0 0 0 0 0 0 73 55 0 0 0 0 0 0 0 0 0 0 0
39 39 0 0 0 0 0 0 0 0 0 0 0 90 64 0 1 0 0 0 0 0 0 0 0 0
42 42 0 0 0 0 0 0 0 0 0 0 0 95 67 0 1 0 0 0 0 0 0 0 0 0
48 46 0 0 0 0 0 0 0 0 0 0 0 104 71 0 1 0 0 0 0 0 0 0 0 0
54 54 0 0 0 0 0 0 0 0 0 0 0 112 79 0 1 0 0 0 0 0 0 0 0 0
59 58 0 0 0 0 0 0 0 0 0 0 0 119 85 1 1 0 0 0 0 0 0 0 0 0
64 63 0 0 0 0 0 0 0 0 0 0 0 127 89 2 1 0 0 0 0 0 0 0 0 0
72 66 0 0 0 0 0 0 0 0 0 0 0 138 96 2 1 1 0 0 0 0 0 0 0 0
79 74 0 0 0 0 0 0 0 0 0 0 0 144 102 2 1 1 0 0 0 0 0 0 0 0
87 80 0 0 0 0 0 0 0 0 0 0 0 164 114 2 2 1 0 0 0 0 0 0 0 0
93 85 0 0 0 0 0 0 0 0 0 0 0 168 118 2 2 1 0 0 0 0 0 0 0 0
99 92 0 0 0 0 0 0 0 0 0 0 0 178 123 2 2 1 0 0 0 0 0 0 0 0
109 99 0 0 0 0 0 0 0 0 0 0 0 182 134 2 2 1 0 0 0 0 0 0 0 0
115 104 0 0 0 0 0 0 0 0 0 0 0 186 146 2 2 1 0 0 0 0 0 0 0 0
122 108 0 0 0 0 0 0 0 0 0 0 0 192 152 2 2 1 0 0 0 0 0 0 0 0
134 113 0 1 0 0 0 0 0 0 0 0 0 200 157 2 2 1 0 0 0 0 0 0 0 0
147 117 0 1 0 0 0 0 0 0 0 0 0 208 160 2 2 1 0 0 0 0 0 0 0 0
152 123 0 1 0 0 0 0 0 0 0 0 0 241 167 3 3 1 0 0 0 0 0 0 0 0
155 131 0 1 0 0 0 0 0 0 0 0 0 248 178 3 3 1 0 0 0 0 0 0 0 0
169 136 0 1 0 0 0 0 0 0 0 0 0 255 181 3 3 1 0 0 0 0 0 0 0 0
173 141 0 1 0 0 0 0 0 0 0 0 0 258 184 3 3 1 0 0 0 0 0 0 0 0
180 147 0 1 0 0 0 0 0 0 0 0 0 261 187 3 3 1 0 0 0 0 0 0 0 0
190 150 0 1 0 0 0 0 0 0 0 0 0 268 198 3 3 1 0 0 0 0 0 0 0 0
193 153 0 1 0 0 0 0 0 0 0 0 0 271 203 3 3 1 0 0 0 0 0 0 0 0
198 156 0 1 0 0 0 0 0 0 0 0 0 274 209 3 3 1 0 0 0 0 0 0 0 0
201 159 0 1 0 0 0 0 0 0 0 0 0 285 212 3 3 1 0 0 0 0 0 0 0 0
216 167 0 1 0 0 0 0 0 0 0 0 0 297 223 3 3 1 0 0 0 0 0 0 0 0
220 173 0 1 0 0 0 0 0 0 0 0 0 307 226 3 3 1 0 0 0 0 0 0 0 0
225 178 0 1 0 0 0 0 0 0 0 0 0 327 229 3 3 1 0 0 0 0 0 0 0 0
228 188 0 1 0 0 0 0 0 0 0 0 0 347 235 3 3 1 0 0 0 0 0 0 0 0
232 192 0 1 0 0 0 0 0 0 0 0 0 355 240 3 3 2 0 0 0 0 0 0 0 0
237 195 0 1 0 0 0 0 0 0 0 0 0 360 244 3 3 2 0 0 0 0 0 0 0 0
241 198 0 1 0 0 0 0 0 0 0 0 0 363 247 3 3 2 0 0 0 0 0 0 0 0
247 201 0 1 0 0 0 0 0 0 0 0 0 368 253 3 3 2 0 0 0 0 0 0 0 0
251 207 0 1 0 0 0 0 0 0 0 0 0 374 256 3 3 2 0 0 0 0 0 0 0 0
