# scores for worst/random/best/smart move selector strategies. 
# scores are 50% and 95% quantiles (based on 40 games) of: 
# game score, #destroyed, #unlocked, #stripes, #bombs, #zappers
6 6 0 0 0 0 0 0 0 0 0 0 0 30 19 0 0 0 0 0 0 0 0 0 0 0
14 14 0 0 0 0 0 0 0 0 0 0 0 151 62 2 1 0 1 0 0 0 1 0 0 0
27 23 0 0 0 0 0 0 0 0 0 0 0 206 90 2 2 1 1 0 0 0 1 0 0 0
37 33 0 0 0 0 0 0 0 0 0 0 0 262 105 3 2 1 1 0 0 0 1 0 0 0
69 43 0 0 0 0 0 0 0 0 0 0 0 299 123 4 3 1 1 1 0 0 1 0 0 0
104 57 0 1 0 0 0 0 0 0 0 0 0 344 138 7 3 2 1 1 0 0 1 0 0 0
122 66 1 1 0 0 0 0 0 0 0 0 0 482 163 9 10 2 1 1 1 0 1 0 0 0
150 81 2 2 0 0 0 0 0 0 0 0 0 539 178 14 11 3 2 1 1 0 2 0 0 0
156 92 2 2 0 0 0 0 0 0 0 0 0 553 218 14 11 3 2 1 1 0 2 0 0 0
196 99 3 2 0 0 0 0 0 0 0 0 0 615 232 15 11 3 2 1 1 0 2 0 0 0
227 120 4 2 1 0 0 0 0 0 0 0 0 754 251 15 12 4 2 1 1 1 2 0 0 0
332 143 5 3 1 0 0 0 0 0 0 0 0 854 270 15 12 5 3 1 1 1 3 0 0 0
372 163 7 4 1 0 0 0 0 0 0 0 0 1021 327 15 16 5 3 2 2 1 3 1 0 0
404 181 7 4 2 1 0 0 0 0 0 0 0 1026 345 15 16 6 3 2 2 1 3 1 0 0
469 201 7 4 2 1 0 0 0 0 0 0 0 1100 350 16 19 7 3 2 2 1 3 1 0 0
493 209 7 5 2 1 1 0 0 0 0 0 0 1203 366 16 19 7 3 2 2 1 3 1 0 0
507 217 7 7 2 1 1 0 0 0 0 0 0 1208 370 16 19 7 4 2 2 1 3 1 0 0
572 231 7 7 2 1 1 0 0 0 0 0 0 1211 374 16 19 7 4 2 2 1 3 1 0 0
593 240 7 7 2 1 1 0 0 1 0 0 0 1216 385 16 19 7 4 2 2 1 3 1 0 0
650 255 8 7 2 1 1 0 0 1 0 0 0 1220 412 16 20 7 4 2 2 1 4 1 0 0
709 284 8 7 3 1 1 0 0 1 0 0 0 1267 420 16 20 8 4 2 2 2 4 1 0 0
752 304 9 9 3 1 1 1 0 1 0 0 0 1282 425 16 20 8 5 2 2 2 4 1 0 0
807 331 9 9 3 1 1 1 0 1 0 0 0 1337 452 16 20 8 5 2 2 2 4 1 0 0
893 347 9 11 3 1 1 1 0 1 0 0 0 1508 468 16 27 9 5 3 2 2 4 1 0 0
916 356 9 11 3 1 1 1 0 1 0 0 0 1523 487 16 28 9 5 3 2 2 4 1 0 0
956 371 9 12 3 1 1 1 0 1 0 0 0 1580 492 16 30 9 5 3 2 2 4 1 0 0
1036 381 10 12 4 1 1 1 0 1 0 0 0 1644 517 16 30 15 6 3 2 2 5 1 0 0
1047 417 10 12 4 2 1 1 0 1 0 0 0 1666 560 16 31 15 6 3 2 2 5 1 0 0
1093 436 10 13 4 2 1 1 0 2 0 0 0 1769 603 16 34 15 6 3 2 2 5 1 0 0
1149 454 10 13 5 2 1 1 0 2 0 0 0 1924 611 16 35 18 6 3 2 2 5 1 1 0
1228 464 10 14 5 2 1 1 0 2 0 0 0 1932 629 16 35 18 6 3 2 2 5 1 1 0
1239 474 10 14 5 2 1 1 0 2 0 0 0 2010 649 16 35 19 6 3 3 2 5 1 1 0
1282 491 10 16 5 2 1 1 0 2 0 0 0 2312 654 16 37 20 7 3 3 2 5 1 1 0
1305 503 10 16 5 2 1 1 0 2 0 0 0 2435 665 16 37 21 7 3 3 2 5 1 1 0
1316 510 10 16 6 2 1 1 0 2 0 0 0 2577 714 16 47 21 8 3 3 2 6 1 1 0
1338 534 10 17 6 2 2 1 0 2 0 0 0 2676 729 16 48 22 8 3 3 2 6 1 1 0
1414 549 10 18 6 2 2 1 0 2 0 0 0 2691 742 16 48 23 8 3 3 2 6 1 1 0
1420 555 10 18 6 3 2 1 0 2 0 0 0 2777 758 16 48 23 9 4 3 2 7 1 1 0
1499 582 10 19 6 3 2 1 0 2 0 0 0 2808 781 16 50 23 9 4 3 2 7 1 1 0
1503 596 10 20 6 3 2 1 0 2 0 0 0 2815 822 16 50 23 9 4 3 2 7 1 1 0
1534 605 10 21 6 3 2 1 0 2 0 0 0 2857 855 16 50 23 9 4 4 2 7 1 1 0
