# scores for worst/random/best/smart move selector strategies. 
# scores are 50% and 95% quantiles (based on 40 games) of: 
# game score, #destroyed, #unlocked, #stripes, #bombs, #zappers
6 6 0 0 0 0 0 0 0 0 0 0 0 30 19 0 0 0 0 0 0 0 0 0 0 0
12 12 0 0 0 0 0 0 0 0 0 0 0 69 41 1 1 0 0 0 0 0 0 0 0 0
19 19 0 0 0 0 0 0 0 0 0 0 0 126 48 2 1 1 1 0 0 0 1 0 0 0
27 27 0 0 0 0 0 0 0 0 0 0 0 129 53 2 1 1 1 0 0 0 1 0 0 0
36 36 0 0 0 0 0 0 0 0 0 0 0 184 77 2 1 1 1 0 0 0 1 0 0 0
46 41 0 0 0 0 0 0 0 0 0 0 0 209 114 2 2 1 1 0 0 0 1 0 0 0
59 49 0 0 0 0 0 0 0 0 0 0 0 217 121 4 3 1 1 0 0 0 1 0 0 0
80 56 0 0 0 0 0 0 0 0 0 0 0 221 129 4 3 2 1 0 0 0 1 0 0 0
107 64 0 0 0 0 0 0 0 0 0 0 0 389 165 7 4 2 1 0 0 0 1 0 0 0
119 77 0 0 0 0 0 0 0 0 0 0 0 405 181 8 5 2 1 0 0 0 1 0 0 0
126 82 0 0 0 0 0 0 0 0 0 0 0 517 209 8 5 2 1 0 0 0 1 0 0 0
147 95 0 1 0 0 0 0 0 0 0 0 0 520 212 8 5 2 1 0 0 0 1 0 0 0
160 102 1 1 0 0 0 0 0 0 0 0 0 531 218 8 5 2 1 0 0 0 1 0 0 0
168 109 1 1 0 0 0 0 0 0 0 0 0 535 223 8 5 2 1 0 0 0 1 0 0 0
171 117 1 1 0 0 0 0 0 0 0 0 0 540 228 8 5 3 1 0 0 0 1 0 0 0
182 125 1 2 1 0 0 0 0 0 0 0 0 544 231 8 5 3 1 0 0 0 1 0 0 0
221 143 2 2 1 0 0 0 0 0 0 0 0 548 235 8 5 3 1 1 0 0 1 0 0 0
225 147 2 2 1 0 0 0 0 0 0 0 0 554 241 8 5 3 1 1 0 0 1 0 0 0
243 154 2 2 1 0 0 0 0 0 0 0 0 601 248 8 6 3 1 1 0 0 1 0 0 0
260 166 2 2 1 0 0 0 0 0 0 0 0 607 258 8 6 3 1 1 0 0 1 0 0 0
286 179 2 3 1 0 0 0 0 0 0 0 0 623 274 8 7 4 2 1 0 0 2 0 0 0
342 203 3 3 1 0 0 0 0 0 0 0 0 740 280 9 8 4 2 1 0 0 2 0 0 0
359 212 3 3 1 0 0 0 0 0 0 0 0 802 324 9 8 8 3 1 0 0 2 0 0 0
393 222 3 4 1 0 0 0 0 0 0 0 0 821 334 9 9 8 3 1 0 0 2 0 0 0
418 234 3 4 1 0 0 0 0 0 0 0 0 842 352 9 9 8 3 1 0 0 2 0 0 0
427 243 3 4 1 0 0 0 0 0 0 0 0 845 356 9 9 8 3 1 0 0 2 0 0 0
459 252 3 4 1 0 0 0 0 0 0 0 0 858 375 9 9 8 3 1 1 0 2 0 0 0
471 264 3 5 1 0 0 0 0 0 0 0 0 876 380 9 9 8 3 1 1 0 2 0 0 0
490 272 4 5 2 0 0 0 0 0 0 0 0 879 384 9 9 8 3 1 1 0 2 0 0 0
510 278 4 5 2 0 0 0 0 0 0 0 0 891 395 9 9 8 3 1 1 0 2 0 0 0
513 281 4 5 2 0 0 0 0 0 0 0 0 896 402 9 11 8 3 1 1 0 2 0 0 0
534 286 4 5 2 0 0 0 0 0 0 0 0 899 407 9 11 8 3 1 1 0 2 0 0 0
561 295 4 5 2 0 0 0 0 0 0 0 0 902 410 9 11 8 3 1 1 0 2 0 0 0
567 299 4 5 2 0 0 0 0 0 0 0 0 905 415 9 11 8 3 1 1 0 2 0 0 0
603 302 4 6 2 1 0 0 0 0 0 0 0 920 434 9 11 8 3 1 1 0 2 0 0 0
607 317 4 6 2 1 0 0 0 0 0 0 0 923 437 10 12 8 3 1 1 0 2 0 0 0
622 323 4 6 2 1 0 0 0 0 0 0 0 1023 458 10 12 9 3 1 1 0 2 0 0 0
674 331 4 6 3 1 0 0 0 0 0 0 0 1027 463 10 13 9 3 1 1 0 2 0 0 0
683 342 4 7 3 1 0 0 0 0 0 0 0 1065 467 10 13 9 3 1 1 0 2 0 0 0
689 345 4 7 3 1 0 0 0 0 0 0 0 1071 473 10 13 9 3 1 1 0 2 0 0 0
703 355 4 7 3 1 0 0 0 0 0 0 0 1079 476 10 13 9 3 1 1 0 2 0 0 0
