# scores for worst/random/best/smart move selector strategies. 
# scores are 50% and 95% quantiles (based on 40 games) of: 
# game score, #destroyed, #unlocked, #stripes, #bombs, #zappers
6 6 0 0 0 0 0 0 0 0 0 0 0 30 19 0 0 0 0 0 0 0 0 0 0 0
14 14 0 0 0 0 0 0 0 0 0 0 0 139 55 2 1 1 1 0 0 0 1 0 0 0
34 25 0 0 0 0 0 0 0 0 0 0 0 194 79 3 2 1 1 0 0 0 1 0 0 0
73 38 0 0 0 0 0 0 0 0 0 0 0 200 93 3 2 1 1 1 0 0 1 0 0 0
126 61 2 1 0 0 0 0 0 0 0 0 0 297 133 5 3 1 1 1 0 0 1 0 0 0
152 80 2 2 0 0 0 0 0 0 0 0 0 350 161 9 4 2 1 1 1 0 1 0 0 0
210 101 3 2 1 0 0 0 0 0 0 0 0 675 221 14 5 4 2 1 1 0 1 0 0 0
253 116 4 3 1 0 0 0 0 0 0 0 0 860 241 15 11 11 2 1 1 0 2 0 0 0
288 133 4 3 1 1 0 0 0 1 0 0 0 938 256 15 18 12 3 1 1 0 2 1 0 0
352 167 5 5 1 1 0 0 0 1 0 0 0 1050 281 16 20 12 3 2 2 0 2 1 0 0
419 189 6 5 2 1 0 0 0 1 0 0 0 1082 313 16 21 12 3 2 2 1 2 1 0 0
453 211 7 5 2 1 0 0 0 1 0 0 0 1152 336 16 24 13 3 2 2 1 2 1 0 0
513 234 8 7 2 1 1 0 0 1 0 0 0 1237 381 16 26 13 3 2 2 1 3 1 0 0
598 266 8 7 3 1 1 0 0 1 0 0 0 1459 392 16 30 13 4 2 2 1 3 1 0 0
707 284 8 7 3 2 1 0 0 1 0 0 0 1550 436 17 31 13 4 2 2 1 3 1 0 0
738 307 9 8 3 2 1 1 0 1 0 0 0 1559 463 17 31 18 4 2 2 1 3 1 1 0
809 323 9 9 3 2 1 1 0 1 0 0 0 1569 486 17 31 20 4 2 2 1 3 1 1 0
865 351 9 11 3 2 1 1 0 1 0 0 0 1599 502 17 31 20 4 2 2 1 3 1 1 0
911 373 9 12 4 2 1 1 0 2 0 0 0 1672 556 17 32 20 4 2 3 1 3 1 1 0
1065 387 9 12 4 2 1 1 0 2 0 0 0 1714 588 17 33 21 4 2 3 1 3 1 1 0
1078 404 9 12 5 2 1 1 0 2 0 0 0 2080 636 17 42 21 5 3 3 1 4 2 1 0
1105 415 9 13 5 2 1 1 0 2 0 0 0 2155 664 17 43 21 5 3 3 1 4 2 1 0
1149 453 9 13 5 3 1 1 0 2 0 0 0 2194 673 17 44 22 5 3 3 1 4 2 1 0
1243 471 9 14 5 3 1 1 0 2 0 0 0 2223 687 17 44 23 6 3 3 1 5 2 1 0
1406 499 9 15 6 3 1 1 0 2 0 0 0 2250 692 17 46 23 6 3 3 1 5 2 1 0
1601 521 10 16 7 3 2 1 0 2 0 0 0 2358 749 17 47 23 6 3 4 1 5 2 1 0
1698 542 10 17 7 3 2 1 0 2 0 0 0 2391 771 17 49 24 6 3 4 1 5 2 1 0
1705 564 10 17 7 4 2 1 0 2 0 0 0 2402 784 17 49 24 6 3 4 1 5 2 1 0
1715 589 10 17 7 4 2 1 0 2 0 0 0 2636 795 17 52 24 7 3 4 1 5 2 1 0
1776 616 10 18 7 4 2 1 0 2 0 0 0 2665 807 17 54 24 7 3 4 1 5 2 1 0
1853 638 10 18 8 4 2 1 0 3 0 0 0 2669 832 17 54 24 7 3 4 1 5 2 1 0
1891 674 10 20 8 4 2 1 0 3 0 0 0 2756 842 17 56 24 7 3 4 1 5 2 1 0
1963 698 10 22 9 4 2 2 0 3 0 0 0 2768 873 17 56 24 7 4 4 1 6 2 1 0
2088 717 10 26 9 4 2 2 0 3 0 0 0 2972 905 17 58 25 7 4 4 1 6 2 1 0
2144 735 10 29 10 5 2 2 0 3 1 0 0 3094 953 17 58 26 9 4 4 2 6 2 1 0
2153 769 10 32 10 5 2 2 1 3 1 0 0 3116 965 17 58 27 9 4 4 2 7 2 1 0
2228 787 10 32 10 5 2 2 1 3 1 0 0 3128 993 17 58 27 10 4 4 2 7 2 1 0
2262 798 10 34 10 5 2 2 1 3 1 0 0 3192 1019 17 59 27 10 4 4 2 7 2 1 0
2296 816 10 34 11 5 2 2 1 3 1 0 0 3279 1039 17 60 27 10 4 4 2 7 2 1 0
2420 841 10 36 12 5 2 2 1 4 1 0 0 3327 1070 17 60 27 10 4 4 2 7 2 1 0
2487 869 10 37 12 5 2 2 1 4 1 0 0 3431 1097 17 62 27 10 4 4 2 7 2 1 0
