# scores for worst/random/best/smart move selector strategies. 
# scores are 50% and 95% quantiles (based on 40 games) of: 
# game score, #destroyed, #unlocked, #stripes, #bombs, #zappers
6 6 0 0 0 0 0 0 0 0 0 0 0 30 19 0 0 0 0 0 0 0 0 0 0 0
9 9 0 0 0 0 0 0 0 0 0 0 0 72 42 2 1 0 0 0 0 0 0 0 0 0
15 15 0 0 0 0 0 0 0 0 0 0 0 76 55 2 1 0 0 0 0 0 0 0 0 0
28 26 0 0 0 0 0 0 0 0 0 0 0 110 66 2 1 0 0 0 0 0 0 0 0 0
33 32 0 0 0 0 0 0 0 0 0 0 0 113 71 2 1 1 0 0 0 0 0 0 0 0
40 37 0 0 0 0 0 0 0 0 0 0 0 120 74 2 1 1 0 0 0 0 0 0 0 0
48 42 0 0 0 0 0 0 0 0 0 0 0 146 87 2 1 1 0 0 0 0 0 0 0 0
56 51 0 0 0 0 0 0 0 0 0 0 0 171 99 2 1 1 0 0 0 0 0 0 0 0
65 60 0 0 0 0 0 0 0 0 0 0 0 194 105 2 1 1 0 0 0 0 0 0 0 0
77 66 0 0 0 0 0 0 0 0 0 0 0 197 112 2 1 1 0 0 0 0 0 0 0 0
92 73 0 0 0 0 0 0 0 0 0 0 0 218 116 2 2 1 0 0 0 0 0 0 0 0
104 79 0 0 0 0 0 0 0 0 0 0 0 227 126 3 2 2 0 0 0 0 0 0 0 0
112 90 0 0 0 0 0 0 0 0 0 0 0 237 135 3 2 2 0 0 0 0 0 0 0 0
127 99 0 1 0 0 0 0 0 0 0 0 0 264 147 3 2 2 0 0 0 0 0 0 0 0
140 108 1 1 0 0 0 0 0 0 0 0 0 267 156 3 2 2 0 0 0 0 0 0 0 0
149 119 1 1 0 0 0 0 0 0 0 0 0 279 165 3 4 2 0 0 0 0 0 0 0 0
196 130 1 1 0 0 0 0 0 0 0 0 0 285 177 3 4 2 0 0 0 0 0 0 0 0
203 133 1 1 1 0 0 0 0 0 0 0 0 362 198 4 4 2 0 0 0 0 0 0 0 0
209 141 1 1 1 0 0 0 0 0 0 0 0 365 205 4 5 2 0 0 0 0 0 0 0 0
227 152 2 2 1 0 0 0 0 0 0 0 0 378 209 4 5 3 0 0 0 0 0 0 0 0
230 157 2 2 1 0 0 0 0 0 0 0 0 399 226 4 5 3 0 0 0 0 0 0 0 0
238 163 2 2 1 0 0 0 0 0 0 0 0 409 236 4 5 3 0 0 0 0 0 0 0 0
241 166 2 2 1 0 0 0 0 0 0 0 0 440 240 4 6 3 0 0 0 0 0 0 0 0
261 175 2 2 1 0 0 0 0 0 0 0 0 449 249 4 6 3 0 0 0 0 0 0 0 0
272 183 2 2 1 0 0 0 0 0 0 0 0 466 267 4 6 3 0 0 0 0 0 0 0 0
275 198 2 2 1 0 0 0 0 0 0 0 0 471 270 5 6 3 0 0 0 0 0 0 0 0
278 203 2 2 1 0 0 0 0 0 0 0 0 474 273 5 6 3 0 0 0 0 0 0 0 0
290 207 2 2 1 0 0 0 0 0 0 0 0 477 281 6 6 3 0 0 0 0 0 0 0 0
295 210 2 2 1 0 0 0 0 0 0 0 0 576 316 6 7 3 1 0 0 0 0 0 0 0
298 218 2 2 1 0 0 0 0 0 0 0 0 579 324 6 7 3 1 0 0 0 0 0 0 0
306 227 2 2 1 0 0 0 0 0 0 0 0 615 330 6 7 3 1 0 0 0 0 0 0 0
317 240 2 2 1 0 0 0 0 0 0 0 0 623 344 6 7 3 1 0 0 0 0 0 0 0
322 243 2 3 1 0 0 0 0 0 0 0 0 626 347 6 7 3 1 0 0 0 0 0 0 0
354 249 2 3 1 0 0 0 0 0 0 0 0 629 350 7 7 3 1 0 0 0 0 0 0 0
362 252 2 3 1 0 0 0 0 0 0 0 0 632 353 7 7 3 1 0 0 0 0 0 0 0
394 270 2 3 1 0 0 0 0 0 0 0 0 711 365 7 7 4 1 0 0 0 0 0 0 0
398 275 3 3 1 0 0 0 0 0 0 0 0 714 368 7 8 4 1 0 0 0 0 0 0 0
447 287 3 3 1 0 0 0 0 0 0 0 0 718 372 8 8 4 1 0 0 0 0 0 0 0
450 292 3 3 1 0 0 0 0 0 0 0 0 744 381 8 8 4 1 0 0 0 0 0 0 0
453 297 3 3 1 0 0 0 0 0 0 0 0 756 389 8 8 4 1 0 0 0 0 0 0 0
456 304 3 3 1 0 0 0 0 0 0 0 0 761 395 8 8 4 1 0 0 0 0 0 0 0
