# scores for worst/random/best/smart move selector strategies. 
# scores are 50% and 95% quantiles (based on 40 games) of: 
# game score, #destroyed, #unlocked, #stripes, #bombs, #zappers
0 0 0 0 0 0 0 0 0 0 0 0 0 7 7 0 0 0 0 0 0 0 0 0 0 0
3 3 0 0 0 0 0 0 0 0 0 0 0 12 12 0 0 0 0 0 0 0 0 0 0 0
8 8 0 0 0 0 0 0 0 0 0 0 0 15 15 0 0 0 0 0 0 0 0 0 0 0
12 12 0 0 0 0 0 0 0 0 0 0 0 48 24 0 1 0 0 0 0 0 0 0 0 0
18 18 0 0 0 0 0 0 0 0 0 0 0 57 29 0 1 0 0 0 0 0 0 0 0 0
21 21 0 0 0 0 0 0 0 0 0 0 0 61 34 0 1 0 0 0 0 0 0 0 0 0
27 27 0 0 0 0 0 0 0 0 0 0 0 99 43 4 2 0 0 0 0 0 0 0 0 0
30 30 0 0 0 0 0 0 0 0 0 0 0 104 48 4 2 0 0 0 0 0 0 0 0 0
36 36 0 0 0 0 0 0 0 0 0 0 0 110 56 4 2 0 0 0 0 0 0 0 0 0
42 40 0 0 0 0 0 0 0 0 0 0 0 113 59 7 2 0 0 0 0 0 0 0 0 0
53 45 0 0 0 0 0 0 0 0 0 0 0 118 64 7 2 0 0 0 0 0 0 0 0 0
57 49 0 0 0 0 0 0 0 0 0 0 0 129 68 7 2 0 0 1 0 0 0 0 0 0
66 55 0 0 0 0 0 0 0 0 0 0 0 132 75 7 2 0 0 1 0 0 0 0 0 0
70 58 0 0 0 0 0 0 0 0 0 0 0 139 81 7 2 1 0 1 0 0 0 0 0 0
80 63 0 0 0 0 0 0 0 0 0 0 0 184 88 8 3 1 1 1 0 0 1 0 0 0
87 67 0 0 0 0 0 0 0 0 0 0 0 201 93 8 4 1 1 1 0 0 1 0 0 0
100 74 0 0 0 0 0 0 0 0 0 0 0 204 96 8 4 1 1 1 0 0 1 0 0 0
112 80 0 1 0 0 0 0 0 0 0 0 0 220 99 8 4 1 1 1 0 0 1 0 0 0
116 83 0 1 0 0 0 0 0 0 0 0 0 224 104 8 4 1 1 1 0 0 1 0 0 0
123 88 0 1 0 0 0 0 0 0 0 0 0 227 110 8 4 2 1 1 0 0 1 0 0 0
131 93 0 1 0 0 0 0 0 0 0 0 0 259 122 8 4 2 1 1 0 0 1 0 0 0
134 99 0 1 0 0 0 0 0 0 0 0 0 265 125 8 4 2 1 1 0 0 1 0 0 0
139 105 0 1 0 0 0 0 0 0 0 0 0 268 128 8 4 2 1 1 0 0 1 0 0 0
152 109 0 1 0 0 0 0 0 0 0 0 0 298 140 8 4 2 1 1 0 0 1 0 0 0
155 114 0 1 0 0 0 0 0 0 0 0 0 304 146 8 5 2 1 1 0 0 1 0 0 0
160 122 1 2 0 0 0 0 0 0 0 0 0 338 157 8 5 2 1 1 0 0 1 0 0 0
169 125 1 2 0 0 0 0 0 0 0 0 0 342 161 8 5 2 1 1 0 0 1 0 0 0
173 130 1 2 0 0 0 0 0 0 0 0 0 348 166 8 5 2 1 1 0 0 1 0 0 0
183 136 1 2 0 0 0 0 0 0 0 0 0 352 170 8 5 2 1 1 0 0 1 0 0 0
192 141 1 2 0 0 0 0 0 0 0 0 0 363 175 8 6 2 1 1 0 0 1 0 0 0
198 145 2 2 0 0 0 0 0 0 0 0 0 396 188 8 7 2 1 1 0 0 1 0 0 0
203 149 2 2 0 0 0 0 0 0 0 0 0 404 196 8 7 2 1 1 0 0 1 0 0 0
213 153 2 2 0 0 0 0 0 0 0 0 0 471 214 8 7 2 1 1 0 0 1 0 0 0
218 159 2 2 0 0 0 0 0 0 0 0 0 475 218 8 7 2 1 1 0 0 1 0 0 0
229 165 3 2 0 0 0 0 0 0 0 0 0 534 239 10 8 2 1 1 0 0 1 0 0 0
235 169 3 3 0 0 0 0 0 0 0 0 0 538 243 10 8 2 1 1 0 0 1 0 0 0
245 173 3 3 0 0 0 0 0 0 0 0 0 541 246 10 8 2 1 1 0 0 1 0 0 0
250 180 3 3 0 0 0 0 0 0 0 0 0 544 249 10 8 2 1 1 0 0 1 0 0 0
256 184 3 3 0 0 0 0 0 0 0 0 0 547 252 10 8 2 1 1 0 0 1 0 0 0
265 188 3 3 0 0 0 0 0 0 0 0 0 567 260 10 8 2 1 1 0 0 1 0 0 0
291 194 3 3 0 0 0 0 0 0 0 0 0 570 263 13 8 2 1 1 1 0 1 0 0 0
