# scores for worst/random/best/smart move selector strategies. 
# scores are 50% and 95% quantiles (based on 40 games) of: 
# game score, #destroyed, #unlocked, #stripes, #bombs, #zappers
0 0 0 0 0 0 0 0 0 0 0 0 0 7 7 0 0 0 0 0 0 0 0 0 0 0
3 3 0 0 0 0 0 0 0 0 0 0 0 13 13 0 0 0 0 0 0 0 0 0 0 0
9 9 0 0 0 0 0 0 0 0 0 0 0 18 16 0 0 0 0 0 0 0 0 0 0 0
12 12 0 0 0 0 0 0 0 0 0 0 0 22 20 0 0 0 0 0 0 0 0 0 0 0
15 15 0 0 0 0 0 0 0 0 0 0 0 29 24 0 0 0 0 0 0 0 0 0 0 0
18 18 0 0 0 0 0 0 0 0 0 0 0 32 27 0 0 0 0 0 0 0 0 0 0 0
23 23 0 0 0 0 0 0 0 0 0 0 0 36 31 0 0 0 0 0 0 0 0 0 0 0
28 28 0 0 0 0 0 0 0 0 0 0 0 54 40 0 0 0 0 0 0 0 0 0 0 0
33 33 0 0 0 0 0 0 0 0 0 0 0 58 45 0 0 0 0 0 0 0 0 0 0 0
37 37 0 0 0 0 0 0 0 0 0 0 0 63 48 0 0 0 0 0 0 0 0 0 0 0
42 42 0 0 0 0 0 0 0 0 0 0 0 66 51 0 0 0 0 0 0 0 0 0 0 0
46 45 0 0 0 0 0 0 0 0 0 0 0 74 59 0 1 0 0 0 0 0 0 0 0 0
51 50 0 0 0 0 0 0 0 0 0 0 0 77 62 0 1 0 0 0 0 0 0 0 0 0
56 54 0 0 0 0 0 0 0 0 0 0 0 86 68 0 1 0 0 0 0 0 0 0 0 0
62 60 0 0 0 0 0 0 0 0 0 0 0 102 71 0 1 0 0 0 0 0 0 0 0 0
66 63 0 0 0 0 0 0 0 0 0 0 0 115 79 3 1 0 0 0 0 0 0 0 0 0
73 67 0 0 0 0 0 0 0 0 0 0 0 118 82 3 2 0 0 0 0 0 0 0 0 0
81 73 0 0 0 0 0 0 0 0 0 0 0 125 89 3 2 0 0 0 0 0 0 0 0 0
84 78 0 0 0 0 0 0 0 0 0 0 0 129 92 3 2 0 0 0 0 0 0 0 0 0
90 81 0 0 0 0 0 0 0 0 0 0 0 132 95 3 2 0 0 0 0 0 0 0 0 0
93 84 0 0 0 0 0 0 0 0 0 0 0 135 99 3 2 0 0 0 0 0 0 0 0 0
100 88 0 0 0 0 0 0 0 0 0 0 0 138 102 3 2 1 0 0 0 0 0 0 0 0
103 93 0 1 0 0 0 0 0 0 0 0 0 152 106 3 2 1 0 0 0 0 0 0 0 0
106 98 0 1 0 0 0 0 0 0 0 0 0 156 111 3 2 1 0 0 0 0 0 0 0 0
115 103 0 1 0 0 0 0 0 0 0 0 0 161 117 3 2 1 0 0 0 0 0 0 0 0
119 107 0 1 0 0 0 0 0 0 0 0 0 183 122 3 2 1 0 0 0 0 0 0 0 0
124 111 0 1 0 0 0 0 0 0 0 0 0 187 125 3 2 1 0 0 0 0 0 0 0 0
127 115 0 1 0 0 0 0 0 0 0 0 0 191 130 3 2 1 0 0 0 0 0 0 0 0
137 119 0 1 0 0 0 0 0 0 0 0 0 194 134 3 2 1 0 0 0 0 0 0 0 0
140 123 0 1 0 0 0 0 0 0 0 0 0 219 137 3 2 1 0 0 0 0 0 0 0 0
143 128 0 1 0 0 0 0 0 0 0 0 0 235 142 4 3 1 0 0 0 0 0 0 0 0
149 131 0 1 0 0 0 0 0 0 0 0 0 238 155 4 3 1 0 0 0 0 0 0 0 0
152 134 0 1 0 0 0 0 0 0 0 0 0 270 165 5 4 1 1 0 0 0 1 0 0 0
157 139 0 1 0 0 0 0 0 0 0 0 0 284 178 5 4 1 1 0 0 0 1 0 0 0
161 143 0 1 0 0 0 0 0 0 0 0 0 287 181 5 4 1 1 0 0 0 1 0 0 0
171 149 0 1 0 0 0 0 0 0 0 0 0 291 184 5 4 1 1 0 0 0 1 0 0 0
177 152 0 1 0 0 0 0 0 0 0 0 0 297 188 5 4 1 1 0 0 0 1 0 0 0
185 155 0 1 0 0 0 0 0 0 0 0 0 301 192 5 4 1 1 0 0 0 1 0 0 0
194 161 0 1 0 0 0 0 0 0 0 0 0 304 195 5 4 1 1 0 0 0 1 0 0 0
200 167 0 1 0 0 0 0 0 0 0 0 0 307 198 5 4 1 1 0 0 0 1 0 0 0
204 171 0 1 0 0 0 0 0 0 0 0 0 316 207 6 4 1 1 0 0 0 1 0 0 0
