# scores for worst/random/best/smart move selector strategies. 
# scores are 50% and 95% quantiles (based on 40 games) of: 
# game score, #destroyed, #unlocked, #stripes, #bombs, #zappers
0 0 0 0 0 0 0 0 0 0 0 0 0 7 7 0 0 0 0 0 0 0 0 0 0 0
3 3 0 0 0 0 0 0 0 0 0 0 0 12 12 0 0 0 0 0 0 0 0 0 0 0
9 9 0 0 0 0 0 0 0 0 0 0 0 15 15 0 0 0 0 0 0 0 0 0 0 0
12 12 0 0 0 0 0 0 0 0 0 0 0 47 25 0 1 0 0 0 0 0 0 0 0 0
16 16 0 0 0 0 0 0 0 0 0 0 0 56 31 0 1 0 0 0 0 0 0 0 0 0
20 20 0 0 0 0 0 0 0 0 0 0 0 70 38 0 1 0 0 0 0 0 0 0 0 0
26 24 0 0 0 0 0 0 0 0 0 0 0 99 46 0 2 0 0 0 0 0 0 0 0 0
30 30 0 0 0 0 0 0 0 0 0 0 0 104 53 0 2 0 0 0 0 0 0 0 0 0
35 34 0 0 0 0 0 0 0 0 0 0 0 110 57 1 2 0 1 0 0 0 1 0 0 0
40 39 0 0 0 0 0 0 0 0 0 0 0 115 65 1 2 0 1 0 0 0 1 0 0 0
45 44 0 0 0 0 0 0 0 0 0 0 0 121 69 3 2 0 1 0 0 0 1 0 0 0
48 48 0 0 0 0 0 0 0 0 0 0 0 145 77 3 2 0 1 0 0 0 1 0 0 0
54 54 0 0 0 0 0 0 0 0 0 0 0 160 85 3 3 0 1 0 0 0 1 0 0 0
66 57 0 0 0 0 0 0 0 0 0 0 0 170 90 3 3 0 1 1 0 0 1 0 0 0
70 61 0 0 0 0 0 0 0 0 0 0 0 176 96 3 4 0 1 1 0 0 1 0 0 0
87 65 0 0 0 0 0 0 0 0 0 0 0 209 107 3 4 1 1 1 0 0 1 0 0 0
100 69 0 0 0 0 0 0 0 0 0 0 0 233 114 6 4 1 1 1 0 0 1 0 0 0
104 75 0 1 0 0 0 0 0 0 0 0 0 246 125 6 4 1 1 1 0 0 1 0 0 0
110 79 0 1 0 0 0 0 0 0 0 0 0 255 131 6 5 1 1 1 0 0 1 0 0 0
121 88 0 1 0 0 0 0 0 0 0 0 0 258 134 7 5 1 1 1 0 0 1 0 0 0
132 94 1 1 0 0 0 0 0 0 0 0 0 261 137 12 5 1 1 1 0 0 1 0 0 0
140 99 1 1 0 0 0 0 0 0 0 0 0 266 141 15 5 1 1 1 1 0 1 0 0 0
163 107 2 1 0 0 0 0 0 0 0 0 0 271 149 15 5 1 1 1 1 0 1 0 0 0
174 114 2 1 0 0 0 0 0 0 0 0 0 289 166 15 5 1 1 1 1 0 1 0 0 0
181 119 2 2 0 0 0 0 0 0 0 0 0 295 170 15 5 1 1 1 1 0 1 0 0 0
184 123 2 2 0 0 0 0 0 0 0 0 0 304 182 15 5 1 1 1 1 0 1 0 0 0
191 130 2 2 0 0 0 0 0 0 0 0 0 345 202 18 6 1 1 1 1 0 1 0 0 0
206 141 2 2 0 0 0 0 0 0 0 0 0 374 208 18 6 1 1 1 1 0 1 0 0 0
221 144 2 2 0 0 0 0 0 0 0 0 0 381 216 18 6 1 1 1 1 0 1 0 0 0
229 152 3 2 0 0 0 0 0 0 0 0 0 386 223 18 6 1 1 1 1 0 1 0 0 0
237 158 3 2 0 0 0 0 0 0 0 0 0 425 227 18 7 1 1 1 1 0 1 0 0 0
255 163 3 3 0 0 0 0 0 0 0 0 0 489 242 19 9 1 1 1 1 0 1 0 0 0
276 169 3 3 0 0 0 0 0 0 0 0 0 494 251 19 9 2 1 1 1 0 1 0 0 0
280 179 3 3 0 0 0 0 0 0 0 0 0 525 256 19 10 2 1 2 1 0 1 0 0 0
284 184 4 3 0 0 0 0 0 0 0 0 0 540 264 19 10 2 1 2 1 0 1 0 0 0
315 193 5 4 0 0 0 0 0 0 0 0 0 544 267 19 10 2 1 2 1 0 1 0 0 0
323 200 5 5 0 0 0 0 0 0 0 0 0 583 271 19 10 2 1 2 1 0 1 0 0 0
336 206 5 5 0 0 0 0 0 0 0 0 0 589 280 19 10 2 1 2 1 0 1 0 0 0
382 212 5 5 0 0 0 0 0 0 0 0 0 593 283 19 10 2 1 2 1 0 1 0 0 0
390 222 5 5 0 0 0 0 0 0 0 0 0 597 293 19 11 2 1 2 1 0 1 0 0 0
406 229 5 5 0 0 0 0 0 0 0 0 0 637 305 19 12 2 2 3 1 0 2 0 0 0
