# scores for worst/random/best/smart move selector strategies. 
# scores are 50% and 95% quantiles (based on 40 games) of: 
# game score, #destroyed, #unlocked, #stripes, #bombs, #zappers
3 3 0 0 0 0 0 0 0 0 0 0 0 12 12 0 0 0 0 0 0 0 0 0 0 0
8 8 0 0 0 0 0 0 0 0 0 0 0 16 16 0 0 0 0 0 0 0 0 0 0 0
12 12 0 0 0 0 0 0 0 0 0 0 0 50 24 0 1 0 0 0 0 0 0 0 0 0
16 16 0 0 0 0 0 0 0 0 0 0 0 65 29 0 1 0 0 0 0 0 0 0 0 0
20 20 0 0 0 0 0 0 0 0 0 0 0 74 39 0 1 0 0 0 0 0 0 0 0 0
26 26 0 0 0 0 0 0 0 0 0 0 0 85 43 0 1 0 0 0 0 0 0 0 0 0
32 30 0 0 0 0 0 0 0 0 0 0 0 154 64 0 2 1 0 0 0 0 0 0 0 0
38 34 0 0 0 0 0 0 0 0 0 0 0 166 77 0 2 1 0 0 0 0 0 0 0 0
44 41 0 0 0 0 0 0 0 0 0 0 0 197 82 0 2 1 1 0 1 0 1 0 0 0
49 46 0 0 0 0 0 0 0 0 0 0 0 200 87 0 2 1 1 1 1 0 1 0 0 0
57 51 0 0 0 0 0 0 0 0 0 0 0 225 97 0 3 1 1 1 1 0 1 0 0 0
77 55 0 0 0 0 0 0 0 0 0 0 0 259 107 0 4 1 1 1 1 0 1 0 0 0
92 61 0 1 0 0 0 0 0 0 0 0 0 266 112 0 4 1 1 1 1 0 1 0 0 0
102 65 0 1 0 0 0 0 0 0 0 0 0 270 118 0 4 1 1 1 1 0 1 0 0 0
107 68 0 1 0 0 0 0 0 0 0 0 0 273 121 0 4 1 1 1 1 0 1 0 0 0
124 73 0 1 0 0 0 0 0 0 0 0 0 278 124 0 4 1 1 1 1 0 1 0 0 0
127 76 0 1 0 0 0 0 0 0 0 0 0 282 127 0 4 1 1 1 1 0 1 0 0 0
138 81 0 1 0 0 0 0 0 0 0 0 0 285 130 0 4 1 1 1 1 0 1 0 0 0
152 87 0 1 0 0 0 0 0 0 0 0 0 292 136 0 5 1 1 1 1 0 1 0 0 0
155 90 0 2 0 0 0 0 0 0 0 0 0 304 139 0 5 1 1 1 1 0 1 0 0 0
168 94 0 2 0 0 0 0 0 0 0 0 0 347 146 0 5 1 1 1 1 0 1 0 0 0
178 104 0 3 0 0 0 0 0 0 0 0 0 357 149 0 6 1 1 1 1 0 1 0 0 0
181 111 0 3 0 0 0 0 0 0 0 0 0 360 153 0 6 1 1 1 1 0 1 0 0 0
193 117 0 3 0 0 0 0 0 0 0 0 0 447 175 0 6 1 1 1 1 0 1 0 0 0
197 121 0 3 0 0 0 0 0 0 0 0 0 452 179 0 6 1 1 1 1 0 1 0 0 0
205 127 0 3 0 0 0 0 0 0 0 0 0 458 184 0 7 1 1 2 1 0 1 0 0 0
211 133 0 3 0 0 0 0 0 0 0 0 0 463 187 0 7 1 1 2 1 0 1 0 0 0
249 139 0 3 0 0 0 0 0 0 0 0 0 466 191 0 7 1 1 2 1 0 1 0 0 0
252 143 0 3 0 0 0 0 0 0 0 0 0 469 194 0 7 1 1 2 1 0 1 0 0 0
262 147 0 3 0 0 0 0 0 0 0 0 0 472 201 0 7 1 1 2 1 0 1 0 0 0
267 151 0 3 0 0 0 0 0 0 0 0 0 475 206 0 7 1 1 2 1 0 1 0 0 0
278 156 0 3 0 0 0 0 0 0 0 0 0 478 216 0 7 1 1 2 1 0 1 0 0 0
284 164 0 4 0 0 1 0 0 0 0 0 0 481 225 0 8 1 1 2 1 0 1 0 0 0
287 168 0 4 0 0 1 0 0 0 0 0 0 487 229 0 8 1 1 2 1 0 1 0 0 0
294 172 0 4 0 0 1 0 0 0 0 0 0 492 235 0 8 1 1 2 1 0 1 0 0 0
300 175 0 5 0 0 1 0 0 0 0 0 0 517 242 0 9 1 1 2 1 0 1 0 0 0
303 178 0 5 0 0 1 0 0 0 0 0 0 520 245 0 9 1 1 2 1 0 1 0 0 0
311 185 0 5 0 0 1 0 0 0 0 0 0 525 253 0 9 1 1 2 1 0 1 0 0 0
315 189 0 5 0 0 1 0 0 0 0 0 0 564 260 0 9 1 1 2 1 0 1 0 0 0
330 194 0 5 0 0 1 0 0 0 0 0 0 567 263 0 9 1 1 2 1 0 1 0 0 0
339 200 0 5 0 0 1 0 0 0 0 0 0 570 266 0 9 1 1 2 1 0 1 0 0 0
