# scores for worst/random/best/smart move selector strategies. 
# scores are 50% and 95% quantiles (based on 40 games) of: 
# game score, #destroyed, #unlocked, #stripes, #bombs, #zappers
3 3 0 0 0 0 0 0 0 0 0 0 0 9 9 0 0 0 0 0 0 0 0 0 0 0
7 7 0 0 0 0 0 0 0 0 0 0 0 41 20 0 0 0 0 0 0 0 0 0 0 0
13 13 0 0 0 0 0 0 0 0 0 0 0 103 39 1 1 1 0 0 0 0 0 0 0 0
19 19 0 0 0 0 0 0 0 0 0 0 0 155 53 1 3 1 0 0 0 0 0 0 0 0
26 25 0 0 0 0 0 0 0 0 0 0 0 255 78 2 4 2 0 0 1 0 0 0 0 0
34 32 0 0 0 0 0 0 0 0 0 0 0 362 101 2 5 3 0 0 2 0 0 0 0 0
63 37 0 0 0 0 0 0 0 0 0 0 0 388 105 4 6 3 0 1 2 0 0 0 0 0
78 42 0 1 0 0 0 0 0 0 0 0 0 394 108 4 6 3 1 1 2 0 0 0 0 0
106 52 0 2 0 0 0 0 0 0 0 0 0 429 122 5 7 3 1 1 2 0 0 0 0 0
124 58 0 2 0 0 0 0 0 0 0 0 0 472 142 5 8 4 1 1 2 0 0 0 0 0
145 65 0 3 0 0 0 0 0 0 0 0 0 489 156 5 9 4 1 1 2 0 1 0 0 0
199 74 0 3 0 0 0 0 0 0 0 0 0 529 166 5 9 4 1 1 2 0 1 0 0 0
229 86 0 4 1 0 0 0 0 0 0 0 0 539 173 5 9 4 1 1 2 1 1 0 0 0
284 93 0 6 1 0 0 0 0 0 0 0 0 544 179 6 10 4 1 2 2 1 1 0 0 0
287 102 1 6 2 0 0 0 0 0 0 0 0 588 192 9 11 4 1 2 2 1 1 0 0 0
367 114 1 6 2 0 0 0 0 0 0 0 0 617 195 9 11 4 1 2 2 1 1 0 0 0
400 129 1 7 2 0 0 0 0 0 0 0 0 624 203 9 12 4 1 2 2 1 1 0 0 0
411 135 1 7 2 0 0 0 0 0 0 0 0 791 206 9 19 4 1 2 2 1 1 1 0 0
438 144 1 7 2 0 0 0 0 0 0 0 0 926 222 9 24 4 1 2 2 1 1 1 0 0
477 154 1 8 3 0 0 0 0 0 0 0 0 931 229 9 24 4 1 2 2 1 1 1 0 0
502 165 2 9 3 0 0 0 0 0 0 0 0 979 244 9 24 4 2 2 2 1 1 1 0 0
538 176 2 9 3 0 0 1 0 0 0 0 0 1021 253 9 24 4 2 2 2 1 1 1 0 0
559 180 2 9 3 0 1 1 0 0 0 0 0 1026 258 9 24 5 2 3 2 1 1 1 0 0
562 185 2 9 3 0 1 1 0 0 0 0 0 1033 270 9 24 5 2 3 2 1 1 1 0 0
597 191 2 11 3 0 1 1 0 0 0 0 0 1055 282 9 25 5 2 3 2 1 1 1 0 0
602 201 2 11 3 0 1 1 0 0 0 0 0 1062 287 9 25 5 2 3 2 1 1 1 0 0
635 215 2 11 3 0 1 1 0 0 0 0 0 1084 305 9 25 5 2 3 2 1 1 1 0 0
639 222 2 11 3 0 1 1 0 0 0 0 0 1090 314 9 25 5 2 3 2 1 1 1 0 0
651 231 2 12 3 0 1 1 0 0 0 0 0 1094 338 9 26 5 2 4 2 1 1 1 0 0
670 243 2 12 3 0 1 1 0 0 0 0 0 1099 344 9 26 5 3 4 2 1 2 1 0 0
681 247 2 12 3 0 1 1 0 0 0 0 0 1104 347 9 26 5 3 4 2 1 2 1 0 0
739 253 2 13 3 0 1 1 0 0 0 0 0 1156 351 9 26 5 3 4 2 1 2 1 0 0
766 262 2 14 3 0 1 1 0 0 0 0 0 1159 354 9 27 5 3 4 2 1 2 1 0 0
772 272 2 14 3 0 1 1 0 0 0 0 0 1162 365 9 27 5 3 4 2 1 2 1 0 0
791 277 2 14 3 0 1 1 0 0 0 0 0 1195 369 9 28 5 3 4 2 1 2 1 0 0
798 282 2 15 3 1 1 1 0 0 0 0 0 1198 373 9 29 6 3 4 2 1 2 1 0 0
802 289 2 15 3 1 2 1 0 0 0 0 0 1205 386 9 29 6 3 4 2 1 2 1 0 0
818 296 2 15 3 1 2 1 0 0 0 0 0 1209 390 9 29 6 3 4 3 1 2 1 0 0
829 300 2 15 3 1 2 1 0 0 0 0 0 1213 395 9 29 6 3 4 3 1 2 1 0 0
851 304 2 16 3 1 2 1 0 0 0 0 0 1217 399 9 29 6 3 4 3 1 2 1 0 0
854 308 2 16 3 1 2 1 0 0 0 0 0 1224 405 9 29 6 3 4 3 1 2 1 0 0
