# scores for worst/random/best/smart move selector strategies. 
# scores are 50% and 95% quantiles (based on 40 games) of: 
# game score, #destroyed, #unlocked, #stripes, #bombs, #zappers
3 3 0 0 0 0 0 0 0 0 0 0 0 9 9 0 0 0 0 0 0 0 0 0 0 0
6 6 0 0 0 0 0 0 0 0 0 0 0 20 15 0 0 0 0 0 0 0 0 0 0 0
10 10 0 0 0 0 0 0 0 0 0 0 0 23 20 0 0 0 0 0 0 0 0 0 0 0
14 14 0 0 0 0 0 0 0 0 0 0 0 63 34 0 1 0 0 0 0 0 0 0 0 0
18 18 0 0 0 0 0 0 0 0 0 0 0 69 38 0 1 0 0 0 0 0 0 0 0 0
21 21 0 0 0 0 0 0 0 0 0 0 0 76 41 0 1 0 0 0 0 0 0 0 0 0
26 24 0 0 0 0 0 0 0 0 0 0 0 124 50 1 2 1 0 0 0 0 0 0 0 0
31 30 0 0 0 0 0 0 0 0 0 0 0 148 56 1 2 1 0 0 0 0 0 0 0 0
36 34 0 0 0 0 0 0 0 0 0 0 0 190 66 1 2 2 0 0 0 0 0 0 0 0
41 38 0 0 0 0 0 0 0 0 0 0 0 226 85 1 4 2 0 0 0 0 0 0 0 0
46 43 0 0 0 0 0 0 0 0 0 0 0 242 98 1 4 2 0 0 0 0 0 0 0 0
57 46 0 0 0 0 0 0 0 0 0 0 0 248 102 2 5 2 0 0 0 0 0 0 0 0
65 50 0 0 0 0 0 0 0 0 0 0 0 249 105 2 5 2 0 0 0 0 0 0 0 0
78 55 0 1 0 0 0 0 0 0 0 0 0 252 108 2 5 2 0 0 0 0 0 0 0 0
98 59 0 1 0 0 0 0 0 0 0 0 0 358 112 2 5 3 0 0 0 0 0 0 0 0
141 70 0 2 0 0 0 0 0 0 0 0 0 361 115 2 5 3 0 0 0 0 0 0 0 0
168 77 0 2 1 0 0 0 0 0 0 0 0 364 118 2 5 3 0 0 1 0 0 0 0 0
182 81 0 2 1 0 0 0 0 0 0 0 0 367 125 2 5 3 0 1 1 0 0 0 0 0
188 88 0 2 1 0 0 0 0 0 0 0 0 452 132 2 6 3 0 1 1 0 0 0 0 0
195 94 0 2 1 0 0 0 0 0 0 0 0 455 138 2 6 3 0 1 1 0 0 0 0 0
214 99 0 3 1 0 0 0 0 0 0 0 0 463 150 4 7 3 0 1 1 0 0 0 0 0
223 107 0 3 1 0 0 0 0 0 0 0 0 466 156 4 7 3 0 1 1 0 0 0 0 0
256 110 0 3 1 0 0 0 0 0 0 0 0 469 160 4 7 3 0 1 1 0 0 0 0 0
265 116 0 3 1 0 0 0 0 0 0 0 0 474 176 4 7 3 0 1 1 0 0 0 0 0
272 120 0 3 1 0 0 0 0 0 0 0 0 489 187 4 7 3 0 1 1 0 0 0 0 0
295 131 1 4 1 0 0 0 0 0 0 0 0 501 193 5 8 3 1 1 1 0 0 0 0 0
308 137 1 4 2 0 0 0 0 0 0 0 0 512 204 5 8 3 1 1 1 0 0 0 0 0
320 142 1 5 2 0 0 0 0 0 0 0 0 515 207 5 8 3 1 1 1 0 0 0 0 0
354 146 1 5 2 0 0 0 0 0 0 0 0 539 212 5 9 4 1 1 1 0 0 0 0 0
379 152 1 6 2 0 0 0 0 0 0 0 0 548 218 5 9 4 1 1 1 0 0 0 0 0
390 160 1 6 2 0 0 0 0 0 0 0 0 552 222 5 9 4 1 1 1 0 0 0 0 0
393 165 1 6 2 0 0 0 0 0 0 0 0 587 237 5 9 4 1 1 1 0 0 0 0 0
406 170 1 6 2 0 0 0 0 0 0 0 0 603 244 5 10 4 1 1 1 0 0 0 0 0
422 176 1 6 2 0 0 0 0 0 0 0 0 616 248 5 10 4 1 1 1 0 0 0 0 0
426 181 1 6 2 0 0 0 0 0 0 0 0 619 251 5 10 4 1 1 1 0 0 0 0 0
430 190 1 6 2 0 0 0 0 0 0 0 0 623 254 5 10 4 1 1 1 0 0 0 0 0
449 196 1 7 2 0 0 0 0 0 0 0 0 626 260 5 11 4 1 1 1 0 0 0 0 0
468 207 1 7 3 0 0 0 0 0 0 0 0 629 263 5 11 4 1 1 1 0 0 0 0 0
495 214 1 7 3 0 0 0 0 0 0 0 0 633 269 6 11 4 1 1 1 0 0 0 0 0
508 218 1 7 3 0 0 0 0 0 0 0 0 673 273 6 11 5 1 1 1 0 0 0 0 0
512 221 1 7 3 0 0 0 0 0 0 0 0 691 280 6 11 5 1 1 1 0 0 0 0 0
