# scores for worst/random/best/smart move selector strategies. 
# scores are 50% and 95% quantiles (based on 40 games) of: 
# game score, #destroyed, #unlocked, #stripes, #bombs, #zappers
3 3 0 0 0 0 0 0 0 0 0 0 0 9 9 0 0 0 0 0 0 0 0 0 0 0
6 6 0 0 0 0 0 0 0 0 0 0 0 20 20 0 0 0 0 0 0 0 0 0 0 0
9 9 0 0 0 0 0 0 0 0 0 0 0 24 24 0 0 0 0 0 0 0 0 0 0 0
12 12 0 0 0 0 0 0 0 0 0 0 0 27 27 0 0 0 0 0 0 0 0 0 0 0
18 18 0 0 0 0 0 0 0 0 0 0 0 76 35 0 0 0 0 0 0 0 0 0 0 0
22 22 0 0 0 0 0 0 0 0 0 0 0 111 39 0 2 0 0 0 0 0 0 0 0 0
27 27 0 0 0 0 0 0 0 0 0 0 0 114 44 0 2 0 0 0 0 0 0 0 0 0
30 30 0 0 0 0 0 0 0 0 0 0 0 136 50 0 2 1 0 0 0 0 0 0 0 0
33 33 0 0 0 0 0 0 0 0 0 0 0 151 61 0 2 1 0 0 0 0 0 0 0 0
36 36 0 0 0 0 0 0 0 0 0 0 0 154 67 0 2 1 0 0 0 0 0 0 0 0
40 40 0 0 0 0 0 0 0 0 0 0 0 211 89 0 3 1 0 0 0 0 0 0 0 0
45 44 0 0 0 0 0 0 0 0 0 0 0 235 98 2 4 2 0 0 0 0 0 0 0 0
51 48 0 0 0 0 0 0 0 0 0 0 0 269 110 2 4 2 0 0 0 0 0 0 0 0
58 52 0 0 0 0 0 0 0 0 0 0 0 273 113 2 4 2 0 0 0 0 0 0 0 0
60 56 0 0 0 0 0 0 0 0 0 0 0 276 120 2 4 2 0 0 0 0 0 0 0 0
63 59 0 0 0 0 0 0 0 0 0 0 0 279 123 3 4 2 0 0 0 0 0 0 0 0
70 63 0 0 0 0 0 0 0 0 0 0 0 282 126 3 4 2 0 0 0 0 0 0 0 0
76 70 0 1 0 0 0 0 0 0 0 0 0 285 129 3 4 2 0 0 0 0 0 0 0 0
80 76 0 1 0 0 0 0 0 0 0 0 0 290 133 3 4 2 0 0 0 0 0 0 0 0
107 79 0 1 0 0 0 0 0 0 0 0 0 293 136 3 4 2 0 0 0 0 0 0 0 0
138 87 0 1 0 0 0 0 0 0 0 0 0 296 139 3 4 2 0 0 0 0 0 0 0 0
144 93 0 1 0 0 0 0 0 0 0 0 0 330 142 3 5 2 0 0 0 0 0 0 0 0
162 97 0 2 1 0 0 0 0 0 0 0 0 333 145 3 5 2 0 0 0 0 0 0 0 0
165 100 0 2 1 0 0 0 0 0 0 0 0 336 148 4 5 2 0 0 0 0 0 0 0 0
186 104 0 2 1 0 0 0 0 0 0 0 0 339 151 4 5 2 0 0 0 0 0 0 0 0
203 111 0 2 1 0 0 0 0 0 0 0 0 346 155 5 5 2 0 0 0 0 0 0 0 0
208 115 0 2 1 0 0 0 0 0 0 0 0 350 159 5 5 2 0 0 0 0 0 0 0 0
214 122 0 2 1 0 0 0 0 0 0 0 0 357 165 6 5 2 0 0 0 0 0 0 0 0
221 126 0 2 1 0 0 0 0 0 0 0 0 360 170 6 5 2 0 0 0 0 0 0 0 0
237 131 0 2 1 0 0 0 0 0 0 0 0 365 176 6 5 2 0 0 0 0 0 0 0 0
242 138 0 2 1 0 0 0 0 0 0 0 0 386 182 6 5 3 0 0 0 0 0 0 0 0
261 142 0 2 1 0 0 0 0 0 0 0 0 400 187 6 5 3 0 0 0 0 0 0 0 0
272 146 0 3 1 0 0 0 0 0 0 0 0 406 192 6 5 3 0 0 0 0 0 0 0 0
281 149 0 3 1 0 0 0 0 0 0 0 0 413 195 6 5 3 0 0 0 0 0 0 0 0
288 156 0 3 1 0 0 0 0 0 0 0 0 417 202 6 6 3 0 0 0 0 0 0 0 0
301 161 0 3 1 0 0 0 0 0 0 0 0 431 207 6 6 3 0 0 0 0 0 0 0 0
306 164 0 3 1 0 0 0 0 0 0 0 0 439 211 6 6 3 0 0 0 0 0 0 0 0
323 170 0 4 2 0 0 0 0 0 0 0 0 442 214 6 7 3 0 0 0 0 0 0 0 0
335 178 0 4 2 0 0 0 0 0 0 0 0 459 217 6 7 3 0 0 0 0 0 0 0 0
346 184 0 4 2 0 0 0 0 0 0 0 0 464 224 6 7 3 0 0 0 0 0 0 0 0
349 188 0 4 2 0 0 0 0 0 0 0 0 478 227 6 7 3 0 0 0 0 0 0 0 0
