# scores for worst/random/best/smart move selector strategies. 
# scores are 50% and 95% quantiles (based on 40 games) of: 
# game score, #destroyed, #unlocked, #stripes, #bombs, #zappers
3 3 0 0 0 0 0 0 0 0 0 0 0 10 10 0 0 0 0 0 0 0 0 0 0 0
6 6 0 0 0 0 0 0 0 0 0 0 0 15 15 0 0 0 0 0 0 0 0 0 0 0
9 9 0 0 0 0 0 0 0 0 0 0 0 42 24 0 0 0 0 0 0 0 0 0 0 0
15 15 0 0 0 0 0 0 0 0 0 0 0 47 32 0 0 0 0 0 0 0 0 0 0 0
21 21 0 0 0 0 0 0 0 0 0 0 0 108 43 0 1 0 0 0 0 0 0 0 0 0
24 24 0 0 0 0 0 0 0 0 0 0 0 115 54 0 1 0 0 0 0 0 0 0 0 0
30 30 0 0 0 0 0 0 0 0 0 0 0 119 58 0 1 0 0 0 0 0 0 0 0 0
36 36 0 0 0 0 0 0 0 0 0 0 0 124 63 1 1 0 0 0 0 0 0 0 0 0
40 40 0 0 0 0 0 0 0 0 0 0 0 153 71 2 1 1 1 0 0 0 1 0 0 0
44 43 0 0 0 0 0 0 0 0 0 0 0 159 74 2 1 1 1 0 0 0 1 0 0 0
51 49 0 0 0 0 0 0 0 0 0 0 0 196 94 3 2 1 1 0 0 0 1 0 0 0
58 56 0 0 0 0 0 0 0 0 0 0 0 229 105 3 2 1 1 1 0 0 1 0 0 0
70 64 0 0 0 0 0 0 0 0 0 0 0 235 108 4 3 1 1 1 0 0 1 0 0 0
83 72 0 1 0 0 0 0 0 0 0 0 0 268 127 4 4 1 1 1 0 0 1 0 0 0
97 77 0 1 0 0 0 0 0 0 0 0 0 297 134 5 4 1 1 1 0 0 1 0 0 0
110 82 0 1 0 0 0 0 0 0 0 0 0 318 141 5 4 1 1 1 0 0 1 0 0 0
135 88 1 1 0 0 0 0 0 0 0 0 0 340 145 6 4 1 1 1 0 0 1 0 0 0
160 94 1 1 0 0 0 0 0 0 0 0 0 357 152 6 4 1 1 1 1 0 1 0 0 0
164 104 2 1 0 0 0 0 0 0 0 0 0 395 171 6 5 1 1 1 1 0 1 0 0 0
185 113 2 2 0 0 0 0 0 0 0 0 0 400 176 6 6 1 1 1 1 0 1 0 0 0
192 116 2 2 0 0 0 0 0 0 0 0 0 406 182 6 6 1 1 1 1 0 1 0 0 0
202 121 2 3 0 0 0 0 0 0 0 0 0 456 195 6 6 1 1 2 1 0 1 0 0 0
230 128 2 3 0 0 0 0 0 0 0 0 0 477 201 6 6 1 1 2 1 0 1 0 0 0
245 136 2 3 0 0 0 0 0 0 0 0 0 484 208 6 6 1 1 2 1 0 1 0 0 0
267 147 2 3 0 0 0 0 0 0 0 0 0 490 214 6 6 1 2 2 1 0 1 0 0 0
294 153 2 3 0 0 0 0 0 0 0 0 0 496 220 7 6 1 2 2 1 0 1 0 0 0
300 156 2 4 0 0 0 0 0 0 0 0 0 504 228 7 8 1 2 2 1 0 1 0 0 0
305 166 3 4 0 0 0 0 0 0 0 0 0 507 231 7 8 2 2 2 1 0 1 0 0 0
323 176 3 4 1 0 0 0 0 0 0 0 0 512 239 7 8 2 2 2 1 0 1 0 0 0
367 194 3 4 1 0 1 0 0 0 0 0 0 552 254 8 8 2 2 2 1 0 1 0 0 0
404 202 3 5 1 0 1 0 0 0 0 0 0 558 259 8 10 2 2 2 1 0 1 0 0 0
411 207 3 5 1 0 1 0 0 0 0 0 0 580 266 8 10 2 2 2 1 0 1 0 0 0
427 214 3 5 1 0 1 0 0 0 0 0 0 587 270 8 11 2 2 2 1 0 1 0 0 0
444 223 3 5 1 0 1 0 0 0 0 0 0 620 284 8 11 2 2 2 1 0 2 0 0 0
449 229 3 5 1 0 1 0 0 0 0 0 0 707 306 8 11 2 2 2 1 0 2 0 0 0
454 236 3 5 1 0 1 0 0 0 0 0 0 711 309 9 11 2 2 2 1 0 2 0 0 0
506 243 3 6 1 0 1 0 0 0 0 0 0 768 323 9 12 2 2 2 1 0 2 0 0 0
520 251 3 6 1 1 1 0 0 0 0 0 0 806 327 9 16 2 2 2 1 0 2 0 0 0
545 259 3 7 1 1 1 0 0 0 0 0 0 843 341 9 16 2 2 2 1 0 2 0 0 0
561 264 3 7 1 1 1 0 0 0 0 0 0 850 351 9 16 3 2 2 2 0 2 0 0 0
566 269 3 7 1 1 1 0 0 0 0 0 0 871 359 9 17 3 2 2 2 0 2 0 0 0
