# scores for worst/random/best/smart move selector strategies. 
# scores are 50% and 95% quantiles (based on 40 games) of: 
# game score, #destroyed, #unlocked, #stripes, #bombs, #zappers
3 3 0 0 0 0 0 0 0 0 0 0 0 10 10 0 0 0 0 0 0 0 0 0 0 0
6 6 0 0 0 0 0 0 0 0 0 0 0 15 15 0 0 0 0 0 0 0 0 0 0 0
12 12 0 0 0 0 0 0 0 0 0 0 0 61 27 0 0 0 0 0 0 0 0 0 0 0
15 15 0 0 0 0 0 0 0 0 0 0 0 66 33 0 0 0 0 0 0 0 0 0 0 0
21 21 0 0 0 0 0 0 0 0 0 0 0 69 39 0 0 0 0 0 0 0 0 0 0 0
27 26 0 0 0 0 0 0 0 0 0 0 0 72 46 0 0 0 0 0 0 0 0 0 0 0
30 30 0 0 0 0 0 0 0 0 0 0 0 75 50 0 1 0 0 0 0 0 0 0 0 0
36 36 0 0 0 0 0 0 0 0 0 0 0 90 58 0 1 0 0 0 0 0 0 0 0 0
42 40 0 0 0 0 0 0 0 0 0 0 0 131 67 6 1 1 0 0 0 0 0 0 0 0
47 45 0 0 0 0 0 0 0 0 0 0 0 134 71 6 1 1 0 0 0 0 0 0 0 0
62 52 0 0 0 0 0 0 0 0 0 0 0 138 75 7 1 1 1 0 0 0 1 0 0 0
73 58 0 0 0 0 0 0 0 0 0 0 0 143 81 7 2 1 1 0 0 0 1 0 0 0
78 63 0 0 0 0 0 0 0 0 0 0 0 168 86 7 2 1 1 0 0 0 1 0 0 0
85 69 0 0 0 0 0 0 0 0 0 0 0 194 99 7 2 1 1 0 0 0 1 0 0 0
88 75 0 0 0 0 0 0 0 0 0 0 0 206 116 7 2 1 1 0 0 0 1 0 0 0
102 80 0 0 0 0 0 0 0 0 0 0 0 209 122 7 2 1 1 0 0 0 1 0 0 0
108 87 0 0 0 0 0 0 0 0 0 0 0 227 136 10 3 1 1 0 1 0 1 0 0 0
113 92 0 0 0 0 0 0 0 0 0 0 0 230 139 10 3 1 1 0 1 0 1 0 0 0
126 96 0 1 0 0 0 0 0 0 0 0 0 237 146 10 3 1 1 0 1 0 1 0 0 0
130 102 0 1 0 0 0 0 0 0 0 0 0 242 149 10 3 1 1 0 1 0 1 0 0 0
139 108 0 1 0 0 0 0 0 0 0 0 0 261 155 10 3 1 1 0 1 0 1 0 0 0
155 114 0 1 0 0 0 0 0 0 0 0 0 285 164 10 3 1 1 0 1 0 1 0 0 0
165 121 0 1 0 0 0 0 0 0 0 0 0 291 170 10 3 1 1 0 1 0 1 0 0 0
174 126 0 1 0 0 0 0 0 0 0 0 0 299 173 10 3 1 1 0 1 0 1 0 0 0
178 132 0 1 0 0 0 0 0 0 0 0 0 305 177 10 3 1 1 0 1 0 1 0 0 0
184 136 1 1 0 0 0 0 0 0 0 0 0 343 186 10 4 1 1 0 1 0 1 0 0 0
187 140 1 1 0 0 0 0 0 0 0 0 0 349 192 10 4 1 1 0 1 0 1 0 0 0
207 147 1 1 0 0 0 0 0 0 0 0 0 352 195 10 4 1 1 1 1 0 1 0 0 0
213 152 1 1 0 0 0 0 0 0 0 0 0 356 199 10 4 1 1 1 1 0 1 0 0 0
226 159 1 1 0 0 0 0 0 0 0 0 0 362 205 10 4 2 1 1 1 0 1 0 0 0
230 165 1 1 0 0 0 0 0 0 0 0 0 366 209 10 4 2 1 1 1 0 1 0 0 0
237 170 1 1 0 0 0 0 0 0 0 0 0 380 218 10 4 2 1 1 1 0 1 0 0 0
243 174 1 1 0 0 0 0 0 0 0 0 0 397 225 10 4 2 1 1 1 0 1 0 0 0
251 179 1 2 0 0 0 0 0 0 0 0 0 401 229 10 4 2 1 1 1 0 1 0 0 0
260 185 1 2 0 0 0 0 0 0 0 0 0 404 232 10 5 2 1 1 1 0 1 0 0 0
274 190 1 2 0 0 0 0 0 0 0 0 0 407 235 10 5 2 1 1 1 0 1 0 0 0
278 195 1 2 0 0 0 0 0 0 0 0 0 410 238 10 5 2 1 1 1 0 1 0 0 0
287 199 1 2 0 0 0 0 0 0 0 0 0 424 241 10 5 2 1 1 1 0 1 0 0 0
290 203 1 2 0 0 0 0 0 0 0 0 0 446 249 10 5 2 1 1 1 0 1 0 0 0
293 210 1 2 0 0 0 0 0 0 0 0 0 449 254 10 5 2 1 1 1 0 1 0 0 0
301 215 1 2 0 0 0 0 0 0 0 0 0 455 257 10 5 2 1 1 1 0 1 0 0 0
