# scores for worst/random/best/smart move selector strategies. 
# scores are 50% and 95% quantiles (based on 40 games) of: 
# game score, #destroyed, #unlocked, #stripes, #bombs, #zappers
3 3 0 0 0 0 0 0 0 0 0 0 0 10 10 0 0 0 0 0 0 0 0 0 0 0
6 6 0 0 0 0 0 0 0 0 0 0 0 17 17 0 0 0 0 0 0 0 0 0 0 0
9 9 0 0 0 0 0 0 0 0 0 0 0 39 23 0 0 0 0 0 0 0 0 0 0 0
16 16 0 0 0 0 0 0 0 0 0 0 0 61 31 0 1 0 0 0 0 0 0 0 0 0
22 22 0 0 0 0 0 0 0 0 0 0 0 85 38 1 1 0 0 0 0 0 0 0 0 0
27 27 0 0 0 0 0 0 0 0 0 0 0 111 47 2 1 0 0 0 0 0 0 0 0 0
33 33 0 0 0 0 0 0 0 0 0 0 0 121 60 7 2 0 0 0 0 0 0 0 0 0
37 37 0 0 0 0 0 0 0 0 0 0 0 156 73 11 2 1 0 0 1 0 0 0 0 0
48 45 0 0 0 0 0 0 0 0 0 0 0 190 81 11 3 1 0 1 1 0 0 0 0 0
83 51 0 0 0 0 0 0 0 0 0 0 0 216 88 11 3 1 1 1 1 0 1 0 0 0
95 62 0 1 0 0 0 0 0 0 0 0 0 224 94 11 3 1 1 1 1 0 1 0 0 0
124 74 1 1 0 0 0 0 0 0 0 0 0 261 103 11 5 2 1 1 1 0 1 0 0 0
150 87 1 1 0 0 0 0 0 0 0 0 0 311 128 11 5 2 1 1 1 0 1 0 0 0
172 93 1 2 0 0 0 0 0 0 0 0 0 381 144 11 5 3 2 1 1 0 2 0 0 0
186 100 1 2 0 0 0 0 0 0 0 0 0 416 160 11 5 3 2 1 1 0 2 0 0 0
220 112 2 3 0 0 0 0 0 0 0 0 0 456 179 11 7 3 2 1 1 0 2 0 0 0
260 125 2 3 0 0 0 0 0 0 0 0 0 501 195 11 7 3 2 1 1 0 2 0 0 0
284 134 2 3 0 0 0 0 0 0 0 0 0 530 206 11 8 3 2 2 1 0 2 0 0 0
310 146 2 3 0 1 0 0 0 0 0 0 0 575 213 13 10 3 2 2 1 0 2 0 0 0
364 158 2 4 1 1 0 0 0 0 0 0 0 590 229 13 11 3 2 2 1 0 2 0 0 0
385 169 2 4 1 1 0 0 0 1 0 0 0 620 239 13 12 3 2 2 1 0 2 0 0 0
409 181 2 4 1 1 0 0 0 1 0 0 0 702 249 15 12 3 2 2 1 0 2 1 0 0
447 195 2 5 1 1 0 0 0 1 0 0 0 734 273 15 12 3 2 2 1 0 2 1 0 0
464 202 3 5 1 1 0 0 0 1 0 0 0 776 287 15 12 4 2 2 1 0 2 1 0 0
491 213 3 5 1 1 1 0 0 1 0 0 0 805 298 15 13 4 2 2 1 0 2 1 0 0
516 230 3 6 1 1 1 0 0 1 0 0 0 814 306 15 14 4 3 2 1 0 3 1 0 0
538 239 3 6 1 1 1 0 0 1 0 0 0 843 319 15 14 4 3 2 1 0 3 1 0 0
551 249 4 6 1 1 1 0 0 1 0 0 0 887 327 15 14 4 3 2 2 0 3 1 0 0
570 263 4 7 1 1 1 0 0 1 0 0 0 894 337 15 14 4 3 2 2 0 3 1 0 0
618 280 4 7 2 1 1 0 0 1 0 0 0 976 356 15 14 5 4 2 2 0 3 1 0 0
630 287 4 7 2 1 1 0 0 1 0 0 0 984 363 15 15 5 4 2 2 0 4 1 0 0
665 295 4 7 2 1 1 0 0 1 0 0 0 1034 377 15 18 5 4 3 2 0 4 1 0 0
692 306 4 8 2 1 1 0 0 1 0 0 0 1065 385 15 19 5 4 3 2 0 4 1 0 0
725 324 4 9 2 1 1 0 0 1 0 0 0 1135 407 15 19 5 4 3 2 0 4 1 0 0
740 329 4 9 2 1 1 0 0 1 0 0 0 1140 412 15 20 5 4 3 2 0 4 1 0 0
777 342 4 9 2 1 1 0 0 1 0 0 0 1143 425 15 20 5 4 3 2 0 4 1 0 0
783 349 4 9 2 2 1 0 0 1 0 0 0 1199 444 15 20 6 4 3 2 0 4 1 0 0
806 354 4 10 2 2 1 0 0 1 0 0 0 1210 449 15 20 6 4 3 2 0 4 1 0 0
825 361 4 10 2 2 1 1 0 1 0 0 0 1226 463 15 21 6 4 3 2 0 4 1 0 0
851 373 4 10 2 2 1 1 0 1 0 0 0 1232 468 15 22 6 4 3 2 0 4 1 0 0
878 390 4 11 2 2 1 1 0 1 0 0 0 1387 483 15 23 6 4 3 2 0 4 1 0 0
