# scores for worst/random/best/smart move selector strategies. 
# scores are 50% and 95% quantiles (based on 40 games) of: 
# game score, #destroyed, #unlocked, #stripes, #bombs, #zappers
0 0 0 0 0 0 0 0 0 0 0 0 0 26 15 0 0 0 0 0 0 0 0 0 0 0
6 6 0 0 0 0 0 0 0 0 0 0 0 37 27 0 0 0 0 0 0 0 0 0 0 0
9 9 0 0 0 0 0 0 0 0 0 0 0 77 38 0 2 0 0 0 0 0 0 0 0 0
18 16 0 0 0 0 0 0 0 0 0 0 0 95 61 0 2 0 0 0 0 0 0 0 0 0
24 22 0 0 0 0 0 0 0 0 0 0 0 103 67 0 2 0 0 0 0 0 0 0 0 0
32 26 0 0 0 0 0 0 0 0 0 0 0 127 76 0 2 0 0 0 0 0 0 0 0 0
35 33 0 0 0 0 0 0 0 0 0 0 0 133 81 0 2 0 0 0 0 0 0 0 0 0
51 39 0 0 0 0 0 0 0 0 0 0 0 144 90 2 2 0 0 0 0 0 0 0 0 0
60 46 0 0 0 0 0 0 0 0 0 0 0 185 121 4 3 0 0 0 0 0 0 0 0 0
86 55 0 1 0 0 0 0 0 0 0 0 0 236 127 6 3 1 1 1 0 0 1 0 0 0
99 67 0 1 0 0 0 0 0 0 0 0 0 260 140 6 4 1 1 1 0 0 1 0 0 0
125 76 0 2 0 0 0 0 0 0 0 0 0 309 166 10 4 1 1 1 0 0 1 0 0 0
136 88 0 2 0 0 0 0 0 0 0 0 0 351 185 10 5 2 1 1 1 0 1 0 0 0
170 104 2 2 0 0 0 0 0 0 0 0 0 407 206 13 5 2 1 1 1 0 1 0 0 0
206 111 3 2 0 0 0 0 0 0 0 0 0 515 230 15 7 3 1 1 1 0 1 0 0 0
222 117 4 3 0 0 0 0 0 0 0 0 0 530 242 15 8 3 2 1 1 0 2 0 0 0
230 126 4 3 0 0 0 0 0 0 0 0 0 616 263 15 8 3 2 1 1 0 2 0 0 0
306 142 5 4 0 0 0 0 0 0 0 0 0 621 275 19 8 3 3 1 1 0 2 0 0 0
326 156 6 5 0 0 0 0 0 0 0 0 0 724 308 20 10 3 3 2 1 0 2 0 0 0
346 174 7 5 0 0 0 0 0 0 0 0 0 811 325 20 10 4 3 2 1 0 2 0 0 0
374 186 7 5 1 0 1 0 0 0 0 0 0 815 342 21 10 4 3 2 1 0 3 0 0 0
408 202 7 6 1 0 1 0 0 0 0 0 0 865 361 21 11 5 3 2 1 0 3 0 0 0
475 218 8 6 1 0 1 0 0 0 0 0 0 901 367 22 13 5 3 2 2 0 3 0 0 0
483 228 8 7 1 1 1 0 0 0 0 0 0 931 373 22 14 5 3 2 2 0 3 0 0 0
543 243 10 8 1 1 1 0 0 0 0 0 0 936 379 22 14 5 3 2 2 0 3 0 0 0
559 248 10 8 1 1 1 0 0 0 0 0 0 1188 400 22 20 5 4 2 2 0 3 1 0 0
608 267 10 9 1 1 1 0 0 0 0 0 0 1193 417 22 20 5 4 2 2 0 3 1 0 0
654 289 11 9 1 1 1 0 0 0 0 0 0 1233 434 22 20 6 4 2 2 0 4 1 0 0
673 301 11 9 2 1 1 0 0 0 0 0 0 1246 458 22 21 6 4 2 2 0 4 1 0 0
725 323 11 10 2 1 1 0 0 1 0 0 0 1288 468 22 27 6 4 2 2 0 4 1 0 0
743 339 11 10 2 1 1 0 0 1 0 0 0 1314 474 22 29 7 4 2 2 0 4 1 0 0
768 344 11 11 2 1 1 0 0 1 0 0 0 1339 518 24 29 7 4 2 2 0 4 1 0 0
803 356 11 11 2 1 1 0 0 1 0 0 0 1389 533 24 30 7 4 3 2 0 4 1 0 0
841 382 12 12 2 1 1 0 0 1 0 0 0 1409 544 24 31 7 4 3 2 0 4 1 0 0
876 399 13 12 3 1 1 0 0 1 0 0 0 1564 564 24 31 13 5 3 2 0 4 1 0 0
893 407 13 12 3 1 1 0 0 1 0 0 0 1848 578 24 31 19 5 3 2 0 4 1 1 0
955 422 14 12 3 1 1 0 0 1 0 0 0 1857 583 24 32 19 5 3 2 0 4 1 1 0
990 434 14 14 3 1 2 0 0 1 0 0 0 1908 605 24 32 19 5 3 2 0 4 1 1 0
1041 457 15 15 3 1 2 0 0 1 0 0 0 1959 616 24 36 20 6 3 2 0 4 1 1 0
1073 470 15 16 3 1 2 0 0 1 0 0 0 2007 636 24 36 20 6 3 2 0 4 1 1 0
1135 494 15 16 3 1 2 1 0 1 0 0 0 2080 642 24 36 21 6 3 2 0 4 1 1 0
