# scores for worst/random/best/smart move selector strategies. 
# scores are 50% and 95% quantiles (based on 40 games) of: 
# game score, #destroyed, #unlocked, #stripes, #bombs, #zappers
0 0 0 0 0 0 0 0 0 0 0 0 0 26 15 0 0 0 0 0 0 0 0 0 0 0
6 6 0 0 0 0 0 0 0 0 0 0 0 39 21 0 0 0 0 0 0 0 0 0 0 0
11 9 0 0 0 0 0 0 0 0 0 0 0 53 26 0 1 0 0 0 0 0 0 0 0 0
15 15 0 0 0 0 0 0 0 0 0 0 0 59 34 0 1 0 0 0 0 0 0 0 0 0
21 21 0 0 0 0 0 0 0 0 0 0 0 72 47 0 1 0 0 0 0 0 0 0 0 0
28 28 0 0 0 0 0 0 0 0 0 0 0 96 55 1 1 0 0 0 0 0 0 0 0 0
34 33 0 0 0 0 0 0 0 0 0 0 0 107 63 4 2 1 0 0 0 0 0 0 0 0
43 39 0 0 0 0 0 0 0 0 0 0 0 121 74 4 2 1 0 0 0 0 0 0 0 0
56 45 0 0 0 0 0 0 0 0 0 0 0 170 95 4 3 1 0 0 0 0 0 0 0 0
66 53 0 0 0 0 0 0 0 0 0 0 0 176 108 4 3 1 0 0 0 0 0 0 0 0
74 58 0 0 0 0 0 0 0 0 0 0 0 223 129 6 3 1 0 0 0 0 0 0 0 0
95 67 0 1 0 0 0 0 0 0 0 0 0 248 132 6 4 1 0 0 0 0 0 0 0 0
98 75 0 1 0 0 0 0 0 0 0 0 0 252 135 6 4 1 0 0 0 0 0 0 0 0
113 80 0 1 0 0 0 0 0 0 0 0 0 257 141 6 4 1 0 0 0 0 0 0 0 0
125 88 0 1 0 0 0 0 0 0 0 0 0 284 150 8 4 1 0 0 0 0 0 0 0 0
143 92 0 1 0 0 0 0 0 0 0 0 0 287 153 8 5 2 0 0 0 0 0 0 0 0
150 100 0 2 0 0 0 0 0 0 0 0 0 306 172 8 5 2 0 0 0 0 0 0 0 0
155 105 0 2 0 0 0 0 0 0 0 0 0 309 175 8 5 2 0 0 0 0 0 0 0 0
166 109 0 2 0 0 0 0 0 0 0 0 0 317 183 8 5 2 0 0 0 0 0 0 0 0
179 116 0 2 0 0 0 0 0 0 0 0 0 467 195 8 5 2 1 0 0 0 0 0 0 0
189 131 1 2 0 0 0 0 0 0 0 0 0 470 200 8 5 2 1 0 0 0 0 0 0 0
213 136 1 2 0 0 0 0 0 0 0 0 0 512 240 11 6 2 1 0 0 0 1 0 0 0
216 149 1 2 0 0 0 0 0 0 0 0 0 515 244 11 6 2 1 0 0 0 1 0 0 0
227 160 2 2 0 0 0 0 0 0 0 0 0 522 254 11 6 2 1 0 0 0 1 0 0 0
234 167 2 2 0 0 0 0 0 0 0 0 0 525 260 11 6 2 1 0 0 0 1 0 0 0
267 178 2 3 1 0 0 0 0 0 0 0 0 633 283 14 7 4 1 0 1 0 1 0 0 0
303 188 3 3 1 0 0 0 0 0 0 0 0 641 289 14 7 4 1 1 1 0 1 0 0 0
317 197 3 3 1 0 0 0 0 0 0 0 0 648 298 14 7 4 1 1 1 0 1 0 0 0
329 209 3 3 1 0 0 0 0 0 0 0 0 652 303 14 7 4 1 1 1 0 1 0 0 0
376 223 3 3 1 0 0 0 0 0 0 0 0 717 322 14 8 4 1 1 1 0 1 0 0 0
383 231 4 4 1 0 0 0 0 0 0 0 0 735 341 16 8 4 1 1 1 0 1 0 0 0
386 235 5 4 1 0 0 0 0 0 0 0 0 746 348 16 9 4 1 1 1 0 1 0 0 0
403 256 5 4 1 0 0 0 0 0 0 0 0 749 356 16 9 4 1 1 1 0 1 0 0 0
430 262 5 4 1 0 0 0 0 0 0 0 0 754 365 16 9 4 1 1 1 0 1 0 0 0
461 271 5 4 1 0 0 0 0 0 0 0 0 758 372 16 10 4 1 1 1 0 1 0 0 0
486 284 6 4 1 0 0 0 0 0 0 0 0 763 375 16 10 4 2 1 1 0 1 0 0 0
527 301 6 4 1 0 0 0 0 0 0 0 0 771 388 16 10 4 2 1 1 0 1 0 0 0
541 310 6 5 1 0 0 0 0 0 0 0 0 886 404 17 10 5 2 1 1 0 1 0 0 0
549 318 6 5 1 0 0 0 0 0 0 0 0 892 411 17 10 5 2 1 1 0 1 0 0 0
581 328 8 6 2 0 0 0 0 0 0 0 0 902 418 17 10 5 2 1 1 0 1 0 0 0
595 334 8 6 2 0 0 0 0 0 0 0 0 908 423 17 11 5 2 1 1 0 1 0 0 0
