# scores for worst/random/best/smart move selector strategies. 
# scores are 50% and 95% quantiles (based on 40 games) of: 
# game score, #destroyed, #unlocked, #stripes, #bombs, #zappers
0 0 0 0 0 0 0 0 0 0 0 0 0 26 15 0 0 0 0 0 0 0 0 0 0 0
6 6 0 0 0 0 0 0 0 0 0 0 0 42 22 0 1 0 0 0 0 0 0 0 0 0
9 9 0 0 0 0 0 0 0 0 0 0 0 77 37 0 2 0 0 0 0 0 0 0 0 0
17 15 0 0 0 0 0 0 0 0 0 0 0 91 46 2 2 0 0 0 0 0 0 0 0 0
28 21 0 0 0 0 0 0 0 0 0 0 0 110 69 2 2 0 1 0 0 0 1 0 0 0
43 29 0 0 0 0 0 0 0 0 0 0 0 211 102 8 2 1 1 0 1 0 1 0 0 0
65 36 0 1 0 0 0 0 0 0 0 0 0 232 113 8 3 1 1 0 1 0 1 0 0 0
73 44 0 1 0 0 0 0 0 0 0 0 0 287 147 16 3 1 1 0 1 0 1 0 0 0
83 52 0 1 0 0 0 0 0 0 0 0 0 520 177 18 5 2 1 1 1 0 1 0 0 0
112 58 0 1 0 0 0 0 0 0 0 0 0 810 206 22 6 9 1 1 1 0 1 0 0 0
121 66 0 1 0 0 0 0 0 0 0 0 0 841 230 22 7 9 1 1 1 0 1 0 0 0
145 77 1 2 0 0 0 0 0 0 0 0 0 854 252 23 7 9 2 1 1 0 1 0 0 0
189 90 2 2 0 0 0 0 0 0 0 0 0 964 302 24 8 10 2 1 1 0 2 0 0 0
223 116 3 3 0 0 0 0 0 0 0 0 0 995 320 24 10 10 2 1 1 0 2 0 0 0
245 129 4 4 0 0 0 0 0 0 0 0 0 1035 339 24 11 11 2 1 1 0 2 0 0 0
318 157 5 4 0 0 0 0 0 0 0 0 0 1063 351 25 11 11 3 1 1 0 3 0 0 0
382 168 6 5 1 1 0 0 0 0 0 0 0 1199 375 25 16 11 4 1 1 0 3 1 0 0
426 187 7 6 1 1 0 0 0 0 0 0 0 1225 382 25 16 11 4 1 1 0 3 1 0 0
483 202 7 6 1 1 0 0 0 1 0 0 0 1275 420 27 18 11 4 1 2 0 3 1 0 0
520 223 8 7 1 1 0 0 0 1 0 0 0 1386 440 27 24 11 4 1 2 0 4 1 0 0
597 248 9 7 2 1 0 0 0 1 0 0 0 1450 461 27 26 11 4 1 2 1 4 1 0 0
730 276 9 9 2 2 0 0 0 1 0 0 0 1507 470 27 32 12 4 2 2 1 4 1 0 0
797 304 11 10 2 2 1 0 0 1 0 0 0 1575 511 27 32 14 4 2 2 1 4 1 1 0
858 314 13 11 3 2 1 0 0 1 0 0 0 1773 520 27 33 19 5 2 2 1 5 1 1 0
922 340 14 11 3 2 1 0 0 1 0 0 0 1798 550 27 34 19 5 2 2 1 5 1 1 0
966 363 14 12 3 2 1 0 0 1 0 0 0 1873 587 27 34 19 5 2 2 1 5 1 1 0
1001 391 14 13 4 2 1 0 0 2 0 0 0 1915 597 27 35 19 5 2 2 1 5 1 1 0
1072 411 14 13 4 2 1 0 0 2 0 0 0 1931 617 27 35 19 5 2 2 1 5 1 1 0
1142 434 14 15 4 3 1 0 0 2 0 0 0 1980 630 27 39 19 6 2 2 1 5 1 1 0
1284 458 15 15 5 3 1 0 0 2 0 0 0 2061 651 27 41 19 6 2 2 1 5 2 1 0
1342 479 15 16 5 3 1 1 0 2 0 0 0 2116 669 27 41 22 7 3 3 1 5 2 1 0
1400 492 16 18 5 3 1 1 0 2 0 0 0 2220 683 27 41 22 7 3 3 1 6 2 1 0
1472 499 16 19 5 3 1 1 0 2 0 0 0 2365 695 27 43 22 7 3 3 1 6 2 1 0
1576 532 16 20 5 3 1 1 0 3 0 0 0 2378 710 27 43 22 8 3 3 1 6 2 1 0
1622 550 16 21 6 4 1 1 0 3 0 0 0 2442 738 28 43 22 8 3 3 1 6 2 1 0
1655 576 16 23 6 4 1 1 0 3 0 0 0 2487 762 28 43 23 8 3 3 1 6 2 1 0
1755 600 16 24 6 4 1 1 0 3 0 0 0 2934 806 28 44 29 9 3 3 1 7 2 1 0
1794 613 16 24 6 4 1 1 0 3 0 0 0 3018 855 28 44 30 10 3 3 1 7 2 1 0
1846 653 16 27 7 4 1 1 0 3 0 0 0 3097 876 28 44 31 10 3 3 1 7 2 1 0
1949 669 16 27 7 4 1 1 0 3 0 0 0 3137 891 28 47 31 10 4 3 1 7 2 1 0
1973 695 16 28 8 4 1 1 0 3 0 0 0 3146 919 28 48 31 10 4 3 1 7 2 1 0
