# scores for worst/random/best/smart move selector strategies. 
# scores are 50% and 95% quantiles (based on 40 games) of: 
# game score, #destroyed, #unlocked, #stripes, #bombs, #zappers
0 0 0 0 0 0 0 0 0 0 0 0 0 26 15 0 0 0 0 0 0 0 0 0 0 0
6 6 0 0 0 0 0 0 0 0 0 0 0 45 25 0 0 0 0 0 0 0 0 0 0 0
9 9 0 0 0 0 0 0 0 0 0 0 0 50 30 0 1 0 0 0 0 0 0 0 0 0
18 17 0 0 0 0 0 0 0 0 0 0 0 64 44 0 1 0 0 0 0 0 0 0 0 0
23 21 0 0 0 0 0 0 0 0 0 0 0 67 50 0 1 0 0 0 0 0 0 0 0 0
30 29 0 0 0 0 0 0 0 0 0 0 0 88 63 0 1 0 0 0 0 0 0 0 0 0
33 33 0 0 0 0 0 0 0 0 0 0 0 102 80 0 1 0 0 0 0 0 0 0 0 0
39 39 0 0 0 0 0 0 0 0 0 0 0 161 92 1 2 1 0 0 0 0 0 0 0 0
46 44 0 0 0 0 0 0 0 0 0 0 0 201 104 2 2 1 0 0 0 0 0 0 0 0
53 52 0 0 0 0 0 0 0 0 0 0 0 204 109 2 2 1 0 0 0 0 0 0 0 0
64 62 0 0 0 0 0 0 0 0 0 0 0 251 123 3 2 2 0 0 0 0 0 0 0 0
71 68 0 0 0 0 0 0 0 0 0 0 0 296 138 5 3 3 0 0 0 0 0 0 0 0
78 74 0 0 0 0 0 0 0 0 0 0 0 300 143 5 3 3 0 0 0 0 0 0 0 0
86 78 0 0 0 0 0 0 0 0 0 0 0 309 152 5 3 3 0 0 0 0 0 0 0 0
96 85 0 0 0 0 0 0 0 0 0 0 0 377 186 9 4 3 0 0 0 0 0 0 0 0
107 90 0 0 0 0 0 0 0 0 0 0 0 386 195 9 4 3 0 0 0 0 0 0 0 0
116 96 0 1 0 0 0 0 0 0 0 0 0 428 199 9 5 3 0 0 0 0 0 0 0 0
126 107 0 1 0 0 0 0 0 0 0 0 0 434 202 9 5 3 0 0 0 0 0 0 0 0
156 123 0 1 0 0 0 0 0 0 0 0 0 437 205 9 5 3 0 0 0 0 0 0 0 0
164 126 0 1 0 0 0 0 0 0 0 0 0 456 212 11 5 3 0 0 0 0 0 0 0 0
173 133 0 1 0 0 0 0 0 0 0 0 0 459 215 11 5 3 0 0 0 0 0 0 0 0
180 137 0 1 0 0 0 0 0 0 0 0 0 464 222 11 5 3 0 0 0 0 0 0 0 0
183 142 0 1 0 0 0 0 0 0 0 0 0 470 229 11 5 3 0 0 0 0 0 0 0 0
189 148 0 1 0 0 0 0 0 0 0 0 0 473 234 11 5 3 0 0 0 0 0 0 0 0
205 153 0 1 0 0 0 0 0 0 0 0 0 476 246 11 6 3 0 0 0 0 0 0 0 0
223 160 1 1 0 0 0 0 0 0 0 0 0 482 253 11 6 3 0 0 0 0 0 0 0 0
238 172 1 1 0 0 0 0 0 0 0 0 0 485 259 11 6 3 0 0 0 0 0 0 0 0
249 180 1 1 0 0 0 0 0 0 0 0 0 490 270 11 6 3 0 0 0 0 0 0 0 0
258 186 1 2 1 0 0 0 0 0 0 0 0 498 284 11 6 3 0 0 0 0 0 0 0 0
278 197 1 2 1 0 0 0 0 0 0 0 0 517 290 11 6 3 0 0 0 0 0 0 0 0
299 202 1 2 1 0 0 0 0 0 0 0 0 521 293 11 6 3 0 0 0 0 0 0 0 0
308 208 1 2 1 0 0 0 0 0 0 0 0 610 313 11 8 3 0 0 0 0 0 0 0 0
312 213 1 2 1 0 0 0 0 0 0 0 0 622 324 11 8 3 0 0 0 0 0 0 0 0
325 231 1 2 1 0 0 0 0 0 0 0 0 625 334 11 8 3 0 0 0 0 0 0 0 0
343 237 1 2 1 0 0 0 0 0 0 0 0 629 342 11 8 3 0 0 0 0 0 0 0 0
354 243 2 2 1 0 0 0 0 0 0 0 0 671 362 12 8 3 1 0 0 0 0 0 0 0
362 263 2 3 1 0 0 0 0 0 0 0 0 681 369 12 8 3 1 0 0 0 0 0 0 0
416 275 3 3 1 0 0 0 0 0 0 0 0 749 382 12 8 3 1 0 0 0 0 0 0 0
433 299 3 3 1 0 0 0 0 0 0 0 0 752 385 12 8 3 1 0 0 0 0 0 0 0
438 302 3 3 1 0 0 0 0 0 0 0 0 763 396 12 8 3 1 0 0 0 0 0 0 0
445 309 3 3 1 0 0 0 0 0 0 0 0 767 400 12 8 3 1 0 0 0 0 0 0 0
