# scores for worst/random/best/smart move selector strategies. 
# scores are 50% and 95% quantiles (based on 40 games) of: 
# game score, #destroyed, #unlocked, #stripes, #bombs, #zappers
0 0 0 0 0 0 0 0 0 0 0 0 0 6 6 0 0 0 0 0 0 0 0 0 0 0
3 3 0 0 0 0 0 0 0 0 0 0 0 12 12 0 0 0 0 0 0 0 0 0 0 0
7 7 0 0 0 0 0 0 0 0 0 0 0 27 16 0 0 0 0 0 0 0 0 0 0 0
12 12 0 0 0 0 0 0 0 0 0 0 0 31 20 0 0 0 0 0 0 0 0 0 0 0
17 17 0 0 0 0 0 0 0 0 0 0 0 49 26 0 1 0 0 0 0 0 0 0 0 0
21 21 0 0 0 0 0 0 0 0 0 0 0 56 33 0 1 0 0 0 0 0 0 0 0 0
24 24 0 0 0 0 0 0 0 0 0 0 0 97 40 0 1 0 0 0 0 0 0 0 0 0
30 29 0 0 0 0 0 0 0 0 0 0 0 100 48 0 1 0 0 0 0 0 0 0 0 0
36 32 0 0 0 0 0 0 0 0 0 0 0 108 52 0 1 0 0 0 0 0 0 0 0 0
42 38 0 0 0 0 0 0 0 0 0 0 0 124 56 0 1 0 0 0 0 0 0 0 0 0
45 41 0 0 0 0 0 0 0 0 0 0 0 131 59 0 3 0 0 0 0 0 0 0 0 0
50 46 0 0 0 0 0 0 0 0 0 0 0 134 63 0 3 0 1 0 0 0 0 0 0 0
55 50 0 0 0 0 0 0 0 0 0 0 0 138 72 0 3 0 1 0 0 0 0 0 0 0
68 54 0 0 0 0 0 0 0 0 0 0 0 141 76 0 3 0 1 1 0 0 0 0 0 0
76 60 0 1 0 0 0 0 0 0 0 0 0 146 79 0 3 0 1 1 0 0 0 0 0 0
81 63 0 1 0 0 0 0 0 0 0 0 0 163 83 0 4 0 1 1 0 0 0 0 0 0
85 67 0 1 0 0 0 0 0 0 0 0 0 168 88 0 4 0 1 1 0 0 0 0 0 0
90 72 0 1 0 0 0 0 0 0 0 0 0 177 94 0 4 0 1 1 0 0 0 0 0 0
98 77 0 1 0 0 0 0 0 0 0 0 0 181 98 0 4 0 1 1 0 0 0 0 0 0
102 80 0 1 0 0 0 0 0 0 0 0 0 188 101 0 4 0 1 1 0 0 1 0 0 0
108 84 0 1 0 0 0 0 0 0 0 0 0 194 110 0 4 0 1 1 0 0 1 0 0 0
115 89 0 1 0 0 0 0 0 0 0 0 0 200 115 0 4 0 1 1 0 0 1 0 0 0
129 97 0 1 0 0 0 0 0 0 0 0 0 206 123 0 4 0 1 1 0 0 1 0 0 0
140 101 0 1 0 0 0 0 0 0 0 0 0 212 126 0 4 0 1 1 0 0 1 0 0 0
144 104 0 2 0 0 0 0 0 0 0 0 0 217 129 0 5 0 1 1 0 0 1 0 0 0
149 107 0 2 0 0 0 0 0 0 0 0 0 223 134 0 5 0 1 1 0 0 1 0 0 0
155 110 0 2 0 0 0 0 0 0 0 0 0 234 142 0 5 0 1 1 0 0 1 0 0 0
164 114 0 2 0 0 0 0 0 0 0 0 0 243 148 0 5 0 1 1 0 0 1 0 0 0
170 122 0 2 0 0 0 0 0 0 0 0 0 310 166 0 5 0 1 1 0 0 1 0 0 0
174 125 0 2 0 0 0 0 0 0 0 0 0 313 170 0 5 0 1 1 0 0 1 0 0 0
181 130 0 2 0 0 0 0 0 0 0 0 0 317 174 0 6 0 1 1 0 0 1 0 0 0
186 133 0 2 0 0 0 0 0 0 0 0 0 330 178 0 6 0 1 1 0 0 1 0 0 0
191 139 0 2 0 0 0 0 0 0 0 0 0 334 182 0 6 0 1 1 0 0 1 0 0 0
198 144 0 2 0 0 0 0 0 0 0 0 0 338 187 0 6 0 1 1 0 0 1 0 0 0
209 147 0 2 0 0 0 0 0 0 0 0 0 343 191 0 6 0 1 1 0 0 1 0 0 0
220 150 0 2 0 0 0 0 0 0 0 0 0 347 195 0 6 0 1 1 0 0 1 0 0 0
224 154 0 2 0 0 0 0 0 0 0 0 0 350 198 0 6 0 1 1 0 0 1 0 0 0
229 161 0 3 0 0 0 0 0 0 0 0 0 354 202 0 6 0 1 1 0 0 1 0 0 0
235 165 0 3 0 0 0 0 0 0 0 0 0 359 207 0 7 0 1 1 0 0 1 0 0 0
239 168 0 3 0 0 0 0 0 0 0 0 0 377 213 0 7 0 1 1 0 0 1 0 0 0
245 173 0 3 0 0 0 0 0 0 0 0 0 383 220 0 7 0 1 1 0 0 1 0 0 0
