# scores for worst/random/best/smart move selector strategies. 
# scores are 50% and 95% quantiles (based on 40 games) of: 
# game score, #destroyed, #unlocked, #stripes, #bombs, #zappers
0 0 0 0 0 0 0 0 0 0 0 0 0 6 6 0 0 0 0 0 0 0 0 0 0 0
3 3 0 0 0 0 0 0 0 0 0 0 0 14 14 0 0 0 0 0 0 0 0 0 0 0
9 9 0 0 0 0 0 0 0 0 0 0 0 36 20 0 0 0 0 0 0 0 0 0 0 0
12 12 0 0 0 0 0 0 0 0 0 0 0 67 28 0 1 0 0 0 0 0 0 0 0 0
18 18 0 0 0 0 0 0 0 0 0 0 0 84 36 0 1 0 0 0 0 0 0 0 0 0
21 21 0 0 0 0 0 0 0 0 0 0 0 88 40 0 1 0 1 0 0 0 1 0 0 0
27 26 0 0 0 0 0 0 0 0 0 0 0 97 46 0 2 0 1 0 0 0 1 0 0 0
32 29 0 0 0 0 0 0 0 0 0 0 0 100 49 0 2 0 1 0 0 0 1 0 0 0
39 33 0 0 0 0 0 0 0 0 0 0 0 104 56 0 2 0 1 0 0 0 1 0 0 0
53 36 0 0 0 0 0 0 0 0 0 0 0 151 73 0 3 1 1 0 0 0 1 0 0 0
59 41 0 0 0 0 0 0 0 0 0 0 0 176 84 0 3 1 1 0 0 0 1 0 0 0
64 45 0 0 0 0 0 0 0 0 0 0 0 214 97 0 3 1 1 0 0 0 1 0 0 0
67 49 0 1 0 0 0 0 0 0 0 0 0 258 120 0 3 1 1 0 0 0 1 0 0 0
78 55 0 1 0 0 0 0 0 0 0 0 0 263 125 0 3 1 1 1 0 0 1 0 0 0
85 58 0 1 0 0 0 0 0 0 0 0 0 301 139 0 4 1 1 1 0 0 1 0 0 0
88 63 0 1 0 0 0 0 0 0 0 0 0 315 145 0 4 1 1 1 0 0 1 0 0 0
94 67 0 1 0 0 0 0 0 0 0 0 0 332 149 0 5 1 1 1 0 0 1 0 0 0
103 70 0 1 0 0 0 0 0 0 0 0 0 370 165 0 6 1 1 1 0 0 1 0 0 0
106 75 0 1 0 0 0 0 0 0 0 0 0 373 169 0 6 1 1 1 0 0 1 0 0 0
113 78 0 1 0 0 0 0 0 0 0 0 0 380 176 0 6 1 1 1 0 0 1 0 0 0
116 81 0 1 0 0 0 0 0 0 0 0 0 391 181 0 7 1 1 1 0 0 1 0 0 0
121 86 0 1 0 0 0 0 0 0 0 0 0 401 184 0 7 1 1 1 0 0 1 0 0 0
124 91 0 1 0 0 0 0 0 0 0 0 0 407 191 0 7 1 1 1 0 0 1 0 0 0
128 94 0 1 0 0 0 0 0 0 0 0 0 430 204 0 7 1 1 1 0 0 1 0 0 0
133 100 0 2 0 0 0 0 0 0 0 0 0 435 209 0 7 1 1 1 0 0 1 0 0 0
146 104 0 2 0 0 0 0 0 0 0 0 0 438 212 1 7 1 1 1 0 0 1 0 0 0
153 108 0 2 0 0 0 0 0 0 0 0 0 486 217 1 9 1 1 1 0 0 1 0 0 0
164 113 0 2 0 0 0 0 0 0 0 0 0 490 221 1 9 1 1 1 0 0 1 0 0 0
169 116 0 2 0 0 0 0 0 0 0 0 0 536 233 1 9 2 1 1 0 0 1 0 0 0
172 121 0 2 0 0 0 0 0 0 0 0 0 593 243 1 10 2 1 1 0 0 1 0 0 0
179 125 0 2 0 0 0 0 0 0 0 0 0 599 249 1 10 2 1 1 0 0 1 0 0 0
184 129 0 2 0 0 0 0 0 0 0 0 0 631 262 1 10 2 2 1 0 0 2 0 0 0
191 133 0 3 0 0 0 0 0 0 0 0 0 637 272 1 10 2 2 1 0 0 2 0 0 0
200 142 0 3 0 0 0 0 0 0 0 0 0 641 277 1 10 2 2 1 0 0 2 0 0 0
203 146 0 3 0 0 0 0 0 0 0 0 0 659 285 1 10 2 2 1 0 0 2 0 0 0
228 150 0 3 0 0 0 0 0 0 0 0 0 694 295 1 11 2 2 2 0 0 2 0 0 0
231 153 0 3 0 0 0 0 0 0 0 0 0 747 306 1 12 2 2 2 0 0 2 0 0 0
234 156 0 3 0 0 0 0 0 0 0 0 0 785 311 1 12 2 2 2 0 0 2 0 0 0
238 159 0 3 0 0 0 0 0 0 0 0 0 809 335 1 13 2 2 2 0 0 2 0 0 0
243 163 0 3 0 0 0 0 0 0 0 0 0 860 352 1 13 2 3 2 0 0 3 0 0 0
251 171 0 3 0 0 0 0 0 0 0 0 0 868 361 1 13 2 3 2 0 0 3 0 0 0
