# scores for worst/random/best/smart move selector strategies. 
# scores are 50% and 95% quantiles (based on 40 games) of: 
# game score, #destroyed, #unlocked, #stripes, #bombs, #zappers
0 0 0 0 0 0 0 0 0 0 0 0 0 6 6 0 0 0 0 0 0 0 0 0 0 0
3 3 0 0 0 0 0 0 0 0 0 0 0 13 13 0 0 0 0 0 0 0 0 0 0 0
9 9 0 0 0 0 0 0 0 0 0 0 0 19 18 0 0 0 0 0 0 0 0 0 0 0
12 12 0 0 0 0 0 0 0 0 0 0 0 23 21 0 0 0 0 0 0 0 0 0 0 0
17 17 0 0 0 0 0 0 0 0 0 0 0 28 27 0 0 0 0 0 0 0 0 0 0 0
21 21 0 0 0 0 0 0 0 0 0 0 0 33 31 0 0 0 0 0 0 0 0 0 0 0
24 24 0 0 0 0 0 0 0 0 0 0 0 41 35 0 0 0 0 0 0 0 0 0 0 0
27 27 0 0 0 0 0 0 0 0 0 0 0 54 39 0 1 0 0 0 0 0 0 0 0 0
30 30 0 0 0 0 0 0 0 0 0 0 0 57 45 0 1 0 0 0 0 0 0 0 0 0
36 35 0 0 0 0 0 0 0 0 0 0 0 60 50 0 1 0 0 0 0 0 0 0 0 0
39 39 0 0 0 0 0 0 0 0 0 0 0 68 56 0 1 0 0 0 0 0 0 0 0 0
42 42 0 0 0 0 0 0 0 0 0 0 0 75 59 0 1 0 0 0 0 0 0 0 0 0
48 47 0 0 0 0 0 0 0 0 0 0 0 80 62 0 1 0 0 0 0 0 0 0 0 0
51 51 0 0 0 0 0 0 0 0 0 0 0 83 66 0 1 0 0 0 0 0 0 0 0 0
56 54 0 0 0 0 0 0 0 0 0 0 0 91 73 0 1 0 0 0 0 0 0 0 0 0
61 59 0 0 0 0 0 0 0 0 0 0 0 95 76 0 1 0 0 0 0 0 0 0 0 0
64 62 0 0 0 0 0 0 0 0 0 0 0 101 81 0 1 0 0 0 0 0 0 0 0 0
68 66 0 0 0 0 0 0 0 0 0 0 0 114 87 0 1 0 0 0 0 0 0 0 0 0
73 70 0 0 0 0 0 0 0 0 0 0 0 118 92 0 1 0 0 0 0 0 0 0 0 0
86 75 0 0 0 0 0 0 0 0 0 0 0 121 97 0 1 0 0 0 0 0 0 0 0 0
92 78 0 0 0 0 0 0 0 0 0 0 0 124 101 0 1 0 0 0 0 0 0 0 0 0
95 81 0 0 0 0 0 0 0 0 0 0 0 127 108 0 2 0 0 0 0 0 0 0 0 0
98 85 0 0 0 0 0 0 0 0 0 0 0 132 111 0 2 0 0 0 0 0 0 0 0 0
101 89 0 0 0 0 0 0 0 0 0 0 0 136 115 0 2 0 0 0 0 0 0 0 0 0
107 92 0 0 0 0 0 0 0 0 0 0 0 139 120 0 2 0 0 0 0 0 0 0 0 0
113 96 0 0 0 0 0 0 0 0 0 0 0 142 128 0 2 0 0 0 0 0 0 0 0 0
116 101 0 0 0 0 0 0 0 0 0 0 0 145 131 0 2 0 0 0 0 0 0 0 0 0
119 104 0 0 0 0 0 0 0 0 0 0 0 148 134 0 2 0 0 0 0 0 0 0 0 0
123 109 0 0 0 0 0 0 0 0 0 0 0 151 138 0 2 0 0 0 0 0 0 0 0 0
126 112 0 0 0 0 0 0 0 0 0 0 0 166 141 0 2 0 0 0 0 0 0 0 0 0
131 117 0 0 0 0 0 0 0 0 0 0 0 172 144 0 2 0 0 0 0 0 0 0 0 0
134 120 0 0 0 0 0 0 0 0 0 0 0 175 147 0 2 0 0 0 0 0 0 0 0 0
139 124 0 0 0 0 0 0 0 0 0 0 0 178 150 0 2 0 0 0 0 0 0 0 0 0
143 129 0 0 0 0 0 0 0 0 0 0 0 181 153 0 2 0 0 0 0 0 0 0 0 0
149 132 0 1 0 0 0 0 0 0 0 0 0 184 156 0 2 0 0 0 0 0 0 0 0 0
154 135 0 1 0 0 0 0 0 0 0 0 0 189 160 0 2 0 0 0 0 0 0 0 0 0
157 139 0 1 0 0 0 0 0 0 0 0 0 192 163 0 2 0 0 0 0 0 0 0 0 0
160 143 0 1 0 0 0 0 0 0 0 0 0 197 170 0 2 0 0 0 0 0 0 0 0 0
164 147 0 1 0 0 0 0 0 0 0 0 0 203 175 0 2 0 0 0 0 0 0 0 0 0
170 152 0 1 0 0 0 0 0 0 0 0 0 206 178 0 2 0 0 0 0 0 0 0 0 0
173 156 0 1 0 0 0 0 0 0 0 0 0 209 186 0 2 0 0 0 0 0 0 0 0 0
