# scores for worst/random/best/smart move selector strategies. 
# scores are 50% and 95% quantiles (based on 40 games) of: 
# game score, #destroyed, #unlocked, #stripes, #bombs, #zappers
3 3 0 0 0 0 0 0 0 0 0 0 0 7 7 0 0 0 0 0 0 0 0 0 0 0
9 9 0 0 0 0 0 0 0 0 0 0 0 16 16 0 0 0 0 0 0 0 0 0 0 0
15 15 0 0 0 0 0 0 0 0 0 0 0 55 25 0 1 0 0 0 0 0 0 0 0 0
19 19 0 0 0 0 0 0 0 0 0 0 0 86 32 1 2 0 0 1 0 0 0 0 0 0
25 25 0 0 0 0 0 0 0 0 0 0 0 95 39 1 2 0 0 1 0 0 0 0 0 0
32 30 0 0 0 0 0 0 0 0 0 0 0 131 48 1 2 1 0 1 0 0 0 0 0 0
51 35 0 0 0 0 0 0 0 0 0 0 0 165 61 2 2 1 0 1 0 0 0 0 0 0
66 41 0 1 0 0 0 0 0 0 0 0 0 174 71 2 2 1 1 1 0 0 1 0 0 0
85 48 0 1 0 0 0 0 0 0 0 0 0 178 78 2 3 1 1 1 0 0 1 0 0 0
95 57 0 1 0 0 0 0 0 0 0 0 0 203 84 2 3 1 1 1 0 0 1 0 0 0
101 61 0 1 0 0 0 0 0 0 0 0 0 209 94 2 3 1 1 1 0 0 1 0 0 0
119 67 0 1 0 0 0 0 0 0 0 0 0 234 106 2 4 1 1 1 0 0 1 0 0 0
133 72 1 2 0 0 0 0 0 0 0 0 0 292 119 2 4 1 1 1 0 0 1 0 0 0
162 79 1 2 0 0 0 0 0 0 0 0 0 314 125 4 5 2 1 1 0 0 1 0 0 0
177 90 1 2 0 0 0 0 0 0 0 0 0 376 129 4 6 2 1 1 0 0 1 0 0 0
189 101 1 3 0 0 0 0 0 0 0 0 0 397 138 4 7 2 1 2 0 0 1 0 0 0
203 106 1 3 0 0 0 0 0 0 0 0 0 451 151 5 8 2 1 2 0 0 1 0 0 0
230 117 1 3 0 0 1 0 0 0 0 0 0 512 156 5 12 2 1 2 0 0 1 0 0 0
253 121 1 3 0 0 1 0 0 0 0 0 0 516 161 5 12 2 1 2 0 0 1 0 0 0
263 127 1 3 0 0 1 0 0 0 0 0 0 523 166 5 12 2 1 2 1 0 1 0 0 0
270 134 1 4 0 0 1 0 0 0 0 0 0 526 170 5 12 2 1 2 1 0 1 0 0 0
280 140 1 4 0 0 1 0 0 0 0 0 0 529 175 5 12 2 1 2 1 0 1 0 0 0
288 148 1 4 0 0 1 0 0 0 0 0 0 532 183 5 12 2 1 2 1 0 1 0 0 0
293 153 1 4 0 0 1 0 0 0 0 0 0 538 191 5 12 2 1 2 1 0 1 0 0 0
316 161 1 5 0 0 1 0 0 0 0 0 0 545 201 5 12 2 1 2 1 0 1 0 0 0
328 168 1 5 0 0 1 0 0 0 0 0 0 550 213 5 12 2 1 2 1 0 1 0 0 0
366 180 1 5 0 0 1 0 0 0 0 0 0 555 228 5 12 2 2 2 1 0 2 0 0 0
376 185 2 5 0 0 1 0 0 0 0 0 0 664 236 5 16 2 2 2 1 0 2 1 0 0
387 191 2 6 0 0 1 0 0 0 0 0 0 670 241 5 16 2 2 3 1 0 2 1 0 0
407 197 2 6 1 0 1 0 0 0 0 0 0 683 245 5 16 2 2 3 1 0 2 1 0 0
418 204 2 6 1 0 1 0 0 0 0 0 0 688 255 5 16 2 2 3 1 0 2 1 0 0
425 212 2 6 1 0 1 0 0 0 0 0 0 695 265 5 16 2 2 3 1 0 2 1 0 0
437 218 2 6 1 0 1 0 0 0 0 0 0 735 272 5 16 2 2 3 1 0 2 1 0 0
466 225 2 7 1 0 1 0 0 0 0 0 0 742 280 5 16 2 2 3 1 0 2 1 0 0
480 234 2 7 1 0 1 0 0 0 0 0 0 784 296 5 17 2 2 3 1 0 2 1 0 0
504 239 2 8 1 0 1 0 0 0 0 0 0 817 304 5 18 2 2 3 1 0 2 1 0 0
518 245 2 8 1 0 1 0 0 0 0 0 0 894 307 5 20 2 3 3 1 0 2 1 0 0
529 251 2 8 1 0 1 0 0 0 0 0 0 898 310 5 20 2 3 3 1 0 2 1 0 0
550 260 2 8 1 0 1 0 0 0 0 0 0 1040 325 5 21 3 3 3 1 0 2 1 0 0
554 263 2 8 1 0 1 0 0 0 0 0 0 1046 345 5 21 3 3 3 1 0 2 1 0 0
561 270 2 8 1 0 1 0 0 0 0 0 0 1051 361 5 22 3 3 3 1 0 2 1 0 0
