# scores for worst/random/best/smart move selector strategies. 
# scores are 50% and 95% quantiles (based on 40 games) of: 
# game score, #destroyed, #unlocked, #stripes, #bombs, #zappers
3 3 0 0 0 0 0 0 0 0 0 0 0 7 7 0 0 0 0 0 0 0 0 0 0 0
9 9 0 0 0 0 0 0 0 0 0 0 0 14 14 0 0 0 0 0 0 0 0 0 0 0
12 12 0 0 0 0 0 0 0 0 0 0 0 19 19 0 0 0 0 0 0 0 0 0 0 0
16 16 0 0 0 0 0 0 0 0 0 0 0 25 25 0 0 0 0 0 0 0 0 0 0 0
21 20 0 0 0 0 0 0 0 0 0 0 0 42 31 0 0 0 0 0 0 0 0 0 0 0
24 24 0 0 0 0 0 0 0 0 0 0 0 59 38 0 1 0 0 0 0 0 0 0 0 0
30 29 0 0 0 0 0 0 0 0 0 0 0 70 48 1 1 0 0 0 0 0 0 0 0 0
33 33 0 0 0 0 0 0 0 0 0 0 0 75 52 1 1 0 0 0 0 0 0 0 0 0
39 39 0 0 0 0 0 0 0 0 0 0 0 80 59 1 1 0 0 0 0 0 0 0 0 0
43 42 0 0 0 0 0 0 0 0 0 0 0 97 66 1 1 0 0 0 0 0 0 0 0 0
48 47 0 0 0 0 0 0 0 0 0 0 0 101 69 1 1 0 0 0 0 0 0 0 0 0
54 54 0 0 0 0 0 0 0 0 0 0 0 110 74 1 1 0 0 0 0 0 0 0 0 0
58 57 0 0 0 0 0 0 0 0 0 0 0 148 81 1 2 0 0 0 0 0 0 0 0 0
65 60 0 0 0 0 0 0 0 0 0 0 0 153 90 1 2 1 0 0 0 0 0 0 0 0
75 65 0 0 0 0 0 0 0 0 0 0 0 175 94 1 2 1 0 0 0 0 0 0 0 0
84 72 0 0 0 0 0 0 0 0 0 0 0 182 100 1 2 1 0 0 0 0 0 0 0 0
90 75 0 0 0 0 0 0 0 0 0 0 0 185 106 1 2 1 0 0 0 0 0 0 0 0
94 79 0 0 0 0 0 0 0 0 0 0 0 192 113 1 2 1 0 0 0 0 0 0 0 0
106 84 0 0 0 0 0 0 0 0 0 0 0 196 119 1 2 1 0 0 0 0 0 0 0 0
114 89 0 1 0 0 0 0 0 0 0 0 0 200 127 1 2 1 0 0 0 0 0 0 0 0
120 95 0 1 0 0 0 0 0 0 0 0 0 220 133 1 2 1 0 0 0 0 0 0 0 0
129 100 0 1 0 0 0 0 0 0 0 0 0 252 145 2 2 1 0 0 0 0 0 0 0 0
142 106 0 1 0 0 0 0 0 0 0 0 0 268 149 2 3 1 0 0 0 0 0 0 0 0
151 112 0 1 0 0 0 0 0 0 0 0 0 271 153 2 3 1 0 0 0 0 0 0 0 0
157 121 0 1 0 0 0 0 0 0 0 0 0 325 162 2 3 1 0 0 0 0 0 0 0 0
160 124 0 1 0 0 0 0 0 0 0 0 0 330 171 2 3 1 0 0 0 0 0 0 0 0
167 127 0 1 0 0 0 0 0 0 0 0 0 333 175 2 3 1 0 0 0 0 0 0 0 0
175 131 0 1 0 0 0 0 0 0 0 0 0 336 180 3 3 1 0 0 0 0 0 0 0 0
181 134 0 1 0 0 0 0 0 0 0 0 0 339 183 3 3 1 0 0 0 0 0 0 0 0
193 141 0 2 0 0 0 0 0 0 0 0 0 345 186 3 3 1 0 0 0 0 0 0 0 0
199 147 0 2 0 0 0 0 0 0 0 0 0 348 189 3 3 1 0 0 0 0 0 0 0 0
205 150 0 2 0 0 0 0 0 0 0 0 0 351 192 3 3 1 0 0 0 0 0 0 0 0
212 155 0 2 0 0 0 0 0 0 0 0 0 369 199 3 4 1 0 0 0 0 0 0 0 0
222 160 0 2 0 0 0 0 0 0 0 0 0 423 212 3 5 2 0 0 0 0 0 0 0 0
226 166 0 2 0 0 0 0 0 0 0 0 0 426 217 3 6 2 0 0 0 0 0 0 0 0
230 171 0 2 0 0 0 0 0 0 0 0 0 431 220 3 6 2 0 0 0 0 0 0 0 0
240 176 0 2 0 0 0 0 0 0 0 0 0 434 223 3 6 2 0 0 0 0 0 0 0 0
243 179 0 2 0 0 0 0 0 0 0 0 0 457 230 3 6 2 1 0 0 0 0 0 0 0
251 187 0 2 0 0 0 0 0 0 0 0 0 460 233 3 6 2 1 0 0 0 0 0 0 0
254 195 0 2 0 0 0 0 0 0 0 0 0 467 239 3 6 2 1 0 0 0 0 0 0 0
271 198 0 2 0 0 0 0 0 0 0 0 0 472 242 3 6 2 1 0 0 0 0 0 0 0
