# scores for worst/random/best/smart move selector strategies. 
# scores are 50% and 95% quantiles (based on 40 games) of: 
# game score, #destroyed, #unlocked, #stripes, #bombs, #zappers
3 3 0 0 0 0 0 0 0 0 0 0 0 7 7 0 0 0 0 0 0 0 0 0 0 0
9 9 0 0 0 0 0 0 0 0 0 0 0 12 12 0 0 0 0 0 0 0 0 0 0 0
12 12 0 0 0 0 0 0 0 0 0 0 0 22 22 0 0 0 0 0 0 0 0 0 0 0
16 16 0 0 0 0 0 0 0 0 0 0 0 25 25 0 0 0 0 0 0 0 0 0 0 0
20 20 0 0 0 0 0 0 0 0 0 0 0 35 35 0 0 0 0 0 0 0 0 0 0 0
23 23 0 0 0 0 0 0 0 0 0 0 0 44 42 0 0 0 0 0 0 0 0 0 0 0
27 27 0 0 0 0 0 0 0 0 0 0 0 57 45 0 0 0 0 0 0 0 0 0 0 0
30 30 0 0 0 0 0 0 0 0 0 0 0 62 50 0 0 0 0 0 0 0 0 0 0 0
36 36 0 0 0 0 0 0 0 0 0 0 0 76 53 0 1 0 0 0 0 0 0 0 0 0
39 39 0 0 0 0 0 0 0 0 0 0 0 79 56 0 1 0 0 0 0 0 0 0 0 0
42 42 0 0 0 0 0 0 0 0 0 0 0 82 59 0 1 0 0 0 0 0 0 0 0 0
47 47 0 0 0 0 0 0 0 0 0 0 0 86 62 0 1 0 0 0 0 0 0 0 0 0
51 51 0 0 0 0 0 0 0 0 0 0 0 98 71 0 1 0 0 0 0 0 0 0 0 0
57 57 0 0 0 0 0 0 0 0 0 0 0 103 75 1 1 0 0 0 0 0 0 0 0 0
60 60 0 0 0 0 0 0 0 0 0 0 0 106 80 1 1 0 0 0 0 0 0 0 0 0
66 66 0 0 0 0 0 0 0 0 0 0 0 109 84 1 1 0 0 0 0 0 0 0 0 0
71 69 0 0 0 0 0 0 0 0 0 0 0 125 94 1 1 0 0 0 0 0 0 0 0 0
75 73 0 0 0 0 0 0 0 0 0 0 0 128 99 1 1 0 0 0 0 0 0 0 0 0
78 77 0 0 0 0 0 0 0 0 0 0 0 137 111 1 1 0 0 0 0 0 0 0 0 0
83 81 0 0 0 0 0 0 0 0 0 0 0 144 118 1 1 0 0 0 0 0 0 0 0 0
87 84 0 0 0 0 0 0 0 0 0 0 0 157 121 1 1 1 0 0 0 0 0 0 0 0
96 89 0 0 0 0 0 0 0 0 0 0 0 163 127 1 1 1 0 0 0 0 0 0 0 0
101 93 0 0 0 0 0 0 0 0 0 0 0 166 130 1 1 1 0 0 0 0 0 0 0 0
105 98 0 0 0 0 0 0 0 0 0 0 0 170 134 1 1 1 0 0 0 0 0 0 0 0
110 103 0 0 0 0 0 0 0 0 0 0 0 174 138 1 1 1 0 0 0 0 0 0 0 0
115 108 0 0 0 0 0 0 0 0 0 0 0 195 141 1 1 1 0 0 0 0 0 0 0 0
121 114 0 0 0 0 0 0 0 0 0 0 0 198 144 1 1 1 0 0 0 0 0 0 0 0
124 119 0 0 0 0 0 0 0 0 0 0 0 201 152 1 1 1 0 0 0 0 0 0 0 0
129 122 0 0 0 0 0 0 0 0 0 0 0 204 155 1 1 1 0 0 0 0 0 0 0 0
135 127 0 0 0 0 0 0 0 0 0 0 0 212 162 1 1 1 0 0 0 0 0 0 0 0
140 133 0 0 0 0 0 0 0 0 0 0 0 215 165 1 1 1 0 0 0 0 0 0 0 0
145 136 0 0 0 0 0 0 0 0 0 0 0 218 169 1 1 1 0 0 0 0 0 0 0 0
152 139 0 0 0 0 0 0 0 0 0 0 0 223 175 1 1 1 0 0 0 0 0 0 0 0
156 145 0 0 0 0 0 0 0 0 0 0 0 227 179 1 1 1 0 0 0 0 0 0 0 0
161 148 0 0 0 0 0 0 0 0 0 0 0 234 184 1 2 1 0 0 0 0 0 0 0 0
167 154 0 0 0 0 0 0 0 0 0 0 0 237 187 1 2 1 0 0 0 0 0 0 0 0
171 157 0 0 0 0 0 0 0 0 0 0 0 242 191 1 2 1 0 0 0 0 0 0 0 0
176 160 0 0 0 0 0 0 0 0 0 0 0 245 194 1 2 1 0 0 0 0 0 0 0 0
179 163 0 0 0 0 0 0 0 0 0 0 0 249 201 1 2 1 0 0 0 0 0 0 0 0
186 170 0 0 0 0 0 0 0 0 0 0 0 253 206 1 2 1 0 0 0 0 0 0 0 0
191 175 0 0 0 0 0 0 0 0 0 0 0 259 210 1 2 1 0 0 0 0 0 0 0 0
