# scores for worst/random/best/smart move selector strategies. 
# scores are 50% and 95% quantiles (based on 40 games) of: 
# game score, #destroyed, #unlocked, #stripes, #bombs, #zappers
3 3 0 0 0 0 0 0 0 0 0 0 0 16 16 0 0 0 0 0 0 0 0 0 0 0
9 9 0 0 0 0 0 0 0 0 0 0 0 21 21 0 0 0 0 0 0 0 0 0 0 0
14 14 0 0 0 0 0 0 0 0 0 0 0 40 27 0 1 0 0 0 0 0 0 0 0 0
19 18 0 0 0 0 0 0 0 0 0 0 0 86 34 0 2 0 0 1 0 0 0 0 0 0
25 25 0 0 0 0 0 0 0 0 0 0 0 92 38 0 2 0 0 1 0 0 0 0 0 0
29 28 0 0 0 0 0 0 0 0 0 0 0 97 42 0 2 0 0 1 0 0 0 0 0 0
38 32 0 0 0 0 0 0 0 0 0 0 0 127 54 0 3 0 0 1 0 0 0 0 0 0
45 38 0 0 0 0 0 0 0 0 0 0 0 137 63 0 3 0 0 1 0 0 0 0 0 0
65 44 0 1 0 0 0 0 0 0 0 0 0 164 73 0 3 1 0 1 0 0 0 0 0 0
74 50 0 1 0 0 0 0 0 0 0 0 0 173 77 0 3 1 0 1 0 0 0 0 0 0
82 55 0 1 0 0 0 0 0 0 0 0 0 200 82 0 3 1 1 1 0 0 0 0 0 0
101 62 0 1 0 0 0 0 0 0 0 0 0 362 98 0 9 1 1 1 0 0 1 0 0 0
110 67 0 1 0 0 0 0 0 0 0 0 0 368 106 0 9 1 1 1 0 0 1 0 0 0
139 76 0 2 0 0 0 0 0 0 0 0 0 401 111 0 10 1 1 1 0 0 1 0 0 0
156 82 0 3 0 0 0 0 0 0 0 0 0 406 117 0 10 1 1 1 0 0 1 0 0 0
177 92 0 3 0 0 0 0 0 0 0 0 0 487 123 0 14 1 1 1 0 0 1 1 0 0
186 98 0 3 0 0 0 0 0 0 0 0 0 493 130 0 14 1 1 1 0 0 1 1 0 0
194 101 0 3 0 0 0 0 0 0 0 0 0 561 146 0 15 1 1 1 0 0 1 1 0 0
211 111 0 3 0 0 1 0 0 0 0 0 0 599 153 0 16 1 1 2 0 0 1 1 0 0
224 115 0 3 0 0 1 0 0 0 0 0 0 657 167 0 18 1 1 2 0 0 1 1 0 0
248 126 0 4 0 0 1 0 0 0 0 0 0 664 176 0 18 1 1 2 0 0 1 1 0 0
259 136 0 4 0 0 1 0 0 0 0 0 0 668 188 0 18 1 1 2 0 0 1 1 0 0
305 142 0 5 0 0 1 0 0 0 0 0 0 676 196 0 18 1 1 2 0 0 1 1 0 0
315 151 0 5 0 0 1 0 0 0 0 0 0 761 220 0 18 2 1 2 1 0 1 1 0 0
323 157 0 5 0 0 1 0 0 0 0 0 0 765 225 0 18 2 1 2 1 0 1 1 0 0
327 161 0 5 0 0 1 0 0 0 0 0 0 770 232 0 18 2 1 2 1 0 1 1 0 0
353 168 0 6 0 0 1 0 0 0 0 0 0 775 235 0 18 2 1 2 1 0 1 1 0 0
359 174 0 6 0 0 1 0 0 0 0 0 0 792 241 0 19 2 1 2 1 0 1 1 0 0
363 184 0 6 0 0 1 0 0 0 0 0 0 795 245 0 19 2 1 2 1 0 1 1 0 0
385 189 0 7 0 0 1 0 0 0 0 0 0 833 259 0 19 2 1 2 1 0 1 1 0 0
430 201 0 7 0 0 1 0 0 0 0 0 0 858 262 0 19 3 1 2 1 0 1 1 0 0
445 204 0 7 0 0 1 0 0 0 0 0 0 901 266 0 20 3 1 3 1 0 1 1 0 0
450 210 0 7 0 0 1 0 0 0 0 0 0 904 271 0 20 3 2 3 1 0 1 1 0 0
459 217 0 8 1 0 1 0 0 0 0 0 0 907 275 0 20 3 2 3 1 0 1 1 0 0
497 229 0 8 1 0 1 0 0 0 0 0 0 912 299 0 20 3 2 3 1 0 1 1 0 0
504 234 0 8 1 0 1 0 0 0 0 0 0 919 303 0 20 3 2 3 1 0 1 1 0 0
520 237 0 8 1 0 1 0 0 0 0 0 0 933 306 0 20 3 2 3 1 0 2 1 0 0
533 242 0 8 1 0 1 0 0 0 0 0 0 938 311 0 20 3 2 3 1 0 2 1 0 0
585 252 0 9 1 0 1 0 0 0 0 0 0 944 314 0 20 3 2 3 1 0 2 1 0 0
592 259 0 9 1 0 1 0 0 0 0 0 0 947 317 0 20 3 2 3 1 0 2 1 0 0
605 265 0 10 1 0 1 0 0 0 0 0 0 966 320 0 20 3 2 3 1 0 2 1 0 0
