# scores for worst/random/best/smart move selector strategies. 
# scores are 50% and 95% quantiles (based on 40 games) of: 
# game score, #destroyed, #unlocked, #stripes, #bombs, #zappers
4 4 0 0 0 0 0 0 0 0 0 0 0 23 23 0 0 0 0 0 0 0 0 0 0 0
9 9 0 0 0 0 0 0 0 0 0 0 0 26 26 0 0 0 0 0 0 0 0 0 0 0
12 12 0 0 0 0 0 0 0 0 0 0 0 41 31 0 0 0 0 0 0 0 0 0 0 0
18 18 0 0 0 0 0 0 0 0 0 0 0 68 46 0 1 0 0 0 0 0 0 0 0 0
24 24 0 0 0 0 0 0 0 0 0 0 0 76 53 0 1 0 0 0 0 0 0 0 0 0
31 30 0 0 0 0 0 0 0 0 0 0 0 83 57 0 1 0 0 0 0 0 0 0 0 0
38 35 0 0 0 0 0 0 0 0 0 0 0 88 61 1 1 0 0 0 0 0 0 0 0 0
43 41 0 0 0 0 0 0 0 0 0 0 0 93 66 1 1 0 0 0 0 0 0 0 0 0
50 45 0 0 0 0 0 0 0 0 0 0 0 96 70 1 1 0 0 0 0 0 0 0 0 0
55 52 0 0 0 0 0 0 0 0 0 0 0 100 73 1 1 0 0 0 0 0 0 0 0 0
63 57 0 0 0 0 0 0 0 0 0 0 0 105 81 1 1 0 0 0 0 0 0 0 0 0
70 62 0 0 0 0 0 0 0 0 0 0 0 109 90 1 1 0 0 0 0 0 0 0 0 0
73 67 0 0 0 0 0 0 0 0 0 0 0 155 106 1 1 1 0 0 0 0 0 0 0 0
81 71 0 0 0 0 0 0 0 0 0 0 0 158 109 1 1 1 0 0 0 0 0 0 0 0
87 76 0 0 0 0 0 0 0 0 0 0 0 161 112 1 1 1 0 0 0 0 0 0 0 0
96 80 0 0 0 0 0 0 0 0 0 0 0 165 120 1 1 1 0 0 0 0 0 0 0 0
99 84 0 0 0 0 0 0 0 0 0 0 0 168 123 1 2 1 0 0 0 0 0 0 0 0
102 91 0 0 0 0 0 0 0 0 0 0 0 171 127 1 2 1 0 0 0 0 0 0 0 0
111 97 0 0 0 0 0 0 0 0 0 0 0 176 133 1 2 1 0 0 0 0 0 0 0 0
118 100 0 1 0 0 0 0 0 0 0 0 0 185 140 1 2 1 0 0 0 0 0 0 0 0
123 103 0 1 0 0 0 0 0 0 0 0 0 188 143 1 2 1 0 0 0 0 0 0 0 0
129 109 0 1 0 0 0 0 0 0 0 0 0 191 146 1 2 1 0 0 0 0 0 0 0 0
132 115 0 1 0 0 0 0 0 0 0 0 0 204 151 1 2 1 0 0 0 0 0 0 0 0
136 118 0 1 0 0 0 0 0 0 0 0 0 209 154 1 2 1 0 0 0 0 0 0 0 0
151 123 0 1 0 0 0 0 0 0 0 0 0 214 163 1 2 1 0 0 0 0 0 0 0 0
154 127 0 1 0 0 0 0 0 0 0 0 0 227 166 1 2 1 0 0 0 0 0 0 0 0
158 130 0 1 0 0 0 0 0 0 0 0 0 230 169 1 2 1 0 0 0 0 0 0 0 0
161 135 0 1 0 0 0 0 0 0 0 0 0 233 172 1 2 1 0 0 0 0 0 0 0 0
168 141 0 1 0 0 0 0 0 0 0 0 0 240 175 1 2 1 0 0 0 0 0 0 0 0
171 145 0 1 0 0 0 0 0 0 0 0 0 243 178 1 2 1 0 0 0 0 0 0 0 0
174 151 0 1 0 0 0 0 0 0 0 0 0 248 181 1 2 1 0 0 0 0 0 0 0 0
179 155 0 1 0 0 0 0 0 0 0 0 0 251 185 1 2 1 0 0 0 0 0 0 0 0
186 158 0 1 0 0 0 0 0 0 0 0 0 255 190 1 2 1 0 0 0 0 0 0 0 0
195 162 0 1 0 0 0 0 0 0 0 0 0 262 196 1 3 1 0 0 0 0 0 0 0 0
198 166 0 1 0 0 0 0 0 0 0 0 0 268 201 1 3 1 0 0 0 0 0 0 0 0
205 171 0 1 0 0 0 0 0 0 0 0 0 272 204 1 3 1 0 0 0 0 0 0 0 0
208 175 0 1 0 0 0 0 0 0 0 0 0 295 211 1 3 1 0 0 0 0 0 0 0 0
213 179 0 1 0 0 0 0 0 0 0 0 0 303 219 1 3 1 0 0 0 0 0 0 0 0
218 182 0 1 0 0 0 0 0 0 0 0 0 306 225 1 3 1 0 0 0 0 0 0 0 0
230 189 0 1 0 0 0 0 0 0 0 0 0 309 229 1 3 1 0 0 0 0 0 0 0 0
236 192 0 1 0 0 0 0 0 0 0 0 0 312 232 1 3 1 0 0 0 0 0 0 0 0
