# scores for worst/random/best/smart move selector strategies. 
# scores are 50% and 95% quantiles (based on 40 games) of: 
# game score, #destroyed, #unlocked, #stripes, #bombs, #zappers
6 6 0 0 0 0 0 0 0 0 0 0 0 38 27 0 0 0 0 0 0 0 0 0 0 0
19 17 0 0 0 0 0 0 0 0 0 0 0 439 172 2 3 4 1 0 0 0 0 0 0 0
39 33 0 0 0 0 0 0 0 0 0 0 0 984 342 6 7 8 3 0 0 0 1 0 0 0
159 72 0 2 0 0 0 0 0 0 0 0 0 1769 593 6 23 14 4 1 1 0 2 0 0 0
304 124 1 3 1 0 0 0 0 0 0 0 0 2399 696 11 24 18 5 1 1 0 2 1 0 0
460 188 3 5 2 0 0 0 0 0 0 0 0 2865 852 12 32 21 7 1 1 0 2 1 0 0
803 272 3 8 4 1 0 0 0 1 0 0 0 3210 964 12 39 26 11 1 1 1 3 1 1 1
1115 378 4 10 6 2 0 0 0 1 0 0 0 3942 1164 12 45 42 13 2 1 1 3 1 1 1
1439 459 4 12 11 3 0 0 0 1 0 0 0 4185 1217 13 46 45 13 2 2 1 3 1 2 1
1548 493 4 15 11 4 0 1 0 1 0 0 0 4574 1279 13 47 51 15 2 2 1 3 1 2 1
1735 586 4 20 12 4 0 1 0 1 0 0 0 5075 1483 13 50 53 16 2 2 1 4 1 2 1
2062 675 4 24 15 6 0 1 0 2 0 0 0 5501 1566 13 52 54 17 2 2 1 5 1 2 1
2841 791 4 28 18 6 0 1 0 2 0 0 0 6327 1681 13 68 71 19 2 2 1 5 2 2 1
2942 851 4 29 23 6 0 1 0 2 0 0 0 7262 1839 13 72 76 23 2 2 1 6 2 2 1
3210 927 4 37 26 7 0 1 0 2 1 0 0 7286 1898 13 82 78 23 2 3 2 6 2 2 1
3891 1064 4 41 29 8 0 1 0 2 1 0 0 7716 1947 13 85 79 23 2 3 2 6 2 2 1
4217 1137 4 45 32 9 0 1 0 3 1 0 0 8490 2150 13 109 93 26 2 3 2 6 3 2 1
4646 1269 4 49 41 10 1 1 0 3 1 1 0 8839 2322 13 112 96 27 2 3 2 6 3 2 1
5051 1342 4 52 48 11 1 1 1 4 1 1 0 9497 2541 13 114 96 28 2 3 2 6 3 3 1
5195 1380 4 52 49 12 1 2 1 4 1 1 0 10231 2685 13 117 103 31 2 3 2 6 3 3 1
5487 1453 4 58 58 13 1 2 1 4 1 1 0 11542 3072 13 124 115 33 2 3 2 7 3 3 2
6193 1600 4 62 61 14 1 2 1 5 1 1 0 12152 3169 13 124 115 35 2 3 2 7 3 3 2
6980 1727 4 69 69 17 1 2 1 5 1 1 0 12376 3267 13 128 124 35 3 3 2 7 3 4 2
7037 1808 4 72 71 18 1 2 1 5 1 1 0 13619 3461 13 131 141 40 3 4 2 8 3 4 2
7779 1934 4 73 73 19 1 2 1 5 1 1 0 13835 3565 13 134 142 41 3 4 2 9 3 4 2
8245 2072 4 77 81 21 1 2 1 5 1 1 0 14306 3659 13 143 145 43 3 4 3 9 3 4 2
8650 2247 4 81 83 21 1 2 1 5 2 1 0 15104 3724 13 143 146 45 3 4 3 9 3 4 2
8710 2288 4 86 88 22 1 2 1 5 2 2 0 15117 3783 13 147 153 45 3 4 3 9 3 5 2
9128 2371 4 87 91 23 1 3 1 6 2 2 0 15919 3833 13 149 154 46 3 4 3 9 3 5 2
9416 2448 4 93 94 24 1 3 1 6 2 2 0 16067 3893 13 152 155 46 3 4 3 9 3 5 2
9697 2476 4 93 96 24 1 3 1 6 2 2 0 16305 3972 13 164 160 48 3 5 3 10 4 5 2
9968 2566 4 94 98 24 1 3 1 6 2 2 0 16747 4016 13 164 162 48 3 5 3 10 4 5 2
10165 2649 4 98 101 25 1 3 1 6 2 2 1 16958 4247 13 164 168 52 4 5 3 10 4 5 2
10637 2795 4 100 107 26 1 3 1 6 2 2 1 17724 4400 13 164 174 52 4 5 3 11 4 5 2
10812 2900 4 106 107 26 1 3 1 7 2 2 1 17936 4484 13 168 176 53 4 6 3 11 4 5 3
11115 2929 4 110 112 27 1 3 1 7 2 2 1 18193 4533 13 169 183 53 4 6 3 11 4 5 3
11903 3151 4 117 115 29 1 3 2 7 2 2 1 18658 4721 13 170 195 58 4 6 3 12 4 6 3
12726 3356 4 118 117 30 1 3 2 7 2 2 1 18724 4778 13 175 216 59 4 6 3 12 4 6 3
12750 3430 4 124 117 32 1 3 2 8 2 2 1 19640 4863 13 177 230 60 4 6 3 12 4 6 3
13483 3469 4 126 120 36 2 3 2 8 2 2 1 19797 4949 13 183 231 61 4 6 3 13 4 6 3
14192 3600 4 128 123 37 2 3 2 8 2 2 1 19930 5033 13 185 234 62 5 6 4 13 4 6 3
