# scores for worst/random/best/smart move selector strategies. 
# scores are 50% and 95% quantiles (based on 40 games) of: 
# game score, #destroyed, #unlocked, #stripes, #bombs, #zappers
6 6 0 0 0 0 0 0 0 0 0 0 0 38 27 0 0 0 0 0 0 0 0 0 0 0
15 15 0 0 0 0 0 0 0 0 0 0 0 144 69 2 2 0 0 0 0 0 0 0 0 0
24 24 0 0 0 0 0 0 0 0 0 0 0 251 130 3 3 1 1 0 0 0 1 0 0 0
43 42 0 0 0 0 0 0 0 0 0 0 0 535 211 3 6 3 1 0 0 0 1 0 0 0
83 60 0 0 0 0 0 0 0 0 0 0 0 867 290 5 6 6 1 0 0 0 1 0 0 0
107 70 0 1 0 0 0 0 0 0 0 0 0 1491 480 5 13 18 4 0 0 0 1 0 0 0
146 95 0 1 0 0 0 0 0 0 0 0 0 1610 577 6 13 19 6 0 0 0 1 0 0 0
251 121 0 2 1 0 0 0 0 0 0 0 0 1712 626 6 13 20 6 0 0 0 1 0 0 0
380 186 1 3 2 0 0 0 0 0 0 0 0 1766 639 6 13 21 7 0 0 0 1 0 0 0
399 200 1 3 3 1 0 0 0 0 0 0 0 1968 676 6 15 22 7 0 0 0 1 0 0 0
590 255 2 4 4 1 0 0 0 0 0 0 0 2016 697 6 15 22 7 0 0 0 1 0 0 0
726 298 2 6 5 1 0 0 0 0 0 0 0 3078 951 6 22 26 11 0 0 0 2 0 0 0
898 368 2 7 5 2 0 0 0 0 0 0 0 3116 982 7 22 29 11 0 0 0 2 0 0 0
1034 390 2 7 6 2 0 0 0 0 0 0 0 3133 999 7 23 29 11 0 0 0 2 0 0 0
1072 440 3 7 6 2 0 0 0 0 0 0 0 3451 1093 7 24 30 14 0 1 0 2 0 0 0
1126 471 3 8 8 2 0 0 0 0 0 0 0 3837 1227 7 26 34 14 0 1 0 2 0 0 0
1157 490 3 9 9 2 0 0 0 0 0 0 0 3841 1233 8 27 34 14 0 1 0 2 0 0 0
1639 622 3 13 12 2 0 0 0 0 0 0 0 4333 1392 8 31 36 16 0 1 0 2 0 0 0
1781 642 3 13 13 3 0 0 0 0 0 0 0 4411 1433 8 31 36 16 0 1 0 2 0 0 0
1788 645 3 15 13 3 0 0 0 0 0 0 0 4636 1481 8 32 37 16 0 1 0 2 0 0 0
1995 695 3 16 14 3 0 0 0 1 0 0 0 4643 1488 8 32 38 16 0 1 0 2 0 0 0
2035 737 3 16 17 4 0 0 0 1 0 0 0 4651 1496 8 33 38 17 0 1 0 2 0 0 0
2223 820 3 18 18 4 0 0 0 1 0 0 0 4654 1499 8 35 38 17 0 1 0 2 0 0 0
2227 859 3 18 18 4 0 0 0 1 0 0 0 5427 1715 8 38 44 20 0 1 0 3 0 0 0
2234 868 3 19 19 4 0 0 0 1 0 0 0 5988 1901 8 41 45 27 0 1 0 3 0 0 0
2265 880 3 19 19 4 0 0 0 1 0 0 0 6068 1928 8 42 45 27 0 1 0 3 0 0 0
2355 897 3 19 20 5 0 0 0 1 0 0 0 6324 1967 8 44 47 34 0 1 0 3 0 0 0
2575 950 3 20 20 5 0 0 0 1 0 0 0 6361 1980 8 47 52 34 0 1 0 3 0 0 0
2712 1002 3 21 21 7 0 0 0 1 0 0 0 6366 1985 8 47 52 34 0 1 0 3 0 0 1
2793 1023 3 22 21 7 0 0 0 1 0 0 0 6392 1994 8 47 52 34 0 1 0 3 0 0 1
2807 1032 3 22 21 7 0 0 0 1 0 0 0 6406 2008 8 47 52 34 0 1 0 3 0 0 1
3020 1090 3 23 23 8 0 0 0 1 0 0 0 6436 2112 8 49 52 34 0 1 0 3 0 0 1
3187 1117 3 25 26 9 0 0 0 1 0 0 0 6445 2121 8 50 54 34 1 1 0 3 0 0 1
3267 1160 3 26 26 9 0 0 0 1 0 0 0 6806 2333 8 50 56 34 1 1 0 4 0 0 1
3272 1188 3 27 26 10 0 0 0 1 0 0 0 7055 2447 8 52 56 34 1 1 1 4 0 0 1
3546 1207 3 27 27 10 0 0 0 1 0 0 0 7059 2451 8 53 58 34 1 1 1 4 0 0 1
4268 1396 3 31 31 10 0 0 0 1 0 0 0 7077 2469 8 55 58 34 1 1 1 4 0 0 1
4368 1501 3 35 31 10 0 0 0 2 0 0 0 7250 2524 8 56 60 34 1 1 1 4 0 0 1
4457 1507 3 35 31 10 0 0 0 2 0 0 0 7259 2533 8 56 60 34 1 1 1 4 0 0 1
4595 1583 3 37 32 10 0 0 0 2 0 0 0 7286 2541 8 57 66 34 1 1 1 4 1 1 1
4607 1636 3 38 36 10 0 0 0 2 0 0 0 7852 2615 8 64 71 34 1 1 1 4 1 1 1
