# scores for worst/random/best/smart move selector strategies. 
# scores are 50% and 95% quantiles (based on 40 games) of: 
# game score, #destroyed, #unlocked, #stripes, #bombs, #zappers
6 6 0 0 0 0 0 0 0 0 0 0 0 38 27 0 0 0 0 0 0 0 0 0 0 0
12 12 0 0 0 0 0 0 0 0 0 0 0 60 34 0 1 0 0 0 0 0 0 0 0 0
22 22 0 0 0 0 0 0 0 0 0 0 0 121 76 1 1 0 0 0 0 0 0 0 0 0
28 28 0 0 0 0 0 0 0 0 0 0 0 179 95 3 2 1 0 0 0 0 0 0 0 0
41 41 0 0 0 0 0 0 0 0 0 0 0 253 125 3 2 1 0 0 0 0 0 0 0 0
65 51 0 0 0 0 0 0 0 0 0 0 0 260 137 3 3 1 0 0 0 0 0 0 0 0
76 63 0 0 0 0 0 0 0 0 0 0 0 334 166 3 3 2 0 0 0 0 0 0 0 0
117 79 0 0 0 0 0 0 0 0 0 0 0 1167 393 3 6 9 2 0 0 0 0 0 0 0
129 89 0 1 0 0 0 0 0 0 0 0 0 1191 405 4 8 9 2 0 0 0 0 0 0 0
170 103 1 1 1 0 0 0 0 0 0 0 0 1727 604 4 12 16 4 0 0 0 0 0 0 0
206 132 1 1 1 0 0 0 0 0 0 0 0 1734 612 5 12 16 4 0 0 0 0 0 0 0
235 148 2 2 1 0 0 0 0 0 0 0 0 1741 637 5 12 16 5 0 0 0 0 0 0 0
251 153 2 2 1 0 0 0 0 0 0 0 0 1747 640 5 12 16 5 0 0 0 0 0 0 0
308 187 2 2 2 0 0 0 0 0 0 0 0 1750 643 5 12 16 5 0 0 0 0 0 0 0
311 197 2 2 2 0 0 0 0 0 0 0 0 1770 662 5 13 16 5 0 0 0 0 0 0 0
326 207 2 3 2 0 0 0 0 0 0 0 0 1794 672 5 13 17 5 0 0 0 0 0 0 0
342 216 2 3 3 0 0 0 0 0 0 0 0 1878 682 5 13 18 5 0 0 0 0 0 0 0
373 237 2 3 3 0 0 0 0 0 0 0 0 2030 699 5 14 19 7 0 0 0 0 0 0 0
420 247 2 3 3 0 0 0 0 0 0 0 0 2063 716 5 16 19 7 0 0 0 0 0 0 0
678 336 2 5 4 0 0 0 0 0 0 0 0 2071 756 5 16 19 7 0 0 0 0 0 0 0
752 369 2 5 5 0 0 0 0 0 0 0 0 2121 786 6 17 19 7 0 0 0 0 0 0 0
804 383 2 6 6 1 0 0 0 0 0 0 0 2402 916 6 17 22 7 0 0 0 0 0 0 0
853 405 2 7 6 1 0 0 0 0 0 0 0 2904 963 6 17 25 10 0 0 0 0 0 0 0
875 417 2 7 6 1 0 0 0 0 0 0 0 2990 984 6 17 27 10 0 0 0 0 0 0 0
896 430 2 8 6 1 0 0 0 0 0 0 0 3031 991 6 17 27 10 0 0 0 0 0 0 0
965 442 3 8 7 2 0 0 0 0 0 0 0 3034 994 7 18 27 10 0 0 0 0 0 0 0
997 450 3 8 7 2 0 0 0 0 0 0 0 3039 1000 7 18 27 10 0 0 0 0 0 0 0
1003 457 3 8 7 2 0 0 0 0 0 0 0 3069 1010 7 18 27 10 0 0 0 0 0 0 0
1093 513 3 9 8 2 0 0 0 0 0 0 0 3170 1053 7 18 27 10 0 0 0 0 0 0 0
1156 526 3 9 8 2 0 0 0 0 0 0 0 3382 1211 7 24 30 11 0 0 0 0 0 0 0
1159 532 3 9 8 2 0 0 0 0 0 0 0 3459 1247 7 24 31 11 0 0 0 0 0 0 0
1223 535 3 10 9 2 0 0 0 0 0 0 0 3562 1299 7 24 31 11 0 0 0 0 0 0 0
1346 562 3 11 10 2 0 0 0 0 0 0 0 3571 1311 7 27 31 11 0 0 0 0 0 0 0
1349 586 3 11 10 2 0 0 0 0 0 0 0 3583 1320 7 27 31 11 0 0 0 0 0 0 0
1367 606 3 11 10 3 0 0 0 0 0 0 0 3661 1344 7 27 31 12 0 0 0 0 0 0 0
1479 645 3 12 10 3 0 0 0 0 0 0 0 3664 1347 7 27 31 12 0 0 0 0 0 0 0
1541 679 3 13 10 3 0 0 0 0 0 0 0 3836 1416 7 28 32 12 0 0 0 0 0 0 0
1639 703 3 13 12 3 0 0 0 0 0 0 0 3841 1423 7 29 32 12 0 0 0 0 0 0 0
1647 706 3 13 12 3 0 0 0 0 0 0 0 3859 1435 7 29 33 12 0 0 0 0 0 0 0
1723 712 3 14 13 3 0 0 0 0 0 0 0 4734 1678 7 34 40 14 0 0 0 0 0 0 0
1746 742 3 15 14 3 0 0 0 0 0 0 0 4914 1727 7 34 41 14 0 0 0 0 0 0 0
