# scores for worst/random/best/smart move selector strategies. 
# scores are 50% and 95% quantiles (based on 40 games) of: 
# game score, #destroyed, #unlocked, #stripes, #bombs, #zappers
3 3 0 0 0 0 0 0 0 0 0 0 0 11 11 0 0 0 0 0 0 0 0 0 0 0
9 9 0 0 0 0 0 0 0 0 0 0 0 15 15 0 0 0 0 0 0 0 0 0 0 0
13 13 0 0 0 0 0 0 0 0 0 0 0 20 20 0 0 0 0 0 0 0 0 0 0 0
17 17 0 0 0 0 0 0 0 0 0 0 0 41 26 0 0 0 0 0 0 0 0 0 0 0
20 20 0 0 0 0 0 0 0 0 0 0 0 48 32 0 1 0 0 0 0 0 0 0 0 0
24 23 0 0 0 0 0 0 0 0 0 0 0 59 41 0 1 0 0 0 0 0 0 0 0 0
28 27 0 0 0 0 0 0 0 0 0 0 0 65 49 0 1 0 0 0 0 0 0 0 0 0
31 31 0 0 0 0 0 0 0 0 0 0 0 126 59 1 1 1 0 0 0 0 0 0 0 0
38 37 0 0 0 0 0 0 0 0 0 0 0 231 72 8 4 1 0 0 1 0 0 0 0 0
44 41 0 0 0 0 0 0 0 0 0 0 0 349 87 9 7 2 0 1 1 0 0 0 0 0
51 45 0 0 0 0 0 0 0 0 0 0 0 414 106 9 8 2 0 1 1 0 0 0 0 0
57 52 0 0 0 0 0 0 0 0 0 0 0 420 112 9 8 2 0 1 1 0 0 0 0 0
65 56 0 0 0 0 0 0 0 0 0 0 0 473 130 9 8 2 0 1 1 0 0 0 0 0
72 60 0 1 0 0 0 0 0 0 0 0 0 493 135 10 9 2 0 1 1 0 0 0 0 0
86 65 0 1 0 0 0 0 0 0 0 0 0 497 138 11 9 2 0 1 1 0 0 0 0 0
117 71 0 1 0 0 0 0 0 0 0 0 0 500 141 11 10 2 0 2 1 0 0 0 0 0
154 79 1 3 0 0 0 0 0 0 0 0 0 503 147 11 10 2 0 2 1 0 0 0 0 0
178 89 2 3 0 0 0 0 0 0 0 0 0 529 154 11 11 2 1 2 1 0 1 0 0 0
182 93 2 3 0 0 0 0 0 0 0 0 0 548 162 11 11 3 1 2 1 0 1 0 0 0
247 99 2 4 1 0 0 0 0 0 0 0 0 551 166 11 11 3 1 2 1 0 1 0 0 0
372 117 2 7 2 0 0 0 0 0 0 0 0 558 172 11 11 3 1 2 1 0 1 0 0 0
408 125 2 7 2 0 0 0 0 0 0 0 0 561 178 11 11 3 1 2 1 0 1 0 0 0
411 128 3 7 2 0 0 0 0 0 0 0 0 566 181 11 11 3 1 2 1 0 1 0 0 0
425 138 5 7 2 0 0 0 0 0 0 0 0 589 186 11 11 3 1 2 1 0 1 0 0 0
441 143 5 8 2 0 0 0 0 0 0 0 0 592 191 11 11 3 1 2 1 0 1 0 0 0
449 148 5 8 2 0 0 0 0 0 0 0 0 612 195 11 12 3 1 2 1 0 1 0 0 0
454 151 5 8 2 0 0 0 0 0 0 0 0 615 200 11 12 3 1 2 1 0 1 0 0 0
475 157 5 8 2 0 0 0 0 0 0 0 0 620 205 11 12 3 1 2 1 0 1 0 0 0
489 164 5 8 2 0 0 0 0 0 0 0 0 626 208 11 12 3 1 2 1 0 1 0 0 0
492 168 5 8 2 0 0 0 0 0 0 0 0 657 213 11 12 3 1 2 1 0 1 0 0 0
495 172 5 9 2 0 0 0 0 0 0 0 0 663 217 11 13 3 1 2 1 0 1 0 0 0
506 176 6 9 2 0 0 0 0 0 0 0 0 676 222 11 13 3 1 2 1 0 1 0 0 0
509 181 6 9 2 0 0 0 0 0 0 0 0 700 231 11 13 3 1 2 2 0 1 0 0 0
519 186 6 9 2 0 1 0 0 0 0 0 0 706 236 11 13 3 1 2 2 0 1 0 0 0
522 189 6 9 2 0 1 0 0 0 0 0 0 710 241 11 13 3 1 2 2 0 1 0 0 0
541 195 6 9 2 0 1 0 0 0 0 0 0 713 244 11 13 3 1 2 2 0 1 0 0 0
554 208 6 10 2 0 1 1 0 0 0 0 0 717 247 11 13 3 1 2 2 0 1 0 0 0
565 212 6 10 2 0 1 1 0 0 0 0 0 734 254 11 13 3 1 2 2 0 1 0 0 0
572 224 7 10 2 0 1 1 0 0 0 0 0 754 275 11 14 3 1 2 2 0 1 0 0 0
597 227 7 10 2 0 1 1 0 0 0 0 0 757 281 11 14 3 1 2 2 0 1 0 0 0
600 231 7 10 2 0 1 1 0 0 0 0 0 798 285 11 15 3 1 2 2 0 1 0 0 0
