# scores for worst/random/best/smart move selector strategies. 
# scores are 50% and 95% quantiles (based on 40 games) of: 
# game score, #destroyed, #unlocked, #stripes, #bombs, #zappers
0 0 0 0 0 0 0 0 0 0 0 0 0 7 7 0 0 0 0 0 0 0 0 0 0 0
6 6 0 0 0 0 0 0 0 0 0 0 0 12 12 0 0 0 0 0 0 0 0 0 0 0
9 9 0 0 0 0 0 0 0 0 0 0 0 61 19 0 1 0 0 0 0 0 0 0 0 0
14 14 0 0 0 0 0 0 0 0 0 0 0 110 38 0 2 1 0 1 0 0 0 0 0 0
21 19 0 0 0 0 0 0 0 0 0 0 0 239 62 1 4 2 0 1 1 0 0 0 0 0
36 23 0 0 0 0 0 0 0 0 0 0 0 342 92 2 6 2 0 1 2 0 0 0 0 0
51 28 0 1 0 0 0 0 0 0 0 0 0 388 98 3 7 3 1 1 2 0 1 0 0 0
58 36 0 1 0 0 0 0 0 0 0 0 0 393 106 3 7 3 1 1 2 0 1 0 0 0
113 44 0 1 0 0 0 0 0 0 0 0 0 397 111 5 7 3 1 1 2 1 1 0 0 0
150 58 0 2 1 0 0 0 0 0 0 0 0 405 120 5 8 3 1 1 2 1 1 0 0 0
245 83 0 3 1 0 0 0 0 0 0 0 0 446 130 5 8 3 1 1 2 1 1 0 0 0
284 96 1 5 2 0 0 0 0 0 0 0 0 465 141 5 9 3 1 2 2 1 1 0 0 0
325 104 1 6 2 0 0 0 0 0 0 0 0 474 149 5 9 4 1 2 2 1 1 0 0 0
330 112 1 6 2 0 0 0 0 0 0 0 0 481 156 5 9 4 1 2 2 1 1 0 0 0
348 118 1 6 2 0 0 0 0 0 0 0 0 492 168 5 10 4 1 2 2 1 1 0 0 0
352 125 1 6 2 0 0 0 0 0 0 0 0 511 172 5 10 4 1 2 2 1 1 0 0 0
357 131 1 6 2 0 0 0 0 0 0 0 0 549 179 5 10 4 1 2 2 1 1 0 0 0
424 141 1 7 2 0 1 1 0 0 0 0 0 557 187 5 10 4 1 2 2 1 1 0 0 0
457 147 1 7 2 0 1 1 0 0 0 0 0 563 192 5 10 4 1 2 2 1 1 0 0 0
470 152 1 7 2 0 1 1 0 0 0 0 0 582 195 5 11 4 1 2 2 1 1 0 0 0
474 157 1 7 2 0 1 1 0 0 0 0 0 599 201 5 11 4 1 2 2 1 1 0 0 0
478 163 1 7 2 0 1 1 0 0 0 0 0 664 213 5 12 4 1 2 2 1 1 0 0 0
488 168 1 8 2 0 1 1 0 0 0 0 0 668 217 5 12 4 1 2 2 1 1 0 0 0
496 177 1 9 2 0 1 1 0 0 0 0 0 683 220 5 12 4 1 2 2 1 1 0 0 0
509 183 1 9 2 0 1 1 0 0 0 0 0 690 226 5 13 4 1 2 2 1 1 0 0 0
513 186 1 9 2 0 1 1 0 0 0 0 0 712 232 5 13 4 1 2 2 1 1 0 0 0
555 195 2 9 2 0 1 1 0 0 0 0 0 718 239 6 13 4 1 3 2 1 1 0 0 0
577 198 2 9 2 0 1 1 0 0 0 0 0 723 245 6 13 4 2 3 2 1 2 0 0 0
590 207 2 9 2 0 1 1 0 0 0 0 0 731 249 6 13 4 2 3 2 1 2 0 0 0
599 215 2 9 2 0 1 1 0 0 0 0 0 759 253 6 13 4 2 3 2 1 2 0 0 0
612 220 2 10 2 0 1 1 0 0 0 0 0 764 260 6 13 4 2 3 2 1 2 0 0 0
625 225 2 10 2 0 1 1 0 0 0 0 0 769 264 6 13 4 2 3 2 1 2 0 0 0
654 235 2 10 2 0 1 1 0 0 0 0 0 798 272 6 13 4 2 3 2 1 2 0 0 0
662 243 2 11 2 0 1 1 0 0 0 0 0 803 276 6 14 4 2 4 2 1 2 0 0 0
677 252 2 11 2 0 1 1 0 0 0 0 0 849 295 6 15 4 2 4 2 1 2 0 0 0
692 259 2 11 2 0 1 1 0 0 0 0 0 855 306 6 15 4 2 4 2 1 2 0 0 0
696 266 2 12 2 0 1 1 0 0 0 0 0 864 311 6 15 4 2 4 2 1 2 0 0 0
718 276 2 12 2 0 1 1 0 0 0 0 0 887 320 6 15 4 2 4 2 1 2 0 0 0
734 282 2 12 3 0 2 1 0 0 0 0 0 897 323 6 15 4 3 4 2 1 3 0 0 0
744 289 2 12 3 0 2 1 0 0 0 0 0 938 329 6 16 4 3 4 2 1 3 0 0 0
754 294 2 12 3 1 2 1 0 1 0 0 0 953 337 6 16 4 3 4 2 1 3 0 0 0
