# scores for worst/random/best/smart move selector strategies. 
# scores are 50% and 95% quantiles (based on 40 games) of: 
# game score, #destroyed, #unlocked, #stripes, #bombs, #zappers
3 3 0 0 0 0 0 0 0 0 0 0 0 11 11 0 0 0 0 0 0 0 0 0 0 0
6 6 0 0 0 0 0 0 0 0 0 0 0 14 14 0 0 0 0 0 0 0 0 0 0 0
10 10 0 0 0 0 0 0 0 0 0 0 0 18 18 0 0 0 0 0 0 0 0 0 0 0
13 13 0 0 0 0 0 0 0 0 0 0 0 24 24 0 0 0 0 0 0 0 0 0 0 0
16 16 0 0 0 0 0 0 0 0 0 0 0 29 29 0 0 0 0 0 0 0 0 0 0 0
19 19 0 0 0 0 0 0 0 0 0 0 0 36 36 0 0 0 0 0 0 0 0 0 0 0
23 23 0 0 0 0 0 0 0 0 0 0 0 52 39 0 0 0 0 0 0 0 0 0 0 0
27 27 0 0 0 0 0 0 0 0 0 0 0 55 42 0 0 0 0 0 0 0 0 0 0 0
31 31 0 0 0 0 0 0 0 0 0 0 0 65 45 0 1 0 0 0 0 0 0 0 0 0
34 34 0 0 0 0 0 0 0 0 0 0 0 72 48 0 1 0 0 0 0 0 0 0 0 0
37 37 0 0 0 0 0 0 0 0 0 0 0 75 53 0 1 0 0 0 0 0 0 0 0 0
42 42 0 0 0 0 0 0 0 0 0 0 0 92 58 0 1 0 0 0 0 0 0 0 0 0
45 44 0 0 0 0 0 0 0 0 0 0 0 97 62 0 1 0 0 0 0 0 0 0 0 0
48 48 0 0 0 0 0 0 0 0 0 0 0 106 72 2 2 0 0 0 0 0 0 0 0 0
51 51 0 0 0 0 0 0 0 0 0 0 0 115 78 2 2 0 0 0 0 0 0 0 0 0
55 55 0 0 0 0 0 0 0 0 0 0 0 121 81 2 2 0 0 0 0 0 0 0 0 0
60 60 0 0 0 0 0 0 0 0 0 0 0 124 86 2 2 0 0 0 0 0 0 0 0 0
63 63 0 0 0 0 0 0 0 0 0 0 0 133 90 2 2 0 0 0 0 0 0 0 0 0
66 66 0 0 0 0 0 0 0 0 0 0 0 139 95 2 2 0 0 0 0 0 0 0 0 0
69 69 0 0 0 0 0 0 0 0 0 0 0 144 100 2 2 0 0 0 0 0 0 0 0 0
72 72 0 0 0 0 0 0 0 0 0 0 0 147 103 2 2 0 0 0 0 0 0 0 0 0
77 76 0 0 0 0 0 0 0 0 0 0 0 190 106 4 2 0 0 0 0 0 0 0 0 0
81 80 0 0 0 0 0 0 0 0 0 0 0 193 109 4 2 0 0 0 0 0 0 0 0 0
85 84 0 0 0 0 0 0 0 0 0 0 0 241 124 5 2 1 0 0 0 0 0 0 0 0
88 87 0 0 0 0 0 0 0 0 0 0 0 244 127 5 2 1 0 0 0 0 0 0 0 0
96 91 0 0 0 0 0 0 0 0 0 0 0 247 130 5 2 1 0 0 0 0 0 0 0 0
102 95 0 0 0 0 0 0 0 0 0 0 0 252 135 5 2 1 0 0 0 0 0 0 0 0
105 98 0 0 0 0 0 0 0 0 0 0 0 301 138 5 4 2 0 0 0 0 0 0 0 0
108 103 0 0 0 0 0 0 0 0 0 0 0 304 142 5 4 2 0 0 0 0 0 0 0 0
111 107 0 0 0 0 0 0 0 0 0 0 0 307 148 5 4 2 0 0 0 0 0 0 0 0
115 111 0 0 0 0 0 0 0 0 0 0 0 311 150 5 4 2 0 0 0 0 0 0 0 0
118 117 0 0 0 0 0 0 0 0 0 0 0 343 158 5 5 2 0 0 0 0 0 0 0 0
123 119 0 0 0 0 0 0 0 0 0 0 0 346 161 5 5 2 0 0 0 0 0 0 0 0
132 123 0 0 0 0 0 0 0 0 0 0 0 349 164 5 5 2 0 0 0 0 0 0 0 0
142 126 0 1 0 0 0 0 0 0 0 0 0 353 170 5 5 2 0 0 0 0 0 0 0 0
153 132 0 1 0 0 0 0 0 0 0 0 0 358 173 5 5 2 0 0 0 0 0 0 0 0
168 135 0 1 0 0 0 0 0 0 0 0 0 361 176 5 5 2 0 0 0 0 0 0 0 0
171 138 0 1 0 0 0 0 0 0 0 0 0 364 179 5 5 2 0 0 0 0 0 0 0 0
176 141 0 1 0 0 0 0 0 0 0 0 0 367 182 5 5 2 0 0 0 0 0 0 0 0
182 144 0 1 0 0 0 0 0 0 0 0 0 370 190 5 5 2 0 0 0 0 0 0 0 0
189 148 0 1 0 0 0 0 0 0 0 0 0 393 195 5 5 2 0 0 0 0 0 0 0 0
