# scores for worst/random/best/smart move selector strategies. 
# scores are 50% and 95% quantiles (based on 40 games) of: 
# game score, #destroyed, #unlocked, #stripes, #bombs, #zappers
0 0 0 0 0 0 0 0 0 0 0 0 0 9 9 0 0 0 0 0 0 0 0 0 0 0
6 6 0 0 0 0 0 0 0 0 0 0 0 15 15 0 0 0 0 0 0 0 0 0 0 0
10 10 0 0 0 0 0 0 0 0 0 0 0 24 24 0 0 0 0 0 0 0 0 0 0 0
15 15 0 0 0 0 0 0 0 0 0 0 0 27 27 0 0 0 0 0 0 0 0 0 0 0
21 21 0 0 0 0 0 0 0 0 0 0 0 40 31 0 0 0 0 0 0 0 0 0 0 0
24 24 0 0 0 0 0 0 0 0 0 0 0 45 39 0 1 0 0 0 0 0 0 0 0 0
30 28 0 0 0 0 0 0 0 0 0 0 0 48 42 0 1 0 0 0 0 0 0 0 0 0
33 33 0 0 0 0 0 0 0 0 0 0 0 56 47 0 1 0 0 0 0 0 0 0 0 0
39 36 0 0 0 0 0 0 0 0 0 0 0 59 52 0 1 0 0 0 0 0 0 0 0 0
42 42 0 0 0 0 0 0 0 0 0 0 0 72 57 0 1 0 0 0 0 0 0 0 0 0
48 46 0 0 0 0 0 0 0 0 0 0 0 79 63 0 1 0 0 0 0 0 0 0 0 0
54 51 0 0 0 0 0 0 0 0 0 0 0 94 67 0 1 0 0 0 0 0 0 0 0 0
57 55 0 0 0 0 0 0 0 0 0 0 0 100 77 0 1 0 0 0 0 0 0 0 0 0
62 59 0 0 0 0 0 0 0 0 0 0 0 103 81 0 1 0 0 0 0 0 0 0 0 0
66 62 0 0 0 0 0 0 0 0 0 0 0 107 85 0 1 0 0 0 0 0 0 0 0 0
70 66 0 0 0 0 0 0 0 0 0 0 0 117 89 0 1 0 0 0 0 0 0 0 0 0
74 71 0 0 0 0 0 0 0 0 0 0 0 128 95 0 1 0 0 0 0 0 0 0 0 0
83 76 0 0 0 0 0 0 0 0 0 0 0 133 100 0 1 1 0 0 0 0 0 0 0 0
86 79 0 0 0 0 0 0 0 0 0 0 0 138 103 0 1 1 0 0 0 0 0 0 0 0
96 83 0 0 0 0 0 0 0 0 0 0 0 144 110 0 1 1 0 0 0 0 0 0 0 0
102 89 0 0 0 0 0 0 0 0 0 0 0 147 114 0 1 1 0 0 0 0 0 0 0 0
105 93 0 0 0 0 0 0 0 0 0 0 0 153 118 0 1 1 0 0 0 0 0 0 0 0
112 98 0 0 0 0 0 0 0 0 0 0 0 162 121 0 2 1 0 0 0 0 0 0 0 0
115 105 0 0 0 0 0 0 0 0 0 0 0 165 124 0 2 1 0 0 0 0 0 0 0 0
122 108 0 0 0 0 0 0 0 0 0 0 0 170 129 0 2 1 0 0 0 0 0 0 0 0
128 111 0 0 0 0 0 0 0 0 0 0 0 175 134 0 2 1 0 0 0 0 0 0 0 0
133 115 0 0 0 0 0 0 0 0 0 0 0 178 139 0 2 1 0 0 0 0 0 0 0 0
136 119 0 0 0 0 0 0 0 0 0 0 0 181 142 0 2 1 0 0 0 0 0 0 0 0
141 125 0 0 0 0 0 0 0 0 0 0 0 189 145 0 2 1 0 0 0 0 0 0 0 0
146 129 0 0 0 0 0 0 0 0 0 0 0 192 150 0 2 1 0 0 0 0 0 0 0 0
151 132 0 1 0 0 0 0 0 0 0 0 0 206 154 0 2 1 0 0 0 0 0 0 0 0
158 136 0 1 0 0 0 0 0 0 0 0 0 209 157 0 2 1 0 0 0 0 0 0 0 0
173 141 0 1 0 0 0 0 0 0 0 0 0 212 160 0 2 1 0 0 0 0 0 0 0 0
181 144 0 1 0 0 0 0 0 0 0 0 0 215 165 0 2 1 0 0 0 0 0 0 0 0
185 152 0 1 0 0 0 0 0 0 0 0 0 222 168 0 3 1 0 0 0 0 0 0 0 0
188 155 0 1 0 0 0 0 0 0 0 0 0 225 171 0 3 1 0 0 0 0 0 0 0 0
191 160 0 1 0 0 0 0 0 0 0 0 0 230 176 0 3 1 0 0 0 0 0 0 0 0
196 165 0 1 0 0 0 0 0 0 0 0 0 245 184 0 3 1 0 0 0 0 0 0 0 0
199 168 0 1 0 0 0 0 0 0 0 0 0 248 187 0 3 1 0 0 0 0 0 0 0 0
204 173 0 1 0 0 0 0 0 0 0 0 0 271 193 0 3 1 0 0 0 0 0 0 0 0
207 177 0 1 0 0 0 0 0 0 0 0 0 274 196 0 3 1 0 0 0 0 0 0 0 0
