# scores for worst/random/best/smart move selector strategies. 
# scores are 50% and 95% quantiles (based on 40 games) of: 
# game score, #destroyed, #unlocked, #stripes, #bombs, #zappers
3 3 0 0 0 0 0 0 0 0 0 0 0 9 9 0 0 0 0 0 0 0 0 0 0 0
6 6 0 0 0 0 0 0 0 0 0 0 0 44 22 0 0 0 0 0 0 0 0 0 0 0
11 11 0 0 0 0 0 0 0 0 0 0 0 47 26 0 0 0 0 0 0 0 0 0 0 0
15 15 0 0 0 0 0 0 0 0 0 0 0 58 29 0 1 0 0 0 0 0 0 0 0 0
18 18 0 0 0 0 0 0 0 0 0 0 0 61 32 0 1 0 0 0 0 0 0 0 0 0
25 24 0 0 0 0 0 0 0 0 0 0 0 66 37 0 1 0 0 0 0 0 0 0 0 0
30 28 0 0 0 0 0 0 0 0 0 0 0 71 42 0 1 0 0 0 0 0 0 0 0 0
36 33 0 0 0 0 0 0 0 0 0 0 0 93 49 1 1 0 0 0 0 0 0 0 0 0
40 38 0 0 0 0 0 0 0 0 0 0 0 98 53 2 1 0 0 0 0 0 0 0 0 0
48 42 0 0 0 0 0 0 0 0 0 0 0 120 62 5 2 0 1 0 0 0 0 0 0 0
54 46 0 0 0 0 0 0 0 0 0 0 0 139 70 5 2 0 1 0 0 0 1 0 0 0
68 53 0 0 0 0 0 0 0 0 0 0 0 155 74 5 2 0 1 1 0 0 1 0 0 0
78 57 0 0 0 0 0 0 0 0 0 0 0 289 87 7 6 1 1 1 0 0 1 0 0 0
93 60 0 1 0 0 0 0 0 0 0 0 0 306 96 7 6 1 1 1 0 0 1 0 0 0
105 67 0 1 0 0 0 0 0 0 0 0 0 314 106 7 6 1 1 1 0 0 1 0 0 0
114 75 0 1 0 0 0 0 0 0 0 0 0 318 111 7 6 1 1 1 0 0 1 0 0 0
123 79 2 1 0 0 0 0 0 0 0 0 0 323 117 7 6 1 1 1 0 0 1 0 0 0
140 85 2 2 0 0 0 0 0 0 0 0 0 338 125 10 6 1 1 1 0 0 1 0 0 0
152 91 2 2 0 0 0 0 0 0 0 0 0 346 137 15 6 1 1 1 0 0 1 0 0 0
173 100 3 2 0 0 0 0 0 0 0 0 0 432 152 15 8 1 1 1 1 0 1 0 0 0
186 111 3 2 0 0 0 0 0 0 0 0 0 437 162 15 8 1 1 2 1 0 1 0 0 0
199 116 3 2 0 0 0 0 0 0 0 0 0 441 175 15 8 1 1 2 1 0 1 0 0 0
213 126 3 3 0 0 0 0 0 0 0 0 0 445 180 15 8 1 1 2 1 0 1 0 0 0
224 130 3 3 0 0 0 0 0 0 0 0 0 450 183 15 8 1 1 2 1 0 1 0 0 0
257 135 4 3 0 0 0 0 0 0 0 0 0 556 196 15 9 2 1 2 1 0 1 0 0 0
277 139 4 3 0 0 0 0 0 0 0 0 0 577 217 16 10 2 1 2 1 0 1 0 0 0
283 147 4 3 0 0 0 0 0 0 0 0 0 586 225 16 10 2 1 2 1 0 1 0 0 0
294 153 5 4 0 0 0 0 0 0 0 0 0 590 229 16 10 2 1 2 1 0 1 0 0 0
299 159 5 4 0 0 0 0 0 0 0 0 0 657 236 16 10 2 1 2 1 0 1 0 0 0
312 165 5 4 0 0 0 0 0 0 0 0 0 660 239 16 10 2 1 2 1 0 1 0 0 0
340 174 5 4 0 0 0 0 0 0 0 0 0 695 257 16 12 2 1 2 1 0 1 0 0 0
346 183 5 4 0 0 0 0 0 0 0 0 0 700 264 16 12 2 1 2 1 0 1 0 0 0
352 189 5 4 0 0 0 0 0 0 0 0 0 704 269 16 12 2 1 2 1 0 1 0 0 0
364 196 5 5 0 0 0 0 0 0 0 0 0 713 277 17 13 2 1 2 1 0 1 0 0 0
375 206 5 5 0 0 0 0 0 0 0 0 0 717 282 17 13 2 2 2 1 0 1 0 0 0
391 210 5 5 0 0 0 0 0 0 0 0 0 762 285 17 13 2 2 2 1 0 1 0 0 0
415 216 5 5 0 0 1 0 0 0 0 0 0 777 293 17 13 2 2 2 1 0 2 0 0 0
422 223 5 5 0 0 1 0 0 0 0 0 0 790 316 18 13 3 2 2 1 0 2 0 0 0
427 230 5 5 1 0 1 0 0 0 0 0 0 794 321 18 13 3 2 2 1 0 2 0 0 0
441 235 6 5 1 0 1 0 0 0 0 0 0 843 327 18 14 3 2 3 1 0 2 0 0 0
462 246 6 6 1 0 1 0 0 0 0 0 0 856 335 18 14 3 2 3 1 0 2 0 0 0
