# scores for worst/random/best/smart move selector strategies. 
# scores are 50% and 95% quantiles (based on 40 games) of: 
# game score, #destroyed, #unlocked, #stripes, #bombs, #zappers
3 3 0 0 0 0 0 0 0 0 0 0 0 9 9 0 0 0 0 0 0 0 0 0 0 0
6 6 0 0 0 0 0 0 0 0 0 0 0 44 22 0 0 0 0 0 0 0 0 0 0 0
11 11 0 0 0 0 0 0 0 0 0 0 0 50 28 0 0 0 0 0 0 0 0 0 0 0
15 15 0 0 0 0 0 0 0 0 0 0 0 60 33 0 0 0 0 0 0 0 0 0 0 0
18 18 0 0 0 0 0 0 0 0 0 0 0 64 38 0 1 0 0 0 0 0 0 0 0 0
27 25 0 0 0 0 0 0 0 0 0 0 0 69 41 0 1 0 0 0 0 0 0 0 0 0
33 31 0 0 0 0 0 0 0 0 0 0 0 81 49 1 1 0 0 0 0 0 0 0 0 0
36 35 0 0 0 0 0 0 0 0 0 0 0 84 55 1 1 0 0 0 0 0 0 0 0 0
48 40 0 0 0 0 0 0 0 0 0 0 0 112 59 6 2 0 0 1 0 0 0 0 0 0
57 45 0 0 0 0 0 0 0 0 0 0 0 139 72 6 2 0 1 1 0 0 1 0 0 0
77 49 0 1 0 0 0 0 0 0 0 0 0 180 92 17 2 1 1 1 1 0 1 0 0 0
84 55 0 1 0 0 0 0 0 0 0 0 0 198 97 17 3 1 1 1 1 0 1 0 0 0
99 64 0 1 0 0 0 0 0 0 0 0 0 213 105 17 3 1 1 1 1 0 1 0 0 0
122 70 0 1 0 0 0 0 0 0 0 0 0 249 116 17 4 1 1 1 1 0 1 0 0 0
125 75 0 1 0 0 0 0 0 0 0 0 0 255 123 18 4 1 1 1 1 0 1 0 0 0
143 82 2 1 0 0 0 0 0 0 0 0 0 289 145 18 5 1 1 1 1 0 1 0 0 0
171 91 2 2 0 0 0 0 0 0 0 0 0 361 151 18 5 2 1 1 1 0 1 0 0 0
183 98 2 2 0 0 0 0 0 0 0 0 0 368 161 18 5 2 1 1 1 0 1 0 0 0
201 104 3 2 0 0 0 0 0 0 0 0 0 416 181 18 6 2 1 1 1 0 1 0 0 0
218 113 3 3 0 0 0 0 0 0 0 0 0 437 186 18 6 2 1 1 1 0 1 0 0 0
238 118 3 3 0 0 0 0 0 0 0 0 0 476 198 18 7 2 1 1 1 0 1 0 0 0
248 129 4 3 0 0 0 0 0 0 0 0 0 534 214 18 8 3 1 2 1 0 1 0 0 0
280 140 4 3 0 0 0 0 0 0 0 0 0 543 221 18 9 3 1 2 1 0 1 0 0 0
330 146 4 4 1 0 0 0 0 0 0 0 0 555 232 18 10 3 1 2 1 0 1 0 0 0
340 156 4 4 1 0 0 0 0 0 0 0 0 636 256 18 11 3 2 2 1 0 1 0 0 0
359 162 4 4 1 0 0 0 0 0 0 0 0 800 267 18 18 3 2 2 1 0 1 1 0 0
401 179 5 5 1 0 0 0 0 0 0 0 0 831 275 18 18 3 2 2 1 1 2 1 0 0
410 187 5 5 1 0 0 0 0 0 0 0 0 838 284 20 18 3 2 2 1 1 2 1 0 0
420 201 5 5 1 0 0 0 0 0 0 0 0 898 303 20 19 3 2 2 1 1 2 1 0 0
438 212 5 5 1 1 0 0 0 1 0 0 0 939 321 20 19 3 2 2 1 1 2 1 0 0
478 220 6 5 1 1 0 0 0 1 0 0 0 945 328 20 20 3 3 2 1 1 3 1 0 0
485 234 6 6 1 1 1 0 0 1 0 0 0 980 338 20 20 3 3 3 1 1 3 1 0 0
527 244 7 6 1 1 1 0 0 1 0 0 0 985 349 20 21 3 3 3 1 1 3 1 0 0
546 265 7 6 2 1 1 0 0 1 0 0 0 993 360 20 21 4 3 3 1 1 3 1 0 0
551 271 7 7 2 1 1 0 0 1 0 0 0 1022 370 20 21 4 3 3 1 1 3 1 0 0
597 281 7 7 2 1 1 0 0 1 0 0 0 1067 380 20 22 4 3 3 2 1 3 1 0 0
613 289 7 8 2 1 1 0 0 1 0 0 0 1076 398 20 22 4 3 3 2 1 3 1 0 0
638 296 7 8 2 1 1 0 0 1 0 0 0 1123 410 20 22 4 4 3 2 1 4 1 0 0
668 304 7 8 2 1 1 0 0 1 0 0 0 1136 426 20 23 4 4 3 2 1 4 1 0 0
684 314 7 8 2 1 1 0 0 1 0 0 0 1230 437 20 25 4 4 3 2 1 4 1 0 0
691 321 7 8 2 1 1 0 0 1 0 0 0 1263 451 20 26 4 4 3 2 1 4 1 0 0
