# scores for worst/random/best/smart move selector strategies. 
# scores are 50% and 95% quantiles (based on 40 games) of: 
# game score, #destroyed, #unlocked, #stripes, #bombs, #zappers
0 0 0 0 0 0 0 0 0 0 0 0 0 7 7 0 0 0 0 0 0 0 0 0 0 0
3 3 0 0 0 0 0 0 0 0 0 0 0 15 15 0 0 0 0 0 0 0 0 0 0 0
9 9 0 0 0 0 0 0 0 0 0 0 0 21 21 0 0 0 0 0 0 0 0 0 0 0
15 15 0 0 0 0 0 0 0 0 0 0 0 35 33 0 0 0 0 0 0 0 0 0 0 0
18 18 0 0 0 0 0 0 0 0 0 0 0 57 41 0 1 0 0 0 0 0 0 0 0 0
22 22 0 0 0 0 0 0 0 0 0 0 0 72 51 1 1 0 0 0 0 0 0 0 0 0
27 27 0 0 0 0 0 0 0 0 0 0 0 101 63 3 1 0 0 0 0 0 0 0 0 0
37 34 0 0 0 0 0 0 0 0 0 0 0 150 72 6 2 0 0 0 0 0 0 0 0 0
51 42 0 0 0 0 0 0 0 0 0 0 0 172 92 7 3 1 0 0 0 0 0 0 0 0
72 48 0 0 0 0 0 0 0 0 0 0 0 296 121 17 5 1 1 1 1 0 1 0 0 0
82 55 0 0 0 0 0 0 0 0 0 0 0 614 173 17 6 3 1 1 1 0 1 0 0 0
90 63 2 1 0 0 0 0 0 0 0 0 0 632 192 17 6 3 2 1 1 0 1 0 0 0
120 69 2 1 0 0 0 0 0 0 0 0 0 745 215 17 7 3 2 1 1 0 1 0 0 0
138 80 2 1 0 0 0 0 0 0 0 0 0 782 271 19 9 3 2 1 1 0 1 0 0 0
164 95 2 1 0 0 0 0 0 0 0 0 0 860 297 21 12 4 2 1 1 0 1 0 0 0
196 106 3 2 0 0 0 0 0 0 0 0 0 883 308 23 12 4 2 1 1 0 2 0 0 0
228 117 5 2 0 0 0 0 0 0 0 0 0 931 324 23 14 5 2 1 1 0 2 0 0 0
248 138 5 3 0 0 0 0 0 0 0 0 0 965 329 23 18 5 2 1 1 0 2 1 0 0
305 158 8 3 1 0 0 0 0 0 0 0 0 970 337 23 18 5 2 1 1 0 2 1 0 0
340 172 8 4 1 1 0 0 0 0 0 0 0 979 343 23 18 5 2 2 1 0 2 1 0 0
386 187 10 5 1 1 0 0 0 0 0 0 0 1309 399 23 24 6 3 2 1 0 3 1 0 0
435 205 10 5 1 1 1 0 0 1 0 0 0 1391 442 25 27 7 3 2 1 0 3 1 0 0
460 228 11 6 1 1 1 0 0 1 0 0 0 1398 451 25 27 7 3 2 1 0 3 1 0 0
501 241 11 7 1 1 1 0 0 1 0 0 0 1405 464 25 27 7 3 2 1 0 3 1 0 0
507 249 11 7 1 1 1 0 0 1 0 0 0 1435 472 25 27 7 3 2 2 0 3 1 0 0
545 260 12 7 1 1 1 0 0 1 0 0 0 1441 482 25 30 7 4 2 2 0 3 1 0 0
562 272 12 7 2 1 1 0 0 1 0 0 0 1671 501 25 33 8 4 2 2 0 3 1 0 0
711 306 12 8 2 2 1 0 0 1 0 0 0 1706 515 25 35 11 4 2 2 0 3 1 0 0
728 318 12 9 2 2 1 0 0 1 0 0 0 1712 521 25 35 11 4 2 2 0 3 1 0 0
778 342 13 10 2 2 1 0 0 1 0 0 0 1938 551 25 39 11 4 2 2 0 3 1 0 0
840 373 13 10 2 2 1 0 0 1 0 0 0 1984 578 25 41 11 5 2 2 0 4 1 0 0
882 391 13 11 3 2 1 0 0 1 0 0 0 2072 607 25 49 11 6 3 2 0 4 2 0 0
938 401 13 12 3 2 1 0 0 1 0 0 0 2113 622 25 51 15 6 3 2 0 4 2 1 0
959 415 13 13 3 2 1 1 0 1 0 0 0 2120 636 26 51 15 6 3 2 0 4 2 1 0
1023 434 13 13 3 2 1 1 0 1 0 0 0 2153 656 26 51 16 6 3 2 0 4 2 1 0
1032 441 14 13 3 2 1 1 0 1 0 0 0 2285 674 26 52 16 6 3 2 0 4 2 1 0
1133 449 14 16 3 2 1 1 0 2 0 0 0 2324 691 26 52 16 6 3 2 0 4 2 1 0
1182 456 14 16 3 2 1 1 0 2 0 0 0 2350 719 26 52 18 7 3 2 0 4 2 1 0
1202 472 14 16 3 2 2 1 0 2 0 0 0 2360 725 26 53 18 7 3 2 0 4 2 1 0
1229 483 14 16 3 3 2 1 0 2 0 0 0 2443 750 26 55 18 7 3 2 0 4 2 1 0
1265 487 14 17 4 3 2 1 0 2 0 0 0 2468 763 26 57 18 7 3 2 1 4 2 1 0
