# scores for worst/random/best/smart move selector strategies. 
# scores are 50% and 95% quantiles (based on 40 games) of: 
# game score, #destroyed, #unlocked, #stripes, #bombs, #zappers
0 0 0 0 0 0 0 0 0 0 0 0 0 7 7 0 0 0 0 0 0 0 0 0 0 0
3 3 0 0 0 0 0 0 0 0 0 0 0 13 13 0 0 0 0 0 0 0 0 0 0 0
9 9 0 0 0 0 0 0 0 0 0 0 0 21 21 0 0 0 0 0 0 0 0 0 0 0
12 12 0 0 0 0 0 0 0 0 0 0 0 30 29 0 0 0 0 0 0 0 0 0 0 0
21 21 0 0 0 0 0 0 0 0 0 0 0 70 41 1 1 0 0 0 0 0 0 0 0 0
27 27 0 0 0 0 0 0 0 0 0 0 0 87 61 2 1 1 0 0 0 0 0 0 0 0
33 33 0 0 0 0 0 0 0 0 0 0 0 94 64 2 2 1 0 0 0 0 0 0 0 0
40 39 0 0 0 0 0 0 0 0 0 0 0 113 72 2 2 1 0 0 0 0 0 0 0 0
48 46 0 0 0 0 0 0 0 0 0 0 0 147 98 3 2 1 0 0 0 0 0 0 0 0
51 49 0 0 0 0 0 0 0 0 0 0 0 203 101 6 2 2 0 0 0 0 0 0 0 0
66 55 0 0 0 0 0 0 0 0 0 0 0 212 117 6 2 2 0 0 0 0 0 0 0 0
95 65 1 0 0 0 0 0 0 0 0 0 0 216 122 6 2 2 0 0 0 0 0 0 0 0
105 70 1 1 0 0 0 0 0 0 0 0 0 219 130 7 3 2 1 0 0 0 1 0 0 0
112 77 1 1 0 0 0 0 0 0 0 0 0 222 142 7 3 2 1 0 0 0 1 0 0 0
124 86 1 1 0 0 0 0 0 0 0 0 0 380 177 7 3 2 1 0 0 0 1 0 0 0
146 92 1 1 0 0 0 0 0 0 0 0 0 383 182 7 3 2 1 0 0 0 1 0 0 0
154 101 1 1 0 0 0 0 0 0 0 0 0 386 185 7 3 2 1 0 0 0 1 0 0 0
164 104 2 1 0 0 0 0 0 0 0 0 0 394 193 11 3 2 1 0 0 0 1 0 0 0
172 113 2 1 0 0 0 0 0 0 0 0 0 399 202 13 4 2 1 0 0 0 1 0 0 0
181 123 2 1 0 0 0 0 0 0 0 0 0 413 211 14 4 2 1 0 0 0 1 0 0 0
190 127 2 2 0 0 0 0 0 0 0 0 0 467 224 14 4 2 1 0 0 0 1 0 0 0
201 134 2 2 0 0 0 0 0 0 0 0 0 472 229 14 4 2 1 0 0 0 1 0 0 0
207 138 3 2 0 0 0 0 0 0 0 0 0 487 236 14 4 2 1 0 0 0 1 0 0 0
228 146 3 2 0 0 0 0 0 0 0 0 0 499 247 14 4 3 1 0 0 0 1 0 0 0
259 159 3 2 0 0 0 0 0 0 0 0 0 502 250 14 5 3 1 1 0 0 1 0 0 0
274 170 4 3 1 0 0 0 0 0 0 0 0 508 258 14 5 3 1 1 0 0 1 0 0 0
283 175 4 3 1 0 0 0 0 0 0 0 0 584 276 15 5 4 1 1 0 0 1 0 0 0
300 186 5 3 1 0 0 0 0 0 0 0 0 613 290 15 6 4 1 1 0 0 1 0 0 0
331 200 5 3 1 0 0 0 0 0 0 0 0 618 299 16 7 4 1 1 0 0 1 0 0 0
347 206 5 3 1 0 0 0 0 0 0 0 0 622 307 16 7 4 1 1 0 0 1 0 0 0
359 213 5 3 1 0 0 0 0 0 0 0 0 636 314 16 7 4 1 1 0 0 1 0 0 0
372 221 5 4 1 0 0 0 0 0 0 0 0 639 334 17 7 4 1 1 1 0 1 0 0 0
386 227 5 4 1 0 0 0 0 0 0 0 0 744 358 17 7 4 1 1 1 0 1 0 0 0
395 234 6 4 1 0 0 0 0 0 0 0 0 747 368 17 8 4 1 1 1 0 1 0 0 0
401 243 6 4 1 0 0 0 0 0 0 0 0 753 372 17 8 4 1 1 1 0 1 0 0 0
420 264 6 4 1 0 0 0 0 0 0 0 0 761 378 17 8 4 1 1 1 0 1 0 0 0
430 267 6 5 1 0 0 0 0 0 0 0 0 796 400 17 9 5 1 1 1 0 1 0 0 0
481 274 6 5 1 1 0 0 0 0 0 0 0 847 407 17 9 5 2 1 1 0 1 0 0 0
524 293 7 5 2 1 0 0 0 0 0 0 0 874 423 17 9 5 2 1 1 0 2 0 0 0
528 298 7 5 2 1 0 0 0 0 0 0 0 879 429 17 9 5 2 1 1 0 2 0 0 0
548 311 8 6 2 1 0 0 0 0 0 0 0 903 445 17 10 5 2 1 1 0 2 0 0 0
