# scores for worst/random/best/smart move selector strategies. 
# scores are 50% and 95% quantiles (based on 40 games) of: 
# game score, #destroyed, #unlocked, #stripes, #bombs, #zappers
14 14 0 0 0 0 0 0 0 0 0 0 0 210 102 0 1 1 0 0 0 0 0 0 0 0
72 40 0 1 0 0 0 0 0 0 0 0 0 886 292 7 11 11 2 1 0 0 1 0 0 0
189 86 1 2 1 0 0 0 0 0 0 0 0 1974 623 7 16 19 7 1 0 0 1 0 1 0
509 189 3 5 3 1 0 0 0 0 0 0 0 2137 660 8 24 20 7 1 1 1 2 1 1 0
1068 271 4 9 8 2 0 0 0 1 0 0 0 2781 819 8 32 32 10 1 1 1 2 1 1 1
1329 379 4 11 11 3 0 0 0 1 0 0 0 3610 958 10 37 41 11 1 1 1 3 1 1 1
1524 437 5 13 12 4 0 0 0 1 0 0 0 4964 1330 11 52 54 18 1 1 1 3 1 2 1
1844 565 5 16 14 5 0 0 0 1 0 0 0 5547 1481 11 58 57 21 1 1 1 3 2 2 1
2704 762 6 21 21 6 0 0 0 2 0 0 0 5589 1525 11 63 60 21 1 2 1 4 2 2 1
2999 896 6 26 23 7 0 0 0 2 0 0 0 6179 1574 11 68 72 23 1 2 1 4 2 2 1
3190 1021 6 28 32 8 0 0 0 2 0 0 0 6735 1652 11 71 74 24 1 2 1 4 2 2 1
3890 1098 6 30 33 10 0 0 0 2 0 1 0 7435 1815 11 82 82 25 2 2 1 5 2 2 1
4216 1175 6 33 37 10 0 0 0 2 0 1 0 7816 1923 11 94 88 25 2 2 2 5 3 2 1
4903 1354 6 36 40 13 0 0 0 3 0 1 0 8068 2031 15 102 88 26 2 2 2 5 3 2 1
5365 1433 6 37 45 13 0 1 0 3 0 1 0 8136 2072 15 113 92 28 2 3 2 6 3 2 1
5860 1549 6 44 50 15 1 1 0 3 1 1 0 8783 2321 15 117 94 32 2 3 2 7 3 3 2
6102 1632 6 49 55 16 1 1 0 3 1 1 0 8867 2396 15 119 98 33 2 3 2 7 3 3 2
6290 1727 6 54 64 17 1 1 1 4 1 1 0 9636 2486 15 120 100 35 2 3 2 7 3 3 2
7133 1792 6 57 72 18 1 1 1 4 1 1 0 10646 2678 15 120 111 35 2 3 2 8 3 3 2
7525 1874 6 63 74 20 1 1 1 4 1 1 0 10761 2755 15 122 115 36 3 3 2 8 3 3 2
7765 1891 6 65 76 20 1 1 1 4 1 1 0 11530 2875 15 125 120 36 3 3 2 8 3 3 2
7885 2018 6 68 79 21 1 1 1 4 1 2 0 11741 2966 15 125 129 38 3 3 2 9 3 3 2
8284 2072 6 71 83 23 1 1 1 4 1 2 1 12298 3007 15 126 141 40 3 3 2 9 3 4 2
8850 2268 6 73 86 23 1 1 1 5 1 2 1 12735 3184 15 131 142 41 3 3 2 9 4 4 2
9133 2339 6 83 91 24 1 2 1 5 1 2 1 12971 3222 15 133 148 43 3 4 3 10 4 4 2
9274 2446 6 84 92 25 1 2 1 6 1 2 1 13382 3328 15 139 149 43 3 4 4 10 4 4 2
9875 2581 6 89 98 26 1 2 1 6 1 2 1 13742 3386 15 141 151 44 3 4 4 11 4 4 2
10303 2607 6 92 100 27 1 2 1 6 1 2 1 14281 3597 15 141 151 45 3 4 4 11 4 4 2
10758 2665 6 99 101 29 1 2 1 6 1 2 1 14837 3690 15 147 159 46 3 4 4 11 4 4 3
11208 2827 6 103 105 30 1 2 1 7 2 2 1 14993 3757 15 147 159 49 3 4 4 12 4 4 3
11639 2936 6 105 112 30 1 2 1 7 2 2 1 15852 4014 15 156 176 54 3 4 4 12 4 5 3
12111 3095 6 109 118 32 1 2 1 7 2 2 1 16362 4111 15 158 177 55 3 4 4 12 4 5 3
12790 3275 6 109 118 34 1 2 1 8 2 2 1 16408 4174 15 160 178 55 4 4 4 13 4 5 3
12972 3369 6 111 123 35 2 2 2 8 2 3 1 16879 4250 15 162 179 55 4 5 4 13 4 5 3
13175 3392 6 115 127 37 2 2 2 8 2 3 1 17755 4372 15 175 190 55 4 5 4 13 4 5 3
14057 3528 6 117 133 39 2 2 2 8 2 3 1 18422 4518 15 185 197 56 4 5 4 13 5 5 3
14135 3595 6 118 138 39 2 2 2 8 2 3 1 18682 4613 15 186 201 57 4 5 4 14 5 5 3
14690 3754 6 122 141 42 2 2 2 9 2 3 1 19231 4727 15 186 202 58 4 5 4 14 5 5 3
14698 3863 6 123 141 43 2 2 2 9 2 3 1 19812 4773 15 188 205 59 4 5 4 14 5 5 3
14737 3960 6 125 145 43 2 3 2 9 2 3 2 19879 4972 15 193 209 61 4 6 4 15 5 5 3
15135 4027 6 132 146 45 2 3 2 10 2 3 2 20763 5072 15 195 214 62 4 6 4 15 5 5 3
