# scores for worst/random/best/smart move selector strategies. 
# scores are 50% and 95% quantiles (based on 40 games) of: 
# game score, #destroyed, #unlocked, #stripes, #bombs, #zappers
14 14 0 0 0 0 0 0 0 0 0 0 0 210 102 0 1 1 0 0 0 0 0 0 0 0
115 53 0 1 0 0 0 0 0 0 0 0 0 677 221 6 3 5 1 1 0 0 1 0 0 0
384 130 2 2 2 1 0 0 0 0 0 0 0 1168 396 9 16 12 4 1 1 0 1 1 0 0
760 236 4 6 5 2 0 0 0 1 0 0 0 2030 622 11 26 23 7 1 1 1 2 1 1 1
1090 329 5 9 8 3 0 0 0 1 0 0 0 2631 751 11 31 32 7 1 1 1 2 1 1 1
1559 460 5 14 11 4 0 0 0 1 0 0 0 3660 922 11 40 52 9 1 1 1 3 1 1 1
1988 605 5 17 17 5 0 0 0 2 0 0 0 4101 1141 11 45 58 12 1 1 1 3 1 2 1
2836 732 5 23 22 7 0 0 0 2 0 0 0 4546 1308 11 47 59 16 1 1 1 4 1 2 1
3075 820 5 28 27 7 0 0 0 2 0 0 0 5524 1429 11 64 72 19 1 2 1 4 2 2 1
3301 939 5 31 29 8 0 0 0 3 1 0 0 6407 1616 11 71 77 20 1 2 1 4 2 2 1
3539 1085 5 34 32 9 0 0 0 3 1 0 0 7099 1739 11 73 91 23 1 3 1 5 2 2 1
4053 1160 5 39 36 10 0 1 0 3 1 0 0 7238 1829 11 75 96 24 2 3 1 6 2 3 1
4914 1300 5 44 39 11 0 1 0 4 1 1 0 8150 1954 11 79 99 25 2 3 2 6 3 3 1
5074 1488 5 48 44 13 0 1 0 4 1 1 0 8349 2023 11 92 103 26 2 3 2 6 3 3 1
6075 1650 5 54 53 14 0 1 0 4 1 1 0 9202 2223 11 98 114 28 2 3 2 7 3 3 1
6795 1771 5 63 57 16 0 1 0 4 1 1 0 10077 2345 11 115 122 30 2 3 2 7 3 4 1
7147 1945 5 66 65 17 0 1 0 4 1 1 0 11219 2657 11 117 124 32 2 3 2 8 3 4 1
7920 2039 5 70 67 18 0 1 0 5 1 1 0 11577 2787 11 119 137 35 2 3 2 8 3 4 1
8385 2113 5 73 76 20 0 1 0 5 1 1 0 12213 3157 11 136 137 40 2 3 2 9 4 4 1
8863 2233 5 78 87 22 0 1 0 5 1 1 0 12676 3203 11 144 141 42 2 3 2 10 4 4 1
9256 2345 5 79 94 24 0 1 0 5 1 1 0 13524 3257 11 155 150 44 2 3 2 10 4 4 1
9603 2436 5 82 96 25 0 1 1 5 1 1 0 13827 3320 11 157 151 45 2 3 2 10 4 4 1
9868 2511 5 86 96 25 0 1 1 6 1 1 0 14678 3608 11 157 159 50 2 3 2 10 4 4 1
10386 2581 5 92 99 25 0 1 1 6 1 2 0 15847 4143 11 160 174 53 2 3 2 11 4 5 1
10810 2705 5 97 108 26 0 1 1 6 2 2 0 16496 4288 11 161 177 56 2 3 3 12 4 5 1
10885 2812 5 103 113 26 1 1 1 7 2 2 0 16855 4398 11 175 189 57 2 3 3 12 4 5 1
11429 2891 5 110 114 26 1 2 1 7 2 2 0 18179 4701 11 184 196 59 2 3 3 13 4 5 1
11726 3007 5 114 117 27 1 2 1 7 2 2 0 18623 4813 11 185 197 60 2 3 3 13 4 5 1
12217 3160 5 117 117 30 1 2 1 7 2 2 0 18679 4892 11 185 211 61 2 4 3 13 5 5 1
12651 3373 5 121 126 33 1 2 1 8 2 2 0 18936 4985 11 187 214 62 2 4 3 14 5 5 1
12974 3560 5 125 144 33 1 2 1 8 2 2 0 20483 5149 11 212 218 64 2 4 3 15 5 5 1
13923 3772 5 131 147 34 1 2 1 8 2 2 0 20793 5357 11 213 219 65 2 4 3 16 5 6 1
14477 3928 5 136 152 37 1 2 1 9 3 2 0 21231 5466 11 218 227 67 2 4 3 16 5 6 1
15076 3983 5 147 155 38 1 2 1 9 3 2 0 22040 5662 11 220 238 69 2 4 3 16 5 6 1
15660 4141 5 147 159 38 1 2 1 10 3 3 0 22599 5825 11 224 249 72 2 4 4 17 5 6 1
16750 4243 5 150 159 40 1 2 1 10 3 3 1 23356 5906 11 225 266 72 2 4 4 17 6 7 1
17141 4329 5 155 160 44 1 2 1 10 3 3 1 23921 6163 11 226 271 75 3 4 4 17 6 7 1
17449 4378 5 165 162 46 1 2 1 10 3 3 1 25247 6454 11 229 277 78 3 5 4 18 6 7 1
17716 4559 5 165 172 48 1 2 1 11 3 3 1 25322 6460 11 234 277 78 3 5 4 18 6 7 1
17884 4659 5 170 174 50 1 2 1 11 3 3 1 25865 6532 11 241 286 80 3 5 4 19 6 7 1
18906 4765 5 175 180 51 1 2 1 11 3 3 1 27137 6878 11 243 300 85 3 5 4 19 6 7 2
