# scores for worst/random/best/smart move selector strategies. 
# scores are 50% and 95% quantiles (based on 40 games) of: 
# game score, #destroyed, #unlocked, #stripes, #bombs, #zappers
14 14 0 0 0 0 0 0 0 0 0 0 0 210 102 0 1 1 0 0 0 0 0 0 0 0
45 36 0 0 0 0 0 0 0 0 0 0 0 546 229 6 7 3 1 0 0 0 0 0 0 0
82 45 0 0 0 0 0 0 0 0 0 0 0 583 245 6 7 3 1 0 0 0 0 0 0 0
103 65 0 1 0 0 0 0 0 0 0 0 0 779 300 7 7 6 1 0 0 0 0 0 0 0
155 88 0 1 1 0 0 0 0 0 0 0 0 789 305 7 7 6 2 0 0 0 0 0 0 0
216 114 0 2 1 0 0 0 0 0 0 0 0 1253 442 7 9 11 4 0 0 0 0 0 0 0
247 130 1 2 1 0 0 0 0 0 0 0 0 1837 617 8 12 15 5 0 0 0 0 0 0 0
293 163 1 2 2 0 0 0 0 0 0 0 0 1921 632 8 12 15 5 0 0 0 0 0 0 0
326 176 2 3 2 0 0 0 0 0 0 0 0 2128 695 8 15 18 6 0 0 0 0 0 0 0
457 212 2 4 3 0 0 0 0 0 0 0 0 2131 699 8 17 19 6 0 0 0 0 0 0 0
567 256 2 5 4 0 0 0 0 0 0 0 0 2137 707 8 17 19 6 0 0 0 0 0 0 0
605 286 2 5 5 0 0 0 0 0 0 0 0 2503 849 8 20 20 7 0 0 0 0 0 0 0
649 304 2 6 5 1 0 0 0 0 0 0 0 2506 852 8 20 20 7 0 0 0 0 0 0 0
721 331 3 6 5 1 0 0 0 0 0 0 0 2510 866 8 20 20 7 0 0 0 0 0 0 0
808 348 3 7 5 1 0 0 0 0 0 0 0 2691 923 8 21 22 7 0 0 0 0 0 0 0
811 360 3 7 5 1 0 0 0 0 0 0 0 2694 926 8 21 22 7 0 0 0 0 0 0 0
873 400 3 8 7 1 0 0 0 0 0 0 0 2699 931 8 21 23 7 0 0 0 0 0 0 0
1118 445 3 9 7 1 0 0 0 0 0 0 0 2703 935 8 21 23 8 0 0 0 0 0 0 0
1163 515 3 10 8 2 0 0 0 0 0 0 0 2952 1025 8 21 23 8 0 0 0 0 0 0 0
1230 531 3 10 8 2 0 0 0 0 0 0 0 2958 1031 8 21 23 8 0 0 0 0 0 0 0
1411 587 3 12 10 3 0 0 0 0 0 0 0 3189 1139 8 27 25 8 0 0 0 0 0 0 0
1478 603 3 13 10 3 0 0 0 0 0 0 0 3318 1145 8 28 26 11 0 0 0 0 0 0 0
1713 663 3 13 12 4 0 0 0 0 0 0 0 3612 1173 8 30 27 15 0 0 0 0 0 0 0
1719 669 3 14 12 4 0 0 0 0 0 0 0 3634 1178 8 30 27 15 0 0 0 0 0 0 0
1785 719 3 16 13 4 0 0 0 0 0 0 0 3637 1183 8 30 27 15 0 0 0 0 0 0 0
1928 778 3 16 13 4 0 0 0 0 0 0 0 3640 1186 8 30 27 15 0 0 0 0 0 0 0
1962 792 3 16 14 4 0 0 0 0 0 0 0 3646 1192 8 30 28 15 0 0 0 0 0 0 0
2088 813 3 16 14 4 0 0 0 0 0 0 0 3803 1267 8 31 29 15 0 0 0 0 0 0 0
2106 834 3 16 14 5 0 0 0 0 0 0 0 3807 1270 8 31 29 15 0 0 0 0 0 0 0
2328 872 3 16 14 5 0 0 0 0 0 0 0 4026 1385 8 33 31 15 0 0 0 0 0 0 0
2331 913 3 18 14 5 0 0 0 0 0 0 0 4029 1388 8 33 31 15 0 0 0 0 0 0 0
2387 942 3 20 14 5 0 0 0 0 0 0 0 4097 1416 8 33 32 15 0 0 0 0 0 0 0
2433 965 3 21 16 5 0 0 0 0 0 0 0 4701 1602 8 37 37 16 0 0 0 0 0 0 0
2495 982 3 21 16 5 0 0 0 0 0 0 0 4707 1610 8 37 38 16 0 0 0 0 0 0 0
2593 1014 3 21 16 5 0 0 0 0 0 0 0 4731 1627 8 37 38 16 0 0 0 0 0 0 0
2665 1022 3 22 19 6 0 0 0 0 0 0 0 5483 1853 8 41 43 19 0 0 0 0 0 0 0
2670 1033 3 22 19 6 0 0 0 0 0 0 0 6206 2086 8 41 51 19 0 0 0 0 0 0 0
2680 1048 3 22 19 6 0 0 0 0 0 0 0 6210 2091 8 41 51 19 0 0 0 0 0 0 0
2745 1059 3 22 20 7 0 0 0 0 0 0 0 6216 2097 8 42 51 19 0 0 0 0 0 0 0
2749 1073 3 22 20 7 0 0 0 0 0 0 0 6226 2107 8 42 51 19 0 0 0 0 0 0 0
2752 1079 3 22 20 7 0 0 0 0 0 0 0 6229 2110 8 42 51 19 0 0 0 0 0 0 0
