# scores for worst/random/best/smart move selector strategies. 
# scores are 50% and 95% quantiles (based on 40 games) of: 
# game score, #destroyed, #unlocked, #stripes, #bombs, #zappers
7 7 0 0 0 0 0 0 0 0 0 0 0 20 20 0 0 0 0 0 0 0 0 0 0 0
17 17 0 0 0 0 0 0 0 0 0 0 0 124 59 0 1 0 0 0 0 0 0 0 0 0
28 28 0 0 0 0 0 0 0 0 0 0 0 149 72 0 2 0 0 1 0 0 0 0 0 0
48 38 0 0 0 0 0 0 0 0 0 0 0 289 114 0 4 1 1 1 1 0 1 0 0 0
97 52 0 1 0 0 0 0 0 0 0 0 0 428 132 0 11 1 1 1 1 0 1 0 0 0
120 66 0 2 0 0 0 0 0 0 0 0 0 629 163 0 16 2 1 1 1 0 1 1 0 0
158 86 0 2 0 0 0 0 0 0 0 0 0 679 173 0 17 3 2 1 1 0 1 1 0 0
174 94 0 2 0 0 0 0 0 0 0 0 0 683 183 0 17 3 2 2 1 0 1 1 0 0
242 108 0 3 0 0 0 0 0 0 0 0 0 692 199 0 17 3 2 2 1 0 1 1 0 0
267 121 0 3 0 0 0 0 0 0 0 0 0 770 208 0 20 3 2 2 1 0 2 1 0 0
339 145 0 4 1 0 0 0 0 0 0 0 0 822 216 0 20 4 2 2 1 0 2 1 0 0
406 159 0 5 1 0 0 0 0 0 0 0 0 886 230 0 21 4 2 2 1 0 2 1 0 0
417 169 0 5 1 0 1 0 0 0 0 0 0 897 243 0 22 4 2 2 1 0 2 1 0 0
432 183 0 6 1 0 1 0 0 0 0 0 0 969 284 0 23 4 2 2 1 0 2 1 0 0
457 200 0 7 1 0 1 0 0 0 0 0 0 991 300 0 23 4 2 2 1 0 2 1 0 0
524 211 0 7 2 1 1 0 0 0 0 0 0 1040 318 0 25 9 2 2 1 0 2 1 0 0
569 233 0 7 2 1 1 0 0 0 0 0 0 1138 329 0 26 9 2 2 1 0 2 1 0 0
590 242 0 8 2 1 1 0 0 0 0 0 0 1216 339 0 26 13 3 2 1 0 3 1 1 0
679 267 0 9 2 1 1 0 0 0 0 0 0 1284 347 0 28 13 4 2 1 0 3 1 1 0
689 281 0 10 2 1 1 0 0 1 0 0 0 1370 351 0 30 15 4 2 1 0 3 1 1 0
756 294 0 11 2 1 1 0 0 1 0 0 0 1444 369 0 30 16 4 3 1 0 3 1 1 0
793 312 0 12 2 1 1 0 0 1 0 0 0 1523 398 0 30 16 4 4 2 1 3 1 1 0
868 331 0 12 3 1 1 0 0 1 0 0 0 1633 441 0 31 17 4 4 2 1 3 1 1 0
894 357 0 13 3 1 1 0 0 1 0 0 0 1672 467 0 33 17 4 4 2 1 3 1 1 0
941 384 0 14 3 2 1 0 0 1 0 0 0 2166 518 0 34 20 4 4 2 1 4 1 1 0
976 397 0 14 3 2 1 0 0 1 0 0 0 2226 538 0 34 20 4 4 2 1 4 1 1 0
1057 405 0 14 3 2 1 0 0 1 0 0 0 2233 559 0 34 20 4 4 2 1 4 1 1 0
1099 413 0 15 3 2 1 0 0 1 0 0 0 2464 601 0 36 21 5 5 2 1 4 1 1 0
1152 424 0 15 3 2 1 0 0 1 0 0 0 2472 610 0 36 21 5 5 2 1 5 1 1 0
1169 436 0 16 4 2 2 0 0 1 0 0 0 2549 631 0 36 22 6 5 2 1 5 1 1 0
1196 448 0 16 4 2 2 0 0 1 0 0 0 2562 646 0 36 22 6 5 2 1 5 1 1 0
1291 470 0 17 4 2 2 1 0 1 0 0 0 2624 697 0 36 22 6 5 2 1 5 1 1 0
1314 479 0 17 4 2 2 1 0 1 0 0 0 2629 704 0 36 23 6 5 2 1 6 1 1 0
1345 496 0 19 4 2 2 1 0 1 0 0 0 2636 711 0 37 23 6 5 2 1 6 1 1 0
1402 502 0 20 5 2 2 1 0 1 0 0 0 2670 716 0 39 23 7 5 2 1 6 1 1 0
1429 509 0 20 5 2 2 1 0 1 0 0 0 2703 720 0 40 23 7 5 2 1 6 1 1 0
1450 526 0 21 5 2 2 1 0 1 0 0 0 2712 723 0 41 23 7 5 2 1 6 1 1 0
1462 535 0 22 5 2 2 1 0 1 0 0 0 2719 727 0 41 23 7 5 2 1 6 1 1 0
1477 548 0 22 5 2 2 1 0 1 0 0 0 2873 733 0 42 23 7 5 2 1 6 1 1 0
1540 558 0 23 5 2 2 1 0 2 0 0 0 2884 745 0 43 23 7 5 2 1 6 1 1 0
1640 574 0 23 5 2 2 1 0 2 0 0 0 2889 759 0 44 23 7 5 2 1 6 1 1 0
