# scores for worst/random/best/smart move selector strategies. 
# scores are 50% and 95% quantiles (based on 40 games) of: 
# game score, #destroyed, #unlocked, #stripes, #bombs, #zappers
7 7 0 0 0 0 0 0 0 0 0 0 0 20 20 0 0 0 0 0 0 0 0 0 0 0
12 12 0 0 0 0 0 0 0 0 0 0 0 28 28 0 0 0 0 0 0 0 0 0 0 0
18 18 0 0 0 0 0 0 0 0 0 0 0 87 51 0 0 0 0 0 0 0 0 0 0 0
27 27 0 0 0 0 0 0 0 0 0 0 0 105 58 0 1 0 0 0 0 0 0 0 0 0
34 34 0 0 0 0 0 0 0 0 0 0 0 133 61 0 1 0 0 0 0 0 0 0 0 0
41 41 0 0 0 0 0 0 0 0 0 0 0 139 67 0 1 1 0 0 0 0 0 0 0 0
50 48 0 0 0 0 0 0 0 0 0 0 0 172 88 0 2 1 0 0 0 0 0 0 0 0
59 57 0 0 0 0 0 0 0 0 0 0 0 181 101 0 2 1 0 0 0 0 0 0 0 0
64 62 0 0 0 0 0 0 0 0 0 0 0 184 104 0 2 1 0 0 0 0 0 0 0 0
74 66 0 0 0 0 0 0 0 0 0 0 0 187 107 0 2 1 1 0 0 0 1 0 0 0
86 75 0 0 0 0 0 0 0 0 0 0 0 248 121 0 2 1 1 0 0 0 1 0 0 0
94 80 0 0 0 0 0 0 0 0 0 0 0 251 138 0 3 1 1 0 0 0 1 0 0 0
112 89 0 1 0 0 0 0 0 0 0 0 0 265 143 0 3 1 1 0 0 0 1 0 0 0
134 102 0 1 0 0 0 0 0 0 0 0 0 290 157 0 4 1 1 0 0 0 1 0 0 0
155 109 0 1 0 0 0 0 0 0 0 0 0 319 165 0 4 1 1 0 0 0 1 0 0 0
168 117 0 1 0 0 0 0 0 0 0 0 0 381 176 0 4 2 1 0 0 0 1 0 0 0
181 124 0 1 0 0 0 0 0 0 0 0 0 384 179 0 4 2 1 0 0 0 1 0 0 0
204 132 0 1 0 0 0 0 0 0 0 0 0 488 221 0 4 2 1 0 1 0 1 0 0 0
219 135 0 1 0 0 0 0 0 0 0 0 0 497 230 0 5 2 1 0 1 0 1 0 0 0
228 147 0 2 0 0 0 0 0 0 0 0 0 528 246 0 5 3 1 0 1 0 1 0 0 0
240 153 0 2 0 0 0 0 0 0 0 0 0 550 251 0 5 3 1 0 1 0 1 0 0 0
250 157 0 2 0 0 0 0 0 0 0 0 0 566 264 0 6 3 1 0 1 0 1 0 0 0
258 164 0 2 0 0 0 0 0 0 0 0 0 569 267 0 6 3 1 0 1 0 1 0 0 0
266 169 0 2 1 0 0 0 0 0 0 0 0 575 273 0 6 3 1 0 1 0 1 0 0 0
273 179 0 2 1 0 0 0 0 0 0 0 0 601 306 0 6 3 1 0 1 0 1 0 0 0
294 189 0 2 1 0 0 0 0 0 0 0 0 612 315 0 6 3 1 0 1 0 1 0 0 0
307 196 0 3 1 0 0 0 0 0 0 0 0 616 320 0 6 3 1 0 1 0 1 0 0 0
333 203 0 3 1 0 0 0 0 0 0 0 0 619 325 0 6 3 1 0 1 0 1 0 0 0
336 210 0 3 1 0 0 0 0 0 0 0 0 622 328 0 6 3 1 0 1 0 1 0 0 0
363 221 0 3 1 0 0 0 0 0 0 0 0 671 335 0 8 3 1 0 1 0 1 0 0 0
371 238 0 3 1 0 0 0 0 0 0 0 0 719 351 0 8 3 1 0 1 0 1 0 0 0
393 242 0 4 1 0 0 0 0 0 0 0 0 767 355 0 8 3 1 0 1 0 1 0 0 0
424 251 0 4 1 0 0 0 0 0 0 0 0 819 377 0 10 4 1 0 1 0 1 0 0 0
434 257 0 4 1 0 0 0 0 0 0 0 0 822 380 0 10 4 1 0 1 0 1 0 0 0
453 273 0 4 1 0 0 0 0 0 0 0 0 915 409 0 11 4 1 0 1 0 1 0 0 0
464 278 0 4 1 0 0 0 0 0 0 0 0 919 417 0 11 4 2 0 1 0 1 0 0 0
468 283 0 5 1 0 0 0 0 0 0 0 0 926 421 0 11 4 2 0 1 0 1 0 0 0
489 295 0 5 1 0 0 0 0 0 0 0 0 936 432 0 12 5 2 0 1 0 1 0 0 0
492 299 0 5 1 0 0 0 0 0 0 0 0 975 437 0 12 5 2 0 1 0 1 0 0 0
506 307 0 5 1 0 0 0 0 0 0 0 0 980 449 0 12 5 2 1 1 0 1 0 0 0
546 319 0 5 2 0 0 0 0 0 0 0 0 985 455 0 12 5 2 1 1 0 1 0 0 0
