# scores for worst/random/best/smart move selector strategies. 
# scores are 50% and 95% quantiles (based on 40 games) of: 
# game score, #destroyed, #unlocked, #stripes, #bombs, #zappers
7 7 0 0 0 0 0 0 0 0 0 0 0 20 20 0 0 0 0 0 0 0 0 0 0 0
12 12 0 0 0 0 0 0 0 0 0 0 0 50 36 0 0 0 0 0 0 0 0 0 0 0
17 17 0 0 0 0 0 0 0 0 0 0 0 55 39 0 0 0 0 0 0 0 0 0 0 0
21 21 0 0 0 0 0 0 0 0 0 0 0 85 50 0 0 0 0 0 0 0 0 0 0 0
24 24 0 0 0 0 0 0 0 0 0 0 0 92 53 0 0 0 0 0 0 0 0 0 0 0
31 31 0 0 0 0 0 0 0 0 0 0 0 95 59 0 0 0 0 0 0 0 0 0 0 0
36 36 0 0 0 0 0 0 0 0 0 0 0 109 77 0 1 0 0 0 0 0 0 0 0 0
44 44 0 0 0 0 0 0 0 0 0 0 0 122 88 0 1 1 0 0 0 0 0 0 0 0
51 51 0 0 0 0 0 0 0 0 0 0 0 131 96 0 1 1 0 0 0 0 0 0 0 0
56 56 0 0 0 0 0 0 0 0 0 0 0 134 99 0 1 1 0 0 0 0 0 0 0 0
62 62 0 0 0 0 0 0 0 0 0 0 0 138 104 0 1 1 0 0 0 0 0 0 0 0
70 69 0 0 0 0 0 0 0 0 0 0 0 160 114 0 1 1 0 0 0 0 0 0 0 0
75 75 0 0 0 0 0 0 0 0 0 0 0 190 120 0 1 1 0 0 0 0 0 0 0 0
80 78 0 0 0 0 0 0 0 0 0 0 0 195 125 0 1 1 0 0 0 0 0 0 0 0
86 83 0 0 0 0 0 0 0 0 0 0 0 199 133 0 1 1 0 0 0 0 0 0 0 0
95 88 0 0 0 0 0 0 0 0 0 0 0 203 136 0 1 1 0 0 0 0 0 0 0 0
106 93 0 0 0 0 0 0 0 0 0 0 0 222 140 0 2 1 0 0 0 0 0 0 0 0
111 101 0 0 0 0 0 0 0 0 0 0 0 248 165 0 2 1 0 0 0 0 0 0 0 0
116 105 0 0 0 0 0 0 0 0 0 0 0 257 170 0 2 1 0 0 0 0 0 0 0 0
131 113 0 0 0 0 0 0 0 0 0 0 0 261 176 0 2 1 0 0 0 0 0 0 0 0
135 116 0 0 0 0 0 0 0 0 0 0 0 270 179 0 2 1 0 0 0 0 0 0 0 0
147 123 0 0 0 0 0 0 0 0 0 0 0 294 198 0 2 1 0 0 0 0 0 0 0 0
156 128 0 0 0 0 0 0 0 0 0 0 0 298 202 0 2 1 0 0 0 0 0 0 0 0
159 132 0 1 0 0 0 0 0 0 0 0 0 327 217 0 2 1 0 0 0 0 0 0 0 0
170 141 0 1 0 0 0 0 0 0 0 0 0 335 225 0 2 2 0 0 0 0 0 0 0 0
175 144 0 1 0 0 0 0 0 0 0 0 0 338 228 0 2 2 0 0 0 0 0 0 0 0
178 151 0 1 0 0 0 0 0 0 0 0 0 341 231 0 3 2 0 0 0 0 0 0 0 0
190 159 0 1 0 0 0 0 0 0 0 0 0 355 239 0 3 2 0 0 0 0 0 0 0 0
205 167 0 1 0 0 0 0 0 0 0 0 0 358 242 0 3 2 0 0 0 0 0 0 0 0
208 172 0 1 0 0 0 0 0 0 0 0 0 361 245 0 3 2 0 0 0 0 0 0 0 0
219 183 0 1 1 0 0 0 0 0 0 0 0 366 250 0 3 2 0 0 0 0 0 0 0 0
222 186 0 1 1 0 0 0 0 0 0 0 0 369 253 0 3 2 0 0 0 0 0 0 0 0
225 194 0 1 1 0 0 0 0 0 0 0 0 375 261 0 3 2 0 0 0 0 0 0 0 0
234 200 0 1 1 0 0 0 0 0 0 0 0 378 269 0 3 2 0 0 0 0 0 0 0 0
257 209 0 1 1 0 0 0 0 0 0 0 0 426 273 0 4 2 0 0 0 0 0 0 0 0
262 216 0 1 1 0 0 0 0 0 0 0 0 447 290 0 4 2 0 0 0 0 0 0 0 0
279 221 0 1 1 0 0 0 0 0 0 0 0 454 293 0 4 2 0 0 0 0 0 0 0 0
284 227 0 1 1 0 0 0 0 0 0 0 0 473 296 0 5 2 0 0 0 0 0 0 0 0
295 231 0 1 1 0 0 0 0 0 0 0 0 486 299 0 5 2 0 0 0 0 0 0 0 0
301 234 0 2 1 0 0 0 0 0 0 0 0 489 303 0 5 2 0 0 0 0 0 0 0 0
305 238 0 2 1 0 0 0 0 0 0 0 0 506 327 0 5 2 0 0 0 0 0 0 0 0
