# scores for worst/random/best/smart move selector strategies. 
# scores are 50% and 95% quantiles (based on 40 games) of: 
# game score, #destroyed, #unlocked, #stripes, #bombs, #zappers
0 0 0 0 0 0 0 0 0 0 0 0 0 8 8 0 0 0 0 0 0 0 0 0 0 0
6 6 0 0 0 0 0 0 0 0 0 0 0 14 14 0 0 0 0 0 0 0 0 0 0 0
9 9 0 0 0 0 0 0 0 0 0 0 0 18 18 0 0 0 0 0 0 0 0 0 0 0
14 14 0 0 0 0 0 0 0 0 0 0 0 29 29 0 0 0 0 0 0 0 0 0 0 0
18 18 0 0 0 0 0 0 0 0 0 0 0 49 37 0 0 0 0 0 0 0 0 0 0 0
21 21 0 0 0 0 0 0 0 0 0 0 0 60 40 1 1 0 0 0 0 0 0 0 0 0
25 25 0 0 0 0 0 0 0 0 0 0 0 70 45 1 1 0 0 0 0 0 0 0 0 0
32 31 0 0 0 0 0 0 0 0 0 0 0 109 57 3 2 0 0 0 0 0 0 0 0 0
36 35 0 0 0 0 0 0 0 0 0 0 0 112 61 3 2 0 0 0 0 0 0 0 0 0
40 39 0 0 0 0 0 0 0 0 0 0 0 124 68 3 2 0 0 0 0 0 0 0 0 0
47 43 0 0 0 0 0 0 0 0 0 0 0 127 71 3 2 0 0 1 0 0 0 0 0 0
61 49 0 0 0 0 0 0 0 0 0 0 0 147 82 3 2 1 0 1 0 0 0 0 0 0
68 53 0 0 0 0 0 0 0 0 0 0 0 150 85 3 2 1 0 1 0 0 0 0 0 0
72 58 0 0 0 0 0 0 0 0 0 0 0 156 93 3 2 1 0 1 0 0 0 0 0 0
76 62 0 0 0 0 0 0 0 0 0 0 0 163 99 4 2 1 0 1 1 0 0 0 0 0
80 66 0 0 0 0 0 0 0 0 0 0 0 212 105 5 3 1 0 1 1 0 0 0 0 0
84 72 0 0 0 0 0 0 0 0 0 0 0 234 116 5 4 1 0 1 1 0 0 0 0 0
105 78 1 1 0 0 0 0 0 0 0 0 0 237 119 5 4 1 0 1 1 0 0 0 0 0
123 82 1 1 0 0 0 0 0 0 0 0 0 242 124 5 4 1 0 1 1 0 0 0 0 0
128 86 1 1 0 0 0 0 0 0 0 0 0 245 127 5 4 1 0 1 1 0 0 0 0 0
139 94 1 1 0 0 0 0 0 0 0 0 0 248 130 5 4 1 0 1 1 0 0 0 0 0
143 97 1 1 0 0 0 0 0 0 0 0 0 268 134 5 4 1 0 1 1 0 0 0 0 0
149 103 1 1 0 0 0 0 0 0 0 0 0 273 137 5 4 1 0 1 1 0 0 0 0 0
161 110 1 1 0 0 0 0 0 0 0 0 0 276 142 5 4 1 0 1 1 0 0 0 0 0
168 114 1 2 0 0 0 0 0 0 0 0 0 281 149 5 4 1 0 1 1 0 0 0 0 0
174 117 1 2 0 0 0 0 0 0 0 0 0 286 156 5 4 1 1 1 1 0 1 0 0 0
183 124 2 2 0 0 0 0 0 0 0 0 0 341 161 5 6 1 1 1 1 0 1 0 0 0
191 131 2 2 0 0 0 0 0 0 0 0 0 346 166 5 6 1 1 2 1 0 1 0 0 0
203 135 2 2 0 0 0 0 0 0 0 0 0 403 183 6 6 1 1 2 1 0 1 0 0 0
208 141 2 2 0 0 0 0 0 0 0 0 0 407 186 6 6 1 1 2 1 0 1 0 0 0
221 147 2 3 0 0 0 0 0 0 0 0 0 411 189 6 6 1 1 2 1 0 1 0 0 0
233 151 2 3 0 0 0 0 0 0 0 0 0 507 202 6 11 1 1 2 1 0 1 1 0 0
250 159 2 3 0 0 0 0 0 0 0 0 0 511 207 6 11 1 1 2 1 0 1 1 0 0
263 164 2 3 0 0 0 0 0 0 0 0 0 515 212 6 11 1 1 2 1 0 1 1 0 0
266 171 2 3 0 0 0 0 0 0 0 0 0 519 217 6 11 1 1 2 1 0 1 1 0 0
271 176 2 3 0 0 0 0 0 0 0 0 0 543 220 6 11 1 1 2 1 0 1 1 0 0
275 179 2 3 0 0 0 0 0 0 0 0 0 548 223 6 12 1 1 2 1 0 1 1 0 0
279 183 2 3 0 0 0 0 0 0 0 0 0 551 229 6 12 1 1 2 1 0 1 1 0 0
293 190 2 3 0 0 0 0 0 0 0 0 0 563 235 6 13 1 1 2 1 0 1 1 0 0
296 195 2 4 0 0 0 0 0 0 0 0 0 566 238 6 13 1 1 2 1 0 1 1 0 0
301 201 2 4 0 0 0 0 0 0 0 0 0 621 247 6 14 1 1 2 1 0 1 1 0 0
