# scores for worst/random/best/smart move selector strategies. 
# scores are 50% and 95% quantiles (based on 40 games) of: 
# game score, #destroyed, #unlocked, #stripes, #bombs, #zappers
0 0 0 0 0 0 0 0 0 0 0 0 0 8 8 0 0 0 0 0 0 0 0 0 0 0
6 6 0 0 0 0 0 0 0 0 0 0 0 14 14 0 0 0 0 0 0 0 0 0 0 0
9 9 0 0 0 0 0 0 0 0 0 0 0 22 22 0 0 0 0 0 0 0 0 0 0 0
13 13 0 0 0 0 0 0 0 0 0 0 0 28 28 0 0 0 0 0 0 0 0 0 0 0
18 18 0 0 0 0 0 0 0 0 0 0 0 46 31 0 0 0 0 0 0 0 0 0 0 0
21 21 0 0 0 0 0 0 0 0 0 0 0 61 45 0 1 0 0 0 0 0 0 0 0 0
27 27 0 0 0 0 0 0 0 0 0 0 0 66 48 0 1 0 0 0 0 0 0 0 0 0
30 30 0 0 0 0 0 0 0 0 0 0 0 73 51 1 1 0 0 0 0 0 0 0 0 0
34 33 0 0 0 0 0 0 0 0 0 0 0 76 55 1 1 0 0 0 0 0 0 0 0 0
39 39 0 0 0 0 0 0 0 0 0 0 0 79 59 1 1 0 0 0 0 0 0 0 0 0
43 43 0 0 0 0 0 0 0 0 0 0 0 90 62 1 1 0 0 0 0 0 0 0 0 0
47 46 0 0 0 0 0 0 0 0 0 0 0 111 70 1 2 0 0 0 0 0 0 0 0 0
55 54 0 0 0 0 0 0 0 0 0 0 0 115 73 1 2 0 0 0 0 0 0 0 0 0
65 60 0 0 0 0 0 0 0 0 0 0 0 141 80 1 2 0 0 0 0 0 0 0 0 0
69 63 0 0 0 0 0 0 0 0 0 0 0 144 83 1 2 0 0 0 0 0 0 0 0 0
72 67 0 0 0 0 0 0 0 0 0 0 0 147 90 1 2 0 0 0 0 0 0 0 0 0
78 72 0 0 0 0 0 0 0 0 0 0 0 152 97 2 2 0 0 0 0 0 0 0 0 0
84 79 0 0 0 0 0 0 0 0 0 0 0 168 101 2 2 0 1 1 0 0 1 0 0 0
94 84 0 0 0 0 0 0 0 0 0 0 0 187 104 2 3 1 1 1 0 0 1 0 0 0
99 87 0 0 0 0 0 0 0 0 0 0 0 193 107 2 3 1 1 1 0 0 1 0 0 0
102 90 0 0 0 0 0 0 0 0 0 0 0 210 117 2 3 1 1 1 0 0 1 0 0 0
114 95 0 0 0 0 0 0 0 0 0 0 0 213 124 2 3 1 1 1 0 0 1 0 0 0
117 99 0 0 0 0 0 0 0 0 0 0 0 216 128 2 3 1 1 1 0 0 1 0 0 0
120 103 0 0 0 0 0 0 0 0 0 0 0 219 131 3 3 1 1 1 0 0 1 0 0 0
123 109 0 0 0 0 0 0 0 0 0 0 0 222 134 3 3 1 1 1 0 0 1 0 0 0
136 112 0 0 0 0 0 0 0 0 0 0 0 225 138 3 3 1 1 1 0 0 1 0 0 0
146 117 0 0 0 0 0 0 0 0 0 0 0 228 141 3 3 1 1 1 0 0 1 0 0 0
149 120 0 0 0 0 0 0 0 0 0 0 0 235 146 3 3 1 1 1 0 0 1 0 0 0
155 125 0 1 0 0 0 0 0 0 0 0 0 245 152 3 3 1 1 1 0 0 1 0 0 0
167 128 0 1 0 0 0 0 0 0 0 0 0 262 167 3 3 1 1 1 0 0 1 0 0 0
170 132 0 1 0 0 0 0 0 0 0 0 0 266 172 3 3 1 1 1 0 0 1 0 0 0
175 136 0 1 0 0 0 0 0 0 0 0 0 269 176 3 3 1 1 1 0 0 1 0 0 0
179 140 0 1 0 0 0 0 0 0 0 0 0 282 184 3 3 1 1 1 0 0 1 0 0 0
186 144 0 1 0 0 0 0 0 0 0 0 0 285 187 3 3 1 1 1 0 0 1 0 0 0
193 149 0 1 0 0 0 0 0 0 0 0 0 301 191 4 3 1 1 1 0 0 1 0 0 0
197 154 0 1 0 0 0 0 0 0 0 0 0 304 194 4 3 1 1 1 0 0 1 0 0 0
200 159 0 1 0 0 0 0 0 0 0 0 0 326 201 4 4 1 1 1 0 0 1 0 0 0
209 167 0 1 0 0 0 0 0 0 0 0 0 329 204 4 4 1 1 1 0 0 1 0 0 0
212 170 0 1 0 0 0 0 0 0 0 0 0 333 208 4 4 1 1 1 0 0 1 0 0 0
217 174 0 1 0 0 0 0 0 0 0 0 0 342 213 4 4 1 1 1 0 0 1 0 0 0
222 177 0 1 0 0 0 0 0 0 0 0 0 345 216 4 4 1 1 1 0 0 1 0 0 0
