# scores for worst/random/best/smart move selector strategies. 
# scores are 50% and 95% quantiles (based on 40 games) of: 
# game score, #destroyed, #unlocked, #stripes, #bombs, #zappers
0 0 0 0 0 0 0 0 0 0 0 0 0 8 8 0 0 0 0 0 0 0 0 0 0 0
6 6 0 0 0 0 0 0 0 0 0 0 0 16 16 0 0 0 0 0 0 0 0 0 0 0
10 10 0 0 0 0 0 0 0 0 0 0 0 22 22 0 0 0 0 0 0 0 0 0 0 0
15 15 0 0 0 0 0 0 0 0 0 0 0 44 32 0 0 0 0 0 0 0 0 0 0 0
19 19 0 0 0 0 0 0 0 0 0 0 0 56 37 0 1 0 0 0 0 0 0 0 0 0
24 24 0 0 0 0 0 0 0 0 0 0 0 89 47 1 1 0 0 0 0 0 0 0 0 0
31 30 0 0 0 0 0 0 0 0 0 0 0 109 55 2 2 0 0 0 0 0 0 0 0 0
41 35 0 0 0 0 0 0 0 0 0 0 0 124 61 3 2 1 0 0 0 0 0 0 0 0
64 42 0 1 0 0 0 0 0 0 0 0 0 145 66 3 2 1 0 1 0 0 0 0 0 0
75 48 0 1 0 0 0 0 0 0 0 0 0 170 76 4 3 1 0 1 0 0 0 0 0 0
90 55 0 1 0 0 0 0 0 0 0 0 0 189 80 4 3 1 0 1 0 0 0 0 0 0
105 60 1 1 0 0 0 0 0 0 0 0 0 196 85 4 4 1 1 1 0 0 0 0 0 0
116 64 1 1 0 0 0 0 0 0 0 0 0 199 92 4 4 1 1 1 0 0 0 0 0 0
125 68 1 1 0 0 0 0 0 0 0 0 0 215 100 4 4 1 1 1 0 0 0 0 0 0
142 76 1 2 0 0 0 0 0 0 0 0 0 244 111 5 4 1 1 1 0 0 1 0 0 0
155 81 1 2 0 0 0 0 0 0 0 0 0 256 117 5 5 1 1 1 0 0 1 1 0 0
162 89 1 2 0 0 0 0 0 0 0 0 0 299 130 5 5 1 1 1 0 0 1 1 0 0
168 95 1 2 0 0 0 0 0 0 0 0 0 306 141 6 5 1 1 1 0 0 1 1 0 0
175 98 1 2 0 0 0 0 0 0 0 0 0 333 150 6 5 1 1 1 0 0 1 1 0 0
189 105 1 2 0 0 0 0 0 0 0 0 0 340 157 6 5 1 1 1 0 0 1 1 0 0
200 111 1 3 0 0 0 0 0 0 0 0 0 358 164 6 5 1 1 1 0 0 1 1 0 0
229 119 2 3 0 0 0 0 0 0 0 0 0 366 173 6 6 1 1 2 0 0 1 1 0 0
236 124 2 3 0 0 0 0 0 0 0 0 0 438 190 6 7 1 1 2 1 0 1 1 0 0
255 130 2 3 0 0 0 0 0 0 0 0 0 445 198 6 7 1 1 2 1 0 1 1 0 0
274 137 2 4 0 0 0 0 0 0 0 0 0 450 202 6 7 1 1 2 1 0 1 1 0 0
283 141 2 4 0 0 0 0 0 0 0 0 0 454 209 6 7 1 1 2 1 0 1 1 0 0
294 151 2 4 0 0 0 0 0 0 0 0 0 560 213 6 11 2 2 2 1 0 2 1 0 0
316 160 2 4 0 0 0 0 0 0 0 0 0 566 223 6 11 2 2 2 1 0 2 1 0 0
335 164 2 4 0 0 1 0 0 0 0 0 0 587 226 6 11 2 2 2 1 0 2 1 0 0
339 170 3 4 0 0 1 0 0 0 0 0 0 592 235 6 11 2 2 2 1 0 2 1 0 0
354 178 3 5 0 0 1 0 0 0 0 0 0 600 247 6 11 2 2 2 1 0 2 1 0 0
368 189 3 5 0 0 1 0 0 0 0 0 0 638 250 6 13 2 2 2 1 0 2 1 0 0
381 194 3 5 0 0 1 0 0 0 0 0 0 641 264 6 13 2 2 2 1 0 2 1 0 0
392 198 3 6 0 0 1 0 0 0 0 0 0 644 272 6 13 2 2 2 1 0 2 1 0 0
399 204 3 6 1 0 1 0 0 0 0 0 0 685 279 6 13 2 2 2 1 0 2 1 0 0
410 213 3 6 1 0 1 0 0 0 0 0 0 694 286 7 13 2 2 2 1 0 2 1 0 0
434 216 3 7 1 0 1 0 0 0 0 0 0 697 294 7 13 2 2 2 1 0 2 1 0 0
453 222 3 7 1 0 1 0 0 0 0 0 0 726 300 7 14 2 2 2 1 0 2 1 0 0
469 228 3 7 1 1 1 0 0 0 0 0 0 732 306 7 14 2 2 2 1 0 2 1 0 0
480 238 3 8 1 1 1 0 0 0 0 0 0 746 312 7 14 2 2 2 1 0 2 1 0 0
487 242 3 8 1 1 1 0 0 0 0 0 0 751 319 7 14 2 2 2 1 0 2 1 0 0
