# scores for worst/random/best/smart move selector strategies. 
# scores are 50% and 95% quantiles (based on 40 games) of: 
# game score, #destroyed, #unlocked, #stripes, #bombs, #zappers
0 0 0 0 0 0 0 0 0 0 0 0 0 8 8 0 0 0 0 0 0 0 0 0 0 0
6 6 0 0 0 0 0 0 0 0 0 0 0 12 12 0 0 0 0 0 0 0 0 0 0 0
9 9 0 0 0 0 0 0 0 0 0 0 0 18 17 0 0 0 0 0 0 0 0 0 0 0
15 15 0 0 0 0 0 0 0 0 0 0 0 22 21 0 0 0 0 0 0 0 0 0 0 0
18 18 0 0 0 0 0 0 0 0 0 0 0 27 27 0 0 0 0 0 0 0 0 0 0 0
24 24 0 0 0 0 0 0 0 0 0 0 0 31 30 0 0 0 0 0 0 0 0 0 0 0
27 27 0 0 0 0 0 0 0 0 0 0 0 34 33 0 0 0 0 0 0 0 0 0 0 0
30 30 0 0 0 0 0 0 0 0 0 0 0 46 41 0 0 0 0 0 0 0 0 0 0 0
35 33 0 0 0 0 0 0 0 0 0 0 0 58 45 0 0 0 0 0 0 0 0 0 0 0
39 39 0 0 0 0 0 0 0 0 0 0 0 61 48 0 0 0 0 0 0 0 0 0 0 0
45 43 0 0 0 0 0 0 0 0 0 0 0 71 53 1 0 0 0 0 0 0 0 0 0 0
48 48 0 0 0 0 0 0 0 0 0 0 0 77 57 1 1 0 0 0 0 0 0 0 0 0
51 51 0 0 0 0 0 0 0 0 0 0 0 82 61 1 1 0 0 0 0 0 0 0 0 0
54 54 0 0 0 0 0 0 0 0 0 0 0 90 68 1 1 0 0 0 0 0 0 0 0 0
60 59 0 0 0 0 0 0 0 0 0 0 0 93 72 1 1 0 0 0 0 0 0 0 0 0
65 63 0 0 0 0 0 0 0 0 0 0 0 97 75 1 1 0 0 0 0 0 0 0 0 0
69 67 0 0 0 0 0 0 0 0 0 0 0 106 80 1 1 0 0 0 0 0 0 0 0 0
72 70 0 0 0 0 0 0 0 0 0 0 0 112 85 1 1 0 0 0 0 0 0 0 0 0
77 75 0 0 0 0 0 0 0 0 0 0 0 116 91 1 1 0 0 0 0 0 0 0 0 0
80 78 0 0 0 0 0 0 0 0 0 0 0 119 96 1 1 0 0 0 0 0 0 0 0 0
86 82 0 0 0 0 0 0 0 0 0 0 0 124 99 1 1 0 0 0 0 0 0 0 0 0
90 85 0 0 0 0 0 0 0 0 0 0 0 127 102 1 1 0 0 0 0 0 0 0 0 0
93 89 0 0 0 0 0 0 0 0 0 0 0 130 106 1 1 0 0 0 0 0 0 0 0 0
98 93 0 0 0 0 0 0 0 0 0 0 0 133 109 1 1 0 0 0 0 0 0 0 0 0
103 98 0 0 0 0 0 0 0 0 0 0 0 136 122 1 1 0 0 0 0 0 0 0 0 0
106 102 0 0 0 0 0 0 0 0 0 0 0 139 125 1 1 0 0 0 0 0 0 0 0 0
111 105 0 0 0 0 0 0 0 0 0 0 0 142 128 1 1 0 0 0 0 0 0 0 0 0
114 109 0 0 0 0 0 0 0 0 0 0 0 145 131 1 1 0 0 0 0 0 0 0 0 0
117 112 0 0 0 0 0 0 0 0 0 0 0 148 134 1 1 0 0 0 0 0 0 0 0 0
125 118 0 0 0 0 0 0 0 0 0 0 0 155 137 1 1 0 0 0 0 0 0 0 0 0
129 122 0 0 0 0 0 0 0 0 0 0 0 164 142 1 1 0 0 0 0 0 0 0 0 0
136 128 0 0 0 0 0 0 0 0 0 0 0 174 145 1 1 0 0 0 0 0 0 0 0 0
139 131 0 0 0 0 0 0 0 0 0 0 0 177 148 1 1 0 0 0 0 0 0 0 0 0
145 134 0 0 0 0 0 0 0 0 0 0 0 183 151 1 1 0 0 0 0 0 0 0 0 0
148 137 0 0 0 0 0 0 0 0 0 0 0 186 156 1 1 1 0 0 0 0 0 0 0 0
151 140 0 0 0 0 0 0 0 0 0 0 0 198 160 1 2 1 0 0 0 0 0 0 0 0
156 144 0 0 0 0 0 0 0 0 0 0 0 201 163 1 2 1 0 0 0 0 0 0 0 0
159 148 0 0 0 0 0 0 0 0 0 0 0 205 166 1 2 1 0 0 0 0 0 0 0 0
162 154 0 0 0 0 0 0 0 0 0 0 0 217 172 2 2 1 0 0 0 0 0 0 0 0
165 158 0 0 0 0 0 0 0 0 0 0 0 220 177 2 2 1 0 0 0 0 0 0 0 0
171 163 0 0 0 0 0 0 0 0 0 0 0 225 180 2 2 1 0 0 0 0 0 0 0 0
