# scores for worst/random/best/smart move selector strategies. 
# scores are 50% and 95% quantiles (based on 40 games) of: 
# game score, #destroyed, #unlocked, #stripes, #bombs, #zappers
0 0 0 0 0 0 0 0 0 0 0 0 0 6 6 0 0 0 0 0 0 0 0 0 0 0
3 3 0 0 0 0 0 0 0 0 0 0 0 11 11 0 0 0 0 0 0 0 0 0 0 0
9 9 0 0 0 0 0 0 0 0 0 0 0 18 15 0 0 0 0 0 0 0 0 0 0 0
12 12 0 0 0 0 0 0 0 0 0 0 0 22 20 0 0 0 0 0 0 0 0 0 0 0
18 18 0 0 0 0 0 0 0 0 0 0 0 42 23 0 0 0 0 0 0 0 0 0 0 0
22 22 0 0 0 0 0 0 0 0 0 0 0 69 31 0 1 0 0 0 0 0 0 0 0 0
25 25 0 0 0 0 0 0 0 0 0 0 0 83 35 0 1 0 1 0 0 0 1 0 0 0
30 30 0 0 0 0 0 0 0 0 0 0 0 89 39 0 1 0 1 0 0 0 1 0 0 0
33 33 0 0 0 0 0 0 0 0 0 0 0 92 47 0 1 0 1 0 0 0 1 0 0 0
39 38 0 0 0 0 0 0 0 0 0 0 0 97 50 0 2 0 1 0 0 0 1 0 0 0
47 43 0 0 0 0 0 0 0 0 0 0 0 111 57 0 2 0 1 0 0 0 1 0 0 0
52 47 0 0 0 0 0 0 0 0 0 0 0 114 63 0 2 0 1 0 0 0 1 0 0 0
66 51 0 0 0 0 0 0 0 0 0 0 0 130 69 0 2 0 1 0 0 0 1 0 0 0
72 55 0 0 0 0 0 0 0 0 0 0 0 133 73 0 2 0 1 0 0 0 1 0 0 0
76 60 0 0 0 0 0 0 0 0 0 0 0 159 81 0 2 1 1 0 0 0 1 0 0 0
80 64 0 0 0 0 0 0 0 0 0 0 0 171 93 0 3 1 1 0 0 0 1 0 0 0
90 69 0 1 0 0 0 0 0 0 0 0 0 190 105 0 3 1 1 1 0 0 1 0 0 0
96 74 0 1 0 0 0 0 0 0 0 0 0 244 117 0 3 1 1 1 0 0 1 0 0 0
100 78 0 1 0 0 0 0 0 0 0 0 0 251 121 0 3 1 1 1 0 0 1 0 0 0
107 84 0 1 0 0 0 0 0 0 0 0 0 259 124 0 3 1 1 1 0 0 1 0 0 0
110 88 0 1 0 0 0 0 0 0 0 0 0 267 130 0 4 1 1 1 0 0 1 0 0 0
116 92 0 1 0 0 0 0 0 0 0 0 0 271 138 0 4 1 1 1 0 0 1 0 0 0
122 98 0 1 0 0 0 0 0 0 0 0 0 301 146 0 4 1 1 1 0 0 1 0 0 0
130 101 0 1 0 0 0 0 0 0 0 0 0 304 149 0 4 1 1 1 0 0 1 0 0 0
136 106 0 1 0 0 0 0 0 0 0 0 0 308 152 0 4 1 1 1 0 0 1 0 0 0
139 109 0 1 0 0 0 0 0 0 0 0 0 314 157 0 4 1 1 1 0 0 1 0 0 0
144 114 0 1 0 0 0 0 0 0 0 0 0 317 160 0 4 1 1 1 0 0 1 0 0 0
152 117 0 1 0 0 0 0 0 0 0 0 0 320 164 0 4 1 1 1 0 0 1 0 0 0
158 123 0 1 0 0 0 0 0 0 0 0 0 335 171 0 4 1 1 1 0 0 1 0 0 0
167 128 0 2 0 0 0 0 0 0 0 0 0 338 174 0 4 1 1 1 0 0 1 0 0 0
170 132 0 2 0 0 0 0 0 0 0 0 0 343 179 0 4 1 1 1 0 0 1 0 0 0
173 135 0 2 0 0 0 0 0 0 0 0 0 347 184 0 4 1 1 1 0 0 1 0 0 0
178 138 0 2 0 0 0 0 0 0 0 0 0 352 188 0 4 1 1 1 0 0 1 0 0 0
185 144 0 2 0 0 0 0 0 0 0 0 0 355 191 0 4 1 1 1 0 0 1 0 0 0
188 148 0 2 0 0 0 0 0 0 0 0 0 360 196 0 5 1 1 1 0 0 1 0 0 0
191 151 0 2 0 0 0 0 0 0 0 0 0 363 199 0 5 1 1 1 0 0 1 0 0 0
199 157 0 2 0 0 0 0 0 0 0 0 0 366 202 0 5 1 1 1 0 0 1 0 0 0
204 161 0 2 0 0 0 0 0 0 0 0 0 390 205 0 5 1 1 1 0 0 1 0 0 0
209 166 0 2 0 0 0 0 0 0 0 0 0 393 209 0 5 1 1 1 0 0 1 0 0 0
220 170 0 2 0 0 0 0 0 0 0 0 0 396 212 0 5 1 1 1 0 0 1 0 0 0
232 176 0 2 0 0 0 0 0 0 0 0 0 416 215 0 6 1 1 1 0 0 1 0 0 0
