# scores for worst/random/best/smart move selector strategies. 
# scores are 50% and 95% quantiles (based on 40 games) of: 
# game score, #destroyed, #unlocked, #stripes, #bombs, #zappers
0 0 0 0 0 0 0 0 0 0 0 0 0 6 6 0 0 0 0 0 0 0 0 0 0 0
3 3 0 0 0 0 0 0 0 0 0 0 0 11 11 0 0 0 0 0 0 0 0 0 0 0
9 9 0 0 0 0 0 0 0 0 0 0 0 18 18 0 0 0 0 0 0 0 0 0 0 0
13 12 0 0 0 0 0 0 0 0 0 0 0 24 22 0 0 0 0 0 0 0 0 0 0 0
17 17 0 0 0 0 0 0 0 0 0 0 0 50 29 0 0 0 0 0 0 0 0 0 0 0
21 21 0 0 0 0 0 0 0 0 0 0 0 76 39 0 1 0 0 0 0 0 0 0 0 0
24 24 0 0 0 0 0 0 0 0 0 0 0 108 51 0 1 1 0 0 0 0 0 0 0 0
30 30 0 0 0 0 0 0 0 0 0 0 0 130 70 0 1 1 0 0 0 0 0 0 0 0
36 36 0 0 0 0 0 0 0 0 0 0 0 135 76 0 2 1 0 0 0 0 0 0 0 0
41 40 0 0 0 0 0 0 0 0 0 0 0 140 82 0 2 1 0 0 0 0 0 0 0 0
46 45 0 0 0 0 0 0 0 0 0 0 0 151 86 0 2 1 0 0 0 0 0 0 0 0
50 48 0 0 0 0 0 0 0 0 0 0 0 157 92 0 2 1 0 0 0 0 0 0 0 0
71 52 0 0 0 0 0 0 0 0 0 0 0 161 96 0 3 1 0 0 0 0 0 0 0 0
76 57 0 1 0 0 0 0 0 0 0 0 0 219 117 0 3 1 0 1 0 0 0 0 0 0
84 62 0 1 0 0 0 0 0 0 0 0 0 230 123 0 3 1 1 1 0 0 1 0 0 0
88 66 0 1 0 0 0 0 0 0 0 0 0 247 130 0 3 2 1 1 0 0 1 0 0 0
94 71 0 1 0 0 0 0 0 0 0 0 0 285 135 0 3 2 1 1 0 0 1 0 0 0
97 74 0 1 0 0 0 0 0 0 0 0 0 289 147 0 3 2 1 1 0 0 1 0 0 0
100 78 0 1 0 0 0 0 0 0 0 0 0 306 164 0 3 2 1 1 0 0 1 0 0 0
109 82 0 1 0 0 0 0 0 0 0 0 0 340 171 0 3 2 1 1 0 0 1 0 0 0
118 86 0 1 0 0 0 0 0 0 0 0 0 343 177 0 4 2 1 1 0 0 1 0 0 0
123 91 0 1 0 0 0 0 0 0 0 0 0 376 187 0 4 2 1 1 0 0 1 0 0 0
127 97 0 1 0 0 0 0 0 0 0 0 0 383 191 0 4 2 1 1 0 0 1 0 0 0
132 100 0 1 0 0 0 0 0 0 0 0 0 389 199 0 5 2 1 1 0 0 1 0 0 0
135 103 0 1 0 0 0 0 0 0 0 0 0 394 220 0 5 2 1 1 1 0 1 0 0 0
145 107 0 2 0 0 0 0 0 0 0 0 0 417 228 0 6 2 1 1 1 0 1 0 0 0
149 113 0 2 0 0 0 0 0 0 0 0 0 420 231 0 6 2 1 1 1 0 1 0 0 0
155 117 0 2 0 0 0 0 0 0 0 0 0 433 238 0 6 2 1 1 1 0 1 0 0 0
170 121 0 2 0 0 0 0 0 0 0 0 0 473 242 0 6 2 1 1 1 0 1 0 0 0
174 124 0 2 0 0 0 0 0 0 0 0 0 478 249 0 6 2 1 1 1 0 1 0 0 0
185 127 0 2 0 0 0 0 0 0 0 0 0 519 253 0 6 2 1 1 1 0 1 0 0 0
190 131 0 2 0 0 0 0 0 0 0 0 0 527 257 0 6 2 1 1 1 0 1 0 0 0
195 136 0 2 0 0 0 0 0 0 0 0 0 550 278 0 6 2 1 1 1 0 1 0 0 0
202 140 0 2 0 0 0 0 0 0 0 0 0 568 283 0 6 2 1 1 1 0 1 0 0 0
210 145 0 2 0 0 0 0 0 0 0 0 0 578 288 0 6 2 1 1 1 0 1 0 0 0
213 148 0 2 0 0 0 0 0 0 0 0 0 587 294 0 6 2 1 1 1 0 1 0 0 0
217 154 0 2 0 0 0 0 0 0 0 0 0 592 299 0 7 2 1 1 1 0 1 0 0 0
238 158 0 2 0 0 0 0 0 0 0 0 0 606 305 0 7 2 1 1 1 0 1 0 0 0
242 163 0 3 0 0 0 0 0 0 0 0 0 611 308 0 7 2 2 1 1 0 2 0 0 0
246 168 0 3 0 0 0 0 0 0 0 0 0 626 321 0 7 2 2 1 1 0 2 0 0 0
249 172 0 3 0 0 0 0 0 0 0 0 0 631 328 0 7 2 2 1 1 0 2 0 0 0
