# scores for worst/random/best/smart move selector strategies. 
# scores are 50% and 95% quantiles (based on 40 games) of: 
# game score, #destroyed, #unlocked, #stripes, #bombs, #zappers
0 0 0 0 0 0 0 0 0 0 0 0 0 6 6 0 0 0 0 0 0 0 0 0 0 0
3 3 0 0 0 0 0 0 0 0 0 0 0 9 9 0 0 0 0 0 0 0 0 0 0 0
7 7 0 0 0 0 0 0 0 0 0 0 0 18 18 0 0 0 0 0 0 0 0 0 0 0
12 12 0 0 0 0 0 0 0 0 0 0 0 22 22 0 0 0 0 0 0 0 0 0 0 0
15 15 0 0 0 0 0 0 0 0 0 0 0 27 27 0 0 0 0 0 0 0 0 0 0 0
21 21 0 0 0 0 0 0 0 0 0 0 0 30 30 0 0 0 0 0 0 0 0 0 0 0
24 24 0 0 0 0 0 0 0 0 0 0 0 48 36 0 0 0 0 0 0 0 0 0 0 0
27 27 0 0 0 0 0 0 0 0 0 0 0 56 39 0 1 0 0 0 0 0 0 0 0 0
31 31 0 0 0 0 0 0 0 0 0 0 0 60 42 0 1 0 0 0 0 0 0 0 0 0
36 36 0 0 0 0 0 0 0 0 0 0 0 63 48 0 1 0 0 0 0 0 0 0 0 0
39 39 0 0 0 0 0 0 0 0 0 0 0 68 53 0 1 0 0 0 0 0 0 0 0 0
45 45 0 0 0 0 0 0 0 0 0 0 0 71 58 0 1 0 0 0 0 0 0 0 0 0
48 48 0 0 0 0 0 0 0 0 0 0 0 74 61 0 1 0 0 0 0 0 0 0 0 0
51 51 0 0 0 0 0 0 0 0 0 0 0 78 65 0 1 0 0 0 0 0 0 0 0 0
55 54 0 0 0 0 0 0 0 0 0 0 0 88 68 0 1 0 0 0 0 0 0 0 0 0
59 58 0 0 0 0 0 0 0 0 0 0 0 91 71 0 1 0 0 0 0 0 0 0 0 0
65 63 0 0 0 0 0 0 0 0 0 0 0 94 74 0 1 0 0 0 0 0 0 0 0 0
69 68 0 0 0 0 0 0 0 0 0 0 0 97 77 0 1 0 0 0 0 0 0 0 0 0
72 71 0 0 0 0 0 0 0 0 0 0 0 100 83 0 1 0 0 0 0 0 0 0 0 0
75 75 0 0 0 0 0 0 0 0 0 0 0 108 89 0 1 0 0 0 0 0 0 0 0 0
78 78 0 0 0 0 0 0 0 0 0 0 0 118 92 0 1 0 0 0 0 0 0 0 0 0
81 81 0 0 0 0 0 0 0 0 0 0 0 121 95 0 1 0 0 0 0 0 0 0 0 0
87 87 0 0 0 0 0 0 0 0 0 0 0 126 98 0 1 0 0 0 0 0 0 0 0 0
90 90 0 0 0 0 0 0 0 0 0 0 0 136 103 0 1 0 0 0 0 0 0 0 0 0
93 93 0 0 0 0 0 0 0 0 0 0 0 139 111 0 1 0 0 0 0 0 0 0 0 0
98 96 0 0 0 0 0 0 0 0 0 0 0 144 116 0 1 0 0 0 0 0 0 0 0 0
102 99 0 0 0 0 0 0 0 0 0 0 0 147 121 0 1 0 0 0 0 0 0 0 0 0
109 104 0 0 0 0 0 0 0 0 0 0 0 153 124 0 1 0 0 0 0 0 0 0 0 0
112 108 0 0 0 0 0 0 0 0 0 0 0 158 128 0 1 0 0 0 0 0 0 0 0 0
117 112 0 0 0 0 0 0 0 0 0 0 0 164 132 0 1 0 0 0 0 0 0 0 0 0
120 116 0 0 0 0 0 0 0 0 0 0 0 167 135 0 1 0 0 0 0 0 0 0 0 0
123 119 0 0 0 0 0 0 0 0 0 0 0 170 139 0 1 0 0 0 0 0 0 0 0 0
129 126 0 0 0 0 0 0 0 0 0 0 0 174 142 0 1 0 0 0 0 0 0 0 0 0
132 129 0 0 0 0 0 0 0 0 0 0 0 177 145 0 1 0 0 0 0 0 0 0 0 0
135 134 0 0 0 0 0 0 0 0 0 0 0 180 152 0 1 0 0 0 0 0 0 0 0 0
139 138 0 0 0 0 0 0 0 0 0 0 0 183 155 0 1 0 0 0 0 0 0 0 0 0
144 141 0 0 0 0 0 0 0 0 0 0 0 186 158 0 1 0 0 0 0 0 0 0 0 0
147 145 0 0 0 0 0 0 0 0 0 0 0 193 166 0 1 0 0 0 0 0 0 0 0 0
151 149 0 0 0 0 0 0 0 0 0 0 0 196 172 0 1 0 0 0 0 0 0 0 0 0
155 153 0 0 0 0 0 0 0 0 0 0 0 202 176 0 1 0 0 0 0 0 0 0 0 0
159 156 0 0 0 0 0 0 0 0 0 0 0 219 183 0 1 0 0 0 0 0 0 0 0 0
