# scores for worst/random/best/smart move selector strategies. 
# scores are 50% and 95% quantiles (based on 40 games) of: 
# game score, #destroyed, #unlocked, #stripes, #bombs, #zappers
25 25 0 0 0 0 0 0 0 0 0 0 0 487 188 7 5 4 1 0 0 0 0 0 0 0
116 65 0 1 0 0 0 0 0 0 0 0 0 1094 347 11 17 9 5 0 0 0 1 1 0 0
465 189 6 4 3 1 0 0 0 0 0 0 0 1864 603 14 21 16 9 1 1 0 2 1 0 0
928 288 7 8 5 1 0 0 0 1 0 0 0 2133 667 17 27 22 10 2 1 1 2 1 1 1
1358 399 8 17 9 3 0 0 0 1 0 0 0 3066 918 17 34 27 12 2 1 1 3 1 1 1
1554 434 8 18 10 4 0 0 0 1 0 0 0 3983 985 17 42 34 14 2 1 1 3 1 1 1
1913 498 8 23 12 4 0 0 0 1 0 0 0 4082 1013 17 45 37 14 2 1 1 3 1 1 1
2264 640 8 25 15 5 0 0 0 1 0 0 0 4249 1144 17 54 37 14 2 2 1 3 2 1 1
2843 699 9 28 24 6 0 0 0 2 1 0 0 4727 1200 17 56 48 14 2 2 1 4 2 1 1
3173 737 9 30 29 6 0 0 0 2 1 0 0 4848 1303 17 60 50 16 2 2 2 5 2 1 1
3400 886 9 32 35 8 0 0 0 2 1 1 0 5519 1531 17 65 62 21 2 2 2 5 2 2 1
4079 981 9 34 39 8 0 0 0 2 1 1 0 6721 1609 17 67 79 24 2 2 2 5 2 2 2
4177 1069 9 37 40 8 0 0 0 2 1 1 0 7085 1674 17 75 79 26 2 2 2 5 2 2 2
4464 1154 9 40 43 10 0 1 1 3 1 1 0 7794 1766 17 79 85 27 2 2 2 6 2 2 2
4903 1263 9 42 47 12 0 1 1 3 1 1 0 7891 1858 17 79 86 28 2 3 2 6 2 2 2
5108 1359 9 47 49 12 0 1 1 3 1 1 0 9129 2183 17 82 102 29 2 3 2 7 2 2 2
5489 1414 9 50 51 13 1 1 1 3 1 1 0 9990 2313 17 83 103 30 2 3 2 7 3 2 2
5932 1539 9 52 51 14 1 1 1 4 1 1 0 10040 2437 17 104 103 30 2 3 2 7 3 3 2
6271 1643 9 55 54 15 1 1 1 4 1 1 0 10426 2683 17 111 117 33 2 3 2 7 3 4 2
6688 1773 9 58 58 16 1 1 1 4 1 1 0 10750 2714 17 114 123 35 2 3 2 7 3 4 2
7058 1879 9 60 66 18 1 1 1 4 1 1 0 10867 2725 17 130 126 35 2 3 2 7 4 4 2
7161 1926 9 64 66 19 1 1 1 5 1 1 1 11212 2786 17 131 127 36 2 3 2 8 4 4 2
7696 2051 9 70 67 20 1 1 1 5 1 1 1 11355 2864 17 144 127 37 2 3 3 8 4 4 2
8174 2143 9 74 74 21 1 1 1 5 1 1 1 11909 3113 17 149 129 41 2 4 3 9 4 4 2
8847 2283 9 77 84 24 1 2 1 6 1 2 1 12723 3182 17 150 141 43 2 4 3 9 4 4 2
9063 2355 9 83 86 25 1 2 1 6 1 2 1 13153 3459 17 154 144 44 2 4 3 10 4 4 2
9274 2435 9 85 91 25 1 2 1 6 1 2 1 13204 3571 17 159 146 48 2 4 3 10 4 4 2
9410 2487 9 87 93 26 1 2 1 6 2 2 1 14040 3597 17 162 160 50 2 4 4 10 4 5 3
9854 2523 9 91 96 27 1 2 1 6 2 2 1 14121 3651 17 162 163 50 3 4 4 10 4 5 3
10097 2562 9 96 98 27 1 2 1 7 2 2 1 14265 3676 17 166 163 50 3 5 4 10 4 5 3
10413 2655 9 98 99 28 1 2 1 7 2 2 1 15033 3727 17 168 166 52 3 5 4 10 4 5 3
10815 2760 9 102 104 30 1 2 1 7 2 2 1 15905 3827 17 169 177 55 3 5 4 11 4 5 3
11536 2891 9 105 110 31 1 2 1 7 2 2 1 16360 4008 17 169 179 56 3 5 4 11 4 5 3
11787 3019 9 109 114 32 1 2 1 7 2 2 1 16416 4085 17 170 181 56 3 5 4 11 4 5 3
11927 3133 9 111 115 33 1 2 2 8 2 2 1 17006 4312 17 171 186 56 3 5 4 11 4 5 3
12173 3211 9 116 116 33 1 2 2 8 2 2 1 17382 4413 17 172 187 56 3 5 4 11 4 5 3
12429 3358 9 119 118 34 1 2 2 8 2 2 1 18363 4500 17 174 204 57 3 5 4 11 4 5 3
13379 3481 9 121 129 35 1 2 2 8 2 3 1 18451 4684 17 178 205 60 4 5 4 11 4 5 4
13658 3553 9 123 131 35 1 2 2 8 2 3 1 19250 4823 17 189 213 60 4 5 4 11 5 5 4
13820 3673 9 131 133 37 1 3 2 9 2 3 1 19356 4878 17 189 218 60 4 5 5 12 5 6 4
14191 3781 9 138 139 38 2 3 2 9 2 3 1 20315 5030 17 191 218 64 4 6 5 13 5 6 4
