# scores for worst/random/best/smart move selector strategies. 
# scores are 50% and 95% quantiles (based on 40 games) of: 
# game score, #destroyed, #unlocked, #stripes, #bombs, #zappers
25 25 0 0 0 0 0 0 0 0 0 0 0 487 188 7 5 4 1 0 0 0 0 0 0 0
64 53 0 0 0 0 0 0 0 0 0 0 0 1035 356 11 9 9 3 0 0 0 0 0 0 0
128 75 0 1 0 0 0 0 0 0 0 0 0 1671 523 11 18 12 6 0 0 0 0 0 0 0
302 135 1 3 1 0 0 0 0 0 0 0 0 2587 794 13 21 21 9 0 0 0 1 0 0 0
582 203 4 6 3 1 0 0 0 0 0 0 0 2840 857 13 23 23 11 0 0 0 1 1 0 0
617 238 5 7 4 1 0 0 0 0 0 0 0 2897 915 13 23 23 11 0 0 0 1 1 0 0
660 257 5 7 4 1 0 0 0 0 0 0 0 3085 971 13 25 25 12 0 0 0 1 1 0 0
954 312 7 9 6 1 0 0 0 0 0 0 0 3641 1134 13 28 31 13 0 0 0 1 1 0 0
1288 415 7 10 9 2 0 0 0 0 0 0 0 4179 1319 13 31 33 15 0 0 0 1 1 0 0
1453 484 7 11 10 3 0 0 0 0 0 0 0 4210 1342 13 31 33 15 0 0 0 2 1 0 0
1466 511 8 12 10 3 0 0 0 0 0 0 0 4224 1348 13 31 36 15 0 0 0 2 1 0 0
1652 547 8 16 11 4 0 0 0 0 0 0 0 4343 1378 14 31 39 16 0 0 0 2 1 0 0
2076 662 8 19 14 5 0 0 0 0 0 0 0 4702 1502 14 38 39 17 0 0 0 2 1 0 0
2083 676 8 19 14 5 0 0 0 0 0 0 0 5366 1677 14 40 43 22 0 0 0 2 1 0 0
2188 727 8 20 16 6 0 0 0 0 0 0 0 5387 1682 14 40 44 22 0 0 0 2 1 0 0
2566 818 8 20 21 7 0 0 0 0 0 0 0 5530 1773 14 41 47 22 0 0 0 2 1 0 0
2690 925 8 21 21 7 0 0 0 1 0 0 0 5538 1781 14 42 47 22 0 0 0 2 1 0 0
2811 965 8 23 22 7 0 0 0 1 0 0 0 5952 1908 14 44 48 22 0 0 0 2 1 0 0
3132 1067 8 26 23 7 0 0 0 1 0 0 0 6140 1992 14 45 50 22 0 0 0 2 1 0 0
3233 1094 8 27 24 9 0 0 0 1 0 0 0 6150 2002 14 47 50 22 0 0 0 3 1 0 0
3292 1111 8 28 24 9 0 0 0 1 0 0 0 6158 2011 14 47 52 22 0 0 0 3 1 0 0
3378 1143 8 28 24 9 0 0 0 1 0 0 0 6161 2014 14 48 53 22 1 0 0 3 1 0 0
3475 1193 8 30 27 9 0 0 0 1 0 0 0 6240 2033 14 51 53 22 1 1 0 3 1 0 0
3631 1241 8 32 28 10 0 0 0 1 0 0 0 6783 2181 14 52 55 25 1 1 0 3 1 0 0
3822 1287 8 33 28 10 0 0 0 1 0 0 0 6799 2197 14 52 55 25 1 1 1 3 1 0 0
3995 1316 8 33 29 10 0 0 0 1 0 0 0 6951 2254 14 57 56 25 1 1 1 3 1 0 0
4139 1381 8 34 30 11 0 0 0 1 0 0 0 7209 2328 14 60 58 25 1 1 1 4 1 0 0
4318 1441 8 37 35 13 0 0 0 1 0 0 0 7216 2334 14 64 58 25 1 1 1 4 1 0 0
4425 1506 8 38 36 13 0 0 0 1 0 0 0 7296 2375 14 66 58 26 1 1 1 4 1 0 0
4540 1541 8 38 37 13 0 0 0 2 0 0 0 7300 2378 14 68 58 26 1 1 1 4 1 0 0
4549 1567 8 38 38 13 0 0 0 2 0 0 0 7584 2464 14 73 61 26 1 1 1 4 1 0 0
5183 1695 8 41 39 14 0 0 0 2 0 0 0 7612 2480 14 78 64 26 1 1 1 4 1 1 0
5229 1739 8 41 41 14 0 0 0 2 0 0 0 8278 2644 14 78 66 30 1 1 1 4 1 1 0
5368 1767 8 42 41 15 0 0 0 2 0 0 0 8515 2722 14 78 68 32 1 1 1 4 1 1 0
5386 1788 8 42 41 15 0 0 0 2 0 0 0 8518 2725 14 79 69 32 1 1 1 4 1 1 0
5595 1816 8 45 43 15 0 0 0 2 0 0 0 8719 2826 14 79 71 32 1 1 1 4 1 1 0
5756 1871 8 47 45 16 0 0 0 2 0 0 0 8784 2853 14 79 73 32 1 1 1 4 1 1 0
5765 1913 8 47 45 16 0 0 0 2 0 0 0 8809 2864 14 80 73 32 1 1 1 4 1 1 0
5906 1935 8 47 45 17 0 0 0 2 0 0 0 9012 2931 14 81 73 32 1 1 1 4 1 1 0
5993 1963 8 47 48 17 0 0 0 2 0 0 0 9182 2964 14 84 73 32 1 1 1 4 1 1 0
6093 2020 8 50 48 18 0 0 0 2 0 0 0 9383 3039 14 86 78 33 1 1 1 4 1 1 0
