# scores for worst/random/best/smart move selector strategies. 
# scores are 50% and 95% quantiles (based on 40 games) of: 
# game score, #destroyed, #unlocked, #stripes, #bombs, #zappers
25 25 0 0 0 0 0 0 0 0 0 0 0 487 188 7 5 4 1 0 0 0 0 0 0 0
207 81 1 1 1 0 0 0 0 0 0 0 0 1185 357 12 17 9 4 0 0 0 1 1 0 0
721 241 5 6 5 1 0 0 0 0 0 0 0 2074 614 12 32 20 8 0 1 0 2 1 0 0
1179 355 7 11 8 2 0 0 0 1 0 0 0 2981 721 15 35 37 11 0 1 0 3 1 1 0
1688 497 8 15 11 4 0 0 0 1 0 0 0 4361 1100 15 40 46 12 1 1 0 3 1 1 0
2434 596 8 20 18 5 0 0 0 1 0 0 0 5052 1333 15 55 57 18 1 1 0 3 2 2 0
2656 735 8 28 26 7 0 0 0 2 1 0 0 5895 1535 15 66 71 20 1 1 1 4 2 2 1
3325 888 8 34 33 9 0 0 0 2 1 0 0 6360 1678 15 70 74 20 1 2 1 4 2 2 1
4025 1076 8 42 39 10 0 0 0 2 1 1 0 6697 1790 15 81 78 22 1 2 1 4 3 2 1
4808 1220 8 45 42 12 0 0 0 3 1 1 0 6930 1921 15 85 82 24 1 2 1 5 3 2 1
5268 1308 8 49 52 13 0 0 0 3 1 1 0 8779 2155 15 86 85 27 1 2 1 5 3 2 1
5701 1370 8 52 58 14 0 0 0 3 1 1 0 9342 2255 15 90 100 28 1 2 1 5 3 3 1
5959 1535 8 54 60 15 0 0 0 3 1 1 0 10262 2569 15 101 113 31 1 2 1 6 3 3 1
6191 1583 8 56 67 16 0 1 0 4 1 1 0 11353 2654 15 105 126 33 1 2 1 6 3 3 1
6862 1725 8 61 70 17 0 1 0 4 1 1 0 11519 2750 15 105 126 33 1 3 1 7 3 3 1
7564 1820 8 64 77 18 0 1 1 4 1 2 0 12058 2979 15 107 141 37 1 3 1 8 3 3 1
7744 1924 8 68 80 19 0 1 1 5 1 2 0 12643 3094 15 120 143 40 2 3 1 8 3 4 1
8073 2011 8 72 83 20 0 1 1 5 2 2 0 12726 3125 15 131 150 41 2 3 1 8 3 4 1
8318 2133 8 76 91 21 0 1 1 5 2 2 0 13148 3260 15 131 150 45 2 3 2 8 3 4 1
8699 2274 8 84 96 23 0 1 1 5 2 2 0 13758 3457 15 142 154 47 2 4 2 8 3 4 2
9426 2417 8 85 103 23 0 1 1 6 2 2 0 14073 3547 15 149 155 48 2 4 2 9 3 4 2
10163 2517 8 89 106 24 0 1 1 6 2 2 0 14977 3919 15 151 162 54 2 4 2 10 4 5 2
10677 2585 8 94 109 26 0 1 1 6 2 2 0 15397 4059 15 151 172 56 2 4 2 10 4 5 2
10978 2659 8 100 112 27 0 1 1 7 2 2 0 15584 4139 15 152 189 56 2 4 2 11 4 6 2
11414 2811 8 103 116 29 0 1 1 7 2 2 0 16425 4398 15 157 191 58 2 4 2 11 4 6 2
12318 3000 8 107 134 31 0 1 1 7 2 3 0 16798 4484 15 158 194 59 2 4 2 11 4 6 2
12720 3130 8 111 135 33 0 1 1 8 2 3 0 17160 4617 15 163 196 59 2 4 2 11 4 6 2
13082 3237 8 113 139 34 0 1 1 8 2 3 0 17404 4675 15 175 198 61 2 4 2 12 5 6 2
13796 3339 8 120 146 35 1 2 1 8 2 3 0 17933 4826 15 177 209 63 2 4 2 12 5 6 2
13924 3403 8 120 146 35 1 2 1 8 2 3 0 18128 4857 15 181 212 63 2 5 3 13 5 6 2
14422 3470 8 132 148 37 1 2 1 8 3 3 0 18227 4923 15 182 217 63 2 5 3 13 5 6 2
14833 3668 8 132 149 37 1 2 1 9 3 3 0 18746 5045 15 189 217 64 2 5 3 14 5 6 2
15395 3772 8 147 157 40 1 2 1 9 3 3 0 19145 5188 15 193 220 65 2 5 3 14 5 6 2
15743 3910 8 151 160 40 1 2 1 9 3 3 0 19994 5306 15 199 225 67 2 5 3 15 5 6 2
16236 3958 8 156 171 43 1 2 1 9 3 3 0 21229 5500 15 207 235 71 3 5 3 15 5 6 2
17037 4100 8 160 171 45 1 2 1 10 3 3 0 21913 5554 15 215 246 71 3 5 3 15 6 7 2
17367 4202 8 161 175 45 1 2 1 10 3 3 0 22112 5598 15 217 249 71 3 5 3 15 6 7 2
17477 4445 8 164 179 46 1 2 1 10 3 4 0 22597 5755 15 223 251 73 3 5 3 16 6 7 2
17737 4478 8 169 184 46 1 3 1 10 3 4 0 23003 5879 15 228 253 75 3 5 3 16 6 7 2
18944 4610 8 173 197 48 1 3 1 11 3 4 0 24768 6149 15 244 268 79 3 6 3 17 6 7 2
19403 4763 8 180 200 50 1 3 2 11 3 4 0 25601 6351 15 252 270 82 3 6 3 17 6 7 2
