# scores for worst/random/best/smart move selector strategies. 
# scores are 50% and 95% quantiles (based on 40 games) of: 
# game score, #destroyed, #unlocked, #stripes, #bombs, #zappers
25 25 0 0 0 0 0 0 0 0 0 0 0 487 188 7 5 4 1 0 0 0 0 0 0 0
40 39 0 0 0 0 0 0 0 0 0 0 0 844 280 7 6 6 3 0 0 0 0 0 0 0
68 52 0 0 0 0 0 0 0 0 0 0 0 1014 338 9 9 8 4 0 0 0 0 0 0 0
117 75 1 1 0 0 0 0 0 0 0 0 0 1611 519 9 14 12 5 0 0 0 0 0 0 0
253 137 2 2 1 0 0 0 0 0 0 0 0 1633 541 11 15 12 5 0 0 0 0 0 0 0
293 153 2 2 1 0 0 0 0 0 0 0 0 1649 560 11 15 12 5 0 0 0 0 0 0 0
406 189 2 3 2 0 0 0 0 0 0 0 0 1959 663 12 16 17 5 0 0 0 0 0 0 0
470 213 3 4 3 0 0 0 0 0 0 0 0 2231 746 12 17 19 5 0 0 0 0 0 0 0
549 224 4 4 4 0 0 0 0 0 0 0 0 2263 762 12 17 19 6 0 0 0 0 0 0 0
591 259 4 5 4 1 0 0 0 0 0 0 0 2279 770 12 18 19 6 0 0 0 0 0 0 0
639 282 4 5 4 1 0 0 0 0 0 0 0 2282 773 12 18 19 6 0 0 0 0 0 0 0
706 344 5 7 5 1 0 0 0 0 0 0 0 2727 904 12 20 21 7 0 0 0 0 0 0 0
935 396 5 8 5 1 0 0 0 0 0 0 0 2762 924 12 22 22 7 0 0 0 0 0 0 0
963 415 5 8 6 1 0 0 0 0 0 0 0 2896 954 12 22 24 9 0 0 0 0 0 0 0
1146 451 6 9 7 2 0 0 0 0 0 0 0 2900 958 12 23 24 9 0 0 0 0 0 0 0
1192 469 7 11 8 2 0 0 0 0 0 0 0 2951 989 12 23 24 9 0 0 0 0 0 0 0
1243 503 7 11 8 3 0 0 0 0 0 0 0 2955 994 12 23 24 11 0 0 0 0 0 0 0
1249 508 7 11 9 3 0 0 0 0 0 0 0 3085 1051 12 23 25 12 0 0 0 0 0 0 0
1293 524 7 12 9 3 0 0 0 0 0 0 0 3091 1057 12 24 25 12 0 0 0 0 0 0 0
1353 539 7 12 9 3 0 0 0 0 0 0 0 3232 1103 12 24 25 12 0 0 0 0 0 0 0
1413 571 8 12 10 3 0 0 0 0 0 0 0 3250 1125 12 25 27 12 0 0 0 0 0 0 0
1584 599 8 13 10 4 0 0 0 0 0 0 0 3608 1228 12 27 29 12 0 0 0 0 0 0 0
1641 630 8 13 11 4 0 0 0 0 0 0 0 3690 1274 12 31 29 13 0 0 0 0 0 0 0
1671 683 8 14 11 4 0 0 0 0 0 0 0 3693 1277 12 31 29 13 0 0 0 0 0 0 0
1802 737 8 15 13 5 0 0 0 0 0 0 0 4025 1383 12 35 29 14 0 0 0 0 0 0 0
1911 751 8 16 14 5 0 0 0 0 0 0 0 4054 1386 12 36 29 14 0 0 0 0 0 0 0
1956 767 8 17 14 5 0 0 0 0 0 0 0 4195 1435 12 37 32 14 0 0 0 0 0 0 0
1979 791 8 17 14 5 0 0 0 0 0 0 0 4295 1479 12 37 32 15 0 0 0 0 0 0 0
1985 797 8 18 16 5 0 0 0 0 0 0 0 4504 1537 12 38 33 15 0 0 0 0 0 0 0
2326 881 8 19 16 5 0 0 0 0 0 0 0 4507 1541 12 38 33 15 0 0 0 0 0 0 0
2339 909 8 19 16 6 0 0 0 0 0 0 0 4545 1560 12 38 34 15 0 0 0 0 0 0 0
2447 946 8 20 16 6 0 0 0 0 0 0 0 4692 1574 12 38 36 15 0 0 0 0 0 0 0
2480 966 8 20 16 6 0 0 0 0 0 0 0 4699 1604 12 38 36 15 0 0 0 0 0 0 0
2500 975 8 21 16 6 0 0 0 0 0 0 0 4702 1616 12 39 37 15 0 0 0 0 0 0 0
2624 999 8 21 18 6 0 0 0 0 0 0 0 4713 1620 12 39 37 15 0 0 0 0 0 0 0
2627 1006 8 21 18 7 0 0 0 0 0 0 0 4800 1660 12 44 38 16 0 0 0 0 0 0 0
2641 1015 8 21 18 7 0 0 0 0 0 0 0 5473 1808 12 45 42 21 0 0 0 0 0 0 0
2671 1022 8 22 18 7 0 0 0 0 0 0 0 5481 1812 12 45 42 21 0 0 0 0 0 0 0
2735 1035 8 22 18 7 0 0 0 0 0 0 0 5485 1822 12 45 42 21 0 0 0 0 0 0 0
2764 1044 8 23 19 7 0 0 0 0 0 0 0 5586 1846 12 45 46 21 0 0 0 0 0 0 0
2822 1082 8 23 19 7 0 0 0 0 0 0 0 5708 1926 12 48 46 21 0 0 0 0 0 0 0
