# scores for worst/random/best/smart move selector strategies. 
# scores are 50% and 95% quantiles (based on 40 games) of: 
# game score, #destroyed, #unlocked, #stripes, #bombs, #zappers
5 5 0 0 0 0 0 0 0 0 0 0 0 16 16 0 0 0 0 0 0 0 0 0 0 0
12 12 0 0 0 0 0 0 0 0 0 0 0 28 28 0 0 0 0 0 0 0 0 0 0 0
17 17 0 0 0 0 0 0 0 0 0 0 0 106 47 0 0 0 0 0 0 0 0 0 0 0
22 22 0 0 0 0 0 0 0 0 0 0 0 129 57 0 2 1 0 0 0 0 0 0 0 0
29 29 0 0 0 0 0 0 0 0 0 0 0 133 62 0 2 1 0 0 0 0 0 0 0 0
36 34 0 0 0 0 0 0 0 0 0 0 0 180 80 0 2 1 0 1 0 0 0 0 0 0
53 40 0 0 0 0 0 0 0 0 0 0 0 189 86 0 3 1 0 1 1 0 0 0 0 0
79 48 0 1 0 0 0 0 0 0 0 0 0 241 91 0 4 1 0 1 1 0 0 0 0 0
91 56 0 1 0 0 0 0 0 0 0 0 0 250 100 0 4 1 0 1 1 0 0 0 0 0
102 62 0 1 0 0 0 0 0 0 0 0 0 277 109 0 4 1 0 1 1 0 0 0 0 0
130 72 0 1 0 0 0 0 0 0 0 0 0 368 120 0 6 1 1 1 1 0 0 0 0 0
139 75 0 2 0 0 0 0 0 0 0 0 0 371 129 0 6 1 1 1 1 0 1 0 0 0
144 80 0 2 0 0 0 0 0 0 0 0 0 442 156 0 7 2 1 1 1 0 1 0 0 0
155 87 0 2 0 0 0 0 0 0 0 0 0 445 159 0 7 2 1 2 1 0 1 0 0 0
169 99 0 2 0 0 0 0 0 0 0 0 0 448 162 0 7 2 1 2 1 0 1 0 0 0
185 106 0 3 0 0 0 0 0 0 0 0 0 461 171 0 7 2 1 2 1 0 1 0 0 0
196 117 0 3 0 0 0 0 0 0 0 0 0 465 175 0 7 2 1 2 1 0 1 0 0 0
209 121 0 3 0 0 0 0 0 0 0 0 0 470 180 0 7 2 1 2 1 0 1 0 0 0
234 128 0 3 0 0 0 0 0 0 0 0 0 479 187 0 10 2 1 2 1 0 1 1 0 0
239 135 0 3 0 0 0 0 0 0 0 0 0 503 197 0 10 2 1 2 1 0 1 1 0 0
284 142 0 4 0 0 1 0 0 0 0 0 0 522 205 0 10 2 1 2 1 0 1 1 0 0
288 146 0 4 0 0 1 0 0 0 0 0 0 537 218 0 10 2 1 2 1 0 1 1 0 0
297 151 0 4 0 0 1 0 0 0 0 0 0 542 230 0 10 2 1 2 1 0 1 1 0 0
323 162 0 4 1 0 1 0 0 0 0 0 0 549 242 0 10 2 1 2 1 0 1 1 0 0
338 174 0 4 1 0 1 0 0 0 0 0 0 566 251 0 11 2 1 2 1 0 1 1 0 0
356 183 0 5 1 0 1 0 0 0 0 0 0 569 254 0 11 2 1 2 1 0 1 1 0 0
364 187 0 5 1 0 1 0 0 0 0 0 0 574 257 0 11 2 1 2 1 0 1 1 0 0
368 190 0 5 1 0 1 0 0 0 0 0 0 587 261 0 11 2 1 2 1 0 1 1 0 0
404 203 0 6 1 0 1 0 0 0 0 0 0 593 271 0 11 2 1 2 1 0 1 1 0 0
427 215 0 6 1 0 1 0 0 0 0 0 0 650 277 0 11 3 1 3 1 0 1 1 0 0
433 220 0 7 1 0 1 0 0 0 0 0 0 657 281 0 11 3 1 3 1 0 1 1 0 0
442 227 0 7 1 0 1 0 0 0 0 0 0 677 291 0 11 3 1 3 1 0 1 1 0 0
456 231 0 7 1 0 1 0 0 0 0 0 0 686 297 0 12 3 2 3 1 0 1 1 0 0
482 239 0 7 1 0 1 0 0 0 0 0 0 713 305 0 12 3 2 3 1 0 1 1 0 0
501 246 0 7 1 0 1 0 0 0 0 0 0 725 316 0 12 3 2 3 1 0 1 1 0 0
511 254 0 8 1 0 1 0 0 0 0 0 0 731 325 0 12 3 2 3 1 0 1 1 0 0
516 260 0 8 1 0 1 0 0 0 0 0 0 752 333 0 14 3 2 3 1 0 1 1 0 0
536 272 0 8 1 0 1 0 0 0 0 0 0 757 337 0 14 3 2 3 1 0 1 1 0 0
570 276 0 9 1 0 1 0 0 0 0 0 0 811 343 0 14 3 2 3 2 0 1 1 0 0
586 287 0 9 1 0 1 0 0 0 0 0 0 879 350 0 14 3 2 3 2 0 1 1 0 0
615 293 0 9 1 0 1 0 0 0 0 0 0 925 368 0 14 3 2 3 2 0 2 1 0 0
