# scores for worst/random/best/smart move selector strategies. 
# scores are 50% and 95% quantiles (based on 40 games) of: 
# game score, #destroyed, #unlocked, #stripes, #bombs, #zappers
5 5 0 0 0 0 0 0 0 0 0 0 0 16 16 0 0 0 0 0 0 0 0 0 0 0
9 9 0 0 0 0 0 0 0 0 0 0 0 24 24 0 0 0 0 0 0 0 0 0 0 0
13 13 0 0 0 0 0 0 0 0 0 0 0 31 31 0 0 0 0 0 0 0 0 0 0 0
19 19 0 0 0 0 0 0 0 0 0 0 0 82 40 0 0 0 0 0 0 0 0 0 0 0
24 24 0 0 0 0 0 0 0 0 0 0 0 85 53 0 1 0 0 0 0 0 0 0 0 0
31 29 0 0 0 0 0 0 0 0 0 0 0 96 58 0 1 1 0 0 0 0 0 0 0 0
37 34 0 0 0 0 0 0 0 0 0 0 0 191 75 0 2 1 0 0 0 0 0 0 0 0
46 40 0 0 0 0 0 0 0 0 0 0 0 194 80 0 2 1 1 0 0 0 0 0 0 0
52 49 0 0 0 0 0 0 0 0 0 0 0 207 86 0 2 1 1 0 0 0 0 0 0 0
59 54 0 0 0 0 0 0 0 0 0 0 0 213 90 0 3 1 1 0 0 0 0 0 0 0
66 59 0 0 0 0 0 0 0 0 0 0 0 216 93 0 3 1 1 0 0 0 0 0 0 0
72 66 0 0 0 0 0 0 0 0 0 0 0 221 96 0 3 1 1 0 0 0 0 0 0 0
85 70 0 0 0 0 0 0 0 0 0 0 0 224 99 0 3 1 1 0 0 0 0 0 0 0
96 76 0 0 0 0 0 0 0 0 0 0 0 229 103 0 3 1 1 0 0 0 0 0 0 0
101 79 0 0 0 0 0 0 0 0 0 0 0 247 113 0 3 1 1 0 0 0 0 0 0 0
105 84 0 1 0 0 0 0 0 0 0 0 0 250 116 0 3 1 1 0 0 0 0 0 0 0
121 89 0 1 0 0 0 0 0 0 0 0 0 255 120 0 3 1 1 0 0 0 0 0 0 0
127 94 0 1 0 0 0 0 0 0 0 0 0 260 125 0 4 1 1 0 0 0 0 0 0 0
135 98 0 1 0 0 0 0 0 0 0 0 0 286 133 0 4 1 1 0 0 0 0 0 0 0
140 102 0 1 0 0 0 0 0 0 0 0 0 289 140 0 4 1 1 0 0 0 0 0 0 0
148 107 0 1 0 0 0 0 0 0 0 0 0 301 147 0 4 1 1 0 0 0 0 0 0 0
154 114 0 1 0 0 0 0 0 0 0 0 0 310 152 0 5 1 1 1 0 0 0 0 0 0
164 119 0 1 0 0 0 0 0 0 0 0 0 315 155 0 5 1 1 1 0 0 0 0 0 0
177 128 0 1 0 0 0 0 0 0 0 0 0 322 161 0 5 1 1 1 0 0 1 0 0 0
189 136 0 1 0 0 0 0 0 0 0 0 0 326 168 0 5 1 1 1 0 0 1 0 0 0
193 141 0 2 0 0 0 0 0 0 0 0 0 373 180 0 5 1 1 1 0 0 1 0 0 0
212 148 0 2 0 0 0 0 0 0 0 0 0 411 185 0 5 1 1 1 0 0 1 0 0 0
215 153 0 2 0 0 0 0 0 0 0 0 0 416 189 0 5 1 1 1 0 0 1 0 0 0
234 157 0 2 0 0 0 0 0 0 0 0 0 426 196 0 5 1 1 1 0 0 1 0 0 0
239 160 0 2 0 0 0 0 0 0 0 0 0 436 205 0 5 1 1 1 0 0 1 0 0 0
246 167 0 2 0 0 0 0 0 0 0 0 0 442 214 0 5 2 1 1 0 0 1 0 0 0
249 174 0 2 0 0 0 0 0 0 0 0 0 447 217 0 5 2 1 1 0 0 1 0 0 0
254 178 0 2 0 0 0 0 0 0 0 0 0 456 220 0 6 2 1 1 0 0 1 0 0 0
259 184 0 2 0 0 0 0 0 0 0 0 0 460 223 0 6 2 1 1 0 0 1 0 0 0
276 192 0 2 0 0 0 0 0 0 0 0 0 508 230 0 6 2 1 1 0 0 1 0 0 0
281 199 0 3 0 0 0 0 0 0 0 0 0 515 235 0 6 2 1 1 0 0 1 0 0 0
288 202 0 3 0 0 0 0 0 0 0 0 0 521 244 0 6 2 1 1 0 0 1 0 0 0
302 206 0 3 0 0 0 0 0 0 0 0 0 547 258 0 7 2 1 1 0 0 1 0 0 0
319 214 0 3 0 0 0 0 0 0 0 0 0 550 263 0 8 2 1 1 0 0 1 0 0 0
323 217 0 3 0 0 0 0 0 0 0 0 0 553 266 0 8 2 1 1 0 0 1 0 0 0
338 225 0 3 0 0 0 0 0 0 0 0 0 558 270 0 8 2 1 1 0 0 1 0 0 0
