# scores for worst/random/best/smart move selector strategies. 
# scores are 50% and 95% quantiles (based on 40 games) of: 
# game score, #destroyed, #unlocked, #stripes, #bombs, #zappers
5 5 0 0 0 0 0 0 0 0 0 0 0 16 16 0 0 0 0 0 0 0 0 0 0 0
9 9 0 0 0 0 0 0 0 0 0 0 0 28 28 0 0 0 0 0 0 0 0 0 0 0
13 13 0 0 0 0 0 0 0 0 0 0 0 42 32 0 0 0 0 0 0 0 0 0 0 0
18 18 0 0 0 0 0 0 0 0 0 0 0 45 35 0 0 0 0 0 0 0 0 0 0 0
21 21 0 0 0 0 0 0 0 0 0 0 0 55 40 0 1 0 0 0 0 0 0 0 0 0
25 25 0 0 0 0 0 0 0 0 0 0 0 62 46 0 1 0 0 0 0 0 0 0 0 0
30 30 0 0 0 0 0 0 0 0 0 0 0 66 53 0 1 0 0 0 0 0 0 0 0 0
33 33 0 0 0 0 0 0 0 0 0 0 0 81 58 0 1 0 0 0 0 0 0 0 0 0
39 38 0 0 0 0 0 0 0 0 0 0 0 86 61 0 1 0 0 0 0 0 0 0 0 0
45 44 0 0 0 0 0 0 0 0 0 0 0 89 64 0 1 0 0 0 0 0 0 0 0 0
51 49 0 0 0 0 0 0 0 0 0 0 0 127 73 0 1 1 0 0 0 0 0 0 0 0
56 54 0 0 0 0 0 0 0 0 0 0 0 132 79 0 1 1 0 0 0 0 0 0 0 0
59 57 0 0 0 0 0 0 0 0 0 0 0 141 88 0 1 1 0 0 0 0 0 0 0 0
64 62 0 0 0 0 0 0 0 0 0 0 0 147 92 0 1 1 0 0 0 0 0 0 0 0
69 66 0 0 0 0 0 0 0 0 0 0 0 172 99 0 1 1 0 0 0 0 0 0 0 0
74 72 0 0 0 0 0 0 0 0 0 0 0 180 107 0 1 1 0 0 0 0 0 0 0 0
83 76 0 0 0 0 0 0 0 0 0 0 0 186 111 0 1 1 0 0 0 0 0 0 0 0
90 84 0 0 0 0 0 0 0 0 0 0 0 214 122 0 1 1 0 0 0 0 0 0 0 0
95 87 0 0 0 0 0 0 0 0 0 0 0 236 138 0 2 1 0 0 0 0 0 0 0 0
99 93 0 0 0 0 0 0 0 0 0 0 0 247 141 0 2 1 0 0 0 0 0 0 0 0
103 96 0 0 0 0 0 0 0 0 0 0 0 250 144 0 2 1 0 0 0 0 0 0 0 0
107 100 0 0 0 0 0 0 0 0 0 0 0 267 151 0 2 1 0 0 0 0 0 0 0 0
116 107 0 0 0 0 0 0 0 0 0 0 0 270 154 0 2 1 0 0 0 0 0 0 0 0
125 112 0 0 0 0 0 0 0 0 0 0 0 277 161 0 2 1 0 0 0 0 0 0 0 0
128 116 0 0 0 0 0 0 0 0 0 0 0 281 165 0 2 1 0 0 0 0 0 0 0 0
135 120 0 0 0 0 0 0 0 0 0 0 0 284 168 0 2 1 0 0 0 0 0 0 0 0
144 126 0 0 0 0 0 0 0 0 0 0 0 287 171 0 2 1 0 0 0 0 0 0 0 0
147 130 0 0 0 0 0 0 0 0 0 0 0 290 174 0 2 1 0 0 0 0 0 0 0 0
156 134 0 0 0 0 0 0 0 0 0 0 0 293 177 0 2 1 0 0 0 0 0 0 0 0
163 138 0 0 0 0 0 0 0 0 0 0 0 300 184 0 2 1 0 0 0 0 0 0 0 0
170 143 0 1 0 0 0 0 0 0 0 0 0 308 192 0 2 1 0 0 0 0 0 0 0 0
174 150 0 1 0 0 0 0 0 0 0 0 0 311 195 0 2 1 0 0 0 0 0 0 0 0
179 157 0 1 0 0 0 0 0 0 0 0 0 314 198 0 2 1 0 0 0 0 0 0 0 0
183 160 0 1 0 0 0 0 0 0 0 0 0 317 201 0 2 1 0 0 0 0 0 0 0 0
189 164 0 1 0 0 0 0 0 0 0 0 0 320 206 0 2 1 0 0 0 0 0 0 0 0
192 169 0 1 0 0 0 0 0 0 0 0 0 333 211 0 3 1 0 0 0 0 0 0 0 0
197 172 0 1 0 0 0 0 0 0 0 0 0 337 218 0 3 2 0 0 0 0 0 0 0 0
204 175 0 1 0 0 0 0 0 0 0 0 0 340 221 0 3 2 0 0 0 0 0 0 0 0
208 181 0 1 0 0 0 0 0 0 0 0 0 344 226 0 3 2 0 0 0 0 0 0 0 0
213 186 0 1 0 0 0 0 0 0 0 0 0 347 230 0 3 2 0 0 0 0 0 0 0 0
221 191 0 1 0 0 0 0 0 0 0 0 0 350 234 0 3 2 0 0 0 0 0 0 0 0
