# scores for worst/random/best/smart move selector strategies. 
# scores are 50% and 95% quantiles (based on 40 games) of: 
# game score, #destroyed, #unlocked, #stripes, #bombs, #zappers
0 0 0 0 0 0 0 0 0 0 0 0 0 9 9 0 0 0 0 0 0 0 0 0 0 0
6 6 0 0 0 0 0 0 0 0 0 0 0 14 14 0 0 0 0 0 0 0 0 0 0 0
9 9 0 0 0 0 0 0 0 0 0 0 0 19 17 0 0 0 0 0 0 0 0 0 0 0
13 13 0 0 0 0 0 0 0 0 0 0 0 26 24 0 0 0 0 0 0 0 0 0 0 0
18 18 0 0 0 0 0 0 0 0 0 0 0 40 28 0 0 0 0 0 0 0 0 0 0 0
22 22 0 0 0 0 0 0 0 0 0 0 0 68 37 1 1 0 0 0 0 0 0 0 0 0
26 25 0 0 0 0 0 0 0 0 0 0 0 71 46 1 1 0 0 0 0 0 0 0 0 0
30 30 0 0 0 0 0 0 0 0 0 0 0 75 49 1 1 0 0 0 0 0 0 0 0 0
33 33 0 0 0 0 0 0 0 0 0 0 0 79 52 1 1 0 0 0 0 0 0 0 0 0
39 38 0 0 0 0 0 0 0 0 0 0 0 83 57 1 1 0 0 0 0 0 0 0 0 0
42 42 0 0 0 0 0 0 0 0 0 0 0 118 60 1 1 0 0 0 0 0 0 0 0 0
46 45 0 0 0 0 0 0 0 0 0 0 0 121 66 1 1 0 0 0 0 0 0 0 0 0
51 51 0 0 0 0 0 0 0 0 0 0 0 127 69 1 1 0 0 0 0 0 0 0 0 0
56 54 0 0 0 0 0 0 0 0 0 0 0 132 74 1 1 0 0 0 0 0 0 0 0 0
59 57 0 0 0 0 0 0 0 0 0 0 0 137 77 1 1 0 0 0 0 0 0 0 0 0
63 61 0 0 0 0 0 0 0 0 0 0 0 144 84 1 2 0 0 0 0 0 0 0 0 0
66 65 0 0 0 0 0 0 0 0 0 0 0 154 88 1 2 0 0 0 0 0 0 0 0 0
75 69 0 0 0 0 0 0 0 0 0 0 0 160 94 1 2 0 0 0 0 0 0 0 0 0
79 73 0 0 0 0 0 0 0 0 0 0 0 163 98 1 2 0 0 0 0 0 0 0 0 0
85 77 0 0 0 0 0 0 0 0 0 0 0 178 101 1 3 0 0 0 0 0 0 0 0 0
93 82 0 0 0 0 0 0 0 0 0 0 0 181 105 1 3 0 0 0 0 0 0 0 0 0
96 88 0 0 0 0 0 0 0 0 0 0 0 190 110 1 3 0 0 0 0 0 0 0 0 0
102 92 0 0 0 0 0 0 0 0 0 0 0 194 113 1 3 0 0 0 0 0 0 0 0 0
106 97 0 0 0 0 0 0 0 0 0 0 0 197 116 1 3 0 0 0 0 0 0 0 0 0
113 100 0 0 0 0 0 0 0 0 0 0 0 200 120 1 3 0 0 0 0 0 0 0 0 0
117 104 0 1 0 0 0 0 0 0 0 0 0 203 127 1 3 0 0 0 0 0 0 0 0 0
122 108 0 1 0 0 0 0 0 0 0 0 0 214 137 2 4 1 0 0 0 0 0 0 0 0
127 112 0 1 0 0 0 0 0 0 0 0 0 217 141 2 4 1 0 0 0 0 0 0 0 0
132 119 0 1 0 0 0 0 0 0 0 0 0 220 145 2 4 1 0 0 0 0 0 0 0 0
137 123 0 1 0 0 0 0 0 0 0 0 0 227 148 2 4 1 0 0 0 0 0 0 0 0
149 128 0 1 0 0 0 0 0 0 0 0 0 230 152 2 4 1 0 0 0 0 0 0 0 0
154 132 0 1 0 0 0 0 0 0 0 0 0 234 155 2 4 1 0 0 0 0 0 0 0 0
158 136 0 1 0 0 0 0 0 0 0 0 0 237 159 2 4 1 0 0 0 0 0 0 0 0
167 140 0 1 0 0 0 0 0 0 0 0 0 247 173 3 4 1 0 1 0 0 0 0 0 0
172 144 0 1 0 0 0 0 0 0 0 0 0 254 177 3 4 1 0 1 0 0 0 0 0 0
179 149 0 1 0 0 0 0 0 0 0 0 0 257 185 3 4 1 0 1 0 0 0 0 0 0
184 154 0 1 0 0 0 0 0 0 0 0 0 267 190 3 4 1 0 1 0 0 0 0 0 0
188 158 0 1 0 0 0 0 0 0 0 0 0 270 195 3 4 1 0 1 0 0 0 0 0 0
191 162 0 1 0 0 0 0 0 0 0 0 0 274 199 3 4 1 0 1 0 0 0 0 0 0
194 166 0 1 0 0 0 0 0 0 0 0 0 279 202 3 4 1 0 1 0 0 0 0 0 0
198 169 0 1 0 0 0 0 0 0 0 0 0 284 205 3 4 1 0 1 0 0 0 0 0 0
