# scores for worst/random/best/smart move selector strategies. 
# scores are 50% and 95% quantiles (based on 40 games) of: 
# game score, #destroyed, #unlocked, #stripes, #bombs, #zappers
0 0 0 0 0 0 0 0 0 0 0 0 0 9 9 0 0 0 0 0 0 0 0 0 0 0
6 6 0 0 0 0 0 0 0 0 0 0 0 15 15 0 0 0 0 0 0 0 0 0 0 0
12 12 0 0 0 0 0 0 0 0 0 0 0 57 23 0 0 0 0 0 0 0 0 0 0 0
17 16 0 0 0 0 0 0 0 0 0 0 0 91 31 1 2 0 0 0 0 0 0 0 0 0
27 23 0 0 0 0 0 0 0 0 0 0 0 107 41 1 2 0 0 1 0 0 0 0 0 0
41 30 0 0 0 0 0 0 0 0 0 0 0 121 51 1 2 0 0 1 0 0 0 0 0 0
56 37 0 0 0 0 0 0 0 0 0 0 0 131 56 1 3 0 1 1 0 0 1 0 0 0
64 41 0 1 0 0 0 0 0 0 0 0 0 143 65 1 3 0 1 1 0 0 1 0 0 0
73 47 0 1 0 0 0 0 0 0 0 0 0 165 70 2 3 0 1 1 0 0 1 0 0 0
89 53 0 1 0 0 0 0 0 0 0 0 0 168 79 3 3 1 1 1 0 0 1 0 0 0
107 58 0 1 0 0 0 0 0 0 0 0 0 208 88 6 4 1 1 1 1 0 1 0 0 0
124 64 0 2 0 0 0 0 0 0 0 0 0 216 95 8 4 1 1 1 1 0 1 0 0 0
134 71 0 2 0 0 0 0 0 0 0 0 0 245 102 8 5 1 1 1 1 0 1 0 0 0
151 77 0 2 0 0 0 0 0 0 0 0 0 251 107 8 5 1 1 2 1 0 1 0 0 0
156 84 0 3 0 0 0 0 0 0 0 0 0 293 117 8 5 1 1 2 1 0 1 0 0 0
195 98 1 3 0 0 0 0 0 0 0 0 0 298 122 8 5 1 1 2 1 0 1 0 0 0
206 102 1 3 0 0 0 0 0 0 0 0 0 364 142 8 7 1 1 2 1 0 1 0 0 0
213 109 1 3 0 0 0 0 0 0 0 0 0 381 148 8 7 2 1 2 1 0 1 0 0 0
225 115 1 3 0 0 0 0 0 0 0 0 0 390 158 8 7 2 1 2 1 0 1 0 0 0
232 123 1 3 0 0 0 0 0 0 0 0 0 394 166 8 7 2 1 2 1 0 1 0 0 0
239 128 1 3 0 0 0 0 0 0 0 0 0 409 176 8 7 2 1 2 1 0 1 0 0 0
248 137 1 4 0 0 0 0 0 0 0 0 0 424 181 8 8 2 1 2 1 0 1 0 0 0
253 143 1 4 0 0 0 0 0 0 0 0 0 441 190 8 8 2 1 2 1 0 1 0 0 0
293 149 1 4 0 0 0 0 0 0 0 0 0 447 196 8 8 2 1 2 1 0 1 0 0 0
321 157 1 5 0 0 0 0 0 0 0 0 0 464 205 8 8 2 2 2 1 0 2 0 0 0
332 162 1 5 0 0 1 0 0 0 0 0 0 480 212 8 8 2 2 2 1 0 2 0 0 0
335 168 1 5 0 0 1 0 0 0 0 0 0 510 220 8 8 2 2 2 1 0 2 0 0 0
361 179 1 5 0 0 1 0 0 0 0 0 0 568 223 8 10 2 2 2 1 0 2 0 0 0
366 184 1 5 0 0 1 0 0 0 0 0 0 629 246 8 13 2 2 2 1 0 2 1 0 0
396 194 1 6 1 0 1 0 0 0 0 0 0 637 250 8 13 2 2 2 1 0 2 1 0 0
408 199 1 6 1 0 1 0 0 0 0 0 0 645 258 8 13 2 2 2 1 0 2 1 0 0
418 203 1 7 1 1 1 0 0 0 0 0 0 662 273 8 13 2 2 2 1 0 2 1 0 0
433 214 1 7 1 1 1 0 0 0 0 0 0 699 280 8 14 2 2 2 1 0 2 1 0 0
437 220 1 7 1 1 1 0 0 1 0 0 0 707 286 8 14 2 2 3 1 0 2 1 0 0
471 225 1 7 1 1 1 0 0 1 0 0 0 711 297 8 14 2 2 3 2 0 2 1 0 0
497 236 1 7 1 1 1 0 0 1 0 0 0 724 300 8 14 2 2 3 2 0 2 1 0 0
517 243 1 7 1 1 1 0 0 1 0 0 0 760 320 8 14 2 2 3 2 0 2 1 0 0
533 249 1 7 1 1 1 0 0 1 0 0 0 773 329 8 15 2 2 3 2 0 2 1 0 0
538 256 1 8 1 1 1 0 0 1 0 0 0 776 334 8 15 2 2 3 2 0 2 1 0 0
583 271 1 8 1 1 1 0 0 1 0 0 0 892 340 8 15 3 2 3 2 0 2 1 0 0
589 281 1 8 1 1 1 0 0 1 0 0 0 925 345 8 15 3 2 3 2 0 2 1 0 0
