# scores for worst/random/best/smart move selector strategies. 
# scores are 50% and 95% quantiles (based on 40 games) of: 
# game score, #destroyed, #unlocked, #stripes, #bombs, #zappers
6 6 0 0 0 0 0 0 0 0 0 0 0 17 17 0 0 0 0 0 0 0 0 0 0 0
15 15 0 0 0 0 0 0 0 0 0 0 0 112 44 0 1 1 0 0 0 0 0 0 0 0
28 26 0 0 0 0 0 0 0 0 0 0 0 238 77 2 3 2 1 1 0 0 1 0 0 0
87 45 0 1 0 0 0 0 0 0 0 0 0 532 116 6 13 3 1 1 0 0 1 0 0 0
153 60 1 2 0 0 0 0 0 0 0 0 0 559 154 9 14 4 2 1 1 1 1 1 0 0
325 81 2 4 2 0 0 0 0 0 0 0 0 834 203 10 16 11 2 1 1 1 1 1 0 0
444 104 3 6 3 0 0 0 0 0 0 0 0 935 223 10 20 11 3 1 1 1 1 1 0 0
513 128 4 7 3 1 0 0 0 0 0 0 0 955 234 10 21 12 3 1 1 1 2 1 0 0
547 147 4 7 3 1 0 0 0 0 0 0 0 1003 258 10 21 12 3 1 1 1 3 1 0 0
617 176 4 8 4 1 0 0 0 0 0 0 0 1039 264 10 21 12 4 2 2 1 3 1 0 0
674 190 4 9 4 1 0 0 0 0 0 0 0 1050 312 11 21 12 4 2 2 1 3 1 0 0
738 203 4 9 4 1 1 0 0 0 0 0 0 1066 329 11 21 12 4 2 2 1 3 1 0 0
770 220 4 10 5 1 1 0 0 1 0 0 0 1170 335 11 25 12 4 2 2 1 3 1 0 0
778 231 4 10 5 1 1 0 0 1 0 0 0 1202 343 11 27 12 4 2 2 1 3 1 0 0
860 254 5 12 5 1 1 1 0 1 0 0 0 1294 383 11 27 12 4 2 2 1 3 1 0 0
887 265 5 12 5 1 1 1 0 1 0 0 0 1300 387 11 27 12 4 2 2 1 3 1 0 0
905 274 6 13 5 1 1 1 0 1 0 0 0 1344 431 11 27 12 4 2 2 1 3 1 0 0
927 288 6 13 5 1 1 1 0 1 0 0 0 1376 442 11 28 12 4 2 2 1 3 1 0 0
1008 301 6 13 5 2 1 1 0 1 0 0 0 1599 450 11 28 21 4 2 2 2 3 1 1 0
1057 317 6 14 5 2 1 1 0 1 0 0 0 1628 461 11 30 21 4 2 2 2 4 1 1 0
1082 331 6 14 5 2 1 1 0 1 0 0 0 1634 468 11 30 21 4 2 2 2 4 1 1 0
1123 355 6 15 6 2 1 1 0 1 0 0 0 1676 502 11 31 21 4 3 2 2 4 1 1 0
1157 367 6 16 6 2 1 1 0 1 0 0 0 1748 540 11 31 21 4 3 2 2 4 1 1 0
1174 380 6 16 6 2 1 1 0 1 0 0 0 1863 562 11 31 21 4 3 2 2 4 1 1 0
1230 406 6 16 6 2 1 1 0 1 0 0 0 1868 583 11 33 21 5 3 2 2 4 1 1 0
1301 417 6 16 6 2 1 1 0 1 0 0 0 1872 622 11 35 21 5 3 2 2 4 1 1 0
1339 432 6 18 6 2 1 1 0 1 0 0 0 1878 634 11 35 21 6 4 2 2 5 1 1 0
1346 441 6 18 6 2 1 1 0 1 0 0 0 1921 650 11 35 21 6 4 2 2 5 1 1 0
1430 453 6 19 8 2 1 1 0 2 0 0 0 1979 658 11 35 21 6 4 3 2 5 1 1 0
1493 466 6 19 8 2 1 1 0 2 0 0 0 2043 669 11 36 21 6 4 3 2 6 1 1 0
1513 477 6 19 8 2 1 1 0 2 0 0 0 2087 694 11 38 22 7 4 3 2 6 1 1 0
1573 498 6 22 8 3 2 1 0 2 0 0 0 2129 710 11 38 22 7 4 3 2 6 1 1 0
1591 519 6 23 8 3 2 1 0 2 0 0 0 2240 722 11 38 22 7 4 3 2 6 1 1 0
1628 529 6 23 8 3 2 1 0 2 0 0 0 2246 727 11 38 22 7 4 3 2 6 1 1 0
1643 545 6 23 8 3 2 1 0 2 0 0 0 2518 761 11 38 28 7 4 3 2 6 1 1 0
1730 556 6 23 8 3 2 1 0 2 0 0 0 2524 789 11 39 28 7 5 3 2 6 1 1 0
1734 570 6 25 9 3 3 1 0 2 0 0 0 2567 798 11 40 28 7 5 3 2 6 1 1 0
1851 583 6 25 9 3 3 2 0 2 0 0 0 2579 805 11 41 28 7 5 3 2 6 1 1 0
1905 603 6 27 9 3 3 2 0 2 0 0 0 2870 814 11 44 31 7 5 3 2 6 1 1 0
1908 624 6 28 9 3 3 2 0 2 0 0 0 2941 835 11 44 31 7 5 3 2 6 1 1 0
1925 635 6 28 9 3 3 2 0 2 0 0 0 2976 856 11 45 31 7 5 3 2 6 1 1 0
