# scores for worst/random/best/smart move selector strategies. 
# scores are 50% and 95% quantiles (based on 40 games) of: 
# game score, #destroyed, #unlocked, #stripes, #bombs, #zappers
9 9 0 0 0 0 0 0 0 0 0 0 0 25 25 0 0 0 0 0 0 0 0 0 0 0
27 20 0 0 0 0 0 0 0 0 0 0 0 268 64 5 3 3 0 0 0 0 0 0 0 0
92 40 0 1 0 0 0 0 0 0 0 0 0 443 104 8 7 4 1 1 1 0 0 0 0 0
195 62 2 3 1 0 0 0 0 0 0 0 0 488 128 9 8 4 1 1 1 1 1 0 0 0
346 89 3 5 3 0 0 0 0 0 0 0 0 580 152 9 9 5 1 1 1 1 1 0 0 0
455 124 4 6 3 0 0 0 0 0 0 0 0 643 172 10 10 6 1 1 1 1 1 0 0 0
518 145 5 7 4 0 0 0 0 0 0 0 0 696 187 10 12 6 2 1 1 1 1 0 0 0
567 167 5 7 4 0 0 0 0 0 0 0 0 806 221 11 12 6 2 1 1 1 2 0 0 0
633 190 5 8 4 1 0 0 0 0 0 0 0 974 234 11 23 7 2 1 1 1 2 1 0 0
692 209 5 9 5 1 0 0 0 0 0 0 0 1000 285 11 23 8 2 2 2 1 2 1 0 0
739 233 5 10 5 1 1 0 0 1 0 0 0 1060 298 11 24 8 3 2 2 2 3 1 0 0
774 240 5 10 5 1 1 0 0 1 0 0 0 1400 338 11 25 16 3 2 2 2 3 1 0 0
835 258 5 11 6 1 1 0 0 1 0 0 0 1477 354 11 25 17 3 2 2 2 3 1 0 0
891 280 5 11 6 1 1 0 0 1 0 0 0 1542 408 11 31 17 4 2 2 2 3 1 0 0
935 300 5 12 6 1 1 0 0 1 0 0 0 1573 443 11 31 17 4 2 2 2 3 1 0 0
1028 331 5 13 6 2 1 0 0 1 0 0 0 1616 462 11 32 17 4 2 2 2 4 1 0 0
1106 360 5 15 6 2 1 0 0 2 0 0 0 1689 491 11 35 17 4 2 2 2 4 1 0 0
1166 374 5 15 7 2 1 0 0 2 0 0 0 2026 530 11 37 23 5 2 2 2 4 1 1 0
1245 400 5 16 7 2 1 1 0 2 0 0 0 2060 538 11 37 23 5 2 3 2 4 1 1 0
1293 425 5 17 7 2 1 1 1 2 0 0 0 2101 549 11 37 23 5 2 3 2 4 1 1 0
1378 439 5 17 7 2 1 1 1 2 0 0 0 2168 562 11 37 24 5 2 3 2 5 1 1 0
1421 469 5 18 8 3 1 1 1 2 0 0 0 2217 577 11 37 24 5 2 3 2 5 1 1 0
1509 492 5 19 8 3 1 1 1 2 0 0 0 2227 600 11 39 24 5 3 3 2 5 1 1 0
1536 514 5 19 8 3 1 1 1 2 0 0 0 2321 614 11 39 25 6 3 3 2 5 1 1 0
1591 532 5 19 8 3 1 1 1 2 0 0 0 2368 657 11 39 25 6 3 3 2 5 1 1 0
1662 556 5 20 9 3 1 1 1 3 0 0 0 2482 667 11 40 26 6 3 3 2 6 1 1 0
1704 581 5 21 10 3 1 1 1 3 0 0 0 2533 701 11 40 27 6 3 3 2 6 1 1 0
1787 608 5 21 10 3 1 1 1 3 0 0 0 2609 759 11 43 27 7 3 4 2 6 1 1 0
1835 627 5 22 10 3 2 1 1 3 0 0 0 2752 795 11 44 27 7 3 4 2 6 1 1 0
1881 638 5 23 11 4 2 1 1 3 0 0 0 2761 818 11 44 29 8 4 4 2 7 1 1 0
1950 664 5 24 11 4 2 1 1 3 0 0 0 2830 846 11 46 29 8 4 4 2 7 1 1 0
2016 691 5 25 11 4 2 1 1 3 0 0 0 2868 869 11 47 29 8 4 4 2 7 1 1 0
2047 716 5 27 12 4 2 1 1 3 0 0 0 3205 880 11 53 37 8 4 4 2 7 1 1 0
2103 731 5 27 12 5 2 1 1 3 0 0 0 3349 901 11 53 38 8 4 4 2 7 1 1 0
2191 756 5 28 12 5 2 1 1 3 0 0 0 3399 931 11 55 38 8 5 4 2 7 1 1 0
2264 786 5 28 12 5 2 1 1 3 0 0 0 3464 961 11 57 38 8 5 4 2 8 2 1 0
2279 799 5 28 13 5 2 1 1 3 0 0 0 3563 988 11 59 38 8 5 4 2 8 2 1 0
2333 834 5 28 13 5 2 1 1 4 0 0 0 3626 1012 11 59 38 8 5 4 2 8 2 1 0
2393 853 5 29 13 5 2 1 1 4 0 0 0 3696 1036 11 59 38 8 5 4 2 8 2 1 0
2411 870 5 30 13 5 2 1 1 4 0 0 0 3768 1043 11 59 39 9 5 5 2 8 2 1 0
2488 905 5 31 14 6 2 1 1 4 0 0 0 3823 1059 11 59 39 9 5 5 2 8 2 1 0
