# scores for worst/random/best/smart move selector strategies. 
# scores are 50% and 95% quantiles (based on 40 games) of: 
# game score, #destroyed, #unlocked, #stripes, #bombs, #zappers
9 9 0 0 0 0 0 0 0 0 0 0 0 25 25 0 0 0 0 0 0 0 0 0 0 0
12 12 0 0 0 0 0 0 0 0 0 0 0 34 34 0 0 0 0 0 0 0 0 0 0 0
16 16 0 0 0 0 0 0 0 0 0 0 0 49 46 0 0 0 0 0 0 0 0 0 0 0
22 22 0 0 0 0 0 0 0 0 0 0 0 70 53 0 1 0 0 0 0 0 0 0 0 0
27 26 0 0 0 0 0 0 0 0 0 0 0 75 56 0 1 0 0 0 0 0 0 0 0 0
34 33 0 0 0 0 0 0 0 0 0 0 0 120 64 1 2 0 0 0 0 0 0 0 0 0
42 40 0 0 0 0 0 0 0 0 0 0 0 145 74 4 2 0 0 0 0 0 0 0 0 0
46 46 0 0 0 0 0 0 0 0 0 0 0 317 114 4 4 2 0 0 0 0 0 0 0 0
53 49 0 0 0 0 0 0 0 0 0 0 0 320 119 4 4 2 0 0 0 0 0 0 0 0
65 55 0 0 0 0 0 0 0 0 0 0 0 369 134 4 4 2 0 0 0 0 0 0 0 0
69 60 0 0 0 0 0 0 0 0 0 0 0 402 141 4 4 2 0 0 0 0 0 0 0 0
79 65 0 0 0 0 0 0 0 0 0 0 0 419 150 4 5 2 0 0 0 0 0 0 0 0
86 69 0 0 0 0 0 0 0 0 0 0 0 447 153 4 5 3 0 0 0 0 0 0 0 0
106 79 0 0 0 0 0 0 0 0 0 0 0 455 157 6 5 3 0 0 0 0 0 0 0 0
109 86 0 1 0 0 0 0 0 0 0 0 0 458 160 6 5 3 0 0 0 0 0 0 0 0
116 91 0 1 0 0 0 0 0 0 0 0 0 462 163 6 5 3 0 0 0 0 0 0 0 0
123 94 0 1 0 0 0 0 0 0 0 0 0 558 196 6 6 3 0 0 0 0 0 0 0 0
133 103 0 1 0 0 0 0 0 0 0 0 0 561 199 6 6 4 0 0 0 0 0 0 0 0
145 112 0 1 0 0 0 0 0 0 0 0 0 564 202 6 6 4 0 0 0 0 0 0 0 0
155 118 0 1 0 0 0 0 0 0 0 0 0 589 214 6 6 4 0 0 0 0 0 0 0 0
162 123 0 1 0 0 0 0 0 0 0 0 0 595 219 6 6 4 0 0 0 0 0 0 0 0
167 129 0 1 0 0 0 0 0 0 0 0 0 598 222 6 6 4 0 0 0 0 0 0 0 0
171 132 0 1 0 0 0 0 0 0 0 0 0 601 225 6 6 4 0 0 0 0 0 0 0 0
191 137 0 1 0 0 0 0 0 0 0 0 0 604 228 6 6 4 0 0 0 0 0 0 0 0
206 146 0 1 0 0 0 0 0 0 0 0 0 607 231 6 6 4 0 0 0 0 0 0 0 0
228 161 0 1 1 0 0 0 0 0 0 0 0 613 239 6 8 4 1 0 0 0 0 0 0 0
249 166 0 2 1 0 0 0 0 0 0 0 0 628 250 6 8 4 1 0 0 0 0 0 0 0
262 171 0 2 1 0 0 0 0 0 0 0 0 633 256 6 8 4 1 0 0 0 0 0 0 0
265 176 1 2 1 0 0 0 0 0 0 0 0 636 259 6 8 4 1 0 0 0 0 0 0 0
272 184 1 2 1 0 0 0 0 0 0 0 0 642 266 6 8 4 1 0 0 0 0 0 0 0
278 193 1 2 1 0 0 0 0 0 0 0 0 692 289 7 9 5 1 0 0 0 0 0 0 0
308 202 1 3 1 0 0 0 0 0 0 0 0 725 298 8 9 5 1 0 0 0 0 0 0 0
345 207 1 3 1 0 0 0 0 0 0 0 0 728 303 8 9 5 1 0 0 0 0 0 0 0
357 210 1 3 2 0 0 0 0 0 0 0 0 732 311 8 9 5 1 0 0 0 0 0 0 0
381 219 2 3 2 0 0 0 0 0 0 0 0 735 314 8 9 5 1 0 0 0 0 0 0 0
384 222 2 3 2 0 0 0 0 0 0 0 0 740 317 8 9 5 1 0 0 0 0 0 0 0
475 233 2 4 3 0 0 0 0 0 0 0 0 791 342 8 9 6 1 0 0 0 0 0 0 0
484 239 2 4 3 0 0 0 0 0 0 0 0 796 346 8 9 6 1 0 0 0 0 0 0 0
490 247 2 4 3 0 0 0 0 0 0 0 0 799 349 8 9 6 1 0 0 0 0 0 0 0
501 257 2 4 3 0 0 0 0 0 0 0 0 802 352 8 9 6 1 0 0 0 0 0 0 0
506 260 2 4 3 0 0 0 0 0 0 0 0 887 361 8 9 6 1 0 0 0 0 0 0 0
