# scores for worst/random/best/smart move selector strategies. 
# scores are 50% and 95% quantiles (based on 40 games) of: 
# game score, #destroyed, #unlocked, #stripes, #bombs, #zappers
0 0 0 0 0 0 0 0 0 0 0 0 0 6 6 0 0 0 0 0 0 0 0 0 0 0
3 3 0 0 0 0 0 0 0 0 0 0 0 12 11 0 0 0 0 0 0 0 0 0 0 0
9 9 0 0 0 0 0 0 0 0 0 0 0 16 15 0 0 0 0 0 0 0 0 0 0 0
12 12 0 0 0 0 0 0 0 0 0 0 0 21 21 0 0 0 0 0 0 0 0 0 0 0
15 15 0 0 0 0 0 0 0 0 0 0 0 24 24 0 0 0 0 0 0 0 0 0 0 0
18 18 0 0 0 0 0 0 0 0 0 0 0 41 30 0 0 0 0 0 0 0 0 0 0 0
24 24 0 0 0 0 0 0 0 0 0 0 0 46 36 0 0 0 0 0 0 0 0 0 0 0
27 27 0 0 0 0 0 0 0 0 0 0 0 57 40 0 1 0 0 0 0 0 0 0 0 0
32 32 0 0 0 0 0 0 0 0 0 0 0 62 46 0 1 0 0 0 0 0 0 0 0 0
36 36 0 0 0 0 0 0 0 0 0 0 0 66 57 0 1 0 0 0 0 0 0 0 0 0
39 39 0 0 0 0 0 0 0 0 0 0 0 69 61 0 1 0 0 0 0 0 0 0 0 0
42 42 0 0 0 0 0 0 0 0 0 0 0 88 66 0 1 0 0 0 0 0 0 0 0 0
46 46 0 0 0 0 0 0 0 0 0 0 0 91 72 0 1 0 0 0 0 0 0 0 0 0
51 51 0 0 0 0 0 0 0 0 0 0 0 94 75 0 1 0 0 0 0 0 0 0 0 0
54 54 0 0 0 0 0 0 0 0 0 0 0 99 78 0 1 0 0 0 0 0 0 0 0 0
57 57 0 0 0 0 0 0 0 0 0 0 0 102 84 0 1 0 0 0 0 0 0 0 0 0
64 64 0 0 0 0 0 0 0 0 0 0 0 114 91 0 2 0 0 0 0 0 0 0 0 0
67 67 0 0 0 0 0 0 0 0 0 0 0 119 94 0 2 0 0 0 0 0 0 0 0 0
75 72 0 0 0 0 0 0 0 0 0 0 0 129 99 0 2 0 0 0 0 0 0 0 0 0
83 77 0 0 0 0 0 0 0 0 0 0 0 134 106 0 2 0 0 0 0 0 0 0 0 0
89 81 0 0 0 0 0 0 0 0 0 0 0 146 110 1 2 0 0 0 0 0 0 0 0 0
101 87 0 0 0 0 0 0 0 0 0 0 0 156 113 1 2 0 0 0 0 0 0 0 0 0
106 92 0 0 0 0 0 0 0 0 0 0 0 161 116 1 2 0 0 0 0 0 0 0 0 0
115 96 0 0 0 0 0 0 0 0 0 0 0 181 122 1 3 0 0 0 0 0 0 0 0 0
122 101 0 0 0 0 0 0 0 0 0 0 0 185 130 1 3 0 0 1 0 0 0 0 0 0
125 105 0 1 0 0 0 0 0 0 0 0 0 198 134 1 3 0 0 1 0 0 0 0 0 0
135 108 0 1 0 0 0 0 0 0 0 0 0 203 140 1 3 0 0 1 0 0 0 0 0 0
143 111 0 1 0 0 0 0 0 0 0 0 0 209 143 1 3 0 0 1 0 0 0 0 0 0
153 115 0 1 0 0 0 0 0 0 0 0 0 220 146 1 3 0 0 1 0 0 0 0 0 0
156 120 0 1 0 0 0 0 0 0 0 0 0 223 151 1 3 1 0 1 0 0 0 0 0 0
163 125 0 1 0 0 0 0 0 0 0 0 0 229 156 1 3 1 0 1 0 0 0 0 0 0
172 128 0 1 0 0 0 0 0 0 0 0 0 232 161 1 3 1 0 1 0 0 0 0 0 0
177 133 0 1 0 0 0 0 0 0 0 0 0 250 165 1 4 1 0 1 0 0 0 0 0 0
181 139 0 1 0 0 0 0 0 0 0 0 0 260 174 1 4 1 0 1 0 0 0 0 0 0
184 142 0 1 0 0 0 0 0 0 0 0 0 266 183 1 4 1 0 1 0 0 0 0 0 0
187 147 0 2 0 0 0 0 0 0 0 0 0 272 188 1 4 1 0 1 0 0 0 0 0 0
193 150 0 2 0 0 0 0 0 0 0 0 0 290 196 1 4 1 0 1 0 0 0 0 0 0
196 154 0 2 0 0 0 0 0 0 0 0 0 316 205 1 5 1 0 1 0 0 0 0 0 0
199 157 0 2 0 0 0 0 0 0 0 0 0 320 218 1 5 1 0 1 0 0 0 0 0 0
202 162 0 2 0 0 0 0 0 0 0 0 0 338 224 1 5 1 0 1 0 0 0 0 0 0
205 165 0 2 0 0 0 0 0 0 0 0 0 345 227 4 5 1 0 1 0 0 0 0 0 0
