# scores for worst/random/best/smart move selector strategies. 
# scores are 50% and 95% quantiles (based on 40 games) of: 
# game score, #destroyed, #unlocked, #stripes, #bombs, #zappers
0 0 0 0 0 0 0 0 0 0 0 0 0 6 6 0 0 0 0 0 0 0 0 0 0 0
3 3 0 0 0 0 0 0 0 0 0 0 0 10 10 0 0 0 0 0 0 0 0 0 0 0
6 6 0 0 0 0 0 0 0 0 0 0 0 15 15 0 0 0 0 0 0 0 0 0 0 0
12 12 0 0 0 0 0 0 0 0 0 0 0 18 18 0 0 0 0 0 0 0 0 0 0 0
15 15 0 0 0 0 0 0 0 0 0 0 0 24 24 0 0 0 0 0 0 0 0 0 0 0
21 21 0 0 0 0 0 0 0 0 0 0 0 28 28 0 0 0 0 0 0 0 0 0 0 0
24 24 0 0 0 0 0 0 0 0 0 0 0 34 34 0 0 0 0 0 0 0 0 0 0 0
30 30 0 0 0 0 0 0 0 0 0 0 0 37 37 0 0 0 0 0 0 0 0 0 0 0
33 33 0 0 0 0 0 0 0 0 0 0 0 42 42 0 0 0 0 0 0 0 0 0 0 0
36 36 0 0 0 0 0 0 0 0 0 0 0 49 46 0 0 0 0 0 0 0 0 0 0 0
42 42 0 0 0 0 0 0 0 0 0 0 0 54 51 0 0 0 0 0 0 0 0 0 0 0
45 45 0 0 0 0 0 0 0 0 0 0 0 65 55 0 0 0 0 0 0 0 0 0 0 0
48 48 0 0 0 0 0 0 0 0 0 0 0 68 58 0 0 0 0 0 0 0 0 0 0 0
54 53 0 0 0 0 0 0 0 0 0 0 0 83 61 0 0 0 0 0 0 0 0 0 0 0
57 57 0 0 0 0 0 0 0 0 0 0 0 88 69 0 0 0 0 0 0 0 0 0 0 0
60 60 0 0 0 0 0 0 0 0 0 0 0 92 74 0 1 0 0 0 0 0 0 0 0 0
63 63 0 0 0 0 0 0 0 0 0 0 0 95 77 0 1 0 0 0 0 0 0 0 0 0
69 67 0 0 0 0 0 0 0 0 0 0 0 98 80 0 1 0 0 0 0 0 0 0 0 0
74 72 0 0 0 0 0 0 0 0 0 0 0 104 85 0 1 0 0 0 0 0 0 0 0 0
78 78 0 0 0 0 0 0 0 0 0 0 0 111 91 0 1 0 0 0 0 0 0 0 0 0
81 81 0 0 0 0 0 0 0 0 0 0 0 116 94 0 1 0 0 0 0 0 0 0 0 0
85 84 0 0 0 0 0 0 0 0 0 0 0 120 100 0 1 0 0 0 0 0 0 0 0 0
88 88 0 0 0 0 0 0 0 0 0 0 0 125 105 0 1 0 0 0 0 0 0 0 0 0
93 91 0 0 0 0 0 0 0 0 0 0 0 129 109 0 1 0 0 0 0 0 0 0 0 0
98 96 0 0 0 0 0 0 0 0 0 0 0 134 112 0 1 1 0 0 0 0 0 0 0 0
102 100 0 0 0 0 0 0 0 0 0 0 0 140 118 0 1 1 0 0 0 0 0 0 0 0
105 105 0 0 0 0 0 0 0 0 0 0 0 147 123 0 1 1 0 0 0 0 0 0 0 0
110 108 0 0 0 0 0 0 0 0 0 0 0 168 127 0 1 1 0 0 0 0 0 0 0 0
114 111 0 0 0 0 0 0 0 0 0 0 0 172 130 0 1 1 0 0 0 0 0 0 0 0
121 115 0 0 0 0 0 0 0 0 0 0 0 177 133 0 1 1 0 0 0 0 0 0 0 0
126 121 0 0 0 0 0 0 0 0 0 0 0 187 139 0 1 1 0 0 0 0 0 0 0 0
129 124 0 0 0 0 0 0 0 0 0 0 0 198 146 0 1 1 0 0 0 0 0 0 0 0
137 128 0 0 0 0 0 0 0 0 0 0 0 209 149 0 1 1 0 0 0 0 0 0 0 0
140 131 0 0 0 0 0 0 0 0 0 0 0 215 152 0 1 1 0 0 0 0 0 0 0 0
146 137 0 0 0 0 0 0 0 0 0 0 0 218 158 0 1 1 0 0 0 0 0 0 0 0
150 140 0 0 0 0 0 0 0 0 0 0 0 221 161 0 1 1 0 0 0 0 0 0 0 0
159 145 0 0 0 0 0 0 0 0 0 0 0 242 166 0 1 1 0 0 0 0 0 0 0 0
162 148 0 0 0 0 0 0 0 0 0 0 0 245 169 0 1 1 0 0 0 0 0 0 0 0
167 152 0 0 0 0 0 0 0 0 0 0 0 248 172 0 2 1 0 0 0 0 0 0 0 0
178 159 0 0 0 0 0 0 0 0 0 0 0 251 176 0 2 1 0 0 0 0 0 0 0 0
181 162 0 1 0 0 0 0 0 0 0 0 0 254 179 0 2 1 0 0 0 0 0 0 0 0
