# scores for worst/random/best/smart move selector strategies. 
# scores are 50% and 95% quantiles (based on 40 games) of: 
# game score, #destroyed, #unlocked, #stripes, #bombs, #zappers
0 0 0 0 0 0 0 0 0 0 0 0 0 6 6 0 0 0 0 0 0 0 0 0 0 0
3 3 0 0 0 0 0 0 0 0 0 0 0 10 10 0 0 0 0 0 0 0 0 0 0 0
9 9 0 0 0 0 0 0 0 0 0 0 0 18 16 0 0 0 0 0 0 0 0 0 0 0
12 12 0 0 0 0 0 0 0 0 0 0 0 21 21 0 0 0 0 0 0 0 0 0 0 0
15 15 0 0 0 0 0 0 0 0 0 0 0 27 24 0 0 0 0 0 0 0 0 0 0 0
21 21 0 0 0 0 0 0 0 0 0 0 0 62 33 0 0 0 0 0 0 0 0 0 0 0
24 24 0 0 0 0 0 0 0 0 0 0 0 79 39 0 2 0 0 0 0 0 0 0 0 0
27 27 0 0 0 0 0 0 0 0 0 0 0 82 45 0 2 0 0 0 0 0 0 0 0 0
33 33 0 0 0 0 0 0 0 0 0 0 0 85 50 0 2 0 0 0 0 0 0 0 0 0
36 36 0 0 0 0 0 0 0 0 0 0 0 92 55 0 2 0 0 0 0 0 0 0 0 0
42 41 0 0 0 0 0 0 0 0 0 0 0 97 58 0 2 0 0 0 0 0 0 0 0 0
45 45 0 0 0 0 0 0 0 0 0 0 0 100 61 0 2 0 0 0 0 0 0 0 0 0
48 48 0 0 0 0 0 0 0 0 0 0 0 103 65 0 2 0 0 0 0 0 0 0 0 0
53 51 0 0 0 0 0 0 0 0 0 0 0 108 73 0 2 0 0 0 0 0 0 0 0 0
57 57 0 0 0 0 0 0 0 0 0 0 0 129 76 1 2 0 1 0 0 0 1 0 0 0
61 60 0 0 0 0 0 0 0 0 0 0 0 132 80 1 2 0 1 0 0 0 1 0 0 0
66 64 0 0 0 0 0 0 0 0 0 0 0 150 86 1 2 0 1 0 0 0 1 0 0 0
69 69 0 0 0 0 0 0 0 0 0 0 0 182 89 1 2 1 1 0 0 0 1 0 0 0
74 72 0 0 0 0 0 0 0 0 0 0 0 185 92 1 2 1 1 0 0 0 1 0 0 0
79 75 0 0 0 0 0 0 0 0 0 0 0 191 97 1 2 1 1 0 0 0 1 0 0 0
85 81 0 0 0 0 0 0 0 0 0 0 0 207 106 1 2 1 1 0 0 0 1 0 0 0
99 85 0 0 0 0 0 0 0 0 0 0 0 210 110 1 2 1 1 0 0 0 1 0 0 0
102 90 0 0 0 0 0 0 0 0 0 0 0 230 114 1 3 1 1 0 0 0 1 0 0 0
106 93 0 0 0 0 0 0 0 0 0 0 0 235 118 1 3 1 1 0 0 0 1 0 0 0
111 97 0 0 0 0 0 0 0 0 0 0 0 245 123 2 3 1 1 0 0 0 1 0 0 0
116 102 0 1 0 0 0 0 0 0 0 0 0 248 126 2 3 1 1 0 0 0 1 0 0 0
123 105 0 1 0 0 0 0 0 0 0 0 0 268 132 2 4 1 1 0 0 0 1 0 0 0
127 108 0 1 0 0 0 0 0 0 0 0 0 271 136 2 4 1 1 0 0 0 1 0 0 0
132 112 0 1 0 0 0 0 0 0 0 0 0 289 144 2 4 1 1 0 0 0 1 0 0 0
135 115 0 1 0 0 0 0 0 0 0 0 0 296 151 2 4 1 1 0 0 0 1 0 0 0
146 124 0 1 0 0 0 0 0 0 0 0 0 301 157 3 4 1 1 0 0 0 1 0 0 0
159 127 0 1 0 0 0 0 0 0 0 0 0 318 161 3 4 1 1 0 0 0 1 0 0 0
164 131 0 1 0 0 0 0 0 0 0 0 0 322 168 3 4 1 1 0 0 0 1 0 0 0
172 135 0 1 0 0 0 0 0 0 0 0 0 326 173 3 4 1 1 0 0 0 1 0 0 0
178 140 0 1 0 0 0 0 0 0 0 0 0 346 180 3 4 1 1 0 0 0 1 0 0 0
182 145 0 1 0 0 0 0 0 0 0 0 0 391 187 4 4 1 1 0 0 0 1 0 0 0
187 149 0 1 0 0 0 0 0 0 0 0 0 395 190 4 4 1 1 0 0 0 1 0 0 0
191 152 0 1 0 0 0 0 0 0 0 0 0 398 196 4 4 2 1 0 0 0 1 0 0 0
194 155 0 1 0 0 0 0 0 0 0 0 0 403 199 4 4 2 1 0 0 0 1 0 0 0
199 162 0 1 0 0 0 0 0 0 0 0 0 406 202 4 4 2 1 0 0 0 1 0 0 0
215 166 0 1 0 0 0 0 0 0 0 0 0 409 205 4 4 2 1 0 0 0 1 0 0 0
