# scores for worst/random/best/smart move selector strategies. 
# scores are 50% and 95% quantiles (based on 40 games) of: 
# game score, #destroyed, #unlocked, #stripes, #bombs, #zappers
0 0 0 0 0 0 0 0 0 0 0 0 0 6 6 0 0 0 0 0 0 0 0 0 0 0
3 3 0 0 0 0 0 0 0 0 0 0 0 9 9 0 0 0 0 0 0 0 0 0 0 0
6 6 0 0 0 0 0 0 0 0 0 0 0 13 13 0 0 0 0 0 0 0 0 0 0 0
12 12 0 0 0 0 0 0 0 0 0 0 0 19 19 0 0 0 0 0 0 0 0 0 0 0
15 15 0 0 0 0 0 0 0 0 0 0 0 22 22 0 0 0 0 0 0 0 0 0 0 0
21 21 0 0 0 0 0 0 0 0 0 0 0 28 28 0 0 0 0 0 0 0 0 0 0 0
24 24 0 0 0 0 0 0 0 0 0 0 0 33 33 0 0 0 0 0 0 0 0 0 0 0
27 27 0 0 0 0 0 0 0 0 0 0 0 37 37 0 0 0 0 0 0 0 0 0 0 0
31 31 0 0 0 0 0 0 0 0 0 0 0 40 40 0 0 0 0 0 0 0 0 0 0 0
36 36 0 0 0 0 0 0 0 0 0 0 0 44 44 0 0 0 0 0 0 0 0 0 0 0
39 39 0 0 0 0 0 0 0 0 0 0 0 51 49 0 0 0 0 0 0 0 0 0 0 0
45 45 0 0 0 0 0 0 0 0 0 0 0 55 54 0 0 0 0 0 0 0 0 0 0 0
48 48 0 0 0 0 0 0 0 0 0 0 0 81 59 0 0 0 0 0 0 0 0 0 0 0
51 51 0 0 0 0 0 0 0 0 0 0 0 96 62 0 0 1 0 0 0 0 0 0 0 0
54 54 0 0 0 0 0 0 0 0 0 0 0 99 66 0 0 1 0 0 0 0 0 0 0 0
60 60 0 0 0 0 0 0 0 0 0 0 0 105 70 0 0 1 0 0 0 0 0 0 0 0
65 65 0 0 0 0 0 0 0 0 0 0 0 110 75 0 0 1 0 0 0 0 0 0 0 0
69 69 0 0 0 0 0 0 0 0 0 0 0 113 78 0 0 1 0 0 0 0 0 0 0 0
72 72 0 0 0 0 0 0 0 0 0 0 0 116 81 0 0 1 0 0 0 0 0 0 0 0
75 75 0 0 0 0 0 0 0 0 0 0 0 119 87 0 0 1 0 0 0 0 0 0 0 0
78 78 0 0 0 0 0 0 0 0 0 0 0 122 91 0 0 1 0 0 0 0 0 0 0 0
81 81 0 0 0 0 0 0 0 0 0 0 0 125 94 0 0 1 0 0 0 0 0 0 0 0
87 87 0 0 0 0 0 0 0 0 0 0 0 128 98 0 0 1 0 0 0 0 0 0 0 0
90 90 0 0 0 0 0 0 0 0 0 0 0 131 102 0 0 1 0 0 0 0 0 0 0 0
93 93 0 0 0 0 0 0 0 0 0 0 0 134 105 0 0 1 0 0 0 0 0 0 0 0
99 97 0 0 0 0 0 0 0 0 0 0 0 137 108 0 0 1 0 0 0 0 0 0 0 0
102 100 0 0 0 0 0 0 0 0 0 0 0 140 114 0 0 1 0 0 0 0 0 0 0 0
105 105 0 0 0 0 0 0 0 0 0 0 0 145 119 0 0 1 0 0 0 0 0 0 0 0
108 108 0 0 0 0 0 0 0 0 0 0 0 148 122 0 0 1 0 0 0 0 0 0 0 0
111 111 0 0 0 0 0 0 0 0 0 0 0 151 125 0 0 1 0 0 0 0 0 0 0 0
114 114 0 0 0 0 0 0 0 0 0 0 0 155 128 0 0 1 0 0 0 0 0 0 0 0
121 120 0 0 0 0 0 0 0 0 0 0 0 161 133 0 0 1 0 0 0 0 0 0 0 0
126 124 0 0 0 0 0 0 0 0 0 0 0 164 136 0 0 1 0 0 0 0 0 0 0 0
129 128 0 0 0 0 0 0 0 0 0 0 0 172 140 0 0 1 0 0 0 0 0 0 0 0
132 132 0 0 0 0 0 0 0 0 0 0 0 175 143 0 1 1 0 0 0 0 0 0 0 0
135 135 0 0 0 0 0 0 0 0 0 0 0 178 147 0 1 1 0 0 0 0 0 0 0 0
141 138 0 0 0 0 0 0 0 0 0 0 0 192 155 0 1 1 0 0 0 0 0 0 0 0
144 142 0 0 0 0 0 0 0 0 0 0 0 196 158 0 1 1 0 0 0 0 0 0 0 0
147 146 0 0 0 0 0 0 0 0 0 0 0 199 162 0 1 1 0 0 0 0 0 0 0 0
151 150 0 0 0 0 0 0 0 0 0 0 0 202 165 0 1 1 0 0 0 0 0 0 0 0
156 154 0 0 0 0 0 0 0 0 0 0 0 214 170 0 1 1 0 0 0 0 0 0 0 0
