# scores for worst/random/best/smart move selector strategies. 
# scores are 50% and 95% quantiles (based on 40 games) of: 
# game score, #destroyed, #unlocked, #stripes, #bombs, #zappers
6 6 0 0 0 0 0 0 0 0 0 0 0 22 22 0 0 0 0 0 0 0 0 0 0 0
14 14 0 0 0 0 0 0 0 0 0 0 0 122 54 0 1 1 0 0 0 0 0 0 0 0
24 23 0 0 0 0 0 0 0 0 0 0 0 130 62 1 2 1 1 0 0 0 1 0 0 0
60 35 0 0 0 0 0 0 0 0 0 0 0 184 84 1 2 1 1 1 0 0 1 0 0 0
88 46 0 0 0 0 0 0 0 0 0 0 0 270 106 2 3 2 1 1 1 0 1 0 0 0
109 57 0 1 0 0 0 0 0 0 0 0 0 296 116 2 4 2 1 1 1 0 1 0 0 0
143 73 0 1 0 0 0 0 0 0 0 0 0 309 134 3 4 2 2 1 1 0 1 0 0 0
168 87 0 2 0 0 0 0 0 0 0 0 0 440 167 3 5 4 2 1 1 0 2 0 0 0
205 100 1 2 0 0 0 0 0 0 0 0 0 646 193 3 6 10 2 1 1 0 2 0 0 0
267 115 1 3 1 0 0 0 0 0 0 0 0 686 206 3 11 10 2 1 1 0 2 0 0 0
285 132 1 3 1 0 0 0 0 0 0 0 0 730 224 3 11 10 2 2 1 0 2 0 0 0
352 151 1 4 1 1 0 0 0 0 0 0 0 933 266 3 20 10 3 2 1 0 2 1 0 0
376 165 1 5 1 1 0 0 0 0 0 0 0 1232 279 3 22 13 3 2 1 0 2 1 0 0
401 172 1 5 1 1 1 0 0 0 0 0 0 1246 284 4 22 13 3 2 1 0 2 1 0 0
442 193 1 6 1 1 1 0 0 1 0 0 0 1373 322 4 23 14 3 2 1 0 2 1 0 0
500 210 1 6 1 1 1 0 0 1 0 0 0 1377 339 4 24 14 4 3 1 0 3 1 0 0
530 231 1 6 1 1 1 0 0 1 0 0 0 1471 383 4 24 15 4 3 2 1 3 1 0 0
622 251 1 7 2 1 1 0 0 1 0 0 0 1478 391 4 24 15 5 3 2 1 3 1 0 0
649 263 1 8 2 1 1 1 0 1 0 0 0 1516 412 4 25 15 5 3 2 1 4 1 0 0
672 276 1 9 2 1 1 1 0 1 0 0 0 1531 440 4 25 15 6 3 2 1 4 1 0 0
761 311 1 10 2 1 1 1 0 1 0 0 0 1577 451 4 26 15 6 3 2 1 4 1 0 0
776 317 1 10 2 1 1 1 0 1 0 0 0 1656 483 4 27 15 6 3 2 1 4 1 0 0
852 336 1 11 2 1 1 1 0 1 0 0 0 1662 493 4 27 15 6 3 2 1 4 1 0 0
886 353 1 12 2 1 2 1 0 1 0 0 0 1788 513 4 27 16 6 3 2 1 4 1 0 0
924 361 1 14 2 1 2 1 0 1 0 0 0 1797 528 4 28 16 6 3 2 1 4 1 0 0
957 366 1 14 3 2 2 1 0 1 0 0 0 1975 556 4 30 19 6 3 3 1 5 1 1 0
963 390 1 14 3 2 2 1 0 1 0 0 0 1980 571 4 31 19 6 4 3 1 5 1 1 0
1005 397 1 14 3 2 2 1 0 1 0 0 0 1985 579 4 31 19 6 4 3 1 5 1 1 0
1052 409 1 15 3 2 2 1 0 1 0 0 0 2145 590 4 31 22 6 4 3 1 5 1 1 0
1063 422 1 15 3 2 2 1 0 1 0 0 0 2283 626 4 32 23 6 4 3 1 5 1 1 0
1120 432 1 16 3 2 2 1 0 2 0 0 0 2307 637 4 33 23 6 4 3 1 5 1 1 0
1178 454 1 17 4 2 2 1 0 2 0 0 0 2341 643 4 33 23 6 4 3 1 5 1 1 0
1248 471 1 18 4 2 2 1 0 2 0 0 0 2359 681 4 33 23 6 4 3 1 5 1 1 0
1256 487 1 18 4 2 3 1 0 2 0 0 0 2442 693 4 34 23 6 4 3 1 5 1 1 0
1325 501 1 20 4 2 3 1 0 2 0 0 0 2546 698 4 35 23 6 4 3 1 5 1 1 0
1377 510 1 20 4 3 3 1 0 2 0 0 0 2554 704 4 35 23 6 4 3 1 5 1 1 0
1425 522 1 21 4 3 3 1 0 2 0 0 0 2558 713 4 35 24 6 4 4 1 5 1 1 0
1434 533 1 22 5 3 3 1 0 2 0 0 0 2588 725 4 36 24 7 4 4 1 5 1 1 0
1475 567 1 23 6 3 3 1 0 2 0 0 0 2630 762 4 37 25 7 4 4 1 5 1 1 0
1482 582 1 23 6 3 3 1 0 2 0 0 0 2659 770 4 39 25 7 5 4 1 5 1 1 0
1605 589 1 24 6 3 3 1 0 2 0 0 0 2813 813 4 40 25 7 5 4 1 6 1 1 0
