# scores for worst/random/best/smart move selector strategies. 
# scores are 50% and 95% quantiles (based on 40 games) of: 
# game score, #destroyed, #unlocked, #stripes, #bombs, #zappers
6 6 0 0 0 0 0 0 0 0 0 0 0 22 22 0 0 0 0 0 0 0 0 0 0 0
13 13 0 0 0 0 0 0 0 0 0 0 0 126 60 1 1 1 0 0 0 0 0 0 0 0
45 27 0 0 0 0 0 0 0 0 0 0 0 230 90 2 2 2 1 0 0 0 1 0 0 0
89 43 0 1 0 0 0 0 0 0 0 0 0 306 107 4 2 3 1 0 0 0 1 0 0 0
119 62 0 1 0 0 0 0 0 0 0 0 0 347 120 4 3 3 2 0 1 0 2 0 0 0
146 78 0 2 0 0 0 0 0 0 0 0 0 413 147 4 4 4 2 1 1 0 2 0 0 0
195 96 0 2 1 0 0 0 0 0 0 0 0 636 190 4 5 4 3 1 1 0 2 0 0 0
246 112 1 3 1 0 0 0 0 0 0 0 0 684 219 4 13 4 4 1 1 0 3 0 0 0
290 130 1 3 1 1 0 0 0 1 0 0 0 705 240 4 13 4 4 1 1 0 3 0 0 0
344 153 1 4 1 1 0 0 0 1 0 0 0 779 276 4 15 5 4 1 1 0 3 0 0 0
420 175 1 5 2 1 0 0 0 1 0 0 0 1056 321 4 24 5 4 1 1 0 3 1 0 0
452 192 1 5 2 1 0 0 0 1 0 0 0 1095 341 5 24 6 4 1 1 0 3 1 0 0
516 228 1 6 2 1 0 0 0 1 0 0 0 1194 360 5 26 6 4 1 2 0 3 1 0 0
606 243 2 7 2 1 0 0 0 1 0 0 0 1201 391 5 26 6 4 1 2 1 3 1 0 0
628 266 2 8 2 2 0 0 0 1 0 0 0 1264 421 5 28 7 4 1 2 1 3 1 0 0
745 311 2 9 3 2 0 1 0 1 0 0 0 1317 446 5 28 8 5 2 2 1 4 1 0 0
869 333 2 9 3 2 0 1 0 2 0 0 0 1361 453 5 28 9 5 2 2 1 4 1 0 0
925 353 2 10 3 2 0 1 0 2 0 0 0 1469 482 5 29 10 5 2 2 1 4 1 0 0
967 365 2 11 4 3 1 1 0 2 0 0 0 1494 500 5 29 10 5 2 2 1 4 1 0 0
981 394 2 11 4 3 1 1 0 2 0 0 0 1533 518 5 30 14 5 2 2 1 4 1 0 0
1084 404 2 12 4 3 1 1 0 2 0 0 0 1886 548 5 33 14 6 2 2 1 5 1 0 0
1154 443 2 13 4 3 1 1 0 2 0 0 0 1950 558 5 40 14 6 2 2 1 5 1 0 0
1252 466 2 14 4 3 1 1 0 3 0 0 0 1973 580 5 40 17 6 2 2 1 6 1 1 0
1312 481 2 15 5 4 1 1 0 3 0 0 0 2033 625 5 40 17 6 2 3 1 6 1 1 0
1388 499 2 17 5 4 1 1 0 3 0 0 0 2259 663 5 40 17 7 2 3 1 6 1 1 0
1394 523 2 17 5 5 1 1 0 3 0 0 0 2298 672 5 41 18 7 2 3 1 6 1 1 0
1545 561 2 18 6 5 1 1 0 3 0 0 0 2376 692 5 41 19 7 3 3 1 6 1 1 0
1613 590 2 19 6 5 1 1 0 3 0 0 0 2449 749 5 44 19 8 3 3 1 7 2 1 0
1661 616 2 19 6 5 1 1 0 3 0 0 0 2460 761 5 49 20 8 3 3 1 7 2 1 0
1727 627 2 21 7 5 1 1 0 3 0 0 0 2553 778 5 51 20 9 3 3 1 7 2 1 0
1788 659 2 23 7 5 1 1 0 4 0 0 0 2627 804 5 51 20 9 4 3 1 8 2 1 0
1937 673 2 24 8 5 1 1 0 4 0 0 0 2670 818 5 52 21 9 4 3 1 8 2 1 0
2056 698 2 25 9 5 1 1 0 4 0 0 0 2804 866 5 53 22 10 4 4 1 8 2 1 0
2111 730 2 25 9 5 1 1 0 5 0 0 0 2868 880 5 55 22 10 4 4 1 8 2 1 0
2253 757 2 27 9 6 1 1 0 5 0 0 0 3084 910 5 55 24 10 4 4 1 8 2 1 0
2325 780 2 27 9 6 1 1 0 5 0 0 0 3126 939 5 56 26 10 4 4 1 8 2 1 0
2348 797 2 27 10 6 1 1 0 5 0 0 0 3170 973 5 56 26 10 4 4 1 8 2 1 0
2433 817 2 29 10 6 1 2 0 5 0 0 0 3264 1002 5 57 27 10 4 4 1 8 2 1 0
2487 837 2 29 10 6 1 2 0 5 0 0 0 3280 1021 5 57 27 10 4 4 1 8 2 1 0
2522 860 2 30 10 6 1 2 0 5 0 0 0 3289 1038 5 57 27 10 4 4 1 8 2 1 0
2639 883 2 30 11 7 1 2 0 6 0 0 0 3477 1048 5 58 28 11 4 4 1 9 2 1 0
