# scores for worst/random/best/smart move selector strategies. 
# scores are 50% and 95% quantiles (based on 40 games) of: 
# game score, #destroyed, #unlocked, #stripes, #bombs, #zappers
6 6 0 0 0 0 0 0 0 0 0 0 0 22 22 0 0 0 0 0 0 0 0 0 0 0
9 9 0 0 0 0 0 0 0 0 0 0 0 42 37 0 0 0 0 0 0 0 0 0 0 0
16 16 0 0 0 0 0 0 0 0 0 0 0 77 48 0 0 1 0 0 0 0 0 0 0 0
23 23 0 0 0 0 0 0 0 0 0 0 0 151 65 0 1 1 0 0 0 0 0 0 0 0
27 27 0 0 0 0 0 0 0 0 0 0 0 174 73 0 1 1 0 0 0 0 0 0 0 0
32 32 0 0 0 0 0 0 0 0 0 0 0 179 79 0 2 1 0 0 0 0 0 0 0 0
39 38 0 0 0 0 0 0 0 0 0 0 0 182 84 0 2 1 0 0 0 0 0 0 0 0
48 48 0 0 0 0 0 0 0 0 0 0 0 185 89 0 2 1 0 0 0 0 0 0 0 0
52 52 0 0 0 0 0 0 0 0 0 0 0 189 93 0 2 1 0 0 0 0 0 0 0 0
68 59 0 0 0 0 0 0 0 0 0 0 0 249 108 1 2 2 0 0 0 0 0 0 0 0
74 62 0 0 0 0 0 0 0 0 0 0 0 252 111 1 2 2 0 0 0 0 0 0 0 0
81 72 0 0 0 0 0 0 0 0 0 0 0 298 117 1 2 3 0 0 0 0 0 0 0 0
86 78 0 0 0 0 0 0 0 0 0 0 0 308 127 1 2 3 0 0 0 0 0 0 0 0
94 84 0 0 0 0 0 0 0 0 0 0 0 320 130 1 3 3 0 0 0 0 0 0 0 0
105 91 0 0 0 0 0 0 0 0 0 0 0 325 135 1 3 3 0 0 0 0 0 0 0 0
116 96 0 0 0 0 0 0 0 0 0 0 0 328 147 1 3 3 0 0 0 0 0 0 0 0
123 99 0 0 0 0 0 0 0 0 0 0 0 371 168 1 3 3 0 0 0 0 0 0 0 0
134 102 0 0 0 0 0 0 0 0 0 0 0 390 174 1 3 3 0 0 0 0 0 0 0 0
146 111 0 0 0 0 0 0 0 0 0 0 0 395 185 1 3 3 0 0 0 0 0 0 0 0
149 115 0 0 0 0 0 0 0 0 0 0 0 398 193 1 3 3 0 0 0 0 0 0 0 0
158 119 0 0 0 0 0 0 0 0 0 0 0 404 196 1 3 3 0 0 0 0 0 0 0 0
170 125 0 0 0 0 0 0 0 0 0 0 0 408 202 1 3 3 0 0 0 0 0 0 0 0
178 131 0 0 0 0 0 0 0 0 0 0 0 418 207 1 3 3 0 0 0 0 0 0 0 0
185 141 0 1 1 0 0 0 0 0 0 0 0 421 210 1 3 3 0 0 0 0 0 0 0 0
198 145 0 1 1 0 0 0 0 0 0 0 0 427 216 1 3 3 0 0 0 0 0 0 0 0
211 159 0 1 1 0 0 0 0 0 0 0 0 447 228 1 4 3 0 0 0 0 0 0 0 0
225 168 0 1 1 0 0 0 0 0 0 0 0 452 231 1 4 3 0 0 0 0 0 0 0 0
228 171 0 1 1 0 0 0 0 0 0 0 0 455 234 1 4 3 0 0 0 0 0 0 0 0
236 174 0 1 1 0 0 0 0 0 0 0 0 468 248 1 4 3 0 0 0 0 0 0 0 0
239 185 0 1 1 0 0 0 0 0 0 0 0 471 252 1 4 3 0 0 0 0 0 0 0 0
252 190 0 1 1 0 0 0 0 0 0 0 0 474 260 1 5 3 0 0 0 0 0 0 0 0
255 193 0 1 1 0 0 0 0 0 0 0 0 481 273 1 5 3 0 0 0 0 0 0 0 0
266 200 0 1 1 0 0 0 0 0 0 0 0 486 278 1 5 3 0 0 0 0 0 0 0 0
276 203 0 1 1 0 0 0 0 0 0 0 0 490 281 2 5 3 0 0 0 0 0 0 0 0
279 206 0 1 1 0 0 0 0 0 0 0 0 493 284 2 5 3 0 0 0 0 0 0 0 0
288 209 0 1 1 0 0 0 0 0 0 0 0 496 289 2 5 3 0 0 0 0 0 0 0 0
294 213 0 1 1 0 0 0 0 0 0 0 0 499 294 2 5 3 0 0 0 0 0 0 0 0
305 233 0 1 1 0 0 0 0 0 0 0 0 502 298 2 5 3 0 0 0 0 0 0 0 0
309 236 0 1 1 0 0 0 0 0 0 0 0 535 309 2 5 3 0 0 0 0 0 0 0 0
322 241 0 1 1 0 0 0 0 0 0 0 0 541 312 2 5 3 0 0 0 0 0 0 0 0
341 247 0 2 1 0 0 0 0 0 0 0 0 544 317 2 5 3 0 0 0 0 0 0 0 0
