# scores for worst/random/best/smart move selector strategies. 
# scores are 50% and 95% quantiles (based on 40 games) of: 
# game score, #destroyed, #unlocked, #stripes, #bombs, #zappers
3 3 0 0 0 0 0 0 0 0 0 0 0 6 6 0 0 0 0 0 0 0 0 0 0 0
6 6 0 0 0 0 0 0 0 0 0 0 0 12 12 0 0 0 0 0 0 0 0 0 0 0
10 10 0 0 0 0 0 0 0 0 0 0 0 34 23 0 0 0 0 0 0 0 0 0 0 0
15 15 0 0 0 0 0 0 0 0 0 0 0 44 29 0 0 0 0 0 0 0 0 0 0 0
21 21 0 0 0 0 0 0 0 0 0 0 0 51 39 0 0 0 0 0 0 0 0 0 0 0
24 24 0 0 0 0 0 0 0 0 0 0 0 96 49 2 1 0 0 0 0 0 0 0 0 0
30 28 0 0 0 0 0 0 0 0 0 0 0 115 52 2 1 0 0 0 0 0 0 0 0 0
33 32 0 0 0 0 0 0 0 0 0 0 0 118 55 2 2 0 0 0 0 0 0 0 0 0
36 36 0 0 0 0 0 0 0 0 0 0 0 121 61 2 2 0 0 0 0 0 0 0 0 0
41 40 0 0 0 0 0 0 0 0 0 0 0 125 65 2 2 0 0 0 0 0 0 0 0 0
47 45 0 0 0 0 0 0 0 0 0 0 0 141 75 2 2 1 0 0 0 0 0 0 0 0
52 51 0 0 0 0 0 0 0 0 0 0 0 149 87 3 2 1 0 0 0 0 0 0 0 0
57 55 0 0 0 0 0 0 0 0 0 0 0 158 90 3 2 1 0 0 0 0 0 0 0 0
63 60 0 0 0 0 0 0 0 0 0 0 0 204 106 5 3 1 0 0 0 0 0 0 0 0
66 66 0 0 0 0 0 0 0 0 0 0 0 209 111 5 3 1 0 0 0 0 0 0 0 0
72 69 0 0 0 0 0 0 0 0 0 0 0 212 114 6 3 1 0 0 0 0 0 0 0 0
83 75 0 0 0 0 0 0 0 0 0 0 0 228 117 6 3 1 0 0 0 0 0 0 0 0
92 82 0 0 0 0 0 0 0 0 0 0 0 249 126 6 3 1 0 1 0 0 0 0 0 0
112 87 0 1 0 0 0 0 0 0 0 0 0 270 130 6 3 1 0 1 0 0 0 0 0 0
119 90 0 1 0 0 0 0 0 0 0 0 0 273 133 6 4 1 0 1 0 0 0 0 0 0
127 99 0 1 0 0 0 0 0 0 0 0 0 276 136 6 4 1 0 1 0 0 0 0 0 0
132 104 0 1 0 0 0 0 0 0 0 0 0 280 142 6 4 1 0 1 0 0 0 0 0 0
154 112 0 1 0 0 0 0 0 0 0 0 0 284 147 6 4 1 0 1 0 0 0 0 0 0
160 117 0 1 0 0 0 0 0 0 0 0 0 287 150 6 4 1 0 1 0 0 0 0 0 0
165 120 0 1 0 0 0 0 0 0 0 0 0 330 169 6 4 1 0 1 0 0 0 0 0 0
171 126 1 1 0 0 0 0 0 0 0 0 0 333 174 6 4 1 0 1 0 0 0 0 0 0
174 132 1 1 0 0 0 0 0 0 0 0 0 339 177 6 4 1 0 1 0 0 0 0 0 0
184 136 1 1 0 0 0 0 0 0 0 0 0 343 184 7 5 1 1 1 0 0 1 0 0 0
192 141 1 1 0 0 0 0 0 0 0 0 0 346 187 7 5 1 1 1 0 0 1 0 0 0
207 146 1 2 0 0 0 0 0 0 0 0 0 351 193 7 5 1 1 1 0 0 1 0 0 0
211 154 1 2 0 0 0 0 0 0 0 0 0 365 202 7 5 1 1 1 0 0 1 0 0 0
214 162 1 2 0 0 0 0 0 0 0 0 0 373 207 7 5 1 1 1 0 0 1 0 0 0
225 166 1 2 0 0 0 0 0 0 0 0 0 385 221 7 5 2 1 1 0 0 1 0 0 0
232 172 1 2 0 0 0 0 0 0 0 0 0 390 224 7 5 2 1 1 0 0 1 0 0 0
251 176 2 2 0 0 0 0 0 0 0 0 0 416 236 7 5 2 1 1 0 0 1 0 0 0
256 184 2 2 0 0 0 0 0 0 0 0 0 419 245 7 5 2 1 1 0 0 1 0 0 0
266 188 2 3 0 0 0 0 0 0 0 0 0 422 248 7 5 2 1 1 0 0 1 0 0 0
269 194 2 3 0 0 0 0 0 0 0 0 0 425 251 7 5 2 1 1 0 0 1 0 0 0
283 200 2 3 0 0 0 0 0 0 0 0 0 433 266 7 5 2 1 1 0 0 1 0 0 0
297 209 2 3 0 0 0 0 0 0 0 0 0 453 269 7 5 2 1 1 0 0 1 0 0 0
302 212 2 3 0 0 0 0 0 0 0 0 0 472 276 7 5 2 1 1 0 0 1 0 0 0
