# scores for worst/random/best/smart move selector strategies. 
# scores are 50% and 95% quantiles (based on 40 games) of: 
# game score, #destroyed, #unlocked, #stripes, #bombs, #zappers
3 3 0 0 0 0 0 0 0 0 0 0 0 6 6 0 0 0 0 0 0 0 0 0 0 0
7 7 0 0 0 0 0 0 0 0 0 0 0 39 27 0 0 0 0 0 0 0 0 0 0 0
12 12 0 0 0 0 0 0 0 0 0 0 0 64 45 0 1 0 0 0 0 0 0 0 0 0
19 17 0 0 0 0 0 0 0 0 0 0 0 95 50 1 1 0 1 0 0 0 1 0 0 0
33 23 0 0 0 0 0 0 0 0 0 0 0 101 60 3 2 0 1 1 0 0 1 0 0 0
54 30 0 0 0 0 0 0 0 0 0 0 0 116 73 3 2 1 1 1 0 0 1 0 0 0
78 41 0 1 0 0 0 0 0 0 0 0 0 145 82 3 2 1 1 1 0 0 1 0 0 0
95 50 1 1 0 0 0 0 0 0 0 0 0 225 94 7 3 1 1 1 0 0 1 0 0 0
117 60 2 1 0 0 0 0 0 0 0 0 0 233 103 7 3 1 1 1 0 0 1 0 0 0
137 70 2 1 0 0 0 0 0 0 0 0 0 285 120 8 4 1 1 1 0 0 1 0 0 0
148 77 2 2 0 0 0 0 0 0 0 0 0 314 134 11 5 2 1 1 1 0 1 0 0 0
163 85 2 2 0 0 0 0 0 0 0 0 0 326 147 11 5 2 1 1 1 0 1 0 0 0
173 93 2 2 0 0 0 0 0 0 0 0 0 332 157 11 5 2 1 1 1 0 1 0 0 0
190 102 2 2 0 0 0 0 0 0 0 0 0 360 167 11 6 2 1 1 1 0 1 0 0 0
215 118 2 3 0 0 0 0 0 0 0 0 0 379 178 11 7 2 1 1 1 0 1 0 0 0
240 128 2 3 1 0 0 0 0 0 0 0 0 511 187 12 9 2 2 1 1 0 1 0 0 0
258 138 3 3 1 0 0 0 0 0 0 0 0 565 206 12 9 3 2 1 1 0 1 0 0 0
282 147 3 3 1 0 0 0 0 0 0 0 0 616 219 12 13 3 2 1 1 1 2 0 0 0
311 154 3 3 1 0 0 0 0 0 0 0 0 624 235 12 13 3 2 1 1 1 2 0 0 0
319 160 3 4 1 0 0 0 0 0 0 0 0 704 238 12 15 3 2 1 1 1 2 0 0 0
342 166 4 4 1 0 1 0 0 0 0 0 0 709 247 12 15 3 2 1 1 1 2 0 0 0
364 179 5 4 1 0 1 0 0 0 0 0 0 719 258 12 15 3 3 2 1 1 2 0 0 0
393 199 6 5 1 1 1 0 0 0 0 0 0 765 267 12 16 3 3 2 1 1 2 1 0 0
436 211 6 5 1 1 1 0 0 1 0 0 0 769 277 13 16 3 3 2 1 1 2 1 0 0
471 227 6 5 1 1 1 0 0 1 0 0 0 778 290 13 17 3 3 2 1 1 2 1 0 0
496 234 6 6 1 1 1 0 0 1 0 0 0 801 295 13 17 3 3 2 1 1 2 1 0 0
529 241 6 6 1 1 1 0 0 1 0 0 0 839 302 14 17 3 3 2 1 1 2 1 0 0
583 257 7 7 1 1 1 0 0 1 0 0 0 879 317 14 17 3 3 3 1 1 3 1 0 0
595 266 7 7 1 1 1 0 0 1 0 0 0 886 325 14 17 3 3 3 1 1 3 1 0 0
623 278 7 7 1 1 1 0 0 1 0 0 0 910 354 15 17 4 3 3 1 1 3 1 0 0
641 294 7 8 2 1 1 0 0 1 0 0 0 1024 373 15 18 4 3 3 1 1 3 1 0 0
658 304 7 8 2 1 1 0 0 1 0 0 0 1038 382 15 19 4 3 3 1 1 3 1 0 0
692 313 7 8 2 1 1 1 0 1 0 0 0 1042 393 15 19 4 3 3 1 1 3 1 0 0
734 330 8 9 2 1 1 1 0 1 0 0 0 1053 400 15 19 4 3 3 1 1 3 1 0 0
750 337 8 10 2 2 1 1 0 1 0 0 0 1060 412 15 19 4 3 3 1 1 3 1 0 0
764 350 8 11 2 2 1 1 0 2 0 0 0 1140 428 15 20 4 3 3 1 1 3 1 0 0
812 368 8 11 2 2 1 1 0 2 0 0 0 1147 437 15 20 4 4 3 1 1 3 1 0 0
836 376 8 11 2 2 1 1 0 2 0 0 0 1153 440 15 20 4 4 3 1 1 3 1 0 0
839 382 8 11 2 2 1 1 0 2 0 0 0 1195 448 15 22 5 4 3 1 1 3 1 0 0
884 391 8 11 2 2 1 1 0 2 0 0 0 1330 486 15 24 5 4 3 1 1 3 1 0 0
890 396 8 12 2 2 1 1 0 2 0 0 0 1403 494 15 24 5 4 3 1 1 4 1 0 0
