# scores for worst/random/best/smart move selector strategies. 
# scores are 50% and 95% quantiles (based on 40 games) of: 
# game score, #destroyed, #unlocked, #stripes, #bombs, #zappers
3 3 0 0 0 0 0 0 0 0 0 0 0 6 6 0 0 0 0 0 0 0 0 0 0 0
6 6 0 0 0 0 0 0 0 0 0 0 0 14 14 0 0 0 0 0 0 0 0 0 0 0
11 11 0 0 0 0 0 0 0 0 0 0 0 18 18 0 0 0 0 0 0 0 0 0 0 0
15 15 0 0 0 0 0 0 0 0 0 0 0 52 32 0 1 0 0 0 0 0 0 0 0 0
21 20 0 0 0 0 0 0 0 0 0 0 0 58 39 0 1 0 0 0 0 0 0 0 0 0
24 24 0 0 0 0 0 0 0 0 0 0 0 68 48 0 1 0 0 0 0 0 0 0 0 0
30 30 0 0 0 0 0 0 0 0 0 0 0 79 59 1 1 0 0 0 0 0 0 0 0 0
33 33 0 0 0 0 0 0 0 0 0 0 0 105 65 1 1 0 0 0 0 0 0 0 0 0
37 36 0 0 0 0 0 0 0 0 0 0 0 109 69 2 1 0 0 0 0 0 0 0 0 0
45 41 0 0 0 0 0 0 0 0 0 0 0 113 78 2 1 0 0 0 0 0 0 0 0 0
51 48 0 0 0 0 0 0 0 0 0 0 0 121 81 2 1 0 0 0 0 0 0 0 0 0
57 53 0 0 0 0 0 0 0 0 0 0 0 124 85 2 1 0 0 0 0 0 0 0 0 0
65 58 0 0 0 0 0 0 0 0 0 0 0 135 94 2 1 0 0 0 0 0 0 0 0 0
69 65 0 0 0 0 0 0 0 0 0 0 0 141 102 2 1 0 0 0 0 0 0 0 0 0
72 69 0 0 0 0 0 0 0 0 0 0 0 144 105 2 1 0 0 0 0 0 0 0 0 0
77 74 0 0 0 0 0 0 0 0 0 0 0 161 108 2 2 0 0 0 0 0 0 0 0 0
91 78 0 0 0 0 0 0 0 0 0 0 0 164 111 2 2 0 0 0 0 0 0 0 0 0
98 83 0 0 0 0 0 0 0 0 0 0 0 167 116 2 2 0 0 0 0 0 0 0 0 0
105 87 0 0 0 0 0 0 0 0 0 0 0 172 122 2 2 0 0 0 0 0 0 0 0 0
109 92 0 0 0 0 0 0 0 0 0 0 0 176 125 2 2 0 0 0 0 0 0 0 0 0
113 95 0 0 0 0 0 0 0 0 0 0 0 181 128 2 2 0 0 0 0 0 0 0 0 0
117 100 0 0 0 0 0 0 0 0 0 0 0 184 134 2 2 0 0 0 0 0 0 0 0 0
121 105 0 0 0 0 0 0 0 0 0 0 0 188 141 2 2 0 0 0 0 0 0 0 0 0
125 111 0 0 0 0 0 0 0 0 0 0 0 191 144 2 2 0 0 0 0 0 0 0 0 0
129 114 0 0 0 0 0 0 0 0 0 0 0 196 149 2 2 0 0 0 0 0 0 0 0 0
134 119 0 0 0 0 0 0 0 0 0 0 0 201 155 2 2 0 0 0 0 0 0 0 0 0
139 122 0 0 0 0 0 0 0 0 0 0 0 209 159 2 2 0 0 0 0 0 0 0 0 0
142 125 0 1 0 0 0 0 0 0 0 0 0 218 162 2 2 0 0 0 0 0 0 0 0 0
146 131 0 1 0 0 0 0 0 0 0 0 0 221 173 2 2 0 0 0 0 0 0 0 0 0
152 136 0 1 0 0 0 0 0 0 0 0 0 239 182 2 3 0 0 0 0 0 0 0 0 0
158 142 0 1 0 0 0 0 0 0 0 0 0 293 191 2 3 1 0 0 0 0 0 0 0 0
162 145 0 1 0 0 0 0 0 0 0 0 0 311 202 2 3 1 0 0 0 0 0 0 0 0
165 150 0 1 0 0 0 0 0 0 0 0 0 316 205 2 3 1 0 0 0 0 0 0 0 0
171 154 0 1 0 0 0 0 0 0 0 0 0 322 208 2 3 1 0 0 0 0 0 0 0 0
177 160 0 1 0 0 0 0 0 0 0 0 0 325 211 2 3 1 0 0 0 0 0 0 0 0
182 164 0 1 0 0 0 0 0 0 0 0 0 331 214 2 3 1 0 0 0 0 0 0 0 0
188 167 0 1 0 0 0 0 0 0 0 0 0 334 220 2 3 1 0 0 0 0 0 0 0 0
192 171 0 1 0 0 0 0 0 0 0 0 0 345 223 2 3 1 0 0 0 0 0 0 0 0
199 176 0 1 0 0 0 0 0 0 0 0 0 348 228 2 3 1 0 0 0 0 0 0 0 0
205 181 0 1 0 0 0 0 0 0 0 0 0 354 232 2 4 1 0 0 0 0 0 0 0 0
217 187 0 1 0 0 0 0 0 0 0 0 0 357 235 2 4 1 0 0 0 0 0 0 0 0
