# scores for worst/random/best/smart move selector strategies. 
# scores are 50% and 95% quantiles (based on 40 games) of: 
# game score, #destroyed, #unlocked, #stripes, #bombs, #zappers
0 0 0 0 0 0 0 0 0 0 0 0 0 8 8 0 0 0 0 0 0 0 0 0 0 0
3 3 0 0 0 0 0 0 0 0 0 0 0 12 12 0 0 0 0 0 0 0 0 0 0 0
9 9 0 0 0 0 0 0 0 0 0 0 0 18 18 0 0 0 0 0 0 0 0 0 0 0
12 12 0 0 0 0 0 0 0 0 0 0 0 24 24 0 0 0 0 0 0 0 0 0 0 0
18 18 0 0 0 0 0 0 0 0 0 0 0 52 30 0 0 0 0 0 0 0 0 0 0 0
21 21 0 0 0 0 0 0 0 0 0 0 0 82 40 0 1 0 0 0 0 0 0 0 0 0
27 27 0 0 0 0 0 0 0 0 0 0 0 86 45 0 1 0 0 0 0 0 0 0 0 0
31 31 0 0 0 0 0 0 0 0 0 0 0 91 50 0 1 0 0 0 0 0 0 0 0 0
36 36 0 0 0 0 0 0 0 0 0 0 0 95 55 1 1 0 0 0 0 0 0 0 0 0
42 42 0 0 0 0 0 0 0 0 0 0 0 125 59 2 1 0 0 0 0 0 0 0 0 0
48 48 0 0 0 0 0 0 0 0 0 0 0 129 64 3 2 0 0 0 0 0 0 0 0 0
53 52 0 0 0 0 0 0 0 0 0 0 0 148 76 3 2 1 0 0 0 0 0 0 0 0
59 56 0 0 0 0 0 0 0 0 0 0 0 152 86 4 2 1 0 0 0 0 0 0 0 0
64 61 0 0 0 0 0 0 0 0 0 0 0 155 90 4 2 1 0 0 0 0 0 0 0 0
87 68 0 0 0 0 0 0 0 0 0 0 0 166 97 4 2 1 1 1 0 0 1 0 0 0
95 73 0 0 0 0 0 0 0 0 0 0 0 213 110 7 3 1 1 1 0 0 1 0 0 0
108 79 0 1 0 0 0 0 0 0 0 0 0 235 119 8 3 1 1 1 0 0 1 0 0 0
118 86 0 1 0 0 0 0 0 0 0 0 0 251 126 8 4 1 1 1 0 0 1 0 0 0
125 90 0 1 0 0 0 0 0 0 0 0 0 256 130 8 4 1 1 1 0 0 1 0 0 0
134 97 1 1 0 0 0 0 0 0 0 0 0 260 134 8 4 1 1 1 0 0 1 0 0 0
138 100 1 1 0 0 0 0 0 0 0 0 0 279 142 8 4 1 1 1 0 0 1 0 0 0
159 106 1 1 0 0 0 0 0 0 0 0 0 294 149 8 5 1 1 1 0 0 1 0 0 0
167 111 2 2 0 0 0 0 0 0 0 0 0 301 155 8 5 1 1 1 0 0 1 0 0 0
179 122 3 2 0 0 0 0 0 0 0 0 0 356 173 10 6 1 1 1 0 0 1 0 0 0
188 127 3 2 0 0 0 0 0 0 0 0 0 359 178 10 6 1 1 1 0 0 1 0 0 0
209 137 3 2 0 0 0 0 0 0 0 0 0 364 182 10 6 1 1 2 0 0 1 0 0 0
216 143 3 3 0 0 0 0 0 0 0 0 0 400 201 10 6 1 1 2 0 0 1 0 0 0
225 151 3 3 0 0 0 0 0 0 0 0 0 450 211 10 6 1 1 2 0 0 1 0 0 0
240 158 4 3 0 0 0 0 0 0 0 0 0 455 216 15 6 2 1 2 0 0 1 0 0 0
247 161 5 3 0 0 0 0 0 0 0 0 0 462 229 18 7 2 1 2 1 0 1 0 0 0
253 170 5 3 0 0 0 0 0 0 0 0 0 468 237 18 7 2 1 2 1 0 1 0 0 0
270 175 5 4 0 0 0 0 0 0 0 0 0 489 246 18 7 2 1 2 1 0 1 0 0 0
304 180 5 4 0 0 0 0 0 0 0 0 0 498 256 18 8 2 2 2 1 0 1 0 0 0
314 188 5 4 0 0 0 0 0 0 0 0 0 514 264 18 8 2 2 2 1 0 1 0 0 0
324 200 5 4 0 0 0 0 0 0 0 0 0 564 279 18 8 2 2 2 1 0 1 0 0 0
354 206 7 4 0 0 0 0 0 0 0 0 0 592 288 18 9 2 2 2 1 0 2 0 0 0
359 211 7 5 0 0 0 0 0 0 0 0 0 596 292 18 9 2 2 2 1 0 2 0 0 0
394 218 7 6 0 0 0 0 0 0 0 0 0 658 311 21 11 2 2 2 1 0 2 0 0 0
410 224 8 6 0 0 0 0 0 0 0 0 0 666 315 21 11 2 2 2 1 0 2 0 0 0
417 230 8 6 0 0 1 0 0 0 0 0 0 690 323 21 11 2 2 2 1 0 2 0 0 0
420 236 8 6 0 0 1 0 0 0 0 0 0 706 326 21 11 2 2 2 1 0 2 0 0 0
