# scores for worst/random/best/smart move selector strategies. 
# scores are 50% and 95% quantiles (based on 40 games) of: 
# game score, #destroyed, #unlocked, #stripes, #bombs, #zappers
0 0 0 0 0 0 0 0 0 0 0 0 0 8 8 0 0 0 0 0 0 0 0 0 0 0
3 3 0 0 0 0 0 0 0 0 0 0 0 12 12 0 0 0 0 0 0 0 0 0 0 0
9 9 0 0 0 0 0 0 0 0 0 0 0 15 15 0 0 0 0 0 0 0 0 0 0 0
12 12 0 0 0 0 0 0 0 0 0 0 0 21 21 0 0 0 0 0 0 0 0 0 0 0
17 17 0 0 0 0 0 0 0 0 0 0 0 28 28 0 0 0 0 0 0 0 0 0 0 0
24 24 0 0 0 0 0 0 0 0 0 0 0 33 33 0 0 0 0 0 0 0 0 0 0 0
27 27 0 0 0 0 0 0 0 0 0 0 0 76 40 0 0 0 0 0 0 0 0 0 0 0
33 33 0 0 0 0 0 0 0 0 0 0 0 79 44 1 1 0 0 0 0 0 0 0 0 0
36 36 0 0 0 0 0 0 0 0 0 0 0 87 50 1 1 0 0 0 0 0 0 0 0 0
42 42 0 0 0 0 0 0 0 0 0 0 0 90 55 1 1 0 0 0 0 0 0 0 0 0
45 45 0 0 0 0 0 0 0 0 0 0 0 96 59 2 2 0 0 0 0 0 0 0 0 0
53 50 0 0 0 0 0 0 0 0 0 0 0 120 77 3 2 0 0 0 0 0 0 0 0 0
56 54 0 0 0 0 0 0 0 0 0 0 0 126 84 3 2 0 0 0 0 0 0 0 0 0
60 60 0 0 0 0 0 0 0 0 0 0 0 129 87 3 2 0 0 0 0 0 0 0 0 0
65 63 0 0 0 0 0 0 0 0 0 0 0 134 92 3 2 1 0 0 0 0 0 0 0 0
72 69 0 0 0 0 0 0 0 0 0 0 0 145 95 4 2 1 0 0 0 0 0 0 0 0
77 72 0 0 0 0 0 0 0 0 0 0 0 154 101 4 2 1 0 0 0 0 0 0 0 0
88 79 0 0 0 0 0 0 0 0 0 0 0 162 107 4 2 1 0 1 0 0 0 0 0 0
91 84 0 0 0 0 0 0 0 0 0 0 0 165 115 4 2 1 0 1 0 0 0 0 0 0
97 92 0 0 0 0 0 0 0 0 0 0 0 186 120 6 2 1 0 1 0 0 0 0 0 0
101 95 0 0 0 0 0 0 0 0 0 0 0 191 125 6 2 1 0 1 0 0 0 0 0 0
105 98 0 0 0 0 0 0 0 0 0 0 0 195 130 6 2 1 0 1 0 0 0 0 0 0
117 105 0 0 0 0 0 0 0 0 0 0 0 202 144 6 2 1 0 1 0 0 0 0 0 0
123 112 0 0 0 0 0 0 0 0 0 0 0 248 157 6 3 1 0 1 0 0 0 0 0 0
133 117 0 1 0 0 0 0 0 0 0 0 0 263 161 7 3 1 0 1 0 0 0 0 0 0
137 122 0 1 0 0 0 0 0 0 0 0 0 279 167 9 3 1 0 1 0 0 0 0 0 0
149 128 1 1 0 0 0 0 0 0 0 0 0 282 173 9 3 1 0 1 0 0 0 0 0 0
157 131 1 1 0 0 0 0 0 0 0 0 0 285 186 11 3 1 0 1 0 0 0 0 0 0
163 138 1 1 0 0 0 0 0 0 0 0 0 290 190 11 3 1 0 1 0 0 0 0 0 0
176 143 2 1 0 0 0 0 0 0 0 0 0 293 193 11 3 1 0 1 0 0 0 0 0 0
190 148 2 1 0 0 0 0 0 0 0 0 0 310 202 12 3 1 0 1 0 0 0 0 0 0
202 153 2 1 0 0 0 0 0 0 0 0 0 316 209 12 3 1 0 1 0 0 0 0 0 0
207 157 2 1 0 0 0 0 0 0 0 0 0 319 213 12 3 1 0 1 0 0 0 0 0 0
216 164 2 2 0 0 0 0 0 0 0 0 0 340 217 12 3 1 1 1 0 0 1 0 0 0
222 167 2 2 0 0 0 0 0 0 0 0 0 350 220 12 3 1 1 1 0 0 1 0 0 0
236 173 2 2 0 0 0 0 0 0 0 0 0 363 227 12 3 1 1 1 0 0 1 0 0 0
249 178 2 2 0 0 0 0 0 0 0 0 0 374 233 12 3 1 1 1 0 0 1 0 0 0
256 184 2 2 0 0 0 0 0 0 0 0 0 378 240 12 3 1 1 1 0 0 1 0 0 0
259 189 2 2 0 0 0 0 0 0 0 0 0 384 245 12 4 1 1 1 0 0 1 0 0 0
267 192 2 2 0 0 0 0 0 0 0 0 0 387 248 12 4 1 1 1 0 0 1 0 0 0
275 201 3 2 0 0 0 0 0 0 0 0 0 390 252 12 4 1 1 1 0 0 1 0 0 0
