# scores for worst/random/best/smart move selector strategies. 
# scores are 50% and 95% quantiles (based on 40 games) of: 
# game score, #destroyed, #unlocked, #stripes, #bombs, #zappers
0 0 0 0 0 0 0 0 0 0 0 0 0 8 8 0 0 0 0 0 0 0 0 0 0 0
3 3 0 0 0 0 0 0 0 0 0 0 0 12 12 0 0 0 0 0 0 0 0 0 0 0
9 9 0 0 0 0 0 0 0 0 0 0 0 15 15 0 0 0 0 0 0 0 0 0 0 0
12 12 0 0 0 0 0 0 0 0 0 0 0 22 22 0 0 0 0 0 0 0 0 0 0 0
18 18 0 0 0 0 0 0 0 0 0 0 0 58 30 0 0 0 0 0 0 0 0 0 0 0
21 21 0 0 0 0 0 0 0 0 0 0 0 77 35 1 0 0 0 0 0 0 0 0 0 0
27 27 0 0 0 0 0 0 0 0 0 0 0 82 41 1 0 0 0 0 0 0 0 0 0 0
33 33 0 0 0 0 0 0 0 0 0 0 0 90 49 1 1 0 0 0 0 0 0 0 0 0
37 36 0 0 0 0 0 0 0 0 0 0 0 143 61 7 1 1 0 0 0 0 0 0 0 0
45 42 0 0 0 0 0 0 0 0 0 0 0 169 71 7 1 1 0 0 0 0 0 0 0 0
52 47 0 0 0 0 0 0 0 0 0 0 0 174 76 8 2 1 0 0 0 0 0 0 0 0
60 52 0 0 0 0 0 0 0 0 0 0 0 185 85 12 2 1 0 1 0 0 0 0 0 0
72 58 0 0 0 0 0 0 0 0 0 0 0 209 96 15 3 1 0 1 0 0 0 0 0 0
81 63 0 1 0 0 0 0 0 0 0 0 0 255 103 18 3 1 0 1 1 0 0 0 0 0
95 70 1 1 0 0 0 0 0 0 0 0 0 261 110 18 3 1 0 1 1 0 0 0 0 0
108 73 2 1 0 0 0 0 0 0 0 0 0 315 133 18 4 1 0 1 1 0 0 0 0 0
114 82 2 1 0 0 0 0 0 0 0 0 0 335 141 18 4 1 1 1 1 0 1 0 0 0
130 86 2 2 0 0 0 0 0 0 0 0 0 358 150 18 5 1 1 1 1 0 1 0 0 0
138 93 2 2 0 0 0 0 0 0 0 0 0 366 159 18 5 1 1 1 1 0 1 0 0 0
146 98 3 2 0 0 0 0 0 0 0 0 0 411 175 18 6 1 1 1 1 0 1 0 0 0
156 108 3 2 0 0 0 0 0 0 0 0 0 484 199 19 7 1 1 1 1 0 1 0 0 0
174 115 3 2 0 0 0 0 0 0 0 0 0 499 206 19 7 1 1 1 1 0 1 0 0 0
183 121 3 2 0 0 0 0 0 0 0 0 0 505 215 20 7 2 1 1 1 0 1 0 0 0
204 128 4 3 0 0 0 0 0 0 0 0 0 512 223 20 7 2 1 2 1 0 1 0 0 0
211 134 4 3 0 0 0 0 0 0 0 0 0 516 228 20 7 2 1 2 1 0 1 0 0 0
226 144 4 3 0 0 0 0 0 0 0 0 0 557 232 20 7 2 2 2 1 0 1 0 0 0
249 152 5 3 0 0 0 0 0 0 0 0 0 608 239 20 9 2 2 2 1 0 1 0 0 0
270 157 5 3 0 0 0 0 0 0 0 0 0 614 244 20 9 2 2 2 1 0 1 0 0 0
282 175 5 4 0 0 1 0 0 0 0 0 0 617 254 22 9 2 2 2 1 0 1 0 0 0
310 185 5 4 0 0 1 0 0 0 0 0 0 645 262 22 10 2 2 2 1 0 2 0 0 0
338 195 6 4 0 0 1 0 0 0 0 0 0 649 276 22 10 2 2 2 1 0 2 0 0 0
357 205 6 5 0 0 1 0 0 0 0 0 0 806 288 23 15 2 2 2 1 0 2 0 0 0
378 211 7 5 1 0 1 0 0 0 0 0 0 855 298 23 15 3 2 2 1 0 2 0 0 0
410 221 7 6 1 0 1 0 0 0 0 0 0 867 319 23 16 3 2 2 1 0 2 0 0 0
427 234 7 6 1 0 1 0 0 0 0 0 0 902 328 23 16 3 2 2 1 0 2 0 0 0
457 239 7 6 1 0 1 0 0 0 0 0 0 906 339 23 16 3 2 3 1 0 2 0 0 0
472 247 8 7 1 0 1 0 0 0 0 0 0 915 347 24 16 3 2 3 1 0 2 0 0 0
495 259 9 8 1 0 1 0 0 0 0 0 0 945 364 24 17 3 3 3 2 0 2 1 0 0
511 269 9 8 1 1 1 0 0 0 0 0 0 953 378 24 17 3 3 3 2 0 3 1 0 0
533 278 9 8 1 1 1 0 0 0 0 0 0 975 386 24 17 3 3 3 2 0 3 1 0 0
571 287 9 8 1 1 1 0 0 1 0 0 0 983 400 24 17 3 3 3 2 0 3 1 0 0
