# scores for worst/random/best/smart move selector strategies. 
# scores are 50% and 95% quantiles (based on 40 games) of: 
# game score, #destroyed, #unlocked, #stripes, #bombs, #zappers
0 0 0 0 0 0 0 0 0 0 0 0 0 8 8 0 0 0 0 0 0 0 0 0 0 0
3 3 0 0 0 0 0 0 0 0 0 0 0 12 12 0 0 0 0 0 0 0 0 0 0 0
9 9 0 0 0 0 0 0 0 0 0 0 0 15 15 0 0 0 0 0 0 0 0 0 0 0
12 12 0 0 0 0 0 0 0 0 0 0 0 24 24 0 0 0 0 0 0 0 0 0 0 0
17 17 0 0 0 0 0 0 0 0 0 0 0 30 30 0 0 0 0 0 0 0 0 0 0 0
24 23 0 0 0 0 0 0 0 0 0 0 0 42 37 0 0 0 0 0 0 0 0 0 0 0
28 27 0 0 0 0 0 0 0 0 0 0 0 73 43 0 0 0 0 0 0 0 0 0 0 0
33 33 0 0 0 0 0 0 0 0 0 0 0 76 46 0 0 0 0 0 0 0 0 0 0 0
36 36 0 0 0 0 0 0 0 0 0 0 0 79 54 0 0 0 0 0 0 0 0 0 0 0
41 40 0 0 0 0 0 0 0 0 0 0 0 82 58 0 0 0 0 0 0 0 0 0 0 0
45 45 0 0 0 0 0 0 0 0 0 0 0 90 65 1 1 0 0 0 0 0 0 0 0 0
51 50 0 0 0 0 0 0 0 0 0 0 0 114 72 2 1 1 0 0 0 0 0 0 0 0
58 55 0 0 0 0 0 0 0 0 0 0 0 135 76 2 1 1 0 0 0 0 0 0 0 0
61 60 0 0 0 0 0 0 0 0 0 0 0 140 81 2 1 1 0 0 0 0 0 0 0 0
66 63 0 0 0 0 0 0 0 0 0 0 0 143 88 2 1 1 0 0 0 0 0 0 0 0
69 67 0 0 0 0 0 0 0 0 0 0 0 146 92 2 1 1 0 0 0 0 0 0 0 0
73 70 0 0 0 0 0 0 0 0 0 0 0 150 97 2 1 1 0 0 0 0 0 0 0 0
78 74 0 0 0 0 0 0 0 0 0 0 0 170 104 2 1 1 0 0 0 0 0 0 0 0
82 78 0 0 0 0 0 0 0 0 0 0 0 176 112 3 1 1 0 0 0 0 0 0 0 0
87 84 0 0 0 0 0 0 0 0 0 0 0 179 117 3 1 1 0 0 0 0 0 0 0 0
94 89 0 0 0 0 0 0 0 0 0 0 0 202 120 3 1 1 0 0 0 0 0 0 0 0
97 93 0 0 0 0 0 0 0 0 0 0 0 205 123 3 1 1 0 0 0 0 0 0 0 0
105 97 0 0 0 0 0 0 0 0 0 0 0 209 126 3 1 1 0 0 0 0 0 0 0 0
108 100 0 0 0 0 0 0 0 0 0 0 0 231 132 3 1 1 0 0 0 0 0 0 0 0
114 106 0 0 0 0 0 0 0 0 0 0 0 239 139 3 1 1 0 0 0 0 0 0 0 0
119 111 0 0 0 0 0 0 0 0 0 0 0 243 143 3 1 1 0 0 0 0 0 0 0 0
126 117 0 0 0 0 0 0 0 0 0 0 0 246 152 3 1 1 0 0 0 0 0 0 0 0
129 120 0 0 0 0 0 0 0 0 0 0 0 251 158 3 1 1 0 0 0 0 0 0 0 0
135 123 0 0 0 0 0 0 0 0 0 0 0 255 162 3 1 1 0 0 0 0 0 0 0 0
138 128 0 0 0 0 0 0 0 0 0 0 0 261 165 4 2 1 0 0 0 0 0 0 0 0
145 134 0 0 0 0 0 0 0 0 0 0 0 266 171 4 2 1 1 0 0 0 1 0 0 0
150 140 0 0 0 0 0 0 0 0 0 0 0 278 174 4 2 1 1 0 0 0 1 0 0 0
156 143 0 0 0 0 0 0 0 0 0 0 0 281 178 5 2 1 1 0 0 0 1 0 0 0
165 147 0 0 0 0 0 0 0 0 0 0 0 286 186 5 2 1 1 0 0 0 1 0 0 0
169 152 0 0 0 0 0 0 0 0 0 0 0 292 189 5 2 1 1 0 0 0 1 0 0 0
173 155 0 0 0 0 0 0 0 0 0 0 0 296 193 5 2 1 1 0 0 0 1 0 0 0
181 159 0 0 0 0 0 0 0 0 0 0 0 299 197 5 2 1 1 0 0 0 1 0 0 0
187 166 0 0 0 0 0 0 0 0 0 0 0 304 201 6 2 1 1 0 0 0 1 0 0 0
195 171 0 0 0 0 0 0 0 0 0 0 0 307 205 6 2 1 1 0 0 0 1 0 0 0
202 176 0 0 0 0 0 0 0 0 0 0 0 311 214 6 2 1 1 0 0 0 1 0 0 0
209 181 0 1 0 0 0 0 0 0 0 0 0 320 220 6 2 1 1 0 0 0 1 0 0 0
