# scores for worst/random/best/smart move selector strategies. 
# scores are 50% and 95% quantiles (based on 40 games) of: 
# game score, #destroyed, #unlocked, #stripes, #bombs, #zappers
0 0 0 0 0 0 0 0 0 0 0 0 0 33 19 0 0 0 0 0 0 0 0 0 0 0
3 3 0 0 0 0 0 0 0 0 0 0 0 42 24 0 0 0 0 0 0 0 0 0 0 0
6 6 0 0 0 0 0 0 0 0 0 0 0 69 33 0 1 0 0 0 0 0 0 0 0 0
10 10 0 0 0 0 0 0 0 0 0 0 0 203 76 1 4 0 0 1 0 0 0 0 0 0
12 12 0 0 0 0 0 0 0 0 0 0 0 381 118 1 7 2 0 1 1 0 0 0 0 0
26 18 0 0 0 0 0 0 0 0 0 0 0 425 138 2 7 2 1 1 1 0 1 0 0 0
93 31 0 2 0 0 0 0 0 0 0 0 0 676 162 2 19 2 1 2 1 0 1 0 0 0
156 54 0 3 0 0 0 0 0 0 0 0 0 783 179 2 22 2 2 2 1 0 1 1 0 0
190 63 0 4 0 0 0 0 0 0 0 0 0 873 225 2 22 2 2 2 1 0 1 1 0 0
212 74 0 4 0 0 0 0 0 0 0 0 0 898 243 2 22 2 2 2 1 0 1 1 0 0
232 87 0 5 0 0 0 0 0 0 0 0 0 1002 278 2 23 3 2 2 1 0 1 1 0 0
340 114 0 6 1 0 0 0 0 0 0 0 0 1032 285 3 26 3 2 2 1 1 1 1 0 0
391 130 0 7 1 0 0 0 0 0 0 0 0 1092 296 3 27 3 2 2 1 1 2 1 0 0
419 142 0 8 1 0 1 0 0 0 0 0 0 1099 308 3 27 4 2 2 1 1 2 1 0 0
516 159 0 9 2 0 1 0 0 0 0 0 0 1260 336 3 27 6 2 2 1 1 2 1 0 0
577 172 0 10 2 0 1 0 0 0 0 0 0 1363 371 3 28 6 2 2 1 1 2 1 0 0
619 188 0 10 2 0 1 0 0 0 0 0 0 1470 382 3 31 6 3 3 2 1 2 1 0 0
653 204 0 10 2 1 1 0 0 0 0 0 0 1479 390 3 31 6 3 3 2 1 2 1 0 0
689 226 0 12 2 1 1 0 0 1 0 0 0 1528 403 3 34 6 3 3 2 1 3 1 0 0
697 233 0 12 2 1 1 0 0 1 0 0 0 1731 467 4 36 6 4 3 2 1 3 1 0 0
754 243 0 13 2 1 1 1 0 1 0 0 0 1738 474 4 36 7 4 3 2 1 3 1 0 0
843 266 0 14 3 1 1 1 0 1 0 0 0 1778 491 4 36 7 4 3 2 1 3 1 0 0
883 286 0 14 3 1 1 1 0 1 0 0 0 1836 497 4 40 7 5 3 2 1 3 1 0 0
925 314 0 15 3 1 1 1 0 1 0 0 0 1902 519 4 41 7 5 3 2 1 3 1 0 0
990 335 0 16 3 1 2 1 0 1 0 0 0 1927 527 4 41 7 5 3 2 1 3 1 0 0
1026 345 0 17 3 1 2 1 0 1 0 0 0 2002 552 4 42 8 5 4 2 1 3 1 0 0
1048 356 0 17 3 1 2 1 0 1 0 0 0 2050 574 4 42 8 6 4 3 1 4 1 0 0
1073 371 0 18 4 1 2 1 0 1 0 0 0 2088 592 4 44 14 6 4 3 1 4 1 0 0
1120 389 0 19 4 2 2 1 0 1 0 0 0 2546 635 4 45 20 6 4 3 1 4 1 1 0
1208 403 0 19 4 2 2 1 0 1 0 0 0 2553 642 4 45 20 6 4 3 1 4 1 1 0
1215 421 0 19 4 2 2 1 0 1 0 0 0 2634 668 4 46 20 6 4 3 1 4 1 1 0
1233 427 0 20 4 2 2 1 0 1 0 0 0 2669 685 4 46 20 7 4 3 1 4 1 1 0
1279 437 0 21 4 2 2 1 0 1 0 0 0 2803 716 4 46 21 7 4 3 1 5 1 1 0
1354 459 0 21 5 2 2 1 0 1 0 0 0 2820 730 4 47 21 7 4 3 1 5 1 1 0
1388 478 0 21 5 2 2 1 0 1 0 0 0 2844 757 4 49 21 7 4 3 1 5 1 1 0
1414 504 0 23 5 2 2 1 0 1 0 0 0 2896 766 4 52 21 7 4 3 1 5 2 1 0
1507 542 0 23 5 2 2 1 0 1 0 0 0 2919 771 4 52 22 7 4 3 1 5 2 1 0
1584 563 0 24 6 2 3 1 0 1 0 0 0 2955 794 4 52 22 7 5 3 1 5 2 1 0
1641 576 0 25 6 2 3 1 0 1 0 0 0 2961 814 4 52 22 7 5 3 1 5 2 1 0
1680 594 0 26 6 3 3 1 0 2 0 0 0 3050 837 4 52 24 8 5 3 1 5 2 1 0
1722 606 0 26 6 3 3 1 0 2 0 0 0 3055 845 4 52 24 8 5 3 1 5 2 1 0
