# scores for worst/random/best/smart move selector strategies. 
# scores are 50% and 95% quantiles (based on 40 games) of: 
# game score, #destroyed, #unlocked, #stripes, #bombs, #zappers
0 0 0 0 0 0 0 0 0 0 0 0 0 33 19 0 0 0 0 0 0 0 0 0 0 0
3 3 0 0 0 0 0 0 0 0 0 0 0 115 38 0 2 0 0 0 0 0 0 0 0 0
6 6 0 0 0 0 0 0 0 0 0 0 0 209 60 0 3 0 0 0 0 0 0 0 0 0
15 13 0 0 0 0 0 0 0 0 0 0 0 275 89 1 5 1 1 1 0 0 0 0 0 0
58 24 0 1 0 0 0 0 0 0 0 0 0 392 116 1 8 1 1 1 1 0 0 0 0 0
154 51 0 3 0 0 0 0 0 0 0 0 0 411 130 2 8 2 1 1 1 0 1 0 0 0
204 61 0 4 0 0 0 0 0 0 0 0 0 602 178 3 10 2 1 1 1 0 1 0 0 0
274 84 0 5 1 0 1 0 0 0 0 0 0 713 220 4 12 4 1 1 1 0 1 0 0 0
329 111 1 6 1 0 1 0 0 0 0 0 0 741 230 4 13 4 1 2 1 0 1 0 0 0
424 135 1 7 1 0 1 0 0 0 0 0 0 1038 267 4 19 4 2 2 1 0 1 1 0 0
477 158 1 8 1 1 1 0 0 0 0 0 0 1178 297 4 27 5 2 2 1 0 2 1 0 0
541 193 1 9 2 1 1 0 0 0 0 0 0 1187 326 4 27 5 3 2 2 0 2 1 0 0
641 218 1 10 2 1 1 0 0 1 0 0 0 1225 351 4 27 6 3 2 2 1 2 1 0 0
668 234 1 10 2 1 1 0 0 1 0 0 0 1236 358 4 27 6 4 2 2 1 3 1 0 0
749 252 1 11 2 2 1 0 0 1 0 0 0 1290 375 4 30 6 4 2 2 1 3 1 0 0
809 282 1 12 2 2 1 1 0 1 0 0 0 1616 404 4 32 13 4 2 2 1 3 1 0 0
907 304 1 12 3 2 1 1 0 1 0 0 0 1841 437 4 32 19 5 2 2 1 4 1 1 0
987 312 1 13 4 2 1 1 0 1 0 0 0 1936 474 4 32 20 6 2 2 1 4 1 1 0
1078 346 1 14 4 2 1 1 0 2 0 0 0 2024 543 4 32 21 7 3 2 1 4 1 1 0
1112 360 1 14 4 2 1 1 0 2 0 0 0 2030 563 4 32 22 7 3 2 1 4 1 1 0
1161 376 1 16 4 2 1 1 0 2 0 0 0 2037 581 4 33 22 7 3 2 1 4 1 1 0
1270 406 1 17 5 2 1 1 0 2 0 0 0 2240 609 4 35 23 7 3 2 1 4 1 1 0
1297 436 1 17 5 3 1 1 0 2 0 0 0 2327 635 4 36 23 7 3 3 1 4 1 1 0
1422 451 1 18 5 3 1 1 0 2 0 0 0 2336 668 4 42 23 7 3 3 1 5 1 1 0
1471 485 1 19 5 3 1 1 0 2 0 0 0 2343 699 4 43 24 7 3 3 1 5 1 1 0
1552 504 1 20 5 4 1 1 0 3 0 0 0 2456 759 4 43 24 7 3 3 1 6 1 1 0
1578 530 1 21 6 4 1 1 0 3 0 0 0 2525 770 4 43 25 8 3 3 1 6 1 1 0
1691 555 1 23 6 4 1 1 0 3 0 0 0 2638 782 4 43 26 8 3 3 2 6 1 1 0
1746 584 1 24 6 4 1 1 0 3 0 0 0 2645 790 4 45 26 9 4 3 2 6 1 1 0
1807 616 1 24 6 5 2 1 0 3 0 0 0 2815 798 4 51 27 9 4 3 2 6 2 1 0
1922 638 1 25 6 5 2 1 0 3 0 0 0 2822 820 4 53 27 9 4 3 2 6 2 1 0
1946 668 1 25 7 5 2 1 0 3 0 0 0 3094 839 4 53 28 10 4 3 2 6 2 1 0
2035 701 1 25 8 5 2 1 0 4 0 0 0 3344 857 4 54 29 10 4 4 2 7 2 1 0
2042 718 1 25 8 5 2 1 0 4 0 0 0 3391 891 4 54 29 10 4 4 2 7 2 1 0
2122 727 1 26 8 5 2 1 0 4 0 0 0 3460 921 4 54 29 10 5 4 2 7 2 1 0
2158 743 1 26 8 5 2 1 0 4 0 0 0 3677 960 4 57 33 11 5 4 2 8 2 1 0
2208 767 1 28 8 5 2 1 0 4 0 0 0 3783 1000 4 58 34 11 5 4 2 8 2 1 0
2260 787 1 29 8 6 2 1 0 4 0 0 0 3823 1005 4 58 34 11 5 4 2 8 2 1 0
2313 799 1 30 8 6 2 2 0 4 0 0 0 3834 1017 4 58 35 12 5 4 2 9 2 1 0
2419 846 1 32 8 6 2 2 0 4 0 0 0 3841 1052 4 59 35 12 5 4 2 9 2 1 0
2494 877 1 32 9 6 2 2 0 4 0 0 0 3934 1077 4 60 35 12 5 4 2 9 2 1 0
