# scores for worst/random/best/smart move selector strategies. 
# scores are 50% and 95% quantiles (based on 40 games) of: 
# game score, #destroyed, #unlocked, #stripes, #bombs, #zappers
0 0 0 0 0 0 0 0 0 0 0 0 0 33 19 0 0 0 0 0 0 0 0 0 0 0
3 3 0 0 0 0 0 0 0 0 0 0 0 114 37 0 2 0 0 0 0 0 0 0 0 0
3 3 0 0 0 0 0 0 0 0 0 0 0 139 49 0 2 0 0 0 0 0 0 0 0 0
9 9 0 0 0 0 0 0 0 0 0 0 0 143 53 0 2 0 0 0 0 0 0 0 0 0
12 12 0 0 0 0 0 0 0 0 0 0 0 167 60 0 3 1 0 0 0 0 0 0 0 0
15 15 0 0 0 0 0 0 0 0 0 0 0 180 65 0 3 1 0 0 0 0 0 0 0 0
27 24 0 0 0 0 0 0 0 0 0 0 0 269 90 1 4 1 0 0 0 0 0 0 0 0
58 30 0 1 0 0 0 0 0 0 0 0 0 316 104 1 6 1 0 0 0 0 0 0 0 0
85 38 0 1 0 0 0 0 0 0 0 0 0 326 116 1 6 2 0 0 0 0 0 0 0 0
109 50 0 2 0 0 0 0 0 0 0 0 0 351 125 1 7 2 0 0 0 0 0 0 0 0
149 57 0 2 0 0 0 0 0 0 0 0 0 421 153 1 8 2 0 0 0 0 0 0 0 0
158 64 0 3 0 0 0 0 0 0 0 0 0 424 156 1 8 2 0 0 0 0 0 0 0 0
163 72 0 3 0 0 0 0 0 0 0 0 0 440 164 2 8 2 0 0 0 0 0 0 0 0
172 78 0 3 0 0 0 0 0 0 0 0 0 480 185 2 8 2 0 0 0 0 0 0 0 0
183 82 0 3 0 0 0 0 0 0 0 0 0 483 191 2 8 2 0 0 0 0 0 0 0 0
204 87 0 3 0 0 0 0 0 0 0 0 0 486 194 2 8 2 0 0 0 0 0 0 0 0
210 92 0 3 0 0 0 0 0 0 0 0 0 489 197 2 8 2 0 0 0 0 0 0 0 0
221 96 0 3 1 0 0 0 0 0 0 0 0 497 202 2 8 2 0 0 0 0 0 0 0 0
225 104 0 3 1 0 0 0 0 0 0 0 0 500 205 2 8 2 0 0 0 0 0 0 0 0
266 118 0 4 1 0 0 0 0 0 0 0 0 504 209 2 8 2 0 0 0 0 0 0 0 0
310 136 0 5 1 0 0 0 0 0 0 0 0 519 215 2 8 2 1 0 0 0 0 0 0 0
315 143 0 5 1 0 0 0 0 0 0 0 0 524 219 2 8 2 1 0 0 0 0 0 0 0
329 149 0 5 1 0 0 0 0 0 0 0 0 527 225 2 9 2 1 0 0 0 0 0 0 0
347 159 0 6 1 0 0 0 0 0 0 0 0 536 235 2 9 2 1 0 0 0 0 0 0 0
354 163 0 6 1 0 0 0 0 0 0 0 0 539 238 2 9 2 1 0 0 0 0 0 0 0
362 172 0 6 1 0 0 0 0 0 0 0 0 583 247 2 10 2 1 0 0 0 0 0 0 0
373 179 0 6 1 0 0 0 0 0 0 0 0 588 250 2 10 3 1 0 0 0 0 0 0 0
376 184 0 6 1 0 0 0 0 0 0 0 0 592 254 2 10 3 1 0 0 0 0 0 0 0
405 191 0 6 1 0 0 0 0 0 0 0 0 595 259 2 10 3 1 0 0 0 0 0 0 0
411 194 0 6 1 0 0 0 0 0 0 0 0 598 262 2 10 3 1 0 0 0 0 0 0 0
414 202 0 6 1 0 0 0 0 0 0 0 0 601 265 2 10 3 1 0 0 0 0 0 0 0
430 213 0 7 1 0 0 0 0 0 0 0 0 606 269 2 10 3 1 0 0 0 0 0 0 0
435 220 0 7 1 0 0 0 0 0 0 0 0 634 285 2 10 3 1 0 0 0 0 0 0 0
473 223 0 7 1 0 0 0 0 0 0 0 0 683 299 2 10 3 1 0 0 0 0 0 0 0
476 228 0 7 1 0 0 0 0 0 0 0 0 690 302 2 10 3 1 0 0 0 0 0 0 0
499 232 0 7 1 0 0 0 0 0 0 0 0 694 305 2 10 3 1 0 0 0 0 0 0 0
509 237 0 7 1 0 0 0 0 0 0 0 0 701 310 2 10 3 1 0 0 0 0 0 0 0
512 244 0 7 1 0 0 0 0 0 0 0 0 724 314 2 10 4 1 0 0 0 0 0 0 0
552 248 0 8 1 0 0 0 0 0 0 0 0 732 326 2 10 4 1 0 0 0 0 0 0 0
578 268 0 8 1 0 0 0 0 0 0 0 0 737 330 2 11 4 1 0 0 0 0 0 0 0
583 272 0 8 1 0 0 0 0 0 0 0 0 746 335 2 12 4 1 0 0 0 0 0 0 0
