# scores for worst/random/best/smart move selector strategies. 
# scores are 50% and 95% quantiles (based on 40 games) of: 
# game score, #destroyed, #unlocked, #stripes, #bombs, #zappers
6 6 0 0 0 0 0 0 0 0 0 0 0 32 31 0 0 0 0 0 0 0 0 0 0 0
15 15 0 0 0 0 0 0 0 0 0 0 0 98 44 1 1 0 0 0 0 0 0 0 0 0
26 25 0 0 0 0 0 0 0 0 0 0 0 158 76 4 1 1 1 0 0 0 1 0 0 0
57 37 0 0 0 0 0 0 0 0 0 0 0 244 97 4 2 1 1 1 0 0 1 0 0 0
72 45 0 1 0 0 0 0 0 0 0 0 0 314 114 5 3 1 2 1 0 0 2 0 0 0
86 56 0 1 0 0 0 0 0 0 0 0 0 352 144 9 5 1 2 1 1 0 2 0 0 0
123 70 0 1 0 0 0 0 0 0 0 0 0 374 161 9 5 1 2 1 1 0 2 0 0 0
152 81 2 2 0 0 0 0 0 0 0 0 0 484 185 9 6 2 2 1 1 0 2 0 0 0
215 98 2 3 0 0 0 0 0 0 0 0 0 495 202 9 6 2 3 2 1 0 3 0 0 0
232 112 2 3 0 0 0 0 0 0 0 0 0 580 225 11 7 2 3 2 1 0 3 0 0 0
247 124 3 3 0 0 0 0 0 0 0 0 0 697 236 11 11 2 3 2 1 0 3 0 0 0
263 141 3 4 0 0 0 0 0 0 0 0 0 704 244 11 11 3 3 2 1 0 3 0 0 0
328 152 4 4 0 0 0 0 0 0 0 0 0 843 258 11 15 4 3 2 1 0 3 1 0 0
379 177 4 5 1 0 0 0 0 0 0 0 0 850 264 14 19 4 3 2 1 0 3 1 0 0
433 189 4 6 1 0 0 0 0 0 0 0 0 948 296 14 20 4 3 2 2 0 3 1 0 0
488 212 4 7 1 1 1 0 0 0 0 0 0 986 322 14 20 4 3 2 2 0 3 1 0 0
542 239 5 8 1 1 1 0 0 1 0 0 0 1069 339 14 24 5 3 2 2 0 3 1 0 0
577 249 5 8 1 1 1 0 0 1 0 0 0 1099 364 14 24 5 4 2 2 0 4 1 0 0
631 268 5 9 1 1 1 0 0 1 0 0 0 1156 390 14 24 5 4 3 2 0 4 1 0 0
660 284 5 10 2 1 1 0 0 1 0 0 0 1220 402 14 26 6 4 3 2 0 4 1 0 0
679 289 5 10 2 1 1 0 0 1 0 0 0 1513 433 14 29 6 4 3 2 0 4 1 0 0
754 313 6 12 2 1 1 0 0 1 0 0 0 1577 478 14 31 6 4 3 2 1 4 1 0 0
799 331 6 12 2 1 1 0 0 1 0 0 0 1600 489 14 31 6 4 3 2 1 4 1 0 0
842 341 6 13 2 1 1 0 0 1 0 0 0 1620 497 14 31 7 4 3 2 1 4 1 0 0
875 351 6 13 2 1 1 0 0 1 0 0 0 1699 518 14 33 7 4 3 2 1 4 1 0 0
917 364 6 13 3 1 2 0 0 1 0 0 0 1709 531 14 34 7 4 3 2 1 4 1 0 0
968 378 6 14 3 1 2 0 0 1 0 0 0 1757 550 14 35 7 5 3 2 1 5 1 0 0
973 399 6 16 3 2 2 0 0 1 0 0 0 1868 618 14 35 8 5 4 2 1 5 1 0 0
1070 424 6 16 3 2 2 0 0 1 0 0 0 1883 635 14 36 8 5 4 2 1 5 1 0 0
1138 439 6 17 4 2 2 0 0 1 0 0 0 1941 654 14 38 8 5 4 2 1 5 1 0 0
1174 444 6 17 4 2 2 1 0 1 0 0 0 1998 659 14 38 13 5 4 2 1 5 1 0 0
1240 478 6 18 4 2 2 1 0 1 0 0 0 2165 668 14 44 13 6 4 2 1 5 2 0 0
1296 486 6 18 4 2 2 1 0 1 0 0 0 2185 698 14 44 13 6 4 2 1 5 2 0 0
1332 502 6 19 4 2 2 1 0 1 0 0 0 2215 712 14 45 14 6 4 2 1 6 2 0 0
1349 509 6 19 4 2 2 1 0 1 0 0 0 2258 721 14 46 14 6 4 2 1 6 2 0 0
1389 523 6 20 4 2 3 1 0 1 0 0 0 2265 727 14 46 14 6 5 2 1 6 2 0 0
1423 538 6 21 5 2 3 1 0 1 0 0 0 2442 750 14 48 14 7 5 2 1 6 2 0 0
1495 554 6 23 5 3 3 1 0 1 0 0 0 2449 760 14 48 14 7 5 2 1 6 2 0 0
1565 569 6 23 5 3 3 1 0 1 0 0 0 2484 801 14 48 14 7 5 3 1 6 2 0 0
1583 580 6 24 5 3 3 1 0 1 0 0 0 2577 846 14 48 20 8 5 3 1 6 2 1 0
1615 597 6 26 5 3 3 1 0 1 0 0 0 2624 853 14 48 20 8 5 3 1 6 2 1 0
