# scores for worst/random/best/smart move selector strategies. 
# scores are 50% and 95% quantiles (based on 40 games) of: 
# game score, #destroyed, #unlocked, #stripes, #bombs, #zappers
6 6 0 0 0 0 0 0 0 0 0 0 0 32 31 0 0 0 0 0 0 0 0 0 0 0
12 12 0 0 0 0 0 0 0 0 0 0 0 37 37 0 0 0 0 0 0 0 0 0 0 0
19 19 0 0 0 0 0 0 0 0 0 0 0 67 48 0 1 0 0 0 0 0 0 0 0 0
28 26 0 0 0 0 0 0 0 0 0 0 0 96 60 1 1 0 0 0 0 0 0 0 0 0
36 34 0 0 0 0 0 0 0 0 0 0 0 181 89 3 1 1 0 0 0 0 0 0 0 0
42 41 0 0 0 0 0 0 0 0 0 0 0 184 94 5 2 1 1 0 0 0 0 0 0 0
64 53 0 0 0 0 0 0 0 0 0 0 0 241 106 6 2 1 1 0 0 0 0 0 0 0
80 62 0 0 0 0 0 0 0 0 0 0 0 244 123 6 3 1 1 0 0 0 1 0 0 0
93 67 0 0 0 0 0 0 0 0 0 0 0 250 127 6 3 2 1 0 0 0 1 0 0 0
119 77 0 1 0 0 0 0 0 0 0 0 0 263 135 6 3 2 1 0 0 0 1 0 0 0
124 86 0 1 0 0 0 0 0 0 0 0 0 304 147 6 4 2 1 0 0 0 1 0 0 0
127 91 0 1 0 0 0 0 0 0 0 0 0 395 154 6 4 3 1 0 0 0 1 0 0 0
162 111 1 1 0 0 0 0 0 0 0 0 0 465 191 6 5 4 1 0 0 0 1 0 0 0
194 123 1 2 0 0 0 0 0 0 0 0 0 470 211 6 5 4 2 0 0 0 2 0 0 0
208 131 1 2 0 0 0 0 0 0 0 0 0 476 215 6 5 4 2 0 0 0 2 0 0 0
232 144 1 2 0 0 0 0 0 0 0 0 0 505 226 6 5 5 2 0 0 0 2 0 0 0
245 152 1 2 1 0 0 0 0 0 0 0 0 527 231 6 5 5 2 0 0 0 2 0 0 0
256 160 1 2 1 0 0 0 0 0 0 0 0 530 235 7 6 5 2 0 0 0 2 0 0 0
274 172 1 3 1 0 0 0 0 0 0 0 0 560 250 7 8 5 2 0 0 0 2 0 0 0
314 179 2 3 1 0 0 0 0 0 0 0 0 628 259 7 9 5 2 1 0 0 2 0 0 0
336 189 2 4 1 0 0 0 0 0 0 0 0 642 269 7 9 5 2 1 0 0 2 0 0 0
345 197 2 4 1 0 0 0 0 0 0 0 0 666 286 7 9 5 2 1 0 0 2 0 0 0
363 208 2 4 1 0 0 0 0 0 0 0 0 670 290 7 9 5 2 1 0 0 2 0 0 0
385 225 2 4 1 0 0 0 0 0 0 0 0 673 296 7 9 5 2 1 0 0 2 0 0 0
422 234 3 5 2 0 0 0 0 0 0 0 0 833 357 7 10 6 2 1 0 0 2 0 0 0
454 244 3 5 2 0 0 0 0 0 0 0 0 911 361 7 12 6 2 1 1 0 2 0 0 0
476 249 3 5 2 0 0 0 0 0 0 0 0 917 366 7 12 6 2 1 1 0 2 0 0 0
482 258 4 5 2 0 0 0 0 0 0 0 0 946 370 7 12 6 2 1 1 0 2 0 0 0
521 265 4 6 2 1 0 0 0 0 0 0 0 964 382 7 13 6 2 1 1 0 2 0 0 0
527 273 4 6 2 1 0 0 0 0 0 0 0 988 414 7 13 6 2 1 1 0 2 0 0 0
547 281 4 6 2 1 0 0 0 0 0 0 0 994 420 7 13 7 2 1 1 0 2 0 0 0
551 293 4 6 2 1 0 0 0 0 0 0 0 997 427 7 13 7 2 1 1 0 2 0 0 0
562 299 4 6 2 1 0 0 0 0 0 0 0 1012 431 7 13 7 2 1 1 0 2 0 0 0
584 306 4 6 3 1 0 0 0 0 0 0 0 1020 437 7 13 7 2 1 1 0 2 0 0 0
609 314 4 6 3 1 0 0 0 0 0 0 0 1024 443 8 13 7 2 1 1 0 2 0 0 0
614 318 4 6 3 1 0 0 0 0 0 0 0 1027 448 8 13 7 2 1 1 0 2 0 0 0
617 327 4 6 3 1 0 0 0 0 0 0 0 1031 456 8 13 7 2 1 1 0 2 0 0 0
687 335 4 7 3 1 0 0 0 0 0 0 0 1034 461 8 13 7 3 1 1 0 2 0 0 0
690 340 4 8 3 1 0 0 0 0 0 0 0 1038 472 8 13 7 3 1 1 0 3 0 0 0
693 343 4 8 3 1 0 0 0 0 0 0 0 1083 482 8 14 8 3 1 1 0 3 0 0 0
703 356 4 8 3 1 0 0 0 0 0 0 0 1086 489 8 14 8 3 1 1 0 3 0 0 0
