# scores for worst/random/best/smart move selector strategies. 
# scores are 50% and 95% quantiles (based on 40 games) of: 
# game score, #destroyed, #unlocked, #stripes, #bombs, #zappers
6 6 0 0 0 0 0 0 0 0 0 0 0 32 31 0 0 0 0 0 0 0 0 0 0 0
16 16 0 0 0 0 0 0 0 0 0 0 0 96 42 1 1 0 0 0 0 0 0 0 0 0
32 29 0 0 0 0 0 0 0 0 0 0 0 198 77 5 3 1 1 0 0 0 1 0 0 0
86 45 0 1 0 0 0 0 0 0 0 0 0 312 121 5 4 2 1 1 1 0 1 0 0 0
120 66 0 1 0 0 0 0 0 0 0 0 0 365 138 6 5 2 2 1 1 0 2 0 0 0
182 87 2 2 0 0 0 0 0 0 0 0 0 440 167 7 8 4 2 1 1 0 2 0 0 0
243 105 2 3 1 0 0 0 0 0 0 0 0 748 177 8 8 11 2 1 1 0 2 0 0 0
293 124 2 3 1 1 0 0 0 0 0 0 0 1021 219 8 9 16 2 1 1 0 2 0 1 0
360 142 4 4 1 1 0 0 0 1 0 0 0 1192 240 8 10 18 3 1 1 0 2 0 1 0
405 167 4 4 1 1 0 0 0 1 0 0 0 1206 260 8 10 18 3 1 1 0 3 0 1 0
465 186 4 5 2 1 0 0 0 1 0 0 0 1314 281 8 13 18 3 1 1 0 3 1 1 0
532 208 4 6 2 1 1 0 0 1 0 0 0 1485 344 9 14 18 3 1 1 0 3 1 1 0
606 236 5 6 3 2 1 0 0 1 0 0 0 1529 367 10 16 18 4 1 1 0 3 1 1 0
670 262 5 7 3 2 1 0 0 1 0 0 0 1629 412 10 20 19 4 2 2 0 3 1 1 0
736 283 5 7 3 2 1 0 0 2 0 0 0 1679 442 10 22 19 4 2 2 0 4 1 1 0
798 312 5 9 4 3 1 0 0 2 0 0 0 1820 493 10 24 19 5 2 2 0 4 1 1 0
885 336 5 10 4 3 1 0 0 2 0 0 0 2077 524 10 24 23 6 2 2 0 4 1 1 0
988 361 5 11 4 3 1 0 0 2 0 0 0 2097 549 10 25 25 6 2 2 0 4 1 1 0
1033 382 5 11 4 3 1 0 0 2 0 0 0 2142 570 10 27 25 6 2 2 0 5 1 1 0
1079 399 5 12 4 3 1 0 0 2 0 0 0 2197 575 10 28 26 6 2 2 1 5 1 1 0
1160 420 5 13 5 3 1 0 0 2 0 0 0 2209 584 10 29 26 6 2 2 1 5 1 1 0
1215 446 5 14 5 3 1 1 0 3 0 0 0 2303 616 10 30 27 7 2 2 1 5 1 1 0
1278 472 5 15 5 3 1 1 0 3 0 0 0 2399 634 10 31 27 7 2 3 1 5 1 1 0
1331 508 5 16 6 3 1 1 0 3 0 0 0 2404 656 10 35 27 7 2 3 1 5 1 1 0
1416 532 5 16 6 4 1 1 0 3 0 0 0 2420 684 10 36 27 8 2 3 1 5 1 1 0
1460 548 5 17 6 4 1 1 0 3 0 0 0 2805 722 10 41 27 8 2 3 1 5 1 1 0
1586 574 5 19 7 4 1 1 0 3 0 0 0 2888 736 10 44 27 8 2 3 1 5 2 1 0
1613 593 5 19 7 4 1 1 0 3 0 0 0 2897 751 10 45 27 8 2 3 1 6 2 1 0
1674 620 5 19 7 5 1 1 0 3 0 0 0 2938 790 10 45 27 9 2 3 1 6 2 1 0
1702 636 5 19 8 5 1 1 0 4 0 0 0 3143 808 10 53 27 9 2 3 1 6 2 1 0
1743 670 5 19 8 5 1 1 0 4 0 0 0 3191 834 10 54 27 9 3 3 1 7 2 1 0
1825 694 5 21 8 5 1 1 0 4 0 0 0 3216 862 10 58 28 10 3 3 1 7 2 1 0
1905 723 5 22 9 6 1 1 0 4 0 0 0 3287 882 10 59 28 10 3 3 1 7 2 1 0
1998 748 5 23 9 6 2 1 0 5 0 0 0 3305 913 10 59 28 10 3 3 1 7 2 1 0
2075 767 5 24 9 6 2 1 0 5 0 0 0 3364 952 10 59 29 11 3 3 1 7 2 1 0
2138 782 5 25 9 6 2 1 0 5 0 0 0 3437 967 10 59 29 11 3 3 1 7 2 1 0
2183 801 5 25 9 6 2 1 0 5 0 0 0 3520 978 10 60 30 11 3 3 2 7 2 1 0
2298 825 5 26 9 6 2 1 0 5 0 0 0 3569 997 10 61 31 11 3 3 2 7 2 1 0
2402 836 5 27 10 6 2 1 0 5 0 0 0 3794 1026 10 65 31 11 3 3 2 8 2 1 0
2434 859 5 28 10 6 2 1 0 5 0 0 0 3875 1062 10 66 38 11 3 3 2 8 2 1 0
2475 883 5 29 10 7 2 1 0 5 1 0 0 3884 1075 10 66 38 11 3 3 2 8 2 1 0
