# scores for worst/random/best/smart move selector strategies. 
# scores are 50% and 95% quantiles (based on 40 games) of: 
# game score, #destroyed, #unlocked, #stripes, #bombs, #zappers
6 6 0 0 0 0 0 0 0 0 0 0 0 32 31 0 0 0 0 0 0 0 0 0 0 0
11 11 0 0 0 0 0 0 0 0 0 0 0 70 35 0 0 0 0 0 0 0 0 0 0 0
17 17 0 0 0 0 0 0 0 0 0 0 0 75 40 0 0 0 0 0 0 0 0 0 0 0
23 23 0 0 0 0 0 0 0 0 0 0 0 84 49 0 0 0 0 0 0 0 0 0 0 0
30 30 0 0 0 0 0 0 0 0 0 0 0 105 56 0 0 1 0 0 0 0 0 0 0 0
37 37 0 0 0 0 0 0 0 0 0 0 0 108 61 0 1 1 0 0 0 0 0 0 0 0
42 42 0 0 0 0 0 0 0 0 0 0 0 127 69 0 1 1 0 0 0 0 0 0 0 0
51 48 0 0 0 0 0 0 0 0 0 0 0 158 89 2 1 1 0 0 0 0 0 0 0 0
58 57 0 0 0 0 0 0 0 0 0 0 0 162 93 2 1 1 0 0 0 0 0 0 0 0
66 62 0 0 0 0 0 0 0 0 0 0 0 172 102 2 1 1 0 0 0 0 0 0 0 0
72 70 0 0 0 0 0 0 0 0 0 0 0 186 114 2 2 1 0 0 0 0 0 0 0 0
80 75 0 0 0 0 0 0 0 0 0 0 0 192 119 2 2 1 0 0 0 0 0 0 0 0
95 86 0 0 0 0 0 0 0 0 0 0 0 242 154 3 2 1 0 0 0 0 0 0 0 0
107 93 0 0 0 0 0 0 0 0 0 0 0 253 166 3 2 1 0 0 0 0 0 0 0 0
118 99 0 1 0 0 0 0 0 0 0 0 0 261 170 3 2 1 0 0 0 0 0 0 0 0
131 106 0 1 0 0 0 0 0 0 0 0 0 270 175 3 2 1 0 0 0 0 0 0 0 0
135 112 0 1 0 0 0 0 0 0 0 0 0 307 191 3 2 1 0 0 0 0 0 0 0 0
146 121 0 1 0 0 0 0 0 0 0 0 0 337 197 3 3 2 0 0 0 0 0 0 0 0
156 129 0 1 0 0 0 0 0 0 0 0 0 348 207 3 3 2 0 0 0 0 0 0 0 0
167 135 0 1 0 0 0 0 0 0 0 0 0 355 219 3 4 2 0 0 0 0 0 0 0 0
174 139 0 1 0 0 0 0 0 0 0 0 0 364 225 3 4 2 0 0 0 0 0 0 0 0
180 149 0 1 0 0 0 0 0 0 0 0 0 413 253 3 4 2 0 0 0 0 0 0 0 0
192 157 0 1 0 0 0 0 0 0 0 0 0 439 261 3 4 2 0 0 0 0 0 0 0 0
220 167 0 1 0 0 0 0 0 0 0 0 0 442 264 3 4 2 0 0 0 0 0 0 0 0
226 173 0 2 0 0 0 0 0 0 0 0 0 450 272 4 4 2 0 0 0 0 0 0 0 0
247 176 0 2 1 0 0 0 0 0 0 0 0 454 277 5 4 2 0 0 0 0 0 0 0 0
250 184 0 2 1 0 0 0 0 0 0 0 0 457 280 5 4 2 0 0 0 0 0 0 0 0
259 191 0 2 1 0 0 0 0 0 0 0 0 476 296 5 4 2 0 0 0 0 0 0 0 0
264 198 0 2 1 0 0 0 0 0 0 0 0 533 306 5 4 2 0 0 0 0 0 0 0 0
267 205 1 2 1 0 0 0 0 0 0 0 0 536 315 5 4 2 0 0 0 0 0 0 0 0
284 225 1 2 1 0 0 0 0 0 0 0 0 548 318 5 4 2 0 0 0 0 0 0 0 0
292 228 1 2 1 0 0 0 0 0 0 0 0 551 322 5 4 2 0 0 0 0 0 0 0 0
298 231 1 3 1 0 0 0 0 0 0 0 0 554 325 5 4 2 0 0 0 0 0 0 0 0
311 239 1 3 1 0 0 0 0 0 0 0 0 569 330 5 5 3 0 0 0 0 0 0 0 0
326 245 1 3 1 0 0 0 0 0 0 0 0 584 347 5 5 3 0 0 0 0 0 0 0 0
347 252 1 3 1 0 0 0 0 0 0 0 0 587 350 5 6 3 0 0 0 0 0 0 0 0
353 261 1 3 1 0 0 0 0 0 0 0 0 601 368 5 6 3 0 0 0 0 0 0 0 0
356 265 1 3 1 0 0 0 0 0 0 0 0 604 371 5 6 3 0 0 0 0 0 0 0 0
369 271 1 3 1 0 0 0 0 0 0 0 0 609 377 5 6 3 0 0 0 0 0 0 0 0
390 284 1 3 1 0 0 0 0 0 0 0 0 612 381 5 6 3 0 0 0 0 0 0 0 0
407 287 1 3 1 0 0 0 0 0 0 0 0 625 388 6 6 3 0 0 0 0 0 0 0 0
