# scores for worst/random/best/smart move selector strategies. 
# scores are 50% and 95% quantiles (based on 40 games) of: 
# game score, #destroyed, #unlocked, #stripes, #bombs, #zappers
3 3 0 0 0 0 0 0 0 0 0 0 0 82 65 0 1 0 0 0 0 0 0 0 0 0
16 16 0 0 0 0 0 0 0 0 0 0 0 625 233 0 5 3 2 0 0 0 0 0 0 0
108 60 0 1 0 0 0 0 0 0 0 0 0 1140 397 0 7 16 4 1 0 0 1 0 0 0
202 89 0 2 1 0 0 0 0 0 0 0 0 2002 501 1 11 31 5 1 1 0 1 0 1 0
321 128 0 4 2 1 0 0 0 0 0 0 0 3061 930 1 37 34 9 1 1 1 2 1 1 0
664 226 0 7 4 1 0 0 0 0 0 0 0 3283 999 2 38 38 11 1 1 1 2 1 1 1
944 299 0 9 5 2 0 0 0 1 0 0 0 3336 1035 3 39 41 12 1 1 1 2 1 1 1
1485 431 0 11 9 3 0 0 0 1 0 0 0 4162 1158 3 45 43 12 1 1 1 3 1 1 1
2036 540 0 14 13 4 0 0 0 1 0 0 0 4726 1283 3 45 48 13 1 1 1 3 1 1 1
2322 647 0 18 18 5 0 0 0 1 0 0 0 4802 1313 3 53 49 14 1 1 2 4 1 1 1
2730 759 0 26 24 7 0 1 0 2 0 0 0 5270 1435 3 56 51 16 2 2 2 4 1 1 1
3122 845 0 30 28 8 0 1 0 2 0 0 0 5675 1549 3 59 67 19 2 2 2 5 2 2 1
3256 882 0 31 29 8 0 1 0 2 0 0 0 6365 1853 3 66 72 22 2 2 2 5 2 2 2
3668 965 0 35 33 8 0 1 0 2 1 1 0 6499 1925 3 69 76 23 2 2 2 5 2 2 2
4023 1047 0 38 36 10 0 1 0 2 1 1 0 7022 1997 3 71 78 24 2 2 2 5 2 2 2
4168 1202 0 40 37 10 0 1 0 2 1 1 0 7278 2173 3 75 78 25 2 2 2 5 2 2 2
5040 1253 0 46 45 12 0 1 0 2 1 1 0 8395 2341 3 84 80 29 2 3 2 6 2 2 2
5223 1418 0 48 48 13 1 1 0 3 1 1 0 8595 2460 3 88 96 31 2 3 2 7 2 2 2
5802 1563 0 52 52 16 1 1 0 3 1 1 0 9320 2474 3 91 111 31 2 3 2 7 2 3 2
6322 1658 0 58 57 17 1 1 0 3 1 1 0 10076 2711 3 106 121 33 2 3 2 7 3 3 2
6850 1760 0 63 62 18 1 1 0 3 1 1 0 10838 2864 3 112 135 34 2 3 2 7 3 3 2
7231 1837 0 71 64 19 1 1 0 4 1 1 0 11463 2959 3 114 140 36 2 3 2 7 3 3 2
7297 1955 0 74 65 19 1 1 1 4 1 1 0 12609 3092 3 120 154 40 2 3 2 7 3 4 2
7728 2142 0 81 74 21 1 2 1 4 2 1 1 13076 3150 3 123 157 40 2 3 2 7 3 4 2
8357 2194 0 81 78 22 1 2 1 4 2 1 1 13090 3213 3 128 157 41 3 3 2 8 3 4 2
8597 2212 0 85 81 22 1 2 1 4 2 1 1 13109 3450 3 131 157 46 3 3 2 8 3 4 2
9019 2363 0 86 85 23 1 2 1 5 2 1 1 13164 3519 3 133 158 46 3 4 3 9 3 4 2
9186 2420 0 89 86 23 1 2 1 5 2 1 1 13381 3575 3 135 159 47 3 4 3 9 3 4 2
9871 2459 0 98 91 24 1 2 1 5 2 1 1 13570 3607 3 137 164 47 3 4 3 9 3 4 2
10221 2533 0 105 93 25 1 2 1 5 2 1 1 14424 3714 3 138 171 49 3 4 3 10 3 4 2
10365 2595 0 108 96 27 1 2 1 5 2 1 1 14633 3751 3 139 175 49 3 4 3 11 3 4 2
10813 2672 0 111 97 29 1 2 1 5 2 2 1 14971 3883 3 151 184 50 3 4 3 11 4 5 2
11106 2758 0 114 100 29 1 2 1 6 2 2 1 15416 4183 3 162 189 52 3 4 3 11 4 5 2
11514 2915 0 118 105 30 1 2 1 6 2 2 1 16246 4299 3 174 205 53 3 5 3 12 5 5 2
12438 3169 0 121 113 32 1 2 1 7 2 2 1 16616 4414 3 178 206 55 4 5 3 13 5 5 2
12785 3224 0 123 122 33 2 2 1 7 2 2 1 17432 4477 3 179 207 58 4 5 3 13 5 5 2
13064 3341 0 126 123 35 2 2 1 7 2 2 1 18153 4519 3 181 208 58 4 5 4 13 5 5 2
13390 3383 0 128 126 35 2 3 1 7 2 2 1 18590 4669 3 184 217 58 4 5 4 13 5 6 2
13545 3490 0 129 127 35 2 3 2 7 3 2 1 19284 4787 3 188 221 59 4 5 4 13 5 6 3
13897 3572 0 130 133 36 2 3 2 8 3 2 1 20030 5113 3 195 229 62 4 5 4 13 5 6 3
14085 3640 0 132 138 36 2 3 2 8 3 2 1 20100 5156 3 195 230 65 4 5 4 13 5 6 3
