# scores for worst/random/best/smart move selector strategies. 
# scores are 50% and 95% quantiles (based on 40 games) of: 
# game score, #destroyed, #unlocked, #stripes, #bombs, #zappers
3 3 0 0 0 0 0 0 0 0 0 0 0 82 65 0 1 0 0 0 0 0 0 0 0 0
19 19 0 0 0 0 0 0 0 0 0 0 0 340 134 0 2 3 0 0 0 0 0 0 0 0
62 53 0 0 0 0 0 0 0 0 0 0 0 623 242 0 3 6 0 0 0 0 0 0 0 0
116 71 0 1 0 0 0 0 0 0 0 0 0 1007 275 0 5 10 1 0 0 0 0 0 0 0
164 101 0 1 1 0 0 0 0 0 0 0 0 1183 386 0 7 11 2 0 0 0 0 0 0 0
195 113 0 1 1 0 0 0 0 0 0 0 0 1193 433 0 9 11 2 0 0 0 1 0 0 0
262 154 0 2 1 0 0 0 0 0 0 0 0 1776 553 0 10 17 4 0 0 0 1 0 0 0
320 165 0 3 2 0 0 0 0 0 0 0 0 1801 575 0 11 17 4 0 0 0 1 0 0 0
406 197 0 4 3 0 0 0 0 0 0 0 0 2435 671 0 11 25 5 0 0 0 1 0 0 0
568 231 0 4 3 0 0 0 0 0 0 0 0 2519 699 0 14 26 5 0 0 0 1 0 0 0
593 255 0 6 4 0 0 0 0 0 0 0 0 2798 782 0 22 30 9 0 1 0 1 0 0 0
678 285 0 6 4 0 0 0 0 0 0 0 0 3455 958 0 23 35 10 1 1 0 1 0 0 0
800 310 0 8 5 1 0 0 0 0 0 0 0 3510 972 0 23 35 10 1 1 0 1 0 0 0
972 390 0 10 6 1 0 0 0 0 0 0 0 3518 1008 0 25 35 12 1 1 0 1 0 0 0
1113 405 0 10 6 2 0 0 0 0 0 0 0 3601 1012 0 25 36 12 1 1 0 1 0 0 0
1176 426 0 11 7 2 0 0 0 0 0 0 0 3766 1067 0 25 37 12 1 1 0 2 0 0 0
1220 478 0 11 8 2 0 0 0 0 0 0 0 3895 1118 0 34 37 12 1 1 0 2 0 0 0
1421 546 0 11 11 2 0 0 0 0 0 0 0 4612 1330 0 36 41 12 1 1 0 2 0 0 0
1701 617 0 12 12 4 0 0 0 0 0 0 0 4725 1423 0 39 42 13 1 1 0 2 1 0 0
1842 642 0 15 13 4 0 0 0 1 0 0 0 4853 1591 0 42 44 14 1 1 0 2 1 0 0
2074 743 0 17 14 4 0 0 0 1 0 0 0 5068 1731 0 42 48 17 1 1 0 2 1 0 0
2078 767 0 17 14 4 0 0 0 1 0 0 0 5076 1742 0 42 48 17 1 1 0 2 1 0 0
2181 812 0 17 14 4 0 0 0 1 0 0 0 5179 1747 0 44 50 17 1 1 0 3 1 0 0
2251 852 0 18 15 5 0 0 0 1 0 0 0 5201 1756 0 47 50 17 1 1 0 3 1 0 0
2298 872 0 19 15 5 0 0 0 1 0 0 0 5209 1763 0 47 50 17 1 1 0 3 1 0 0
2604 909 0 23 17 6 0 0 0 1 0 0 0 5294 1782 0 48 50 18 1 1 0 3 1 0 0
2645 957 0 24 18 7 0 0 0 1 0 0 0 5690 1866 0 50 53 18 1 1 0 3 1 0 0
2900 1017 0 25 20 7 0 0 0 1 0 0 0 5923 1923 0 50 56 18 1 1 0 3 1 0 0
3200 1177 0 29 23 9 0 0 0 1 0 0 0 6543 2005 0 53 58 20 1 1 0 3 1 0 0
3207 1192 0 29 23 9 0 0 0 1 0 0 0 6821 2113 0 55 59 20 1 1 0 3 1 0 0
3372 1213 0 31 25 9 0 0 0 1 0 0 0 7178 2177 0 56 62 21 1 1 0 3 1 0 0
3421 1244 0 33 25 10 0 0 0 1 0 0 0 7229 2188 0 56 62 21 1 1 0 3 1 0 0
3478 1290 0 35 26 10 0 0 0 1 0 0 0 7464 2307 0 59 68 25 1 1 0 3 1 0 0
3528 1368 0 37 26 10 0 0 0 1 0 0 0 7505 2437 0 61 68 27 1 1 0 3 1 0 0
3644 1373 0 38 28 11 0 0 0 2 0 0 0 7513 2442 0 62 68 27 1 1 0 4 1 0 0
3784 1402 0 39 29 11 0 0 0 2 0 0 0 7666 2496 0 63 69 27 1 1 0 4 1 0 0
3833 1422 0 39 29 11 0 0 0 2 0 0 0 7673 2506 0 63 71 27 1 1 0 4 1 0 0
4039 1459 0 39 30 11 0 0 0 2 0 0 0 7692 2568 0 65 71 27 1 1 0 4 1 0 0
4074 1474 0 39 30 11 0 0 0 2 0 0 0 8252 2794 0 69 76 27 1 1 0 4 1 0 0
4272 1522 0 40 32 12 0 0 0 2 0 0 0 8330 2797 0 69 76 27 1 1 0 4 1 0 0
4486 1572 0 40 33 13 0 0 0 2 0 0 0 8661 2802 0 69 78 30 1 1 0 4 1 0 1
