# scores for worst/random/best/smart move selector strategies. 
# scores are 50% and 95% quantiles (based on 40 games) of: 
# game score, #destroyed, #unlocked, #stripes, #bombs, #zappers
3 3 0 0 0 0 0 0 0 0 0 0 0 9 9 0 0 0 0 0 0 0 0 0 0 0
9 9 0 0 0 0 0 0 0 0 0 0 0 18 18 0 0 0 0 0 0 0 0 0 0 0
14 14 0 0 0 0 0 0 0 0 0 0 0 46 28 0 0 0 0 0 0 0 0 0 0 0
19 19 0 0 0 0 0 0 0 0 0 0 0 101 41 0 2 0 0 0 0 0 0 0 0 0
26 25 0 0 0 0 0 0 0 0 0 0 0 107 49 0 2 0 0 0 0 0 0 0 0 0
32 31 0 0 0 0 0 0 0 0 0 0 0 119 54 0 2 1 0 1 0 0 0 0 0 0
43 38 0 0 0 0 0 0 0 0 0 0 0 124 58 0 2 1 0 1 0 0 0 0 0 0
67 42 0 1 0 0 0 0 0 0 0 0 0 159 62 0 2 1 0 1 0 0 0 0 0 0
82 47 0 1 0 0 0 0 0 0 0 0 0 219 78 0 3 1 0 1 1 0 0 0 0 0
105 53 0 2 0 0 0 0 0 0 0 0 0 256 83 0 4 1 1 1 1 0 0 0 0 0
111 61 0 2 0 0 0 0 0 0 0 0 0 302 90 0 4 1 1 1 1 0 0 0 0 0
124 65 0 2 0 0 0 0 0 0 0 0 0 306 97 0 4 1 1 1 1 0 1 0 0 0
146 72 0 2 0 0 0 0 0 0 0 0 0 337 106 0 4 1 2 1 1 0 1 0 0 0
157 79 0 3 0 0 0 0 0 0 0 0 0 341 120 0 4 1 2 1 1 0 1 0 0 0
167 83 0 3 0 0 0 0 0 0 0 0 0 359 128 0 5 1 2 1 1 0 1 0 0 0
176 90 0 3 0 0 0 0 0 0 0 0 0 371 136 0 5 1 2 1 1 0 1 0 0 0
187 98 0 3 0 0 0 0 0 0 0 0 0 377 140 0 6 1 2 1 1 0 1 0 0 0
198 102 0 3 0 0 0 0 0 0 0 0 0 398 146 0 7 2 2 2 1 0 1 0 0 0
242 110 0 4 0 0 0 0 0 0 0 0 0 417 150 0 8 2 2 2 1 0 1 0 0 0
246 115 0 4 0 0 0 0 0 0 0 0 0 478 157 0 11 2 2 2 1 0 1 1 0 0
267 126 0 4 0 0 0 0 0 0 0 0 0 485 161 0 11 2 2 2 1 0 1 1 0 0
270 133 0 4 0 0 0 0 0 0 0 0 0 490 167 0 11 2 2 2 1 0 1 1 0 0
275 138 0 4 0 0 0 0 0 0 0 0 0 493 174 0 11 2 2 2 1 0 2 1 0 0
311 143 0 5 0 0 1 0 0 0 0 0 0 517 179 0 12 2 2 2 1 0 2 1 0 0
320 147 0 5 0 0 1 0 0 0 0 0 0 521 185 0 12 2 2 2 1 0 2 1 0 0
324 154 0 5 0 0 1 0 0 0 0 0 0 526 189 0 12 2 2 2 1 0 2 1 0 0
335 159 0 5 0 0 1 0 0 0 0 0 0 529 196 0 12 2 2 2 1 0 2 1 0 0
353 165 0 5 0 0 1 0 0 0 0 0 0 544 205 0 12 2 2 2 2 0 2 1 0 0
366 170 0 6 0 0 1 0 0 0 0 0 0 548 212 0 12 2 2 2 2 0 2 1 0 0
382 178 0 6 0 0 1 0 0 0 0 0 0 576 217 0 12 2 2 2 2 0 2 1 0 0
390 181 0 7 0 0 1 0 0 0 0 0 0 628 223 0 14 2 2 2 2 0 2 1 0 0
402 185 0 7 0 0 1 0 0 0 0 0 0 649 230 0 16 3 2 2 2 0 2 1 0 0
431 194 0 7 0 0 1 0 0 0 0 0 0 657 243 0 16 3 2 3 2 0 2 1 0 0
466 200 0 7 0 0 1 0 0 0 0 0 0 689 256 0 17 3 2 3 2 0 2 1 0 0
472 205 0 8 0 0 1 0 0 0 0 0 0 695 262 0 17 3 2 3 2 0 2 1 0 0
477 209 0 8 1 0 1 0 0 0 0 0 0 698 265 0 17 3 2 3 2 0 2 1 0 0
484 216 0 8 1 0 1 0 0 0 0 0 0 703 268 0 17 3 2 3 2 0 2 1 0 0
521 222 0 8 1 0 1 0 0 0 0 0 0 709 272 0 17 3 2 3 2 0 2 1 0 0
551 230 0 9 1 0 1 0 0 0 0 0 0 717 277 0 17 3 2 3 2 0 2 1 0 0
554 233 0 9 1 0 1 0 0 0 0 0 0 721 280 0 17 3 2 3 2 0 2 1 0 0
559 239 0 9 1 0 1 0 0 0 0 0 0 758 283 0 17 3 2 3 2 0 2 1 0 0
