# scores for worst/random/best/smart move selector strategies. 
# scores are 50% and 95% quantiles (based on 40 games) of: 
# game score, #destroyed, #unlocked, #stripes, #bombs, #zappers
3 3 0 0 0 0 0 0 0 0 0 0 0 9 9 0 0 0 0 0 0 0 0 0 0 0
9 9 0 0 0 0 0 0 0 0 0 0 0 13 12 0 0 0 0 0 0 0 0 0 0 0
12 12 0 0 0 0 0 0 0 0 0 0 0 17 16 0 0 0 0 0 0 0 0 0 0 0
15 15 0 0 0 0 0 0 0 0 0 0 0 27 25 0 0 0 0 0 0 0 0 0 0 0
21 21 0 0 0 0 0 0 0 0 0 0 0 34 28 0 0 0 0 0 0 0 0 0 0 0
24 24 0 0 0 0 0 0 0 0 0 0 0 57 33 0 0 0 0 0 0 0 0 0 0 0
27 27 0 0 0 0 0 0 0 0 0 0 0 67 37 0 1 0 0 0 0 0 0 0 0 0
33 32 0 0 0 0 0 0 0 0 0 0 0 70 45 0 1 0 0 0 0 0 0 0 0 0
37 36 0 0 0 0 0 0 0 0 0 0 0 77 48 0 1 0 0 0 0 0 0 0 0 0
42 41 0 0 0 0 0 0 0 0 0 0 0 83 55 0 1 0 0 0 0 0 0 0 0 0
45 44 0 0 0 0 0 0 0 0 0 0 0 89 61 0 1 0 0 0 0 0 0 0 0 0
55 50 0 0 0 0 0 0 0 0 0 0 0 112 64 0 2 0 0 0 0 0 0 0 0 0
60 55 0 0 0 0 0 0 0 0 0 0 0 118 69 0 2 0 0 0 0 0 0 0 0 0
76 60 0 0 0 0 0 0 0 0 0 0 0 121 81 0 2 0 0 0 0 0 0 0 0 0
86 63 0 0 0 0 0 0 0 0 0 0 0 131 84 0 2 0 0 0 0 0 0 0 0 0
95 70 0 1 0 0 0 0 0 0 0 0 0 153 93 0 2 1 0 0 0 0 0 0 0 0
98 73 0 1 0 0 0 0 0 0 0 0 0 158 96 0 2 1 0 0 0 0 0 0 0 0
101 76 0 1 0 0 0 0 0 0 0 0 0 161 100 0 2 1 0 0 0 0 0 0 0 0
106 81 0 1 0 0 0 0 0 0 0 0 0 174 103 0 2 1 0 0 0 0 0 0 0 0
112 85 0 1 0 0 0 0 0 0 0 0 0 203 115 0 3 1 0 0 0 0 0 0 0 0
118 90 0 1 0 0 0 0 0 0 0 0 0 206 120 0 3 1 0 0 0 0 0 0 0 0
123 94 0 1 0 0 0 0 0 0 0 0 0 224 124 0 3 1 0 0 0 0 0 0 0 0
127 98 0 1 0 0 0 0 0 0 0 0 0 231 128 0 3 1 0 0 0 0 0 0 0 0
134 105 0 1 0 0 0 0 0 0 0 0 0 244 133 0 3 1 1 0 0 0 0 0 0 0
142 108 0 1 0 0 0 0 0 0 0 0 0 247 140 0 3 1 1 0 0 0 0 0 0 0
151 114 0 1 0 0 0 0 0 0 0 0 0 253 145 0 3 1 1 0 0 0 0 0 0 0
156 118 0 1 0 0 0 0 0 0 0 0 0 267 149 0 3 1 1 0 0 0 1 0 0 0
170 121 0 1 0 0 0 0 0 0 0 0 0 271 154 0 3 1 1 0 0 0 1 0 0 0
173 124 0 1 0 0 0 0 0 0 0 0 0 307 159 0 5 1 1 0 0 0 1 0 0 0
178 130 0 1 0 0 0 0 0 0 0 0 0 311 165 0 5 1 1 0 0 0 1 0 0 0
181 133 0 1 0 0 0 0 0 0 0 0 0 314 179 0 5 1 1 0 0 0 1 0 0 0
186 137 0 2 0 0 0 0 0 0 0 0 0 317 182 0 5 1 1 0 0 0 1 0 0 0
203 142 0 2 0 0 0 0 0 0 0 0 0 324 187 0 5 1 1 0 0 0 1 0 0 0
208 145 0 2 0 0 0 0 0 0 0 0 0 334 190 0 5 1 1 0 0 0 1 0 0 0
220 149 0 2 0 0 0 0 0 0 0 0 0 337 195 0 5 1 1 1 0 0 1 0 0 0
226 153 0 2 0 0 0 0 0 0 0 0 0 354 198 0 5 1 1 1 0 0 1 0 0 0
239 161 0 2 0 0 0 0 0 0 0 0 0 357 201 0 5 1 1 1 0 0 1 0 0 0
242 165 0 2 0 0 0 0 0 0 0 0 0 361 208 0 5 1 1 1 0 0 1 0 0 0
253 168 0 2 0 0 0 0 0 0 0 0 0 364 214 0 5 1 1 1 0 0 1 0 0 0
256 173 0 2 0 0 0 0 0 0 0 0 0 367 221 0 5 1 1 1 0 0 1 0 0 0
262 176 0 2 0 0 0 0 0 0 0 0 0 371 224 0 5 1 1 1 0 0 1 0 0 0
