# scores for worst/random/best/smart move selector strategies. 
# scores are 50% and 95% quantiles (based on 40 games) of: 
# game score, #destroyed, #unlocked, #stripes, #bombs, #zappers
3 3 0 0 0 0 0 0 0 0 0 0 0 9 9 0 0 0 0 0 0 0 0 0 0 0
9 9 0 0 0 0 0 0 0 0 0 0 0 20 18 0 0 0 0 0 0 0 0 0 0 0
15 15 0 0 0 0 0 0 0 0 0 0 0 45 26 0 1 0 0 0 0 0 0 0 0 0
22 19 0 0 0 0 0 0 0 0 0 0 0 102 46 0 1 0 0 0 0 0 0 0 0 0
43 26 0 0 0 0 0 0 0 0 0 0 0 130 59 0 1 1 1 0 1 0 1 0 0 0
66 34 0 1 0 0 0 0 0 0 0 0 0 194 65 0 3 1 1 0 1 0 1 0 0 0
81 43 0 1 0 0 0 0 0 0 0 0 0 217 77 0 3 1 1 1 1 0 1 0 0 0
105 49 0 1 0 0 0 0 0 0 0 0 0 307 85 0 3 3 1 1 1 0 1 0 0 0
123 56 0 1 0 0 0 0 0 0 0 0 0 329 105 0 3 4 1 1 1 0 1 0 0 0
139 63 0 2 0 0 0 0 0 0 0 0 0 358 113 0 4 4 1 1 1 0 1 0 0 0
158 73 0 2 0 0 0 0 0 0 0 0 0 373 125 0 4 4 1 1 1 0 1 0 0 0
175 81 0 2 0 0 0 0 0 0 0 0 0 380 131 0 4 4 2 1 1 0 1 0 0 0
181 89 0 2 0 0 0 0 0 0 0 0 0 386 140 0 4 4 2 1 1 0 1 0 0 0
208 98 0 3 0 0 0 0 0 0 0 0 0 418 144 0 5 4 2 1 1 0 1 0 0 0
226 105 0 3 0 1 0 0 0 0 0 0 0 422 153 0 5 4 2 1 1 0 1 0 0 0
247 112 0 4 1 1 0 0 0 0 0 0 0 425 161 0 7 4 2 1 1 0 1 0 0 0
263 118 0 4 1 1 0 0 0 0 0 0 0 447 166 1 7 4 2 1 1 0 1 0 0 0
289 125 0 4 1 1 0 0 0 0 0 0 0 454 171 1 7 4 2 2 1 0 1 0 0 0
307 137 0 4 1 1 0 0 0 0 0 0 0 682 178 1 9 7 2 2 1 0 2 0 1 0
320 144 0 5 1 1 0 0 0 0 0 0 0 687 182 1 9 7 2 2 1 0 2 0 1 0
344 154 0 5 1 1 1 0 0 0 0 0 0 718 190 1 12 8 2 2 1 0 2 1 1 0
379 166 0 5 1 1 1 0 0 1 0 0 0 747 199 1 13 8 3 2 1 0 2 1 1 0
401 171 0 5 1 1 1 0 0 1 0 0 0 752 210 1 13 8 3 2 2 0 2 1 1 0
417 178 0 6 1 1 1 0 0 1 0 0 0 756 218 1 14 8 3 2 2 0 2 1 1 0
433 187 0 6 1 1 1 0 0 1 0 0 0 765 224 1 14 8 3 2 2 0 2 1 1 0
451 195 0 7 1 1 1 0 0 1 0 0 0 787 227 1 14 8 3 2 2 0 2 1 1 0
476 209 0 7 1 1 1 0 0 1 0 0 0 833 236 1 14 8 3 2 2 0 2 1 1 0
499 215 0 7 1 1 1 0 0 1 0 0 0 842 246 1 14 8 3 2 2 0 2 1 1 0
521 220 0 7 1 1 1 0 0 1 0 0 0 887 258 1 14 8 3 2 2 0 2 1 1 0
541 225 0 8 2 1 1 0 0 1 0 0 0 891 267 1 15 8 3 2 2 0 2 1 1 0
565 233 0 8 2 1 1 0 0 1 0 0 0 905 274 1 15 8 3 2 2 0 2 1 1 0
582 241 0 8 2 1 1 0 0 1 0 0 0 908 279 1 15 8 3 2 2 0 2 1 1 0
592 246 0 8 2 1 1 0 0 1 0 0 0 911 287 1 15 8 3 2 2 0 2 1 1 0
619 260 0 9 2 1 1 0 0 1 0 0 0 924 294 1 15 8 3 2 2 0 2 1 1 0
629 265 0 9 2 1 1 0 0 1 0 0 0 930 301 1 15 8 3 2 2 0 2 1 1 0
636 275 0 9 2 1 1 0 0 1 0 0 0 1009 313 1 15 8 3 3 2 0 2 1 1 0
658 281 0 10 2 1 1 0 0 1 0 0 0 1013 318 1 15 8 3 3 2 0 2 1 1 0
682 290 0 10 2 1 1 1 0 1 0 0 0 1018 330 1 19 8 3 3 2 0 3 1 1 0
705 299 0 10 2 1 2 1 0 1 0 0 0 1073 336 1 19 8 3 3 2 0 3 1 1 0
710 307 0 10 2 1 2 1 0 1 0 0 0 1077 342 1 20 8 4 3 2 1 3 1 1 0
738 312 0 11 2 2 2 1 0 1 0 0 0 1082 354 1 20 8 4 3 2 1 4 1 1 0
