# scores for worst/random/best/smart move selector strategies. 
# scores are 50% and 95% quantiles (based on 40 games) of: 
# game score, #destroyed, #unlocked, #stripes, #bombs, #zappers
3 3 0 0 0 0 0 0 0 0 0 0 0 9 9 0 0 0 0 0 0 0 0 0 0 0
9 9 0 0 0 0 0 0 0 0 0 0 0 13 12 0 0 0 0 0 0 0 0 0 0 0
12 12 0 0 0 0 0 0 0 0 0 0 0 18 17 0 0 0 0 0 0 0 0 0 0 0
15 15 0 0 0 0 0 0 0 0 0 0 0 21 21 0 0 0 0 0 0 0 0 0 0 0
19 19 0 0 0 0 0 0 0 0 0 0 0 35 27 0 0 0 0 0 0 0 0 0 0 0
24 24 0 0 0 0 0 0 0 0 0 0 0 38 30 0 0 0 0 0 0 0 0 0 0 0
27 27 0 0 0 0 0 0 0 0 0 0 0 44 38 0 0 0 0 0 0 0 0 0 0 0
31 30 0 0 0 0 0 0 0 0 0 0 0 47 42 0 0 0 0 0 0 0 0 0 0 0
36 36 0 0 0 0 0 0 0 0 0 0 0 50 47 0 0 0 0 0 0 0 0 0 0 0
39 39 0 0 0 0 0 0 0 0 0 0 0 70 51 0 1 0 0 0 0 0 0 0 0 0
42 42 0 0 0 0 0 0 0 0 0 0 0 74 54 0 1 0 0 0 0 0 0 0 0 0
47 47 0 0 0 0 0 0 0 0 0 0 0 79 57 0 1 0 0 0 0 0 0 0 0 0
51 51 0 0 0 0 0 0 0 0 0 0 0 85 63 0 1 0 0 0 0 0 0 0 0 0
54 54 0 0 0 0 0 0 0 0 0 0 0 88 66 0 1 0 0 0 0 0 0 0 0 0
58 58 0 0 0 0 0 0 0 0 0 0 0 94 74 0 1 0 0 0 0 0 0 0 0 0
63 63 0 0 0 0 0 0 0 0 0 0 0 102 81 0 1 0 0 0 0 0 0 0 0 0
66 66 0 0 0 0 0 0 0 0 0 0 0 105 84 0 1 0 0 0 0 0 0 0 0 0
70 70 0 0 0 0 0 0 0 0 0 0 0 108 88 0 1 0 0 0 0 0 0 0 0 0
74 73 0 0 0 0 0 0 0 0 0 0 0 111 91 0 1 0 0 0 0 0 0 0 0 0
78 77 0 0 0 0 0 0 0 0 0 0 0 121 94 0 1 0 0 0 0 0 0 0 0 0
81 81 0 0 0 0 0 0 0 0 0 0 0 135 99 0 1 0 0 0 0 0 0 0 0 0
84 84 0 0 0 0 0 0 0 0 0 0 0 139 105 0 1 0 0 0 0 0 0 0 0 0
92 91 0 0 0 0 0 0 0 0 0 0 0 146 108 0 1 0 0 0 0 0 0 0 0 0
96 94 0 0 0 0 0 0 0 0 0 0 0 149 111 0 1 0 0 0 0 0 0 0 0 0
99 98 0 0 0 0 0 0 0 0 0 0 0 153 114 0 1 1 0 0 0 0 0 0 0 0
102 102 0 0 0 0 0 0 0 0 0 0 0 158 120 0 1 1 0 0 0 0 0 0 0 0
106 105 0 0 0 0 0 0 0 0 0 0 0 174 123 0 1 1 0 0 0 0 0 0 0 0
109 109 0 0 0 0 0 0 0 0 0 0 0 186 127 0 1 1 0 0 0 0 0 0 0 0
113 112 0 0 0 0 0 0 0 0 0 0 0 191 132 0 1 1 0 0 0 0 0 0 0 0
117 116 0 0 0 0 0 0 0 0 0 0 0 194 135 0 1 1 0 0 0 0 0 0 0 0
120 119 0 0 0 0 0 0 0 0 0 0 0 197 138 0 1 1 0 0 0 0 0 0 0 0
123 123 0 0 0 0 0 0 0 0 0 0 0 201 149 0 1 1 0 0 0 0 0 0 0 0
129 128 0 0 0 0 0 0 0 0 0 0 0 204 156 0 1 1 0 0 0 0 0 0 0 0
137 132 0 0 0 0 0 0 0 0 0 0 0 225 162 0 1 1 0 0 0 0 0 0 0 0
142 137 0 0 0 0 0 0 0 0 0 0 0 228 166 0 1 1 0 0 0 0 0 0 0 0
147 141 0 0 0 0 0 0 0 0 0 0 0 233 169 0 1 1 0 0 0 0 0 0 0 0
153 146 0 0 0 0 0 0 0 0 0 0 0 240 175 0 2 1 0 0 0 0 0 0 0 0
162 149 0 0 0 0 0 0 0 0 0 0 0 243 178 0 2 1 0 0 0 0 0 0 0 0
168 153 0 0 0 0 0 0 0 0 0 0 0 247 182 0 2 1 0 0 0 0 0 0 0 0
171 157 0 0 0 0 0 0 0 0 0 0 0 250 187 0 2 1 0 0 0 0 0 0 0 0
175 160 0 0 0 0 0 0 0 0 0 0 0 253 190 0 2 1 0 0 0 0 0 0 0 0
