# scores for worst/random/best/smart move selector strategies. 
# scores are 50% and 95% quantiles (based on 40 games) of: 
# game score, #destroyed, #unlocked, #stripes, #bombs, #zappers
3 3 0 0 0 0 0 0 0 0 0 0 0 15 15 0 0 0 0 0 0 0 0 0 0 0
10 10 0 0 0 0 0 0 0 0 0 0 0 20 20 0 0 0 0 0 0 0 0 0 0 0
14 14 0 0 0 0 0 0 0 0 0 0 0 24 24 0 0 0 0 0 0 0 0 0 0 0
20 20 0 0 0 0 0 0 0 0 0 0 0 63 33 0 1 0 0 0 0 0 0 0 0 0
24 24 0 0 0 0 0 0 0 0 0 0 0 81 42 0 1 0 0 0 0 0 0 0 0 0
29 29 0 0 0 0 0 0 0 0 0 0 0 100 49 1 1 0 0 0 0 0 0 0 0 0
33 33 0 0 0 0 0 0 0 0 0 0 0 103 52 1 1 0 0 0 0 0 0 0 0 0
40 38 0 0 0 0 0 0 0 0 0 0 0 132 60 1 2 0 1 0 0 0 0 0 0 0
46 42 0 0 0 0 0 0 0 0 0 0 0 135 64 1 2 0 1 0 0 0 0 0 0 0
52 51 0 0 0 0 0 0 0 0 0 0 0 138 75 1 2 0 1 0 0 0 0 0 0 0
57 55 0 0 0 0 0 0 0 0 0 0 0 157 85 2 2 0 1 1 0 0 0 0 0 0
64 59 0 0 0 0 0 0 0 0 0 0 0 169 93 3 2 1 1 1 0 0 0 0 0 0
82 62 0 0 0 0 0 0 0 0 0 0 0 177 97 3 2 1 1 1 0 0 0 0 0 0
99 67 0 1 0 0 0 0 0 0 0 0 0 182 102 4 2 1 1 1 0 0 0 0 0 0
104 71 0 1 0 0 0 0 0 0 0 0 0 186 106 4 2 1 1 1 0 0 0 0 0 0
111 77 0 1 0 0 0 0 0 0 0 0 0 213 111 4 3 1 1 1 0 0 0 0 0 0
117 80 0 1 0 0 0 0 0 0 0 0 0 252 117 4 3 1 1 1 0 0 1 0 0 0
129 86 0 1 0 0 0 0 0 0 0 0 0 282 126 4 4 1 1 1 0 0 1 0 0 0
142 90 0 1 0 0 0 0 0 0 0 0 0 285 129 4 4 1 1 1 0 0 1 0 0 0
147 98 0 1 0 0 0 0 0 0 0 0 0 291 136 4 4 1 1 1 0 0 1 0 0 0
151 101 0 1 0 0 0 0 0 0 0 0 0 295 146 4 4 1 1 1 0 0 1 0 0 0
156 106 0 1 0 0 0 0 0 0 0 0 0 313 160 4 4 1 1 1 0 0 1 0 0 0
159 110 0 2 0 0 0 0 0 0 0 0 0 323 168 4 5 1 1 1 0 0 1 0 0 0
162 114 0 2 0 0 0 0 0 0 0 0 0 368 173 4 5 1 1 1 0 0 1 0 0 0
173 121 0 2 0 0 0 0 0 0 0 0 0 371 183 4 5 1 1 1 0 0 1 0 0 0
186 126 0 2 0 0 0 0 0 0 0 0 0 374 188 4 5 1 1 1 0 0 1 0 0 0
194 129 0 2 0 0 0 0 0 0 0 0 0 413 203 4 5 1 1 1 1 0 1 0 0 0
207 135 1 2 0 0 0 0 0 0 0 0 0 421 206 4 6 1 1 1 1 0 1 0 0 0
216 138 1 2 0 0 0 0 0 0 0 0 0 425 209 4 6 1 1 1 1 0 1 0 0 0
224 144 1 3 0 0 0 0 0 0 0 0 0 428 213 4 6 2 1 1 1 0 1 0 0 0
248 152 1 3 0 0 0 0 0 0 0 0 0 439 219 4 7 2 1 2 1 0 1 0 0 0
256 156 1 3 0 0 0 0 0 0 0 0 0 446 227 5 7 2 1 2 1 0 1 0 0 0
264 160 1 3 0 0 0 0 0 0 0 0 0 458 235 5 7 2 1 2 1 0 1 0 0 0
268 165 1 3 0 0 0 0 0 0 0 0 0 462 239 5 7 2 1 2 1 0 1 0 0 0
278 172 1 4 0 0 0 0 0 0 0 0 0 506 242 5 7 2 1 2 1 0 1 0 0 0
294 178 1 4 0 0 0 0 0 0 0 0 0 511 246 8 7 2 1 2 1 0 1 0 0 0
309 182 2 4 0 0 1 0 0 0 0 0 0 514 249 8 7 2 1 2 1 0 1 0 0 0
322 185 2 4 0 0 1 0 0 0 0 0 0 519 255 8 7 2 1 2 1 0 1 0 0 0
353 193 2 4 0 0 1 0 0 0 0 0 0 542 259 8 8 2 1 2 1 0 1 0 0 0
372 198 2 4 0 0 1 0 0 0 0 0 0 548 262 8 8 2 1 2 1 0 1 0 0 0
378 205 2 5 0 0 1 0 0 0 0 0 0 554 275 8 9 2 1 2 1 0 1 0 0 0
