# scores for worst/random/best/smart move selector strategies. 
# scores are 50% and 95% quantiles (based on 40 games) of: 
# game score, #destroyed, #unlocked, #stripes, #bombs, #zappers
3 3 0 0 0 0 0 0 0 0 0 0 0 15 15 0 0 0 0 0 0 0 0 0 0 0
8 8 0 0 0 0 0 0 0 0 0 0 0 21 21 0 0 0 0 0 0 0 0 0 0 0
13 13 0 0 0 0 0 0 0 0 0 0 0 41 30 0 0 0 0 0 0 0 0 0 0 0
17 17 0 0 0 0 0 0 0 0 0 0 0 44 33 0 0 0 0 0 0 0 0 0 0 0
21 21 0 0 0 0 0 0 0 0 0 0 0 47 36 0 0 0 0 0 0 0 0 0 0 0
24 24 0 0 0 0 0 0 0 0 0 0 0 88 53 0 1 0 0 0 0 0 0 0 0 0
30 30 0 0 0 0 0 0 0 0 0 0 0 93 56 1 1 0 0 0 0 0 0 0 0 0
35 34 0 0 0 0 0 0 0 0 0 0 0 96 59 1 1 0 0 0 0 0 0 0 0 0
39 38 0 0 0 0 0 0 0 0 0 0 0 99 64 1 1 0 0 0 0 0 0 0 0 0
43 43 0 0 0 0 0 0 0 0 0 0 0 118 69 1 1 0 0 0 0 0 0 0 0 0
48 46 0 0 0 0 0 0 0 0 0 0 0 124 74 1 1 0 0 0 0 0 0 0 0 0
51 50 0 0 0 0 0 0 0 0 0 0 0 141 79 1 1 0 0 0 0 0 0 0 0 0
55 54 0 0 0 0 0 0 0 0 0 0 0 145 83 1 1 0 0 0 0 0 0 0 0 0
59 58 0 0 0 0 0 0 0 0 0 0 0 148 87 1 1 0 0 0 0 0 0 0 0 0
67 62 0 0 0 0 0 0 0 0 0 0 0 151 90 1 1 0 0 0 0 0 0 0 0 0
73 66 0 0 0 0 0 0 0 0 0 0 0 170 96 1 2 0 0 0 0 0 0 0 0 0
77 71 0 0 0 0 0 0 0 0 0 0 0 176 102 1 2 0 0 0 0 0 0 0 0 0
82 77 0 0 0 0 0 0 0 0 0 0 0 182 109 2 2 1 0 0 0 0 0 0 0 0
86 83 0 0 0 0 0 0 0 0 0 0 0 189 115 2 3 1 0 0 0 0 0 0 0 0
98 87 0 0 0 0 0 0 0 0 0 0 0 194 118 2 3 1 0 0 0 0 0 0 0 0
101 91 0 0 0 0 0 0 0 0 0 0 0 197 123 3 3 1 0 0 0 0 0 0 0 0
111 94 0 0 0 0 0 0 0 0 0 0 0 201 127 3 3 1 0 0 0 0 0 0 0 0
120 99 0 0 0 0 0 0 0 0 0 0 0 207 136 3 3 1 0 0 0 0 0 0 0 0
123 102 0 0 0 0 0 0 0 0 0 0 0 210 139 3 3 1 0 0 0 0 0 0 0 0
129 106 0 1 0 0 0 0 0 0 0 0 0 213 142 3 3 1 0 0 0 0 0 0 0 0
135 110 0 1 0 0 0 0 0 0 0 0 0 245 146 3 3 1 0 0 0 0 0 0 0 0
139 115 0 1 0 0 0 0 0 0 0 0 0 249 152 3 3 1 1 0 0 0 1 0 0 0
145 119 0 1 0 0 0 0 0 0 0 0 0 252 155 3 3 1 1 0 0 0 1 0 0 0
151 122 0 1 0 0 0 0 0 0 0 0 0 255 158 3 3 1 1 0 0 0 1 0 0 0
158 127 0 1 0 0 0 0 0 0 0 0 0 260 165 3 3 1 1 0 0 0 1 0 0 0
162 130 0 1 0 0 0 0 0 0 0 0 0 263 168 3 3 1 1 0 0 0 1 0 0 0
167 133 0 1 0 0 0 0 0 0 0 0 0 268 174 3 3 1 1 0 0 0 1 0 0 0
170 137 0 1 0 0 0 0 0 0 0 0 0 279 181 3 3 1 1 0 0 0 1 0 0 0
182 142 0 1 0 0 0 0 0 0 0 0 0 314 185 3 3 1 1 0 1 0 1 0 0 0
188 146 0 1 0 0 0 0 0 0 0 0 0 322 188 3 3 1 1 0 1 0 1 0 0 0
191 150 0 1 0 0 0 0 0 0 0 0 0 327 191 3 3 1 1 0 1 0 1 0 0 0
194 153 0 1 0 0 0 0 0 0 0 0 0 330 194 3 3 1 1 0 1 0 1 0 0 0
202 157 0 1 0 0 0 0 0 0 0 0 0 333 198 3 3 1 1 0 1 0 1 0 0 0
210 161 0 1 0 0 0 0 0 0 0 0 0 349 203 3 3 1 1 0 1 0 1 0 0 0
214 166 1 1 0 0 0 0 0 0 0 0 0 354 206 3 3 1 1 0 1 0 1 0 0 0
219 170 1 1 0 0 0 0 0 0 0 0 0 357 210 3 3 1 1 0 1 0 1 0 0 0
