# scores for worst/random/best/smart move selector strategies. 
# scores are 50% and 95% quantiles (based on 40 games) of: 
# game score, #destroyed, #unlocked, #stripes, #bombs, #zappers
3 3 0 0 0 0 0 0 0 0 0 0 0 15 15 0 0 0 0 0 0 0 0 0 0 0
10 10 0 0 0 0 0 0 0 0 0 0 0 37 20 0 0 0 0 0 0 0 0 0 0 0
17 17 0 0 0 0 0 0 0 0 0 0 0 55 27 0 1 0 0 0 0 0 0 0 0 0
24 23 0 0 0 0 0 0 0 0 0 0 0 97 42 1 1 0 0 0 0 0 0 0 0 0
33 28 0 0 0 0 0 0 0 0 0 0 0 116 51 1 2 0 0 0 0 0 0 0 0 0
49 36 0 0 0 0 0 0 0 0 0 0 0 130 61 1 2 0 1 1 0 0 1 0 0 0
70 43 0 1 0 0 0 0 0 0 0 0 0 180 87 2 2 1 1 1 1 0 1 0 0 0
82 51 0 1 0 0 0 0 0 0 0 0 0 208 96 3 2 1 1 1 1 0 1 0 0 0
107 60 0 1 0 0 0 0 0 0 0 0 0 215 99 4 3 1 1 1 1 0 1 0 0 0
129 69 1 1 0 0 0 0 0 0 0 0 0 271 120 4 3 2 1 1 1 0 1 0 0 0
142 74 1 2 0 0 0 0 0 0 0 0 0 280 127 4 3 2 1 1 1 0 1 0 0 0
157 82 1 2 0 0 0 0 0 0 0 0 0 303 132 4 4 2 1 1 1 0 1 0 0 0
168 90 1 2 0 0 0 0 0 0 0 0 0 340 147 4 4 2 2 1 1 0 1 0 0 0
175 94 1 2 0 0 0 0 0 0 0 0 0 344 152 4 4 2 2 1 1 0 1 0 0 0
186 101 1 3 0 0 0 0 0 0 0 0 0 351 157 4 4 2 2 1 1 0 1 0 0 0
227 107 1 3 0 0 0 0 0 0 0 0 0 380 161 4 4 2 2 1 1 0 1 0 0 0
235 118 1 3 0 0 0 0 0 0 0 0 0 412 171 4 5 2 2 2 1 0 1 0 0 0
241 122 1 3 0 0 0 0 0 0 0 0 0 417 176 4 5 2 2 2 1 0 1 0 0 0
251 128 1 3 0 0 0 0 0 0 0 0 0 436 183 6 6 2 2 2 1 0 1 0 0 0
266 133 1 3 0 0 0 0 0 0 0 0 0 480 208 6 6 2 2 2 1 0 2 0 0 0
281 142 1 3 0 0 1 0 0 0 0 0 0 498 215 6 6 2 2 2 1 0 2 0 0 0
294 147 1 4 1 0 1 0 0 0 0 0 0 523 221 6 6 2 2 2 1 0 2 0 0 0
307 154 1 4 1 0 1 0 0 0 0 0 0 527 230 7 7 2 2 2 1 0 2 0 0 0
328 166 1 5 1 0 1 0 0 0 0 0 0 603 235 7 8 2 2 2 1 0 2 0 0 0
339 170 2 5 1 0 1 0 0 0 0 0 0 609 243 7 8 2 2 2 1 0 2 0 0 0
353 177 2 5 1 1 1 0 0 1 0 0 0 617 252 7 8 2 2 2 1 0 2 0 0 0
363 181 2 5 1 1 1 0 0 1 0 0 0 645 261 7 8 2 3 2 1 0 2 0 0 0
393 189 2 6 1 1 1 0 0 1 0 0 0 648 264 7 8 2 3 2 1 0 2 0 0 0
414 196 2 6 1 1 1 0 0 1 0 0 0 683 276 7 9 2 3 2 1 0 2 0 0 0
428 202 2 6 1 1 1 0 0 1 0 0 0 711 286 7 9 2 3 2 1 0 2 0 0 0
434 210 2 6 1 1 1 0 0 1 0 0 0 719 294 7 9 3 3 2 2 0 2 0 0 0
450 216 2 6 1 1 1 0 0 1 0 0 0 724 298 7 10 3 3 2 2 0 2 0 0 0
470 227 2 7 1 1 1 0 0 1 0 0 0 728 302 7 10 3 3 2 2 0 2 0 0 0
495 236 2 7 1 1 1 0 0 1 0 0 0 744 310 7 10 3 3 2 2 0 2 0 0 0
514 241 2 7 1 1 1 0 0 1 0 0 0 781 314 7 10 3 3 2 2 0 2 0 0 0
528 248 2 8 1 1 1 0 0 1 0 0 0 825 325 7 10 3 3 2 2 0 2 0 0 0
533 253 2 8 1 1 1 0 0 1 0 0 0 851 329 7 10 3 3 2 2 0 2 0 0 0
546 257 2 8 1 1 1 0 0 1 0 0 0 864 334 7 11 3 3 2 2 0 2 0 0 0
560 266 2 8 1 1 1 0 0 1 0 0 0 869 339 7 11 3 3 2 2 0 2 0 0 0
567 272 2 8 1 1 1 0 0 1 0 0 0 873 345 7 11 3 3 2 2 0 2 0 0 0
589 280 2 8 1 1 1 0 0 1 0 0 0 878 348 7 11 3 3 3 2 0 2 0 0 0
