# scores for worst/random/best/smart move selector strategies. 
# scores are 50% and 95% quantiles (based on 40 games) of: 
# game score, #destroyed, #unlocked, #stripes, #bombs, #zappers
3 3 0 0 0 0 0 0 0 0 0 0 0 7 7 0 0 0 0 0 0 0 0 0 0 0
7 7 0 0 0 0 0 0 0 0 0 0 0 34 22 0 0 0 0 0 0 0 0 0 0 0
11 11 0 0 0 0 0 0 0 0 0 0 0 79 29 0 1 0 0 0 0 0 0 0 0 0
18 18 0 0 0 0 0 0 0 0 0 0 0 114 48 1 2 1 1 1 0 0 1 0 0 0
27 25 0 0 0 0 0 0 0 0 0 0 0 118 51 2 2 1 1 1 0 0 1 0 0 0
33 30 0 0 0 0 0 0 0 0 0 0 0 142 55 6 2 1 1 1 0 0 1 0 0 0
40 35 0 0 0 0 0 0 0 0 0 0 0 158 63 6 2 1 1 1 0 0 1 0 0 0
67 45 0 0 0 0 0 0 0 0 0 0 0 171 69 6 2 1 1 1 0 0 1 0 0 0
82 49 0 0 0 0 0 0 0 0 0 0 0 198 77 6 2 1 1 1 0 0 1 0 0 0
94 55 0 1 0 0 0 0 0 0 0 0 0 202 84 6 2 1 1 1 0 0 1 0 0 0
97 60 0 1 0 0 0 0 0 0 0 0 0 260 98 6 4 1 1 1 1 0 1 0 0 0
119 66 0 1 0 0 0 0 0 0 0 0 0 264 105 6 4 1 1 1 1 0 1 0 0 0
136 71 0 1 0 0 0 0 0 0 0 0 0 300 118 6 4 1 1 1 1 0 1 0 0 0
145 80 0 1 0 0 0 0 0 0 0 0 0 303 122 6 5 1 1 1 1 0 1 0 0 0
152 84 0 1 0 0 0 0 0 0 0 0 0 324 128 6 5 1 1 1 1 0 1 0 0 0
165 92 0 2 0 0 0 0 0 0 0 0 0 344 136 6 5 1 1 1 1 0 1 0 0 0
175 100 0 2 0 0 0 0 0 0 0 0 0 363 149 6 6 1 2 2 1 0 2 0 0 0
204 110 0 2 0 0 0 0 0 0 0 0 0 381 157 6 7 1 2 2 1 0 2 0 0 0
214 117 0 3 0 0 0 0 0 0 0 0 0 415 179 6 7 1 2 2 1 0 2 0 0 0
236 125 0 3 0 0 0 0 0 0 0 0 0 445 186 6 7 2 2 2 1 0 2 0 0 0
239 131 0 3 0 0 1 0 0 0 0 0 0 464 198 6 9 2 2 2 1 0 2 0 0 0
246 134 0 3 0 0 1 0 0 0 0 0 0 516 209 6 9 2 2 2 1 0 2 0 0 0
290 141 0 4 0 0 1 0 0 0 0 0 0 520 215 6 9 2 2 2 1 0 2 0 0 0
300 149 0 4 0 0 1 0 0 0 0 0 0 529 221 6 9 2 2 2 1 0 2 0 0 0
316 160 1 4 0 0 1 0 0 0 0 0 0 566 234 6 9 2 2 2 1 0 2 0 0 0
331 169 1 4 0 0 1 0 0 0 0 0 0 580 237 6 9 2 2 2 1 0 2 0 0 0
362 176 1 5 0 0 1 0 0 0 0 0 0 590 250 6 11 2 2 3 1 0 2 0 0 0
374 184 1 5 0 0 1 0 0 0 0 0 0 647 261 6 12 2 2 3 1 0 2 0 0 0
378 187 1 5 0 0 1 0 0 0 0 0 0 652 265 6 12 2 2 3 1 0 2 0 0 0
387 195 1 6 0 0 1 0 0 0 0 0 0 655 268 6 12 2 2 3 1 0 2 0 0 0
399 202 1 6 0 0 1 0 0 0 0 0 0 688 272 6 12 2 2 3 1 0 2 0 0 0
406 209 1 6 1 0 1 0 0 0 0 0 0 693 276 6 12 2 2 3 1 0 2 0 0 0
424 216 1 7 1 0 1 0 0 0 0 0 0 783 301 6 14 2 2 3 1 0 2 0 0 0
478 227 1 7 1 0 1 0 0 0 0 0 0 788 307 6 14 2 2 3 1 0 2 0 0 0
484 232 1 7 1 0 1 0 0 0 0 0 0 792 313 6 14 2 2 3 1 0 2 0 0 0
511 240 1 7 1 0 1 0 0 0 0 0 0 850 326 6 14 2 2 3 1 0 2 0 0 0
530 246 1 8 1 0 1 0 0 0 0 0 0 879 338 6 16 2 2 3 1 0 2 0 0 0
543 250 1 8 1 0 1 0 0 0 0 0 0 899 348 6 17 2 2 4 1 0 2 0 0 0
551 262 1 8 1 0 1 0 0 0 0 0 0 903 353 6 17 2 2 4 1 0 2 0 0 0
561 266 1 8 1 0 1 0 0 0 0 0 0 911 363 6 17 2 2 4 1 0 2 0 0 0
602 281 1 9 1 0 1 0 0 0 0 0 0 915 367 6 17 2 2 4 1 0 2 0 0 0
