# scores for worst/random/best/smart move selector strategies. 
# scores are 50% and 95% quantiles (based on 40 games) of: 
# game score, #destroyed, #unlocked, #stripes, #bombs, #zappers
3 3 0 0 0 0 0 0 0 0 0 0 0 7 7 0 0 0 0 0 0 0 0 0 0 0
6 6 0 0 0 0 0 0 0 0 0 0 0 16 16 0 0 0 0 0 0 0 0 0 0 0
10 10 0 0 0 0 0 0 0 0 0 0 0 62 29 0 1 0 0 0 0 0 0 0 0 0
15 15 0 0 0 0 0 0 0 0 0 0 0 68 34 0 1 0 0 0 0 0 0 0 0 0
18 18 0 0 0 0 0 0 0 0 0 0 0 77 38 0 1 0 0 0 0 0 0 0 0 0
23 23 0 0 0 0 0 0 0 0 0 0 0 90 46 0 1 0 0 0 0 0 0 0 0 0
27 27 0 0 0 0 0 0 0 0 0 0 0 100 55 0 1 0 0 0 0 0 0 0 0 0
31 31 0 0 0 0 0 0 0 0 0 0 0 108 59 0 1 0 0 0 0 0 0 0 0 0
36 35 0 0 0 0 0 0 0 0 0 0 0 130 65 0 1 0 0 0 0 0 0 0 0 0
40 39 0 0 0 0 0 0 0 0 0 0 0 133 68 1 2 0 0 0 0 0 0 0 0 0
45 43 0 0 0 0 0 0 0 0 0 0 0 136 73 1 2 0 0 0 0 0 0 0 0 0
55 48 0 0 0 0 0 0 0 0 0 0 0 166 84 1 2 1 0 0 0 0 0 0 0 0
62 54 0 0 0 0 0 0 0 0 0 0 0 169 87 1 2 1 0 0 0 0 0 0 0 0
69 58 0 0 0 0 0 0 0 0 0 0 0 180 95 1 2 1 0 0 0 0 0 0 0 0
73 63 0 0 0 0 0 0 0 0 0 0 0 183 98 1 2 1 0 0 0 0 0 0 0 0
89 70 0 0 0 0 0 0 0 0 0 0 0 186 102 1 2 1 0 0 0 0 0 0 0 0
96 75 0 0 0 0 0 0 0 0 0 0 0 198 113 1 2 1 0 0 0 0 0 0 0 0
100 80 0 0 0 0 0 0 0 0 0 0 0 201 117 1 2 1 0 0 0 0 0 0 0 0
106 84 0 0 0 0 0 0 0 0 0 0 0 207 120 1 3 1 0 0 0 0 0 0 0 0
112 88 0 1 0 0 0 0 0 0 0 0 0 210 124 1 3 1 0 0 0 0 0 0 0 0
117 92 0 1 0 0 0 0 0 0 0 0 0 213 127 1 3 1 0 0 0 0 0 0 0 0
123 96 0 1 0 0 0 0 0 0 0 0 0 224 137 1 3 1 0 0 0 0 0 0 0 0
129 103 0 1 0 0 0 0 0 0 0 0 0 228 142 1 4 1 0 0 0 0 0 0 0 0
139 107 0 1 0 0 0 0 0 0 0 0 0 233 152 1 4 1 0 0 0 0 0 0 0 0
143 113 0 1 0 0 0 0 0 0 0 0 0 251 157 1 4 1 0 0 0 0 0 0 0 0
151 118 0 1 0 0 0 0 0 0 0 0 0 254 161 1 4 1 0 0 0 0 0 0 0 0
155 121 0 1 0 0 0 0 0 0 0 0 0 312 176 1 4 1 1 0 0 0 1 0 0 0
166 128 0 1 0 0 0 0 0 0 0 0 0 332 179 1 4 1 1 0 0 0 1 0 0 0
183 133 0 1 0 0 0 0 0 0 0 0 0 335 182 2 4 2 1 0 0 0 1 0 0 0
186 136 0 1 0 0 0 0 0 0 0 0 0 338 187 2 4 2 1 0 0 0 1 0 0 0
192 139 0 1 0 0 0 0 0 0 0 0 0 354 191 2 4 2 1 0 0 0 1 0 0 0
195 145 0 1 0 0 0 0 0 0 0 0 0 358 194 2 4 2 1 0 0 0 1 0 0 0
201 150 0 1 0 0 0 0 0 0 0 0 0 368 197 2 4 2 1 0 0 0 1 0 0 0
204 154 0 1 0 0 0 0 0 0 0 0 0 373 205 2 4 2 1 0 0 0 1 0 0 0
219 159 0 1 0 0 0 0 0 0 0 0 0 378 209 2 4 2 1 0 0 0 1 0 0 0
226 162 0 1 0 0 0 0 0 0 0 0 0 381 214 2 4 2 1 0 0 0 1 0 0 0
230 165 0 1 0 0 0 0 0 0 0 0 0 385 218 2 4 2 1 0 0 0 1 0 0 0
255 170 0 1 0 0 0 0 0 0 0 0 0 388 221 2 5 2 1 0 0 0 1 0 0 0
262 178 0 2 0 0 0 0 0 0 0 0 0 392 225 2 5 2 1 0 0 0 1 0 0 0
267 182 0 2 0 0 0 0 0 0 0 0 0 397 228 2 5 2 1 0 0 0 1 0 0 0
271 187 0 2 0 0 0 0 0 0 0 0 0 420 242 2 5 2 1 0 0 0 1 0 0 0
