# scores for worst/random/best/smart move selector strategies. 
# scores are 50% and 95% quantiles (based on 40 games) of: 
# game score, #destroyed, #unlocked, #stripes, #bombs, #zappers
3 3 0 0 0 0 0 0 0 0 0 0 0 7 7 0 0 0 0 0 0 0 0 0 0 0
6 6 0 0 0 0 0 0 0 0 0 0 0 33 21 0 0 0 0 0 0 0 0 0 0 0
12 12 0 0 0 0 0 0 0 0 0 0 0 69 31 0 1 0 0 0 0 0 0 0 0 0
18 17 0 0 0 0 0 0 0 0 0 0 0 86 43 0 1 0 1 0 0 0 1 0 0 0
32 25 0 0 0 0 0 0 0 0 0 0 0 101 51 1 2 0 1 1 0 0 1 0 0 0
56 32 0 0 0 0 0 0 0 0 0 0 0 153 69 1 3 0 1 1 0 0 1 0 0 0
76 42 0 1 0 0 0 0 0 0 0 0 0 178 79 2 3 0 1 1 0 0 1 0 0 0
96 51 0 1 0 0 0 0 0 0 0 0 0 197 97 2 3 1 1 1 0 0 1 0 0 0
113 60 0 1 0 0 0 0 0 0 0 0 0 238 107 2 4 1 1 1 0 0 1 0 0 0
135 67 0 2 0 0 0 0 0 0 0 0 0 279 130 2 4 1 1 1 0 0 1 0 0 0
149 75 0 2 0 0 0 0 0 0 0 0 0 326 146 2 5 1 1 1 0 0 1 0 0 0
168 86 0 2 0 0 0 0 0 0 0 0 0 344 153 3 7 2 1 1 0 0 1 0 0 0
191 90 0 3 0 0 0 0 0 0 0 0 0 373 167 3 7 2 1 1 0 0 1 0 0 0
206 96 0 3 0 0 0 0 0 0 0 0 0 395 181 3 7 2 1 1 1 0 1 0 0 0
222 108 0 4 0 0 0 0 0 0 0 0 0 534 188 4 9 2 2 1 1 0 1 0 0 0
252 117 0 4 0 0 0 0 0 0 0 0 0 563 202 4 9 2 2 1 1 0 2 0 0 0
269 127 0 4 0 0 0 0 0 0 0 0 0 572 221 5 9 2 2 1 1 0 2 0 0 0
282 138 0 4 0 1 0 0 0 0 0 0 0 584 229 5 10 2 2 1 1 0 2 0 0 0
325 151 0 5 0 1 0 0 0 1 0 0 0 617 236 5 10 3 3 1 1 0 2 0 0 0
339 164 1 5 1 1 0 0 0 1 0 0 0 741 257 6 10 4 3 1 1 0 3 0 0 0
357 171 1 5 1 1 1 0 0 1 0 0 0 774 274 6 10 4 3 1 1 0 3 0 0 0
371 186 1 5 1 1 1 0 0 1 0 0 0 814 279 6 10 4 3 1 1 0 3 0 0 0
430 200 1 6 1 1 1 0 0 1 0 0 0 820 301 6 10 4 3 1 1 0 3 0 0 0
465 212 1 6 1 1 1 0 0 1 0 0 0 960 306 6 19 4 3 2 1 0 3 1 0 0
477 217 1 7 1 1 1 0 0 1 0 0 0 966 314 6 21 4 3 2 1 0 3 1 0 0
510 222 1 7 1 1 1 0 0 1 0 0 0 977 320 6 21 5 3 2 1 0 3 1 0 0
521 241 1 7 1 1 1 0 0 1 0 0 0 984 333 6 21 5 3 2 1 0 3 1 0 0
527 255 1 7 1 1 1 0 0 1 0 0 0 1001 352 6 22 6 3 2 1 0 3 1 0 0
548 270 1 8 1 2 1 0 0 1 0 0 0 1072 359 6 24 6 4 2 1 0 3 1 0 0
580 280 1 8 1 2 1 0 0 1 0 0 0 1103 369 6 24 6 4 2 1 0 3 1 0 0
602 292 1 8 1 2 1 0 0 1 0 0 0 1114 379 6 24 6 4 2 1 0 3 1 0 0
644 299 1 8 1 2 1 0 0 2 0 0 0 1149 391 6 24 6 4 2 1 0 3 1 0 0
677 310 1 9 1 2 1 0 0 2 0 0 0 1203 409 6 27 6 4 2 1 0 3 1 0 0
688 319 1 9 1 2 1 0 0 2 0 0 0 1225 418 6 27 6 4 2 1 0 3 1 0 0
742 332 1 10 1 2 1 0 0 2 0 0 0 1290 438 6 27 6 4 2 2 0 3 1 0 0
752 338 1 10 2 2 1 0 0 2 0 0 0 1346 453 6 28 6 4 2 2 0 3 1 0 0
768 356 1 11 2 2 1 0 0 2 0 0 0 1366 463 6 28 6 4 3 2 0 4 1 0 0
833 372 1 11 2 2 1 0 0 2 0 0 0 1403 484 6 29 6 4 3 2 0 4 1 0 0
843 379 1 11 2 2 1 0 0 2 0 0 0 1410 492 6 29 6 4 3 2 0 4 1 0 0
879 392 1 11 2 2 1 0 0 2 0 0 0 1416 515 6 29 6 5 3 2 0 4 1 0 0
911 405 1 13 2 2 1 0 0 2 0 0 0 1440 523 6 29 6 5 3 2 0 4 1 0 0
