# scores for worst/random/best/smart move selector strategies. 
# scores are 50% and 95% quantiles (based on 40 games) of: 
# game score, #destroyed, #unlocked, #stripes, #bombs, #zappers
3 3 0 0 0 0 0 0 0 0 0 0 0 7 7 0 0 0 0 0 0 0 0 0 0 0
6 6 0 0 0 0 0 0 0 0 0 0 0 13 13 0 0 0 0 0 0 0 0 0 0 0
9 9 0 0 0 0 0 0 0 0 0 0 0 20 20 0 0 0 0 0 0 0 0 0 0 0
14 14 0 0 0 0 0 0 0 0 0 0 0 32 26 0 0 0 0 0 0 0 0 0 0 0
19 19 0 0 0 0 0 0 0 0 0 0 0 58 36 0 1 0 0 0 0 0 0 0 0 0
25 24 0 0 0 0 0 0 0 0 0 0 0 65 39 0 1 0 0 0 0 0 0 0 0 0
30 30 0 0 0 0 0 0 0 0 0 0 0 70 46 0 1 0 0 0 0 0 0 0 0 0
33 33 0 0 0 0 0 0 0 0 0 0 0 78 54 0 1 0 0 0 0 0 0 0 0 0
36 36 0 0 0 0 0 0 0 0 0 0 0 83 58 0 1 0 0 0 0 0 0 0 0 0
41 40 0 0 0 0 0 0 0 0 0 0 0 90 68 0 1 0 0 0 0 0 0 0 0 0
48 46 0 0 0 0 0 0 0 0 0 0 0 97 74 0 1 0 0 0 0 0 0 0 0 0
52 51 0 0 0 0 0 0 0 0 0 0 0 107 80 0 1 0 0 0 0 0 0 0 0 0
59 55 0 0 0 0 0 0 0 0 0 0 0 110 83 0 1 0 0 0 0 0 0 0 0 0
66 60 0 0 0 0 0 0 0 0 0 0 0 115 87 0 1 0 0 0 0 0 0 0 0 0
72 64 0 0 0 0 0 0 0 0 0 0 0 125 98 0 1 0 0 0 0 0 0 0 0 0
75 68 0 0 0 0 0 0 0 0 0 0 0 128 101 0 1 0 0 0 0 0 0 0 0 0
80 73 0 0 0 0 0 0 0 0 0 0 0 134 107 0 1 0 0 0 0 0 0 0 0 0
84 76 0 0 0 0 0 0 0 0 0 0 0 139 111 0 1 0 0 0 0 0 0 0 0 0
89 80 0 0 0 0 0 0 0 0 0 0 0 142 116 0 1 0 0 0 0 0 0 0 0 0
98 83 0 0 0 0 0 0 0 0 0 0 0 145 119 0 1 1 0 0 0 0 0 0 0 0
101 86 0 0 0 0 0 0 0 0 0 0 0 163 123 0 1 1 0 0 0 0 0 0 0 0
105 92 0 0 0 0 0 0 0 0 0 0 0 166 126 0 1 1 0 0 0 0 0 0 0 0
111 97 0 0 0 0 0 0 0 0 0 0 0 170 129 0 1 1 0 0 0 0 0 0 0 0
116 101 0 0 0 0 0 0 0 0 0 0 0 175 132 0 1 1 0 0 0 0 0 0 0 0
120 106 0 0 0 0 0 0 0 0 0 0 0 192 135 0 2 1 0 0 0 0 0 0 0 0
133 109 0 0 0 0 0 0 0 0 0 0 0 195 140 0 2 1 0 0 0 0 0 0 0 0
136 112 0 0 0 0 0 0 0 0 0 0 0 198 143 0 2 1 0 0 0 0 0 0 0 0
139 120 0 0 0 0 0 0 0 0 0 0 0 203 146 0 2 1 0 0 0 0 0 0 0 0
142 123 0 0 0 0 0 0 0 0 0 0 0 206 149 0 2 1 0 0 0 0 0 0 0 0
146 126 0 0 0 0 0 0 0 0 0 0 0 209 152 0 2 1 0 0 0 0 0 0 0 0
151 130 0 1 0 0 0 0 0 0 0 0 0 212 159 0 2 1 0 0 0 0 0 0 0 0
154 135 0 1 0 0 0 0 0 0 0 0 0 215 163 0 2 1 0 0 0 0 0 0 0 0
158 140 0 1 0 0 0 0 0 0 0 0 0 219 168 0 2 1 0 0 0 0 0 0 0 0
163 143 0 1 0 0 0 0 0 0 0 0 0 223 173 0 2 1 0 0 0 0 0 0 0 0
166 146 0 1 0 0 0 0 0 0 0 0 0 226 176 0 2 1 0 0 0 0 0 0 0 0
170 150 0 1 0 0 0 0 0 0 0 0 0 233 179 0 2 1 0 0 0 0 0 0 0 0
173 153 0 1 0 0 0 0 0 0 0 0 0 239 182 0 2 1 0 0 0 0 0 0 0 0
177 157 0 1 0 0 0 0 0 0 0 0 0 242 186 0 2 1 0 0 0 0 0 0 0 0
181 161 0 1 0 0 0 0 0 0 0 0 0 250 193 0 2 1 0 0 0 0 0 0 0 0
189 168 0 1 0 0 0 0 0 0 0 0 0 257 197 0 2 1 0 0 0 0 0 0 0 0
192 172 0 1 0 0 0 0 0 0 0 0 0 264 204 0 2 1 0 0 0 0 0 0 0 0
