# scores for worst/random/best/smart move selector strategies. 
# scores are 50% and 95% quantiles (based on 40 games) of: 
# game score, #destroyed, #unlocked, #stripes, #bombs, #zappers
0 0 0 0 0 0 0 0 0 0 0 0 0 12 12 0 0 0 0 0 0 0 0 0 0 0
6 6 0 0 0 0 0 0 0 0 0 0 0 22 22 0 0 0 0 0 0 0 0 0 0 0
11 11 0 0 0 0 0 0 0 0 0 0 0 58 29 0 0 0 0 0 0 0 0 0 0 0
18 18 0 0 0 0 0 0 0 0 0 0 0 84 44 0 1 0 1 0 0 0 1 0 0 0
24 24 0 0 0 0 0 0 0 0 0 0 0 344 120 0 3 1 1 0 0 0 1 0 0 0
40 36 0 0 0 0 0 0 0 0 0 0 0 395 132 0 3 1 1 1 0 0 1 0 0 0
79 47 0 0 0 0 0 0 0 0 0 0 0 408 148 2 4 1 1 1 1 0 1 0 0 0
118 62 0 1 0 0 0 0 0 0 0 0 0 493 169 3 4 1 2 1 1 0 1 0 0 0
145 75 0 1 0 0 0 0 0 0 0 0 0 535 186 3 5 1 2 1 1 0 2 0 0 0
178 93 0 2 0 0 0 0 0 0 0 0 0 544 198 4 5 1 3 1 1 0 2 0 0 0
235 110 0 3 0 0 0 0 0 0 0 0 0 622 219 4 12 2 3 2 1 0 3 0 0 0
273 128 0 3 1 1 0 0 0 1 0 0 0 672 235 4 12 2 3 2 1 0 3 0 0 0
313 141 0 3 1 1 0 0 0 1 0 0 0 679 239 4 12 3 3 2 1 0 3 0 0 0
336 151 0 4 1 1 0 0 0 1 0 0 0 700 257 4 12 3 4 2 1 0 3 0 0 0
373 173 0 4 1 1 0 0 0 1 0 0 0 814 282 4 14 3 4 2 1 0 3 0 0 0
424 191 0 5 1 1 1 0 0 1 0 0 0 865 296 4 19 3 4 2 1 0 3 1 0 0
469 203 0 5 1 1 1 0 0 1 0 0 0 887 312 4 20 5 4 2 1 0 3 1 0 0
496 209 0 6 1 1 1 0 0 1 0 0 0 1011 344 4 20 5 4 2 1 0 3 1 0 0
546 225 0 7 2 1 1 0 0 1 0 0 0 1071 360 4 22 6 4 2 1 0 3 1 0 0
586 243 0 7 2 1 1 0 0 1 0 0 0 1223 380 4 30 6 5 2 1 0 4 1 0 0
642 257 0 8 2 1 1 0 0 1 0 0 0 1357 406 4 30 12 5 2 2 0 4 1 0 0
674 266 0 8 2 1 1 0 0 1 0 0 0 1387 432 4 30 12 5 2 2 0 4 1 0 0
715 305 0 9 2 2 1 0 0 1 0 0 0 1582 445 4 32 13 5 2 2 0 4 1 0 0
762 315 0 9 2 2 1 1 0 1 0 0 0 1664 476 4 32 13 5 2 2 0 5 1 0 0
824 331 0 10 2 2 1 1 0 1 0 0 0 1670 505 4 32 14 6 3 2 1 5 1 0 0
868 349 0 11 2 2 1 1 0 2 0 0 0 1676 514 4 33 14 6 3 2 1 5 1 0 0
996 361 0 11 3 2 1 1 0 2 0 0 0 1688 545 4 35 14 6 3 2 1 5 1 0 0
1008 372 0 11 3 2 1 1 0 2 0 0 0 1695 553 4 35 14 6 3 2 1 5 1 0 0
1074 398 0 13 3 2 1 1 0 2 0 0 0 1707 562 4 35 14 6 3 2 1 5 1 0 0
1122 413 0 13 3 2 1 1 0 2 0 0 0 1769 576 4 36 18 6 3 2 1 5 1 1 0
1181 419 0 14 3 2 1 1 0 2 0 0 0 1777 608 4 36 18 6 4 2 1 5 1 1 0
1199 438 0 15 4 2 2 1 0 2 0 0 0 1840 622 4 37 18 6 4 2 1 5 1 1 0
1207 450 0 15 4 3 2 1 0 2 0 0 0 1888 634 4 37 18 7 4 2 1 5 1 1 0
1254 461 0 16 4 3 2 1 0 2 0 0 0 2015 639 4 46 18 8 4 2 1 6 2 1 0
1268 468 0 17 4 3 2 1 0 2 0 0 0 2022 648 4 46 18 8 4 2 1 6 2 1 0
1290 494 0 17 4 3 2 1 0 2 0 0 0 2062 664 4 46 18 8 4 2 1 6 2 1 0
1338 514 0 17 4 3 2 1 0 2 0 0 0 2161 675 4 48 18 8 4 2 1 6 2 1 0
1368 520 0 18 4 3 2 1 0 2 0 0 0 2289 717 4 48 18 8 4 2 1 7 2 1 0
1413 553 0 19 5 3 2 1 0 2 0 0 0 2329 761 4 49 18 8 5 3 1 7 2 1 0
1438 560 0 20 5 3 2 1 0 2 0 0 0 2410 771 4 49 19 8 5 3 1 7 2 1 0
1461 582 0 21 5 3 2 1 0 2 0 0 0 2422 789 4 49 19 8 5 3 1 7 2 1 0
