# scores for worst/random/best/smart move selector strategies. 
# scores are 50% and 95% quantiles (based on 40 games) of: 
# game score, #destroyed, #unlocked, #stripes, #bombs, #zappers
0 0 0 0 0 0 0 0 0 0 0 0 0 12 12 0 0 0 0 0 0 0 0 0 0 0
6 6 0 0 0 0 0 0 0 0 0 0 0 26 26 0 0 0 0 0 0 0 0 0 0 0
10 10 0 0 0 0 0 0 0 0 0 0 0 33 31 0 0 0 0 0 0 0 0 0 0 0
15 15 0 0 0 0 0 0 0 0 0 0 0 53 41 0 0 0 0 0 0 0 0 0 0 0
21 21 0 0 0 0 0 0 0 0 0 0 0 65 53 0 1 0 0 0 0 0 0 0 0 0
27 26 0 0 0 0 0 0 0 0 0 0 0 103 63 0 1 0 0 0 0 0 0 0 0 0
33 32 0 0 0 0 0 0 0 0 0 0 0 109 69 0 1 1 0 0 0 0 0 0 0 0
46 40 0 0 0 0 0 0 0 0 0 0 0 138 77 0 1 1 0 0 0 0 0 0 0 0
51 46 0 0 0 0 0 0 0 0 0 0 0 168 96 0 1 1 0 0 0 0 0 0 0 0
67 57 0 0 0 0 0 0 0 0 0 0 0 171 102 0 2 1 0 0 0 0 0 0 0 0
74 64 0 0 0 0 0 0 0 0 0 0 0 174 105 0 2 1 0 0 0 0 0 0 0 0
88 71 0 0 0 0 0 0 0 0 0 0 0 181 110 1 2 1 0 0 0 0 0 0 0 0
95 74 0 0 0 0 0 0 0 0 0 0 0 184 113 1 2 1 0 0 0 0 0 0 0 0
103 83 0 0 0 0 0 0 0 0 0 0 0 190 116 1 2 1 0 0 0 0 0 0 0 0
109 90 0 0 0 0 0 0 0 0 0 0 0 193 123 1 2 1 0 0 0 0 0 0 0 0
121 98 0 0 0 0 0 0 0 0 0 0 0 196 134 1 2 1 0 0 0 0 0 0 0 0
125 105 0 1 0 0 0 0 0 0 0 0 0 199 141 1 2 1 0 0 0 0 0 0 0 0
141 111 0 1 0 0 0 0 0 0 0 0 0 208 154 1 2 1 0 0 0 0 0 0 0 0
144 115 0 1 0 0 0 0 0 0 0 0 0 219 161 1 2 1 0 0 0 0 0 0 0 0
147 121 0 1 0 0 0 0 0 0 0 0 0 286 168 1 3 1 0 0 0 0 0 0 0 0
171 131 0 1 0 0 0 0 0 0 0 0 0 364 198 1 3 1 0 0 0 0 0 0 0 0
180 137 0 1 0 0 0 0 0 0 0 0 0 367 201 1 3 1 0 0 0 0 0 0 0 0
188 145 0 1 0 0 0 0 0 0 0 0 0 382 217 1 3 1 0 0 0 0 0 0 0 0
199 152 0 1 0 0 0 0 0 0 0 0 0 386 223 1 4 1 0 0 0 0 0 0 0 0
202 157 0 1 0 0 0 0 0 0 0 0 0 393 229 1 4 1 0 0 0 0 0 0 0 0
214 162 0 1 1 0 0 0 0 0 0 0 0 396 232 1 4 1 0 0 0 0 0 0 0 0
223 167 0 1 1 0 0 0 0 0 0 0 0 399 237 1 4 1 0 0 0 0 0 0 0 0
230 172 0 1 1 0 0 0 0 0 0 0 0 420 258 1 4 1 0 0 0 0 0 0 0 0
239 179 0 1 1 0 0 0 0 0 0 0 0 423 261 1 4 1 0 0 0 0 0 0 0 0
246 185 0 1 1 0 0 0 0 0 0 0 0 436 267 1 4 1 0 0 0 0 0 0 0 0
249 189 0 1 1 0 0 0 0 0 0 0 0 493 286 1 4 2 0 0 0 0 0 0 0 0
260 197 0 1 1 0 0 0 0 0 0 0 0 513 299 1 4 3 0 0 0 0 0 0 0 0
266 201 0 1 1 0 0 0 0 0 0 0 0 517 308 1 5 3 0 0 0 0 0 0 0 0
272 211 0 1 1 0 0 0 0 0 0 0 0 520 311 1 5 3 0 0 0 0 0 0 0 0
277 215 0 1 1 0 0 0 0 0 0 0 0 523 317 1 5 3 0 0 0 0 0 0 0 0
287 219 0 2 1 0 0 0 0 0 0 0 0 526 320 1 5 3 0 0 0 0 0 0 0 0
292 226 0 2 1 0 0 0 0 0 0 0 0 529 336 1 5 3 0 0 0 0 0 0 0 0
307 232 0 2 1 0 0 0 0 0 0 0 0 532 339 1 5 3 0 0 0 0 0 0 0 0
311 235 0 2 1 0 0 0 0 0 0 0 0 536 344 1 5 3 0 0 0 0 0 0 0 0
318 243 0 2 1 0 0 0 0 0 0 0 0 541 350 1 5 3 0 0 0 0 0 0 0 0
331 248 0 2 1 0 0 0 0 0 0 0 0 548 358 1 6 3 0 0 0 0 0 0 0 0
