# scores for worst/random/best/smart move selector strategies. 
# scores are 50% and 95% quantiles (based on 40 games) of: 
# game score, #destroyed, #unlocked, #stripes, #bombs, #zappers
0 0 0 0 0 0 0 0 0 0 0 0 0 6 6 0 0 0 0 0 0 0 0 0 0 0
6 6 0 0 0 0 0 0 0 0 0 0 0 11 11 0 0 0 0 0 0 0 0 0 0 0
9 9 0 0 0 0 0 0 0 0 0 0 0 17 17 0 0 0 0 0 0 0 0 0 0 0
13 13 0 0 0 0 0 0 0 0 0 0 0 31 21 0 0 0 0 0 0 0 0 0 0 0
18 18 0 0 0 0 0 0 0 0 0 0 0 45 27 0 1 0 0 0 0 0 0 0 0 0
21 21 0 0 0 0 0 0 0 0 0 0 0 66 32 1 1 0 0 0 0 0 0 0 0 0
27 27 0 0 0 0 0 0 0 0 0 0 0 86 48 2 1 1 0 0 0 0 0 0 0 0
35 33 0 0 0 0 0 0 0 0 0 0 0 99 54 2 1 1 0 0 0 0 0 0 0 0
40 38 0 0 0 0 0 0 0 0 0 0 0 125 59 2 2 1 0 0 0 0 0 0 0 0
43 42 0 0 0 0 0 0 0 0 0 0 0 140 65 3 2 1 0 0 0 0 0 0 0 0
49 46 0 0 0 0 0 0 0 0 0 0 0 154 72 3 3 1 0 0 0 0 0 0 0 0
55 50 0 0 0 0 0 0 0 0 0 0 0 160 79 3 3 1 1 0 0 0 0 0 0 0
67 54 0 0 0 0 0 0 0 0 0 0 0 199 83 3 3 1 1 0 0 0 0 0 0 0
80 59 0 0 0 0 0 0 0 0 0 0 0 227 90 3 3 1 1 0 0 0 1 0 0 0
84 64 0 0 0 0 0 0 0 0 0 0 0 232 97 3 3 1 1 0 0 0 1 0 0 0
95 70 0 1 0 0 0 0 0 0 0 0 0 253 106 4 3 1 1 1 0 0 1 0 0 0
98 76 0 1 0 0 0 0 0 0 0 0 0 256 113 4 3 1 1 1 0 0 1 0 0 0
101 80 0 1 0 0 0 0 0 0 0 0 0 259 117 4 3 1 1 1 0 0 1 0 0 0
112 84 0 1 0 0 0 0 0 0 0 0 0 274 120 4 4 1 1 1 0 0 1 0 0 0
117 88 0 1 0 0 0 0 0 0 0 0 0 300 132 4 4 1 1 1 0 0 1 0 0 0
125 94 0 1 0 0 0 0 0 0 0 0 0 306 136 4 4 1 1 1 0 0 1 0 0 0
135 98 0 1 0 0 0 0 0 0 0 0 0 309 140 4 4 1 1 1 0 0 1 0 0 0
150 104 0 1 0 0 0 0 0 0 0 0 0 316 145 4 4 1 1 1 0 0 1 0 0 0
157 108 0 1 0 0 0 0 0 0 0 0 0 321 151 4 5 1 1 1 0 0 1 0 0 0
171 113 0 2 0 0 0 0 0 0 0 0 0 345 160 4 6 1 1 1 0 0 1 0 0 0
174 116 0 2 0 0 0 0 0 0 0 0 0 352 163 4 6 1 1 1 0 0 1 0 0 0
188 125 0 2 0 0 0 0 0 0 0 0 0 356 168 4 6 1 1 1 0 0 1 0 0 0
194 133 0 2 0 0 0 0 0 0 0 0 0 359 171 4 6 1 1 1 0 0 1 0 0 0
205 140 1 2 0 0 0 0 0 0 0 0 0 362 174 4 6 1 1 1 0 0 1 0 0 0
212 147 1 2 0 0 0 0 0 0 0 0 0 388 177 6 6 1 1 1 0 0 1 0 0 0
237 150 1 3 0 0 0 0 0 0 0 0 0 392 185 6 6 1 1 1 0 0 1 0 0 0
244 155 1 3 0 0 0 0 0 0 0 0 0 398 191 6 7 1 1 1 0 0 1 0 0 0
253 158 1 3 0 0 0 0 0 0 0 0 0 401 196 6 7 1 1 1 0 0 1 0 0 0
256 163 1 3 0 0 0 0 0 0 0 0 0 406 200 6 7 1 1 1 0 0 1 0 0 0
272 171 1 3 0 0 0 0 0 0 0 0 0 416 208 6 8 1 1 1 0 0 1 0 0 0
277 174 1 4 0 0 0 0 0 0 0 0 0 484 219 6 8 1 1 1 0 0 1 0 0 0
304 179 1 4 0 0 0 0 0 0 0 0 0 489 223 6 8 1 1 1 0 0 1 0 0 0
324 192 1 4 0 0 0 0 0 0 0 0 0 538 229 6 9 1 1 1 0 0 1 0 0 0
331 198 1 4 0 0 0 0 0 0 0 0 0 551 233 6 10 1 1 1 0 0 1 0 0 0
336 202 1 4 0 0 0 0 0 0 0 0 0 555 238 6 10 1 1 1 0 0 1 0 0 0
355 208 1 4 0 0 0 0 0 0 0 0 0 559 243 6 10 1 1 1 0 0 1 0 0 0
