# scores for worst/random/best/smart move selector strategies. 
# scores are 50% and 95% quantiles (based on 40 games) of: 
# game score, #destroyed, #unlocked, #stripes, #bombs, #zappers
0 0 0 0 0 0 0 0 0 0 0 0 0 6 6 0 0 0 0 0 0 0 0 0 0 0
6 6 0 0 0 0 0 0 0 0 0 0 0 14 14 0 0 0 0 0 0 0 0 0 0 0
9 9 0 0 0 0 0 0 0 0 0 0 0 33 21 0 0 0 0 0 0 0 0 0 0 0
15 15 0 0 0 0 0 0 0 0 0 0 0 47 28 0 1 0 0 0 0 0 0 0 0 0
19 19 0 0 0 0 0 0 0 0 0 0 0 53 36 0 1 0 0 0 0 0 0 0 0 0
24 24 0 0 0 0 0 0 0 0 0 0 0 71 48 0 1 0 0 0 0 0 0 0 0 0
30 28 0 0 0 0 0 0 0 0 0 0 0 98 56 0 1 0 0 0 0 0 0 0 0 0
37 35 0 0 0 0 0 0 0 0 0 0 0 124 63 0 2 0 0 0 0 0 0 0 0 0
45 41 0 0 0 0 0 0 0 0 0 0 0 143 69 1 3 0 0 0 0 0 0 0 0 0
61 45 0 0 0 0 0 0 0 0 0 0 0 151 79 3 3 1 1 0 0 0 1 0 0 0
69 52 0 0 0 0 0 0 0 0 0 0 0 156 91 3 3 1 1 0 0 0 1 0 0 0
80 58 0 1 0 0 0 0 0 0 0 0 0 172 100 3 3 1 1 1 0 0 1 0 0 0
99 62 0 1 0 0 0 0 0 0 0 0 0 206 103 3 3 1 1 1 0 0 1 0 0 0
106 69 0 1 0 0 0 0 0 0 0 0 0 210 107 3 3 1 1 1 0 0 1 0 0 0
117 73 0 1 0 0 0 0 0 0 0 0 0 229 113 3 3 1 1 1 0 0 1 0 0 0
137 81 0 2 0 0 0 0 0 0 0 0 0 243 117 3 4 1 1 1 0 0 1 0 0 0
163 91 0 2 0 0 0 0 0 0 0 0 0 248 123 4 4 1 1 1 0 0 1 0 0 0
185 95 0 2 0 0 0 0 0 0 0 0 0 265 133 8 4 1 1 1 1 0 1 0 0 0
188 99 0 2 0 0 0 0 0 0 0 0 0 269 138 8 4 1 1 1 1 0 1 0 0 0
197 105 0 2 0 0 0 0 0 0 0 0 0 301 141 8 5 1 1 1 1 0 1 0 0 0
204 111 0 2 0 0 0 0 0 0 0 0 0 311 152 8 5 1 1 1 1 0 1 0 0 0
223 121 0 3 0 0 0 0 0 0 0 0 0 342 160 8 6 1 1 1 1 0 1 0 0 0
252 127 1 3 0 0 0 0 0 0 0 0 0 373 180 8 6 1 1 1 1 0 1 0 0 0
264 137 1 3 0 0 0 0 0 0 0 0 0 376 187 9 7 1 2 1 1 0 2 0 0 0
286 144 1 3 0 0 0 0 0 0 0 0 0 392 191 10 7 2 2 1 1 0 2 0 0 0
291 149 1 3 0 0 0 0 0 0 0 0 0 415 194 10 8 2 2 1 1 0 2 0 0 0
301 158 1 4 0 0 0 0 0 0 0 0 0 419 198 11 8 2 2 1 1 0 2 0 0 0
309 164 1 4 0 0 0 0 0 0 0 0 0 435 211 11 8 2 2 1 1 0 2 0 0 0
320 169 2 5 0 0 0 0 0 0 0 0 0 467 216 11 8 2 2 1 1 0 2 0 0 0
337 175 2 5 0 0 0 0 0 0 0 0 0 492 227 11 8 2 2 2 1 0 2 0 0 0
361 178 2 5 0 0 1 0 0 0 0 0 0 498 234 11 8 2 2 2 1 0 2 0 0 0
373 189 2 5 0 0 1 0 0 0 0 0 0 536 243 11 8 2 2 2 1 0 2 0 0 0
378 193 2 5 0 0 1 0 0 0 0 0 0 573 256 11 9 2 2 2 1 0 2 0 0 0
384 201 2 6 0 1 1 0 0 0 0 0 0 599 261 11 9 2 2 2 1 0 2 0 0 0
418 205 2 6 0 1 1 0 0 0 0 0 0 604 269 11 9 2 2 2 1 0 2 0 0 0
446 213 2 6 0 1 1 0 0 1 0 0 0 617 276 11 10 2 2 2 1 0 2 0 0 0
455 220 2 6 0 1 1 0 0 1 0 0 0 633 286 11 10 2 2 3 1 0 2 0 0 0
462 224 2 7 1 1 1 0 0 1 0 0 0 644 293 12 10 2 2 3 1 0 2 0 0 0
481 231 2 7 1 1 1 0 0 1 0 0 0 709 299 12 10 2 3 3 1 0 3 0 0 0
498 237 2 7 1 1 1 0 0 1 0 0 0 738 315 12 11 2 3 3 1 0 3 0 0 0
507 248 2 7 1 1 1 0 0 1 0 0 0 744 320 12 11 2 3 3 1 0 3 0 0 0
