# scores for worst/random/best/smart move selector strategies. 
# scores are 50% and 95% quantiles (based on 40 games) of: 
# game score, #destroyed, #unlocked, #stripes, #bombs, #zappers
0 0 0 0 0 0 0 0 0 0 0 0 0 6 6 0 0 0 0 0 0 0 0 0 0 0
3 3 0 0 0 0 0 0 0 0 0 0 0 9 9 0 0 0 0 0 0 0 0 0 0 0
8 8 0 0 0 0 0 0 0 0 0 0 0 15 15 0 0 0 0 0 0 0 0 0 0 0
12 12 0 0 0 0 0 0 0 0 0 0 0 22 19 0 0 0 0 0 0 0 0 0 0 0
16 16 0 0 0 0 0 0 0 0 0 0 0 26 25 0 0 0 0 0 0 0 0 0 0 0
21 21 0 0 0 0 0 0 0 0 0 0 0 46 30 0 1 0 0 0 0 0 0 0 0 0
24 24 0 0 0 0 0 0 0 0 0 0 0 55 38 0 1 0 0 0 0 0 0 0 0 0
28 28 0 0 0 0 0 0 0 0 0 0 0 68 42 1 1 0 0 0 0 0 0 0 0 0
33 33 0 0 0 0 0 0 0 0 0 0 0 79 48 2 2 0 0 0 0 0 0 0 0 0
37 37 0 0 0 0 0 0 0 0 0 0 0 82 52 2 2 0 0 0 0 0 0 0 0 0
44 42 0 0 0 0 0 0 0 0 0 0 0 94 58 2 2 0 0 0 0 0 0 0 0 0
54 47 0 0 0 0 0 0 0 0 0 0 0 98 62 2 2 0 0 0 0 0 0 0 0 0
63 53 0 0 0 0 0 0 0 0 0 0 0 102 67 2 2 0 0 0 0 0 0 0 0 0
67 56 0 0 0 0 0 0 0 0 0 0 0 106 70 2 2 0 0 0 0 0 0 0 0 0
71 59 0 0 0 0 0 0 0 0 0 0 0 109 73 2 2 0 0 0 0 0 0 0 0 0
77 63 0 0 0 0 0 0 0 0 0 0 0 115 78 2 2 0 0 0 0 0 0 0 0 0
81 68 0 0 0 0 0 0 0 0 0 0 0 130 84 2 2 0 0 0 0 0 0 0 0 0
90 74 0 1 0 0 0 0 0 0 0 0 0 144 88 2 2 0 0 0 0 0 0 0 0 0
94 77 0 1 0 0 0 0 0 0 0 0 0 147 93 2 2 0 0 0 0 0 0 0 0 0
97 81 0 1 0 0 0 0 0 0 0 0 0 154 101 2 2 0 0 0 0 0 0 0 0 0
100 85 0 1 0 0 0 0 0 0 0 0 0 170 106 3 2 0 1 0 0 0 1 0 0 0
105 91 0 1 0 0 0 0 0 0 0 0 0 184 109 3 2 0 1 0 0 0 1 0 0 0
110 97 0 1 0 0 0 0 0 0 0 0 0 187 115 3 2 0 1 0 0 0 1 0 0 0
116 100 0 1 0 0 0 0 0 0 0 0 0 190 118 3 2 0 1 0 0 0 1 0 0 0
128 105 0 1 0 0 0 0 0 0 0 0 0 194 122 3 2 0 1 0 0 0 1 0 0 0
132 108 0 1 0 0 0 0 0 0 0 0 0 197 128 3 2 0 1 0 0 0 1 0 0 0
137 113 1 1 0 0 0 0 0 0 0 0 0 200 134 3 3 0 1 1 0 0 1 0 0 0
145 117 1 1 0 0 0 0 0 0 0 0 0 205 142 3 3 0 1 1 0 0 1 0 0 0
166 122 1 1 0 0 0 0 0 0 0 0 0 234 148 6 3 1 1 1 1 0 1 0 0 0
175 127 1 1 0 0 0 0 0 0 0 0 0 238 154 6 3 1 1 1 1 0 1 0 0 0
180 130 1 1 0 0 0 0 0 0 0 0 0 256 158 6 3 1 1 1 1 0 1 0 0 0
189 140 1 2 0 0 0 0 0 0 0 0 0 262 163 7 4 1 1 1 1 0 1 0 0 0
194 144 1 2 0 0 0 0 0 0 0 0 0 265 167 7 4 1 1 1 1 0 1 0 0 0
207 148 1 2 0 0 0 0 0 0 0 0 0 281 177 7 4 1 1 1 1 0 1 0 0 0
212 153 1 2 0 0 0 0 0 0 0 0 0 295 181 7 4 1 1 1 1 0 1 0 0 0
216 158 1 2 0 0 0 0 0 0 0 0 0 302 186 7 5 1 1 1 1 0 1 0 0 0
219 162 1 2 0 0 0 0 0 0 0 0 0 305 191 7 5 1 1 1 1 0 1 0 0 0
227 167 1 2 0 0 0 0 0 0 0 0 0 337 196 7 5 1 1 1 1 0 1 0 0 0
237 171 1 2 0 0 0 0 0 0 0 0 0 345 199 7 5 1 1 1 1 0 1 0 0 0
250 177 1 2 0 0 0 0 0 0 0 0 0 348 203 7 5 1 1 1 1 0 1 0 0 0
260 180 1 3 0 0 0 0 0 0 0 0 0 351 208 7 5 1 1 1 1 0 1 0 0 0
