# scores for worst/random/best/smart move selector strategies. 
# scores are 50% and 95% quantiles (based on 40 games) of: 
# game score, #destroyed, #unlocked, #stripes, #bombs, #zappers
0 0 0 0 0 0 0 0 0 0 0 0 0 6 6 0 0 0 0 0 0 0 0 0 0 0
3 3 0 0 0 0 0 0 0 0 0 0 0 9 9 0 0 0 0 0 0 0 0 0 0 0
9 9 0 0 0 0 0 0 0 0 0 0 0 15 15 0 0 0 0 0 0 0 0 0 0 0
12 12 0 0 0 0 0 0 0 0 0 0 0 21 21 0 0 0 0 0 0 0 0 0 0 0
15 15 0 0 0 0 0 0 0 0 0 0 0 25 25 0 0 0 0 0 0 0 0 0 0 0
21 21 0 0 0 0 0 0 0 0 0 0 0 30 30 0 0 0 0 0 0 0 0 0 0 0
24 24 0 0 0 0 0 0 0 0 0 0 0 36 35 0 0 0 0 0 0 0 0 0 0 0
27 27 0 0 0 0 0 0 0 0 0 0 0 48 38 0 0 0 0 0 0 0 0 0 0 0
31 31 0 0 0 0 0 0 0 0 0 0 0 51 41 0 0 0 0 0 0 0 0 0 0 0
36 36 0 0 0 0 0 0 0 0 0 0 0 56 49 0 0 0 0 0 0 0 0 0 0 0
42 42 0 0 0 0 0 0 0 0 0 0 0 71 54 0 1 0 0 0 0 0 0 0 0 0
45 45 0 0 0 0 0 0 0 0 0 0 0 75 60 0 1 0 0 0 0 0 0 0 0 0
50 50 0 0 0 0 0 0 0 0 0 0 0 78 63 0 1 0 0 0 0 0 0 0 0 0
54 54 0 0 0 0 0 0 0 0 0 0 0 83 67 0 1 0 0 0 0 0 0 0 0 0
57 57 0 0 0 0 0 0 0 0 0 0 0 87 73 0 1 0 0 0 0 0 0 0 0 0
62 60 0 0 0 0 0 0 0 0 0 0 0 90 76 0 1 0 0 0 0 0 0 0 0 0
66 65 0 0 0 0 0 0 0 0 0 0 0 94 79 0 1 0 0 0 0 0 0 0 0 0
72 69 0 0 0 0 0 0 0 0 0 0 0 114 88 0 1 0 0 0 0 0 0 0 0 0
77 74 0 0 0 0 0 0 0 0 0 0 0 118 93 1 1 0 0 0 0 0 0 0 0 0
80 78 0 0 0 0 0 0 0 0 0 0 0 151 106 3 1 0 0 0 0 0 0 0 0 0
85 84 0 0 0 0 0 0 0 0 0 0 0 154 109 3 1 0 0 0 0 0 0 0 0 0
93 88 0 0 0 0 0 0 0 0 0 0 0 157 113 3 1 0 0 0 0 0 0 0 0 0
97 94 0 0 0 0 0 0 0 0 0 0 0 166 118 3 1 0 0 0 0 0 0 0 0 0
100 97 0 0 0 0 0 0 0 0 0 0 0 169 123 3 1 0 0 0 0 0 0 0 0 0
107 102 0 0 0 0 0 0 0 0 0 0 0 175 128 3 1 0 0 0 0 0 0 0 0 0
110 105 0 0 0 0 0 0 0 0 0 0 0 180 134 4 2 0 0 0 0 0 0 0 0 0
117 108 0 0 0 0 0 0 0 0 0 0 0 186 137 4 2 0 0 0 0 0 0 0 0 0
120 113 0 0 0 0 0 0 0 0 0 0 0 189 141 4 2 0 0 0 0 0 0 0 0 0
127 118 0 0 0 0 0 0 0 0 0 0 0 193 146 4 2 0 0 0 0 0 0 0 0 0
131 121 0 0 0 0 0 0 0 0 0 0 0 196 149 4 2 0 0 0 0 0 0 0 0 0
135 127 0 0 0 0 0 0 0 0 0 0 0 201 152 4 2 0 0 0 0 0 0 0 0 0
141 132 0 0 0 0 0 0 0 0 0 0 0 214 158 4 2 0 0 0 0 0 0 0 0 0
145 135 0 0 0 0 0 0 0 0 0 0 0 217 164 4 2 0 0 0 0 0 0 0 0 0
151 138 0 0 0 0 0 0 0 0 0 0 0 223 170 4 2 0 0 0 0 0 0 0 0 0
157 141 0 1 0 0 0 0 0 0 0 0 0 227 177 4 2 0 0 0 0 0 0 0 0 0
161 147 0 1 0 0 0 0 0 0 0 0 0 236 182 4 2 0 0 0 0 0 0 0 0 0
168 152 0 1 0 0 0 0 0 0 0 0 0 245 190 4 2 0 0 0 0 0 0 0 0 0
171 155 0 1 0 0 0 0 0 0 0 0 0 248 193 4 2 0 0 0 0 0 0 0 0 0
174 158 0 1 0 0 0 0 0 0 0 0 0 254 196 4 2 0 0 0 0 0 0 0 0 0
178 163 0 1 0 0 0 0 0 0 0 0 0 257 199 4 3 0 0 0 0 0 0 0 0 0
187 167 0 1 0 0 0 0 0 0 0 0 0 263 204 4 3 1 0 0 0 0 0 0 0 0
