# scores for worst/random/best/smart move selector strategies. 
# scores are 50% and 95% quantiles (based on 40 games) of: 
# game score, #destroyed, #unlocked, #stripes, #bombs, #zappers
0 0 0 0 0 0 0 0 0 0 0 0 0 6 6 0 0 0 0 0 0 0 0 0 0 0
3 3 0 0 0 0 0 0 0 0 0 0 0 9 9 0 0 0 0 0 0 0 0 0 0 0
6 6 0 0 0 0 0 0 0 0 0 0 0 15 15 0 0 0 0 0 0 0 0 0 0 0
12 12 0 0 0 0 0 0 0 0 0 0 0 18 18 0 0 0 0 0 0 0 0 0 0 0
15 15 0 0 0 0 0 0 0 0 0 0 0 25 24 0 0 0 0 0 0 0 0 0 0 0
18 18 0 0 0 0 0 0 0 0 0 0 0 46 29 0 1 0 0 0 0 0 0 0 0 0
21 21 0 0 0 0 0 0 0 0 0 0 0 50 33 0 1 0 0 0 0 0 0 0 0 0
25 25 0 0 0 0 0 0 0 0 0 0 0 60 40 0 1 0 0 0 0 0 0 0 0 0
30 30 0 0 0 0 0 0 0 0 0 0 0 64 44 0 1 0 0 0 0 0 0 0 0 0
33 33 0 0 0 0 0 0 0 0 0 0 0 71 49 0 1 0 0 0 0 0 0 0 0 0
38 38 0 0 0 0 0 0 0 0 0 0 0 78 55 0 1 0 0 0 0 0 0 0 0 0
45 44 0 0 0 0 0 0 0 0 0 0 0 86 59 1 2 0 0 0 0 0 0 0 0 0
53 48 0 0 0 0 0 0 0 0 0 0 0 97 67 2 2 0 0 0 0 0 0 0 0 0
56 52 0 0 0 0 0 0 0 0 0 0 0 136 72 2 2 0 0 0 0 0 0 0 0 0
69 58 0 0 0 0 0 0 0 0 0 0 0 139 75 2 2 0 0 0 0 0 0 0 0 0
73 62 0 0 0 0 0 0 0 0 0 0 0 148 82 2 3 0 0 0 0 0 0 0 0 0
80 67 0 0 0 0 0 0 0 0 0 0 0 162 91 2 3 0 0 0 0 0 0 0 0 0
90 70 0 1 0 0 0 0 0 0 0 0 0 168 95 4 3 1 0 0 0 0 0 0 0 0
93 73 0 1 0 0 0 0 0 0 0 0 0 172 98 4 3 1 0 0 0 0 0 0 0 0
98 80 0 1 0 0 0 0 0 0 0 0 0 186 104 5 3 1 0 0 0 0 0 0 0 0
102 85 0 1 0 0 0 0 0 0 0 0 0 189 107 5 3 1 0 0 0 0 0 0 0 0
120 92 0 1 0 0 0 0 0 0 0 0 0 206 113 6 3 1 0 0 1 0 0 0 0 0
126 98 0 1 0 0 0 0 0 0 0 0 0 216 120 6 3 1 0 0 1 0 0 0 0 0
129 102 0 1 0 0 0 0 0 0 0 0 0 229 129 6 4 1 0 0 1 0 0 0 0 0
145 107 0 1 0 0 0 0 0 0 0 0 0 282 146 6 4 1 0 0 1 0 0 0 0 0
159 114 1 1 0 0 0 0 0 0 0 0 0 286 151 6 4 1 1 1 1 0 1 0 0 0
169 121 1 2 0 0 0 0 0 0 0 0 0 309 157 6 4 1 1 1 1 0 1 0 0 0
175 125 1 2 0 0 0 0 0 0 0 0 0 315 163 6 4 1 1 1 1 0 1 0 0 0
189 132 1 2 0 0 0 0 0 0 0 0 0 348 173 6 5 1 1 1 1 0 1 0 0 0
200 135 1 2 0 0 0 0 0 0 0 0 0 353 176 6 5 1 1 1 1 0 1 0 0 0
210 144 1 2 0 0 0 0 0 0 0 0 0 356 179 7 5 2 1 1 1 0 1 0 0 0
218 148 1 2 0 0 0 0 0 0 0 0 0 363 183 7 5 2 1 1 1 0 1 0 0 0
224 156 1 3 0 0 0 0 0 0 0 0 0 381 190 9 5 2 1 1 1 0 1 0 0 0
231 161 2 3 0 0 0 0 0 0 0 0 0 388 198 9 5 2 1 1 1 0 1 0 0 0
267 165 2 3 0 0 0 0 0 0 0 0 0 413 201 9 5 2 1 1 1 0 1 0 0 0
271 170 2 3 0 0 0 0 0 0 0 0 0 418 209 9 6 2 1 1 1 0 1 0 0 0
276 175 2 3 0 0 0 0 0 0 0 0 0 431 213 9 6 2 1 1 1 0 1 0 0 0
283 179 2 3 0 0 0 0 0 0 0 0 0 434 216 9 6 2 1 1 1 0 1 0 0 0
299 184 2 3 0 0 0 0 0 0 0 0 0 441 223 9 6 2 1 1 1 0 1 0 0 0
307 193 2 4 0 0 0 0 0 0 0 0 0 458 228 9 6 2 1 1 1 0 1 0 0 0
314 199 2 4 0 0 0 0 0 0 0 0 0 478 244 9 6 2 1 1 1 0 1 0 0 0
