# scores for worst/random/best/smart move selector strategies. 
# scores are 50% and 95% quantiles (based on 40 games) of: 
# game score, #destroyed, #unlocked, #stripes, #bombs, #zappers
0 0 0 0 0 0 0 0 0 0 0 0 0 6 6 0 0 0 0 0 0 0 0 0 0 0
3 3 0 0 0 0 0 0 0 0 0 0 0 9 9 0 0 0 0 0 0 0 0 0 0 0
6 6 0 0 0 0 0 0 0 0 0 0 0 15 15 0 0 0 0 0 0 0 0 0 0 0
10 10 0 0 0 0 0 0 0 0 0 0 0 18 18 0 0 0 0 0 0 0 0 0 0 0
15 15 0 0 0 0 0 0 0 0 0 0 0 29 29 0 0 0 0 0 0 0 0 0 0 0
18 18 0 0 0 0 0 0 0 0 0 0 0 33 33 0 0 0 0 0 0 0 0 0 0 0
21 21 0 0 0 0 0 0 0 0 0 0 0 38 38 0 0 0 0 0 0 0 0 0 0 0
25 25 0 0 0 0 0 0 0 0 0 0 0 44 44 0 0 0 0 0 0 0 0 0 0 0
30 30 0 0 0 0 0 0 0 0 0 0 0 47 47 0 0 0 0 0 0 0 0 0 0 0
33 33 0 0 0 0 0 0 0 0 0 0 0 75 63 0 0 0 0 0 0 0 0 0 0 0
39 39 0 0 0 0 0 0 0 0 0 0 0 85 67 0 1 0 0 0 0 0 0 0 0 0
45 45 0 0 0 0 0 0 0 0 0 0 0 96 71 0 1 0 0 0 0 0 0 0 0 0
49 49 0 0 0 0 0 0 0 0 0 0 0 99 75 1 1 0 0 0 0 0 0 0 0 0
52 52 0 0 0 0 0 0 0 0 0 0 0 108 84 1 1 0 0 0 0 0 0 0 0 0
56 56 0 0 0 0 0 0 0 0 0 0 0 134 89 1 1 0 0 0 0 0 0 0 0 0
63 62 0 0 0 0 0 0 0 0 0 0 0 137 92 1 1 0 0 0 0 0 0 0 0 0
66 65 0 0 0 0 0 0 0 0 0 0 0 141 95 1 1 0 0 0 0 0 0 0 0 0
70 69 0 0 0 0 0 0 0 0 0 0 0 145 98 1 1 0 0 0 0 0 0 0 0 0
75 73 0 0 0 0 0 0 0 0 0 0 0 150 102 1 1 0 0 0 0 0 0 0 0 0
78 78 0 0 0 0 0 0 0 0 0 0 0 153 105 2 1 0 0 0 0 0 0 0 0 0
81 81 0 0 0 0 0 0 0 0 0 0 0 156 110 2 1 0 0 0 0 0 0 0 0 0
84 84 0 0 0 0 0 0 0 0 0 0 0 159 113 2 1 0 0 0 0 0 0 0 0 0
90 88 0 0 0 0 0 0 0 0 0 0 0 162 116 2 1 0 0 0 0 0 0 0 0 0
95 92 0 0 0 0 0 0 0 0 0 0 0 165 119 2 1 0 0 0 0 0 0 0 0 0
101 98 0 0 0 0 0 0 0 0 0 0 0 170 122 2 1 1 0 0 0 0 0 0 0 0
105 103 0 0 0 0 0 0 0 0 0 0 0 175 133 2 1 1 0 0 0 0 0 0 0 0
109 106 0 0 0 0 0 0 0 0 0 0 0 178 137 2 1 1 0 0 0 0 0 0 0 0
114 109 0 0 0 0 0 0 0 0 0 0 0 182 140 2 1 1 0 0 0 0 0 0 0 0
120 113 0 0 0 0 0 0 0 0 0 0 0 185 144 2 1 1 0 0 0 0 0 0 0 0
125 119 0 0 0 0 0 0 0 0 0 0 0 188 147 2 1 1 0 0 0 0 0 0 0 0
132 122 0 0 0 0 0 0 0 0 0 0 0 193 150 2 1 1 0 0 0 0 0 0 0 0
135 129 0 0 0 0 0 0 0 0 0 0 0 203 153 2 1 1 0 0 0 0 0 0 0 0
138 132 0 0 0 0 0 0 0 0 0 0 0 206 156 2 1 1 0 0 0 0 0 0 0 0
142 135 0 0 0 0 0 0 0 0 0 0 0 211 160 2 1 1 0 0 0 0 0 0 0 0
149 138 0 0 0 0 0 0 0 0 0 0 0 214 163 2 1 1 0 0 0 0 0 0 0 0
155 143 0 0 0 0 0 0 0 0 0 0 0 217 176 2 1 1 0 0 0 0 0 0 0 0
159 149 0 0 0 0 0 0 0 0 0 0 0 220 179 2 1 1 0 0 0 0 0 0 0 0
163 152 0 0 0 0 0 0 0 0 0 0 0 223 185 2 2 1 0 0 0 0 0 0 0 0
168 157 0 0 0 0 0 0 0 0 0 0 0 226 190 2 2 1 0 0 0 0 0 0 0 0
173 161 0 0 0 0 0 0 0 0 0 0 0 229 193 2 2 1 0 0 0 0 0 0 0 0
179 164 0 0 0 0 0 0 0 0 0 0 0 232 196 2 2 1 0 0 0 0 0 0 0 0
