# scores for worst/random/best/smart move selector strategies. 
# scores are 50% and 95% quantiles (based on 40 games) of: 
# game score, #destroyed, #unlocked, #stripes, #bombs, #zappers
6 6 0 0 0 0 0 0 0 0 0 0 0 161 67 0 0 0 0 0 0 0 0 0 0 0
13 13 0 0 0 0 0 0 0 0 0 0 0 199 85 0 1 0 0 0 0 0 0 0 0 0
49 25 0 0 0 0 0 0 0 0 0 0 0 319 119 3 3 1 1 1 0 0 1 0 0 0
81 34 0 0 0 0 0 0 0 0 0 0 0 383 166 4 5 2 1 1 0 0 1 0 0 0
96 44 0 1 0 0 0 0 0 0 0 0 0 533 186 8 7 4 2 1 1 0 2 0 0 0
128 57 0 2 0 0 0 0 0 0 0 0 0 2156 698 21 16 14 8 1 1 0 2 0 0 0
187 78 3 3 0 0 0 0 0 0 0 0 0 3123 881 21 25 26 11 1 1 1 3 1 0 0
195 85 3 3 0 0 0 0 0 0 0 0 0 4084 1138 21 26 38 14 1 1 1 3 1 1 0
285 113 3 4 1 0 0 0 0 0 0 0 0 4471 1222 21 29 39 15 1 1 1 3 1 1 0
402 173 3 6 1 1 0 0 0 1 0 0 0 4631 1295 22 32 40 15 2 1 1 4 1 1 1
627 252 4 7 2 1 0 0 0 1 0 0 0 5400 1487 22 42 45 17 2 2 1 4 1 1 1
795 292 4 8 5 2 0 0 0 1 0 0 0 5730 1570 22 44 61 19 2 2 1 4 1 1 1
1227 392 4 10 8 2 0 0 0 1 0 0 0 6267 1686 22 45 74 20 2 2 1 4 1 1 1
1388 478 4 14 8 3 0 0 0 1 0 0 0 6747 1723 22 51 78 20 2 2 1 4 1 2 1
1514 516 5 17 9 3 1 0 0 1 0 0 0 7300 1773 22 58 79 21 2 2 1 5 1 2 1
2027 619 5 21 15 5 1 0 0 1 0 0 0 7327 1875 22 59 79 22 2 2 1 5 2 2 1
2220 690 5 24 16 6 1 0 0 2 0 0 0 7436 1970 22 61 80 22 2 2 1 5 2 2 1
2769 777 5 30 26 6 1 1 0 2 0 0 0 7444 2140 22 75 81 23 2 2 1 6 2 2 1
3273 873 5 35 29 7 1 1 0 2 1 0 0 7628 2199 22 76 85 23 2 2 2 6 2 2 1
3454 928 5 37 33 7 1 1 0 2 1 1 0 7987 2282 22 82 89 24 2 3 2 6 2 2 1
3804 1063 5 41 37 9 1 1 0 3 1 1 0 9042 2290 22 90 91 25 2 3 2 6 2 2 1
4589 1242 5 47 45 13 1 1 0 3 1 1 0 9394 2322 22 106 100 29 2 3 2 7 2 2 1
4837 1292 5 52 48 14 1 1 0 3 1 1 0 9512 2360 22 107 102 30 2 3 2 7 3 2 1
5378 1443 5 54 50 15 1 1 0 4 1 1 0 9610 2390 22 108 106 30 3 3 2 7 3 2 1
5673 1632 5 57 51 16 1 1 0 4 1 1 0 9950 2422 22 109 109 30 3 3 2 8 3 2 1
6105 1758 5 60 58 18 1 1 0 4 1 1 0 11113 2618 22 124 115 33 3 4 2 8 3 2 2
6912 1826 5 62 69 19 1 1 0 4 1 1 0 12132 2781 22 133 121 35 3 4 2 8 3 2 2
7388 1918 5 66 69 20 2 1 0 4 1 1 0 12789 2849 22 134 127 37 3 4 2 8 3 3 2
8149 1959 5 69 76 21 2 1 0 4 1 1 0 13448 2951 22 137 144 38 3 4 2 9 3 3 2
8458 2049 5 70 79 21 2 2 0 5 1 2 1 13539 3364 22 138 156 38 3 4 2 9 3 4 2
8512 2102 5 70 81 22 2 2 0 5 1 2 1 13981 3473 22 140 158 40 3 4 2 10 3 4 2
8650 2169 5 73 82 26 2 2 1 5 1 2 1 14569 3513 22 142 165 41 3 4 2 10 3 4 2
9259 2351 5 75 89 27 2 2 1 5 1 2 1 15223 3588 22 149 167 45 3 4 3 11 4 4 2
9918 2490 5 82 93 28 2 2 1 6 1 2 1 15379 3713 22 153 169 45 4 4 3 12 4 4 2
9943 2575 5 88 98 29 2 2 1 6 1 3 1 15953 3984 22 157 169 45 4 4 3 12 4 4 2
10127 2643 5 89 99 30 2 2 1 6 2 3 1 16577 4141 22 164 173 46 4 4 3 13 4 4 2
10353 2720 5 97 104 30 2 2 1 6 2 3 1 16785 4189 22 169 188 53 4 4 3 13 4 5 2
10661 2839 5 101 108 30 2 2 1 6 2 3 1 16844 4219 22 173 191 54 4 4 3 13 4 5 2
10893 2881 5 105 112 31 2 2 1 6 2 3 1 17083 4310 22 173 192 54 4 4 3 13 5 5 2
11391 3026 5 108 118 31 2 2 1 7 2 3 1 17388 4411 22 175 195 55 4 5 3 14 5 5 2
11662 3055 5 109 118 31 2 3 1 7 2 3 1 17536 4459 22 176 195 55 4 5 3 14 5 5 2
