# scores for worst/random/best/smart move selector strategies. 
# scores are 50% and 95% quantiles (based on 40 games) of: 
# game score, #destroyed, #unlocked, #stripes, #bombs, #zappers
6 6 0 0 0 0 0 0 0 0 0 0 0 161 67 0 0 0 0 0 0 0 0 0 0 0
12 12 0 0 0 0 0 0 0 0 0 0 0 232 87 0 1 2 0 0 0 0 0 0 0 0
18 18 0 0 0 0 0 0 0 0 0 0 0 271 91 2 2 2 1 0 0 0 0 0 0 0
23 22 0 0 0 0 0 0 0 0 0 0 0 277 96 2 2 2 1 0 0 0 0 0 0 0
30 27 0 0 0 0 0 0 0 0 0 0 0 309 120 2 2 3 1 0 0 0 0 0 0 0
41 36 0 0 0 0 0 0 0 0 0 0 0 362 156 2 2 3 1 0 0 0 0 0 0 0
55 43 0 0 0 0 0 0 0 0 0 0 0 829 289 3 5 6 2 0 0 0 1 0 0 0
72 53 0 0 0 0 0 0 0 0 0 0 0 838 300 4 5 6 2 0 0 0 1 0 0 0
99 63 0 1 0 0 0 0 0 0 0 0 0 854 321 5 6 7 2 0 0 0 1 0 0 0
103 68 0 1 0 0 0 0 0 0 0 0 0 1520 522 5 10 9 3 0 0 0 1 0 0 0
152 81 0 1 0 0 0 0 0 0 0 0 0 1689 588 6 12 11 3 0 0 0 1 0 0 0
164 89 0 1 0 0 0 0 0 0 0 0 0 1876 624 6 12 14 4 0 0 0 1 0 0 0
200 108 1 2 0 0 0 0 0 0 0 0 0 1879 627 6 13 14 4 0 0 0 1 0 0 0
234 129 1 2 0 0 0 0 0 0 0 0 0 2197 756 6 17 14 7 0 0 0 1 0 0 0
369 199 2 4 1 0 0 0 0 0 0 0 0 2296 835 7 20 15 10 0 0 0 1 0 0 0
413 219 2 4 1 0 0 0 0 0 0 0 0 3086 1067 7 25 24 12 0 0 0 2 0 0 0
438 223 2 4 2 0 0 0 0 0 0 0 0 3834 1296 7 28 28 16 0 0 0 2 0 0 0
607 252 2 5 2 0 0 0 0 0 0 0 0 3891 1316 7 30 29 16 0 0 0 2 0 0 0
651 275 2 5 3 0 0 0 0 0 0 0 0 3947 1337 7 30 29 16 0 0 1 2 0 0 0
933 375 2 7 6 1 0 0 0 0 0 0 0 4297 1413 7 30 34 17 0 0 1 2 0 0 0
1004 411 2 9 7 1 0 0 0 0 0 0 0 4676 1485 8 30 39 19 0 0 1 2 0 0 0
1144 465 2 9 7 1 0 0 0 0 0 0 0 4679 1512 8 34 39 19 0 0 1 2 0 0 0
1218 484 2 10 8 2 0 0 0 0 0 0 0 4686 1524 8 34 40 19 0 0 1 2 0 0 0
1348 506 2 11 9 2 0 0 0 1 0 0 0 4732 1530 8 34 40 19 0 1 1 2 0 0 0
1449 581 2 12 11 3 0 0 0 1 0 0 0 5957 1765 8 37 45 23 0 1 1 3 0 0 0
1681 623 2 13 11 3 0 0 0 1 0 0 0 5990 1777 8 37 47 23 0 1 1 3 0 0 0
1689 632 3 14 12 3 0 0 0 1 0 0 0 6015 1789 8 37 47 23 1 1 1 3 0 0 0
1796 714 3 15 15 4 0 0 0 1 0 0 0 6369 1956 8 39 47 26 1 1 1 3 0 0 0
2046 788 3 17 15 4 0 0 0 1 0 0 0 6796 2122 8 46 47 26 1 1 1 3 0 0 0
2054 800 3 18 16 5 0 0 0 1 0 0 0 6917 2151 8 54 52 26 1 1 1 4 0 0 0
2144 832 3 20 16 5 0 0 0 1 0 0 0 6953 2160 8 55 60 26 1 1 1 4 0 1 0
2656 945 3 23 20 6 0 0 0 1 0 0 0 7024 2289 8 55 60 27 1 1 1 4 0 1 0
2809 1016 3 24 20 7 0 0 0 1 0 0 0 7027 2292 8 55 61 27 1 1 1 4 1 1 0
3054 1078 3 24 24 8 0 0 0 1 0 0 0 7038 2303 8 56 61 27 1 1 1 4 1 1 0
3061 1101 3 24 24 9 0 0 0 1 0 0 0 7272 2352 8 61 61 28 1 1 1 4 1 1 0
3184 1133 3 25 26 9 0 0 0 1 0 0 0 7672 2411 8 63 66 31 1 1 1 4 1 1 0
3523 1228 3 29 28 9 0 0 0 2 0 0 0 7840 2469 8 67 66 31 1 1 1 4 1 1 0
3581 1270 3 30 28 9 0 0 0 2 0 0 0 8036 2564 8 69 67 31 1 1 1 5 1 1 0
3751 1288 3 31 30 9 0 0 0 2 0 0 0 8055 2571 8 69 67 31 1 1 1 5 1 1 0
3773 1294 3 32 31 9 0 0 0 2 0 0 0 8219 2607 8 69 67 31 1 1 1 5 1 1 0
4098 1373 3 32 31 10 0 0 0 2 0 0 0 8234 2626 8 71 68 31 1 1 1 5 1 1 0
