# scores for worst/random/best/smart move selector strategies. 
# scores are 50% and 95% quantiles (based on 40 games) of: 
# game score, #destroyed, #unlocked, #stripes, #bombs, #zappers
6 6 0 0 0 0 0 0 0 0 0 0 0 161 67 0 0 0 0 0 0 0 0 0 0 0
13 13 0 0 0 0 0 0 0 0 0 0 0 196 84 0 1 0 0 0 0 0 0 0 0 0
55 23 0 0 0 0 0 0 0 0 0 0 0 332 138 4 4 1 1 1 0 0 1 0 0 0
90 38 0 1 0 0 0 0 0 0 0 0 0 523 241 4 4 2 2 1 0 0 1 0 0 0
122 54 0 2 0 0 0 0 0 0 0 0 0 2221 666 5 29 10 7 1 0 0 2 1 0 0
209 84 3 3 0 1 0 0 0 0 0 0 0 2373 733 19 33 12 8 1 1 0 2 1 0 0
291 105 3 4 0 1 0 0 0 1 0 0 0 2716 817 19 39 26 8 1 1 1 2 1 1 0
497 198 4 5 1 1 0 0 0 1 0 0 0 3057 867 19 39 33 9 2 1 1 3 1 1 0
703 288 4 7 3 1 0 0 0 1 0 0 0 3508 960 19 46 42 11 2 1 1 3 2 2 0
974 344 4 10 6 2 0 0 0 1 0 0 0 4293 1153 19 57 45 12 2 1 1 3 2 2 0
1273 431 4 12 6 3 0 0 0 1 0 0 0 5305 1359 19 61 53 15 2 1 1 4 2 2 0
1731 508 4 15 10 3 0 0 0 2 0 0 0 5621 1507 19 62 58 17 2 1 2 4 2 2 0
2278 674 4 17 15 5 0 0 0 2 0 0 0 6713 1766 19 70 59 21 2 1 2 4 2 2 0
3011 820 4 23 27 7 0 0 0 2 0 0 0 6858 1860 19 70 62 21 2 2 2 4 2 2 1
3524 940 4 32 30 8 0 0 0 2 0 0 0 7817 2008 19 79 65 22 2 2 2 5 2 2 1
3742 1039 4 41 34 8 0 1 0 3 1 0 0 7996 2099 19 93 68 23 2 2 2 5 2 2 1
4436 1152 4 44 41 9 0 1 0 3 1 1 0 8895 2222 19 93 89 23 2 2 2 5 2 2 1
4875 1297 4 49 46 10 0 1 0 3 1 1 0 9949 2453 19 107 104 27 2 2 2 6 3 2 1
5394 1338 4 50 49 11 0 1 1 3 1 1 0 10715 2569 19 119 107 29 2 2 2 6 3 3 1
5562 1483 4 56 52 14 1 1 1 4 1 1 0 11342 2799 19 120 122 32 2 2 2 7 3 3 1
6243 1558 4 57 57 15 1 1 1 4 1 1 0 11546 2929 19 129 126 33 2 2 3 7 3 3 1
6653 1733 4 61 61 16 1 1 1 4 1 1 0 12045 3073 19 133 128 35 2 3 3 7 3 3 1
7191 1914 4 68 63 17 1 1 1 5 1 1 0 12310 3203 19 134 130 36 2 3 3 8 3 3 1
7508 2069 4 72 73 17 1 1 1 5 1 1 0 13448 3361 19 151 136 38 2 3 3 8 4 4 1
8204 2156 4 74 82 18 1 1 1 5 1 1 0 14470 3563 19 166 144 40 3 3 3 8 4 4 1
8415 2199 4 80 85 18 1 1 1 5 1 1 0 15420 3618 19 167 144 40 3 3 3 8 4 4 1
8901 2322 4 85 86 19 1 1 1 5 1 2 0 15654 3763 19 169 144 43 3 3 3 9 5 4 1
9315 2455 4 88 92 21 1 1 1 6 1 2 0 15853 4017 19 183 144 46 3 3 3 9 5 4 1
9937 2602 4 92 95 23 1 2 1 6 2 2 0 16512 4141 19 188 149 51 3 3 3 9 5 4 1
10838 2763 4 94 97 25 1 2 1 7 2 2 0 17233 4210 19 197 152 52 3 3 3 10 5 4 1
10932 2905 4 103 109 26 1 2 1 7 2 2 0 17438 4262 19 200 157 53 4 3 3 10 5 4 1
11224 2982 4 105 111 29 1 2 1 7 2 2 0 18550 4645 19 203 178 55 4 4 3 10 5 5 1
11781 3156 4 111 118 30 1 2 1 8 2 2 0 19168 4759 19 215 181 58 4 4 3 11 6 5 1
12398 3299 4 115 120 31 1 2 1 8 2 3 0 19704 4960 19 224 181 60 4 4 3 11 6 5 1
12704 3455 4 122 127 32 1 2 1 8 2 3 0 19877 5089 19 226 182 62 4 4 3 12 6 5 1
13402 3644 4 125 132 34 1 2 2 9 3 3 0 20046 5195 19 230 186 63 4 5 3 12 6 5 1
14168 3749 4 132 138 37 1 2 2 9 3 3 0 20894 5368 19 232 214 65 4 5 3 13 6 5 2
14765 3930 4 139 138 40 1 2 2 9 3 3 0 21971 5598 19 243 217 67 4 5 3 13 6 6 2
15071 4056 4 148 152 40 2 2 2 9 3 3 0 22682 5715 19 244 219 69 4 5 3 13 6 6 2
16053 4154 4 152 158 41 2 2 2 9 3 3 1 23164 5876 19 256 238 72 4 5 3 14 6 6 2
16346 4216 4 154 162 42 2 2 2 10 3 3 1 23452 5935 19 259 253 75 4 5 3 14 7 7 2
