# scores for worst/random/best/smart move selector strategies. 
# scores are 50% and 95% quantiles (based on 40 games) of: 
# game score, #destroyed, #unlocked, #stripes, #bombs, #zappers
6 6 0 0 0 0 0 0 0 0 0 0 0 161 67 0 0 0 0 0 0 0 0 0 0 0
9 9 0 0 0 0 0 0 0 0 0 0 0 202 77 0 0 0 0 0 0 0 0 0 0 0
17 17 0 0 0 0 0 0 0 0 0 0 0 205 80 0 0 0 0 0 0 0 0 0 0 0
23 23 0 0 0 0 0 0 0 0 0 0 0 341 151 1 3 3 0 0 0 0 0 0 0 0
30 29 0 0 0 0 0 0 0 0 0 0 0 344 154 3 4 4 0 0 0 0 0 0 0 0
41 35 0 0 0 0 0 0 0 0 0 0 0 375 174 4 4 4 0 0 0 0 0 0 0 0
55 45 0 0 0 0 0 0 0 0 0 0 0 412 196 4 4 4 0 0 0 0 0 0 0 0
62 53 0 0 0 0 0 0 0 0 0 0 0 460 210 4 5 4 0 0 0 0 0 0 0 0
72 59 0 0 0 0 0 0 0 0 0 0 0 463 213 4 5 4 0 0 0 0 0 0 0 0
91 67 0 0 0 0 0 0 0 0 0 0 0 466 216 5 5 4 0 0 0 0 0 0 0 0
126 77 0 1 0 0 0 0 0 0 0 0 0 1048 405 5 10 7 2 0 0 0 0 0 0 0
132 83 0 1 0 0 0 0 0 0 0 0 0 1055 412 5 11 7 2 0 0 0 0 0 0 0
160 89 0 1 0 0 0 0 0 0 0 0 0 1149 436 5 11 8 3 0 0 0 0 0 0 0
169 100 0 1 1 0 0 0 0 0 0 0 0 1305 490 5 12 9 4 0 0 0 0 0 0 0
204 110 1 1 1 0 0 0 0 0 0 0 0 1310 495 6 12 9 4 0 0 0 0 0 0 0
290 163 1 2 1 0 0 0 0 0 0 0 0 1604 599 6 14 11 4 0 0 0 0 0 0 0
296 166 1 2 2 0 0 0 0 0 0 0 0 1617 612 6 14 11 4 0 0 0 0 0 0 0
308 179 2 2 2 0 0 0 0 0 0 0 0 1779 665 6 15 13 4 0 0 0 0 0 0 0
313 182 2 2 2 0 0 0 0 0 0 0 0 1815 673 6 15 14 4 0 0 0 0 0 0 0
348 208 2 3 2 0 0 0 0 0 0 0 0 1832 684 6 15 14 4 0 0 0 0 0 0 0
469 234 2 3 3 0 0 0 0 0 0 0 0 2025 787 6 17 15 4 0 0 0 0 0 0 0
619 279 2 4 3 0 0 0 0 0 0 0 0 2031 803 6 18 15 4 0 0 0 0 0 0 0
669 302 2 6 3 0 0 0 0 0 0 0 0 2258 876 7 18 16 5 0 0 0 0 0 0 0
700 323 2 6 4 0 0 0 0 0 0 0 0 2270 883 7 18 16 5 0 0 0 0 0 0 0
710 330 2 7 5 0 0 0 0 0 0 0 0 2380 889 7 19 16 5 0 0 0 0 0 0 0
749 338 2 7 5 0 0 0 0 0 0 0 0 2383 892 7 19 16 5 0 0 0 0 0 0 0
753 342 2 7 6 0 0 0 0 0 0 0 0 2386 895 7 19 16 5 0 0 0 0 0 0 0
814 371 2 7 6 0 0 0 0 0 0 0 0 3029 1054 7 20 24 12 0 0 0 0 0 0 0
866 404 2 9 6 1 0 0 0 0 0 0 0 3035 1071 7 20 24 12 0 0 0 0 0 0 0
906 419 2 9 6 1 0 0 0 0 0 0 0 3226 1134 7 24 25 12 0 0 0 0 0 0 0
1049 444 2 9 7 1 0 0 0 0 0 0 0 3229 1205 7 28 26 12 0 0 0 0 0 0 0
1057 447 2 10 7 1 0 0 0 0 0 0 0 3320 1249 7 28 28 12 0 0 0 0 0 0 0
1060 489 2 10 7 1 0 0 0 0 0 0 0 3345 1268 7 28 28 12 0 0 0 0 0 0 0
1164 532 2 10 8 2 0 0 0 0 0 0 0 3351 1274 7 28 28 12 0 0 0 0 0 0 0
1221 539 2 11 8 2 0 0 0 0 0 0 0 3398 1296 7 28 28 12 0 0 0 0 0 0 0
1226 564 2 11 8 2 0 0 0 0 0 0 0 3757 1392 7 28 30 12 0 0 0 0 0 0 0
1284 589 2 12 9 2 0 0 0 0 0 0 0 4112 1462 7 28 32 15 0 0 0 0 0 0 0
1434 609 2 12 10 2 0 0 0 0 0 0 0 4120 1471 7 28 33 15 0 0 0 0 0 0 0
1497 632 2 12 10 2 0 0 0 0 0 0 0 4177 1503 7 28 33 15 0 0 0 0 0 0 0
1532 651 2 12 10 2 0 0 0 0 0 0 0 4181 1508 7 29 33 15 0 0 0 0 0 0 0
1615 695 2 12 10 2 0 0 0 0 0 0 0 4190 1518 7 32 33 15 0 0 0 0 0 0 0
