# scores for worst/random/best/smart move selector strategies. 
# scores are 50% and 95% quantiles (based on 40 games) of: 
# game score, #destroyed, #unlocked, #stripes, #bombs, #zappers
3 3 0 0 0 0 0 0 0 0 0 0 0 12 12 0 0 0 0 0 0 0 0 0 0 0
10 10 0 0 0 0 0 0 0 0 0 0 0 24 24 0 0 0 0 0 0 0 0 0 0 0
15 15 0 0 0 0 0 0 0 0 0 0 0 81 33 0 0 0 0 0 0 0 0 0 0 0
22 22 0 0 0 0 0 0 0 0 0 0 0 92 44 0 1 0 0 0 0 0 0 0 0 0
29 28 0 0 0 0 0 0 0 0 0 0 0 118 53 0 2 1 0 1 0 0 0 0 0 0
34 33 0 0 0 0 0 0 0 0 0 0 0 180 70 0 2 1 1 1 0 0 1 0 0 0
57 41 0 0 0 0 0 0 0 0 0 0 0 196 82 0 3 1 1 1 0 0 1 0 0 0
81 44 0 1 0 0 0 0 0 0 0 0 0 214 90 0 3 1 1 1 0 0 1 0 0 0
97 49 0 1 0 0 0 0 0 0 0 0 0 225 94 0 3 1 1 1 0 0 1 0 0 0
110 64 0 2 0 0 0 0 0 0 0 0 0 278 99 0 5 1 1 1 0 0 1 0 0 0
132 76 0 2 0 0 0 0 0 0 0 0 0 372 122 0 11 1 1 1 0 0 1 0 0 0
168 82 0 2 0 0 0 0 0 0 0 0 0 397 142 0 11 1 1 2 1 0 1 0 0 0
178 88 0 2 0 0 0 0 0 0 0 0 0 424 148 0 12 2 1 2 1 0 1 0 0 0
219 95 0 3 0 0 0 0 0 0 0 0 0 428 158 0 12 2 2 2 1 0 2 0 0 0
237 106 0 3 0 0 1 0 0 0 0 0 0 453 165 0 12 2 2 2 1 0 2 0 0 0
250 114 0 4 0 0 1 0 0 0 0 0 0 477 187 0 12 2 2 2 1 0 2 0 0 0
254 122 0 4 0 0 1 0 0 0 0 0 0 483 192 0 12 2 2 2 1 0 2 0 0 0
267 127 0 5 0 0 1 0 0 0 0 0 0 494 214 0 13 2 2 2 1 0 2 0 0 0
275 133 0 5 0 0 1 0 0 0 0 0 0 512 224 0 13 2 2 2 1 0 2 0 0 0
287 138 0 5 0 0 1 0 0 0 0 0 0 548 227 0 14 2 2 2 1 0 2 0 0 0
298 145 0 5 0 0 1 0 0 0 0 0 0 562 237 0 14 2 2 2 1 0 2 0 0 0
350 159 0 5 0 0 1 0 0 0 0 0 0 729 244 0 19 2 2 2 1 0 2 1 0 0
367 166 0 6 0 0 1 0 0 0 0 0 0 771 247 0 19 2 2 2 1 0 2 1 0 0
383 175 0 6 1 0 1 0 0 0 0 0 0 777 254 0 19 2 2 2 1 0 2 1 0 0
401 182 0 6 1 0 1 0 0 0 0 0 0 782 258 0 19 2 2 3 1 0 2 1 0 0
433 189 0 7 1 1 1 0 0 0 0 0 0 787 265 0 19 2 2 3 1 0 2 1 0 0
455 197 0 7 1 1 1 0 0 0 0 0 0 813 278 0 19 2 2 3 1 0 2 1 0 0
461 208 0 7 1 1 1 0 0 0 0 0 0 855 283 0 20 2 3 3 1 0 2 1 0 0
470 214 0 7 1 1 1 0 0 0 0 0 0 861 287 0 20 2 3 3 1 0 2 1 0 0
475 217 0 8 1 1 1 0 0 0 0 0 0 896 291 0 21 2 3 3 1 0 2 1 0 0
478 224 0 8 1 1 1 0 0 0 0 0 0 901 302 0 21 2 3 3 1 0 2 1 0 0
519 229 0 8 1 1 1 0 0 0 0 0 0 907 311 0 22 2 3 3 1 0 2 1 0 0
538 237 0 8 1 1 1 0 0 0 0 0 0 910 316 0 22 2 3 3 1 0 2 1 0 0
558 246 0 9 1 1 1 0 0 1 0 0 0 1034 332 0 24 3 3 3 1 0 2 1 0 0
598 257 0 9 1 1 1 0 0 1 0 0 0 1038 338 0 24 3 3 3 2 0 2 1 0 0
618 263 0 10 1 1 2 0 0 1 0 0 0 1041 348 0 24 3 3 3 2 0 2 1 0 0
632 271 0 10 1 1 2 0 0 1 0 0 0 1044 360 0 25 3 3 3 2 0 2 1 0 0
651 280 0 11 1 1 2 0 0 1 0 0 0 1161 376 0 25 3 3 3 2 0 2 1 0 0
655 288 0 11 1 1 2 0 0 1 0 0 0 1167 380 0 26 3 3 3 2 0 2 1 0 0
661 292 0 11 1 1 2 0 0 1 0 0 0 1230 399 0 28 3 3 4 2 0 2 1 0 0
692 299 0 12 1 1 2 0 0 1 0 0 0 1236 404 0 28 3 3 4 2 0 2 1 0 0
