# scores for worst/random/best/smart move selector strategies. 
# scores are 50% and 95% quantiles (based on 40 games) of: 
# game score, #destroyed, #unlocked, #stripes, #bombs, #zappers
3 3 0 0 0 0 0 0 0 0 0 0 0 12 12 0 0 0 0 0 0 0 0 0 0 0
9 9 0 0 0 0 0 0 0 0 0 0 0 20 20 0 0 0 0 0 0 0 0 0 0 0
12 12 0 0 0 0 0 0 0 0 0 0 0 42 30 0 0 0 0 0 0 0 0 0 0 0
18 18 0 0 0 0 0 0 0 0 0 0 0 74 40 0 0 0 0 0 0 0 0 0 0 0
22 22 0 0 0 0 0 0 0 0 0 0 0 82 46 0 0 0 0 0 0 0 0 0 0 0
25 25 0 0 0 0 0 0 0 0 0 0 0 85 52 0 0 0 0 0 0 0 0 0 0 0
32 32 0 0 0 0 0 0 0 0 0 0 0 93 59 0 0 1 0 0 0 0 0 0 0 0
36 36 0 0 0 0 0 0 0 0 0 0 0 98 62 0 0 1 0 0 0 0 0 0 0 0
40 39 0 0 0 0 0 0 0 0 0 0 0 107 74 0 1 1 0 0 0 0 0 0 0 0
45 43 0 0 0 0 0 0 0 0 0 0 0 110 77 0 1 1 0 0 0 0 0 0 0 0
49 47 0 0 0 0 0 0 0 0 0 0 0 113 80 0 1 1 0 0 0 0 0 0 0 0
53 51 0 0 0 0 0 0 0 0 0 0 0 117 84 0 1 1 0 0 0 0 0 0 0 0
62 54 0 0 0 0 0 0 0 0 0 0 0 130 92 0 1 1 0 0 0 0 0 0 0 0
66 59 0 0 0 0 0 0 0 0 0 0 0 133 96 0 1 1 0 0 0 0 0 0 0 0
70 67 0 0 0 0 0 0 0 0 0 0 0 192 99 0 1 1 1 0 0 0 1 0 0 0
80 72 0 0 0 0 0 0 0 0 0 0 0 195 102 0 1 1 1 0 0 0 1 0 0 0
88 77 0 0 0 0 0 0 0 0 0 0 0 203 106 0 1 1 1 0 0 0 1 0 0 0
93 80 0 0 0 0 0 0 0 0 0 0 0 206 116 0 1 1 1 0 0 0 1 0 0 0
96 85 0 0 0 0 0 0 0 0 0 0 0 209 125 0 2 1 1 0 0 0 1 0 0 0
107 97 0 0 0 0 0 0 0 0 0 0 0 212 128 0 2 1 1 0 0 0 1 0 0 0
111 102 0 0 0 0 0 0 0 0 0 0 0 235 139 0 3 1 1 0 0 0 1 0 0 0
116 105 0 0 0 0 0 0 0 0 0 0 0 263 150 0 3 1 1 0 0 0 1 0 0 0
126 109 0 0 0 0 0 0 0 0 0 0 0 294 165 0 3 1 1 0 0 0 1 0 0 0
138 113 0 0 0 0 0 0 0 0 0 0 0 312 168 0 3 1 1 0 0 0 1 0 0 0
149 117 0 0 0 0 0 0 0 0 0 0 0 315 171 0 3 1 1 0 0 0 1 0 0 0
160 125 0 1 0 0 0 0 0 0 0 0 0 320 174 0 4 1 1 0 0 0 1 0 0 0
168 129 0 1 0 0 0 0 0 0 0 0 0 323 177 0 4 1 1 0 0 0 1 0 0 0
174 134 0 1 0 0 0 0 0 0 0 0 0 326 180 0 4 1 1 1 0 0 1 0 0 0
186 139 0 1 0 0 0 0 0 0 0 0 0 329 188 0 4 1 1 1 0 0 1 0 0 0
197 145 0 1 0 0 0 0 0 0 0 0 0 347 191 0 4 1 1 1 0 0 1 0 0 0
206 149 0 1 0 0 0 0 0 0 0 0 0 352 197 0 4 1 1 1 0 0 1 0 0 0
212 156 0 1 0 0 0 0 0 0 0 0 0 355 200 0 4 1 1 1 0 0 1 0 0 0
216 160 0 1 0 0 0 0 0 0 0 0 0 382 214 0 5 1 1 1 0 0 1 0 0 0
219 166 0 1 0 0 0 0 0 0 0 0 0 386 217 0 5 1 1 1 0 0 1 0 0 0
227 169 0 2 0 0 0 0 0 0 0 0 0 406 226 0 5 1 1 1 0 0 1 0 0 0
230 173 0 2 0 0 0 0 0 0 0 0 0 409 230 0 5 1 1 1 0 0 1 0 0 0
254 180 0 2 0 0 0 0 0 0 0 0 0 437 236 0 5 1 1 1 0 0 1 0 0 0
265 187 0 2 0 0 0 0 0 0 0 0 0 442 241 0 5 1 1 1 0 0 1 0 0 0
274 190 0 2 0 0 0 0 0 0 0 0 0 462 247 0 5 1 1 1 0 0 1 0 0 0
279 199 0 2 0 0 0 0 0 0 0 0 0 466 250 0 5 1 1 1 0 0 1 0 0 0
283 204 0 2 0 0 0 0 0 0 0 0 0 471 256 0 5 1 1 1 0 0 1 0 0 0
