# scores for worst/random/best/smart move selector strategies. 
# scores are 50% and 95% quantiles (based on 40 games) of: 
# game score, #destroyed, #unlocked, #stripes, #bombs, #zappers
3 3 0 0 0 0 0 0 0 0 0 0 0 12 12 0 0 0 0 0 0 0 0 0 0 0
10 10 0 0 0 0 0 0 0 0 0 0 0 39 27 0 0 0 0 0 0 0 0 0 0 0
19 18 0 0 0 0 0 0 0 0 0 0 0 103 53 0 2 1 1 0 0 0 1 0 0 0
45 28 0 0 0 0 0 0 0 0 0 0 0 140 61 0 2 1 1 1 0 0 1 0 0 0
72 39 0 0 0 0 0 0 0 0 0 0 0 158 70 0 3 1 1 1 0 0 1 0 0 0
101 49 0 1 0 0 0 0 0 0 0 0 0 186 86 0 3 1 1 1 1 0 1 0 0 0
124 61 0 1 0 0 0 0 0 0 0 0 0 231 98 0 3 1 1 1 1 0 1 0 0 0
151 72 0 2 0 0 0 0 0 0 0 0 0 289 120 0 4 1 2 1 1 0 2 0 0 0
168 85 0 2 0 0 0 0 0 0 0 0 0 320 129 0 5 2 2 1 1 0 2 0 0 0
225 106 0 3 1 0 0 0 0 0 0 0 0 429 155 0 7 2 3 1 1 0 2 0 0 0
251 116 0 3 1 0 0 0 0 0 0 0 0 495 169 0 8 2 3 1 1 0 2 0 0 0
277 124 0 3 1 0 0 0 0 0 0 0 0 501 176 0 8 3 3 1 1 0 2 0 0 0
296 132 0 3 1 0 0 0 0 0 0 0 0 532 191 0 9 3 3 2 1 0 2 0 0 0
319 144 0 3 1 1 0 0 0 1 0 0 0 539 213 0 9 3 3 2 1 0 2 0 0 0
365 156 0 4 1 1 0 0 0 1 0 0 0 585 223 2 10 3 3 2 1 0 3 0 0 0
383 167 0 5 1 1 0 0 0 1 0 0 0 630 230 2 10 3 3 2 1 0 3 0 0 0
404 178 0 5 1 1 1 0 0 1 0 0 0 647 238 2 10 4 3 2 2 0 3 0 0 0
433 184 0 5 1 1 1 0 0 1 0 0 0 664 244 2 10 4 3 2 2 0 3 0 0 0
456 196 0 6 1 1 1 0 0 1 0 0 0 786 252 3 14 4 3 2 2 0 3 0 0 0
473 211 0 6 1 1 1 1 0 1 0 0 0 935 270 3 18 4 4 2 2 0 3 1 0 0
507 221 0 6 2 1 1 1 0 1 0 0 0 954 289 3 18 4 4 2 2 0 3 1 0 0
536 237 0 7 2 1 1 1 0 1 0 0 0 960 302 3 18 4 4 2 2 0 3 1 0 0
566 246 0 7 2 1 1 1 0 1 0 0 0 1036 314 3 19 4 4 2 2 0 3 1 0 0
579 250 0 7 2 1 1 1 0 1 0 0 0 1040 330 3 20 4 4 2 2 0 3 1 0 0
627 261 0 8 2 2 1 1 0 2 0 0 0 1075 339 3 20 5 4 3 2 0 3 1 0 0
644 280 0 8 2 2 1 1 0 2 0 0 0 1121 347 3 20 5 4 3 2 0 3 1 0 0
652 287 0 9 2 2 1 1 0 2 0 0 0 1140 361 3 22 6 4 3 2 0 4 1 0 0
680 304 0 10 2 2 1 1 0 2 0 0 0 1185 383 3 22 6 5 3 2 0 4 1 0 0
716 319 0 10 2 2 1 1 0 2 0 0 0 1221 397 3 22 6 5 3 2 0 4 1 0 0
735 328 0 10 3 2 1 1 0 2 0 0 0 1276 406 3 23 10 5 3 2 1 4 1 0 0
757 340 0 10 3 2 1 1 0 2 0 0 0 1301 418 3 23 10 5 3 2 1 4 1 0 0
803 346 0 10 3 2 1 1 0 2 0 0 0 1318 424 3 24 10 5 4 2 1 4 1 0 0
818 362 0 11 3 2 1 1 0 2 0 0 0 1327 432 3 24 10 5 4 2 1 4 1 0 0
855 377 0 12 3 2 1 1 0 2 0 0 0 1372 445 3 24 10 5 4 2 1 4 1 0 0
875 382 0 12 3 2 1 1 0 2 0 0 0 1380 450 3 24 10 5 4 2 1 5 1 0 0
890 387 0 12 3 2 1 1 0 2 0 0 0 1485 482 3 25 11 5 4 3 1 5 1 0 0
927 406 0 13 3 2 1 1 0 2 0 0 0 1488 492 3 25 11 6 4 3 1 5 1 0 0
957 414 0 13 3 2 1 1 0 2 0 0 0 1494 500 3 26 11 6 4 3 1 5 1 0 0
986 426 0 13 3 2 1 1 0 2 0 0 0 1665 516 3 27 11 6 4 3 1 5 1 0 0
1008 436 0 14 3 2 1 1 0 2 0 0 0 1687 522 3 27 12 6 4 3 1 5 1 0 0
1026 446 0 14 3 2 1 1 0 2 0 0 0 1722 536 3 27 12 6 4 3 1 5 1 0 0
