# scores for worst/random/best/smart move selector strategies. 
# scores are 50% and 95% quantiles (based on 40 games) of: 
# game score, #destroyed, #unlocked, #stripes, #bombs, #zappers
0 0 0 0 0 0 0 0 0 0 0 0 0 14 13 0 0 0 0 0 0 0 0 0 0 0
6 6 0 0 0 0 0 0 0 0 0 0 0 36 28 0 0 0 0 0 0 0 0 0 0 0
11 10 0 0 0 0 0 0 0 0 0 0 0 180 78 0 2 0 0 0 0 0 0 0 0 0
18 17 0 0 0 0 0 0 0 0 0 0 0 281 106 0 3 1 1 0 0 0 1 0 0 0
30 25 0 0 0 0 0 0 0 0 0 0 0 301 119 0 3 1 1 0 0 0 1 0 0 0
39 34 0 0 0 0 0 0 0 0 0 0 0 416 131 0 7 1 1 0 0 0 1 0 0 0
61 43 0 0 0 0 0 0 0 0 0 0 0 575 181 0 12 2 2 0 0 0 1 1 0 0
103 57 0 1 0 0 0 0 0 0 0 0 0 619 208 2 13 3 2 1 0 0 1 1 0 0
121 62 0 1 0 0 0 0 0 0 0 0 0 633 245 2 13 3 2 1 1 0 1 1 0 0
185 91 0 2 0 0 0 0 0 0 0 0 0 945 275 3 16 3 2 1 1 0 2 1 0 0
209 105 0 3 0 0 0 0 0 0 0 0 0 962 291 3 16 3 2 1 1 0 2 1 0 0
262 122 0 3 1 0 0 0 0 0 0 0 0 1081 321 3 16 4 3 1 1 0 3 1 0 0
304 135 0 4 1 0 0 0 0 0 0 0 0 1094 333 3 16 4 3 1 1 0 3 1 0 0
377 164 0 5 1 0 0 0 0 0 0 0 0 1418 339 3 23 11 3 1 1 1 3 1 0 0
444 181 0 5 1 0 0 0 0 0 0 0 0 1465 352 3 24 11 3 2 1 1 3 1 0 0
456 196 0 6 1 1 0 0 0 0 0 0 0 1475 365 3 24 11 3 2 1 1 3 1 0 0
510 217 0 6 2 1 0 0 0 1 0 0 0 1537 377 3 24 11 3 2 1 1 3 1 0 0
558 236 0 7 2 1 0 0 0 1 0 0 0 1557 389 3 24 11 4 2 1 1 3 1 0 0
564 245 0 8 2 1 0 0 0 1 0 0 0 1595 402 3 26 11 4 2 1 1 3 1 0 0
641 256 0 8 2 1 1 0 0 1 0 0 0 1600 423 3 26 13 4 2 1 1 3 1 0 0
657 267 0 8 2 1 1 1 0 1 0 0 0 1623 434 3 31 13 4 3 1 1 3 1 0 0
688 283 0 9 2 1 1 1 0 1 0 0 0 1655 450 3 31 13 4 3 1 1 3 1 0 0
724 289 0 9 2 1 1 1 0 1 0 0 0 1668 460 3 31 14 4 3 1 1 4 1 1 0
870 318 0 11 3 2 1 1 0 1 0 0 0 1725 494 3 32 17 5 3 2 1 4 1 1 0
888 330 0 11 3 2 1 1 0 1 0 0 0 1759 504 3 33 17 5 3 2 1 4 1 1 0
894 352 0 11 3 2 1 1 0 1 0 0 0 1806 529 3 33 17 5 3 2 1 4 1 1 0
927 378 0 11 3 2 1 1 0 1 0 0 0 1829 541 3 33 17 5 3 2 1 4 1 1 0
963 387 0 12 3 2 1 1 0 1 0 0 0 1857 554 3 34 17 5 3 2 1 4 1 1 0
997 415 0 14 3 2 1 1 0 1 0 0 0 2177 589 3 38 19 6 3 2 1 4 1 1 0
1043 434 0 14 4 2 1 1 0 1 0 0 0 2208 596 3 38 19 6 4 2 1 4 1 1 0
1131 443 0 15 4 2 1 1 0 1 0 0 0 2271 636 3 39 19 6 4 2 1 4 1 1 0
1178 454 0 16 4 2 1 1 0 1 0 0 0 2280 649 3 39 19 6 4 2 1 5 1 1 0
1187 479 0 16 4 2 1 1 0 2 0 0 0 2321 662 3 40 20 6 4 2 1 5 1 1 0
1234 488 0 16 5 2 1 1 0 2 0 0 0 2327 672 3 40 20 7 4 2 1 5 1 1 0
1279 496 0 17 5 2 1 1 0 2 0 0 0 2333 682 3 41 21 7 4 2 1 5 1 1 0
1292 509 0 17 5 2 1 1 0 2 0 0 0 2350 721 3 41 21 7 4 3 1 5 1 1 0
1401 524 0 19 5 2 2 1 0 2 0 0 0 2435 738 3 41 21 7 4 3 1 6 1 1 0
1406 531 0 20 5 2 2 1 0 2 0 0 0 2443 749 3 41 21 7 5 3 1 6 1 1 0
1469 549 0 21 5 2 2 1 0 2 0 0 0 2561 781 3 42 21 7 5 3 1 6 1 1 0
1538 555 0 21 6 3 2 1 0 2 0 0 0 2567 788 3 42 21 7 5 3 1 6 1 1 0
1597 565 0 22 6 3 2 1 0 2 0 0 0 2786 804 3 42 22 8 5 3 1 6 1 1 0
