# scores for worst/random/best/smart move selector strategies. 
# scores are 50% and 95% quantiles (based on 40 games) of: 
# game score, #destroyed, #unlocked, #stripes, #bombs, #zappers
0 0 0 0 0 0 0 0 0 0 0 0 0 14 13 0 0 0 0 0 0 0 0 0 0 0
6 6 0 0 0 0 0 0 0 0 0 0 0 44 32 0 0 0 0 0 0 0 0 0 0 0
12 11 0 0 0 0 0 0 0 0 0 0 0 84 40 0 1 0 0 0 0 0 0 0 0 0
22 19 0 0 0 0 0 0 0 0 0 0 0 109 49 0 1 0 0 0 0 0 0 0 0 0
26 26 0 0 0 0 0 0 0 0 0 0 0 115 67 0 1 1 0 0 0 0 0 0 0 0
36 33 0 0 0 0 0 0 0 0 0 0 0 171 81 0 2 1 0 0 0 0 0 0 0 0
45 39 0 0 0 0 0 0 0 0 0 0 0 176 86 0 2 1 0 0 0 0 0 0 0 0
49 45 0 0 0 0 0 0 0 0 0 0 0 184 97 0 2 1 0 0 0 0 0 0 0 0
61 52 0 0 0 0 0 0 0 0 0 0 0 229 121 0 2 1 1 0 0 0 0 0 0 0
70 58 0 0 0 0 0 0 0 0 0 0 0 286 151 0 3 2 1 0 0 0 0 0 0 0
87 64 0 0 0 0 0 0 0 0 0 0 0 298 156 0 3 2 1 0 0 0 0 0 0 0
102 79 0 1 0 0 0 0 0 0 0 0 0 329 169 0 3 2 1 0 0 0 0 0 0 0
113 86 0 1 0 0 0 0 0 0 0 0 0 334 173 0 3 2 1 0 0 0 1 0 0 0
124 90 0 1 0 0 0 0 0 0 0 0 0 358 178 0 3 2 1 0 0 0 1 0 0 0
128 98 0 1 0 0 0 0 0 0 0 0 0 496 197 0 4 3 1 0 0 0 1 0 0 0
152 104 0 1 0 0 0 0 0 0 0 0 0 509 204 0 4 3 1 0 0 0 1 0 0 0
172 116 0 1 0 0 0 0 0 0 0 0 0 631 207 0 4 3 1 0 0 0 1 0 0 0
204 128 0 2 0 0 0 0 0 0 0 0 0 642 211 0 5 3 1 0 0 0 1 0 0 0
209 136 0 2 0 0 0 0 0 0 0 0 0 659 217 0 5 3 1 0 0 0 1 0 0 0
219 145 0 2 0 0 0 0 0 0 0 0 0 735 255 0 5 3 1 0 0 0 1 0 0 0
236 157 0 2 0 0 0 0 0 0 0 0 0 738 259 0 5 3 1 1 0 0 1 0 0 0
260 169 0 3 1 0 0 0 0 0 0 0 0 746 267 0 7 3 1 1 0 0 1 0 0 0
275 173 0 3 1 0 0 0 0 0 0 0 0 758 287 0 7 3 1 1 0 0 1 0 0 0
278 178 0 3 1 0 0 0 0 0 0 0 0 783 293 0 7 3 1 1 0 0 1 0 0 0
333 188 0 3 1 0 0 0 0 0 0 0 0 796 296 0 7 3 1 1 0 0 1 0 0 0
340 201 0 3 1 0 0 0 0 0 0 0 0 802 304 0 7 3 1 1 0 0 1 0 0 0
347 215 0 3 1 0 0 0 0 0 0 0 0 805 310 0 8 3 1 1 0 0 1 0 0 0
364 219 0 3 1 0 0 0 0 0 0 0 0 808 318 0 8 3 1 1 0 0 1 0 0 0
367 228 0 4 1 0 0 0 0 0 0 0 0 824 331 0 8 3 1 1 0 0 1 0 0 0
388 239 0 4 1 0 0 0 0 0 0 0 0 839 338 0 8 4 1 1 0 0 1 0 0 0
426 242 0 4 1 0 0 0 0 0 0 0 0 870 343 0 8 4 2 1 0 0 1 0 0 0
439 250 0 4 1 0 0 0 0 0 0 0 0 876 346 0 8 4 2 1 0 0 1 0 0 0
446 256 0 4 1 0 0 0 0 0 0 0 0 881 356 0 8 4 2 1 0 0 1 0 0 0
449 259 0 5 1 0 0 0 0 0 0 0 0 887 363 1 8 4 2 1 0 0 1 0 0 0
452 265 0 5 1 0 0 0 0 0 0 0 0 1024 373 1 9 4 2 1 0 0 1 0 0 0
456 272 0 5 1 0 0 0 0 0 0 0 0 1044 392 1 9 4 2 1 0 0 1 0 0 0
489 294 0 5 1 0 0 0 0 0 0 0 0 1048 400 1 9 4 2 1 0 0 1 0 0 0
536 302 0 5 1 0 0 0 0 0 0 0 0 1051 403 1 10 4 2 1 0 0 1 0 0 0
562 310 0 5 1 0 0 0 0 0 0 0 0 1054 434 1 11 4 3 1 0 0 1 0 0 0
567 321 0 5 1 0 0 0 0 0 0 0 0 1091 456 1 12 4 3 1 0 0 1 0 0 0
586 330 0 6 1 0 0 0 0 0 0 0 0 1142 464 1 12 4 3 1 0 0 2 0 0 0
