# scores for worst/random/best/smart move selector strategies. 
# scores are 50% and 95% quantiles (based on 40 games) of: 
# game score, #destroyed, #unlocked, #stripes, #bombs, #zappers
0 0 0 0 0 0 0 0 0 0 0 0 0 14 13 0 0 0 0 0 0 0 0 0 0 0
6 6 0 0 0 0 0 0 0 0 0 0 0 20 20 0 0 0 0 0 0 0 0 0 0 0
9 9 0 0 0 0 0 0 0 0 0 0 0 85 47 0 1 0 0 0 0 0 0 0 0 0
17 16 0 0 0 0 0 0 0 0 0 0 0 125 62 0 1 0 0 0 0 0 0 0 0 0
22 22 0 0 0 0 0 0 0 0 0 0 0 149 65 0 1 1 0 0 0 0 0 0 0 0
30 30 0 0 0 0 0 0 0 0 0 0 0 152 71 0 1 1 0 0 0 0 0 0 0 0
39 37 0 0 0 0 0 0 0 0 0 0 0 157 86 0 2 1 0 0 0 0 0 0 0 0
48 43 0 0 0 0 0 0 0 0 0 0 0 165 97 1 2 1 0 0 0 0 0 0 0 0
54 50 0 0 0 0 0 0 0 0 0 0 0 170 100 1 2 1 0 0 0 0 0 0 0 0
60 57 0 0 0 0 0 0 0 0 0 0 0 190 112 1 3 1 0 0 0 0 0 0 0 0
73 61 0 0 0 0 0 0 0 0 0 0 0 206 118 1 3 1 0 0 0 0 0 0 0 0
80 69 0 0 0 0 0 0 0 0 0 0 0 265 126 1 3 1 0 0 0 0 0 0 0 0
93 74 0 0 0 0 0 0 0 0 0 0 0 271 132 1 3 1 0 0 0 0 0 0 0 0
101 80 0 0 0 0 0 0 0 0 0 0 0 274 138 1 3 1 0 0 0 0 0 0 0 0
109 85 0 0 0 0 0 0 0 0 0 0 0 277 145 1 3 1 0 0 0 0 0 0 0 0
113 89 0 0 0 0 0 0 0 0 0 0 0 280 148 1 3 1 0 0 0 0 0 0 0 0
125 100 0 0 0 0 0 0 0 0 0 0 0 286 151 1 3 1 0 0 0 0 0 0 0 0
130 106 0 0 0 0 0 0 0 0 0 0 0 299 159 1 4 1 0 0 0 0 0 0 0 0
138 116 0 1 0 0 0 0 0 0 0 0 0 350 172 1 4 2 0 0 0 0 0 0 0 0
152 123 0 1 0 0 0 0 0 0 0 0 0 356 178 1 4 2 0 0 0 0 0 0 0 0
161 127 0 1 0 0 0 0 0 0 0 0 0 361 192 1 4 2 1 0 0 0 0 0 0 0
165 130 0 1 0 0 0 0 0 0 0 0 0 405 198 1 4 2 1 0 0 0 0 0 0 0
168 135 0 1 0 0 0 0 0 0 0 0 0 435 230 1 5 2 1 0 0 0 0 0 0 0
179 145 0 1 0 0 0 0 0 0 0 0 0 439 233 1 5 2 1 0 0 0 0 0 0 0
184 156 0 1 0 0 0 0 0 0 0 0 0 465 241 1 5 3 1 0 0 0 0 0 0 0
187 159 0 1 0 0 0 0 0 0 0 0 0 468 244 2 5 3 1 0 0 0 0 0 0 0
208 176 0 1 0 0 0 0 0 0 0 0 0 472 248 2 5 3 1 0 0 0 0 0 0 0
219 180 0 1 0 0 0 0 0 0 0 0 0 493 257 2 5 3 1 0 0 0 0 0 0 0
224 188 0 1 0 0 0 0 0 0 0 0 0 498 262 2 5 3 1 0 0 0 0 0 0 0
253 196 0 1 0 0 0 0 0 0 0 0 0 504 268 2 5 3 1 0 0 0 0 0 0 0
260 206 0 1 0 0 0 0 0 0 0 0 0 507 271 2 5 3 1 0 0 0 0 0 0 0
271 209 0 1 0 0 0 0 0 0 0 0 0 510 274 2 5 3 1 0 0 0 0 0 0 0
274 212 0 1 0 0 0 0 0 0 0 0 0 514 278 2 5 3 1 0 0 0 0 0 0 0
287 217 0 1 0 0 0 0 0 0 0 0 0 517 281 2 5 3 1 0 0 0 0 0 0 0
290 220 0 1 0 0 0 0 0 0 0 0 0 520 284 2 5 3 1 0 0 0 0 0 0 0
293 226 0 1 0 0 0 0 0 0 0 0 0 525 289 2 5 3 1 0 0 0 0 0 0 0
300 229 0 1 1 0 0 0 0 0 0 0 0 528 292 2 5 3 1 0 0 0 0 0 0 0
308 235 0 2 1 0 0 0 0 0 0 0 0 532 296 2 5 3 1 0 0 0 0 0 0 0
311 243 0 2 1 0 0 0 0 0 0 0 0 547 301 2 6 3 1 0 0 0 0 0 0 0
329 249 0 2 1 0 0 0 0 0 0 0 0 555 305 2 6 3 1 0 0 0 0 0 0 0
333 263 0 2 1 0 0 0 0 0 0 0 0 560 322 2 6 3 1 0 0 0 0 0 0 0
