# scores for worst/random/best/smart move selector strategies. 
# scores are 50% and 95% quantiles (based on 40 games) of: 
# game score, #destroyed, #unlocked, #stripes, #bombs, #zappers
0 0 0 0 0 0 0 0 0 0 0 0 0 4 4 0 0 0 0 0 0 0 0 0 0 0
4 4 0 0 0 0 0 0 0 0 0 0 0 10 10 0 0 0 0 0 0 0 0 0 0 0
9 9 0 0 0 0 0 0 0 0 0 0 0 15 15 0 0 0 0 0 0 0 0 0 0 0
13 13 0 0 0 0 0 0 0 0 0 0 0 55 26 2 1 0 0 0 0 0 0 0 0 0
18 18 0 0 0 0 0 0 0 0 0 0 0 61 31 2 1 0 0 0 0 0 0 0 0 0
21 21 0 0 0 0 0 0 0 0 0 0 0 84 41 2 1 0 0 0 0 0 0 0 0 0
24 24 0 0 0 0 0 0 0 0 0 0 0 99 48 6 2 0 0 0 0 0 0 0 0 0
30 29 0 0 0 0 0 0 0 0 0 0 0 108 56 6 2 0 0 0 0 0 0 0 0 0
39 35 0 0 0 0 0 0 0 0 0 0 0 111 59 6 2 0 0 0 0 0 0 0 0 0
46 39 0 0 0 0 0 0 0 0 0 0 0 117 65 6 2 0 0 0 0 0 0 0 0 0
57 44 0 0 0 0 0 0 0 0 0 0 0 160 77 6 3 0 1 0 0 0 1 0 0 0
65 48 0 0 0 0 0 0 0 0 0 0 0 169 86 6 3 0 1 1 0 0 1 0 0 0
72 53 0 1 0 0 0 0 0 0 0 0 0 173 91 6 3 0 1 1 0 0 1 0 0 0
80 57 0 1 0 0 0 0 0 0 0 0 0 195 96 7 4 0 1 1 0 0 1 0 0 0
93 66 0 1 0 0 0 0 0 0 0 0 0 201 99 7 4 0 1 1 0 0 1 0 0 0
99 74 0 1 0 0 0 0 0 0 0 0 0 204 105 7 4 0 1 1 0 0 1 0 0 0
103 77 0 1 0 0 0 0 0 0 0 0 0 213 117 13 4 0 1 1 0 0 1 0 0 0
118 87 0 1 0 0 0 0 0 0 0 0 0 271 128 13 4 0 2 1 0 0 1 0 0 0
127 92 0 1 0 0 0 0 0 0 0 0 0 296 140 14 5 0 2 1 0 0 1 0 0 0
153 97 1 2 0 0 0 0 0 0 0 0 0 319 148 14 5 1 2 1 0 0 1 0 0 0
162 102 1 2 0 0 0 0 0 0 0 0 0 322 158 14 5 1 2 1 0 0 1 0 0 0
171 106 2 2 0 0 0 0 0 0 0 0 0 362 180 15 6 1 2 1 1 0 1 0 0 0
179 113 2 2 0 0 0 0 0 0 0 0 0 378 188 16 6 1 2 1 1 0 1 0 0 0
186 120 3 2 0 0 0 0 0 0 0 0 0 382 191 16 7 1 2 1 1 0 1 0 0 0
200 128 3 2 0 0 0 0 0 0 0 0 0 408 202 17 7 1 2 1 1 0 1 0 0 0
205 135 3 2 0 0 0 0 0 0 0 0 0 413 210 17 7 1 2 1 1 0 1 0 0 0
212 141 4 3 0 0 0 0 0 0 0 0 0 439 217 17 8 1 2 1 1 0 1 0 0 0
239 148 5 3 0 0 0 0 0 0 0 0 0 450 229 17 8 1 2 1 1 0 1 0 0 0
254 155 5 3 0 0 0 0 0 0 0 0 0 466 238 17 9 2 2 2 1 0 1 0 0 0
276 161 5 3 0 0 1 0 0 0 0 0 0 470 242 17 9 2 2 2 1 0 1 0 0 0
283 168 6 4 0 0 1 0 0 0 0 0 0 509 250 17 9 2 2 2 1 0 2 0 0 0
287 175 6 4 0 0 1 0 0 0 0 0 0 535 265 17 10 2 2 2 1 0 2 0 0 0
313 181 6 4 0 0 1 0 0 0 0 0 0 593 269 18 11 2 2 2 1 0 2 0 0 0
332 187 6 5 0 0 1 0 0 0 0 0 0 633 292 20 12 2 2 2 1 0 2 0 0 0
356 198 6 5 0 0 1 0 0 0 0 0 0 669 302 20 12 2 2 3 1 0 2 0 0 0
376 209 6 5 0 0 1 0 0 0 0 0 0 672 307 20 12 2 2 3 1 0 2 0 0 0
386 215 6 5 0 0 1 0 0 0 0 0 0 678 311 20 12 2 2 3 1 0 2 0 0 0
400 220 7 5 0 0 1 0 0 0 0 0 0 716 321 20 14 2 2 3 1 0 2 0 0 0
418 229 7 5 0 0 1 0 0 0 0 0 0 745 327 20 14 2 2 3 1 0 2 0 0 0
425 239 7 6 0 0 1 0 0 0 0 0 0 778 338 20 14 2 2 3 1 0 2 0 0 0
436 250 8 6 1 0 1 0 0 0 0 0 0 782 348 20 14 2 2 3 1 0 2 0 0 0
