# scores for worst/random/best/smart move selector strategies. 
# scores are 50% and 95% quantiles (based on 40 games) of: 
# game score, #destroyed, #unlocked, #stripes, #bombs, #zappers
0 0 0 0 0 0 0 0 0 0 0 0 0 4 4 0 0 0 0 0 0 0 0 0 0 0
3 3 0 0 0 0 0 0 0 0 0 0 0 9 9 0 0 0 0 0 0 0 0 0 0 0
9 9 0 0 0 0 0 0 0 0 0 0 0 14 14 0 0 0 0 0 0 0 0 0 0 0
12 12 0 0 0 0 0 0 0 0 0 0 0 19 19 0 0 0 0 0 0 0 0 0 0 0
15 15 0 0 0 0 0 0 0 0 0 0 0 26 24 0 0 0 0 0 0 0 0 0 0 0
21 21 0 0 0 0 0 0 0 0 0 0 0 30 27 0 0 0 0 0 0 0 0 0 0 0
24 24 0 0 0 0 0 0 0 0 0 0 0 34 33 0 0 0 0 0 0 0 0 0 0 0
29 28 0 0 0 0 0 0 0 0 0 0 0 44 38 0 0 0 0 0 0 0 0 0 0 0
32 31 0 0 0 0 0 0 0 0 0 0 0 57 48 0 1 0 0 0 0 0 0 0 0 0
36 36 0 0 0 0 0 0 0 0 0 0 0 60 51 0 1 0 0 0 0 0 0 0 0 0
40 40 0 0 0 0 0 0 0 0 0 0 0 69 55 0 1 0 0 0 0 0 0 0 0 0
45 45 0 0 0 0 0 0 0 0 0 0 0 77 64 0 1 0 0 0 0 0 0 0 0 0
50 50 0 0 0 0 0 0 0 0 0 0 0 80 69 0 1 0 0 0 0 0 0 0 0 0
55 55 0 0 0 0 0 0 0 0 0 0 0 96 76 0 1 0 0 0 0 0 0 0 0 0
60 60 0 0 0 0 0 0 0 0 0 0 0 120 81 2 2 0 0 0 0 0 0 0 0 0
66 64 0 0 0 0 0 0 0 0 0 0 0 125 89 2 2 0 0 0 0 0 0 0 0 0
69 68 0 0 0 0 0 0 0 0 0 0 0 128 92 2 2 0 0 0 0 0 0 0 0 0
80 73 0 0 0 0 0 0 0 0 0 0 0 131 96 3 2 0 0 0 0 0 0 0 0 0
89 78 0 0 0 0 0 0 0 0 0 0 0 149 101 5 2 0 0 0 0 0 0 0 0 0
97 87 0 0 0 0 0 0 0 0 0 0 0 170 114 6 3 0 0 0 0 0 0 0 0 0
100 90 0 0 0 0 0 0 0 0 0 0 0 176 123 6 3 0 0 0 0 0 0 0 0 0
109 99 0 0 0 0 0 0 0 0 0 0 0 179 127 6 3 0 0 0 0 0 0 0 0 0
115 102 0 1 0 0 0 0 0 0 0 0 0 182 130 6 3 1 0 0 0 0 0 0 0 0
124 105 0 1 0 0 0 0 0 0 0 0 0 241 149 6 3 1 0 0 0 0 0 0 0 0
131 111 0 1 0 0 0 0 0 0 0 0 0 245 153 6 3 1 0 0 0 0 0 0 0 0
139 115 0 1 0 0 0 0 0 0 0 0 0 250 158 6 3 1 0 0 0 0 0 0 0 0
155 120 0 1 0 0 0 0 0 0 0 0 0 255 164 6 3 1 0 0 0 0 0 0 0 0
159 125 0 1 0 0 0 0 0 0 0 0 0 258 168 6 3 1 0 0 0 0 0 0 0 0
169 129 0 1 0 0 0 0 0 0 0 0 0 263 172 6 3 1 0 0 0 0 0 0 0 0
174 136 0 1 0 0 0 0 0 0 0 0 0 285 179 7 3 1 0 0 0 0 0 0 0 0
178 139 0 1 0 0 0 0 0 0 0 0 0 288 185 7 3 1 0 0 0 0 0 0 0 0
187 146 1 1 0 0 0 0 0 0 0 0 0 291 189 7 3 1 0 0 0 0 0 0 0 0
197 149 1 1 0 0 0 0 0 0 0 0 0 300 196 7 3 1 0 0 0 0 0 0 0 0
203 157 2 2 0 0 0 0 0 0 0 0 0 313 204 7 4 1 0 0 0 0 0 0 0 0
210 162 2 2 0 0 0 0 0 0 0 0 0 322 210 7 4 1 0 0 0 0 0 0 0 0
219 168 2 2 0 0 0 0 0 0 0 0 0 325 225 7 4 1 0 0 0 0 0 0 0 0
232 177 2 2 0 0 0 0 0 0 0 0 0 341 231 7 4 1 0 0 0 0 0 0 0 0
245 182 2 2 0 0 0 0 0 0 0 0 0 344 234 7 5 1 0 1 0 0 0 0 0 0
249 186 2 2 0 0 0 0 0 0 0 0 0 347 237 8 5 1 0 1 0 0 0 0 0 0
258 194 2 2 0 0 0 0 0 0 0 0 0 396 242 8 5 2 0 1 0 0 0 0 0 0
265 197 2 2 0 0 0 0 0 0 0 0 0 403 247 8 5 2 0 1 0 0 0 0 0 0
