# scores for worst/random/best/smart move selector strategies. 
# scores are 50% and 95% quantiles (based on 40 games) of: 
# game score, #destroyed, #unlocked, #stripes, #bombs, #zappers
0 0 0 0 0 0 0 0 0 0 0 0 0 4 4 0 0 0 0 0 0 0 0 0 0 0
4 4 0 0 0 0 0 0 0 0 0 0 0 9 9 0 0 0 0 0 0 0 0 0 0 0
9 9 0 0 0 0 0 0 0 0 0 0 0 15 15 0 0 0 0 0 0 0 0 0 0 0
13 13 0 0 0 0 0 0 0 0 0 0 0 46 21 0 1 0 0 0 0 0 0 0 0 0
18 18 0 0 0 0 0 0 0 0 0 0 0 53 28 0 1 0 0 0 0 0 0 0 0 0
21 21 0 0 0 0 0 0 0 0 0 0 0 62 36 0 1 0 0 0 0 0 0 0 0 0
25 25 0 0 0 0 0 0 0 0 0 0 0 89 49 0 1 0 0 0 0 0 0 0 0 0
31 30 0 0 0 0 0 0 0 0 0 0 0 121 57 1 2 0 0 0 0 0 0 0 0 0
38 34 0 0 0 0 0 0 0 0 0 0 0 134 63 2 2 0 0 0 0 0 0 0 0 0
51 40 0 0 0 0 0 0 0 0 0 0 0 142 70 3 2 0 0 0 0 0 0 0 0 0
67 49 0 1 0 0 0 0 0 0 0 0 0 162 79 3 3 0 1 0 0 0 1 0 0 0
73 53 0 1 0 0 0 0 0 0 0 0 0 177 94 3 3 0 1 0 0 0 1 0 0 0
76 57 0 1 0 0 0 0 0 0 0 0 0 181 102 3 3 0 1 0 0 0 1 0 0 0
80 63 0 1 0 0 0 0 0 0 0 0 0 222 117 3 3 1 1 0 0 0 1 0 0 0
90 68 0 1 0 0 0 0 0 0 0 0 0 249 133 7 3 1 1 1 0 0 1 0 0 0
101 75 0 1 0 0 0 0 0 0 0 0 0 259 146 7 4 1 1 1 0 0 1 0 0 0
115 82 0 1 0 0 0 0 0 0 0 0 0 303 159 8 4 1 1 1 0 0 1 0 0 0
134 91 0 1 0 0 0 0 0 0 0 0 0 360 163 8 5 1 1 1 0 0 1 0 0 0
154 100 1 1 0 0 0 0 0 0 0 0 0 370 168 8 5 1 1 1 0 0 1 0 0 0
192 106 1 1 0 0 0 0 0 0 0 0 0 380 183 10 5 1 1 1 0 0 1 0 0 0
216 116 2 3 0 0 0 0 0 0 0 0 0 438 193 12 9 2 1 1 1 0 1 0 0 0
222 124 3 3 0 0 0 0 0 0 0 0 0 469 218 12 9 2 2 1 1 0 2 0 0 0
232 137 3 3 1 0 0 0 0 0 0 0 0 513 238 16 9 2 2 1 1 0 2 0 0 0
268 149 4 3 1 0 0 0 0 0 0 0 0 633 254 18 12 2 3 1 1 0 2 1 0 0
283 155 4 3 1 0 0 0 0 0 0 0 0 660 274 18 12 2 3 1 1 0 2 1 0 0
299 162 5 3 1 0 0 0 0 0 0 0 0 667 282 19 12 2 3 1 1 0 3 1 0 0
311 170 5 4 1 0 0 0 0 0 0 0 0 718 294 19 12 2 3 1 1 0 3 1 0 0
358 181 5 4 1 0 0 0 0 0 0 0 0 839 332 19 14 3 3 1 1 1 3 1 0 0
366 192 5 4 1 1 0 0 0 0 0 0 0 945 358 19 15 3 3 2 1 1 3 1 0 0
401 203 6 5 1 1 0 0 0 0 0 0 0 949 365 19 17 3 4 2 1 1 3 1 0 0
411 213 6 5 1 1 1 0 0 0 0 0 0 990 376 19 20 3 4 2 1 1 3 1 0 0
430 226 7 6 1 1 1 0 0 1 0 0 0 1195 390 19 21 3 4 2 1 1 3 1 0 0
480 241 7 7 1 1 1 0 0 1 0 0 0 1203 397 19 21 3 4 2 1 1 3 1 0 0
521 252 8 7 1 1 1 0 0 1 0 0 0 1268 412 19 22 3 4 2 1 1 3 1 0 0
545 265 8 7 1 1 1 0 0 1 0 0 0 1274 418 19 23 3 4 2 1 1 3 1 0 0
577 275 9 8 1 1 1 0 0 1 0 0 0 1278 422 19 23 4 4 2 1 1 3 1 0 0
639 287 9 8 2 1 1 0 0 1 0 0 0 1323 434 19 23 4 5 2 1 1 4 1 0 0
646 297 9 9 2 1 1 0 0 1 0 0 0 1356 448 20 24 4 5 2 1 1 4 1 0 0
658 307 9 9 2 1 1 0 0 1 0 0 0 1393 460 20 24 4 5 2 1 1 4 1 0 0
704 315 9 10 2 1 1 0 0 1 0 0 0 1411 470 20 24 4 5 2 1 1 4 1 0 0
735 333 10 10 2 2 1 0 0 1 0 0 0 1414 473 20 25 5 5 3 1 1 4 1 0 0
