# scores for worst/random/best/smart move selector strategies. 
# scores are 50% and 95% quantiles (based on 40 games) of: 
# game score, #destroyed, #unlocked, #stripes, #bombs, #zappers
0 0 0 0 0 0 0 0 0 0 0 0 0 4 4 0 0 0 0 0 0 0 0 0 0 0
6 6 0 0 0 0 0 0 0 0 0 0 0 9 9 0 0 0 0 0 0 0 0 0 0 0
9 9 0 0 0 0 0 0 0 0 0 0 0 14 14 0 0 0 0 0 0 0 0 0 0 0
13 13 0 0 0 0 0 0 0 0 0 0 0 21 21 0 0 0 0 0 0 0 0 0 0 0
18 18 0 0 0 0 0 0 0 0 0 0 0 29 28 0 0 0 0 0 0 0 0 0 0 0
21 21 0 0 0 0 0 0 0 0 0 0 0 35 33 0 0 0 0 0 0 0 0 0 0 0
27 27 0 0 0 0 0 0 0 0 0 0 0 47 38 0 1 0 0 0 0 0 0 0 0 0
30 30 0 0 0 0 0 0 0 0 0 0 0 52 49 0 1 0 0 0 0 0 0 0 0 0
35 35 0 0 0 0 0 0 0 0 0 0 0 63 52 1 1 0 0 0 0 0 0 0 0 0
39 39 0 0 0 0 0 0 0 0 0 0 0 120 68 2 1 0 0 0 0 0 0 0 0 0
43 43 0 0 0 0 0 0 0 0 0 0 0 125 73 2 1 0 0 0 0 0 0 0 0 0
48 48 0 0 0 0 0 0 0 0 0 0 0 131 80 2 1 0 0 0 0 0 0 0 0 0
54 52 0 0 0 0 0 0 0 0 0 0 0 137 86 2 1 0 0 0 0 0 0 0 0 0
60 58 0 0 0 0 0 0 0 0 0 0 0 140 91 2 1 0 0 0 0 0 0 0 0 0
64 62 0 0 0 0 0 0 0 0 0 0 0 144 98 2 1 0 0 0 0 0 0 0 0 0
72 66 0 0 0 0 0 0 0 0 0 0 0 147 101 3 1 0 0 0 0 0 0 0 0 0
76 72 0 0 0 0 0 0 0 0 0 0 0 151 106 3 2 0 0 0 0 0 0 0 0 0
80 78 0 0 0 0 0 0 0 0 0 0 0 155 112 3 2 0 0 0 0 0 0 0 0 0
88 81 0 0 0 0 0 0 0 0 0 0 0 175 119 3 2 1 0 0 0 0 0 0 0 0
96 86 0 0 0 0 0 0 0 0 0 0 0 181 124 3 2 1 0 0 0 0 0 0 0 0
99 90 0 0 0 0 0 0 0 0 0 0 0 187 131 3 2 1 0 0 0 0 0 0 0 0
102 94 0 0 0 0 0 0 0 0 0 0 0 193 136 3 2 1 0 0 0 0 0 0 0 0
108 101 0 0 0 0 0 0 0 0 0 0 0 198 140 3 2 1 0 0 0 0 0 0 0 0
116 106 0 0 0 0 0 0 0 0 0 0 0 206 146 3 2 1 0 0 0 0 0 0 0 0
124 112 0 0 0 0 0 0 0 0 0 0 0 216 151 3 2 1 0 0 0 0 0 0 0 0
130 115 0 0 0 0 0 0 0 0 0 0 0 220 154 3 2 1 0 0 0 0 0 0 0 0
134 120 0 0 0 0 0 0 0 0 0 0 0 223 157 3 2 1 0 0 0 0 0 0 0 0
137 123 0 0 0 0 0 0 0 0 0 0 0 232 163 3 2 1 0 0 0 0 0 0 0 0
143 129 0 0 0 0 0 0 0 0 0 0 0 237 167 4 3 1 0 0 0 0 0 0 0 0
149 132 0 1 0 0 0 0 0 0 0 0 0 257 176 4 3 1 0 0 0 0 0 0 0 0
154 137 0 1 0 0 0 0 0 0 0 0 0 269 184 5 3 1 0 0 0 0 0 0 0 0
160 141 0 1 0 0 0 0 0 0 0 0 0 272 187 5 3 1 0 0 0 0 0 0 0 0
165 147 0 1 0 0 0 0 0 0 0 0 0 275 197 5 3 1 0 0 0 0 0 0 0 0
171 151 0 1 0 0 0 0 0 0 0 0 0 279 207 6 3 1 0 0 0 0 0 0 0 0
176 156 0 1 0 0 0 0 0 0 0 0 0 288 210 6 4 1 0 0 0 0 0 0 0 0
179 159 0 1 0 0 0 0 0 0 0 0 0 291 218 6 4 1 0 0 0 0 0 0 0 0
186 167 0 1 0 0 0 0 0 0 0 0 0 294 221 6 4 1 0 0 0 0 0 0 0 0
203 171 0 1 0 0 0 0 0 0 0 0 0 305 230 6 4 1 0 0 0 0 0 0 0 0
222 179 0 1 0 0 0 0 0 0 0 0 0 317 243 6 4 1 0 0 0 0 0 0 0 0
228 187 0 1 0 0 0 0 0 0 0 0 0 323 249 6 4 1 0 0 0 0 0 0 0 0
238 192 0 1 0 0 0 0 0 0 0 0 0 326 252 6 4 1 0 0 0 0 0 0 0 0
