# scores for worst/random/best/smart move selector strategies. 
# scores are 50% and 95% quantiles (based on 40 games) of: 
# game score, #destroyed, #unlocked, #stripes, #bombs, #zappers
28 28 0 0 0 0 0 0 0 0 0 0 0 333 147 0 4 2 0 0 0 0 0 0 0 0
230 94 0 2 1 0 0 0 0 0 0 0 0 1001 295 0 20 7 2 0 0 0 1 1 0 0
412 171 0 4 3 1 0 0 0 0 0 0 0 1934 547 1 34 28 6 0 1 1 1 1 1 0
919 322 0 6 7 2 0 0 0 1 0 0 0 2424 614 1 42 29 8 1 1 1 2 1 1 0
1297 432 0 8 11 3 0 0 0 1 0 0 0 3156 808 1 47 39 9 1 1 1 2 1 1 1
1686 506 0 12 13 4 0 0 0 1 0 0 0 4077 1039 1 61 49 14 1 2 1 3 1 1 1
2118 566 0 19 16 4 0 0 0 2 0 0 0 5065 1230 1 63 55 16 1 2 1 4 1 2 1
2301 633 0 22 20 5 0 0 0 2 0 0 0 5645 1381 1 67 57 17 1 2 2 4 2 2 1
3086 824 0 25 25 7 0 0 0 2 0 0 0 6110 1479 1 71 66 18 1 2 2 4 2 2 1
3356 945 0 31 28 8 0 0 0 3 0 1 0 6347 1551 1 75 68 19 1 2 2 4 2 2 1
3856 1107 0 36 35 10 0 0 0 3 1 1 0 6804 1691 1 78 75 23 1 2 2 4 2 2 1
4542 1209 0 38 41 11 0 0 0 3 1 1 0 8155 2055 1 82 78 27 1 2 2 5 2 2 1
5285 1386 0 43 49 12 0 1 0 3 1 1 0 8584 2263 1 85 94 29 1 2 2 5 2 2 1
5851 1581 0 46 54 15 0 1 0 4 1 1 0 8910 2458 1 92 98 30 1 2 2 5 3 2 1
6436 1695 0 57 61 16 0 1 0 4 1 1 0 9378 2608 1 100 109 31 1 2 2 6 3 3 1
7027 1824 0 61 63 18 0 1 0 4 1 1 0 10269 2732 1 107 129 33 2 2 2 6 3 4 1
7203 1900 0 62 64 19 0 1 0 4 1 1 0 10914 2779 1 109 133 33 2 2 2 7 3 4 1
7640 2030 0 66 68 20 0 1 0 4 1 1 0 12051 2948 1 113 136 34 2 2 2 7 3 4 1
8253 2183 0 68 73 20 0 1 0 5 1 1 0 13528 3167 1 114 149 40 2 3 2 8 3 4 1
8734 2312 0 70 80 22 0 1 1 5 1 1 0 14206 3252 1 118 170 46 2 3 2 9 3 4 1
9069 2433 0 86 85 23 0 1 1 5 1 1 0 14339 3562 1 120 172 49 2 3 2 9 3 4 1
9837 2508 0 89 89 24 0 1 1 6 1 1 0 14452 3592 1 122 173 49 2 3 3 10 3 4 1
9969 2608 0 92 95 26 0 1 1 6 1 2 0 14949 3690 1 128 177 49 2 3 3 10 3 4 1
10341 2676 0 94 101 27 0 1 1 6 2 2 0 15726 3866 1 130 185 50 2 3 3 10 3 4 1
10537 2791 0 98 104 27 0 1 1 6 2 2 0 16546 3970 1 151 188 52 2 3 3 11 4 4 1
11221 2948 0 100 113 30 0 2 1 7 2 2 0 16815 4110 1 169 188 53 2 3 3 11 4 4 2
11545 3042 0 102 117 32 0 2 1 7 2 2 1 16866 4261 1 173 190 55 2 3 3 11 4 4 2
12541 3191 0 115 122 33 0 2 1 7 2 2 1 17533 4353 1 175 206 56 2 3 3 11 4 5 2
12790 3305 0 117 125 34 0 2 1 8 2 2 1 18501 4450 1 181 212 56 2 3 3 11 4 5 2
13187 3382 0 123 129 34 0 2 1 8 2 2 1 18638 4666 1 184 213 57 2 3 3 12 4 5 2
13463 3478 0 126 130 36 0 2 1 8 2 2 1 18903 4768 1 196 218 58 2 3 3 12 5 5 2
14145 3611 0 131 139 37 1 2 1 8 2 3 1 19017 4815 1 197 218 58 2 3 4 12 5 5 2
14587 3818 0 138 147 39 1 2 1 9 2 3 1 19442 4884 1 197 227 59 2 3 4 12 5 5 2
14883 3948 0 144 151 42 1 2 1 9 3 3 1 20555 5270 1 208 234 61 3 3 4 13 5 5 2
15872 4012 0 145 153 42 1 2 1 9 3 3 1 21457 5389 1 214 250 62 3 4 4 13 5 6 2
16597 4156 0 149 158 43 1 2 1 10 3 3 1 21830 5485 1 219 253 64 3 4 4 14 5 6 2
16730 4237 0 151 159 44 1 2 1 10 3 3 1 22478 5654 1 221 258 66 3 4 4 14 5 6 2
17025 4441 0 158 166 45 1 2 1 10 3 3 1 22845 5776 1 223 259 68 3 4 4 15 5 6 2
17532 4627 0 159 172 45 1 2 1 11 3 3 1 23899 5976 1 227 273 70 3 5 4 15 5 6 2
18055 4747 0 171 175 48 1 3 1 11 3 4 1 24066 6034 1 235 274 73 4 5 4 16 5 6 2
18228 4890 0 175 177 49 1 3 1 11 3 4 1 24845 6124 1 238 277 73 4 5 4 16 5 7 2
