# scores for worst/random/best/smart move selector strategies. 
# scores are 50% and 95% quantiles (based on 40 games) of: 
# game score, #destroyed, #unlocked, #stripes, #bombs, #zappers
28 28 0 0 0 0 0 0 0 0 0 0 0 333 147 0 4 2 0 0 0 0 0 0 0 0
50 44 0 0 0 0 0 0 0 0 0 0 0 347 161 0 4 2 0 0 0 0 0 0 0 0
67 53 0 0 0 0 0 0 0 0 0 0 0 385 185 0 4 3 0 0 0 0 0 0 0 0
99 71 0 1 0 0 0 0 0 0 0 0 0 463 201 0 4 4 1 0 0 0 0 0 0 0
130 90 0 1 1 0 0 0 0 0 0 0 0 585 247 0 6 4 1 0 0 0 0 0 0 0
180 99 0 1 1 0 0 0 0 0 0 0 0 897 324 0 9 7 1 0 0 0 0 0 0 0
207 113 0 2 1 0 0 0 0 0 0 0 0 900 327 0 9 7 1 0 0 0 0 0 0 0
238 125 0 2 1 0 0 0 0 0 0 0 0 992 375 0 9 7 2 0 0 0 0 0 0 0
272 139 0 2 2 0 0 0 0 0 0 0 0 1095 414 0 9 8 3 0 0 0 0 0 0 0
286 145 0 2 2 0 0 0 0 0 0 0 0 1145 436 0 9 9 3 0 0 0 0 0 0 0
300 167 0 3 2 0 0 0 0 0 0 0 0 1149 439 0 10 9 3 0 0 0 0 0 0 0
307 171 0 3 2 0 0 0 0 0 0 0 0 1388 534 0 12 10 5 0 0 0 0 0 0 0
323 188 0 3 2 0 0 0 0 0 0 0 0 1742 650 0 13 12 5 0 0 0 0 0 0 0
336 200 0 3 3 0 0 0 0 0 0 0 0 1753 663 0 13 12 5 0 0 0 0 0 0 0
482 218 0 3 3 0 0 0 0 0 0 0 0 1832 700 0 16 13 5 0 0 0 0 0 0 0
569 274 0 4 3 0 0 0 0 0 0 0 0 1971 731 0 19 13 6 0 0 0 0 0 0 0
592 282 0 5 3 0 0 0 0 0 0 0 0 1977 738 0 19 13 6 0 0 0 0 0 0 0
631 314 0 5 3 0 0 0 0 0 0 0 0 2444 862 0 21 18 8 0 0 0 0 0 0 0
670 344 0 5 4 0 0 0 0 0 0 0 0 2729 921 0 21 23 8 0 0 0 0 0 0 0
689 361 0 6 4 0 0 0 0 0 0 0 0 2753 929 0 21 24 8 0 0 0 0 0 0 0
717 368 0 6 4 0 0 0 0 0 0 0 0 2756 932 0 21 24 8 0 0 0 0 0 0 0
720 376 0 6 4 0 0 0 0 0 0 0 0 3354 1182 0 22 28 10 0 0 0 0 0 0 0
807 399 0 7 5 0 0 0 0 0 0 0 0 4248 1467 0 27 32 16 0 0 0 0 0 0 0
958 428 0 8 7 1 0 0 0 0 0 0 0 4286 1470 0 28 32 16 0 0 0 0 0 0 0
1005 443 0 8 7 1 0 0 0 0 0 0 0 4289 1473 0 28 32 16 0 0 0 0 0 0 0
1075 481 0 9 8 1 0 0 0 0 0 0 0 4328 1480 0 28 32 16 0 0 0 0 0 0 0
1114 490 0 10 8 1 0 0 0 0 0 0 0 4585 1537 0 32 34 18 0 0 0 0 0 0 0
1165 530 0 10 8 1 0 0 0 0 0 0 0 4588 1540 0 32 34 18 0 0 0 0 0 0 0
1211 571 0 11 9 1 0 0 0 0 0 0 0 4593 1545 0 32 34 18 0 0 0 0 0 0 0
1243 582 0 11 9 1 0 0 0 0 0 0 0 4599 1550 0 32 34 18 0 0 0 0 0 0 0
1259 586 0 11 9 1 0 0 0 0 0 0 0 4602 1553 0 33 34 18 0 0 0 0 0 0 0
1300 611 0 11 10 1 0 0 0 0 0 0 0 4617 1567 0 33 34 18 0 0 0 0 0 0 0
1412 655 0 12 10 1 0 0 0 0 0 0 0 4621 1572 0 33 34 18 0 0 0 0 0 0 0
1415 659 0 12 10 1 0 0 0 0 0 0 0 4908 1626 0 34 36 18 0 0 0 0 0 0 0
1424 662 0 13 10 1 0 0 0 0 0 0 0 4911 1631 0 36 39 18 0 0 0 0 0 0 0
1427 672 0 14 11 1 0 0 0 0 0 0 0 4921 1647 0 36 39 18 0 0 0 0 0 0 0
1645 707 0 14 12 2 0 0 0 0 0 0 0 4924 1650 0 36 39 18 0 0 0 0 0 0 0
1650 735 0 14 12 2 0 0 0 0 0 0 0 4930 1656 0 36 39 18 0 0 0 0 0 0 0
1725 741 0 14 13 2 0 0 0 0 0 0 0 4933 1659 0 36 39 18 0 0 0 0 0 0 0
1874 779 0 14 14 2 0 0 0 0 0 0 0 4938 1664 0 38 39 18 0 0 0 0 0 0 0
1903 793 0 14 14 2 0 0 0 0 0 0 0 5781 1911 0 40 47 20 0 0 0 0 0 0 0
