# scores for worst/random/best/smart move selector strategies. 
# scores are 50% and 95% quantiles (based on 40 games) of: 
# game score, #destroyed, #unlocked, #stripes, #bombs, #zappers
0 0 0 0 0 0 0 0 0 0 0 0 0 9 9 0 0 0 0 0 0 0 0 0 0 0
3 3 0 0 0 0 0 0 0 0 0 0 0 16 16 0 0 0 0 0 0 0 0 0 0 0
9 8 0 0 0 0 0 0 0 0 0 0 0 33 19 0 0 0 0 0 0 0 0 0 0 0
12 12 0 0 0 0 0 0 0 0 0 0 0 45 26 0 0 0 0 0 0 0 0 0 0 0
18 18 0 0 0 0 0 0 0 0 0 0 0 72 29 0 1 0 1 0 0 0 1 0 0 0
22 21 0 0 0 0 0 0 0 0 0 0 0 75 35 0 1 0 1 0 0 0 1 0 0 0
26 25 0 0 0 0 0 0 0 0 0 0 0 84 39 2 1 0 1 0 0 0 1 0 0 0
32 30 0 0 0 0 0 0 0 0 0 0 0 107 45 3 2 0 1 0 0 0 1 0 0 0
40 36 0 0 0 0 0 0 0 0 0 0 0 130 52 4 2 0 1 0 0 0 1 0 0 0
47 42 0 0 0 0 0 0 0 0 0 0 0 136 57 4 2 0 1 0 0 0 1 0 0 0
52 45 0 0 0 0 0 0 0 0 0 0 0 140 65 4 2 0 1 0 0 0 1 0 0 0
58 51 0 0 0 0 0 0 0 0 0 0 0 143 69 4 2 0 1 0 0 0 1 0 0 0
74 58 0 0 0 0 0 0 0 0 0 0 0 160 80 5 2 0 1 0 0 0 1 0 0 0
80 61 0 1 0 0 0 0 0 0 0 0 0 170 85 5 2 0 1 0 0 0 1 0 0 0
85 65 0 1 0 0 0 0 0 0 0 0 0 195 92 5 3 0 1 0 0 0 1 0 0 0
89 71 0 1 0 0 0 0 0 0 0 0 0 199 95 5 3 0 1 0 0 0 1 0 0 0
101 77 0 1 0 0 0 0 0 0 0 0 0 251 104 5 3 1 1 0 0 0 1 0 0 0
109 82 0 1 0 0 0 0 0 0 0 0 0 255 110 5 3 1 1 1 0 0 1 0 0 0
125 87 0 1 0 0 0 0 0 0 0 0 0 283 119 5 3 1 1 1 0 0 1 0 0 0
136 94 0 1 0 0 0 0 0 0 0 0 0 289 125 6 3 1 1 1 0 0 1 0 0 0
147 98 0 1 0 0 0 0 0 0 0 0 0 293 133 6 3 1 2 1 0 0 2 0 0 0
160 104 0 1 0 0 0 0 0 0 0 0 0 306 142 6 4 1 2 1 0 0 2 0 0 0
165 109 0 1 0 0 0 0 0 0 0 0 0 311 147 6 5 1 2 1 0 0 2 0 0 0
171 115 1 2 0 0 0 0 0 0 0 0 0 314 151 6 5 1 2 1 0 0 2 0 0 0
183 119 1 2 0 0 0 0 0 0 0 0 0 353 161 6 6 1 2 1 0 0 2 0 0 0
191 124 1 2 0 0 0 0 0 0 0 0 0 358 167 6 6 1 2 1 0 0 2 0 0 0
204 134 2 2 0 0 0 0 0 0 0 0 0 373 173 6 7 1 2 1 0 0 2 0 0 0
219 140 2 2 0 0 0 0 0 0 0 0 0 399 177 6 7 1 2 1 0 0 2 0 0 0
234 145 2 2 0 0 0 0 0 0 0 0 0 403 185 7 7 1 2 1 0 0 2 0 0 0
237 149 2 2 0 0 0 0 0 0 0 0 0 409 195 7 8 1 2 1 1 0 2 0 0 0
273 158 2 3 0 0 0 0 0 0 0 0 0 412 208 7 8 2 2 1 1 0 2 0 0 0
276 164 3 3 0 0 0 0 0 0 0 0 0 465 214 7 9 2 2 1 1 0 2 0 0 0
288 168 3 3 0 0 0 0 0 0 0 0 0 470 219 7 9 2 2 1 1 0 2 1 0 0
302 174 3 3 0 0 0 0 0 0 0 0 0 473 228 7 9 2 2 1 1 0 2 1 0 0
317 184 3 4 0 0 0 0 0 0 0 0 0 478 236 7 9 2 2 1 1 0 2 1 0 0
338 189 3 4 0 0 0 0 0 0 0 0 0 587 244 7 11 2 2 1 1 0 2 1 0 0
342 193 3 4 0 0 0 0 0 0 0 0 0 594 251 7 11 2 2 1 1 0 2 1 0 0
345 197 3 4 0 0 0 0 0 0 0 0 0 615 259 7 11 2 2 1 1 0 2 1 0 0
367 203 3 4 0 0 0 0 0 0 0 0 0 641 273 8 12 2 2 2 1 0 2 1 0 0
372 210 3 4 0 1 0 0 0 0 0 0 0 644 278 8 12 2 2 2 1 0 2 1 0 0
375 214 3 4 0 1 0 0 0 0 0 0 0 648 284 8 12 2 2 2 1 0 2 1 0 0
