# scores for worst/random/best/smart move selector strategies. 
# scores are 50% and 95% quantiles (based on 40 games) of: 
# game score, #destroyed, #unlocked, #stripes, #bombs, #zappers
0 0 0 0 0 0 0 0 0 0 0 0 0 9 9 0 0 0 0 0 0 0 0 0 0 0
3 3 0 0 0 0 0 0 0 0 0 0 0 17 17 0 0 0 0 0 0 0 0 0 0 0
9 8 0 0 0 0 0 0 0 0 0 0 0 33 21 0 0 0 0 0 0 0 0 0 0 0
12 12 0 0 0 0 0 0 0 0 0 0 0 46 25 0 1 0 0 0 0 0 0 0 0 0
18 16 0 0 0 0 0 0 0 0 0 0 0 52 30 0 1 0 0 0 0 0 0 0 0 0
21 21 0 0 0 0 0 0 0 0 0 0 0 55 33 0 1 0 0 0 0 0 0 0 0 0
24 24 0 0 0 0 0 0 0 0 0 0 0 59 38 0 1 0 0 0 0 0 0 0 0 0
30 30 0 0 0 0 0 0 0 0 0 0 0 62 41 0 1 0 0 0 0 0 0 0 0 0
33 33 0 0 0 0 0 0 0 0 0 0 0 67 47 2 1 0 0 0 0 0 0 0 0 0
39 37 0 0 0 0 0 0 0 0 0 0 0 86 55 3 1 0 0 0 0 0 0 0 0 0
42 42 0 0 0 0 0 0 0 0 0 0 0 89 58 3 1 0 0 0 0 0 0 0 0 0
48 45 0 0 0 0 0 0 0 0 0 0 0 100 62 3 1 0 0 0 0 0 0 0 0 0
54 51 0 0 0 0 0 0 0 0 0 0 0 106 67 4 1 0 0 0 0 0 0 0 0 0
63 56 0 0 0 0 0 0 0 0 0 0 0 127 73 4 2 0 0 0 0 0 0 0 0 0
67 60 0 0 0 0 0 0 0 0 0 0 0 131 79 4 2 0 0 0 0 0 0 0 0 0
70 65 0 0 0 0 0 0 0 0 0 0 0 136 82 4 2 0 0 0 0 0 0 0 0 0
76 69 0 0 0 0 0 0 0 0 0 0 0 150 87 4 2 0 1 0 0 0 1 0 0 0
85 73 0 0 0 0 0 0 0 0 0 0 0 169 97 4 2 0 1 0 0 0 1 0 0 0
94 77 0 0 0 0 0 0 0 0 0 0 0 204 105 4 2 0 1 0 0 0 1 0 0 0
99 82 0 0 0 0 0 0 0 0 0 0 0 207 108 4 2 1 1 0 0 0 1 0 0 0
104 87 0 1 0 0 0 0 0 0 0 0 0 229 114 4 3 1 1 0 0 0 1 0 0 0
111 92 0 1 0 0 0 0 0 0 0 0 0 233 118 4 3 1 1 0 0 0 1 0 0 0
122 96 0 1 0 0 0 0 0 0 0 0 0 238 124 4 3 1 1 0 0 0 1 0 0 0
126 99 0 1 0 0 0 0 0 0 0 0 0 245 131 4 3 1 1 0 0 0 1 0 0 0
130 105 0 1 0 0 0 0 0 0 0 0 0 265 143 4 3 1 1 0 0 0 1 0 0 0
136 109 0 1 0 0 0 0 0 0 0 0 0 268 149 4 3 1 1 0 0 0 1 0 0 0
148 118 1 1 0 0 0 0 0 0 0 0 0 271 152 4 3 1 1 0 0 0 1 0 0 0
152 121 1 1 0 0 0 0 0 0 0 0 0 277 158 4 3 1 1 0 0 0 1 0 0 0
156 126 1 1 0 0 0 0 0 0 0 0 0 282 162 4 3 1 1 0 0 0 1 0 0 0
164 132 1 1 0 0 0 0 0 0 0 0 0 287 171 4 3 1 1 0 0 0 1 0 0 0
169 135 1 1 0 0 0 0 0 0 0 0 0 291 174 4 3 1 1 0 0 0 1 0 0 0
172 141 1 1 0 0 0 0 0 0 0 0 0 294 179 4 3 1 1 0 0 0 1 0 0 0
177 145 1 1 0 0 0 0 0 0 0 0 0 318 184 4 4 1 1 1 0 0 1 0 0 0
183 150 1 1 0 0 0 0 0 0 0 0 0 333 187 4 4 1 1 1 0 0 1 0 0 0
187 156 1 1 0 0 0 0 0 0 0 0 0 360 196 4 4 1 1 1 0 0 1 0 0 0
198 161 1 1 0 0 0 0 0 0 0 0 0 363 199 4 4 1 1 1 0 0 1 0 0 0
207 167 1 2 0 0 0 0 0 0 0 0 0 366 205 4 4 1 1 1 0 0 1 0 0 0
212 172 1 2 0 0 0 0 0 0 0 0 0 370 210 4 4 1 1 1 0 0 1 0 0 0
215 175 1 2 0 0 0 0 0 0 0 0 0 389 213 4 4 1 1 1 0 0 1 0 0 0
221 178 2 2 0 0 0 0 0 0 0 0 0 392 217 4 4 1 1 1 0 0 1 0 0 0
229 181 2 2 0 0 0 0 0 0 0 0 0 400 226 4 5 2 1 1 0 0 1 0 0 0
