# scores for worst/random/best/smart move selector strategies. 
# scores are 50% and 95% quantiles (based on 40 games) of: 
# game score, #destroyed, #unlocked, #stripes, #bombs, #zappers
0 0 0 0 0 0 0 0 0 0 0 0 0 9 9 0 0 0 0 0 0 0 0 0 0 0
4 4 0 0 0 0 0 0 0 0 0 0 0 30 19 0 0 0 0 0 0 0 0 0 0 0
9 9 0 0 0 0 0 0 0 0 0 0 0 51 25 0 0 0 0 0 0 0 0 0 0 0
13 12 0 0 0 0 0 0 0 0 0 0 0 54 28 0 1 0 0 0 0 0 0 0 0 0
19 18 0 0 0 0 0 0 0 0 0 0 0 72 33 3 1 0 1 0 0 0 1 0 0 0
24 24 0 0 0 0 0 0 0 0 0 0 0 77 40 3 1 0 1 0 0 0 1 0 0 0
30 28 0 0 0 0 0 0 0 0 0 0 0 99 48 4 1 0 1 0 0 0 1 0 0 0
36 31 0 0 0 0 0 0 0 0 0 0 0 106 59 4 2 0 1 0 0 0 1 0 0 0
41 36 0 0 0 0 0 0 0 0 0 0 0 111 64 4 2 0 1 0 0 0 1 0 0 0
46 42 0 0 0 0 0 0 0 0 0 0 0 139 73 4 2 0 1 0 0 0 1 0 0 0
51 45 0 0 0 0 0 0 0 0 0 0 0 143 77 4 2 0 1 0 0 0 1 0 0 0
70 51 0 0 0 0 0 0 0 0 0 0 0 181 83 4 2 1 1 1 0 0 1 0 0 0
74 56 0 1 0 0 0 0 0 0 0 0 0 197 89 4 2 1 1 1 0 0 1 0 0 0
83 63 0 1 0 0 0 0 0 0 0 0 0 205 108 7 2 1 1 1 0 0 1 0 0 0
89 67 0 1 0 0 0 0 0 0 0 0 0 219 113 7 2 1 1 1 0 0 1 0 0 0
100 74 0 1 0 0 0 0 0 0 0 0 0 237 127 8 3 1 1 1 0 0 1 0 0 0
112 79 1 1 0 0 0 0 0 0 0 0 0 284 131 10 3 2 1 1 1 0 1 0 0 0
122 84 1 1 0 0 0 0 0 0 0 0 0 289 145 10 3 2 1 1 1 0 1 0 0 0
137 92 1 1 0 0 0 0 0 0 0 0 0 316 149 10 3 2 1 1 1 0 1 0 0 0
155 99 1 2 0 0 0 0 0 0 0 0 0 334 160 10 4 2 1 1 1 0 1 0 0 0
165 104 1 2 0 0 0 0 0 0 0 0 0 337 163 10 4 2 1 1 1 0 1 0 0 0
185 112 2 2 0 0 0 0 0 0 0 0 0 362 170 11 4 2 1 1 1 0 1 0 0 0
194 119 2 2 0 0 0 0 0 0 0 0 0 366 175 11 5 2 1 1 1 0 1 0 0 0
207 128 2 3 0 0 0 0 0 0 0 0 0 401 186 11 5 2 1 1 1 0 1 0 0 0
235 134 2 3 0 0 0 0 0 0 0 0 0 407 193 12 5 2 1 1 1 0 1 0 0 0
250 142 2 3 1 0 0 0 0 0 0 0 0 410 196 12 6 2 1 1 1 0 1 0 0 0
262 149 2 3 1 0 0 0 0 0 0 0 0 414 200 12 6 2 1 2 1 0 1 0 0 0
272 156 3 3 1 0 0 0 0 0 0 0 0 455 213 12 7 3 1 2 1 0 1 0 0 0
293 165 3 4 1 0 0 0 0 0 0 0 0 473 219 12 7 3 1 2 1 0 1 0 0 0
299 172 3 4 1 0 0 0 0 0 0 0 0 479 226 12 7 3 1 2 1 0 1 0 0 0
324 180 3 4 1 0 0 0 0 0 0 0 0 489 236 12 7 3 1 2 1 0 1 0 0 0
338 186 4 4 1 0 0 0 0 0 0 0 0 532 251 12 7 3 1 2 1 0 1 0 0 0
347 194 4 4 1 0 0 0 0 0 0 0 0 593 262 12 8 3 2 2 1 0 1 0 0 0
386 198 4 5 1 0 0 0 0 0 0 0 0 597 267 12 8 3 2 2 1 0 2 0 0 0
389 203 4 5 1 0 0 0 0 0 0 0 0 602 274 12 8 3 2 2 1 0 2 0 0 0
418 211 4 5 1 0 0 0 0 0 0 0 0 622 280 13 8 3 2 2 2 0 2 0 0 0
440 218 4 5 1 0 0 0 0 0 0 0 0 722 302 13 12 4 2 2 2 0 2 0 0 0
449 229 4 6 1 0 0 0 0 0 0 0 0 745 307 13 12 4 2 2 2 0 2 0 0 0
465 235 4 6 1 0 1 0 0 0 0 0 0 751 313 13 12 4 2 2 2 0 2 0 0 0
497 241 4 6 1 0 1 0 0 0 0 0 0 770 323 14 13 4 2 2 2 0 2 0 0 0
507 260 4 7 1 0 1 0 0 0 0 0 0 796 326 14 13 4 2 2 2 0 2 0 0 0
