# scores for worst/random/best/smart move selector strategies. 
# scores are 50% and 95% quantiles (based on 40 games) of: 
# game score, #destroyed, #unlocked, #stripes, #bombs, #zappers
0 0 0 0 0 0 0 0 0 0 0 0 0 9 9 0 0 0 0 0 0 0 0 0 0 0
4 4 0 0 0 0 0 0 0 0 0 0 0 14 14 0 0 0 0 0 0 0 0 0 0 0
9 9 0 0 0 0 0 0 0 0 0 0 0 20 20 0 0 0 0 0 0 0 0 0 0 0
12 12 0 0 0 0 0 0 0 0 0 0 0 29 27 0 0 0 0 0 0 0 0 0 0 0
18 18 0 0 0 0 0 0 0 0 0 0 0 42 30 0 0 0 0 0 0 0 0 0 0 0
21 21 0 0 0 0 0 0 0 0 0 0 0 52 33 2 1 0 0 0 0 0 0 0 0 0
27 27 0 0 0 0 0 0 0 0 0 0 0 72 42 2 1 0 0 0 0 0 0 0 0 0
33 33 0 0 0 0 0 0 0 0 0 0 0 84 48 2 1 0 0 0 0 0 0 0 0 0
36 36 0 0 0 0 0 0 0 0 0 0 0 91 64 2 1 0 0 0 0 0 0 0 0 0
42 41 0 0 0 0 0 0 0 0 0 0 0 109 68 2 1 0 0 0 0 0 0 0 0 0
46 45 0 0 0 0 0 0 0 0 0 0 0 112 72 2 1 0 0 0 0 0 0 0 0 0
51 49 0 0 0 0 0 0 0 0 0 0 0 124 78 2 2 0 0 0 0 0 0 0 0 0
55 54 0 0 0 0 0 0 0 0 0 0 0 129 83 2 2 0 0 0 0 0 0 0 0 0
59 57 0 0 0 0 0 0 0 0 0 0 0 132 87 2 2 0 0 0 0 0 0 0 0 0
65 63 0 0 0 0 0 0 0 0 0 0 0 138 91 2 2 0 0 0 0 0 0 0 0 0
73 69 0 0 0 0 0 0 0 0 0 0 0 141 97 2 2 0 0 0 0 0 0 0 0 0
77 73 0 0 0 0 0 0 0 0 0 0 0 144 100 2 2 0 0 0 0 0 0 0 0 0
83 76 0 0 0 0 0 0 0 0 0 0 0 149 103 2 2 0 0 0 0 0 0 0 0 0
87 79 0 0 0 0 0 0 0 0 0 0 0 154 107 2 2 0 0 0 0 0 0 0 0 0
93 84 0 0 0 0 0 0 0 0 0 0 0 166 121 2 2 0 0 0 0 0 0 0 0 0
97 90 0 0 0 0 0 0 0 0 0 0 0 174 128 2 2 0 0 0 0 0 0 0 0 0
101 94 0 0 0 0 0 0 0 0 0 0 0 177 132 2 2 0 0 0 0 0 0 0 0 0
107 99 0 0 0 0 0 0 0 0 0 0 0 188 140 2 2 0 0 0 0 0 0 0 0 0
111 105 0 0 0 0 0 0 0 0 0 0 0 191 143 2 2 1 0 0 0 0 0 0 0 0
120 109 0 0 0 0 0 0 0 0 0 0 0 194 146 2 2 1 0 0 0 0 0 0 0 0
127 112 0 0 0 0 0 0 0 0 0 0 0 197 149 2 2 1 0 0 0 0 0 0 0 0
134 117 0 0 0 0 0 0 0 0 0 0 0 200 152 2 2 1 0 0 0 0 0 0 0 0
142 122 0 0 0 0 0 0 0 0 0 0 0 205 156 2 2 1 0 0 0 0 0 0 0 0
145 126 0 1 0 0 0 0 0 0 0 0 0 208 161 2 3 1 0 0 0 0 0 0 0 0
150 131 0 1 0 0 0 0 0 0 0 0 0 211 164 2 3 1 0 0 0 0 0 0 0 0
155 135 0 1 0 0 0 0 0 0 0 0 0 218 168 2 3 1 0 0 0 0 0 0 0 0
158 139 0 1 0 0 0 0 0 0 0 0 0 223 176 2 3 1 0 0 0 0 0 0 0 0
165 143 0 1 0 0 0 0 0 0 0 0 0 226 179 3 3 1 0 0 0 0 0 0 0 0
168 146 0 1 0 0 0 0 0 0 0 0 0 244 183 3 3 1 0 0 0 0 0 0 0 0
173 151 0 1 0 0 0 0 0 0 0 0 0 260 188 3 3 1 0 0 0 0 0 0 0 0
179 156 0 1 0 0 0 0 0 0 0 0 0 265 192 3 3 1 0 0 0 0 0 0 0 0
186 161 0 1 0 0 0 0 0 0 0 0 0 268 195 3 3 1 0 0 0 0 0 0 0 0
190 165 0 1 0 0 0 0 0 0 0 0 0 287 201 3 4 1 0 0 0 0 0 0 0 0
194 170 0 1 0 0 0 0 0 0 0 0 0 292 210 3 4 1 0 0 0 0 0 0 0 0
201 174 0 1 0 0 0 0 0 0 0 0 0 299 218 3 4 1 0 0 0 0 0 0 0 0
204 179 0 1 0 0 0 0 0 0 0 0 0 302 221 3 4 1 0 0 0 0 0 0 0 0
