# scores for worst/random/best/smart move selector strategies. 
# scores are 50% and 95% quantiles (based on 40 games) of: 
# game score, #destroyed, #unlocked, #stripes, #bombs, #zappers
3 3 0 0 0 0 0 0 0 0 0 0 0 12 12 0 0 0 0 0 0 0 0 0 0 0
10 10 0 0 0 0 0 0 0 0 0 0 0 24 24 0 0 0 0 0 0 0 0 0 0 0
15 15 0 0 0 0 0 0 0 0 0 0 0 81 33 0 0 0 0 0 0 0 0 0 0 0
22 22 0 0 0 0 0 0 0 0 0 0 0 92 44 0 1 0 0 0 0 0 0 0 0 0
29 28 0 0 0 0 0 0 0 0 0 0 0 118 53 0 2 1 0 1 0 0 0 0 0 0
36 33 0 0 0 0 0 0 0 0 0 0 0 180 70 0 2 1 1 1 0 0 1 0 0 0
60 41 0 0 0 0 0 0 0 0 0 0 0 196 82 0 3 1 1 1 0 0 1 0 0 0
81 44 0 1 0 0 0 0 0 0 0 0 0 214 90 0 3 1 1 1 0 0 1 0 0 0
97 49 0 1 0 0 0 0 0 0 0 0 0 225 94 0 3 1 1 1 0 0 1 0 0 0
112 64 0 2 0 0 0 0 0 0 0 0 0 278 99 0 5 1 1 1 0 0 1 0 0 0
137 74 0 2 0 0 0 0 0 0 0 0 0 372 122 0 11 1 1 1 0 0 1 0 0 0
168 81 0 2 0 0 0 0 0 0 0 0 0 397 142 0 11 1 1 2 1 0 1 0 0 0
178 87 0 3 0 0 0 0 0 0 0 0 0 424 148 0 12 2 1 2 1 0 1 0 0 0
219 93 0 3 0 0 1 0 0 0 0 0 0 428 158 0 12 2 2 2 1 0 1 0 0 0
231 105 0 3 0 0 1 0 0 0 0 0 0 453 165 0 12 2 2 2 1 0 2 0 0 0
242 112 0 3 0 0 1 0 0 0 0 0 0 477 187 0 12 2 2 2 1 0 2 0 0 0
248 121 0 4 0 0 1 0 0 0 0 0 0 483 192 0 12 2 2 2 1 0 2 0 0 0
259 127 0 4 0 0 1 0 0 0 0 0 0 494 214 1 13 2 2 2 1 0 2 0 0 0
268 132 0 4 0 0 1 0 0 0 0 0 0 512 224 1 13 2 2 2 1 0 2 0 0 0
280 136 0 4 0 0 1 0 0 0 0 0 0 548 227 1 14 2 2 2 1 0 2 0 0 0
294 142 0 5 0 0 1 0 0 0 0 0 0 562 237 1 14 2 2 2 1 0 2 0 0 0
341 156 0 5 0 0 1 0 0 0 0 0 0 729 244 1 19 2 2 2 1 0 2 1 0 0
354 164 0 5 0 0 1 0 0 0 0 0 0 771 247 1 19 2 2 2 1 0 2 1 0 0
379 175 0 6 0 0 1 0 0 0 0 0 0 777 254 1 19 2 2 2 1 0 2 1 0 0
392 181 0 6 0 0 1 0 0 0 0 0 0 782 258 1 19 2 2 3 1 0 2 1 0 0
430 186 0 7 0 1 1 0 0 0 0 0 0 787 265 1 19 2 2 3 1 0 2 1 0 0
437 196 0 7 0 1 1 0 0 0 0 0 0 813 278 1 19 2 2 3 1 0 2 1 0 0
449 204 0 7 1 1 1 0 0 0 0 0 0 855 283 1 20 2 2 3 1 0 2 1 0 0
458 213 0 7 1 1 1 0 0 0 0 0 0 861 287 1 20 2 2 3 1 0 2 1 0 0
463 216 0 7 1 1 1 0 0 0 0 0 0 896 291 1 21 2 2 3 1 0 2 1 0 0
468 221 0 8 1 1 1 0 0 0 0 0 0 901 302 1 21 2 2 3 1 0 2 1 0 0
519 229 0 8 1 1 1 0 0 0 0 0 0 907 311 1 22 2 2 3 1 0 2 1 0 0
531 236 0 8 1 1 1 0 0 1 0 0 0 910 316 1 22 2 2 3 1 0 2 1 0 0
558 246 0 9 1 1 1 0 0 1 0 0 0 1034 332 1 24 3 2 3 1 0 2 1 0 0
598 257 0 9 1 1 1 0 0 1 0 0 0 1038 338 1 24 3 2 3 2 0 2 1 0 0
618 263 0 10 1 1 2 0 0 1 0 0 0 1041 348 1 24 3 2 3 2 0 2 1 0 0
632 271 0 10 1 1 2 0 0 1 0 0 0 1044 360 1 25 3 2 3 2 0 2 1 0 0
652 280 0 11 1 1 2 0 0 1 0 0 0 1161 376 1 25 3 2 3 2 0 2 1 0 0
659 288 0 11 1 1 2 0 0 1 0 0 0 1167 380 1 26 3 2 3 2 0 2 1 0 0
667 292 0 11 1 1 2 0 0 1 0 0 0 1230 399 1 28 3 3 4 2 0 2 1 0 0
692 299 0 11 1 1 2 0 0 1 0 0 0 1236 404 1 28 3 3 4 2 0 2 1 0 0
