# scores for worst/random/best/smart move selector strategies. 
# scores are 50% and 95% quantiles (based on 40 games) of: 
# game score, #destroyed, #unlocked, #stripes, #bombs, #zappers
3 3 0 0 0 0 0 0 0 0 0 0 0 12 12 0 0 0 0 0 0 0 0 0 0 0
9 9 0 0 0 0 0 0 0 0 0 0 0 20 20 0 0 0 0 0 0 0 0 0 0 0
12 12 0 0 0 0 0 0 0 0 0 0 0 42 30 0 0 0 0 0 0 0 0 0 0 0
18 18 0 0 0 0 0 0 0 0 0 0 0 74 40 0 0 0 0 0 0 0 0 0 0 0
21 21 0 0 0 0 0 0 0 0 0 0 0 82 46 0 0 0 0 0 0 0 0 0 0 0
25 24 0 0 0 0 0 0 0 0 0 0 0 85 52 0 0 0 0 0 0 0 0 0 0 0
32 32 0 0 0 0 0 0 0 0 0 0 0 93 59 0 1 1 0 0 0 0 0 0 0 0
36 36 0 0 0 0 0 0 0 0 0 0 0 98 62 0 1 1 0 0 0 0 0 0 0 0
40 39 0 0 0 0 0 0 0 0 0 0 0 107 74 0 1 1 0 0 0 0 0 0 0 0
45 43 0 0 0 0 0 0 0 0 0 0 0 110 77 0 1 1 0 0 0 0 0 0 0 0
49 47 0 0 0 0 0 0 0 0 0 0 0 115 80 0 1 1 0 0 0 0 0 0 0 0
53 51 0 0 0 0 0 0 0 0 0 0 0 118 84 0 1 1 0 0 0 0 0 0 0 0
58 54 0 0 0 0 0 0 0 0 0 0 0 126 92 0 1 1 0 0 0 0 0 0 0 0
64 58 0 0 0 0 0 0 0 0 0 0 0 132 96 0 2 1 0 0 0 0 0 0 0 0
69 64 0 0 0 0 0 0 0 0 0 0 0 157 99 0 2 1 1 0 0 0 1 0 0 0
79 70 0 0 0 0 0 0 0 0 0 0 0 161 102 0 2 1 1 0 0 0 1 0 0 0
85 76 0 0 0 0 0 0 0 0 0 0 0 166 106 0 2 1 1 0 0 0 1 0 0 0
90 79 0 0 0 0 0 0 0 0 0 0 0 170 116 0 2 1 1 0 0 0 1 0 0 0
94 83 0 0 0 0 0 0 0 0 0 0 0 178 125 0 2 1 1 0 0 0 1 0 0 0
106 92 0 0 0 0 0 0 0 0 0 0 0 182 128 0 2 1 1 0 0 0 1 0 0 0
110 97 0 0 0 0 0 0 0 0 0 0 0 217 139 0 3 1 1 0 0 0 1 0 0 0
114 100 0 0 0 0 0 0 0 0 0 0 0 246 150 0 3 1 1 0 0 0 1 0 0 0
119 106 0 0 0 0 0 0 0 0 0 0 0 288 165 0 3 1 1 0 0 0 1 0 0 0
134 109 0 0 0 0 0 0 0 0 0 0 0 307 168 0 3 1 1 0 0 0 1 0 0 0
149 116 0 0 0 0 0 0 0 0 0 0 0 311 171 0 3 1 1 0 0 0 1 0 0 0
158 123 0 1 0 0 0 0 0 0 0 0 0 314 174 0 3 1 1 0 0 0 1 0 0 0
164 126 0 1 0 0 0 0 0 0 0 0 0 317 177 0 3 1 1 0 0 0 1 0 0 0
172 131 0 1 0 0 0 0 0 0 0 0 0 321 180 0 4 1 1 0 0 0 1 0 0 0
184 138 0 1 0 0 0 0 0 0 0 0 0 325 188 0 4 1 1 0 0 0 1 0 0 0
188 144 0 1 0 0 0 0 0 0 0 0 0 328 191 0 4 1 1 1 0 0 1 0 0 0
195 148 0 1 0 0 0 0 0 0 0 0 0 333 197 0 4 1 1 1 0 0 1 0 0 0
201 153 0 1 0 0 0 0 0 0 0 0 0 336 200 0 4 1 1 1 0 0 1 0 0 0
205 158 0 1 0 0 0 0 0 0 0 0 0 363 214 0 5 1 1 1 0 0 1 0 0 0
208 165 0 1 0 0 0 0 0 0 0 0 0 366 217 0 5 1 1 1 0 0 1 0 0 0
217 168 0 2 0 0 0 0 0 0 0 0 0 389 226 0 5 1 1 1 0 0 1 0 0 0
221 172 0 2 0 0 0 0 0 0 0 0 0 392 230 0 5 1 1 1 0 0 1 0 0 0
243 178 0 2 0 0 0 0 0 0 0 0 0 428 236 0 5 1 1 1 0 0 1 0 0 0
257 184 0 2 0 0 0 0 0 0 0 0 0 432 241 0 5 1 1 1 0 0 1 0 0 0
268 187 0 2 0 0 0 0 0 0 0 0 0 440 247 0 5 1 1 1 0 0 1 0 0 0
276 195 0 2 0 0 0 0 0 0 0 0 0 445 250 0 5 1 1 1 0 0 1 0 0 0
282 202 0 2 0 0 0 0 0 0 0 0 0 450 256 0 5 1 1 1 0 0 1 0 0 0
