# scores for worst/random/best/smart move selector strategies. 
# scores are 50% and 95% quantiles (based on 40 games) of: 
# game score, #destroyed, #unlocked, #stripes, #bombs, #zappers
8 8 0 0 0 0 0 0 0 0 0 0 0 38 31 0 0 0 0 0 0 0 0 0 0 0
16 16 0 0 0 0 0 0 0 0 0 0 0 91 47 0 1 0 0 0 0 0 0 0 0 0
29 28 0 0 0 0 0 0 0 0 0 0 0 168 78 0 1 1 1 0 0 0 1 0 0 0
42 39 0 0 0 0 0 0 0 0 0 0 0 253 106 0 2 1 2 0 0 0 1 0 0 0
88 52 0 0 0 0 0 0 0 0 0 0 0 350 142 0 4 2 2 1 0 0 2 0 0 0
131 72 0 1 0 0 0 0 0 0 0 0 0 638 183 0 14 3 2 1 1 0 2 0 0 0
152 85 0 2 0 0 0 0 0 0 0 0 0 743 195 0 14 4 2 1 1 0 2 0 0 0
187 94 0 2 0 0 0 0 0 0 0 0 0 902 253 0 15 11 3 1 1 0 2 0 0 0
233 107 0 3 0 0 0 0 0 0 0 0 0 912 264 0 21 11 3 1 1 0 2 1 0 0
268 122 0 3 1 0 0 0 0 0 0 0 0 1026 299 0 21 16 4 1 1 0 3 1 1 0
283 133 0 4 1 0 0 0 0 0 0 0 0 1066 335 0 21 16 4 1 1 0 3 1 1 0
339 153 0 4 1 0 0 0 0 0 0 0 0 1221 375 0 22 17 5 2 1 1 3 1 1 0
405 163 0 5 1 0 0 0 0 0 0 0 0 1228 381 0 22 17 5 2 1 1 3 1 1 0
423 172 0 5 1 1 0 0 0 0 0 0 0 1235 392 0 22 17 5 2 1 1 3 1 1 0
505 191 0 6 1 1 0 0 0 0 0 0 0 1241 400 0 23 17 5 2 1 1 3 1 1 0
517 202 0 6 1 1 0 0 0 0 0 0 0 1331 421 0 24 17 5 2 2 1 3 1 1 0
569 207 0 7 2 1 1 0 0 1 0 0 0 1341 436 0 24 17 5 2 2 1 3 1 1 0
575 220 0 8 2 1 1 0 0 1 0 0 0 1448 455 0 24 17 5 2 2 1 3 1 1 0
608 244 0 8 2 1 1 0 0 1 0 0 0 1524 481 0 25 18 5 2 2 1 3 1 1 0
704 278 0 10 2 1 1 0 0 1 0 0 0 1626 496 0 26 18 5 2 2 1 3 1 1 0
808 297 0 10 3 1 1 1 0 1 0 0 0 1638 506 0 27 18 5 3 2 1 3 1 1 0
837 318 0 10 3 1 1 1 0 1 0 0 0 1643 516 0 27 18 5 3 2 1 3 1 1 0
865 333 0 10 3 1 1 1 0 1 0 0 0 1703 529 0 29 19 5 3 2 1 4 1 1 0
896 346 0 11 3 1 1 1 0 1 0 0 0 1720 546 0 29 19 5 3 2 1 4 1 1 0
907 357 0 12 3 1 1 1 0 1 0 0 0 1823 556 0 29 19 5 3 2 1 4 1 1 0
950 374 0 13 3 1 1 1 0 1 0 0 0 1855 564 0 31 19 5 3 2 1 4 1 1 0
1014 390 0 13 3 2 1 1 0 1 0 0 0 1880 590 0 34 19 5 3 2 1 4 1 1 0
1039 402 0 15 3 2 2 1 0 1 0 0 0 2080 611 0 36 19 5 3 3 1 4 1 1 0
1085 420 0 15 3 2 2 1 0 2 0 0 0 2089 617 0 36 19 5 3 3 1 4 1 1 0
1222 432 0 16 4 2 2 1 0 2 0 0 0 2164 629 0 36 21 5 3 3 1 4 1 1 0
1228 441 0 17 4 2 2 1 0 2 0 0 0 2187 642 0 36 21 5 3 3 1 4 1 1 0
1304 475 0 17 4 2 2 1 0 2 0 0 0 2193 649 0 38 21 5 3 3 1 4 1 1 0
1331 487 0 18 5 2 2 1 0 2 0 0 0 2229 668 0 38 21 5 3 3 1 4 1 1 0
1392 504 0 18 5 2 2 1 0 2 0 0 0 2322 699 0 40 21 5 4 3 1 4 1 1 0
1449 522 0 18 6 3 2 1 0 2 0 0 0 2385 717 0 40 22 5 4 3 1 4 1 1 0
1457 545 0 19 6 3 2 1 0 2 0 0 0 2413 735 0 41 22 6 4 3 1 4 1 1 0
1502 550 0 20 6 3 2 1 0 2 0 0 0 2459 767 0 42 22 6 5 3 1 4 1 1 0
1506 573 0 20 6 3 2 1 0 2 0 0 0 2592 804 0 43 24 6 5 3 1 5 1 1 0
1529 594 0 20 6 3 2 1 0 2 0 0 0 2639 848 0 44 24 7 5 3 1 5 1 1 0
1553 606 0 20 6 3 2 1 0 2 0 0 0 2705 866 0 44 24 7 5 3 1 6 1 1 0
1643 622 0 23 6 3 3 1 0 2 0 0 0 2814 894 0 46 24 7 5 3 1 6 1 1 0
