# scores for worst/random/best/smart move selector strategies. 
# scores are 50% and 95% quantiles (based on 40 games) of: 
# game score, #destroyed, #unlocked, #stripes, #bombs, #zappers
8 8 0 0 0 0 0 0 0 0 0 0 0 38 31 0 0 0 0 0 0 0 0 0 0 0
13 13 0 0 0 0 0 0 0 0 0 0 0 50 41 0 0 0 0 0 0 0 0 0 0 0
17 17 0 0 0 0 0 0 0 0 0 0 0 74 48 0 0 0 0 0 0 0 0 0 0 0
26 26 0 0 0 0 0 0 0 0 0 0 0 91 61 0 1 1 0 0 0 0 0 0 0 0
33 33 0 0 0 0 0 0 0 0 0 0 0 104 67 0 1 1 0 0 0 0 0 0 0 0
40 40 0 0 0 0 0 0 0 0 0 0 0 110 76 0 1 1 0 0 0 0 0 0 0 0
48 44 0 0 0 0 0 0 0 0 0 0 0 113 79 0 1 1 0 0 0 0 0 0 0 0
55 51 0 0 0 0 0 0 0 0 0 0 0 168 94 0 1 1 0 0 0 0 0 0 0 0
63 58 0 0 0 0 0 0 0 0 0 0 0 245 110 0 2 1 0 0 0 0 0 0 0 0
81 65 0 0 0 0 0 0 0 0 0 0 0 250 114 0 2 1 0 0 0 0 0 0 0 0
97 74 0 0 0 0 0 0 0 0 0 0 0 277 124 0 3 2 1 0 0 0 0 0 0 0
110 80 0 0 0 0 0 0 0 0 0 0 0 296 139 0 3 2 1 0 0 0 0 0 0 0
121 84 0 1 0 0 0 0 0 0 0 0 0 303 145 0 3 2 1 0 0 0 0 0 0 0
129 93 0 1 0 0 0 0 0 0 0 0 0 332 156 0 3 2 1 0 0 0 0 0 0 0
136 101 0 1 0 0 0 0 0 0 0 0 0 383 190 0 4 2 1 0 0 0 1 0 0 0
157 108 0 1 0 0 0 0 0 0 0 0 0 390 200 0 4 2 2 0 0 0 2 0 0 0
174 117 0 1 0 0 0 0 0 0 0 0 0 471 213 0 4 3 2 0 0 0 2 0 0 0
187 128 0 1 1 0 0 0 0 0 0 0 0 497 232 0 5 3 2 0 0 0 2 0 0 0
197 132 0 1 1 0 0 0 0 0 0 0 0 503 235 0 5 3 2 0 0 0 2 0 0 0
209 141 0 2 1 0 0 0 0 0 0 0 0 537 250 0 5 3 2 0 0 0 2 0 0 0
234 147 0 2 1 0 0 0 0 0 0 0 0 542 258 0 5 3 2 0 0 0 2 0 0 0
240 154 0 2 1 0 0 0 0 0 0 0 0 546 264 0 5 3 2 0 0 0 2 0 0 0
287 173 0 3 1 0 0 0 0 0 0 0 0 567 275 0 6 3 3 0 0 0 2 0 0 0
291 178 0 3 1 0 0 0 0 0 0 0 0 570 282 0 6 3 3 0 0 0 2 0 0 0
314 194 0 3 1 0 0 0 0 0 0 0 0 575 288 0 6 3 3 0 0 0 2 0 0 0
323 199 0 3 1 0 0 0 0 0 0 0 0 632 291 0 6 3 3 0 0 0 2 0 0 0
347 206 0 3 1 0 0 0 0 0 0 0 0 673 303 0 6 3 3 0 1 0 3 0 0 0
356 211 0 3 1 0 0 0 0 0 0 0 0 686 307 0 8 3 3 0 1 0 3 0 0 0
364 224 0 4 1 0 0 0 0 0 0 0 0 737 332 0 9 3 3 1 1 0 3 0 0 0
368 234 0 4 1 0 0 0 0 0 0 0 0 757 340 0 9 3 3 1 1 0 3 0 0 0
382 247 0 4 1 0 0 0 0 0 0 0 0 761 344 0 9 3 3 1 1 0 3 0 0 0
391 252 0 4 1 0 0 0 0 0 0 0 0 816 353 0 9 4 3 1 1 0 3 0 0 0
415 262 0 4 1 0 0 0 0 0 0 0 0 819 371 0 9 4 3 1 1 0 3 0 0 0
433 267 0 4 2 0 0 0 0 0 0 0 0 826 376 0 9 4 3 1 1 0 3 0 0 0
464 272 0 4 2 0 0 0 0 0 0 0 0 845 384 0 9 5 3 1 1 0 3 0 0 0
467 275 0 4 2 0 0 0 0 0 0 0 0 869 392 0 9 5 3 1 1 0 3 0 0 0
471 281 0 4 2 0 0 0 0 0 0 0 0 875 413 0 10 5 3 1 1 0 3 0 0 0
487 292 0 4 2 0 0 0 0 0 0 0 0 901 430 0 11 5 3 1 1 0 3 0 0 0
496 302 0 4 2 0 0 0 0 0 0 0 0 904 435 0 11 5 3 1 1 0 3 0 0 0
513 308 0 4 2 0 0 0 0 0 0 0 0 963 449 0 12 5 3 1 1 0 3 0 0 0
524 320 0 4 2 0 0 0 0 0 0 0 0 966 452 0 12 5 3 1 1 0 3 0 0 0
