# scores for worst/random/best/smart move selector strategies. 
# scores are 50% and 95% quantiles (based on 40 games) of: 
# game score, #destroyed, #unlocked, #stripes, #bombs, #zappers
8 8 0 0 0 0 0 0 0 0 0 0 0 38 31 0 0 0 0 0 0 0 0 0 0 0
28 24 0 0 0 0 0 0 0 0 0 0 0 135 61 0 1 1 0 0 0 0 0 0 0 0
57 35 0 0 0 0 0 0 0 0 0 0 0 216 98 0 2 2 1 0 0 0 1 0 0 0
116 60 0 1 0 0 0 0 0 0 0 0 0 319 126 0 2 2 1 1 0 0 1 0 0 0
196 87 0 1 1 1 0 0 0 1 0 0 0 401 154 0 4 3 2 1 1 0 1 0 0 0
248 110 0 2 1 1 0 0 0 1 0 0 0 641 201 0 13 3 3 1 1 0 2 0 0 0
316 142 0 3 1 1 0 0 0 1 0 0 0 907 227 0 19 4 3 1 1 0 2 1 0 0
373 162 0 4 1 1 0 0 0 1 0 0 0 932 259 0 19 5 3 1 1 1 3 1 0 0
455 179 0 4 2 1 0 0 0 1 0 0 0 1129 293 0 22 13 3 1 1 1 3 1 0 0
483 214 0 5 2 1 0 0 0 1 0 0 0 1197 310 0 22 13 4 1 1 1 3 1 0 0
567 232 0 6 3 1 0 0 0 1 0 0 0 1246 361 0 22 13 4 1 2 1 4 1 0 0
660 264 0 6 3 2 0 0 0 1 0 0 0 1260 394 0 27 13 4 1 2 1 4 1 0 0
744 296 0 8 3 2 0 0 0 2 0 0 0 1375 435 0 27 18 5 2 2 1 4 1 1 0
821 320 0 9 3 2 0 0 0 2 0 0 0 1423 446 0 27 18 5 2 2 1 5 1 1 0
897 348 0 9 3 2 0 0 0 2 0 0 0 1571 475 0 29 20 6 2 2 1 5 1 1 0
968 367 0 10 3 3 0 0 0 2 0 0 0 1634 488 0 29 20 6 2 2 1 5 1 1 0
1044 388 0 12 4 3 0 0 0 2 0 0 0 2016 518 0 30 20 6 2 2 1 5 1 1 0
1094 405 0 12 4 3 0 1 0 2 0 0 0 2142 557 0 30 20 7 2 2 1 5 1 1 0
1115 428 0 12 5 3 0 1 0 2 0 0 0 2327 567 0 33 21 7 3 2 1 5 1 1 0
1200 449 0 13 5 3 1 1 0 2 0 0 0 2353 592 0 37 21 7 3 2 1 5 2 1 0
1242 477 0 14 5 4 1 1 0 3 0 0 0 2461 621 0 38 23 7 3 2 1 5 2 1 0
1309 487 0 15 5 4 1 1 0 3 0 0 0 2467 633 0 38 23 7 3 2 1 5 2 1 0
1377 512 0 15 5 4 1 1 0 3 0 0 0 2526 665 0 38 23 7 3 2 1 6 2 1 0
1436 536 0 17 5 4 1 1 0 3 0 0 0 2563 701 0 39 24 7 3 2 1 6 2 1 0
1475 562 0 17 6 5 1 1 0 3 0 0 0 2635 731 0 48 24 7 3 2 1 6 2 1 0
1556 571 0 21 6 5 1 1 0 3 0 0 0 2708 778 0 50 24 7 4 3 1 6 2 1 0
1592 606 0 21 6 5 1 1 0 4 0 0 0 2786 800 0 51 24 8 4 3 1 6 2 1 0
1637 623 0 21 6 5 1 1 0 4 0 0 0 2859 817 0 52 24 8 4 3 1 6 2 1 0
1781 639 0 25 6 5 1 1 0 4 0 0 0 2894 836 0 52 25 8 4 3 1 6 2 1 0
1808 648 0 26 7 5 1 1 0 4 1 0 0 2992 852 0 54 25 8 4 3 1 6 2 1 0
1923 678 0 27 7 5 1 1 0 4 1 0 0 3047 861 0 55 25 8 4 3 1 6 2 1 0
1983 707 0 28 7 6 1 1 0 4 1 0 0 3320 890 0 57 25 9 4 3 1 7 2 1 0
2072 746 0 31 8 6 1 1 0 4 1 0 0 3360 916 0 57 25 9 4 3 1 8 2 1 0
2138 766 0 33 8 6 2 1 0 5 1 0 0 3497 949 0 57 25 9 5 3 1 8 2 1 0
2223 781 0 34 9 6 2 1 0 5 1 0 0 3545 1010 0 57 26 10 5 3 1 8 2 1 0
2292 807 0 35 9 6 2 1 0 5 1 0 0 3679 1020 0 59 31 11 5 3 2 8 2 1 0
2360 827 0 35 10 7 2 1 0 5 1 0 0 4058 1055 0 63 32 11 5 3 2 8 2 1 0
2441 849 0 36 11 7 2 1 0 5 1 0 0 4069 1069 0 69 32 11 5 3 2 8 3 1 0
2523 878 0 37 11 7 2 1 0 5 1 0 0 4150 1102 0 72 32 12 5 3 2 8 3 1 0
2620 901 0 38 12 7 2 1 0 5 1 0 0 4216 1146 0 74 32 12 6 3 2 8 3 1 0
2693 918 0 38 12 7 2 1 0 5 1 0 0 4225 1182 0 75 32 12 6 3 2 9 3 1 0
