# scores for worst/random/best/smart move selector strategies. 
# scores are 50% and 95% quantiles (based on 40 games) of: 
# game score, #destroyed, #unlocked, #stripes, #bombs, #zappers
8 8 0 0 0 0 0 0 0 0 0 0 0 38 31 0 0 0 0 0 0 0 0 0 0 0
13 13 0 0 0 0 0 0 0 0 0 0 0 70 42 0 0 0 0 0 0 0 0 0 0 0
18 18 0 0 0 0 0 0 0 0 0 0 0 77 49 0 0 0 0 0 0 0 0 0 0 0
22 22 0 0 0 0 0 0 0 0 0 0 0 92 56 0 0 0 0 0 0 0 0 0 0 0
29 29 0 0 0 0 0 0 0 0 0 0 0 95 59 0 1 0 0 0 0 0 0 0 0 0
34 34 0 0 0 0 0 0 0 0 0 0 0 98 62 0 1 0 0 0 0 0 0 0 0 0
39 38 0 0 0 0 0 0 0 0 0 0 0 106 67 0 1 1 0 0 0 0 0 0 0 0
45 45 0 0 0 0 0 0 0 0 0 0 0 113 76 0 1 1 0 0 0 0 0 0 0 0
54 50 0 0 0 0 0 0 0 0 0 0 0 116 80 0 1 1 0 0 0 0 0 0 0 0
62 57 0 0 0 0 0 0 0 0 0 0 0 127 90 0 1 1 0 0 0 0 0 0 0 0
69 60 0 0 0 0 0 0 0 0 0 0 0 136 98 0 1 1 0 0 0 0 0 0 0 0
76 65 0 0 0 0 0 0 0 0 0 0 0 150 108 0 2 1 0 0 0 0 0 0 0 0
83 73 0 0 0 0 0 0 0 0 0 0 0 163 115 0 2 1 0 0 0 0 0 0 0 0
86 77 0 0 0 0 0 0 0 0 0 0 0 170 118 0 2 1 0 0 0 0 0 0 0 0
92 85 0 0 0 0 0 0 0 0 0 0 0 176 126 0 2 1 0 0 0 0 0 0 0 0
107 90 0 0 0 0 0 0 0 0 0 0 0 235 144 0 2 1 0 0 0 0 0 0 0 0
119 94 0 0 0 0 0 0 0 0 0 0 0 238 150 0 2 1 0 0 0 0 0 0 0 0
130 101 0 0 0 0 0 0 0 0 0 0 0 265 156 0 2 2 0 0 0 0 0 0 0 0
134 109 0 0 0 0 0 0 0 0 0 0 0 268 165 0 2 2 0 0 0 0 0 0 0 0
141 115 0 0 0 0 0 0 0 0 0 0 0 271 168 0 2 2 0 0 0 0 0 0 0 0
148 121 0 0 0 0 0 0 0 0 0 0 0 274 171 0 2 2 0 0 0 0 0 0 0 0
155 127 0 1 0 0 0 0 0 0 0 0 0 291 180 0 2 2 0 0 0 0 0 0 0 0
162 132 0 1 0 0 0 0 0 0 0 0 0 296 183 0 2 2 0 0 0 0 0 0 0 0
165 139 0 1 0 0 0 0 0 0 0 0 0 321 188 0 2 2 0 0 0 0 0 0 0 0
171 145 0 1 0 0 0 0 0 0 0 0 0 326 199 0 3 2 0 0 0 0 0 0 0 0
176 153 0 1 0 0 0 0 0 0 0 0 0 330 206 0 3 2 0 0 0 0 0 0 0 0
188 158 0 1 0 0 0 0 0 0 0 0 0 344 212 0 3 3 0 0 0 0 0 0 0 0
196 162 0 1 0 0 0 0 0 0 0 0 0 351 217 0 3 3 0 0 0 0 0 0 0 0
199 167 0 1 0 0 0 0 0 0 0 0 0 364 220 0 3 3 0 0 0 0 0 0 0 0
213 174 0 1 0 0 0 0 0 0 0 0 0 367 226 0 3 3 0 0 0 0 0 0 0 0
216 177 0 1 0 0 0 0 0 0 0 0 0 370 230 0 3 3 0 0 0 0 0 0 0 0
222 183 0 1 0 0 0 0 0 0 0 0 0 391 243 0 3 3 0 0 0 0 0 0 0 0
228 190 0 1 0 0 0 0 0 0 0 0 0 414 251 0 4 3 0 0 0 0 0 0 0 0
231 198 0 1 0 0 0 0 0 0 0 0 0 417 254 0 4 3 0 0 0 0 0 0 0 0
235 201 0 1 0 0 0 0 0 0 0 0 0 427 261 0 4 3 0 0 0 0 0 0 0 0
249 204 0 1 0 0 0 0 0 0 0 0 0 470 270 0 4 3 0 0 0 0 0 0 0 0
257 208 0 1 0 0 0 0 0 0 0 0 0 473 274 0 4 3 0 0 0 0 0 0 0 0
270 216 0 1 0 0 0 0 0 0 0 0 0 476 277 0 4 3 0 0 0 0 0 0 0 0
275 219 0 1 0 0 0 0 0 0 0 0 0 479 282 0 4 3 0 0 0 0 0 0 0 0
288 228 0 1 1 0 0 0 0 0 0 0 0 482 288 0 4 3 0 0 0 0 0 0 0 0
291 233 0 1 1 0 0 0 0 0 0 0 0 485 293 0 4 3 0 0 0 0 0 0 0 0
