# scores for worst/random/best/smart move selector strategies. 
# scores are 50% and 95% quantiles (based on 40 games) of: 
# game score, #destroyed, #unlocked, #stripes, #bombs, #zappers
6 6 0 0 0 0 0 0 0 0 0 0 0 57 57 0 0 0 0 0 0 0 0 0 0 0
13 13 0 0 0 0 0 0 0 0 0 0 0 882 320 3 5 5 3 0 0 0 0 0 0 0
67 24 0 0 0 0 0 0 0 0 0 0 0 1215 415 10 23 11 6 1 0 0 1 1 0 0
101 44 0 2 0 0 0 0 0 0 0 0 0 1815 555 10 26 17 8 1 0 0 2 1 0 0
135 66 1 2 0 0 0 0 0 0 0 0 0 2020 641 10 27 20 8 1 1 0 2 1 1 0
262 123 2 3 1 0 0 0 0 0 0 0 0 2116 674 10 27 20 8 1 1 0 2 1 1 0
550 205 3 5 2 1 0 0 0 0 0 0 0 2188 683 17 28 21 8 1 1 0 3 1 1 0
1329 331 5 11 10 3 0 0 0 1 0 0 0 2228 716 17 33 25 9 1 1 1 3 1 1 0
1522 453 5 13 13 3 0 0 0 1 0 0 0 2861 785 17 46 32 11 1 1 1 4 1 1 0
1948 518 5 17 16 4 0 0 0 1 0 0 0 3794 1124 17 51 35 14 1 2 1 4 1 1 1
2295 592 5 23 20 5 0 0 0 1 0 0 0 4668 1326 17 54 45 17 1 2 1 4 1 1 1
2448 728 5 26 23 5 0 0 0 1 0 0 0 5944 1623 17 57 61 18 1 2 1 5 1 1 1
2613 788 5 28 26 6 0 0 0 2 1 0 0 6295 1803 17 65 62 19 2 2 2 5 2 1 1
2950 857 5 30 28 7 0 1 0 2 1 0 0 6708 1968 17 68 69 20 2 2 2 5 2 1 1
3337 963 5 32 34 8 1 1 0 3 1 0 0 7664 2092 17 69 74 22 2 2 2 6 2 1 1
3612 1022 5 35 34 9 1 1 0 3 1 0 0 7998 2206 17 74 78 25 2 2 2 6 2 1 1
3933 1136 5 39 34 12 1 1 0 3 1 0 0 8222 2261 17 74 85 26 2 3 2 6 2 2 1
4774 1376 5 45 46 13 1 1 0 4 1 1 0 8970 2425 17 78 92 29 2 3 2 7 2 2 1
5225 1431 5 46 51 13 1 1 1 4 1 1 0 9447 2583 17 82 98 29 2 3 2 7 2 2 1
5809 1537 5 48 53 14 1 1 1 4 1 1 0 9548 2665 17 85 98 33 2 3 2 8 2 3 1
6087 1686 5 49 59 17 1 1 1 4 1 1 0 11006 2919 17 92 106 38 2 3 2 8 2 3 1
6715 1855 5 54 63 18 1 2 1 4 1 1 0 11879 3103 17 95 124 39 2 3 2 8 2 3 2
6918 1927 5 59 65 19 1 2 1 4 1 1 0 12026 3162 17 97 127 39 2 4 2 9 2 3 2
7355 1981 5 62 69 20 1 2 1 5 1 1 1 12272 3281 17 102 130 41 2 4 3 9 2 3 2
7957 2102 5 65 75 21 1 2 1 5 1 1 1 12387 3388 17 114 134 43 2 4 3 9 3 3 2
8297 2163 5 70 75 22 1 2 1 5 1 1 1 12688 3434 17 119 138 44 2 4 3 9 3 3 2
8420 2307 5 78 78 23 1 2 1 5 1 1 1 13436 3580 17 132 145 46 3 4 3 10 3 3 2
9156 2511 5 81 83 24 1 2 1 5 1 1 1 13642 3645 17 133 149 47 3 5 3 10 3 3 2
9386 2547 5 89 90 24 1 2 1 5 1 1 1 14256 3831 17 136 151 48 3 5 3 10 3 3 2
9708 2602 5 93 93 24 1 2 1 6 1 1 1 14764 3931 17 141 153 54 3 5 4 11 3 4 2
10591 2839 5 100 98 25 1 2 1 6 1 1 1 15074 4040 17 142 155 57 4 5 4 11 3 4 2
11145 2946 5 102 105 26 1 2 1 6 1 2 1 15365 4133 17 145 159 57 4 5 4 11 3 4 2
11224 2997 5 103 106 27 1 2 1 6 1 2 1 16356 4283 17 152 162 58 4 5 4 11 3 4 2
11337 3036 5 106 108 29 1 2 1 7 2 2 1 16977 4594 17 165 170 60 4 5 4 12 3 4 2
11575 3082 5 110 110 31 1 2 1 8 2 2 1 17384 4683 17 174 172 61 4 5 4 12 4 4 2
12029 3103 5 115 112 32 2 2 1 8 2 2 1 17699 4745 17 184 172 61 4 5 4 12 4 4 2
12399 3295 5 116 114 34 2 3 1 8 2 2 1 17824 4820 17 191 177 61 4 6 4 13 4 4 3
12731 3534 5 117 118 35 2 3 1 8 2 2 1 17902 4869 17 191 184 61 4 6 4 13 4 4 3
13061 3665 5 125 122 35 2 3 2 8 2 2 1 18612 5001 17 192 187 61 4 6 4 13 4 4 3
13159 3748 5 133 126 39 2 3 2 9 2 2 1 19431 5231 17 195 197 66 4 6 4 14 4 4 3
13829 3846 5 136 130 40 2 3 2 9 2 2 1 19633 5318 17 200 200 68 4 6 4 14 4 4 3
