# scores for worst/random/best/smart move selector strategies. 
# scores are 50% and 95% quantiles (based on 40 games) of: 
# game score, #destroyed, #unlocked, #stripes, #bombs, #zappers
6 6 0 0 0 0 0 0 0 0 0 0 0 57 57 0 0 0 0 0 0 0 0 0 0 0
12 12 0 0 0 0 0 0 0 0 0 0 0 220 119 0 2 0 0 0 0 0 0 0 0 0
22 21 0 0 0 0 0 0 0 0 0 0 0 323 154 4 4 2 1 0 0 0 1 0 0 0
34 28 0 0 0 0 0 0 0 0 0 0 0 477 198 4 4 4 1 0 0 0 1 0 0 0
62 34 0 0 0 0 0 0 0 0 0 0 0 766 308 4 5 5 2 0 0 0 1 0 0 0
75 47 0 0 0 0 0 0 0 0 0 0 0 1212 425 5 10 8 3 0 0 0 1 0 0 0
98 61 0 1 0 0 0 0 0 0 0 0 0 1229 434 7 10 8 3 0 0 0 1 0 0 0
147 93 0 1 0 0 0 0 0 0 0 0 0 1403 481 7 11 10 4 0 0 0 1 0 0 0
255 125 0 2 1 0 0 0 0 0 0 0 0 1667 537 7 14 12 6 0 0 0 1 0 0 0
345 190 1 3 2 0 0 0 0 0 0 0 0 1889 640 7 14 15 7 0 0 0 2 0 0 0
534 221 1 3 3 0 0 0 0 0 0 0 0 2451 830 7 16 20 8 0 0 0 2 0 0 0
743 331 1 6 6 1 0 0 0 0 0 0 0 2685 908 7 17 23 9 0 0 0 2 0 0 0
868 359 2 6 6 1 0 0 0 0 0 0 0 2690 914 7 28 23 9 0 0 0 2 0 0 0
963 367 2 7 7 1 0 0 0 0 0 0 0 2904 1006 7 29 25 10 0 0 0 2 0 0 0
1051 410 2 9 7 1 0 0 0 0 0 0 0 3277 1060 7 37 26 11 0 0 0 3 1 0 0
1337 491 2 10 9 2 0 0 0 1 0 0 0 3285 1078 7 37 26 11 0 0 0 3 1 0 0
1350 494 2 11 9 2 0 0 0 1 0 0 0 4014 1281 7 37 30 13 0 0 0 3 1 0 0
1355 519 2 11 10 3 0 0 0 1 0 0 0 4205 1344 7 40 31 13 0 0 0 3 1 0 0
1696 600 2 15 11 3 0 0 0 1 0 0 0 4215 1370 8 41 31 14 0 0 0 3 1 0 0
1924 663 2 16 14 4 0 0 0 1 0 0 0 4390 1390 8 47 33 15 0 1 0 3 1 0 0
1962 673 2 16 15 4 0 0 0 1 0 0 0 4522 1455 8 47 33 15 0 1 0 3 1 0 0
2139 707 2 18 16 4 0 0 0 1 0 0 0 4543 1461 8 47 33 16 0 1 1 3 1 0 0
2334 800 2 19 18 5 0 0 0 1 0 0 0 5107 1614 8 54 36 18 0 1 1 3 1 1 0
2417 827 2 19 18 5 0 0 0 1 0 0 0 5219 1727 8 56 38 18 0 1 1 3 1 1 0
2480 858 2 19 20 5 0 0 0 1 0 0 0 5697 1799 8 60 43 18 0 1 1 3 1 1 0
2690 922 2 21 22 5 0 0 0 1 0 0 0 5706 1819 8 61 45 18 1 1 1 3 1 1 0
2761 979 2 22 22 6 0 0 0 1 0 0 0 5759 1832 8 61 45 19 1 1 1 3 1 1 0
2946 1004 2 23 25 7 0 0 0 1 0 0 0 5764 1836 8 63 50 20 1 1 1 4 1 1 0
3221 1077 2 24 27 7 0 0 0 1 0 0 0 5846 1878 8 63 50 20 1 1 1 4 1 1 0
3262 1102 2 26 28 7 0 0 0 1 0 0 0 5851 1882 8 63 50 20 1 1 1 4 1 1 0
3393 1168 2 27 29 8 0 0 0 1 0 0 0 5913 1921 8 64 50 20 1 1 1 4 1 1 0
3422 1181 2 27 29 8 0 0 0 2 0 0 0 6189 1960 8 64 51 20 1 1 1 4 1 1 0
3572 1239 2 29 30 9 0 0 0 2 0 0 0 6250 1998 8 64 52 20 1 1 1 4 1 1 0
4062 1341 2 31 32 11 0 0 0 2 0 0 0 6845 2106 8 66 61 20 1 1 1 4 1 1 0
4115 1372 2 32 33 11 0 0 0 2 0 0 0 6884 2129 8 66 61 21 1 1 1 5 1 1 0
4191 1417 2 33 33 12 0 0 0 2 0 0 0 6987 2166 8 66 61 21 1 1 1 5 1 1 0
4230 1461 2 33 33 13 0 0 0 2 0 0 0 7183 2255 8 66 64 22 1 1 1 5 1 1 0
4379 1481 2 35 34 13 0 0 0 2 0 0 0 7450 2381 8 66 67 23 1 1 1 5 1 1 0
4458 1541 2 36 36 13 0 0 0 2 0 0 0 7919 2489 8 72 71 24 1 1 1 5 1 1 0
4550 1571 2 37 37 13 0 0 0 2 0 0 0 8135 2570 8 73 72 24 1 1 1 5 1 1 0
4939 1694 2 39 39 14 0 0 0 2 0 0 0 8470 2703 8 74 73 25 1 1 1 5 1 1 0
