# scores for worst/random/best/smart move selector strategies. 
# scores are 50% and 95% quantiles (based on 40 games) of: 
# game score, #destroyed, #unlocked, #stripes, #bombs, #zappers
6 6 0 0 0 0 0 0 0 0 0 0 0 57 57 0 0 0 0 0 0 0 0 0 0 0
12 12 0 0 0 0 0 0 0 0 0 0 0 90 69 0 0 0 0 0 0 0 0 0 0 0
16 16 0 0 0 0 0 0 0 0 0 0 0 439 181 1 3 3 0 0 0 0 0 0 0 0
21 21 0 0 0 0 0 0 0 0 0 0 0 1493 485 1 13 13 2 0 0 0 0 0 0 0
30 30 0 0 0 0 0 0 0 0 0 0 0 1562 505 1 13 15 2 0 0 0 0 0 0 0
34 33 0 0 0 0 0 0 0 0 0 0 0 1568 511 1 13 15 2 0 0 0 0 0 0 0
49 47 0 0 0 0 0 0 0 0 0 0 0 1608 543 2 13 15 2 0 0 0 0 0 0 0
56 54 0 0 0 0 0 0 0 0 0 0 0 2343 745 2 16 20 5 0 0 0 0 0 0 0
90 68 0 0 0 0 0 0 0 0 0 0 0 2353 755 3 16 22 5 0 0 0 0 0 0 0
121 75 0 0 0 0 0 0 0 0 0 0 0 2362 764 4 16 22 5 0 0 0 0 0 0 0
153 84 1 1 1 0 0 0 0 0 0 0 0 2365 767 4 16 22 5 0 0 0 0 0 0 0
236 131 1 1 1 0 0 0 0 0 0 0 0 2385 787 4 17 22 5 0 0 0 0 0 0 0
267 152 1 1 1 0 0 0 0 0 0 0 0 2388 790 4 17 22 5 0 0 0 0 0 0 0
305 172 1 2 1 0 0 0 0 0 0 0 0 2391 793 4 17 22 5 0 0 0 0 0 0 0
320 184 1 3 1 0 0 0 0 0 0 0 0 2449 815 5 17 23 5 0 0 0 0 0 0 0
429 219 2 4 3 0 0 0 0 0 0 0 0 2465 820 5 17 23 5 0 0 0 0 0 0 0
507 262 2 4 3 0 0 0 0 0 0 0 0 2990 1018 5 22 26 8 0 0 0 0 0 0 0
511 266 2 4 3 0 0 0 0 0 0 0 0 3080 1032 5 23 26 9 0 0 0 0 0 0 0
660 298 2 5 4 0 0 0 0 0 0 0 0 3119 1049 5 24 26 9 0 0 0 0 0 0 0
748 349 2 5 5 0 0 0 0 0 0 0 0 3346 1137 5 26 27 10 0 0 0 0 0 0 0
907 394 2 6 6 0 0 0 0 0 0 0 0 3352 1143 5 26 28 10 0 0 0 0 0 0 0
933 402 2 7 6 0 0 0 0 0 0 0 0 3365 1156 5 26 28 10 0 0 0 0 0 0 0
936 405 2 7 6 0 0 0 0 0 0 0 0 3829 1295 5 30 29 12 0 0 0 0 0 0 0
952 408 2 7 6 0 0 0 0 0 0 0 0 3834 1299 5 30 29 12 0 0 0 0 0 0 0
963 419 2 8 7 1 0 0 0 0 0 0 0 3837 1302 5 32 29 12 0 0 0 0 0 0 0
990 448 2 8 8 1 0 0 0 0 0 0 0 3840 1305 5 32 30 13 0 0 0 0 0 0 0
1149 506 2 8 9 2 0 0 0 0 0 0 0 3849 1314 5 32 30 13 0 0 0 0 0 0 0
1225 530 2 9 9 3 0 0 0 0 0 0 0 3898 1317 5 32 33 13 0 0 0 0 0 0 0
1241 544 2 9 10 3 0 0 0 0 0 0 0 4105 1380 5 32 33 14 0 0 0 0 0 0 0
1267 560 2 9 10 3 0 0 0 0 0 0 0 4136 1403 5 32 33 14 0 0 0 0 0 0 0
1319 574 2 9 10 3 0 0 0 0 0 0 0 4148 1408 5 32 34 14 0 0 0 0 0 0 0
1359 577 3 10 10 3 0 0 0 0 0 0 0 4151 1411 5 32 34 14 0 0 0 0 0 0 0
1362 592 3 11 11 3 0 0 0 0 0 0 0 4158 1414 5 32 34 14 0 0 0 0 0 0 0
1413 602 3 11 11 4 0 0 0 0 0 0 0 4164 1419 5 32 34 15 0 0 0 0 0 0 0
1468 650 3 11 11 4 0 0 0 0 0 0 0 4406 1509 5 36 36 16 0 0 0 0 0 0 0
1476 654 3 12 11 4 0 0 0 0 0 0 0 4436 1521 5 36 36 16 0 0 0 0 0 0 0
1640 715 3 13 13 4 0 0 0 0 0 0 0 4488 1562 5 37 36 16 0 0 0 0 0 0 0
1947 787 3 14 13 4 0 0 0 0 0 0 0 4787 1643 5 40 39 16 0 0 0 0 0 0 0
1953 793 3 15 14 4 0 0 0 0 0 0 0 4867 1675 5 40 40 16 0 0 0 0 0 0 0
1988 808 3 15 15 4 0 0 0 0 0 0 0 5129 1774 5 40 40 17 0 0 0 0 0 0 0
2126 819 3 15 16 4 0 0 0 0 0 0 0 5284 1817 5 40 44 18 0 0 0 0 0 0 0
