# scores for worst/random/best/smart move selector strategies. 
# scores are 50% and 95% quantiles (based on 40 games) of: 
# game score, #destroyed, #unlocked, #stripes, #bombs, #zappers
0 0 0 0 0 0 0 0 0 0 0 0 0 10 10 0 0 0 0 0 0 0 0 0 0 0
6 6 0 0 0 0 0 0 0 0 0 0 0 14 14 0 0 0 0 0 0 0 0 0 0 0
10 10 0 0 0 0 0 0 0 0 0 0 0 18 18 0 0 0 0 0 0 0 0 0 0 0
15 15 0 0 0 0 0 0 0 0 0 0 0 26 26 0 0 0 0 0 0 0 0 0 0 0
18 18 0 0 0 0 0 0 0 0 0 0 0 32 32 0 0 0 0 0 0 0 0 0 0 0
21 21 0 0 0 0 0 0 0 0 0 0 0 42 37 0 0 0 0 0 0 0 0 0 0 0
26 26 0 0 0 0 0 0 0 0 0 0 0 51 47 0 0 0 0 0 0 0 0 0 0 0
30 30 0 0 0 0 0 0 0 0 0 0 0 59 50 0 1 0 0 0 0 0 0 0 0 0
34 34 0 0 0 0 0 0 0 0 0 0 0 64 54 0 1 0 0 0 0 0 0 0 0 0
39 39 0 0 0 0 0 0 0 0 0 0 0 72 58 0 1 0 0 0 0 0 0 0 0 0
44 44 0 0 0 0 0 0 0 0 0 0 0 78 61 0 1 0 0 0 0 0 0 0 0 0
48 48 0 0 0 0 0 0 0 0 0 0 0 87 69 0 1 0 0 0 0 0 0 0 0 0
54 53 0 0 0 0 0 0 0 0 0 0 0 92 74 0 1 0 0 0 0 0 0 0 0 0
59 56 0 0 0 0 0 0 0 0 0 0 0 129 79 0 1 0 0 0 0 0 0 0 0 0
62 60 0 0 0 0 0 0 0 0 0 0 0 132 84 0 2 0 0 0 0 0 0 0 0 0
66 64 0 0 0 0 0 0 0 0 0 0 0 136 92 0 2 0 0 0 0 0 0 0 0 0
73 69 0 0 0 0 0 0 0 0 0 0 0 139 97 0 2 0 0 1 0 0 0 0 0 0
79 75 0 0 0 0 0 0 0 0 0 0 0 167 100 0 2 0 0 1 0 0 0 0 0 0
88 78 0 0 0 0 0 0 0 0 0 0 0 170 106 0 2 0 0 1 0 0 0 0 0 0
92 81 0 0 0 0 0 0 0 0 0 0 0 173 109 0 2 0 0 1 0 0 0 0 0 0
98 86 0 0 0 0 0 0 0 0 0 0 0 184 113 0 2 0 0 1 0 0 0 0 0 0
103 91 0 0 0 0 0 0 0 0 0 0 0 187 116 0 2 0 0 1 0 0 0 0 0 0
113 96 0 0 0 0 0 0 0 0 0 0 0 190 123 0 2 0 0 1 0 0 0 0 0 0
116 100 0 0 0 0 0 0 0 0 0 0 0 215 130 0 3 0 0 1 0 0 0 0 0 0
119 105 0 0 0 0 0 0 0 0 0 0 0 220 135 0 3 0 0 1 0 0 0 0 0 0
124 109 0 0 0 0 0 0 0 0 0 0 0 234 141 0 3 0 0 1 0 0 0 0 0 0
131 112 0 1 0 0 0 0 0 0 0 0 0 267 145 0 3 1 0 1 0 0 0 0 0 0
135 117 0 1 0 0 0 0 0 0 0 0 0 273 151 0 3 1 0 1 0 0 0 0 0 0
147 121 0 1 0 0 0 0 0 0 0 0 0 276 154 0 3 1 0 1 0 0 0 0 0 0
150 124 0 1 0 0 0 0 0 0 0 0 0 279 157 0 3 1 0 1 0 0 0 0 0 0
161 129 0 1 0 0 0 0 0 0 0 0 0 282 160 0 3 1 0 1 0 0 0 0 0 0
165 134 0 1 0 0 0 0 0 0 0 0 0 285 168 0 3 1 0 1 0 0 0 0 0 0
169 139 0 1 0 0 0 0 0 0 0 0 0 288 171 0 3 1 0 1 0 0 0 0 0 0
174 145 0 1 0 0 0 0 0 0 0 0 0 294 178 0 3 1 0 1 0 0 0 0 0 0
179 149 0 1 0 0 0 0 0 0 0 0 0 297 182 0 3 1 0 1 0 0 0 0 0 0
183 154 0 1 0 0 0 0 0 0 0 0 0 301 187 0 3 1 0 1 0 0 0 0 0 0
188 160 0 1 0 0 0 0 0 0 0 0 0 312 196 0 4 1 0 1 0 0 0 0 0 0
191 164 0 1 0 0 0 0 0 0 0 0 0 317 205 0 4 1 0 1 0 0 0 0 0 0
194 167 0 1 0 0 0 0 0 0 0 0 0 338 209 0 4 1 0 1 0 0 0 0 0 0
199 170 0 1 0 0 0 0 0 0 0 0 0 358 215 0 4 1 0 1 0 0 0 0 0 0
204 176 0 1 0 0 0 0 0 0 0 0 0 361 218 0 4 1 0 1 0 0 0 0 0 0
