# scores for worst/random/best/smart move selector strategies. 
# scores are 50% and 95% quantiles (based on 40 games) of: 
# game score, #destroyed, #unlocked, #stripes, #bombs, #zappers
0 0 0 0 0 0 0 0 0 0 0 0 0 10 10 0 0 0 0 0 0 0 0 0 0 0
6 6 0 0 0 0 0 0 0 0 0 0 0 17 17 0 0 0 0 0 0 0 0 0 0 0
12 12 0 0 0 0 0 0 0 0 0 0 0 36 22 0 0 0 0 0 0 0 0 0 0 0
21 19 0 0 0 0 0 0 0 0 0 0 0 83 33 0 1 0 0 0 0 0 0 0 0 0
27 25 0 0 0 0 0 0 0 0 0 0 0 107 44 0 1 0 0 0 0 0 0 0 0 0
38 31 0 0 0 0 0 0 0 0 0 0 0 127 50 0 2 1 1 0 0 0 1 0 0 0
51 37 0 0 0 0 0 0 0 0 0 0 0 151 56 0 2 1 1 1 0 0 1 0 0 0
61 41 0 1 0 0 0 0 0 0 0 0 0 155 62 0 2 1 1 1 0 0 1 0 0 0
67 47 0 1 0 0 0 0 0 0 0 0 0 178 77 0 3 1 1 1 0 0 1 0 0 0
87 55 0 1 0 0 0 0 0 0 0 0 0 189 86 0 3 1 1 1 1 0 1 0 0 0
100 59 0 1 0 0 0 0 0 0 0 0 0 216 90 0 3 1 1 1 1 0 1 0 0 0
113 69 0 1 0 0 0 0 0 0 0 0 0 242 102 0 3 1 1 1 1 0 1 0 0 0
119 74 0 1 0 0 0 0 0 0 0 0 0 247 111 0 4 1 1 1 1 0 1 0 0 0
135 78 0 2 0 0 0 0 0 0 0 0 0 285 122 0 4 1 2 1 1 0 2 0 0 0
144 82 0 2 0 0 0 0 0 0 0 0 0 317 143 0 4 1 2 1 1 0 2 0 0 0
148 86 0 2 0 0 0 0 0 0 0 0 0 320 148 0 4 1 2 1 1 0 2 0 0 0
166 97 0 2 0 0 0 0 0 0 0 0 0 337 152 0 4 1 2 1 1 0 2 0 0 0
173 104 0 2 0 0 0 0 0 0 0 0 0 340 155 0 4 1 2 1 1 0 2 0 0 0
191 110 0 2 0 0 0 0 0 0 0 0 0 348 161 0 5 1 2 1 1 0 2 0 0 0
206 119 0 2 0 0 0 0 0 0 0 0 0 363 164 0 5 2 2 1 1 0 2 0 0 0
211 125 0 3 0 0 0 0 0 0 0 0 0 388 169 0 5 2 2 1 1 0 2 0 0 0
225 130 0 3 0 0 0 0 0 0 0 0 0 392 172 0 5 2 2 1 1 0 2 0 0 0
230 134 0 3 0 0 0 0 0 0 0 0 0 422 177 0 7 2 2 1 1 0 2 0 0 0
241 143 0 3 1 0 0 0 0 0 0 0 0 425 182 0 7 2 2 1 1 0 2 0 0 0
244 146 0 3 1 0 0 0 0 0 0 0 0 442 187 0 7 2 2 1 1 0 2 0 0 0
253 150 0 3 1 0 0 0 0 0 0 0 0 445 194 0 7 2 2 1 1 0 2 0 0 0
273 156 0 4 1 0 0 0 0 0 0 0 0 458 199 0 7 2 2 2 1 0 2 0 0 0
289 166 0 4 1 0 0 0 0 0 0 0 0 461 204 0 7 2 2 2 1 0 2 0 0 0
299 169 0 4 1 0 0 0 0 0 0 0 0 476 211 0 7 2 2 2 1 0 2 0 0 0
316 173 0 4 1 0 0 0 0 0 0 0 0 488 216 0 8 2 2 2 1 0 2 0 0 0
324 180 0 4 1 0 0 0 0 0 0 0 0 507 222 0 8 2 2 2 1 0 2 0 0 0
350 187 0 5 1 0 0 0 0 0 0 0 0 511 228 0 9 2 2 2 1 0 2 0 0 0
367 193 0 5 1 0 0 0 0 0 0 0 0 529 236 0 9 2 2 2 1 0 2 0 0 0
371 197 0 5 1 0 0 0 0 0 0 0 0 572 260 0 10 2 2 2 1 0 2 0 0 0
382 201 0 5 1 0 0 0 0 0 0 0 0 624 277 0 10 2 2 2 1 0 2 0 0 0
414 210 0 5 1 0 0 0 0 0 0 0 0 628 283 0 10 2 2 2 1 0 2 0 0 0
420 213 0 5 1 0 0 0 0 0 0 0 0 633 287 0 11 2 2 2 1 0 2 0 0 0
431 219 0 6 1 0 0 0 0 0 0 0 0 648 295 0 11 3 2 2 1 0 2 0 0 0
438 224 0 6 1 0 0 0 0 0 0 0 0 668 298 0 11 3 2 2 1 0 2 0 0 0
443 231 0 6 1 0 0 0 0 0 0 0 0 694 316 0 12 3 2 2 1 0 2 0 0 0
446 237 0 6 1 0 0 0 0 0 0 0 0 726 325 0 12 3 3 2 1 0 3 0 0 0
