# scores for worst/random/best/smart move selector strategies. 
# scores are 50% and 95% quantiles (based on 40 games) of: 
# game score, #destroyed, #unlocked, #stripes, #bombs, #zappers
0 0 0 0 0 0 0 0 0 0 0 0 0 10 10 0 0 0 0 0 0 0 0 0 0 0
6 6 0 0 0 0 0 0 0 0 0 0 0 14 14 0 0 0 0 0 0 0 0 0 0 0
9 9 0 0 0 0 0 0 0 0 0 0 0 18 18 0 0 0 0 0 0 0 0 0 0 0
15 15 0 0 0 0 0 0 0 0 0 0 0 22 22 0 0 0 0 0 0 0 0 0 0 0
18 18 0 0 0 0 0 0 0 0 0 0 0 28 28 0 0 0 0 0 0 0 0 0 0 0
22 22 0 0 0 0 0 0 0 0 0 0 0 31 31 0 0 0 0 0 0 0 0 0 0 0
27 27 0 0 0 0 0 0 0 0 0 0 0 43 35 0 0 0 0 0 0 0 0 0 0 0
30 30 0 0 0 0 0 0 0 0 0 0 0 47 39 0 0 0 0 0 0 0 0 0 0 0
34 34 0 0 0 0 0 0 0 0 0 0 0 52 45 0 0 0 0 0 0 0 0 0 0 0
39 39 0 0 0 0 0 0 0 0 0 0 0 56 49 0 0 0 0 0 0 0 0 0 0 0
42 42 0 0 0 0 0 0 0 0 0 0 0 69 55 0 1 0 0 0 0 0 0 0 0 0
45 45 0 0 0 0 0 0 0 0 0 0 0 75 60 0 1 0 0 0 0 0 0 0 0 0
48 48 0 0 0 0 0 0 0 0 0 0 0 78 63 0 1 0 0 0 0 0 0 0 0 0
52 52 0 0 0 0 0 0 0 0 0 0 0 92 67 0 1 0 0 0 0 0 0 0 0 0
57 57 0 0 0 0 0 0 0 0 0 0 0 102 73 0 1 0 0 0 0 0 0 0 0 0
62 62 0 0 0 0 0 0 0 0 0 0 0 105 79 0 1 0 0 0 0 0 0 0 0 0
65 65 0 0 0 0 0 0 0 0 0 0 0 120 84 0 2 0 0 0 0 0 0 0 0 0
69 69 0 0 0 0 0 0 0 0 0 0 0 123 87 0 2 0 0 0 0 0 0 0 0 0
73 73 0 0 0 0 0 0 0 0 0 0 0 126 90 0 2 0 0 0 0 0 0 0 0 0
76 76 0 0 0 0 0 0 0 0 0 0 0 130 95 0 2 0 0 0 0 0 0 0 0 0
81 81 0 0 0 0 0 0 0 0 0 0 0 133 100 0 2 0 0 0 0 0 0 0 0 0
87 86 0 0 0 0 0 0 0 0 0 0 0 139 104 0 2 0 0 0 0 0 0 0 0 0
91 90 0 0 0 0 0 0 0 0 0 0 0 142 107 0 2 0 0 0 0 0 0 0 0 0
96 94 0 0 0 0 0 0 0 0 0 0 0 146 112 0 2 0 0 0 0 0 0 0 0 0
99 97 0 0 0 0 0 0 0 0 0 0 0 149 115 0 2 0 0 0 0 0 0 0 0 0
103 100 0 0 0 0 0 0 0 0 0 0 0 157 118 0 2 0 0 0 0 0 0 0 0 0
108 104 0 0 0 0 0 0 0 0 0 0 0 163 122 0 2 0 0 0 0 0 0 0 0 0
114 109 0 0 0 0 0 0 0 0 0 0 0 167 126 0 2 0 0 0 0 0 0 0 0 0
117 113 0 0 0 0 0 0 0 0 0 0 0 172 129 0 2 0 0 0 0 0 0 0 0 0
120 118 0 0 0 0 0 0 0 0 0 0 0 175 137 0 2 0 0 0 0 0 0 0 0 0
123 121 0 0 0 0 0 0 0 0 0 0 0 178 140 0 2 0 0 0 0 0 0 0 0 0
127 125 0 0 0 0 0 0 0 0 0 0 0 185 145 0 2 0 0 0 0 0 0 0 0 0
132 129 0 0 0 0 0 0 0 0 0 0 0 194 154 0 2 0 0 0 0 0 0 0 0 0
136 134 0 0 0 0 0 0 0 0 0 0 0 197 157 0 2 1 0 0 0 0 0 0 0 0
139 137 0 0 0 0 0 0 0 0 0 0 0 201 161 0 2 1 0 0 0 0 0 0 0 0
144 140 0 0 0 0 0 0 0 0 0 0 0 206 166 0 2 1 0 0 0 0 0 0 0 0
147 144 0 0 0 0 0 0 0 0 0 0 0 209 170 0 2 1 0 0 0 0 0 0 0 0
151 148 0 0 0 0 0 0 0 0 0 0 0 212 176 0 2 1 0 0 0 0 0 0 0 0
156 152 0 0 0 0 0 0 0 0 0 0 0 219 184 0 2 1 0 0 0 0 0 0 0 0
159 155 0 0 0 0 0 0 0 0 0 0 0 228 189 0 2 1 0 0 0 0 0 0 0 0
163 158 0 0 0 0 0 0 0 0 0 0 0 233 192 0 2 1 0 0 0 0 0 0 0 0
