# scores for worst/random/best/smart move selector strategies. 
# scores are 50% and 95% quantiles (based on 40 games) of: 
# game score, #destroyed, #unlocked, #stripes, #bombs, #zappers
3 3 0 0 0 0 0 0 0 0 0 0 0 8 8 0 0 0 0 0 0 0 0 0 0 0
6 6 0 0 0 0 0 0 0 0 0 0 0 15 15 0 0 0 0 0 0 0 0 0 0 0
9 9 0 0 0 0 0 0 0 0 0 0 0 23 23 0 0 0 0 0 0 0 0 0 0 0
15 15 0 0 0 0 0 0 0 0 0 0 0 55 30 1 1 0 0 0 0 0 0 0 0 0
19 19 0 0 0 0 0 0 0 0 0 0 0 83 36 1 1 0 0 0 0 0 0 0 0 0
25 25 0 0 0 0 0 0 0 0 0 0 0 86 40 1 1 0 0 0 0 0 0 0 0 0
31 29 0 0 0 0 0 0 0 0 0 0 0 102 47 2 2 0 0 1 0 0 0 0 0 0
37 34 0 0 0 0 0 0 0 0 0 0 0 127 60 4 2 0 0 1 0 0 0 0 0 0
47 38 0 0 0 0 0 0 0 0 0 0 0 139 64 4 3 0 0 1 0 0 0 0 0 0
71 47 0 1 0 0 0 0 0 0 0 0 0 145 72 4 3 0 0 1 0 0 0 0 0 0
77 52 1 1 0 0 0 0 0 0 0 0 0 200 82 4 3 0 0 1 0 0 0 0 0 0
84 57 1 1 0 0 0 0 0 0 0 0 0 230 95 7 4 0 1 1 0 0 1 0 0 0
89 63 1 1 0 0 0 0 0 0 0 0 0 234 101 8 4 0 1 1 0 0 1 0 0 0
103 68 1 1 0 0 0 0 0 0 0 0 0 257 107 10 5 0 1 1 0 0 1 0 0 0
122 78 2 2 0 0 0 0 0 0 0 0 0 278 110 10 5 1 1 1 0 0 1 0 0 0
146 83 2 2 0 0 0 0 0 0 0 0 0 287 117 10 5 1 1 1 0 0 1 0 0 0
166 90 3 2 0 0 0 0 0 0 0 0 0 354 135 10 6 1 1 1 1 0 1 0 0 0
179 99 3 2 0 0 0 0 0 0 0 0 0 381 147 10 6 2 1 1 1 0 1 0 0 0
196 103 3 3 0 0 0 0 0 0 0 0 0 390 152 10 6 2 1 1 1 0 1 0 0 0
202 109 3 3 0 0 0 0 0 0 0 0 0 414 157 10 7 2 1 1 1 0 1 0 0 0
215 117 3 3 0 0 0 0 0 0 0 0 0 417 163 11 7 2 1 1 1 0 1 0 0 0
251 121 4 4 0 0 0 0 0 0 0 0 0 437 185 11 9 2 1 2 1 0 1 0 0 0
256 127 5 4 0 0 1 0 0 0 0 0 0 444 190 11 9 2 1 2 1 0 1 0 0 0
265 138 5 4 0 0 1 0 0 0 0 0 0 464 196 11 9 2 1 2 1 0 1 0 0 0
276 145 5 4 0 0 1 0 0 0 0 0 0 492 215 11 9 2 1 2 1 0 1 0 0 0
290 153 5 4 0 0 1 0 0 0 0 0 0 499 220 11 9 2 1 2 1 0 1 0 0 0
320 162 5 5 0 0 1 0 0 0 0 0 0 503 224 11 9 2 1 2 1 0 1 0 0 0
326 171 5 5 0 0 1 0 0 0 0 0 0 509 227 11 9 2 1 2 1 0 1 0 0 0
344 179 5 6 0 0 1 0 0 0 0 0 0 549 236 11 9 2 2 2 1 0 1 0 0 0
350 184 5 6 0 0 1 0 0 0 0 0 0 573 247 11 9 2 2 2 1 0 1 0 0 0
380 193 6 6 0 0 1 0 0 0 0 0 0 580 254 11 10 2 2 2 1 0 1 0 0 0
415 200 6 6 1 0 1 0 0 0 0 0 0 601 264 11 11 2 2 2 1 1 1 0 0 0
430 208 6 6 1 0 1 0 0 0 0 0 0 641 278 11 11 2 2 2 1 1 1 0 0 0
435 215 6 7 1 0 1 0 0 0 0 0 0 681 288 11 12 2 2 2 1 1 1 0 0 0
443 220 6 7 1 0 1 0 0 0 0 0 0 728 293 11 13 2 2 2 1 1 1 0 0 0
460 226 6 7 1 0 1 0 0 0 0 0 0 780 304 11 15 2 2 2 1 1 1 0 0 0
474 229 6 8 1 0 1 0 0 0 0 0 0 785 308 11 15 2 2 3 1 1 2 0 0 0
488 237 6 8 1 0 1 0 0 0 0 0 0 789 312 11 15 3 2 3 1 1 2 0 0 0
501 244 6 8 1 0 1 0 0 0 0 0 0 824 321 11 15 3 2 3 1 1 2 0 0 0
531 258 6 8 1 0 1 0 0 0 0 0 0 846 331 12 15 3 2 3 1 1 2 0 0 0
546 262 6 8 1 0 1 0 0 0 0 0 0 880 348 12 16 3 2 3 1 1 2 0 0 0
