# scores for worst/random/best/smart move selector strategies. 
# scores are 50% and 95% quantiles (based on 40 games) of: 
# game score, #destroyed, #unlocked, #stripes, #bombs, #zappers
3 3 0 0 0 0 0 0 0 0 0 0 0 8 8 0 0 0 0 0 0 0 0 0 0 0
6 6 0 0 0 0 0 0 0 0 0 0 0 17 17 0 0 0 0 0 0 0 0 0 0 0
9 9 0 0 0 0 0 0 0 0 0 0 0 38 25 0 0 0 0 0 0 0 0 0 0 0
15 15 0 0 0 0 0 0 0 0 0 0 0 55 30 1 1 0 0 0 0 0 0 0 0 0
18 18 0 0 0 0 0 0 0 0 0 0 0 63 35 1 1 0 0 0 0 0 0 0 0 0
21 21 0 0 0 0 0 0 0 0 0 0 0 67 41 1 1 0 0 0 0 0 0 0 0 0
27 27 0 0 0 0 0 0 0 0 0 0 0 70 46 1 1 0 0 0 0 0 0 0 0 0
31 31 0 0 0 0 0 0 0 0 0 0 0 75 54 1 1 0 0 0 0 0 0 0 0 0
39 37 0 0 0 0 0 0 0 0 0 0 0 79 61 1 1 0 0 0 0 0 0 0 0 0
47 42 0 0 0 0 0 0 0 0 0 0 0 105 65 1 1 0 0 0 0 0 0 0 0 0
54 48 0 0 0 0 0 0 0 0 0 0 0 113 72 1 1 0 0 0 0 0 0 0 0 0
58 52 0 0 0 0 0 0 0 0 0 0 0 117 75 1 1 0 0 0 0 0 0 0 0 0
65 57 0 0 0 0 0 0 0 0 0 0 0 195 93 4 3 0 0 0 0 0 0 0 0 0
78 62 0 0 0 0 0 0 0 0 0 0 0 198 99 4 3 0 0 0 0 0 0 0 0 0
86 68 0 0 0 0 0 0 0 0 0 0 0 201 102 4 3 0 0 0 0 0 0 0 0 0
96 71 0 0 0 0 0 0 0 0 0 0 0 227 108 5 3 1 0 0 0 0 0 0 0 0
100 76 0 0 0 0 0 0 0 0 0 0 0 232 112 5 3 1 0 0 0 0 0 0 0 0
110 84 0 0 0 0 0 0 0 0 0 0 0 235 119 5 3 1 1 0 0 0 1 0 0 0
113 87 0 1 0 0 0 0 0 0 0 0 0 238 123 5 3 1 1 0 0 0 1 0 0 0
124 93 0 1 0 0 0 0 0 0 0 0 0 246 130 5 4 1 1 0 0 0 1 0 0 0
134 101 0 1 0 0 0 0 0 0 0 0 0 266 136 5 4 1 1 0 0 0 1 0 0 0
147 104 0 1 0 0 0 0 0 0 0 0 0 269 145 5 4 1 1 0 0 0 1 0 0 0
161 113 0 1 0 0 0 0 0 0 0 0 0 299 149 7 4 1 1 0 0 0 1 0 0 0
177 118 1 1 0 0 0 0 0 0 0 0 0 302 156 7 4 1 1 0 0 0 1 0 0 0
183 125 1 1 0 0 0 0 0 0 0 0 0 306 161 7 4 1 1 0 0 0 1 0 0 0
188 128 1 1 0 0 0 0 0 0 0 0 0 311 164 7 4 1 1 0 0 0 1 0 0 0
194 134 1 1 0 0 0 0 0 0 0 0 0 314 169 7 4 1 1 0 0 0 1 0 0 0
200 140 1 1 0 0 0 0 0 0 0 0 0 328 178 7 4 1 1 1 0 0 1 0 0 0
206 146 1 1 0 0 0 0 0 0 0 0 0 363 194 7 5 1 1 1 0 0 1 0 0 0
218 149 1 2 0 0 0 0 0 0 0 0 0 392 215 7 5 1 1 1 0 0 1 0 0 0
226 152 1 2 0 0 0 0 0 0 0 0 0 395 218 7 5 1 1 1 0 0 1 0 0 0
239 156 1 2 0 0 0 0 0 0 0 0 0 413 225 7 5 1 1 1 0 0 1 0 0 0
244 162 1 2 0 0 0 0 0 0 0 0 0 431 232 7 5 1 1 1 0 0 1 0 0 0
258 168 1 2 0 0 0 0 0 0 0 0 0 442 235 7 5 1 1 1 0 0 1 0 0 0
264 176 1 2 0 0 0 0 0 0 0 0 0 451 243 7 5 2 1 1 0 0 1 0 0 0
273 182 1 3 0 0 0 0 0 0 0 0 0 464 252 7 6 2 1 1 0 0 1 0 0 0
277 185 1 3 0 0 0 0 0 0 0 0 0 468 256 7 6 2 1 1 0 0 1 0 0 0
283 190 1 3 0 0 0 0 0 0 0 0 0 479 262 7 6 2 1 1 0 0 1 0 0 0
299 198 1 3 0 0 0 0 0 0 0 0 0 485 267 7 6 2 1 1 0 0 1 0 0 0
302 202 1 3 0 0 0 0 0 0 0 0 0 488 270 7 6 2 1 1 0 0 1 0 0 0
305 208 1 3 0 0 0 0 0 0 0 0 0 526 281 7 6 2 1 1 0 0 1 0 0 0
