# scores for worst/random/best/smart move selector strategies. 
# scores are 50% and 95% quantiles (based on 40 games) of: 
# game score, #destroyed, #unlocked, #stripes, #bombs, #zappers
3 3 0 0 0 0 0 0 0 0 0 0 0 8 8 0 0 0 0 0 0 0 0 0 0 0
6 6 0 0 0 0 0 0 0 0 0 0 0 15 15 0 0 0 0 0 0 0 0 0 0 0
11 11 0 0 0 0 0 0 0 0 0 0 0 37 22 0 0 0 0 0 0 0 0 0 0 0
15 15 0 0 0 0 0 0 0 0 0 0 0 56 28 1 1 0 0 0 0 0 0 0 0 0
19 19 0 0 0 0 0 0 0 0 0 0 0 104 39 3 2 0 0 0 0 0 0 0 0 0
26 25 0 0 0 0 0 0 0 0 0 0 0 138 50 3 2 0 0 0 0 0 0 0 0 0
36 30 0 0 0 0 0 0 0 0 0 0 0 142 57 4 2 0 0 0 0 0 0 0 0 0
55 37 0 0 0 0 0 0 0 0 0 0 0 150 66 4 2 0 0 1 0 0 0 0 0 0
70 42 0 1 0 0 0 0 0 0 0 0 0 175 80 5 3 0 1 1 0 0 1 0 0 0
78 51 0 1 0 0 0 0 0 0 0 0 0 203 91 6 3 0 1 1 0 0 1 0 0 0
99 59 1 1 0 0 0 0 0 0 0 0 0 212 105 6 3 1 1 1 0 0 1 0 0 0
123 65 1 2 0 0 0 0 0 0 0 0 0 256 119 6 4 1 1 1 0 0 1 0 0 0
131 75 1 2 0 0 0 0 0 0 0 0 0 261 126 6 4 1 1 1 0 0 1 0 0 0
158 84 2 2 0 0 0 0 0 0 0 0 0 348 143 7 5 1 1 1 0 0 1 0 0 0
176 91 3 2 0 0 0 0 0 0 0 0 0 360 156 8 5 1 2 1 1 0 2 0 0 0
186 96 3 2 0 0 0 0 0 0 0 0 0 403 173 10 6 1 2 1 1 0 2 0 0 0
207 108 3 3 0 0 0 0 0 0 0 0 0 448 183 10 6 1 2 1 1 0 2 0 0 0
233 127 3 3 0 0 0 0 0 0 0 0 0 471 190 10 10 1 3 1 1 0 2 1 0 0
262 139 4 3 0 0 0 0 0 0 0 0 0 478 198 10 10 1 3 1 1 0 2 1 0 0
278 147 4 3 0 1 1 0 0 0 0 0 0 505 207 10 10 1 3 1 1 0 2 1 0 0
324 156 4 3 0 1 1 0 0 1 0 0 0 685 229 10 13 1 3 2 1 0 3 1 0 0
347 169 4 4 0 1 1 0 0 1 0 0 0 798 249 11 15 2 3 2 1 0 3 1 0 0
382 180 4 5 1 1 1 0 0 1 0 0 0 803 255 11 15 2 3 2 1 0 3 1 0 0
393 191 4 5 1 1 1 0 0 1 0 0 0 842 270 11 15 2 4 2 1 0 3 1 0 0
439 206 5 5 1 1 1 0 0 1 0 0 0 893 277 13 17 2 4 2 1 0 3 1 0 0
468 215 5 6 1 1 1 0 0 1 0 0 0 901 289 13 17 2 4 2 2 0 3 1 0 0
497 231 5 6 1 1 1 0 0 1 0 0 0 909 301 15 17 2 4 2 2 0 3 1 0 0
534 247 5 8 1 1 1 0 0 1 0 0 0 928 311 15 19 2 4 2 2 0 3 1 0 0
555 252 6 8 1 1 1 0 0 1 0 0 0 982 323 15 19 3 4 2 2 0 3 1 0 0
586 263 6 8 1 1 1 0 0 1 0 0 0 1001 335 15 19 3 4 2 2 0 3 1 0 0
603 270 6 8 1 1 1 0 0 1 0 0 0 1010 344 15 19 3 4 2 2 0 4 1 0 0
653 282 6 9 2 1 1 0 0 1 0 0 0 1045 369 15 20 3 4 3 2 0 4 1 0 0
696 295 6 9 2 1 1 0 0 1 0 0 0 1073 391 15 21 3 5 3 2 0 4 1 0 0
710 308 6 10 2 1 1 0 0 1 0 0 0 1079 404 15 21 3 5 3 2 0 4 1 0 0
738 315 6 10 2 1 1 0 0 1 0 0 0 1119 421 15 22 3 5 3 2 0 5 1 0 0
748 328 6 11 2 1 1 0 0 1 0 0 0 1169 434 15 22 4 5 3 2 0 5 1 0 0
755 338 6 11 2 1 1 0 0 1 0 0 0 1208 443 15 23 4 6 3 2 0 5 1 0 0
826 358 6 11 2 2 2 0 0 1 0 0 0 1216 449 15 23 4 6 3 2 0 5 1 0 0
850 368 6 12 2 2 2 0 0 1 0 0 0 1223 456 15 23 4 6 3 2 0 5 1 0 0
887 374 6 12 2 2 2 1 0 1 0 0 0 1228 470 15 24 4 6 3 2 0 5 1 0 0
907 386 6 13 2 2 2 1 0 1 0 0 0 1273 476 15 24 4 6 3 2 0 5 1 0 0
