# scores for worst/random/best/smart move selector strategies. 
# scores are 50% and 95% quantiles (based on 40 games) of: 
# game score, #destroyed, #unlocked, #stripes, #bombs, #zappers
3 3 0 0 0 0 0 0 0 0 0 0 0 8 8 0 0 0 0 0 0 0 0 0 0 0
6 6 0 0 0 0 0 0 0 0 0 0 0 14 14 0 0 0 0 0 0 0 0 0 0 0
10 10 0 0 0 0 0 0 0 0 0 0 0 36 22 0 0 0 0 0 0 0 0 0 0 0
15 15 0 0 0 0 0 0 0 0 0 0 0 43 27 0 0 0 0 0 0 0 0 0 0 0
20 20 0 0 0 0 0 0 0 0 0 0 0 51 30 1 1 0 0 0 0 0 0 0 0 0
24 24 0 0 0 0 0 0 0 0 0 0 0 54 38 1 1 0 0 0 0 0 0 0 0 0
30 29 0 0 0 0 0 0 0 0 0 0 0 65 44 1 1 0 0 0 0 0 0 0 0 0
33 33 0 0 0 0 0 0 0 0 0 0 0 70 49 1 1 0 0 0 0 0 0 0 0 0
38 38 0 0 0 0 0 0 0 0 0 0 0 76 52 1 1 0 0 0 0 0 0 0 0 0
41 41 0 0 0 0 0 0 0 0 0 0 0 81 55 1 1 0 0 0 0 0 0 0 0 0
45 45 0 0 0 0 0 0 0 0 0 0 0 84 60 1 1 0 0 0 0 0 0 0 0 0
48 48 0 0 0 0 0 0 0 0 0 0 0 90 66 1 1 0 0 0 0 0 0 0 0 0
55 55 0 0 0 0 0 0 0 0 0 0 0 93 70 1 1 0 0 0 0 0 0 0 0 0
60 60 0 0 0 0 0 0 0 0 0 0 0 105 79 1 1 0 0 0 0 0 0 0 0 0
65 64 0 0 0 0 0 0 0 0 0 0 0 108 82 2 1 0 0 0 0 0 0 0 0 0
70 68 0 0 0 0 0 0 0 0 0 0 0 126 90 2 1 0 0 0 0 0 0 0 0 0
75 72 0 0 0 0 0 0 0 0 0 0 0 142 95 2 1 0 0 0 0 0 0 0 0 0
81 78 0 0 0 0 0 0 0 0 0 0 0 145 98 2 1 0 0 0 0 0 0 0 0 0
85 84 0 0 0 0 0 0 0 0 0 0 0 152 106 2 1 0 0 0 0 0 0 0 0 0
95 87 0 0 0 0 0 0 0 0 0 0 0 155 110 2 1 0 0 0 0 0 0 0 0 0
99 91 0 0 0 0 0 0 0 0 0 0 0 160 116 2 1 0 0 0 0 0 0 0 0 0
104 96 0 0 0 0 0 0 0 0 0 0 0 164 119 2 1 1 0 0 0 0 0 0 0 0
109 99 0 0 0 0 0 0 0 0 0 0 0 179 123 2 1 1 0 0 0 0 0 0 0 0
114 105 0 0 0 0 0 0 0 0 0 0 0 184 127 2 1 1 0 0 0 0 0 0 0 0
117 109 0 0 0 0 0 0 0 0 0 0 0 203 141 2 2 1 0 0 0 0 0 0 0 0
129 115 0 0 0 0 0 0 0 0 0 0 0 231 146 2 2 1 0 0 0 0 0 0 0 0
135 121 0 0 0 0 0 0 0 0 0 0 0 242 154 2 2 1 0 0 0 0 0 0 0 0
139 127 0 0 0 0 0 0 0 0 0 0 0 251 162 2 2 1 0 0 0 0 0 0 0 0
143 132 0 1 0 0 0 0 0 0 0 0 0 256 167 2 2 1 0 0 0 0 0 0 0 0
150 135 0 1 0 0 0 0 0 0 0 0 0 264 175 2 2 1 0 0 0 0 0 0 0 0
155 139 0 1 0 0 0 0 0 0 0 0 0 267 178 2 2 1 0 0 0 0 0 0 0 0
162 145 0 1 0 0 0 0 0 0 0 0 0 271 183 2 3 1 0 0 0 0 0 0 0 0
165 149 0 1 0 0 0 0 0 0 0 0 0 274 186 2 3 1 0 0 0 0 0 0 0 0
175 156 0 1 0 0 0 0 0 0 0 0 0 277 189 2 3 1 0 0 0 0 0 0 0 0
181 159 0 1 0 0 0 0 0 0 0 0 0 280 192 2 3 1 0 0 0 0 0 0 0 0
185 164 0 1 0 0 0 0 0 0 0 0 0 283 195 2 3 1 0 0 0 0 0 0 0 0
191 167 0 1 0 0 0 0 0 0 0 0 0 286 198 2 3 1 0 0 0 0 0 0 0 0
197 171 0 1 0 0 0 0 0 0 0 0 0 301 207 2 3 1 0 0 0 0 0 0 0 0
205 181 0 1 0 0 0 0 0 0 0 0 0 320 217 2 3 1 0 0 0 0 0 0 0 0
211 185 0 1 0 0 0 0 0 0 0 0 0 323 223 2 3 1 0 0 0 0 0 0 0 0
217 189 0 1 0 0 0 0 0 0 0 0 0 326 227 2 3 1 0 0 0 0 0 0 0 0
