# scores for worst/random/best/smart move selector strategies. 
# scores are 50% and 95% quantiles (based on 40 games) of: 
# game score, #destroyed, #unlocked, #stripes, #bombs, #zappers
3 3 0 0 0 0 0 0 0 0 0 0 0 16 16 0 0 0 0 0 0 0 0 0 0 0
11 11 0 0 0 0 0 0 0 0 0 0 0 32 22 0 0 0 0 0 0 0 0 0 0 0
15 15 0 0 0 0 0 0 0 0 0 0 0 86 30 2 2 0 0 0 0 0 0 0 0 0
23 22 0 0 0 0 0 0 0 0 0 0 0 114 45 2 2 0 0 1 0 0 0 0 0 0
33 29 0 0 0 0 0 0 0 0 0 0 0 122 56 2 2 1 0 1 0 0 0 0 0 0
59 35 0 1 0 0 0 0 0 0 0 0 0 152 68 2 2 1 0 1 0 0 0 0 0 0
75 42 0 1 0 0 0 0 0 0 0 0 0 176 72 2 3 1 1 1 0 0 0 0 0 0
92 47 0 1 0 0 0 0 0 0 0 0 0 186 78 4 3 1 1 1 0 0 1 0 0 0
101 50 1 1 0 0 0 0 0 0 0 0 0 202 96 4 3 1 1 1 0 0 1 0 0 0
109 59 1 2 0 0 0 0 0 0 0 0 0 209 101 4 3 1 1 1 0 0 1 0 0 0
117 64 1 2 0 0 0 0 0 0 0 0 0 225 110 4 4 1 1 2 0 0 1 0 0 0
130 70 2 2 0 0 0 0 0 0 0 0 0 254 121 4 5 1 1 2 0 0 1 0 0 0
149 76 2 2 0 0 0 0 0 0 0 0 0 306 137 5 5 1 1 2 1 0 1 0 0 0
155 82 2 2 0 0 0 0 0 0 0 0 0 334 142 6 7 1 1 2 1 0 1 0 0 0
169 91 2 3 0 0 0 0 0 0 0 0 0 363 145 7 7 1 1 2 1 0 1 0 0 0
193 96 2 3 0 0 0 0 0 0 0 0 0 369 155 7 7 1 1 2 1 0 1 0 0 0
220 109 2 4 0 0 0 0 0 0 0 0 0 377 162 8 7 1 1 2 1 0 1 0 0 0
249 117 2 4 0 0 1 0 0 0 0 0 0 435 168 8 9 1 1 2 1 0 1 0 0 0
260 125 2 4 0 0 1 0 0 0 0 0 0 643 174 9 14 2 1 2 1 0 1 1 0 0
298 137 2 4 0 0 1 0 0 0 0 0 0 646 183 9 14 2 2 2 1 0 2 1 0 0
311 146 3 4 0 0 1 0 0 0 0 0 0 658 199 9 14 2 2 2 1 0 2 1 0 0
317 155 3 5 0 0 1 0 0 0 0 0 0 692 216 9 14 2 2 2 1 0 2 1 0 0
359 166 3 5 1 0 1 0 0 0 0 0 0 699 225 9 14 3 2 3 1 0 2 1 0 0
371 173 4 5 1 0 1 0 0 0 0 0 0 739 229 9 14 3 2 3 1 0 2 1 0 0
387 178 4 6 1 0 1 0 0 0 0 0 0 751 245 9 14 3 2 3 1 0 2 1 0 0
424 185 4 7 1 0 1 0 0 0 0 0 0 761 254 9 16 3 2 3 1 0 2 1 0 0
434 189 4 7 1 0 1 0 0 0 0 0 0 781 263 9 16 3 2 3 1 0 2 1 0 0
449 195 4 7 1 0 1 0 0 0 0 0 0 790 269 9 16 3 2 3 1 0 2 1 0 0
473 201 4 8 1 0 1 0 0 0 0 0 0 793 272 9 16 3 2 3 1 0 2 1 0 0
477 209 4 8 1 0 1 0 0 0 0 0 0 796 277 9 17 3 2 3 1 0 2 1 0 0
489 214 4 8 1 0 1 0 0 0 0 0 0 951 283 9 17 3 2 3 1 0 2 1 0 0
507 230 4 8 1 0 1 0 0 0 0 0 0 957 288 9 17 3 2 3 1 0 2 1 0 0
522 237 4 8 1 0 1 0 0 0 0 0 0 962 292 9 17 3 2 3 1 0 2 1 0 0
525 241 4 8 1 0 1 0 0 0 0 0 0 967 314 9 17 4 2 3 1 0 2 1 0 0
543 252 4 9 1 0 1 0 0 0 0 0 0 1018 322 9 17 4 2 3 1 0 2 1 0 0
557 258 4 9 1 0 1 0 0 0 0 0 0 1022 333 9 17 4 2 3 1 0 2 1 0 0
564 264 4 9 1 0 1 0 0 0 0 0 0 1038 338 9 18 4 2 3 1 0 2 1 0 0
572 269 4 9 1 0 2 0 0 0 0 0 0 1042 343 9 18 4 2 3 1 0 2 1 0 0
616 277 4 10 1 0 2 0 0 0 0 0 0 1071 346 9 20 4 2 4 1 0 2 1 0 0
636 281 4 10 1 0 2 0 0 0 0 0 0 1089 351 9 21 4 2 4 2 0 2 1 0 0
657 291 4 10 1 0 2 0 0 0 0 0 0 1095 355 9 21 4 2 4 2 0 2 1 0 0
