# scores for worst/random/best/smart move selector strategies. 
# scores are 50% and 95% quantiles (based on 40 games) of: 
# game score, #destroyed, #unlocked, #stripes, #bombs, #zappers
3 3 0 0 0 0 0 0 0 0 0 0 0 16 16 0 0 0 0 0 0 0 0 0 0 0
12 12 0 0 0 0 0 0 0 0 0 0 0 57 23 0 1 0 0 0 0 0 0 0 0 0
18 18 0 0 0 0 0 0 0 0 0 0 0 91 36 2 2 0 0 0 0 0 0 0 0 0
59 30 0 0 0 0 0 0 0 0 0 0 0 123 47 2 2 1 1 1 0 0 1 0 0 0
79 37 0 1 0 0 0 0 0 0 0 0 0 162 71 3 3 1 1 1 0 0 1 0 0 0
98 43 1 1 0 0 0 0 0 0 0 0 0 231 87 5 3 2 1 1 0 0 1 0 0 0
122 53 1 2 0 0 0 0 0 0 0 0 0 235 91 5 3 2 1 1 1 0 1 0 0 0
136 64 2 2 0 0 0 0 0 0 0 0 0 299 104 5 4 2 1 1 1 0 1 0 0 0
161 78 2 3 0 0 0 0 0 0 0 0 0 338 122 6 4 2 1 1 1 0 1 0 0 0
182 87 2 3 0 0 0 0 0 0 0 0 0 450 140 8 5 2 1 1 1 0 1 0 0 0
210 96 2 3 0 0 0 0 0 0 0 0 0 470 146 8 5 2 1 1 1 0 1 0 0 0
235 104 2 3 0 0 0 0 0 0 0 0 0 487 160 8 5 2 1 1 1 0 1 0 0 0
263 116 2 4 1 0 0 0 0 0 0 0 0 530 173 8 6 2 2 2 1 0 1 0 0 0
280 125 2 4 1 0 0 0 0 0 0 0 0 593 183 9 14 2 2 2 1 0 2 1 0 0
310 136 3 4 1 0 1 0 0 0 0 0 0 599 190 9 14 2 2 2 1 0 2 1 0 0
322 141 3 5 1 0 1 0 0 0 0 0 0 609 203 10 14 3 2 2 1 0 2 1 0 0
352 157 3 5 1 1 1 0 0 0 0 0 0 627 216 10 15 3 3 2 1 0 3 1 0 0
375 169 3 5 1 1 1 0 0 0 0 0 0 681 231 10 16 3 3 2 1 0 3 1 0 0
398 181 3 5 1 1 1 0 0 0 0 0 0 725 247 10 16 3 3 2 1 0 3 1 0 0
430 193 3 5 1 1 1 0 0 1 0 0 0 733 260 11 16 3 3 2 1 0 3 1 0 0
469 207 3 6 1 1 1 0 0 1 0 0 0 767 276 11 17 3 4 2 1 0 3 1 0 0
489 216 3 6 1 1 1 0 0 1 0 0 0 778 300 11 17 4 4 2 2 0 3 1 0 0
521 229 3 7 1 1 1 0 0 1 0 0 0 870 308 11 19 4 4 2 2 0 3 1 0 0
560 244 3 7 1 1 1 0 0 1 0 0 0 914 317 11 19 4 4 2 2 0 3 1 0 0
572 249 3 7 1 1 1 0 0 1 0 0 0 962 336 11 19 4 4 2 2 0 4 1 0 0
601 258 3 8 1 1 1 0 0 1 0 0 0 1135 364 11 19 10 4 2 2 0 4 1 0 0
645 271 3 8 1 2 1 0 0 1 0 0 0 1161 372 11 24 10 4 2 2 0 4 1 0 0
681 287 3 9 2 2 1 0 0 1 0 0 0 1207 383 11 24 10 4 2 2 1 4 1 0 0
699 302 4 9 2 2 1 0 0 1 0 0 0 1213 394 11 24 10 4 3 2 1 4 1 0 0
744 320 4 9 2 2 1 0 0 1 0 0 0 1285 400 11 24 10 4 3 2 1 4 1 0 0
775 332 4 10 2 2 1 0 0 1 0 0 0 1296 411 11 25 10 4 3 2 1 4 1 0 0
809 337 4 10 2 2 1 0 0 1 0 0 0 1325 419 11 26 10 5 3 2 1 4 1 0 0
820 349 4 10 2 2 1 0 0 1 0 0 0 1352 431 11 26 10 5 3 2 1 4 1 0 0
869 357 4 11 2 2 1 0 0 2 0 0 0 1357 446 11 26 11 5 3 3 1 4 1 0 0
890 369 4 12 2 2 1 0 0 2 0 0 0 1360 461 11 27 11 5 3 3 1 4 1 0 0
929 376 4 12 2 2 1 0 0 2 0 0 0 1365 480 11 27 11 5 3 3 1 4 1 0 0
942 384 4 12 2 2 2 0 0 2 0 0 0 1437 497 11 28 11 5 3 3 1 4 1 0 0
953 393 4 13 2 2 2 0 0 2 0 0 0 1446 505 11 28 11 5 3 3 1 4 1 0 0
958 407 4 13 2 2 2 0 0 2 0 0 0 1485 513 11 28 11 5 3 3 1 4 1 0 0
996 415 4 13 2 2 2 0 0 2 0 0 0 1523 520 11 28 11 6 3 3 1 5 1 0 0
1018 424 4 13 3 2 2 0 0 2 0 0 0 1599 533 11 29 11 6 3 3 1 5 1 0 0
