# scores for worst/random/best/smart move selector strategies. 
# scores are 50% and 95% quantiles (based on 40 games) of: 
# game score, #destroyed, #unlocked, #stripes, #bombs, #zappers
3 3 0 0 0 0 0 0 0 0 0 0 0 16 16 0 0 0 0 0 0 0 0 0 0 0
8 8 0 0 0 0 0 0 0 0 0 0 0 19 19 0 0 0 0 0 0 0 0 0 0 0
12 12 0 0 0 0 0 0 0 0 0 0 0 23 23 0 0 0 0 0 0 0 0 0 0 0
15 15 0 0 0 0 0 0 0 0 0 0 0 28 28 0 0 0 0 0 0 0 0 0 0 0
19 19 0 0 0 0 0 0 0 0 0 0 0 34 32 0 0 0 0 0 0 0 0 0 0 0
24 24 0 0 0 0 0 0 0 0 0 0 0 53 41 0 0 0 0 0 0 0 0 0 0 0
27 27 0 0 0 0 0 0 0 0 0 0 0 56 46 0 0 0 0 0 0 0 0 0 0 0
31 31 0 0 0 0 0 0 0 0 0 0 0 72 49 0 0 0 0 0 0 0 0 0 0 0
35 35 0 0 0 0 0 0 0 0 0 0 0 75 52 0 1 0 0 0 0 0 0 0 0 0
39 39 0 0 0 0 0 0 0 0 0 0 0 86 55 1 1 0 0 0 0 0 0 0 0 0
42 42 0 0 0 0 0 0 0 0 0 0 0 89 58 1 1 0 0 0 0 0 0 0 0 0
48 48 0 0 0 0 0 0 0 0 0 0 0 94 70 1 1 0 0 0 0 0 0 0 0 0
51 51 0 0 0 0 0 0 0 0 0 0 0 97 75 1 1 0 0 0 0 0 0 0 0 0
54 54 0 0 0 0 0 0 0 0 0 0 0 109 78 1 1 0 0 0 0 0 0 0 0 0
65 62 0 0 0 0 0 0 0 0 0 0 0 116 85 1 1 0 0 0 0 0 0 0 0 0
68 66 0 0 0 0 0 0 0 0 0 0 0 126 92 1 1 0 0 0 0 0 0 0 0 0
74 71 0 0 0 0 0 0 0 0 0 0 0 133 98 1 1 0 0 0 0 0 0 0 0 0
78 75 0 0 0 0 0 0 0 0 0 0 0 137 101 1 1 0 0 0 0 0 0 0 0 0
84 78 0 0 0 0 0 0 0 0 0 0 0 143 109 1 1 0 0 0 0 0 0 0 0 0
90 83 0 0 0 0 0 0 0 0 0 0 0 146 112 1 1 0 0 0 0 0 0 0 0 0
93 86 0 0 0 0 0 0 0 0 0 0 0 149 115 1 1 0 0 0 0 0 0 0 0 0
96 92 0 0 0 0 0 0 0 0 0 0 0 152 122 1 1 0 0 0 0 0 0 0 0 0
102 96 0 0 0 0 0 0 0 0 0 0 0 155 128 1 1 0 0 0 0 0 0 0 0 0
106 100 0 0 0 0 0 0 0 0 0 0 0 171 135 1 1 0 0 0 0 0 0 0 0 0
111 104 0 0 0 0 0 0 0 0 0 0 0 174 139 1 1 0 0 0 0 0 0 0 0 0
117 109 0 0 0 0 0 0 0 0 0 0 0 178 145 1 1 0 0 0 0 0 0 0 0 0
120 114 0 0 0 0 0 0 0 0 0 0 0 183 148 1 1 0 0 0 0 0 0 0 0 0
123 118 0 0 0 0 0 0 0 0 0 0 0 201 151 1 1 1 0 0 0 0 0 0 0 0
129 123 0 0 0 0 0 0 0 0 0 0 0 205 155 1 1 1 0 0 0 0 0 0 0 0
144 127 0 0 0 0 0 0 0 0 0 0 0 208 160 1 1 1 0 0 0 0 0 0 0 0
149 132 0 0 0 0 0 0 0 0 0 0 0 214 166 1 1 1 0 0 0 0 0 0 0 0
152 137 0 0 0 0 0 0 0 0 0 0 0 217 169 1 1 1 0 0 0 0 0 0 0 0
155 141 0 0 0 0 0 0 0 0 0 0 0 239 177 1 2 1 0 0 0 0 0 0 0 0
159 145 0 0 0 0 0 0 0 0 0 0 0 253 180 1 2 1 0 0 0 0 0 0 0 0
164 149 0 0 0 0 0 0 0 0 0 0 0 256 185 1 2 1 0 0 0 0 0 0 0 0
167 152 0 0 0 0 0 0 0 0 0 0 0 259 188 1 2 1 0 0 0 0 0 0 0 0
170 156 0 0 0 0 0 0 0 0 0 0 0 275 191 1 2 1 0 0 0 0 0 0 0 0
177 159 0 1 0 0 0 0 0 0 0 0 0 278 196 1 2 1 0 0 0 0 0 0 0 0
181 163 0 1 0 0 0 0 0 0 0 0 0 281 200 1 2 1 0 0 0 0 0 0 0 0
190 171 0 1 0 0 0 0 0 0 0 0 0 284 204 1 2 1 0 0 0 0 0 0 0 0
195 175 0 1 0 0 0 0 0 0 0 0 0 287 208 1 2 1 0 0 0 0 0 0 0 0
