# scores for worst/random/best/smart move selector strategies. 
# scores are 50% and 95% quantiles (based on 40 games) of: 
# game score, #destroyed, #unlocked, #stripes, #bombs, #zappers
5 5 0 0 0 0 0 0 0 0 0 0 0 14 14 0 0 0 0 0 0 0 0 0 0 0
9 9 0 0 0 0 0 0 0 0 0 0 0 57 26 0 0 0 0 0 0 0 0 0 0 0
13 13 0 0 0 0 0 0 0 0 0 0 0 64 34 0 0 0 0 0 0 0 0 0 0 0
20 20 0 0 0 0 0 0 0 0 0 0 0 88 45 1 1 0 0 0 0 0 0 0 0 0
26 26 0 0 0 0 0 0 0 0 0 0 0 92 51 1 1 0 0 0 0 0 0 0 0 0
34 34 0 0 0 0 0 0 0 0 0 0 0 100 58 2 2 0 0 0 0 0 0 0 0 0
46 44 0 0 0 0 0 0 0 0 0 0 0 109 66 2 2 0 0 0 0 0 0 0 0 0
56 50 0 0 0 0 0 0 0 0 0 0 0 144 79 2 2 0 0 0 0 0 0 0 0 0
69 55 0 0 0 0 0 0 0 0 0 0 0 148 83 2 2 0 0 0 0 0 0 0 0 0
81 62 0 0 0 0 0 0 0 0 0 0 0 160 91 2 2 1 0 0 0 0 0 0 0 0
91 72 0 1 0 0 0 0 0 0 0 0 0 173 98 2 2 1 0 0 0 0 0 0 0 0
112 83 0 1 0 0 0 0 0 0 0 0 0 185 105 2 2 1 0 0 0 0 0 0 0 0
119 88 0 1 0 0 0 0 0 0 0 0 0 251 130 2 3 1 0 0 0 0 0 0 0 0
140 101 0 1 0 0 0 0 0 0 0 0 0 305 147 2 5 1 1 0 0 0 0 0 0 0
148 108 0 1 0 0 0 0 0 0 0 0 0 366 178 2 5 2 1 0 0 0 1 0 0 0
155 111 0 1 0 0 0 0 0 0 0 0 0 381 185 2 6 2 1 0 0 0 1 0 0 0
165 122 0 1 0 0 0 0 0 0 0 0 0 440 197 2 6 3 1 0 0 0 1 0 0 0
181 131 0 2 0 0 0 0 0 0 0 0 0 459 200 2 6 3 1 0 0 0 1 0 0 0
212 144 0 2 0 0 0 0 0 0 0 0 0 462 207 2 7 3 1 0 0 0 1 0 0 0
227 150 0 2 0 0 0 0 0 0 0 0 0 470 212 3 7 3 1 0 0 0 1 0 0 0
238 158 0 2 1 0 0 0 0 0 0 0 0 475 220 3 7 3 1 0 0 0 1 0 0 0
254 164 0 2 1 0 0 0 0 0 0 0 0 500 239 3 8 4 1 0 0 0 1 0 0 0
286 172 0 3 1 0 0 0 0 0 0 0 0 551 261 3 8 4 1 1 0 0 1 0 0 0
304 179 0 3 1 0 0 0 0 0 0 0 0 562 266 3 8 4 1 1 0 0 1 0 0 0
307 187 0 3 1 0 0 0 0 0 0 0 0 568 272 3 8 4 1 1 0 0 1 0 0 0
324 193 0 3 1 0 0 0 0 0 0 0 0 580 285 3 8 4 1 1 0 0 1 0 0 0
337 203 0 3 1 0 0 0 0 0 0 0 0 637 311 3 9 4 1 1 0 0 1 0 0 0
348 212 0 3 1 0 0 0 0 0 0 0 0 640 315 3 9 4 1 1 0 0 1 0 0 0
368 221 0 3 1 0 0 0 0 0 0 0 0 651 328 3 9 4 1 1 0 0 1 0 0 0
371 227 0 4 1 0 0 0 0 0 0 0 0 708 343 3 9 4 1 1 0 0 1 0 0 0
387 233 0 4 1 0 0 0 0 0 0 0 0 711 348 3 10 5 1 1 0 0 1 0 0 0
393 247 0 4 1 0 0 0 0 0 0 0 0 714 351 3 10 5 1 1 0 0 1 0 0 0
407 254 0 4 2 0 0 0 0 0 0 0 0 820 418 3 11 5 1 1 0 0 1 0 0 0
411 257 0 4 2 0 0 0 0 0 0 0 0 846 426 3 11 5 1 1 0 0 1 0 0 0
415 266 0 4 2 0 0 0 0 0 0 0 0 852 431 3 11 5 1 1 0 0 1 0 0 0
459 275 0 5 2 0 0 0 0 0 0 0 0 904 445 3 11 5 1 1 0 0 1 0 0 0
499 289 0 5 2 0 0 0 0 0 0 0 0 907 448 3 12 5 1 1 0 0 1 0 0 0
513 299 0 5 2 0 0 0 0 0 0 0 0 926 459 3 12 5 2 1 0 0 1 0 0 0
521 310 0 5 2 0 0 0 0 0 0 0 0 930 463 3 12 5 2 1 0 0 1 0 0 0
541 320 0 6 2 0 0 0 0 0 0 0 0 933 466 3 12 5 2 1 0 0 1 0 0 0
546 324 0 6 2 0 0 0 0 0 0 0 0 936 469 3 12 5 2 1 0 0 1 0 0 0
