# scores for worst/random/best/smart move selector strategies. 
# scores are 50% and 95% quantiles (based on 40 games) of: 
# game score, #destroyed, #unlocked, #stripes, #bombs, #zappers
5 5 0 0 0 0 0 0 0 0 0 0 0 14 14 0 0 0 0 0 0 0 0 0 0 0
13 13 0 0 0 0 0 0 0 0 0 0 0 79 31 1 1 0 0 0 0 0 0 0 0 0
25 25 0 0 0 0 0 0 0 0 0 0 0 124 52 3 2 0 0 1 0 0 0 0 0 0
81 37 0 1 0 0 0 0 0 0 0 0 0 168 69 3 3 1 1 1 0 0 1 0 0 0
122 55 0 1 0 0 0 0 0 0 0 0 0 282 116 7 3 2 1 1 1 0 1 0 0 0
161 75 1 2 0 0 0 0 0 0 0 0 0 445 153 9 4 3 2 1 1 0 1 0 0 0
227 101 1 3 0 0 0 0 0 0 0 0 0 512 192 9 6 3 2 1 1 0 2 0 0 0
275 124 1 3 1 0 0 0 0 0 0 0 0 652 231 9 13 3 2 1 1 0 2 0 0 0
306 138 2 4 1 0 0 0 0 0 0 0 0 731 254 9 20 4 3 2 1 1 2 1 0 0
385 165 2 4 1 1 1 0 0 1 0 0 0 810 273 10 20 4 3 2 1 1 2 1 0 0
471 187 2 5 1 1 1 0 0 1 0 0 0 862 300 10 22 5 3 2 2 1 2 1 0 0
517 212 2 6 2 1 1 0 0 1 0 0 0 980 320 10 24 5 3 2 2 1 2 1 0 0
563 231 2 7 2 1 1 0 0 1 0 0 0 1081 351 10 25 5 4 2 2 1 3 1 0 0
637 261 2 8 2 2 1 0 0 1 0 0 0 1118 375 10 25 5 4 2 2 1 3 1 0 0
666 276 2 9 3 2 1 1 0 1 0 0 0 1331 427 10 26 6 4 2 2 1 3 1 0 0
735 312 2 9 3 2 1 1 0 1 0 0 0 1831 443 10 28 13 5 2 2 1 3 1 0 0
794 329 2 10 4 2 1 1 0 1 0 0 0 1942 460 10 28 21 5 2 2 1 4 1 1 0
831 349 2 10 4 2 1 1 0 2 0 0 0 1978 495 11 29 21 5 3 2 1 4 1 1 0
899 371 2 11 4 2 1 1 0 2 0 0 0 1987 504 11 29 24 5 3 2 1 4 1 1 0
988 402 2 11 4 2 1 1 0 2 0 0 0 2102 565 11 31 24 5 3 3 1 4 1 1 0
1036 427 2 12 5 2 1 1 0 2 0 0 0 2187 579 11 31 25 5 3 3 1 4 1 1 0
1128 446 2 13 5 2 1 1 0 2 0 0 0 2336 613 11 31 28 5 3 3 1 4 1 1 0
1187 472 2 13 5 3 1 1 0 2 0 0 0 2401 656 11 33 28 6 3 3 1 4 1 1 0
1246 505 2 14 5 3 1 1 0 2 0 0 0 2453 675 11 33 30 6 3 3 1 5 1 1 0
1293 526 2 14 5 4 1 1 0 3 0 0 0 2506 687 11 36 30 6 3 3 1 5 1 1 0
1408 545 2 17 6 4 1 1 0 3 0 0 0 2572 726 11 36 30 7 3 3 1 5 1 1 0
1543 571 2 18 6 4 1 1 0 3 0 0 0 2671 751 11 37 30 7 3 3 1 5 1 1 0
1631 595 2 18 7 4 1 1 0 3 0 0 0 2679 779 11 37 30 7 3 3 1 6 1 1 0
1688 617 2 18 7 5 2 1 0 3 0 0 0 2771 818 11 38 30 7 3 3 1 6 1 1 0
1706 636 2 19 7 5 2 1 0 3 0 0 0 2900 887 11 39 30 8 4 3 1 6 1 1 0
1739 654 2 19 7 5 2 1 0 3 0 0 0 3162 924 11 40 30 9 4 3 1 7 1 1 0
1758 674 2 20 8 5 2 1 0 3 0 0 0 3216 942 11 40 30 9 4 3 1 7 1 1 0
1833 707 2 20 8 5 2 1 0 3 0 0 0 3234 960 11 48 30 9 4 3 1 7 2 1 0
1890 743 2 22 8 5 2 1 0 4 0 0 0 3358 1005 11 48 30 9 4 3 1 7 2 1 1
1973 759 2 22 8 6 2 1 0 4 0 0 0 3449 1041 11 51 30 9 4 3 1 7 2 1 1
1999 772 2 23 8 6 2 1 0 4 0 0 0 3486 1049 11 51 30 9 4 4 1 7 2 1 1
2267 809 2 24 9 6 2 1 0 4 0 0 0 3505 1059 11 54 30 10 4 4 1 7 2 1 1
2311 828 2 26 9 6 2 1 0 4 0 0 0 3548 1079 11 58 31 10 4 4 1 7 2 1 1
2364 847 2 26 10 6 2 2 0 4 0 0 0 3795 1106 11 59 31 10 4 4 1 7 2 1 1
2427 874 2 27 10 6 2 2 0 4 0 0 0 3975 1116 11 62 31 10 4 4 1 8 2 1 1
2453 902 2 27 10 6 2 2 0 5 0 0 0 4055 1144 11 62 31 10 4 4 2 8 2 1 1
