# scores for worst/random/best/smart move selector strategies. 
# scores are 50% and 95% quantiles (based on 40 games) of: 
# game score, #destroyed, #unlocked, #stripes, #bombs, #zappers
5 5 0 0 0 0 0 0 0 0 0 0 0 14 14 0 0 0 0 0 0 0 0 0 0 0
9 9 0 0 0 0 0 0 0 0 0 0 0 22 22 0 0 0 0 0 0 0 0 0 0 0
14 14 0 0 0 0 0 0 0 0 0 0 0 35 35 0 0 0 0 0 0 0 0 0 0 0
18 18 0 0 0 0 0 0 0 0 0 0 0 53 46 0 0 0 0 0 0 0 0 0 0 0
23 23 0 0 0 0 0 0 0 0 0 0 0 65 59 0 0 0 0 0 0 0 0 0 0 0
30 30 0 0 0 0 0 0 0 0 0 0 0 101 73 0 1 1 0 0 0 0 0 0 0 0
40 36 0 0 0 0 0 0 0 0 0 0 0 106 85 0 1 1 0 0 0 0 0 0 0 0
47 43 0 0 0 0 0 0 0 0 0 0 0 169 104 0 1 1 0 0 0 0 0 0 0 0
55 50 0 0 0 0 0 0 0 0 0 0 0 174 107 1 1 1 0 0 0 0 0 0 0 0
65 57 0 0 0 0 0 0 0 0 0 0 0 181 112 1 1 1 0 0 0 0 0 0 0 0
71 64 0 0 0 0 0 0 0 0 0 0 0 200 129 1 2 1 0 0 0 0 0 0 0 0
81 69 0 0 0 0 0 0 0 0 0 0 0 204 133 2 2 1 0 0 0 0 0 0 0 0
90 76 0 0 0 0 0 0 0 0 0 0 0 211 136 2 2 2 0 0 0 0 0 0 0 0
103 81 0 0 0 0 0 0 0 0 0 0 0 234 142 2 2 2 0 0 0 0 0 0 0 0
110 90 0 0 0 0 0 0 0 0 0 0 0 238 145 2 2 2 0 0 0 0 0 0 0 0
115 94 0 0 0 0 0 0 0 0 0 0 0 257 169 2 2 2 0 0 0 0 0 0 0 0
119 100 0 0 0 0 0 0 0 0 0 0 0 271 178 2 2 2 0 0 0 0 0 0 0 0
129 108 0 0 0 0 0 0 0 0 0 0 0 328 181 2 3 2 0 0 0 0 0 0 0 0
132 111 0 0 0 0 0 0 0 0 0 0 0 333 187 2 3 2 0 0 0 0 0 0 0 0
143 122 0 1 0 0 0 0 0 0 0 0 0 336 195 2 3 2 0 0 0 0 0 0 0 0
151 125 0 1 0 0 0 0 0 0 0 0 0 342 202 2 3 2 0 0 0 0 0 0 0 0
158 132 0 1 0 0 0 0 0 0 0 0 0 400 240 3 3 2 0 0 0 0 0 0 0 0
166 139 0 1 0 0 0 0 0 0 0 0 0 443 252 3 3 2 0 0 0 0 0 0 0 0
169 142 0 1 0 0 0 0 0 0 0 0 0 456 259 3 3 2 0 0 0 0 0 0 0 0
180 148 0 1 0 0 0 0 0 0 0 0 0 485 268 3 5 2 0 0 0 0 0 0 0 0
195 158 0 1 0 0 0 0 0 0 0 0 0 488 271 3 5 2 0 0 0 0 0 0 0 0
215 167 0 1 0 0 0 0 0 0 0 0 0 491 274 3 5 2 0 0 0 0 0 0 0 0
226 170 0 1 0 0 0 0 0 0 0 0 0 495 277 3 5 2 0 0 0 0 0 0 0 0
245 179 0 2 0 0 0 0 0 0 0 0 0 500 294 3 5 2 0 0 0 0 0 0 0 0
249 186 0 2 0 0 0 0 0 0 0 0 0 507 304 3 5 3 0 0 0 0 0 0 0 0
253 189 0 2 0 0 0 0 0 0 0 0 0 524 309 3 5 3 0 0 0 0 0 0 0 0
261 194 0 2 0 0 0 0 0 0 0 0 0 530 312 3 5 3 0 0 0 0 0 0 0 0
265 197 0 2 1 0 0 0 0 0 0 0 0 535 316 3 5 3 0 0 0 0 0 0 0 0
270 203 0 2 1 0 0 0 0 0 0 0 0 538 319 3 5 3 0 0 0 0 0 0 0 0
282 216 0 2 1 0 0 0 0 0 0 0 0 541 322 3 5 3 0 0 0 0 0 0 0 0
294 227 0 2 1 0 0 0 0 0 0 0 0 545 333 3 5 3 0 0 0 0 0 0 0 0
304 230 0 2 1 0 0 0 0 0 0 0 0 551 337 3 5 3 0 0 0 0 0 0 0 0
315 234 0 2 1 0 0 0 0 0 0 0 0 560 340 3 5 4 0 0 0 0 0 0 0 0
320 241 0 2 1 0 0 0 0 0 0 0 0 568 348 3 5 4 0 0 0 0 0 0 0 0
334 250 0 2 1 0 0 0 0 0 0 0 0 573 353 3 5 4 0 0 0 0 0 0 0 0
344 255 0 2 1 0 0 0 0 0 0 0 0 581 366 3 5 4 0 0 0 0 0 0 0 0
