# scores for worst/random/best/smart move selector strategies. 
# scores are 50% and 95% quantiles (based on 40 games) of: 
# game score, #destroyed, #unlocked, #stripes, #bombs, #zappers
3 3 0 0 0 0 0 0 0 0 0 0 0 13 13 0 0 0 0 0 0 0 0 0 0 0
9 9 0 0 0 0 0 0 0 0 0 0 0 20 20 0 0 0 0 0 0 0 0 0 0 0
13 13 0 0 0 0 0 0 0 0 0 0 0 78 30 0 0 0 0 0 0 0 0 0 0 0
19 19 0 0 0 0 0 0 0 0 0 0 0 133 47 2 2 0 1 1 0 0 1 0 0 0
26 26 0 0 0 0 0 0 0 0 0 0 0 394 95 6 7 2 1 1 1 0 1 0 0 0
31 30 0 0 0 0 0 0 0 0 0 0 0 402 103 6 7 2 1 1 1 0 1 0 0 0
38 36 0 0 0 0 0 0 0 0 0 0 0 451 111 7 8 2 1 1 1 0 1 0 0 0
42 41 0 0 0 0 0 0 0 0 0 0 0 457 117 7 8 2 1 1 1 0 1 0 0 0
63 46 0 0 0 0 0 0 0 0 0 0 0 462 126 7 9 2 1 1 1 0 1 0 0 0
85 54 0 1 0 0 0 0 0 0 0 0 0 486 142 9 9 2 1 1 1 0 1 0 0 0
109 61 0 1 0 0 0 0 0 0 0 0 0 562 149 9 10 2 1 1 1 0 1 0 0 0
116 67 1 2 0 0 0 0 0 0 0 0 0 583 160 9 10 2 1 1 1 0 1 0 0 0
135 76 1 2 0 0 0 0 0 0 0 0 0 640 172 9 10 3 1 1 1 0 1 0 0 0
148 80 2 3 0 0 0 0 0 0 0 0 0 650 177 9 11 3 1 1 1 0 1 0 0 0
238 105 3 4 0 0 0 0 0 0 0 0 0 655 180 9 11 3 1 2 1 0 1 0 0 0
383 120 4 7 1 0 0 0 0 0 0 0 0 743 193 9 13 3 1 2 2 0 1 0 0 0
443 127 4 8 1 0 0 0 0 0 0 0 0 751 201 9 15 3 1 2 2 0 1 0 0 0
453 136 4 9 2 0 1 0 0 0 0 0 0 756 207 9 15 3 1 2 2 0 1 0 0 0
480 142 6 9 2 0 1 0 0 0 0 0 0 831 214 10 16 3 1 2 2 0 1 0 0 0
486 149 6 9 2 0 1 1 0 0 0 0 0 836 225 10 16 3 1 2 2 0 1 0 0 0
499 154 6 9 2 0 1 1 0 0 0 0 0 905 242 10 17 3 1 3 2 0 1 0 0 0
536 160 6 10 2 0 1 1 0 0 0 0 0 910 249 10 17 3 1 3 2 0 1 0 0 0
544 170 7 10 2 0 1 1 0 0 0 0 0 1004 260 10 23 3 2 3 2 0 1 1 0 0
557 178 7 10 2 0 1 1 0 0 0 0 0 1014 264 10 23 4 2 3 2 0 1 1 0 0
564 185 7 10 2 0 1 1 0 0 0 0 0 1020 273 10 23 4 2 3 2 0 1 1 0 0
569 190 7 11 2 0 1 1 0 0 0 0 0 1025 278 10 23 4 2 3 2 0 1 1 0 0
594 202 7 11 2 0 1 1 0 0 0 0 0 1030 283 10 23 4 2 3 2 0 1 1 0 0
615 208 7 11 2 0 1 1 0 0 0 0 0 1034 288 10 23 4 2 3 2 0 1 1 0 0
633 217 7 12 2 0 1 1 0 0 0 0 0 1058 303 10 23 4 2 3 2 0 1 1 0 0
650 224 7 12 2 0 1 1 0 0 0 0 0 1068 312 10 24 4 2 3 2 0 1 1 0 0
683 238 7 13 2 0 1 1 0 0 0 0 0 1088 318 10 24 4 2 3 2 0 1 1 0 0
711 245 7 13 2 0 1 1 0 0 0 0 0 1091 324 10 24 5 2 3 2 0 1 1 0 0
716 248 7 14 2 0 1 1 0 0 0 0 0 1106 328 10 24 5 2 3 2 0 1 1 0 0
732 255 7 14 2 0 1 1 0 0 0 0 0 1146 340 10 24 5 2 3 2 0 1 1 0 0
750 259 7 14 2 0 1 1 0 0 0 0 0 1193 359 10 25 5 2 3 2 0 1 1 0 0
755 269 7 15 3 0 1 1 0 0 0 0 0 1200 368 10 25 5 2 3 2 0 1 1 0 0
758 277 8 15 3 0 2 1 0 0 0 0 0 1221 377 10 25 5 2 3 2 0 2 1 0 0
813 283 8 16 3 0 2 1 0 0 0 0 0 1225 381 10 25 5 2 4 2 0 2 1 0 0
825 291 8 17 3 0 2 1 0 0 0 0 0 1229 395 10 26 5 2 4 2 0 2 1 0 0
877 299 8 17 3 0 2 1 0 0 0 0 0 1269 413 10 27 5 2 4 2 0 2 1 0 0
891 306 8 17 3 0 2 1 0 0 0 0 0 1272 417 10 27 5 2 4 2 0 2 1 0 0
