# scores for worst/random/best/smart move selector strategies. 
# scores are 50% and 95% quantiles (based on 40 games) of: 
# game score, #destroyed, #unlocked, #stripes, #bombs, #zappers
1 1 0 0 0 0 0 0 0 0 0 0 0 15 15 0 0 0 0 0 0 0 0 0 0 0
6 6 0 0 0 0 0 0 0 0 0 0 0 61 25 0 1 0 0 0 0 0 0 0 0 0
14 14 0 0 0 0 0 0 0 0 0 0 0 184 46 0 3 1 0 0 0 0 0 0 0 0
24 22 0 0 0 0 0 0 0 0 0 0 0 190 52 0 3 1 0 1 0 0 0 0 0 0
49 31 0 0 0 0 0 0 0 0 0 0 0 373 97 4 7 2 0 1 1 0 0 0 0 0
73 39 0 1 0 0 0 0 0 0 0 0 0 398 109 4 7 3 0 2 1 0 0 0 0 0
144 53 0 2 0 0 0 0 0 0 0 0 0 451 125 4 9 3 0 2 1 0 0 0 0 0
206 73 1 3 1 0 0 0 0 0 0 0 0 457 134 5 9 3 0 2 2 0 0 0 0 0
277 87 1 5 2 0 0 0 0 0 0 0 0 471 143 5 10 3 1 2 2 0 1 0 0 0
335 98 1 6 2 0 0 0 0 0 0 0 0 504 151 6 10 3 1 2 2 0 1 0 0 0
379 114 1 6 2 0 0 1 0 0 0 0 0 575 170 6 11 4 1 2 2 0 1 0 0 0
391 130 1 7 2 0 0 1 0 0 0 0 0 624 185 6 11 4 1 2 2 0 1 0 0 0
456 137 2 7 2 0 0 1 0 0 0 0 0 653 203 6 12 4 1 2 2 0 1 0 0 0
485 159 2 8 2 0 1 1 0 0 0 0 0 729 225 6 12 5 1 2 3 0 1 0 0 0
503 166 2 8 2 0 1 1 0 0 0 0 0 779 241 6 12 5 2 2 3 0 2 0 0 0
550 174 2 9 2 0 1 1 0 0 0 0 0 784 252 6 13 5 2 3 3 0 2 0 0 0
579 190 2 10 3 0 1 1 0 0 0 0 0 824 262 6 14 5 2 3 3 0 2 0 0 0
593 202 2 10 3 0 1 1 0 0 0 0 0 838 269 6 14 5 2 3 3 0 2 0 0 0
639 213 2 10 3 0 1 1 0 0 0 0 0 861 287 6 14 5 2 3 3 0 2 0 0 0
667 229 2 10 3 0 1 1 0 0 0 0 0 866 295 6 16 5 2 3 3 0 2 0 0 0
679 238 2 10 3 1 1 1 0 0 0 0 0 873 304 6 16 5 2 3 3 0 2 0 0 0
724 252 2 11 3 1 1 1 0 1 0 0 0 909 322 6 16 5 3 3 3 0 3 0 0 0
755 262 2 12 3 1 1 1 0 1 0 0 0 914 330 6 18 5 3 3 3 0 3 0 0 0
777 271 2 12 3 1 1 1 0 1 0 0 0 991 353 6 21 6 3 3 3 1 3 0 0 0
800 280 2 12 3 1 1 1 0 1 0 0 0 1009 365 6 21 6 3 3 3 1 3 0 0 0
831 304 2 13 3 1 1 1 0 1 0 0 0 1129 369 6 24 6 3 3 3 1 3 1 0 0
849 312 2 13 3 1 1 1 0 1 0 0 0 1161 385 6 24 7 3 3 3 1 3 1 0 0
875 325 2 13 3 1 1 1 0 1 0 0 0 1188 394 6 25 7 3 3 3 1 3 1 0 0
928 339 2 13 3 1 1 1 0 1 0 0 0 1360 407 6 26 8 3 3 3 1 3 1 0 0
937 351 2 13 3 1 1 2 0 1 0 0 0 1405 418 6 26 8 4 3 3 1 3 1 0 0
967 360 2 14 4 1 1 2 0 1 0 0 0 1496 429 6 27 12 4 3 3 1 3 1 0 0
989 367 2 14 4 1 2 2 0 1 0 0 0 1511 443 6 27 12 4 4 3 1 3 1 0 0
1012 375 2 15 4 1 2 2 0 1 0 0 0 1562 449 6 27 12 4 4 3 1 4 1 0 0
1038 384 2 16 4 1 2 2 0 1 0 0 0 1569 462 6 28 13 4 4 3 1 4 1 1 0
1113 401 2 16 4 2 2 2 0 1 0 0 0 1610 472 6 28 13 4 4 3 1 4 1 1 0
1137 410 2 16 4 2 2 2 0 1 0 0 0 1674 494 6 29 13 4 4 3 1 4 1 1 0
1168 421 2 17 5 2 2 2 0 1 0 0 0 1736 499 6 29 19 5 4 3 1 4 1 1 0
1185 432 2 17 5 2 2 2 0 1 0 0 0 1741 511 6 29 19 5 4 3 1 4 1 1 0
1229 450 2 17 5 2 2 2 0 1 0 0 0 1763 533 6 29 19 5 4 3 1 4 1 1 0
1256 464 2 17 5 2 2 2 0 2 0 0 0 1767 539 6 30 19 5 4 3 1 4 1 1 0
1269 476 2 18 5 2 2 2 0 2 0 0 0 1832 549 6 30 19 5 4 3 1 4 1 1 0
