# scores for worst/random/best/smart move selector strategies. 
# scores are 50% and 95% quantiles (based on 40 games) of: 
# game score, #destroyed, #unlocked, #stripes, #bombs, #zappers
3 3 0 0 0 0 0 0 0 0 0 0 0 13 13 0 0 0 0 0 0 0 0 0 0 0
6 6 0 0 0 0 0 0 0 0 0 0 0 19 19 0 0 0 0 0 0 0 0 0 0 0
9 9 0 0 0 0 0 0 0 0 0 0 0 29 29 0 0 0 0 0 0 0 0 0 0 0
13 13 0 0 0 0 0 0 0 0 0 0 0 32 32 0 0 0 0 0 0 0 0 0 0 0
18 18 0 0 0 0 0 0 0 0 0 0 0 40 40 0 0 0 0 0 0 0 0 0 0 0
21 21 0 0 0 0 0 0 0 0 0 0 0 43 43 0 0 0 0 0 0 0 0 0 0 0
25 25 0 0 0 0 0 0 0 0 0 0 0 49 49 0 0 0 0 0 0 0 0 0 0 0
30 30 0 0 0 0 0 0 0 0 0 0 0 52 52 0 0 0 0 0 0 0 0 0 0 0
33 33 0 0 0 0 0 0 0 0 0 0 0 55 55 0 0 0 0 0 0 0 0 0 0 0
39 39 0 0 0 0 0 0 0 0 0 0 0 67 59 0 0 0 0 0 0 0 0 0 0 0
44 42 0 0 0 0 0 0 0 0 0 0 0 74 62 0 1 0 0 0 0 0 0 0 0 0
47 47 0 0 0 0 0 0 0 0 0 0 0 84 66 0 1 0 0 0 0 0 0 0 0 0
51 51 0 0 0 0 0 0 0 0 0 0 0 91 70 0 1 0 0 0 0 0 0 0 0 0
54 54 0 0 0 0 0 0 0 0 0 0 0 108 75 0 1 0 0 0 0 0 0 0 0 0
58 58 0 0 0 0 0 0 0 0 0 0 0 112 79 0 1 0 0 0 0 0 0 0 0 0
64 64 0 0 0 0 0 0 0 0 0 0 0 117 82 1 1 0 0 0 0 0 0 0 0 0
67 66 0 0 0 0 0 0 0 0 0 0 0 132 91 1 1 0 0 0 0 0 0 0 0 0
71 70 0 0 0 0 0 0 0 0 0 0 0 135 95 1 1 0 0 0 0 0 0 0 0 0
75 75 0 0 0 0 0 0 0 0 0 0 0 142 98 1 2 0 0 0 0 0 0 0 0 0
80 78 0 0 0 0 0 0 0 0 0 0 0 145 102 1 2 0 0 0 0 0 0 0 0 0
85 81 0 0 0 0 0 0 0 0 0 0 0 149 108 1 2 0 0 0 0 0 0 0 0 0
89 87 0 0 0 0 0 0 0 0 0 0 0 163 118 4 2 1 0 0 0 0 0 0 0 0
93 90 0 0 0 0 0 0 0 0 0 0 0 168 123 4 2 1 0 0 0 0 0 0 0 0
97 94 0 0 0 0 0 0 0 0 0 0 0 172 126 4 2 1 0 0 0 0 0 0 0 0
102 100 0 0 0 0 0 0 0 0 0 0 0 176 129 4 2 1 0 0 0 0 0 0 0 0
105 103 0 0 0 0 0 0 0 0 0 0 0 180 132 4 2 1 0 0 0 0 0 0 0 0
112 107 0 0 0 0 0 0 0 0 0 0 0 183 138 4 2 1 0 0 0 0 0 0 0 0
119 110 0 0 0 0 0 0 0 0 0 0 0 196 143 4 2 1 0 0 0 0 0 0 0 0
129 115 0 0 0 0 0 0 0 0 0 0 0 205 149 4 2 1 0 0 0 0 0 0 0 0
133 120 0 0 0 0 0 0 0 0 0 0 0 256 157 4 3 1 0 0 0 0 0 0 0 0
136 124 0 0 0 0 0 0 0 0 0 0 0 270 160 4 3 1 0 0 0 0 0 0 0 0
139 127 0 0 0 0 0 0 0 0 0 0 0 272 164 4 3 1 0 0 0 0 0 0 0 0
149 133 0 0 0 0 0 0 0 0 0 0 0 364 167 7 4 2 0 0 0 0 0 0 0 0
159 137 0 1 0 0 0 0 0 0 0 0 0 409 187 7 5 2 0 0 0 0 0 0 0 0
169 140 0 1 0 0 0 0 0 0 0 0 0 412 192 7 5 2 0 0 0 0 0 0 0 0
181 145 0 1 0 0 0 0 0 0 0 0 0 417 195 7 5 2 0 0 0 0 0 0 0 0
184 148 0 1 0 0 0 0 0 0 0 0 0 420 198 7 5 2 0 0 0 0 0 0 0 0
187 154 0 1 0 0 0 0 0 0 0 0 0 423 201 7 5 2 0 0 0 0 0 0 0 0
191 160 0 1 0 0 0 0 0 0 0 0 0 427 204 7 5 2 0 0 0 0 0 0 0 0
203 168 0 1 0 0 0 0 0 0 0 0 0 430 210 7 5 2 0 0 0 0 0 0 0 0
208 170 0 1 0 0 0 0 0 0 0 0 0 433 218 7 5 2 0 0 0 0 0 0 0 0
