# scores for worst/random/best/smart move selector strategies. 
# scores are 50% and 95% quantiles (based on 40 games) of: 
# game score, #destroyed, #unlocked, #stripes, #bombs, #zappers
3 3 0 0 0 0 0 0 0 0 0 0 0 6 6 0 0 0 0 0 0 0 0 0 0 0
6 6 0 0 0 0 0 0 0 0 0 0 0 12 12 0 0 0 0 0 0 0 0 0 0 0
10 10 0 0 0 0 0 0 0 0 0 0 0 20 20 0 0 0 0 0 0 0 0 0 0 0
15 15 0 0 0 0 0 0 0 0 0 0 0 25 25 0 0 0 0 0 0 0 0 0 0 0
18 18 0 0 0 0 0 0 0 0 0 0 0 50 31 1 1 0 0 0 0 0 0 0 0 0
27 26 0 0 0 0 0 0 0 0 0 0 0 54 38 2 1 0 0 0 0 0 0 0 0 0
31 30 0 0 0 0 0 0 0 0 0 0 0 74 44 2 1 0 0 0 0 0 0 0 0 0
36 34 0 0 0 0 0 0 0 0 0 0 0 79 52 2 1 0 0 0 0 0 0 0 0 0
42 37 0 0 0 0 0 0 0 0 0 0 0 89 57 3 1 0 0 0 0 0 0 0 0 0
50 43 0 0 0 0 0 0 0 0 0 0 0 106 64 3 2 0 0 0 0 0 0 0 0 0
60 47 0 0 0 0 0 0 0 0 0 0 0 134 69 3 2 1 0 0 0 0 0 0 0 0
66 56 0 0 0 0 0 0 0 0 0 0 0 145 80 3 2 1 0 0 0 0 0 0 0 0
74 59 0 0 0 0 0 0 0 0 0 0 0 150 83 3 2 1 0 0 0 0 0 0 0 0
79 64 0 0 0 0 0 0 0 0 0 0 0 153 88 3 2 1 0 0 0 0 0 0 0 0
85 69 0 0 0 0 0 0 0 0 0 0 0 177 93 3 2 1 0 0 0 0 0 0 0 0
91 75 0 0 0 0 0 0 0 0 0 0 0 194 107 3 2 1 0 0 0 0 0 0 0 0
96 79 0 0 0 0 0 0 0 0 0 0 0 198 110 3 2 1 0 0 0 0 0 0 0 0
103 84 0 0 0 0 0 0 0 0 0 0 0 211 118 5 3 1 0 0 0 0 0 0 0 0
109 92 0 0 0 0 0 0 0 0 0 0 0 217 124 5 3 1 0 0 0 0 0 0 0 0
117 97 0 1 0 0 0 0 0 0 0 0 0 221 129 6 3 1 0 0 0 0 0 0 0 0
133 104 0 1 0 0 0 0 0 0 0 0 0 224 132 6 3 1 0 0 0 0 0 0 0 0
141 107 0 1 0 0 0 0 0 0 0 0 0 227 139 6 3 1 0 0 0 0 0 0 0 0
147 110 0 1 0 0 0 0 0 0 0 0 0 232 143 6 3 1 1 0 0 0 1 0 0 0
154 121 0 1 0 0 0 0 0 0 0 0 0 250 150 6 3 1 1 0 0 0 1 0 0 0
160 126 0 1 0 0 0 0 0 0 0 0 0 255 153 6 3 1 1 0 0 0 1 0 0 0
169 131 0 1 0 0 0 0 0 0 0 0 0 258 158 6 3 1 1 0 0 0 1 0 0 0
174 135 0 1 0 0 0 0 0 0 0 0 0 264 165 6 3 1 1 0 0 0 1 0 0 0
189 142 1 2 0 0 0 0 0 0 0 0 0 284 168 8 3 1 1 0 0 0 1 0 0 0
192 145 1 2 0 0 0 0 0 0 0 0 0 288 172 8 3 1 1 0 0 0 1 0 0 0
197 153 1 2 0 0 0 0 0 0 0 0 0 300 178 8 3 1 1 0 0 0 1 0 0 0
201 156 1 2 0 0 0 0 0 0 0 0 0 328 188 8 4 1 1 0 0 0 1 0 0 0
204 159 1 2 0 0 0 0 0 0 0 0 0 334 198 8 4 1 1 0 0 0 1 0 0 0
213 166 1 2 0 0 0 0 0 0 0 0 0 341 201 8 4 1 1 0 0 0 1 0 0 0
224 169 1 2 0 0 0 0 0 0 0 0 0 344 204 8 4 1 1 0 0 0 1 0 0 0
237 173 1 2 0 0 0 0 0 0 0 0 0 360 214 8 4 1 1 0 0 0 1 0 0 0
245 179 1 2 0 0 0 0 0 0 0 0 0 363 218 8 5 1 1 0 0 0 1 0 0 0
264 185 1 2 0 0 0 0 0 0 0 0 0 366 222 8 5 1 1 0 0 0 1 0 0 0
269 192 2 2 0 0 0 0 0 0 0 0 0 371 228 9 5 1 1 0 0 0 1 0 0 0
275 199 2 2 0 0 0 0 0 0 0 0 0 375 231 9 5 1 1 0 0 0 1 0 0 0
282 204 2 2 0 0 0 0 0 0 0 0 0 378 234 9 5 1 1 0 0 0 1 0 0 0
287 209 2 2 0 0 0 0 0 0 0 0 0 408 242 9 5 2 1 0 1 0 1 0 0 0
