# scores for worst/random/best/smart move selector strategies. 
# scores are 50% and 95% quantiles (based on 40 games) of: 
# game score, #destroyed, #unlocked, #stripes, #bombs, #zappers
3 3 0 0 0 0 0 0 0 0 0 0 0 6 6 0 0 0 0 0 0 0 0 0 0 0
7 7 0 0 0 0 0 0 0 0 0 0 0 16 16 0 0 0 0 0 0 0 0 0 0 0
12 12 0 0 0 0 0 0 0 0 0 0 0 42 22 0 0 0 0 0 0 0 0 0 0 0
16 16 0 0 0 0 0 0 0 0 0 0 0 80 31 0 1 0 1 0 0 0 1 0 0 0
30 24 0 0 0 0 0 0 0 0 0 0 0 97 40 3 1 0 1 0 0 0 1 0 0 0
37 30 0 0 0 0 0 0 0 0 0 0 0 131 53 3 2 0 1 0 0 0 1 0 0 0
63 37 0 1 0 0 0 0 0 0 0 0 0 150 58 3 2 1 1 1 0 0 1 0 0 0
77 43 0 1 0 0 0 0 0 0 0 0 0 210 75 3 2 1 1 1 0 0 1 0 0 0
88 49 0 1 0 0 0 0 0 0 0 0 0 221 87 3 2 1 1 1 0 0 1 0 0 0
96 55 0 1 0 0 0 0 0 0 0 0 0 228 98 4 3 1 1 1 0 0 1 0 0 0
109 65 0 1 0 0 0 0 0 0 0 0 0 259 109 6 3 1 1 1 0 0 1 0 0 0
127 76 2 2 0 0 0 0 0 0 0 0 0 265 115 6 4 1 1 1 0 0 1 0 0 0
147 82 2 2 0 0 0 0 0 0 0 0 0 281 123 7 4 1 1 1 0 0 1 0 0 0
166 91 2 2 0 0 0 0 0 0 0 0 0 290 129 8 5 2 1 1 0 0 1 0 0 0
181 97 2 3 0 0 0 0 0 0 0 0 0 321 144 8 5 2 1 2 0 0 1 0 0 0
188 103 2 3 0 0 0 0 0 0 0 0 0 348 152 8 5 2 1 2 0 0 1 0 0 0
214 115 2 3 0 0 0 0 0 0 0 0 0 379 160 9 6 2 1 2 0 0 1 0 0 0
249 120 2 3 0 0 0 0 0 0 0 0 0 414 175 9 7 2 1 2 0 0 1 0 0 0
260 125 2 3 0 0 0 0 0 0 0 0 0 437 198 11 8 2 1 2 1 0 1 0 0 0
270 131 3 4 0 0 0 0 0 0 0 0 0 453 212 13 8 2 1 2 1 0 1 0 0 0
313 145 3 4 0 0 0 0 0 0 0 0 0 516 219 13 10 3 1 2 1 0 1 0 0 0
341 154 4 5 0 0 0 0 0 0 0 0 0 527 224 17 10 3 2 2 1 0 2 0 0 0
368 162 4 6 0 1 0 0 0 0 0 0 0 557 239 18 10 3 2 2 1 0 2 0 0 0
373 174 6 6 0 1 0 0 0 0 0 0 0 669 258 18 12 3 2 2 1 0 2 0 0 0
400 186 6 6 0 1 0 0 0 0 0 0 0 697 264 18 13 3 2 2 1 0 2 0 0 0
435 198 6 6 1 1 0 0 0 1 0 0 0 751 272 18 17 4 2 2 1 0 2 1 0 0
441 209 6 7 1 1 0 0 0 1 0 0 0 771 281 18 17 4 2 2 1 0 2 1 0 0
466 217 6 7 1 1 0 0 0 1 0 0 0 797 297 18 18 4 2 3 1 0 2 1 0 0
504 231 6 7 1 1 0 0 0 1 0 0 0 819 305 18 18 5 2 3 1 0 2 1 0 0
519 243 8 8 1 1 1 0 0 1 0 0 0 858 325 19 18 5 2 3 1 0 2 1 0 0
524 251 8 8 1 1 1 0 0 1 0 0 0 892 335 19 19 5 3 3 1 0 2 1 0 0
592 260 8 9 1 1 1 0 0 1 0 0 0 937 340 20 19 5 3 3 1 0 2 1 0 0
598 274 8 9 1 1 1 0 0 1 0 0 0 990 355 20 20 5 4 3 1 1 3 1 0 0
665 284 8 9 1 1 1 0 0 1 0 0 0 996 362 20 20 5 4 3 1 1 3 1 0 0
671 296 8 10 1 1 1 0 0 1 0 0 0 1030 368 20 20 5 4 3 1 1 4 1 0 0
682 303 8 10 1 1 1 0 0 1 0 0 0 1063 376 20 22 5 4 3 1 1 4 1 0 0
694 315 8 10 1 1 1 0 0 1 0 0 0 1069 387 20 22 5 4 3 1 1 4 1 0 0
733 325 9 12 1 1 1 0 0 1 0 0 0 1084 395 20 22 5 4 3 1 1 4 1 0 0
751 339 9 12 1 1 1 0 0 1 0 0 0 1113 409 21 23 5 4 3 1 1 4 1 0 0
777 349 9 12 1 1 1 0 0 1 0 0 0 1178 445 21 27 5 4 3 2 1 4 1 0 0
785 362 9 12 1 1 1 0 0 1 0 0 0 1227 456 21 27 5 4 3 2 1 4 1 0 0
