# scores for worst/random/best/smart move selector strategies. 
# scores are 50% and 95% quantiles (based on 40 games) of: 
# game score, #destroyed, #unlocked, #stripes, #bombs, #zappers
3 3 0 0 0 0 0 0 0 0 0 0 0 6 6 0 0 0 0 0 0 0 0 0 0 0
6 6 0 0 0 0 0 0 0 0 0 0 0 11 11 0 0 0 0 0 0 0 0 0 0 0
11 11 0 0 0 0 0 0 0 0 0 0 0 15 15 0 0 0 0 0 0 0 0 0 0 0
15 15 0 0 0 0 0 0 0 0 0 0 0 32 23 0 0 0 0 0 0 0 0 0 0 0
18 18 0 0 0 0 0 0 0 0 0 0 0 36 30 0 0 0 0 0 0 0 0 0 0 0
22 22 0 0 0 0 0 0 0 0 0 0 0 40 36 0 0 0 0 0 0 0 0 0 0 0
27 27 0 0 0 0 0 0 0 0 0 0 0 61 46 0 1 0 0 0 0 0 0 0 0 0
33 32 0 0 0 0 0 0 0 0 0 0 0 72 52 0 1 0 0 0 0 0 0 0 0 0
36 36 0 0 0 0 0 0 0 0 0 0 0 78 56 0 1 0 0 0 0 0 0 0 0 0
42 40 0 0 0 0 0 0 0 0 0 0 0 86 59 1 1 0 0 0 0 0 0 0 0 0
48 46 0 0 0 0 0 0 0 0 0 0 0 90 64 1 1 0 0 0 0 0 0 0 0 0
53 51 0 0 0 0 0 0 0 0 0 0 0 93 70 2 1 0 0 0 0 0 0 0 0 0
58 55 0 0 0 0 0 0 0 0 0 0 0 99 74 2 1 0 0 0 0 0 0 0 0 0
65 60 0 0 0 0 0 0 0 0 0 0 0 102 77 2 1 0 0 0 0 0 0 0 0 0
72 64 0 0 0 0 0 0 0 0 0 0 0 112 85 2 1 0 0 0 0 0 0 0 0 0
75 68 0 0 0 0 0 0 0 0 0 0 0 115 90 2 1 0 0 0 0 0 0 0 0 0
80 74 0 0 0 0 0 0 0 0 0 0 0 148 96 3 1 1 0 0 0 0 0 0 0 0
86 77 0 0 0 0 0 0 0 0 0 0 0 151 99 3 1 1 0 0 0 0 0 0 0 0
93 84 0 0 0 0 0 0 0 0 0 0 0 160 108 3 1 1 0 0 0 0 0 0 0 0
96 87 0 0 0 0 0 0 0 0 0 0 0 163 113 3 1 1 0 0 0 0 0 0 0 0
102 92 0 0 0 0 0 0 0 0 0 0 0 166 116 3 1 1 0 0 0 0 0 0 0 0
108 96 0 0 0 0 0 0 0 0 0 0 0 175 125 3 1 1 0 0 0 0 0 0 0 0
117 101 0 0 0 0 0 0 0 0 0 0 0 188 129 3 2 1 0 0 0 0 0 0 0 0
124 105 0 0 0 0 0 0 0 0 0 0 0 191 137 3 2 1 0 0 0 0 0 0 0 0
128 108 0 1 0 0 0 0 0 0 0 0 0 194 140 3 2 1 0 0 0 0 0 0 0 0
132 113 0 1 0 0 0 0 0 0 0 0 0 204 147 3 2 1 0 0 0 0 0 0 0 0
135 117 0 1 0 0 0 0 0 0 0 0 0 207 150 3 2 1 0 0 0 0 0 0 0 0
145 125 0 1 0 0 0 0 0 0 0 0 0 222 157 3 2 1 0 0 0 0 0 0 0 0
148 128 0 1 0 0 0 0 0 0 0 0 0 229 161 3 2 1 0 0 0 0 0 0 0 0
153 133 0 1 0 0 0 0 0 0 0 0 0 234 164 3 2 1 0 0 0 0 0 0 0 0
159 136 0 1 0 0 0 0 0 0 0 0 0 238 168 3 2 1 0 0 0 0 0 0 0 0
165 140 0 1 0 0 0 0 0 0 0 0 0 243 174 3 2 1 0 0 0 0 0 0 0 0
169 148 0 1 0 0 0 0 0 0 0 0 0 246 178 3 2 1 0 0 0 0 0 0 0 0
177 154 0 1 0 0 0 0 0 0 0 0 0 249 185 3 2 1 0 0 0 0 0 0 0 0
182 158 0 1 0 0 0 0 0 0 0 0 0 252 190 3 3 1 0 0 0 0 0 0 0 0
189 163 0 1 0 0 0 0 0 0 0 0 0 255 193 3 3 1 0 0 0 0 0 0 0 0
195 167 0 1 0 0 0 0 0 0 0 0 0 260 197 3 3 1 0 0 0 0 0 0 0 0
201 173 0 1 0 0 0 0 0 0 0 0 0 264 202 3 3 1 0 0 0 0 0 0 0 0
206 177 0 1 0 0 0 0 0 0 0 0 0 279 206 3 3 1 0 0 0 0 0 0 0 0
209 180 0 1 0 0 0 0 0 0 0 0 0 283 213 3 3 1 0 0 0 0 0 0 0 0
212 184 0 1 0 0 0 0 0 0 0 0 0 287 217 3 3 1 0 0 0 0 0 0 0 0
