# scores for worst/random/best/smart move selector strategies. 
# scores are 50% and 95% quantiles (based on 40 games) of: 
# game score, #destroyed, #unlocked, #stripes, #bombs, #zappers
3 3 0 0 0 0 0 0 0 0 0 0 0 9 9 0 0 0 0 0 0 0 0 0 0 0
6 6 0 0 0 0 0 0 0 0 0 0 0 12 12 0 0 0 0 0 0 0 0 0 0 0
9 9 0 0 0 0 0 0 0 0 0 0 0 18 18 0 0 0 0 0 0 0 0 0 0 0
13 13 0 0 0 0 0 0 0 0 0 0 0 40 22 0 0 0 0 0 0 0 0 0 0 0
16 16 0 0 0 0 0 0 0 0 0 0 0 54 27 0 1 0 0 0 0 0 0 0 0 0
21 21 0 0 0 0 0 0 0 0 0 0 0 57 30 0 1 0 0 0 0 0 0 0 0 0
24 24 0 0 0 0 0 0 0 0 0 0 0 65 37 0 1 0 0 0 0 0 0 0 0 0
28 28 0 0 0 0 0 0 0 0 0 0 0 70 41 0 1 0 0 0 0 0 0 0 0 0
32 32 0 0 0 0 0 0 0 0 0 0 0 77 47 0 1 0 0 0 0 0 0 0 0 0
36 36 0 0 0 0 0 0 0 0 0 0 0 80 51 0 1 0 0 0 0 0 0 0 0 0
39 39 0 0 0 0 0 0 0 0 0 0 0 85 55 0 1 0 0 0 0 0 0 0 0 0
44 44 0 0 0 0 0 0 0 0 0 0 0 103 61 0 1 0 0 0 0 0 0 0 0 0
51 49 0 0 0 0 0 0 0 0 0 0 0 119 69 1 2 1 0 0 0 0 0 0 0 0
57 53 0 0 0 0 0 0 0 0 0 0 0 141 76 2 2 1 0 0 0 0 0 0 0 0
69 57 0 0 0 0 0 0 0 0 0 0 0 175 85 2 2 1 0 1 0 0 0 0 0 0
80 60 0 0 0 0 0 0 0 0 0 0 0 188 91 2 3 1 0 1 0 0 0 0 0 0
93 65 0 0 0 0 0 0 0 0 0 0 0 191 95 2 3 1 0 1 0 0 0 0 0 0
96 70 0 0 0 0 0 0 0 0 0 0 0 194 98 2 3 1 0 1 0 0 0 0 0 0
108 75 0 1 0 0 0 0 0 0 0 0 0 197 102 2 3 1 0 1 0 0 0 0 0 0
112 79 0 1 0 0 0 0 0 0 0 0 0 217 111 3 4 1 0 1 1 0 0 0 0 0
118 83 0 1 0 0 0 0 0 0 0 0 0 224 119 3 4 1 0 1 1 0 0 0 0 0
129 88 0 1 0 0 0 0 0 0 0 0 0 230 122 3 4 1 0 1 1 0 0 0 0 0
135 93 0 1 0 0 0 0 0 0 0 0 0 268 129 3 5 1 0 1 1 0 0 0 0 0
142 96 0 1 0 0 0 0 0 0 0 0 0 272 134 3 5 1 0 1 1 0 0 0 0 0
147 99 0 1 0 0 0 0 0 0 0 0 0 275 138 3 5 1 0 1 1 0 0 0 0 0
150 104 0 1 0 0 0 0 0 0 0 0 0 283 147 3 5 1 0 1 1 0 0 0 0 0
159 110 0 1 0 0 0 0 0 0 0 0 0 287 150 3 5 1 0 1 1 0 0 0 0 0
167 116 0 1 0 0 0 0 0 0 0 0 0 291 155 3 5 1 0 1 1 0 0 0 0 0
179 122 0 1 0 0 0 0 0 0 0 0 0 297 159 4 5 1 0 1 1 0 0 0 0 0
190 127 0 1 0 0 0 0 0 0 0 0 0 307 164 4 5 1 0 1 1 0 0 0 0 0
198 133 0 1 0 0 0 0 0 0 0 0 0 327 170 4 6 1 0 1 1 0 0 0 0 0
203 136 0 1 0 0 0 0 0 0 0 0 0 332 173 4 6 1 0 1 1 0 0 0 0 0
210 140 0 2 0 0 0 0 0 0 0 0 0 345 177 4 6 1 1 1 1 0 1 0 0 0
214 145 0 2 0 0 0 0 0 0 0 0 0 349 180 4 6 1 1 1 1 0 1 0 0 0
238 149 0 2 0 0 0 0 0 0 0 0 0 365 184 4 6 1 1 1 1 0 1 0 0 0
241 154 0 2 0 0 0 0 0 0 0 0 0 368 190 4 6 1 1 1 1 0 1 0 0 0
244 160 0 3 0 0 0 0 0 0 0 0 0 373 193 4 6 1 1 1 1 0 1 0 0 0
255 164 0 3 0 0 0 0 0 0 0 0 0 381 198 4 7 1 1 2 1 0 1 0 0 0
270 170 0 3 0 0 0 0 0 0 0 0 0 405 202 4 8 1 1 2 1 0 1 0 0 0
283 176 0 3 0 0 0 0 0 0 0 0 0 408 210 4 8 1 1 2 1 0 1 0 0 0
290 181 0 3 0 0 0 0 0 0 0 0 0 422 222 4 8 1 1 2 1 0 1 0 0 0
