# scores for worst/random/best/smart move selector strategies. 
# scores are 50% and 95% quantiles (based on 40 games) of: 
# game score, #destroyed, #unlocked, #stripes, #bombs, #zappers
3 3 0 0 0 0 0 0 0 0 0 0 0 9 9 0 0 0 0 0 0 0 0 0 0 0
6 6 0 0 0 0 0 0 0 0 0 0 0 12 12 0 0 0 0 0 0 0 0 0 0 0
9 9 0 0 0 0 0 0 0 0 0 0 0 15 15 0 0 0 0 0 0 0 0 0 0 0
12 12 0 0 0 0 0 0 0 0 0 0 0 21 21 0 0 0 0 0 0 0 0 0 0 0
16 16 0 0 0 0 0 0 0 0 0 0 0 25 25 0 0 0 0 0 0 0 0 0 0 0
20 20 0 0 0 0 0 0 0 0 0 0 0 30 30 0 0 0 0 0 0 0 0 0 0 0
24 24 0 0 0 0 0 0 0 0 0 0 0 33 33 0 0 0 0 0 0 0 0 0 0 0
27 27 0 0 0 0 0 0 0 0 0 0 0 39 37 0 0 0 0 0 0 0 0 0 0 0
30 30 0 0 0 0 0 0 0 0 0 0 0 56 43 0 0 0 0 0 0 0 0 0 0 0
35 35 0 0 0 0 0 0 0 0 0 0 0 59 47 0 0 0 0 0 0 0 0 0 0 0
39 39 0 0 0 0 0 0 0 0 0 0 0 70 52 0 0 0 0 0 0 0 0 0 0 0
42 42 0 0 0 0 0 0 0 0 0 0 0 91 56 0 0 0 0 0 0 0 0 0 0 0
46 46 0 0 0 0 0 0 0 0 0 0 0 94 60 0 0 0 0 0 0 0 0 0 0 0
51 51 0 0 0 0 0 0 0 0 0 0 0 118 63 0 1 0 0 0 0 0 0 0 0 0
54 54 0 0 0 0 0 0 0 0 0 0 0 121 73 0 1 0 0 0 0 0 0 0 0 0
59 58 0 0 0 0 0 0 0 0 0 0 0 126 78 0 1 0 0 0 0 0 0 0 0 0
63 62 0 0 0 0 0 0 0 0 0 0 0 129 82 0 1 0 0 0 0 0 0 0 0 0
66 66 0 0 0 0 0 0 0 0 0 0 0 133 89 0 1 0 0 0 0 0 0 0 0 0
72 69 0 0 0 0 0 0 0 0 0 0 0 138 92 0 2 0 0 0 0 0 0 0 0 0
75 72 0 0 0 0 0 0 0 0 0 0 0 144 98 0 2 0 0 0 0 0 0 0 0 0
82 79 0 0 0 0 0 0 0 0 0 0 0 149 106 0 2 0 0 0 0 0 0 0 0 0
85 83 0 0 0 0 0 0 0 0 0 0 0 164 111 0 2 0 0 0 0 0 0 0 0 0
92 86 0 0 0 0 0 0 0 0 0 0 0 173 120 0 2 0 0 0 0 0 0 0 0 0
95 89 0 0 0 0 0 0 0 0 0 0 0 176 126 0 2 0 0 0 0 0 0 0 0 0
103 94 0 0 0 0 0 0 0 0 0 0 0 199 129 0 2 0 0 0 0 0 0 0 0 0
113 99 0 0 0 0 0 0 0 0 0 0 0 218 133 0 2 0 0 0 0 0 0 0 0 0
117 102 0 0 0 0 0 0 0 0 0 0 0 221 136 0 2 0 0 0 0 0 0 0 0 0
122 105 0 0 0 0 0 0 0 0 0 0 0 224 139 0 2 0 0 0 0 0 0 0 0 0
129 109 0 0 0 0 0 0 0 0 0 0 0 237 143 1 2 1 0 0 0 0 0 0 0 0
133 114 0 0 0 0 0 0 0 0 0 0 0 240 146 1 2 1 0 0 0 0 0 0 0 0
141 118 0 1 0 0 0 0 0 0 0 0 0 247 151 1 2 1 0 0 0 0 0 0 0 0
149 124 0 1 0 0 0 0 0 0 0 0 0 250 154 1 3 1 0 0 0 0 0 0 0 0
157 128 0 1 0 0 0 0 0 0 0 0 0 253 157 1 3 1 1 0 0 0 1 0 0 0
160 133 0 1 0 0 0 0 0 0 0 0 0 274 163 1 3 1 1 0 0 0 1 0 0 0
163 136 0 1 0 0 0 0 0 0 0 0 0 279 166 1 3 1 1 0 0 0 1 0 0 0
171 142 0 1 0 0 0 0 0 0 0 0 0 284 170 1 3 1 1 0 0 0 1 0 0 0
175 145 0 1 0 0 0 0 0 0 0 0 0 287 173 1 3 1 1 0 0 0 1 0 0 0
183 151 0 1 0 0 0 0 0 0 0 0 0 290 180 1 3 1 1 0 0 0 1 0 0 0
189 154 0 1 0 0 0 0 0 0 0 0 0 293 183 1 3 1 1 0 0 0 1 0 0 0
192 158 0 1 0 0 0 0 0 0 0 0 0 303 191 1 3 1 1 0 0 0 1 0 0 0
198 163 0 1 0 0 0 0 0 0 0 0 0 306 197 1 3 1 1 0 0 0 1 0 0 0
