# scores for worst/random/best/smart move selector strategies. 
# scores are 50% and 95% quantiles (based on 40 games) of: 
# game score, #destroyed, #unlocked, #stripes, #bombs, #zappers
3 3 0 0 0 0 0 0 0 0 0 0 0 9 9 0 0 0 0 0 0 0 0 0 0 0
6 6 0 0 0 0 0 0 0 0 0 0 0 12 12 0 0 0 0 0 0 0 0 0 0 0
9 9 0 0 0 0 0 0 0 0 0 0 0 16 16 0 0 0 0 0 0 0 0 0 0 0
12 12 0 0 0 0 0 0 0 0 0 0 0 21 21 0 0 0 0 0 0 0 0 0 0 0
16 16 0 0 0 0 0 0 0 0 0 0 0 25 25 0 0 0 0 0 0 0 0 0 0 0
20 20 0 0 0 0 0 0 0 0 0 0 0 32 29 0 0 0 0 0 0 0 0 0 0 0
24 24 0 0 0 0 0 0 0 0 0 0 0 36 34 0 0 0 0 0 0 0 0 0 0 0
27 27 0 0 0 0 0 0 0 0 0 0 0 39 39 0 0 0 0 0 0 0 0 0 0 0
30 30 0 0 0 0 0 0 0 0 0 0 0 43 43 0 0 0 0 0 0 0 0 0 0 0
33 33 0 0 0 0 0 0 0 0 0 0 0 46 46 0 0 0 0 0 0 0 0 0 0 0
36 36 0 0 0 0 0 0 0 0 0 0 0 66 49 0 0 0 0 0 0 0 0 0 0 0
39 39 0 0 0 0 0 0 0 0 0 0 0 71 53 0 0 0 0 0 0 0 0 0 0 0
45 45 0 0 0 0 0 0 0 0 0 0 0 74 58 0 0 0 0 0 0 0 0 0 0 0
48 48 0 0 0 0 0 0 0 0 0 0 0 89 61 0 1 0 0 0 0 0 0 0 0 0
52 52 0 0 0 0 0 0 0 0 0 0 0 95 68 0 1 0 0 0 0 0 0 0 0 0
57 57 0 0 0 0 0 0 0 0 0 0 0 99 71 0 1 0 0 0 0 0 0 0 0 0
60 60 0 0 0 0 0 0 0 0 0 0 0 102 75 0 1 0 0 0 0 0 0 0 0 0
63 63 0 0 0 0 0 0 0 0 0 0 0 107 79 0 1 0 0 0 0 0 0 0 0 0
66 66 0 0 0 0 0 0 0 0 0 0 0 110 82 0 1 0 0 0 0 0 0 0 0 0
71 71 0 0 0 0 0 0 0 0 0 0 0 113 85 0 1 0 0 0 0 0 0 0 0 0
74 74 0 0 0 0 0 0 0 0 0 0 0 119 92 0 1 0 0 0 0 0 0 0 0 0
78 78 0 0 0 0 0 0 0 0 0 0 0 122 95 0 1 0 0 0 0 0 0 0 0 0
81 81 0 0 0 0 0 0 0 0 0 0 0 125 98 0 1 0 0 0 0 0 0 0 0 0
85 85 0 0 0 0 0 0 0 0 0 0 0 128 101 0 1 0 0 0 0 0 0 0 0 0
89 89 0 0 0 0 0 0 0 0 0 0 0 137 107 0 1 0 0 0 0 0 0 0 0 0
93 93 0 0 0 0 0 0 0 0 0 0 0 144 114 0 1 0 0 0 0 0 0 0 0 0
97 97 0 0 0 0 0 0 0 0 0 0 0 147 117 0 1 0 0 0 0 0 0 0 0 0
101 101 0 0 0 0 0 0 0 0 0 0 0 150 120 0 1 0 0 0 0 0 0 0 0 0
105 105 0 0 0 0 0 0 0 0 0 0 0 153 123 0 1 0 0 0 0 0 0 0 0 0
108 108 0 0 0 0 0 0 0 0 0 0 0 156 126 0 1 0 0 0 0 0 0 0 0 0
111 111 0 0 0 0 0 0 0 0 0 0 0 161 132 0 1 0 0 0 0 0 0 0 0 0
114 114 0 0 0 0 0 0 0 0 0 0 0 172 138 0 1 0 0 0 0 0 0 0 0 0
117 117 0 0 0 0 0 0 0 0 0 0 0 175 141 0 1 0 0 0 0 0 0 0 0 0
121 121 0 0 0 0 0 0 0 0 0 0 0 196 146 0 1 0 0 0 0 0 0 0 0 0
124 124 0 0 0 0 0 0 0 0 0 0 0 199 151 0 1 0 0 0 0 0 0 0 0 0
128 128 0 0 0 0 0 0 0 0 0 0 0 205 159 0 1 0 0 0 0 0 0 0 0 0
132 132 0 0 0 0 0 0 0 0 0 0 0 208 164 0 1 0 0 0 0 0 0 0 0 0
136 136 0 0 0 0 0 0 0 0 0 0 0 214 173 0 1 0 0 0 0 0 0 0 0 0
139 139 0 0 0 0 0 0 0 0 0 0 0 227 178 0 1 0 0 0 0 0 0 0 0 0
142 142 0 0 0 0 0 0 0 0 0 0 0 232 182 0 1 0 0 0 0 0 0 0 0 0
147 147 0 0 0 0 0 0 0 0 0 0 0 236 185 0 1 0 0 0 0 0 0 0 0 0
