# scores for worst/random/best/smart move selector strategies. 
# scores are 50% and 95% quantiles (based on 40 games) of: 
# game score, #destroyed, #unlocked, #stripes, #bombs, #zappers
3 3 0 0 0 0 0 0 0 0 0 0 0 30 15 0 0 0 0 0 0 0 0 0 0 0
10 10 0 0 0 0 0 0 0 0 0 0 0 50 36 0 1 0 0 0 0 0 0 0 0 0
15 15 0 0 0 0 0 0 0 0 0 0 0 68 48 0 1 0 0 0 0 0 0 0 0 0
20 20 0 0 0 0 0 0 0 0 0 0 0 120 61 0 2 0 0 0 0 0 0 0 0 0
27 27 0 0 0 0 0 0 0 0 0 0 0 124 66 2 2 1 0 0 0 0 0 0 0 0
33 33 0 0 0 0 0 0 0 0 0 0 0 136 69 2 2 1 0 0 0 0 0 0 0 0
42 39 0 0 0 0 0 0 0 0 0 0 0 192 100 2 3 1 0 0 0 0 0 0 0 0
52 45 0 0 0 0 0 0 0 0 0 0 0 319 130 2 4 1 1 0 0 0 1 0 0 0
64 54 0 0 0 0 0 0 0 0 0 0 0 322 136 4 4 1 1 0 0 0 1 0 0 0
100 63 0 1 0 0 0 0 0 0 0 0 0 353 146 5 4 2 1 0 0 0 1 0 0 0
117 71 0 1 0 0 0 0 0 0 0 0 0 357 150 5 4 2 1 0 0 0 1 0 0 0
125 81 0 1 0 0 0 0 0 0 0 0 0 432 158 5 4 2 1 0 0 0 1 0 0 0
136 90 0 1 0 0 0 0 0 0 0 0 0 435 163 5 4 2 1 0 0 0 1 0 0 0
166 100 0 1 0 0 0 0 0 0 0 0 0 438 168 5 4 2 1 0 0 0 1 0 0 0
176 105 0 2 0 0 0 0 0 0 0 0 0 441 171 5 4 2 1 0 0 0 1 0 0 0
188 112 1 2 0 0 0 0 0 0 0 0 0 446 194 8 4 2 1 0 0 0 1 0 0 0
193 118 1 2 0 0 0 0 0 0 0 0 0 571 221 8 5 3 1 0 0 0 1 0 0 0
208 127 2 2 0 0 0 0 0 0 0 0 0 574 226 8 5 3 1 0 0 0 1 0 0 0
228 136 2 3 0 0 0 0 0 0 0 0 0 657 257 9 5 4 1 0 0 0 1 0 0 0
238 139 2 3 0 0 0 0 0 0 0 0 0 662 262 9 6 4 1 0 0 0 1 0 0 0
248 147 2 3 1 0 0 0 0 0 0 0 0 667 268 9 6 4 1 0 0 0 1 0 0 0
266 160 2 3 1 0 0 0 0 0 0 0 0 673 281 9 6 4 1 0 0 0 1 0 0 0
276 167 2 3 1 0 0 0 0 0 0 0 0 677 298 10 7 4 1 0 0 0 1 0 0 0
312 174 4 4 1 0 0 0 0 0 0 0 0 680 303 10 7 4 2 1 0 0 1 0 0 0
331 187 4 4 1 0 0 0 0 0 0 0 0 761 319 10 7 4 2 1 1 0 1 0 0 0
334 193 4 4 1 0 0 0 0 0 0 0 0 769 324 10 7 4 2 1 1 0 1 0 0 0
358 209 4 4 1 0 0 0 0 0 0 0 0 821 327 10 7 5 2 1 1 0 1 0 0 0
362 214 4 4 1 0 0 0 0 0 0 0 0 943 373 10 10 6 2 1 1 0 1 0 0 0
383 220 4 4 1 0 0 0 0 0 0 0 0 960 390 10 10 6 2 1 1 0 2 0 0 0
413 235 5 5 1 0 0 0 0 0 0 0 0 965 396 11 10 6 2 1 1 0 2 0 0 0
426 238 5 5 1 0 0 0 0 0 0 0 0 1020 405 11 11 6 2 1 1 0 2 0 0 0
434 252 5 5 1 0 0 0 0 0 0 0 0 1023 408 11 11 6 2 1 1 0 2 0 0 0
442 255 5 5 1 0 0 0 0 0 0 0 0 1026 412 11 11 6 2 1 1 0 2 0 0 0
491 279 6 6 2 0 0 0 0 0 0 0 0 1030 423 14 11 6 2 1 1 0 2 0 0 0
505 287 6 6 2 0 0 0 0 0 0 0 0 1036 434 14 12 6 2 1 1 0 2 0 0 0
558 295 6 6 2 0 0 0 0 0 0 0 0 1039 439 14 12 6 2 1 1 0 2 0 0 0
578 303 6 6 2 0 0 0 0 0 0 0 0 1042 442 14 12 6 2 1 1 0 2 0 0 0
583 315 6 7 2 0 0 0 0 0 0 0 0 1047 447 14 12 6 2 1 1 0 2 0 0 0
598 324 6 7 2 0 0 0 0 0 0 0 0 1053 457 14 12 6 2 1 1 0 2 0 0 0
614 331 6 8 2 0 0 0 0 0 0 0 0 1067 460 14 13 6 2 1 1 0 2 0 0 0
633 348 6 8 2 0 0 0 0 0 0 0 0 1072 468 14 13 6 2 1 1 0 2 0 0 0
