# scores for worst/random/best/smart move selector strategies. 
# scores are 50% and 95% quantiles (based on 40 games) of: 
# game score, #destroyed, #unlocked, #stripes, #bombs, #zappers
3 3 0 0 0 0 0 0 0 0 0 0 0 30 15 0 0 0 0 0 0 0 0 0 0 0
10 10 0 0 0 0 0 0 0 0 0 0 0 46 26 0 1 0 0 0 0 0 0 0 0 0
25 22 0 0 0 0 0 0 0 0 0 0 0 109 43 2 1 0 0 0 0 0 0 0 0 0
47 29 0 0 0 0 0 0 0 0 0 0 0 164 66 2 3 1 0 0 0 0 0 0 0 0
79 39 0 1 0 0 0 0 0 0 0 0 0 208 78 4 3 1 1 0 0 0 0 0 0 0
99 50 2 2 0 0 0 0 0 0 0 0 0 400 110 7 6 1 1 1 0 0 1 0 0 0
147 66 2 2 0 0 0 0 0 0 0 0 0 432 133 12 7 2 1 1 1 0 1 0 0 0
177 79 3 2 0 0 0 0 0 0 0 0 0 560 161 14 7 3 1 1 1 0 1 0 0 0
228 97 4 3 1 0 0 0 0 0 0 0 0 687 204 14 13 4 2 1 1 1 2 1 0 0
247 115 5 3 1 0 0 0 0 0 0 0 0 840 246 18 16 6 2 1 1 1 2 1 0 0
329 134 6 4 1 1 0 0 0 0 0 0 0 855 267 19 16 6 2 1 1 1 2 1 0 0
377 154 7 5 1 1 0 0 0 0 0 0 0 955 284 19 20 8 3 1 1 1 2 1 0 0
423 183 8 6 1 1 0 0 0 1 0 0 0 1098 326 20 21 13 3 1 1 1 3 1 1 0
536 204 8 7 2 2 0 0 0 1 0 0 0 1155 357 20 22 13 4 1 1 1 3 1 1 0
583 227 8 7 3 2 0 0 0 1 0 0 0 1187 384 23 22 13 4 1 2 1 3 1 1 0
659 249 8 8 3 2 0 0 0 1 0 0 0 1234 407 23 23 17 4 1 2 1 3 1 1 0
721 270 8 9 3 2 0 0 0 1 0 0 0 1258 424 23 24 17 4 2 2 1 3 1 1 0
802 297 8 9 3 2 0 0 0 2 0 0 0 1630 486 23 27 18 4 2 2 1 3 1 1 0
849 327 8 10 4 2 1 0 0 2 0 0 0 1670 495 23 27 18 4 2 2 1 4 1 1 0
919 343 8 11 4 3 1 0 0 2 0 0 0 1788 544 23 29 18 5 2 2 1 4 1 1 0
969 371 8 11 5 3 1 1 0 2 0 0 0 1839 561 23 29 18 5 2 2 1 4 1 1 0
1052 383 8 12 5 3 1 1 0 2 0 0 0 1925 579 23 37 19 5 2 2 1 5 2 1 0
1104 402 8 12 5 3 1 1 0 2 0 0 0 1969 603 23 37 19 5 2 2 1 5 2 1 0
1196 422 8 13 5 3 1 1 0 2 0 0 0 2093 613 23 37 22 6 2 2 1 5 2 1 0
1279 442 8 14 6 3 1 1 0 3 0 0 0 2224 657 23 41 23 6 2 2 1 5 2 1 0
1320 468 8 15 6 4 1 1 0 3 0 0 0 2231 693 23 41 23 7 3 2 1 5 2 1 0
1354 481 8 15 7 4 1 1 0 3 0 0 0 2378 730 23 42 24 7 3 3 1 6 2 1 0
1401 495 8 16 7 4 1 1 0 3 0 0 0 2384 738 23 42 24 7 3 3 1 6 2 1 0
1501 540 8 17 7 4 1 1 0 3 0 0 0 2589 769 23 48 24 8 3 3 1 6 2 1 0
1592 579 8 18 8 4 1 1 0 4 0 0 0 2603 788 23 53 24 8 3 3 1 6 2 1 0
1702 608 8 18 8 4 1 1 0 4 0 0 0 2669 808 23 54 24 8 3 3 1 6 2 1 0
1776 632 8 20 8 4 1 1 0 4 0 0 0 2699 824 23 54 24 9 3 3 1 6 2 1 0
1793 649 8 20 8 5 1 1 0 4 0 0 0 2742 856 23 55 24 9 3 3 1 7 2 1 0
1863 676 8 20 8 5 1 1 0 4 0 0 0 2932 906 23 56 24 9 3 3 1 7 2 1 0
1932 702 8 23 8 5 1 1 0 4 0 0 0 2988 938 23 57 24 9 3 4 2 7 2 1 0
2010 718 8 24 9 5 2 1 0 4 0 0 0 3032 951 23 58 25 9 3 4 2 7 2 1 0
2066 732 8 25 9 5 2 1 0 4 0 0 0 3055 956 23 58 25 9 3 4 2 7 2 1 0
2106 760 8 26 10 6 2 1 0 5 0 0 0 3090 970 23 59 25 9 3 4 2 7 2 1 0
2205 776 8 26 10 6 2 1 0 5 0 0 0 3151 985 23 59 25 9 4 4 2 7 2 1 0
2275 813 8 28 10 7 2 1 0 5 0 0 0 3193 1026 23 60 25 10 4 4 2 7 2 1 0
2366 829 8 28 10 7 2 1 0 5 0 0 0 3236 1076 23 61 25 10 4 4 2 8 2 1 0
