# scores for worst/random/best/smart move selector strategies. 
# scores are 50% and 95% quantiles (based on 40 games) of: 
# game score, #destroyed, #unlocked, #stripes, #bombs, #zappers
3 3 0 0 0 0 0 0 0 0 0 0 0 30 15 0 0 0 0 0 0 0 0 0 0 0
8 8 0 0 0 0 0 0 0 0 0 0 0 38 23 0 0 0 0 0 0 0 0 0 0 0
14 14 0 0 0 0 0 0 0 0 0 0 0 43 35 0 0 0 0 0 0 0 0 0 0 0
18 18 0 0 0 0 0 0 0 0 0 0 0 57 42 0 1 0 0 0 0 0 0 0 0 0
22 22 0 0 0 0 0 0 0 0 0 0 0 65 52 0 1 0 0 0 0 0 0 0 0 0
27 27 0 0 0 0 0 0 0 0 0 0 0 69 63 0 1 0 0 0 0 0 0 0 0 0
34 34 0 0 0 0 0 0 0 0 0 0 0 77 67 0 1 0 0 0 0 0 0 0 0 0
41 41 0 0 0 0 0 0 0 0 0 0 0 80 77 0 1 0 0 0 0 0 0 0 0 0
46 46 0 0 0 0 0 0 0 0 0 0 0 101 80 1 1 0 0 0 0 0 0 0 0 0
54 53 0 0 0 0 0 0 0 0 0 0 0 104 84 2 1 0 0 0 0 0 0 0 0 0
66 60 0 0 0 0 0 0 0 0 0 0 0 128 93 2 1 1 0 0 0 0 0 0 0 0
74 66 0 0 0 0 0 0 0 0 0 0 0 177 113 2 2 1 0 0 0 0 0 0 0 0
82 72 0 0 0 0 0 0 0 0 0 0 0 199 119 3 2 1 0 0 0 0 0 0 0 0
93 78 0 0 0 0 0 0 0 0 0 0 0 214 134 3 2 1 0 0 0 0 0 0 0 0
102 83 0 0 0 0 0 0 0 0 0 0 0 219 139 3 2 1 0 0 0 0 0 0 0 0
110 93 0 0 0 0 0 0 0 0 0 0 0 232 144 3 3 1 0 0 0 0 0 0 0 0
121 99 0 0 0 0 0 0 0 0 0 0 0 255 152 3 3 1 0 0 0 0 0 0 0 0
125 105 0 0 0 0 0 0 0 0 0 0 0 260 168 3 3 1 0 0 0 0 0 0 0 0
152 115 0 1 0 0 0 0 0 0 0 0 0 272 172 4 3 1 0 0 0 0 0 0 0 0
156 119 0 1 0 0 0 0 0 0 0 0 0 277 179 4 3 1 0 0 0 0 0 0 0 0
162 122 0 1 0 0 0 0 0 0 0 0 0 281 184 4 3 1 0 0 0 0 0 0 0 0
175 133 0 1 0 0 0 0 0 0 0 0 0 309 191 4 4 1 0 0 0 0 0 0 0 0
179 137 0 1 0 0 0 0 0 0 0 0 0 365 218 4 5 1 0 0 0 0 0 0 0 0
186 145 0 1 0 0 0 0 0 0 0 0 0 371 225 4 5 1 0 0 0 0 0 0 0 0
201 152 1 1 0 0 0 0 0 0 0 0 0 391 235 4 5 1 0 0 0 0 0 0 0 0
216 158 1 1 0 0 0 0 0 0 0 0 0 397 251 4 5 1 0 0 0 0 0 0 0 0
229 166 1 1 0 0 0 0 0 0 0 0 0 404 258 4 5 1 0 0 0 0 0 0 0 0
232 173 1 1 0 0 0 0 0 0 0 0 0 407 264 4 5 2 0 0 0 0 0 0 0 0
242 183 1 1 0 0 0 0 0 0 0 0 0 410 267 4 5 2 0 0 0 0 0 0 0 0
249 191 1 1 0 0 0 0 0 0 0 0 0 429 270 5 6 2 0 0 0 0 0 0 0 0
262 201 1 1 0 0 0 0 0 0 0 0 0 434 277 5 6 2 0 0 0 0 0 0 0 0
282 207 1 1 0 0 0 0 0 0 0 0 0 440 281 5 6 2 0 0 0 0 0 0 0 0
287 213 1 2 0 0 0 0 0 0 0 0 0 443 292 5 6 2 0 0 0 0 0 0 0 0
302 219 1 2 0 0 0 0 0 0 0 0 0 448 302 6 6 2 0 0 0 0 0 0 0 0
315 226 1 2 0 0 0 0 0 0 0 0 0 464 306 6 6 2 0 0 0 0 0 0 0 0
328 232 1 2 1 0 0 0 0 0 0 0 0 489 311 6 7 2 0 0 0 0 0 0 0 0
336 240 1 2 1 0 0 0 0 0 0 0 0 502 316 6 7 2 0 0 0 0 0 0 0 0
356 247 2 3 1 0 0 0 0 0 0 0 0 505 321 6 7 2 0 0 0 0 0 0 0 0
363 252 2 3 1 0 0 0 0 0 0 0 0 512 331 6 7 2 0 0 0 0 0 0 0 0
377 259 2 3 1 0 0 0 0 0 0 0 0 562 352 6 7 3 0 0 0 0 0 0 0 0
384 268 2 3 1 0 0 0 0 0 0 0 0 565 355 6 7 3 0 0 0 0 0 0 0 0
