# scores for worst/random/best/smart move selector strategies. 
# scores are 50% and 95% quantiles (based on 40 games) of: 
# game score, #destroyed, #unlocked, #stripes, #bombs, #zappers
3 3 0 0 0 0 0 0 0 0 0 0 0 14 14 0 0 0 0 0 0 0 0 0 0 0
12 12 0 0 0 0 0 0 0 0 0 0 0 57 27 0 0 0 0 0 0 0 0 0 0 0
22 22 0 0 0 0 0 0 0 0 0 0 0 98 40 2 2 0 0 1 0 0 0 0 0 0
31 29 0 0 0 0 0 0 0 0 0 0 0 137 55 2 2 0 0 1 0 0 0 0 0 0
71 39 0 1 0 0 0 0 0 0 0 0 0 236 96 6 5 1 1 1 0 0 0 0 0 0
108 52 0 1 0 0 0 0 0 0 0 0 0 306 108 8 5 1 1 1 1 0 1 0 0 0
117 61 1 1 0 0 0 0 0 0 0 0 0 407 115 8 6 2 1 1 1 0 1 0 0 0
153 77 1 2 0 0 0 0 0 0 0 0 0 469 143 9 7 2 1 1 1 0 1 0 0 0
185 90 1 2 0 0 0 0 0 0 0 0 0 493 177 9 7 2 2 1 1 0 1 0 0 0
224 109 1 3 0 0 0 0 0 0 0 0 0 553 206 9 7 2 2 1 1 0 1 0 0 0
256 124 1 4 1 0 0 0 0 0 0 0 0 590 211 9 8 2 2 1 1 0 1 0 0 0
309 140 2 4 1 0 1 0 0 0 0 0 0 706 215 9 15 2 2 2 1 0 1 0 0 0
342 158 2 6 1 0 1 0 0 0 0 0 0 733 220 9 15 2 2 2 1 0 2 0 0 0
388 170 2 6 1 0 1 0 0 0 0 0 0 738 232 9 15 3 2 2 1 0 2 0 0 0
414 185 2 6 1 1 1 0 0 1 0 0 0 809 281 9 16 4 2 2 1 0 2 0 0 0
467 194 2 6 1 1 1 0 0 1 0 0 0 899 293 9 21 4 3 2 1 0 3 1 0 0
491 211 2 7 1 1 1 0 0 1 0 0 0 1003 333 9 21 5 3 2 2 1 3 1 0 0
550 235 2 8 1 1 1 0 0 1 0 0 0 1030 373 9 22 5 4 2 2 1 4 1 0 0
573 242 2 8 2 1 1 0 0 1 0 0 0 1081 395 9 22 6 5 2 2 1 4 1 0 0
606 266 2 9 2 1 1 0 0 1 0 0 0 1095 407 9 23 6 5 3 2 1 4 1 0 0
645 279 2 9 2 1 1 0 0 1 0 0 0 1116 416 9 23 6 5 3 2 1 4 1 0 0
668 285 2 10 2 1 1 0 0 1 0 0 0 1167 440 9 24 7 5 3 2 1 4 1 0 0
676 293 2 10 2 1 1 0 0 1 0 0 0 1230 457 9 24 7 5 3 2 1 4 1 0 0
855 312 2 11 2 2 1 0 0 1 0 0 0 1278 482 9 27 8 5 4 2 1 4 1 0 0
929 342 2 12 2 2 1 0 0 1 0 0 0 1373 498 9 28 8 5 4 3 1 4 1 0 0
957 350 2 12 2 2 1 1 0 1 0 0 0 1401 522 9 28 8 5 4 3 1 4 1 0 0
998 381 2 13 2 2 1 1 0 1 0 0 0 1487 544 9 29 9 5 4 3 1 4 1 0 0
1010 386 2 13 3 2 1 1 0 1 0 0 0 1534 557 9 29 9 5 4 3 1 4 1 0 0
1114 405 2 14 3 2 1 1 0 1 0 0 0 2023 570 9 33 19 5 4 3 1 4 1 1 0
1158 422 2 14 3 2 2 1 0 1 0 0 0 2060 581 9 33 19 6 4 3 1 5 1 1 0
1177 428 2 15 3 2 2 1 0 2 0 0 0 2104 602 9 34 19 6 4 3 1 5 1 1 0
1245 447 2 16 3 2 2 1 0 2 0 0 0 2190 622 9 36 19 6 4 3 1 6 1 1 0
1291 464 2 17 3 2 2 1 0 2 0 0 0 2202 651 9 36 19 7 4 3 1 6 1 1 0
1319 476 2 17 3 2 2 1 0 2 0 0 0 2384 711 9 39 21 7 4 3 1 6 1 1 0
1331 490 2 18 3 3 2 1 0 2 0 0 0 2559 749 9 39 21 7 4 3 1 6 1 1 0
1388 509 2 19 4 3 2 1 0 2 0 0 0 2585 758 9 45 21 7 4 3 1 6 1 1 0
1426 530 2 20 4 3 2 1 0 2 0 0 0 2609 764 9 45 21 7 5 3 1 6 1 1 0
1448 549 2 20 4 3 2 1 0 2 0 0 0 2619 799 9 49 21 7 5 3 1 6 2 1 0
1496 575 2 21 4 3 2 1 0 2 0 0 0 2681 814 9 49 21 7 5 3 1 6 2 1 0
1504 592 2 23 4 3 2 1 0 2 0 0 0 2688 825 9 49 22 7 5 3 1 6 2 1 0
1609 605 2 23 5 3 3 1 0 2 0 0 0 2693 833 9 49 22 7 5 3 1 6 2 1 0
