# scores for worst/random/best/smart move selector strategies. 
# scores are 50% and 95% quantiles (based on 40 games) of: 
# game score, #destroyed, #unlocked, #stripes, #bombs, #zappers
3 3 0 0 0 0 0 0 0 0 0 0 0 14 14 0 0 0 0 0 0 0 0 0 0 0
9 9 0 0 0 0 0 0 0 0 0 0 0 57 26 0 0 0 0 0 0 0 0 0 0 0
13 13 0 0 0 0 0 0 0 0 0 0 0 64 34 0 0 0 0 0 0 0 0 0 0 0
20 20 0 0 0 0 0 0 0 0 0 0 0 88 45 1 1 0 0 0 0 0 0 0 0 0
24 24 0 0 0 0 0 0 0 0 0 0 0 92 51 1 1 0 0 0 0 0 0 0 0 0
30 30 0 0 0 0 0 0 0 0 0 0 0 98 58 1 1 0 0 0 0 0 0 0 0 0
46 40 0 0 0 0 0 0 0 0 0 0 0 109 66 1 1 0 0 0 0 0 0 0 0 0
55 49 0 0 0 0 0 0 0 0 0 0 0 131 73 2 2 0 0 0 0 0 0 0 0 0
66 54 0 0 0 0 0 0 0 0 0 0 0 137 80 2 2 0 0 0 0 0 0 0 0 0
80 62 0 0 0 0 0 0 0 0 0 0 0 151 88 2 2 1 0 0 0 0 0 0 0 0
90 72 0 1 0 0 0 0 0 0 0 0 0 168 96 2 2 1 0 0 0 0 0 0 0 0
107 82 0 1 0 0 0 0 0 0 0 0 0 172 105 2 2 1 0 0 0 0 0 0 0 0
118 87 0 1 0 0 0 0 0 0 0 0 0 241 130 2 3 1 0 0 0 0 0 0 0 0
140 100 0 1 0 0 0 0 0 0 0 0 0 284 145 2 3 1 1 0 0 0 0 0 0 0
148 106 0 1 0 0 0 0 0 0 0 0 0 366 178 2 4 2 1 0 0 0 1 0 0 0
155 110 0 1 0 0 0 0 0 0 0 0 0 381 185 2 5 2 1 0 0 0 1 0 0 0
165 118 0 1 0 0 0 0 0 0 0 0 0 440 197 2 5 3 1 0 0 0 1 0 0 0
188 130 0 2 0 0 0 0 0 0 0 0 0 459 200 3 5 3 1 0 0 0 1 0 0 0
221 139 0 2 0 0 0 0 0 0 0 0 0 462 207 3 6 3 1 0 0 0 1 0 0 0
229 148 0 2 1 0 0 0 0 0 0 0 0 470 212 3 7 3 1 0 0 0 1 0 0 0
239 155 0 2 1 0 0 0 0 0 0 0 0 475 220 3 7 3 1 0 0 0 1 0 0 0
254 163 0 2 1 0 0 0 0 0 0 0 0 500 239 3 7 4 1 0 0 0 1 0 0 0
286 170 0 2 1 0 0 0 0 0 0 0 0 551 261 3 7 4 1 1 0 0 1 0 0 0
310 177 0 3 1 0 0 0 0 0 0 0 0 562 266 3 7 4 1 1 0 0 1 0 0 0
316 186 0 3 1 0 0 0 0 0 0 0 0 568 272 3 7 4 1 1 0 0 1 0 0 0
324 192 0 3 1 0 0 0 0 0 0 0 0 580 285 3 8 4 1 1 0 0 1 0 0 0
337 202 0 3 1 0 0 0 0 0 0 0 0 637 311 3 8 4 1 1 0 0 1 0 0 0
348 211 0 4 1 0 0 0 0 0 0 0 0 640 315 3 8 4 1 1 0 0 1 0 0 0
368 218 1 4 1 0 0 0 0 0 0 0 0 651 328 3 8 4 1 1 0 0 1 0 0 0
371 225 1 4 1 0 0 0 0 0 0 0 0 708 343 3 8 4 1 1 0 0 1 0 0 0
387 229 1 4 1 0 0 0 0 0 0 0 0 711 348 3 9 5 1 1 0 0 1 0 0 0
403 242 1 4 1 0 0 0 0 0 0 0 0 714 351 3 9 5 1 1 0 0 1 0 0 0
408 254 1 4 2 0 0 0 0 0 0 0 0 772 384 3 10 5 1 1 0 0 1 0 0 0
416 257 1 4 2 0 0 0 0 0 0 0 0 806 395 3 10 5 1 1 0 0 1 0 0 0
420 266 1 4 2 0 0 0 0 0 0 0 0 809 400 3 10 5 1 1 0 0 1 0 0 0
459 269 1 5 2 0 0 0 0 0 0 0 0 823 408 3 10 5 1 1 0 0 1 0 0 0
499 285 1 5 2 0 0 0 0 0 0 0 0 836 412 3 11 5 1 1 0 0 1 0 0 0
513 294 1 5 2 0 0 0 0 0 0 0 0 873 427 3 11 5 2 1 0 0 1 0 0 0
523 306 1 5 2 0 0 0 0 0 0 0 0 891 443 3 11 5 2 1 0 0 1 0 0 0
548 316 1 6 2 0 0 0 0 0 0 0 0 907 447 3 11 5 2 1 0 0 1 0 0 0
551 324 1 6 2 0 0 0 0 0 0 0 0 910 450 3 11 5 2 1 0 0 1 0 0 0
