# scores for worst/random/best/smart move selector strategies. 
# scores are 50% and 95% quantiles (based on 40 games) of: 
# game score, #destroyed, #unlocked, #stripes, #bombs, #zappers
3 3 0 0 0 0 0 0 0 0 0 0 0 14 14 0 0 0 0 0 0 0 0 0 0 0
12 12 0 0 0 0 0 0 0 0 0 0 0 76 31 0 1 0 0 0 0 0 0 0 0 0
24 24 0 0 0 0 0 0 0 0 0 0 0 124 52 2 2 0 0 1 0 0 0 0 0 0
70 36 0 0 0 0 0 0 0 0 0 0 0 168 69 3 3 1 1 1 0 0 1 0 0 0
114 53 0 1 0 0 0 0 0 0 0 0 0 282 116 9 3 2 1 1 1 0 1 0 0 0
154 69 1 2 0 0 0 0 0 0 0 0 0 445 153 9 4 3 2 1 1 0 1 0 0 0
219 100 1 2 1 0 0 0 0 0 0 0 0 512 192 9 6 3 2 1 1 0 2 0 0 0
271 119 1 3 1 0 0 0 0 0 0 0 0 652 231 9 13 3 2 1 1 0 2 0 0 0
302 136 2 4 1 0 0 0 0 0 0 0 0 731 254 9 20 4 3 2 1 1 2 1 0 0
377 165 2 4 1 1 0 0 0 0 0 0 0 810 273 9 20 4 3 2 1 1 2 1 0 0
457 186 2 5 2 1 1 0 0 1 0 0 0 862 300 10 22 5 3 2 2 1 2 1 0 0
510 212 2 6 2 1 1 0 0 1 0 0 0 980 320 10 24 5 3 2 2 1 2 1 0 0
559 228 2 7 2 1 1 0 0 1 0 0 0 1081 351 10 25 5 3 2 2 1 2 1 0 0
618 259 2 8 2 1 1 0 0 1 0 0 0 1118 375 10 25 5 3 2 2 1 3 1 0 0
648 273 2 8 3 1 1 1 0 1 0 0 0 1331 427 10 26 6 4 2 2 1 3 1 0 0
713 303 2 9 3 1 1 1 0 1 0 0 0 1831 443 10 28 13 5 2 2 1 3 1 0 0
763 326 2 10 4 2 1 1 0 1 0 0 0 1942 460 10 28 21 5 2 2 1 3 1 1 0
819 346 2 10 4 2 1 1 0 2 0 0 0 1978 488 10 28 21 5 3 2 1 3 1 1 0
871 370 2 10 4 2 1 1 0 2 0 0 0 1987 501 10 29 24 5 3 2 1 3 1 1 0
963 400 2 11 4 2 1 1 0 2 0 0 0 2102 565 10 29 24 5 3 2 1 4 1 1 0
1036 425 2 12 5 2 1 1 0 2 0 0 0 2187 579 10 30 25 5 3 3 1 4 1 1 0
1089 442 2 12 5 2 1 1 0 2 0 0 0 2336 613 10 30 28 5 3 3 1 4 1 1 0
1177 467 2 13 5 2 1 1 0 2 0 0 0 2401 656 10 31 28 6 3 3 1 4 1 1 0
1246 496 2 14 6 3 1 1 0 2 0 0 0 2453 675 10 33 30 6 3 3 1 5 1 1 0
1293 525 2 14 6 3 1 1 0 2 0 0 0 2506 687 10 35 30 6 3 3 1 5 1 1 0
1408 539 2 17 6 4 1 1 0 2 0 0 0 2572 726 10 35 30 7 3 3 1 5 1 1 0
1525 568 2 18 6 4 1 1 0 2 0 0 0 2671 751 10 36 30 7 3 3 1 5 1 1 0
1622 592 2 18 7 4 1 1 0 3 0 0 0 2679 779 10 36 30 7 3 3 1 6 1 1 0
1652 609 2 19 7 4 2 1 0 3 0 0 0 2771 818 10 38 30 7 3 3 1 6 1 1 0
1706 632 2 19 7 4 2 1 0 3 0 0 0 2900 887 10 38 30 8 4 3 1 6 1 1 0
1750 656 2 20 7 5 2 1 0 3 0 0 0 3162 924 10 44 30 9 4 3 1 7 2 1 0
1796 676 2 20 8 5 2 1 0 3 0 0 0 3216 942 10 44 30 9 4 3 1 7 2 1 0
1868 713 2 21 8 5 2 1 0 3 0 0 0 3234 960 10 48 30 9 4 3 1 7 2 1 0
1942 743 2 22 8 5 2 1 0 4 0 0 0 3358 1005 10 48 30 9 4 3 1 7 2 1 1
2048 763 2 23 8 6 2 1 0 4 0 0 0 3449 1041 10 51 30 9 4 3 1 7 2 1 1
2084 785 2 24 8 6 2 1 0 4 0 0 0 3486 1049 10 51 30 9 4 4 1 7 2 1 1
2311 814 2 26 9 6 2 1 0 4 0 0 0 3505 1059 10 54 30 10 4 4 1 7 2 1 1
2358 831 2 27 10 6 2 1 0 4 0 0 0 3548 1079 10 58 31 10 4 4 1 7 2 1 1
2415 857 2 27 10 6 2 2 0 4 0 0 0 3795 1106 10 59 31 10 4 4 1 7 2 1 1
2437 880 2 28 10 6 2 2 0 4 0 0 0 3975 1116 10 62 31 10 4 4 1 8 2 1 1
2502 905 2 28 10 6 2 2 0 5 0 0 0 4055 1144 10 62 31 10 4 4 1 8 2 1 1
