# scores for worst/random/best/smart move selector strategies. 
# scores are 50% and 95% quantiles (based on 40 games) of: 
# game score, #destroyed, #unlocked, #stripes, #bombs, #zappers
3 3 0 0 0 0 0 0 0 0 0 0 0 14 14 0 0 0 0 0 0 0 0 0 0 0
9 9 0 0 0 0 0 0 0 0 0 0 0 22 22 0 0 0 0 0 0 0 0 0 0 0
14 14 0 0 0 0 0 0 0 0 0 0 0 35 35 0 0 0 0 0 0 0 0 0 0 0
18 18 0 0 0 0 0 0 0 0 0 0 0 53 46 0 0 0 0 0 0 0 0 0 0 0
22 22 0 0 0 0 0 0 0 0 0 0 0 65 59 0 0 0 0 0 0 0 0 0 0 0
30 30 0 0 0 0 0 0 0 0 0 0 0 101 73 1 1 1 0 0 0 0 0 0 0 0
40 34 0 0 0 0 0 0 0 0 0 0 0 106 85 1 1 1 0 0 0 0 0 0 0 0
44 42 0 0 0 0 0 0 0 0 0 0 0 169 104 1 1 1 0 0 0 0 0 0 0 0
54 48 0 0 0 0 0 0 0 0 0 0 0 174 107 1 1 1 0 0 0 0 0 0 0 0
62 55 0 0 0 0 0 0 0 0 0 0 0 181 112 1 1 1 0 0 0 0 0 0 0 0
70 62 0 0 0 0 0 0 0 0 0 0 0 185 118 1 1 1 0 0 0 0 0 0 0 0
80 66 0 0 0 0 0 0 0 0 0 0 0 192 124 2 2 1 0 0 0 0 0 0 0 0
87 72 0 0 0 0 0 0 0 0 0 0 0 211 127 2 2 2 0 0 0 0 0 0 0 0
100 79 0 0 0 0 0 0 0 0 0 0 0 216 136 2 2 2 0 0 0 0 0 0 0 0
109 86 0 0 0 0 0 0 0 0 0 0 0 223 139 2 2 2 0 0 0 0 0 0 0 0
112 90 0 0 0 0 0 0 0 0 0 0 0 250 165 2 2 2 0 0 0 0 0 0 0 0
116 97 0 0 0 0 0 0 0 0 0 0 0 264 174 2 2 2 0 0 0 0 0 0 0 0
121 106 0 0 0 0 0 0 0 0 0 0 0 328 181 2 2 2 0 0 0 0 0 0 0 0
129 110 0 0 0 0 0 0 0 0 0 0 0 333 187 2 2 2 0 0 0 0 0 0 0 0
135 116 0 0 0 0 0 0 0 0 0 0 0 336 195 2 3 2 0 0 0 0 0 0 0 0
147 122 0 1 0 0 0 0 0 0 0 0 0 342 202 2 3 2 0 0 0 0 0 0 0 0
157 130 0 1 0 0 0 0 0 0 0 0 0 400 240 2 3 2 0 0 0 0 0 0 0 0
164 138 0 1 0 0 0 0 0 0 0 0 0 440 252 2 3 2 0 0 0 0 0 0 0 0
167 142 0 1 0 0 0 0 0 0 0 0 0 443 259 2 3 2 0 0 0 0 0 0 0 0
174 145 0 1 0 0 0 0 0 0 0 0 0 453 265 2 3 2 0 0 0 0 0 0 0 0
190 151 0 1 0 0 0 0 0 0 0 0 0 456 268 2 3 2 0 0 0 0 0 0 0 0
210 159 0 1 0 0 0 0 0 0 0 0 0 459 271 2 4 2 0 0 0 0 0 0 0 0
218 164 0 1 0 0 0 0 0 0 0 0 0 463 275 2 4 2 0 0 0 0 0 0 0 0
240 176 0 1 0 0 0 0 0 0 0 0 0 473 293 2 4 2 0 0 0 0 0 0 0 0
244 181 0 1 0 0 0 0 0 0 0 0 0 487 300 2 4 3 0 0 0 0 0 0 0 0
253 189 0 2 0 0 0 0 0 0 0 0 0 524 303 2 4 3 0 0 0 0 0 0 0 0
261 192 0 2 0 0 0 0 0 0 0 0 0 530 306 2 4 3 0 0 0 0 0 0 0 0
265 197 0 2 0 0 0 0 0 0 0 0 0 535 311 2 4 3 0 0 0 0 0 0 0 0
270 203 0 2 0 0 0 0 0 0 0 0 0 538 314 2 4 3 0 0 0 0 0 0 0 0
282 214 0 2 1 0 0 0 0 0 0 0 0 541 320 2 4 3 0 0 0 0 0 0 0 0
291 222 0 2 1 0 0 0 0 0 0 0 0 545 331 2 5 3 0 0 0 0 0 0 0 0
299 227 0 2 1 0 0 0 0 0 0 0 0 548 335 2 5 3 0 0 0 0 0 0 0 0
309 230 0 2 1 0 0 0 0 0 0 0 0 551 340 2 5 3 0 0 0 0 0 0 0 0
312 234 0 2 1 0 0 0 0 0 0 0 0 554 347 2 5 3 0 0 0 0 0 0 0 0
320 240 0 2 1 0 0 0 0 0 0 0 0 559 350 2 5 3 0 0 0 0 0 0 0 0
330 253 0 2 1 0 0 0 0 0 0 0 0 562 358 2 5 3 0 0 0 0 0 0 0 0
