# scores for worst/random/best/smart move selector strategies. 
# scores are 50% and 95% quantiles (based on 40 games) of: 
# game score, #destroyed, #unlocked, #stripes, #bombs, #zappers
0 0 0 0 0 0 0 0 0 0 0 0 0 6 6 0 0 0 0 0 0 0 0 0 0 0
6 6 0 0 0 0 0 0 0 0 0 0 0 10 10 0 0 0 0 0 0 0 0 0 0 0
9 9 0 0 0 0 0 0 0 0 0 0 0 19 19 0 0 0 0 0 0 0 0 0 0 0
14 14 0 0 0 0 0 0 0 0 0 0 0 60 24 0 0 0 0 0 0 0 0 0 0 0
19 19 0 0 0 0 0 0 0 0 0 0 0 66 31 0 1 0 0 0 0 0 0 0 0 0
27 26 0 0 0 0 0 0 0 0 0 0 0 81 40 0 1 0 1 0 0 0 1 0 0 0
32 30 0 0 0 0 0 0 0 0 0 0 0 100 50 0 1 0 1 0 0 0 1 0 0 0
41 36 0 0 0 0 0 0 0 0 0 0 0 123 62 1 1 0 1 0 0 0 1 0 0 0
50 40 0 0 0 0 0 0 0 0 0 0 0 128 70 1 1 0 1 0 0 0 1 0 0 0
60 50 0 0 0 0 0 0 0 0 0 0 0 135 81 1 2 1 1 0 0 0 1 0 0 0
73 56 0 1 0 0 0 0 0 0 0 0 0 153 91 2 2 1 1 1 0 0 1 0 0 0
79 62 0 1 0 0 0 0 0 0 0 0 0 169 97 2 2 1 1 1 0 0 1 0 0 0
91 68 0 1 0 0 0 0 0 0 0 0 0 181 104 3 2 1 1 1 0 0 1 0 0 0
99 72 0 1 0 0 0 0 0 0 0 0 0 199 112 3 3 1 1 1 0 0 1 0 0 0
115 77 0 1 0 0 0 0 0 0 0 0 0 246 127 4 4 1 1 1 0 0 1 0 0 0
136 82 0 1 0 0 0 0 0 0 0 0 0 249 130 4 4 1 1 1 0 0 1 0 0 0
148 90 0 2 0 0 0 0 0 0 0 0 0 264 139 4 4 1 1 1 1 0 1 0 0 0
165 97 0 2 0 0 0 0 0 0 0 0 0 297 149 4 5 1 1 1 1 0 1 0 0 0
171 105 0 2 0 0 0 0 0 0 0 0 0 337 163 4 5 1 1 1 1 0 1 0 0 0
193 114 0 2 0 0 0 0 0 0 0 0 0 347 168 5 5 2 1 1 1 0 1 0 0 0
202 121 0 2 0 0 0 0 0 0 0 0 0 356 176 5 5 2 1 1 1 0 1 0 0 0
232 130 1 3 0 0 0 0 0 0 0 0 0 360 182 6 5 2 1 1 1 0 1 0 0 0
253 136 1 3 0 0 0 0 0 0 0 0 0 407 189 6 5 2 1 1 1 0 1 0 0 0
277 140 1 3 0 0 0 0 0 0 0 0 0 419 196 6 5 2 2 1 1 0 2 0 0 0
280 146 1 3 0 0 0 0 0 0 0 0 0 424 205 6 6 2 2 2 1 0 2 0 0 0
287 152 1 4 0 0 0 0 0 0 0 0 0 443 212 6 6 2 2 2 1 0 2 0 0 0
296 162 1 4 0 0 0 0 0 0 0 0 0 448 217 6 6 2 2 2 1 0 2 0 0 0
327 169 1 4 0 0 0 0 0 0 0 0 0 452 221 7 7 2 2 2 1 0 2 0 0 0
335 175 1 4 0 0 0 0 0 0 0 0 0 542 242 8 8 2 2 2 1 0 2 0 0 0
365 182 1 5 1 0 0 0 0 0 0 0 0 546 247 8 9 2 2 2 1 0 2 0 0 0
382 191 1 5 1 0 0 0 0 0 0 0 0 567 252 8 9 2 2 2 1 0 2 0 0 0
390 195 1 5 1 0 1 0 0 0 0 0 0 605 274 8 9 2 2 2 1 0 2 0 0 0
402 200 1 6 1 0 1 0 0 0 0 0 0 635 277 8 9 2 2 2 1 0 2 0 0 0
421 209 1 6 1 0 1 0 0 0 0 0 0 641 282 8 10 2 2 2 1 0 2 0 0 0
437 216 1 6 1 0 1 0 0 0 0 0 0 690 286 8 11 2 2 2 1 0 2 0 0 0
443 220 1 6 1 0 1 0 0 0 0 0 0 729 304 8 11 2 2 2 1 0 2 0 0 0
473 233 1 6 1 0 1 0 0 0 0 0 0 734 309 8 11 2 2 2 1 0 2 0 0 0
478 239 1 6 1 0 1 0 0 0 0 0 0 738 312 8 11 2 2 2 1 0 2 0 0 0
487 244 1 7 1 0 1 0 0 0 0 0 0 748 323 8 11 2 2 2 1 0 2 0 0 0
505 253 1 7 1 0 1 0 0 0 0 0 0 765 331 8 11 2 2 3 1 0 2 0 0 0
517 263 2 7 1 0 1 0 0 0 0 0 0 773 336 8 12 2 2 3 1 0 2 0 0 0
