# scores for worst/random/best/smart move selector strategies. 
# scores are 50% and 95% quantiles (based on 40 games) of: 
# game score, #destroyed, #unlocked, #stripes, #bombs, #zappers
3 3 0 0 0 0 0 0 0 0 0 0 0 16 16 0 0 0 0 0 0 0 0 0 0 0
6 6 0 0 0 0 0 0 0 0 0 0 0 22 22 0 0 0 0 0 0 0 0 0 0 0
12 12 0 0 0 0 0 0 0 0 0 0 0 54 30 0 0 0 0 0 0 0 0 0 0 0
15 15 0 0 0 0 0 0 0 0 0 0 0 82 36 2 1 0 0 0 0 0 0 0 0 0
21 21 0 0 0 0 0 0 0 0 0 0 0 85 39 2 1 0 0 0 0 0 0 0 0 0
26 26 0 0 0 0 0 0 0 0 0 0 0 90 44 2 1 0 1 0 0 0 1 0 0 0
34 33 0 0 0 0 0 0 0 0 0 0 0 102 52 2 2 0 1 1 0 0 1 0 0 0
38 37 0 0 0 0 0 0 0 0 0 0 0 108 61 2 2 0 1 1 0 0 1 0 0 0
42 41 0 0 0 0 0 0 0 0 0 0 0 134 68 2 3 0 1 1 0 0 1 0 0 0
48 45 0 0 0 0 0 0 0 0 0 0 0 184 85 2 3 0 1 1 0 0 1 0 0 0
52 51 0 0 0 0 0 0 0 0 0 0 0 190 92 2 3 0 1 1 0 0 1 0 0 0
57 55 0 0 0 0 0 0 0 0 0 0 0 193 95 2 3 0 1 1 0 0 1 0 0 0
75 62 0 0 0 0 0 0 0 0 0 0 0 197 98 4 4 0 1 1 0 0 1 0 0 0
93 65 0 0 0 0 0 0 0 0 0 0 0 200 103 4 4 0 1 1 0 0 1 0 0 0
98 69 0 0 0 0 0 0 0 0 0 0 0 257 119 5 4 0 1 1 0 0 1 0 0 0
103 73 0 0 0 0 0 0 0 0 0 0 0 260 122 5 4 0 1 1 0 0 1 0 0 0
108 78 0 1 0 0 0 0 0 0 0 0 0 263 125 5 4 0 1 1 0 0 1 0 0 0
114 83 0 1 0 0 0 0 0 0 0 0 0 266 131 5 4 0 1 1 0 0 1 0 0 0
118 88 0 1 0 0 0 0 0 0 0 0 0 269 135 5 4 0 1 1 0 0 1 0 0 0
134 96 1 1 0 0 0 0 0 0 0 0 0 272 139 5 4 0 1 1 0 0 1 0 0 0
139 99 1 1 0 0 0 0 0 0 0 0 0 282 144 7 5 0 1 1 0 0 1 0 0 0
153 105 1 1 0 0 0 0 0 0 0 0 0 286 147 8 5 0 1 1 0 0 1 0 0 0
165 115 1 1 0 0 0 0 0 0 0 0 0 299 158 8 6 0 1 1 0 0 1 0 0 0
170 119 1 2 0 0 0 0 0 0 0 0 0 320 166 8 6 1 1 2 0 0 1 0 0 0
201 122 1 2 0 0 0 0 0 0 0 0 0 324 170 8 6 1 1 2 0 0 1 0 0 0
211 127 2 2 0 0 0 0 0 0 0 0 0 330 176 8 6 1 2 2 0 0 1 0 0 0
217 131 2 2 0 0 0 0 0 0 0 0 0 356 182 8 6 1 2 2 0 0 1 0 0 0
229 137 2 2 0 0 0 0 0 0 0 0 0 362 187 8 6 1 2 2 0 0 1 0 0 0
236 143 2 3 0 0 0 0 0 0 0 0 0 388 196 8 6 1 2 2 0 0 1 0 0 0
244 148 2 3 0 0 0 0 0 0 0 0 0 392 200 8 6 1 2 2 0 0 1 0 0 0
247 154 2 3 0 0 0 0 0 0 0 0 0 395 205 8 6 1 2 2 0 0 1 0 0 0
258 157 2 3 0 0 0 0 0 0 0 0 0 400 210 8 6 1 2 2 0 0 1 0 0 0
263 162 2 3 0 0 0 0 0 0 0 0 0 404 214 9 6 1 2 2 0 0 1 0 0 0
272 169 2 3 0 0 0 0 0 0 0 0 0 407 217 9 6 1 2 2 0 0 1 0 0 0
280 176 2 3 0 0 0 0 0 0 0 0 0 483 232 9 7 1 2 2 0 0 1 0 0 0
286 183 2 3 0 0 0 0 0 0 0 0 0 489 238 9 7 1 2 2 0 0 1 0 0 0
289 187 2 3 0 0 0 0 0 0 0 0 0 495 243 9 7 1 2 2 0 0 1 0 0 0
296 192 2 4 0 0 0 0 0 0 0 0 0 503 246 9 7 1 2 2 0 0 1 0 0 0
305 197 2 4 0 0 0 0 0 0 0 0 0 526 252 10 7 1 2 2 0 0 1 0 0 0
322 203 2 4 0 0 0 0 0 0 0 0 0 531 258 10 8 1 2 2 0 0 1 0 0 0
335 208 2 4 0 0 0 0 0 0 0 0 0 536 263 10 9 1 2 3 0 0 1 0 0 0
