# scores for worst/random/best/smart move selector strategies. 
# scores are 50% and 95% quantiles (based on 40 games) of: 
# game score, #destroyed, #unlocked, #stripes, #bombs, #zappers
3 3 0 0 0 0 0 0 0 0 0 0 0 16 16 0 0 0 0 0 0 0 0 0 0 0
6 6 0 0 0 0 0 0 0 0 0 0 0 20 20 0 0 0 0 0 0 0 0 0 0 0
12 12 0 0 0 0 0 0 0 0 0 0 0 25 25 0 0 0 0 0 0 0 0 0 0 0
16 16 0 0 0 0 0 0 0 0 0 0 0 31 31 0 0 0 0 0 0 0 0 0 0 0
19 19 0 0 0 0 0 0 0 0 0 0 0 51 39 0 0 0 0 0 0 0 0 0 0 0
22 22 0 0 0 0 0 0 0 0 0 0 0 55 42 0 0 0 0 0 0 0 0 0 0 0
28 28 0 0 0 0 0 0 0 0 0 0 0 59 45 0 1 0 0 0 0 0 0 0 0 0
34 33 0 0 0 0 0 0 0 0 0 0 0 65 48 0 1 0 0 0 0 0 0 0 0 0
39 39 0 0 0 0 0 0 0 0 0 0 0 68 55 0 1 0 0 0 0 0 0 0 0 0
43 42 0 0 0 0 0 0 0 0 0 0 0 86 60 0 1 0 0 0 0 0 0 0 0 0
48 46 0 0 0 0 0 0 0 0 0 0 0 105 64 0 1 0 0 0 0 0 0 0 0 0
53 49 0 0 0 0 0 0 0 0 0 0 0 108 71 1 1 0 0 0 0 0 0 0 0 0
57 54 0 0 0 0 0 0 0 0 0 0 0 119 79 1 1 0 0 0 0 0 0 0 0 0
60 58 0 0 0 0 0 0 0 0 0 0 0 123 84 1 1 0 0 0 0 0 0 0 0 0
68 63 0 0 0 0 0 0 0 0 0 0 0 126 88 2 2 0 0 0 0 0 0 0 0 0
77 67 0 0 0 0 0 0 0 0 0 0 0 136 91 2 2 0 0 0 0 0 0 0 0 0
80 71 0 0 0 0 0 0 0 0 0 0 0 139 96 2 2 0 0 0 0 0 0 0 0 0
84 76 0 0 0 0 0 0 0 0 0 0 0 172 105 2 2 1 0 0 0 0 0 0 0 0
87 80 0 0 0 0 0 0 0 0 0 0 0 175 109 2 2 1 0 0 0 0 0 0 0 0
93 86 0 0 0 0 0 0 0 0 0 0 0 182 113 2 2 1 1 0 0 0 1 0 0 0
97 90 0 0 0 0 0 0 0 0 0 0 0 185 117 2 2 1 1 0 0 0 1 0 0 0
112 93 0 0 0 0 0 0 0 0 0 0 0 188 121 2 2 1 1 0 0 0 1 0 0 0
121 99 0 0 0 0 0 0 0 0 0 0 0 203 128 2 2 1 1 0 0 0 1 0 0 0
125 105 0 0 0 0 0 0 0 0 0 0 0 206 131 2 2 1 1 0 0 0 1 0 0 0
130 110 0 0 0 0 0 0 0 0 0 0 0 209 134 2 2 1 1 0 0 0 1 0 0 0
143 113 0 0 0 0 0 0 0 0 0 0 0 224 153 2 2 1 1 0 0 0 1 0 0 0
148 117 0 0 0 0 0 0 0 0 0 0 0 239 156 2 3 1 1 0 0 0 1 0 0 0
151 120 0 0 0 0 0 0 0 0 0 0 0 244 159 3 3 1 1 0 0 0 1 0 0 0
157 123 0 1 0 0 0 0 0 0 0 0 0 268 169 3 3 1 1 1 0 0 1 0 0 0
163 129 0 1 0 0 0 0 0 0 0 0 0 276 174 3 3 1 1 1 0 0 1 0 0 0
168 132 0 1 0 0 0 0 0 0 0 0 0 287 177 3 3 1 1 1 0 0 1 0 0 0
173 137 0 1 0 0 0 0 0 0 0 0 0 290 181 3 3 1 1 1 0 0 1 0 0 0
180 142 0 1 0 0 0 0 0 0 0 0 0 294 184 4 3 1 1 1 0 0 1 0 0 0
185 148 0 1 0 0 0 0 0 0 0 0 0 299 187 4 3 1 1 1 0 0 1 0 0 0
194 155 0 1 0 0 0 0 0 0 0 0 0 302 190 4 3 1 1 1 0 0 1 0 0 0
198 162 0 1 0 0 0 0 0 0 0 0 0 329 195 4 3 1 1 1 0 0 1 0 0 0
209 165 0 1 0 0 0 0 0 0 0 0 0 349 200 4 4 1 1 1 0 0 1 0 0 0
219 168 0 1 0 0 0 0 0 0 0 0 0 352 203 5 4 1 1 1 0 0 1 0 0 0
228 174 0 1 0 0 0 0 0 0 0 0 0 358 210 5 4 1 1 1 0 0 1 0 0 0
246 181 0 1 0 0 0 0 0 0 0 0 0 361 216 5 4 1 1 1 0 0 1 0 0 0
253 187 1 1 0 0 0 0 0 0 0 0 0 367 222 5 4 1 1 1 0 0 1 0 0 0
