# scores for worst/random/best/smart move selector strategies. 
# scores are 50% and 95% quantiles (based on 40 games) of: 
# game score, #destroyed, #unlocked, #stripes, #bombs, #zappers
3 3 0 0 0 0 0 0 0 0 0 0 0 16 16 0 0 0 0 0 0 0 0 0 0 0
7 7 0 0 0 0 0 0 0 0 0 0 0 23 23 0 0 0 0 0 0 0 0 0 0 0
14 14 0 0 0 0 0 0 0 0 0 0 0 78 32 1 0 0 0 0 0 0 0 0 0 0
21 21 0 0 0 0 0 0 0 0 0 0 0 82 37 2 1 0 0 0 0 0 0 0 0 0
26 26 0 0 0 0 0 0 0 0 0 0 0 89 45 2 1 0 1 0 0 0 1 0 0 0
34 32 0 0 0 0 0 0 0 0 0 0 0 127 56 2 2 0 1 1 0 0 1 0 0 0
43 39 0 0 0 0 0 0 0 0 0 0 0 162 71 4 2 1 1 1 0 0 1 0 0 0
66 45 0 0 0 0 0 0 0 0 0 0 0 170 82 4 3 1 1 1 0 0 1 0 0 0
70 50 0 1 0 0 0 0 0 0 0 0 0 198 85 4 3 1 1 1 0 0 1 0 0 0
79 57 0 1 0 0 0 0 0 0 0 0 0 241 99 9 4 2 1 1 1 0 1 0 0 0
103 63 1 1 0 0 0 0 0 0 0 0 0 245 102 9 5 2 1 1 1 0 1 0 0 0
135 72 2 1 0 0 0 0 0 0 0 0 0 329 119 9 6 2 1 1 1 0 1 0 0 0
141 78 2 1 0 0 0 0 0 0 0 0 0 356 124 9 6 2 1 1 1 0 1 0 0 0
148 86 2 2 0 0 0 0 0 0 0 0 0 366 129 11 6 2 1 1 1 0 1 0 0 0
153 96 2 2 0 0 0 0 0 0 0 0 0 391 134 11 6 2 1 1 1 0 1 0 0 0
180 104 2 2 0 0 0 0 0 0 0 0 0 428 147 11 6 2 1 1 1 0 1 0 0 0
190 109 2 2 0 0 0 0 0 0 0 0 0 446 159 11 7 2 1 1 1 0 1 0 0 0
204 116 2 3 0 0 0 0 0 0 0 0 0 454 167 11 7 2 1 1 1 0 1 0 0 0
211 122 2 3 0 0 0 0 0 0 0 0 0 476 177 11 8 2 1 1 1 0 1 0 0 0
235 128 2 3 0 0 0 0 0 0 0 0 0 482 188 11 8 2 1 1 1 0 1 0 0 0
248 137 2 3 0 0 0 0 0 0 0 0 0 552 192 11 10 2 1 1 1 0 1 1 0 0
259 143 2 4 0 0 0 0 0 0 0 0 0 558 199 11 10 2 1 1 1 0 1 1 0 0
280 149 3 4 0 0 0 0 0 0 0 0 0 570 204 11 10 2 1 1 1 0 1 1 0 0
289 156 3 4 1 0 0 0 0 0 0 0 0 602 211 11 11 2 1 1 1 0 1 1 0 0
295 162 3 4 1 0 0 0 0 0 0 0 0 605 216 11 12 2 1 1 1 0 1 1 0 0
327 168 3 4 1 0 0 0 0 0 0 0 0 618 223 11 12 2 1 1 1 0 1 1 0 0
338 176 3 4 1 0 0 0 0 0 0 0 0 744 238 11 14 3 1 1 1 0 1 1 0 0
343 187 3 5 1 0 0 0 0 0 0 0 0 747 248 11 14 3 1 1 2 0 1 1 0 0
354 191 3 5 1 0 0 0 0 0 0 0 0 751 255 11 14 3 1 2 2 0 1 1 0 0
384 201 3 5 1 0 0 0 0 0 0 0 0 768 259 11 15 3 2 2 2 0 1 1 0 0
392 206 3 5 1 0 0 0 0 0 0 0 0 773 263 11 15 3 2 2 2 0 1 1 0 0
397 209 3 6 1 0 0 0 0 0 0 0 0 776 267 11 15 3 2 2 2 0 1 1 0 0
413 217 3 6 1 0 1 0 0 0 0 0 0 836 282 11 17 3 2 2 2 0 1 1 0 0
423 223 3 6 1 0 1 0 0 0 0 0 0 841 288 11 17 3 2 2 2 0 2 1 0 0
455 233 3 6 1 0 1 0 0 0 0 0 0 846 292 11 17 3 2 2 2 0 2 1 0 0
477 243 3 6 1 0 1 0 0 0 0 0 0 850 306 11 17 3 2 3 2 0 2 1 0 0
485 252 4 7 1 0 1 0 0 0 0 0 0 876 309 11 18 4 2 3 2 0 2 1 0 0
488 256 4 7 1 0 1 0 0 0 0 0 0 889 324 11 18 4 2 3 2 0 2 1 0 0
501 259 4 7 1 0 1 0 0 0 0 0 0 892 338 11 18 4 2 3 2 0 2 1 0 0
519 267 4 8 1 1 1 0 0 0 0 0 0 911 344 11 19 4 2 3 2 0 2 1 0 0
535 281 4 9 1 1 1 0 0 0 0 0 0 974 348 11 19 4 2 3 2 0 2 1 0 0
