# scores for worst/random/best/smart move selector strategies. 
# scores are 50% and 95% quantiles (based on 40 games) of: 
# game score, #destroyed, #unlocked, #stripes, #bombs, #zappers
3 3 0 0 0 0 0 0 0 0 0 0 0 16 16 0 0 0 0 0 0 0 0 0 0 0
7 7 0 0 0 0 0 0 0 0 0 0 0 19 19 0 0 0 0 0 0 0 0 0 0 0
12 12 0 0 0 0 0 0 0 0 0 0 0 22 22 0 0 0 0 0 0 0 0 0 0 0
15 15 0 0 0 0 0 0 0 0 0 0 0 26 26 0 0 0 0 0 0 0 0 0 0 0
18 18 0 0 0 0 0 0 0 0 0 0 0 30 30 0 0 0 0 0 0 0 0 0 0 0
22 22 0 0 0 0 0 0 0 0 0 0 0 34 34 0 0 0 0 0 0 0 0 0 0 0
27 27 0 0 0 0 0 0 0 0 0 0 0 40 39 0 0 0 0 0 0 0 0 0 0 0
30 30 0 0 0 0 0 0 0 0 0 0 0 59 45 0 0 0 0 0 0 0 0 0 0 0
33 33 0 0 0 0 0 0 0 0 0 0 0 76 51 0 1 0 0 0 0 0 0 0 0 0
39 39 0 0 0 0 0 0 0 0 0 0 0 81 55 0 1 0 0 0 0 0 0 0 0 0
42 42 0 0 0 0 0 0 0 0 0 0 0 96 60 0 1 0 0 0 0 0 0 0 0 0
45 45 0 0 0 0 0 0 0 0 0 0 0 99 63 0 1 0 0 0 0 0 0 0 0 0
50 50 0 0 0 0 0 0 0 0 0 0 0 102 67 0 1 0 0 0 0 0 0 0 0 0
54 54 0 0 0 0 0 0 0 0 0 0 0 105 70 0 1 0 0 0 0 0 0 0 0 0
57 57 0 0 0 0 0 0 0 0 0 0 0 108 73 0 1 0 0 0 0 0 0 0 0 0
60 60 0 0 0 0 0 0 0 0 0 0 0 113 79 0 1 0 0 0 0 0 0 0 0 0
66 66 0 0 0 0 0 0 0 0 0 0 0 118 85 0 1 0 0 0 0 0 0 0 0 0
69 69 0 0 0 0 0 0 0 0 0 0 0 125 90 0 1 0 0 0 0 0 0 0 0 0
75 75 0 0 0 0 0 0 0 0 0 0 0 130 96 0 1 1 0 0 0 0 0 0 0 0
79 79 0 0 0 0 0 0 0 0 0 0 0 155 101 0 1 1 0 0 0 0 0 0 0 0
83 83 0 0 0 0 0 0 0 0 0 0 0 161 106 0 1 1 0 0 0 0 0 0 0 0
87 87 0 0 0 0 0 0 0 0 0 0 0 164 109 0 1 1 0 0 0 0 0 0 0 0
93 93 0 0 0 0 0 0 0 0 0 0 0 168 114 0 1 1 0 0 0 0 0 0 0 0
99 99 0 0 0 0 0 0 0 0 0 0 0 171 117 0 1 1 0 0 0 0 0 0 0 0
103 103 0 0 0 0 0 0 0 0 0 0 0 176 120 0 1 1 0 0 0 0 0 0 0 0
109 106 0 0 0 0 0 0 0 0 0 0 0 179 126 0 1 1 0 0 0 0 0 0 0 0
115 114 0 0 0 0 0 0 0 0 0 0 0 185 132 1 2 1 0 0 0 0 0 0 0 0
119 117 0 0 0 0 0 0 0 0 0 0 0 195 139 1 2 1 0 0 0 0 0 0 0 0
122 120 0 0 0 0 0 0 0 0 0 0 0 207 143 1 2 1 0 0 0 0 0 0 0 0
127 123 0 0 0 0 0 0 0 0 0 0 0 211 149 1 2 1 0 0 0 0 0 0 0 0
132 130 0 0 0 0 0 0 0 0 0 0 0 214 152 1 3 1 0 0 0 0 0 0 0 0
138 133 0 0 0 0 0 0 0 0 0 0 0 219 155 1 3 1 0 0 0 0 0 0 0 0
143 136 0 0 0 0 0 0 0 0 0 0 0 227 163 2 3 1 0 0 0 0 0 0 0 0
147 140 0 0 0 0 0 0 0 0 0 0 0 230 167 2 3 1 0 0 0 0 0 0 0 0
151 143 0 0 0 0 0 0 0 0 0 0 0 233 171 2 3 1 0 0 0 0 0 0 0 0
155 149 0 0 0 0 0 0 0 0 0 0 0 238 174 2 3 1 0 0 0 0 0 0 0 0
159 153 0 0 0 0 0 0 0 0 0 0 0 241 177 2 3 1 0 0 0 0 0 0 0 0
163 159 0 0 0 0 0 0 0 0 0 0 0 244 181 2 3 1 0 0 0 0 0 0 0 0
167 163 0 0 0 0 0 0 0 0 0 0 0 256 188 2 3 1 0 0 0 0 0 0 0 0
173 168 0 0 0 0 0 0 0 0 0 0 0 259 192 2 3 1 0 0 0 0 0 0 0 0
180 174 0 0 0 0 0 0 0 0 0 0 0 264 197 2 3 1 0 0 0 0 0 0 0 0
