# scores for worst/random/best/smart move selector strategies. 
# scores are 50% and 95% quantiles (based on 40 games) of: 
# game score, #destroyed, #unlocked, #stripes, #bombs, #zappers
0 0 0 0 0 0 0 0 0 0 0 0 0 3 3 0 0 0 0 0 0 0 0 0 0 0
3 3 0 0 0 0 0 0 0 0 0 0 0 9 9 0 0 0 0 0 0 0 0 0 0 0
3 3 0 0 0 0 0 0 0 0 0 0 0 12 12 0 0 0 0 0 0 0 0 0 0 0
4 4 0 0 0 0 0 0 0 0 0 0 0 16 16 0 0 0 0 0 0 0 0 0 0 0
6 6 0 0 0 0 0 0 0 0 0 0 0 72 31 0 0 0 0 0 0 0 0 0 0 0
6 6 0 0 0 0 0 0 0 0 0 0 0 112 41 0 0 0 0 0 0 0 0 0 0 0
6 6 0 0 0 0 0 0 0 0 0 0 0 312 58 4 1 2 2 0 0 0 0 0 0 0
6 6 0 0 0 0 0 0 0 0 0 0 0 442 84 4 5 2 2 0 0 0 0 0 0 0
6 6 0 0 0 0 0 0 0 0 0 0 0 446 88 6 5 2 2 0 0 0 0 0 0 0
6 6 0 0 0 0 0 0 0 0 0 0 0 510 94 13 5 4 2 0 0 0 0 0 0 0
6 6 0 0 0 0 0 0 0 0 0 0 0 642 129 19 8 4 3 0 1 0 0 0 0 0
6 6 0 0 0 0 0 0 0 0 0 0 0 684 135 19 10 4 3 1 1 0 0 0 0 0
6 6 0 0 0 0 0 0 0 0 0 0 0 819 159 19 15 4 3 1 1 0 0 0 0 0
6 6 0 0 0 0 0 0 0 0 0 0 0 888 162 19 16 4 3 1 1 0 0 0 0 0
6 6 0 0 0 0 0 0 0 0 0 0 0 891 166 19 16 4 3 1 1 0 0 0 0 0
6 6 0 0 0 0 0 0 0 0 0 0 0 896 170 19 16 4 3 1 1 0 0 0 0 0
6 6 0 0 0 0 0 0 0 0 0 0 0 900 175 19 16 4 3 1 1 0 0 0 0 0
6 6 0 0 0 0 0 0 0 0 0 0 0 903 178 19 16 4 3 1 1 0 0 0 0 0
6 6 0 0 0 0 0 0 0 0 0 0 0 907 182 19 16 4 3 1 1 0 0 0 0 0
6 6 0 0 0 0 0 0 0 0 0 0 0 910 186 19 16 4 3 1 1 0 1 0 0 0
6 6 0 0 0 0 0 0 0 0 0 0 0 913 189 19 16 4 3 1 1 0 1 0 0 0
6 6 0 0 0 0 0 0 0 0 0 0 0 918 195 19 16 4 3 1 1 0 1 0 0 0
6 6 0 0 0 0 0 0 0 0 0 0 0 921 198 19 16 4 3 1 1 0 1 0 0 0
6 6 0 0 0 0 0 0 0 0 0 0 0 937 203 19 16 4 3 1 1 0 1 0 0 0
6 6 0 0 0 0 0 0 0 0 0 0 0 942 209 19 16 4 3 1 1 0 1 0 0 0
6 6 0 0 0 0 0 0 0 0 0 0 0 975 224 19 18 4 3 1 1 0 1 0 0 0
6 6 0 0 0 0 0 0 0 0 0 0 0 979 229 19 18 4 3 1 1 0 1 0 0 0
6 6 0 0 0 0 0 0 0 0 0 0 0 984 236 19 18 4 3 1 1 0 1 0 0 0
6 6 0 0 0 0 0 0 0 0 0 0 0 987 240 19 18 4 3 1 1 0 1 0 0 0
6 6 0 0 0 0 0 0 0 0 0 0 0 990 244 19 18 4 3 1 1 0 1 0 0 0
6 6 0 0 0 0 0 0 0 0 0 0 0 994 253 19 18 4 3 1 1 0 1 0 0 0
6 6 0 0 0 0 0 0 0 0 0 0 0 997 256 19 18 4 3 1 1 0 1 0 0 0
6 6 0 0 0 0 0 0 0 0 0 0 0 1002 259 19 18 4 3 1 1 0 1 0 0 0
6 6 0 0 0 0 0 0 0 0 0 0 0 1005 265 19 18 4 3 1 1 0 1 0 0 0
6 6 0 0 0 0 0 0 0 0 0 0 0 1009 271 19 18 4 3 1 1 0 1 0 0 0
6 6 0 0 0 0 0 0 0 0 0 0 0 1012 281 19 18 4 3 1 1 0 1 0 0 0
6 6 0 0 0 0 0 0 0 0 0 0 0 1015 285 19 18 4 3 1 1 0 1 0 0 0
6 6 0 0 0 0 0 0 0 0 0 0 0 1018 291 19 18 4 3 1 1 0 1 0 0 0
6 6 0 0 0 0 0 0 0 0 0 0 0 1021 294 19 18 4 3 1 1 0 1 0 0 0
6 6 0 0 0 0 0 0 0 0 0 0 0 1038 299 19 18 4 3 1 1 0 1 0 0 0
6 6 0 0 0 0 0 0 0 0 0 0 0 1042 303 19 18 4 3 1 1 0 1 0 0 0
