# scores for worst/random/best/smart move selector strategies. 
# scores are 50% and 95% quantiles (based on 40 games) of: 
# game score, #destroyed, #unlocked, #stripes, #bombs, #zappers
0 0 0 0 0 0 0 0 0 0 0 0 0 3 3 0 0 0 0 0 0 0 0 0 0 0
3 3 0 0 0 0 0 0 0 0 0 0 0 9 9 0 0 0 0 0 0 0 0 0 0 0
4 4 0 0 0 0 0 0 0 0 0 0 0 10 10 0 0 0 0 0 0 0 0 0 0 0
6 6 0 0 0 0 0 0 0 0 0 0 0 19 14 0 0 0 0 0 0 0 0 0 0 0
6 6 0 0 0 0 0 0 0 0 0 0 0 143 27 0 0 0 0 0 0 0 0 0 0 0
7 7 0 0 0 0 0 0 0 0 0 0 0 534 70 7 6 3 2 0 0 0 0 0 0 0
9 9 0 0 0 0 0 0 0 0 0 0 0 718 96 9 9 3 3 0 0 0 0 0 0 0
10 10 0 0 0 0 0 0 0 0 0 0 0 721 99 13 9 4 3 0 0 0 0 0 0 0
10 10 0 0 0 0 0 0 0 0 0 0 0 725 106 13 9 4 3 0 0 0 0 0 0 0
12 12 0 0 0 0 0 0 0 0 0 0 0 728 109 13 9 4 3 0 0 0 0 0 0 0
15 15 0 0 0 0 0 0 0 0 0 0 0 732 114 13 9 4 3 0 0 0 0 0 0 0
15 15 0 0 0 0 0 0 0 0 0 0 0 737 118 18 10 4 3 0 0 0 0 0 0 0
15 15 0 0 0 0 0 0 0 0 0 0 0 745 138 18 11 4 3 0 0 0 1 0 0 0
16 15 0 0 0 0 0 0 0 0 0 0 0 750 141 20 11 5 3 0 1 0 1 0 0 0
18 18 0 0 0 0 0 0 0 0 0 0 0 807 148 20 11 5 3 1 1 0 1 0 0 0
18 18 0 0 0 0 0 0 0 0 0 0 0 810 158 20 11 5 3 1 1 0 2 0 0 0
18 18 0 0 0 0 0 0 0 0 0 0 0 819 161 20 11 5 3 1 1 0 2 0 1 0
21 21 0 0 0 0 0 0 0 0 0 0 0 822 167 20 11 5 3 1 1 0 2 0 1 0
21 21 0 0 0 0 0 0 0 0 0 0 0 861 171 20 12 5 3 1 1 0 2 0 1 0
24 24 0 0 0 0 0 0 0 0 0 0 0 864 174 20 12 6 3 1 1 0 2 0 1 0
27 27 0 0 0 0 0 0 0 0 0 0 0 868 177 20 12 7 3 1 1 0 2 0 1 0
30 30 0 0 0 0 0 0 0 0 0 0 0 876 184 20 12 7 3 1 1 0 2 0 1 0
57 31 0 0 0 0 0 0 0 0 0 0 0 880 190 20 12 7 3 1 1 0 2 0 1 0
144 47 0 0 0 1 0 0 0 0 0 0 0 885 193 20 12 7 3 1 1 0 2 0 1 0
268 80 2 3 1 1 0 0 0 0 0 0 0 908 198 20 12 7 3 1 1 0 2 0 1 0
296 88 2 4 1 1 0 0 0 0 0 0 0 911 202 20 12 7 3 1 1 0 2 0 1 0
445 98 6 4 2 2 0 0 0 0 0 0 0 914 209 20 12 7 4 1 1 0 3 0 1 0
493 107 6 6 3 3 0 0 0 0 0 0 0 932 215 20 12 7 4 1 1 0 3 0 1 0
526 112 7 7 3 3 0 0 0 0 0 0 0 938 223 20 12 7 4 1 1 0 3 0 1 0
529 115 7 7 3 3 0 0 0 0 0 0 0 942 228 20 12 7 4 1 1 0 3 0 1 0
532 122 7 7 3 3 0 0 0 0 0 0 0 945 233 20 12 7 4 1 1 0 3 0 1 0
559 129 7 7 3 3 0 0 0 0 0 0 0 976 236 20 12 7 4 1 1 0 3 0 1 0
593 135 7 7 4 3 0 0 0 0 0 0 0 1188 239 20 12 12 4 1 1 0 3 0 1 0
652 143 7 7 4 3 0 0 0 0 0 0 0 1191 242 20 12 12 4 1 1 0 3 0 1 0
661 155 7 7 4 3 0 0 0 0 0 0 0 1194 246 20 12 12 4 1 1 0 3 0 1 0
664 159 7 7 4 3 0 0 0 0 0 0 0 1197 249 20 12 12 4 1 1 0 3 0 1 0
667 162 7 7 4 3 0 0 0 0 0 0 0 1211 252 20 12 12 4 1 1 0 3 0 1 0
670 165 7 7 4 3 0 0 0 0 0 0 0 1214 255 20 12 12 4 1 1 0 3 0 1 0
673 168 7 7 4 3 0 0 0 0 0 0 0 1217 261 20 12 12 4 1 1 0 3 0 1 0
676 179 7 8 4 3 0 0 0 0 0 0 0 1222 264 20 12 12 4 1 1 0 3 0 1 0
680 182 7 8 4 3 0 0 0 0 0 0 0 1244 269 20 12 12 4 1 1 0 3 0 1 0
