# scores for worst/random/best/smart move selector strategies. 
# scores are 50% and 95% quantiles (based on 40 games) of: 
# game score, #destroyed, #unlocked, #stripes, #bombs, #zappers
0 0 0 0 0 0 0 0 0 0 0 0 0 3 3 0 0 0 0 0 0 0 0 0 0 0
0 0 0 0 0 0 0 0 0 0 0 0 0 6 6 0 0 0 0 0 0 0 0 0 0 0
3 3 0 0 0 0 0 0 0 0 0 0 0 9 9 0 0 0 0 0 0 0 0 0 0 0
3 3 0 0 0 0 0 0 0 0 0 0 0 13 13 0 0 0 0 0 0 0 0 0 0 0
6 6 0 0 0 0 0 0 0 0 0 0 0 16 16 0 0 0 0 0 0 0 0 0 0 0
9 9 0 0 0 0 0 0 0 0 0 0 0 18 18 0 0 0 0 0 0 0 0 0 0 0
9 9 0 0 0 0 0 0 0 0 0 0 0 21 21 0 0 0 0 0 0 0 0 0 0 0
9 9 0 0 0 0 0 0 0 0 0 0 0 106 35 1 0 0 0 0 0 0 0 0 0 0
12 12 0 0 0 0 0 0 0 0 0 0 0 120 37 1 1 0 0 0 0 0 0 0 0 0
12 12 0 0 0 0 0 0 0 0 0 0 0 126 40 1 1 0 1 0 0 0 0 0 0 0
15 15 0 0 0 0 0 0 0 0 0 0 0 198 53 1 2 1 1 0 0 0 0 0 0 0
15 15 0 0 0 0 0 0 0 0 0 0 0 224 61 1 2 1 1 0 0 0 0 0 0 0
15 15 0 0 0 0 0 0 0 0 0 0 0 238 67 3 2 2 1 0 0 0 0 0 0 0
15 15 0 0 0 0 0 0 0 0 0 0 0 241 70 3 2 2 1 0 0 0 0 0 0 0
15 15 0 0 0 0 0 0 0 0 0 0 0 244 73 3 2 2 1 0 0 0 0 0 0 0
15 15 0 0 0 0 0 0 0 0 0 0 0 292 76 5 2 2 1 0 0 0 0 0 0 0
15 15 0 0 0 0 0 0 0 0 0 0 0 295 79 5 2 2 1 0 0 0 0 0 0 0
15 15 0 0 0 0 0 0 0 0 0 0 0 377 87 5 3 2 2 0 0 0 1 0 0 0
15 15 0 0 0 0 0 0 0 0 0 0 0 380 90 5 3 2 2 0 0 0 1 0 0 0
15 15 0 0 0 0 0 0 0 0 0 0 0 500 108 6 5 2 3 0 0 0 1 0 0 0
15 15 0 0 0 0 0 0 0 0 0 0 0 503 113 6 5 2 3 0 0 0 1 0 0 0
15 15 0 0 0 0 0 0 0 0 0 0 0 577 127 6 7 3 3 0 0 0 1 0 0 0
15 15 0 0 0 0 0 0 0 0 0 0 0 596 130 6 7 3 3 0 0 0 1 0 0 0
15 15 0 0 0 0 0 0 0 0 0 0 0 600 133 6 7 3 3 0 0 0 1 0 0 0
15 15 0 0 0 0 0 0 0 0 0 0 0 634 144 6 8 4 3 0 0 0 1 0 0 0
15 15 0 0 0 0 0 0 0 0 0 0 0 637 147 6 8 4 3 0 0 0 1 0 0 0
15 15 0 0 0 0 0 0 0 0 0 0 0 640 150 6 8 4 3 0 0 0 1 0 0 0
15 15 0 0 0 0 0 0 0 0 0 0 0 643 153 6 8 4 3 0 0 0 1 0 0 0
15 15 0 0 0 0 0 0 0 0 0 0 0 647 156 6 8 4 3 0 0 0 1 0 0 0
15 15 0 0 0 0 0 0 0 0 0 0 0 666 161 6 8 4 3 0 0 0 1 0 0 0
15 15 0 0 0 0 0 0 0 0 0 0 0 669 164 6 8 4 3 0 0 0 1 0 0 0
15 15 0 0 0 0 0 0 0 0 0 0 0 672 167 6 8 4 3 0 0 0 1 0 0 0
15 15 0 0 0 0 0 0 0 0 0 0 0 677 171 6 8 4 3 0 0 0 1 0 0 0
15 15 0 0 0 0 0 0 0 0 0 0 0 686 177 6 8 4 3 0 0 0 1 0 0 0
15 15 0 0 0 0 0 0 0 0 0 0 0 689 180 6 8 4 3 0 0 0 1 0 0 0
15 15 0 0 0 0 0 0 0 0 0 0 0 692 183 6 8 4 3 0 0 0 1 0 0 0
15 15 0 0 0 0 0 0 0 0 0 0 0 695 186 6 8 4 3 0 0 0 1 0 0 0
15 15 0 0 0 0 0 0 0 0 0 0 0 719 193 6 9 4 3 0 0 0 1 0 0 0
15 15 0 0 0 0 0 0 0 0 0 0 0 722 196 6 9 4 3 0 0 0 1 0 0 0
15 15 0 0 0 0 0 0 0 0 0 0 0 725 199 6 9 4 3 0 0 0 1 0 0 0
15 15 0 0 0 0 0 0 0 0 0 0 0 730 202 6 9 4 3 0 0 0 1 0 0 0
