# scores for worst/random/best/smart move selector strategies. 
# scores are 50% and 95% quantiles (based on 40 games) of: 
# game score, #destroyed, #unlocked, #stripes, #bombs, #zappers
0 0 0 0 0 0 0 0 0 0 0 0 0 7 7 0 0 0 0 0 0 0 0 0 0 0
6 6 0 0 0 0 0 0 0 0 0 0 0 18 18 0 0 0 0 0 0 0 0 0 0 0
9 9 0 0 0 0 0 0 0 0 0 0 0 51 26 0 0 0 0 0 0 0 0 0 0 0
14 14 0 0 0 0 0 0 0 0 0 0 0 61 32 0 0 0 0 0 0 0 0 0 0 0
17 17 0 0 0 0 0 0 0 0 0 0 0 64 38 0 0 0 0 0 0 0 0 0 0 0
21 21 0 0 0 0 0 0 0 0 0 0 0 74 44 0 1 0 0 0 0 0 0 0 0 0
27 27 0 0 0 0 0 0 0 0 0 0 0 101 52 0 1 1 0 0 0 0 0 0 0 0
33 32 0 0 0 0 0 0 0 0 0 0 0 105 55 0 2 1 0 0 0 0 0 0 0 0
39 37 0 0 0 0 0 0 0 0 0 0 0 125 59 0 2 1 0 0 0 0 0 0 0 0
50 42 0 0 0 0 0 0 0 0 0 0 0 128 63 0 2 1 0 0 0 0 0 0 0 0
64 50 0 0 0 0 0 0 0 0 0 0 0 133 66 0 2 1 0 0 0 0 0 0 0 0
69 54 0 1 0 0 0 0 0 0 0 0 0 138 76 0 2 1 0 0 0 0 0 0 0 0
73 57 0 1 0 0 0 0 0 0 0 0 0 142 82 0 2 1 0 0 0 0 0 0 0 0
82 61 0 1 0 0 0 0 0 0 0 0 0 159 87 0 3 1 0 0 0 0 0 0 0 0
93 66 0 1 0 0 0 0 0 0 0 0 0 178 91 0 4 1 0 0 0 0 0 0 0 0
105 74 0 1 0 0 0 0 0 0 0 0 0 188 97 0 4 1 0 1 0 0 0 0 0 0
109 77 0 1 0 0 0 0 0 0 0 0 0 206 102 0 4 1 1 1 0 0 1 0 0 0
113 84 0 1 0 0 0 0 0 0 0 0 0 220 112 0 4 1 1 1 0 0 1 0 0 0
122 87 0 1 0 0 0 0 0 0 0 0 0 245 136 0 4 1 1 1 0 0 1 0 0 0
137 92 0 1 0 0 0 0 0 0 0 0 0 250 143 0 4 1 1 1 0 0 1 0 0 0
142 96 0 2 0 0 0 0 0 0 0 0 0 269 159 0 4 1 1 1 0 0 1 0 0 0
154 101 0 2 0 0 0 0 0 0 0 0 0 273 163 0 5 1 1 1 0 0 1 0 0 0
183 108 0 2 0 0 0 0 0 0 0 0 0 280 174 0 5 2 1 1 0 0 1 0 0 0
186 111 0 2 0 0 0 0 0 0 0 0 0 284 182 0 5 2 1 1 0 0 1 0 0 0
192 117 0 2 0 0 0 0 0 0 0 0 0 307 185 0 6 2 1 1 0 0 1 0 0 0
198 123 0 2 0 0 0 0 0 0 0 0 0 313 190 0 6 2 1 1 0 0 1 0 0 0
208 127 0 2 0 0 0 0 0 0 0 0 0 342 205 0 6 2 1 1 0 0 1 0 0 0
212 134 0 2 0 0 0 0 0 0 0 0 0 400 222 0 7 2 1 1 0 0 1 0 0 0
219 142 0 2 0 0 0 0 0 0 0 0 0 438 230 0 7 2 1 1 0 0 1 0 0 0
222 147 0 2 0 0 0 0 0 0 0 0 0 444 236 0 7 2 1 1 0 0 1 0 0 0
231 151 0 3 0 0 0 0 0 0 0 0 0 451 242 0 7 2 1 1 0 0 1 0 0 0
239 156 0 3 0 0 0 0 0 0 0 0 0 454 245 0 7 2 1 1 1 0 1 0 0 0
243 160 0 3 0 0 0 0 0 0 0 0 0 462 250 0 7 2 1 1 1 0 1 0 0 0
253 165 0 3 0 0 0 0 0 0 0 0 0 522 269 0 9 2 1 1 1 0 1 0 0 0
266 172 0 3 0 0 0 0 0 0 0 0 0 532 278 0 9 2 1 1 1 0 1 0 0 0
269 175 0 3 0 0 0 0 0 0 0 0 0 535 281 0 9 2 1 1 1 0 1 0 0 0
274 181 0 3 0 0 0 0 0 0 0 0 0 562 289 0 9 2 1 1 1 0 1 0 0 0
284 184 0 3 0 0 0 0 0 0 0 0 0 586 295 0 10 2 1 1 1 0 1 0 0 0
293 191 0 3 0 0 0 0 0 0 0 0 0 589 301 0 10 2 1 1 1 0 1 0 0 0
298 199 0 3 0 0 0 0 0 0 0 0 0 592 304 0 10 2 1 1 1 0 1 0 0 0
306 202 0 3 0 0 0 0 0 0 0 0 0 595 313 0 10 2 1 2 1 0 1 0 0 0
