# scores for worst/random/best/smart move selector strategies. 
# scores are 50% and 95% quantiles (based on 40 games) of: 
# game score, #destroyed, #unlocked, #stripes, #bombs, #zappers
0 0 0 0 0 0 0 0 0 0 0 0 0 7 7 0 0 0 0 0 0 0 0 0 0 0
3 3 0 0 0 0 0 0 0 0 0 0 0 12 12 0 0 0 0 0 0 0 0 0 0 0
9 9 0 0 0 0 0 0 0 0 0 0 0 39 16 0 0 0 0 0 0 0 0 0 0 0
12 12 0 0 0 0 0 0 0 0 0 0 0 45 24 0 0 0 0 0 0 0 0 0 0 0
15 15 0 0 0 0 0 0 0 0 0 0 0 52 34 0 0 0 0 0 0 0 0 0 0 0
21 21 0 0 0 0 0 0 0 0 0 0 0 62 39 0 0 0 0 0 0 0 0 0 0 0
25 25 0 0 0 0 0 0 0 0 0 0 0 70 43 0 1 0 0 0 0 0 0 0 0 0
31 29 0 0 0 0 0 0 0 0 0 0 0 73 48 0 1 0 0 0 0 0 0 0 0 0
36 35 0 0 0 0 0 0 0 0 0 0 0 92 51 0 1 0 1 0 0 0 1 0 0 0
40 39 0 0 0 0 0 0 0 0 0 0 0 95 59 0 1 0 1 0 0 0 1 0 0 0
45 43 0 0 0 0 0 0 0 0 0 0 0 128 65 0 1 1 1 0 0 0 1 0 0 0
51 49 0 0 0 0 0 0 0 0 0 0 0 131 69 0 2 1 1 0 0 0 1 0 0 0
54 54 0 0 0 0 0 0 0 0 0 0 0 138 75 0 2 1 1 0 0 0 1 0 0 0
62 58 0 0 0 0 0 0 0 0 0 0 0 142 78 0 2 1 1 0 0 0 1 0 0 0
69 62 0 0 0 0 0 0 0 0 0 0 0 171 81 0 2 1 1 0 0 0 1 0 0 0
77 67 0 0 0 0 0 0 0 0 0 0 0 174 84 0 2 1 1 0 0 0 1 0 0 0
88 70 0 0 0 0 0 0 0 0 0 0 0 188 92 0 2 1 1 0 0 0 1 0 0 0
93 76 0 0 0 0 0 0 0 0 0 0 0 191 97 0 2 1 1 0 0 0 1 0 0 0
99 81 0 0 0 0 0 0 0 0 0 0 0 205 106 0 2 1 1 0 0 0 1 0 0 0
102 86 0 0 0 0 0 0 0 0 0 0 0 208 111 0 2 1 1 0 0 0 1 0 0 0
106 92 0 0 0 0 0 0 0 0 0 0 0 213 116 0 2 1 1 0 0 0 1 0 0 0
113 97 0 0 0 0 0 0 0 0 0 0 0 218 119 0 2 1 1 0 0 0 1 0 0 0
117 100 0 0 0 0 0 0 0 0 0 0 0 221 122 0 2 1 1 0 0 0 1 0 0 0
122 103 0 0 0 0 0 0 0 0 0 0 0 224 129 0 2 1 1 0 0 0 1 0 0 0
128 107 0 0 0 0 0 0 0 0 0 0 0 227 132 0 2 1 1 0 0 0 1 0 0 0
131 111 0 0 0 0 0 0 0 0 0 0 0 238 143 0 2 1 1 0 0 0 1 0 0 0
138 119 0 0 0 0 0 0 0 0 0 0 0 245 149 0 3 1 1 0 0 0 1 0 0 0
146 122 0 1 0 0 0 0 0 0 0 0 0 250 154 0 3 1 1 0 0 0 1 0 0 0
151 126 0 1 0 0 0 0 0 0 0 0 0 271 160 0 3 1 1 0 0 0 1 0 0 0
155 132 0 1 0 0 0 0 0 0 0 0 0 277 169 0 3 1 1 0 0 0 1 0 0 0
162 135 0 1 0 0 0 0 0 0 0 0 0 282 172 0 3 1 1 0 0 0 1 0 0 0
167 141 0 1 0 0 0 0 0 0 0 0 0 288 175 0 3 1 1 0 0 0 1 0 0 0
172 145 0 1 0 0 0 0 0 0 0 0 0 291 178 0 3 1 1 0 0 0 1 0 0 0
182 148 0 1 0 0 0 0 0 0 0 0 0 309 181 0 3 1 1 0 0 0 1 0 0 0
185 151 0 1 0 0 0 0 0 0 0 0 0 312 184 0 4 1 1 0 0 0 1 0 0 0
190 157 0 1 0 0 0 0 0 0 0 0 0 325 188 0 4 2 1 0 0 0 1 0 0 0
199 160 0 1 0 0 0 0 0 0 0 0 0 331 205 0 4 2 1 0 0 0 1 0 0 0
202 164 0 1 0 0 0 0 0 0 0 0 0 334 208 0 5 2 1 0 0 0 1 0 0 0
210 167 0 1 0 0 0 0 0 0 0 0 0 338 212 0 5 2 1 0 0 0 1 0 0 0
217 172 0 1 0 0 0 0 0 0 0 0 0 341 216 0 5 2 1 0 0 0 1 0 0 0
223 179 0 1 0 0 0 0 0 0 0 0 0 345 221 0 5 2 1 0 0 0 1 0 0 0
