# scores for worst/random/best/smart move selector strategies. 
# scores are 50% and 95% quantiles (based on 40 games) of: 
# game score, #destroyed, #unlocked, #stripes, #bombs, #zappers
0 0 0 0 0 0 0 0 0 0 0 0 0 7 7 0 0 0 0 0 0 0 0 0 0 0
6 6 0 0 0 0 0 0 0 0 0 0 0 11 11 0 0 0 0 0 0 0 0 0 0 0
9 9 0 0 0 0 0 0 0 0 0 0 0 71 27 0 0 0 0 0 0 0 0 0 0 0
13 13 0 0 0 0 0 0 0 0 0 0 0 90 39 0 1 0 0 0 0 0 0 0 0 0
18 17 0 0 0 0 0 0 0 0 0 0 0 123 53 0 1 0 1 0 0 0 1 0 0 0
25 23 0 0 0 0 0 0 0 0 0 0 0 154 65 0 1 1 1 0 0 0 1 0 0 0
33 28 0 0 0 0 0 0 0 0 0 0 0 198 84 0 1 1 1 0 0 0 1 0 0 0
44 35 0 0 0 0 0 0 0 0 0 0 0 213 91 0 1 1 1 0 0 0 1 0 0 0
53 39 0 0 0 0 0 0 0 0 0 0 0 248 96 0 2 1 1 0 0 0 1 0 0 0
65 44 0 1 0 0 0 0 0 0 0 0 0 273 115 0 2 1 1 0 1 0 1 0 0 0
82 50 0 1 0 0 0 0 0 0 0 0 0 296 126 0 3 1 2 0 1 0 2 0 0 0
87 55 0 1 0 0 0 0 0 0 0 0 0 346 139 0 3 1 2 0 1 0 2 0 0 0
93 61 0 1 0 0 0 0 0 0 0 0 0 353 148 0 3 1 2 0 1 0 2 0 0 0
107 65 0 1 0 0 0 0 0 0 0 0 0 376 170 0 4 2 2 0 1 0 2 0 0 0
114 70 0 1 0 0 0 0 0 0 0 0 0 385 176 0 4 2 2 1 1 0 2 0 0 0
133 76 0 2 0 0 0 0 0 0 0 0 0 398 188 0 4 2 2 1 1 0 2 0 0 0
136 80 0 2 0 0 0 0 0 0 0 0 0 432 205 0 4 2 2 1 1 0 2 0 0 0
152 88 0 2 0 0 0 0 0 0 0 0 0 443 213 0 4 2 2 1 1 0 2 0 0 0
161 96 0 2 0 0 0 0 0 0 0 0 0 463 221 0 4 2 2 1 1 0 2 0 0 0
170 101 0 2 0 0 0 0 0 0 0 0 0 529 243 0 5 2 2 1 1 0 2 0 0 0
173 107 0 2 0 0 0 0 0 0 0 0 0 536 249 0 5 2 2 1 1 0 2 0 0 0
197 111 0 2 0 0 0 0 0 0 0 0 0 541 258 0 6 2 2 1 1 0 2 0 0 0
201 116 0 2 0 0 0 0 0 0 0 0 0 596 272 0 6 2 2 1 1 0 2 0 0 0
205 123 0 2 0 0 0 0 0 0 0 0 0 602 278 0 6 2 2 1 1 0 2 0 0 0
211 127 0 2 0 0 0 0 0 0 0 0 0 609 284 0 7 2 2 1 1 0 2 0 0 0
229 131 0 2 0 0 0 0 0 0 0 0 0 665 299 0 8 2 2 1 1 0 2 0 0 0
241 136 0 3 1 0 0 0 0 0 0 0 0 711 320 0 8 2 2 1 1 0 2 0 0 0
244 140 0 3 1 0 0 0 0 0 0 0 0 716 328 0 8 2 2 1 1 0 2 0 0 0
247 143 0 3 1 0 0 0 0 0 0 0 0 766 351 0 10 2 3 1 1 0 3 0 0 0
266 149 0 3 1 0 0 0 0 0 0 0 0 811 377 0 10 2 3 2 1 0 3 0 0 0
270 153 0 3 1 0 0 0 0 0 0 0 0 834 386 0 11 2 3 2 1 0 3 0 0 0
275 159 0 3 1 1 0 0 0 1 0 0 0 912 408 0 11 2 3 2 1 0 3 0 0 0
280 163 0 3 1 1 0 0 0 1 0 0 0 947 423 0 11 2 3 2 1 0 3 0 0 0
283 167 0 3 1 1 0 0 0 1 0 0 0 1015 448 0 11 2 3 2 1 0 3 0 0 0
310 175 0 4 1 1 0 0 0 1 0 0 0 1089 460 0 12 3 3 2 1 0 3 0 0 0
313 181 0 4 1 1 0 0 0 1 0 0 0 1153 470 0 12 4 3 2 1 0 3 0 0 0
328 189 0 4 1 1 0 0 0 1 0 0 0 1160 475 0 12 4 3 2 1 0 3 0 0 0
331 192 0 4 1 1 0 0 0 1 0 0 0 1207 480 0 12 4 4 2 1 0 3 0 0 0
341 199 0 4 1 1 0 0 0 1 0 0 0 1266 516 0 13 4 4 2 1 0 3 0 0 0
366 205 0 4 1 1 0 0 0 1 0 0 0 1275 527 0 13 4 4 2 1 0 3 0 0 0
371 210 0 4 1 1 0 0 0 1 0 0 0 1355 547 0 14 4 4 2 1 0 4 0 0 0
