# scores for worst/random/best/smart move selector strategies. 
# scores are 50% and 95% quantiles (based on 40 games) of: 
# game score, #destroyed, #unlocked, #stripes, #bombs, #zappers
0 0 0 0 0 0 0 0 0 0 0 0 0 6 6 0 0 0 0 0 0 0 0 0 0 0
3 3 0 0 0 0 0 0 0 0 0 0 0 14 14 0 0 0 0 0 0 0 0 0 0 0
9 9 0 0 0 0 0 0 0 0 0 0 0 17 17 0 0 0 0 0 0 0 0 0 0 0
12 12 0 0 0 0 0 0 0 0 0 0 0 36 27 0 0 0 0 0 0 0 0 0 0 0
15 15 0 0 0 0 0 0 0 0 0 0 0 45 32 0 1 0 0 0 0 0 0 0 0 0
20 20 0 0 0 0 0 0 0 0 0 0 0 57 39 0 1 0 0 0 0 0 0 0 0 0
27 27 0 0 0 0 0 0 0 0 0 0 0 66 44 0 1 0 0 0 0 0 0 0 0 0
32 31 0 0 0 0 0 0 0 0 0 0 0 71 48 0 1 0 0 0 0 0 0 0 0 0
37 35 0 0 0 0 0 0 0 0 0 0 0 76 51 0 1 0 0 0 0 0 0 0 0 0
43 42 0 0 0 0 0 0 0 0 0 0 0 81 56 0 1 0 0 0 0 0 0 0 0 0
48 48 0 0 0 0 0 0 0 0 0 0 0 102 63 1 1 0 0 0 0 0 0 0 0 0
53 52 0 0 0 0 0 0 0 0 0 0 0 109 69 1 1 0 0 0 0 0 0 0 0 0
58 57 0 0 0 0 0 0 0 0 0 0 0 118 78 2 2 0 0 0 0 0 0 0 0 0
62 60 0 0 0 0 0 0 0 0 0 0 0 131 90 2 2 0 0 0 0 0 0 0 0 0
65 63 0 0 0 0 0 0 0 0 0 0 0 134 94 2 2 0 0 0 0 0 0 0 0 0
73 69 0 0 0 0 0 0 0 0 0 0 0 140 99 2 2 0 0 0 0 0 0 0 0 0
80 73 0 0 0 0 0 0 0 0 0 0 0 145 103 2 2 0 0 0 0 0 0 0 0 0
85 80 0 0 0 0 0 0 0 0 0 0 0 171 114 2 2 0 0 0 0 0 0 0 0 0
90 84 0 0 0 0 0 0 0 0 0 0 0 177 120 2 2 0 0 0 0 0 0 0 0 0
100 89 0 0 0 0 0 0 0 0 0 0 0 220 134 4 2 1 0 0 0 0 0 0 0 0
103 93 0 0 0 0 0 0 0 0 0 0 0 224 139 4 2 1 0 0 0 0 0 0 0 0
114 100 0 0 0 0 0 0 0 0 0 0 0 241 148 4 3 1 0 0 0 0 0 0 0 0
120 104 0 0 0 0 0 0 0 0 0 0 0 245 153 5 3 1 0 0 0 0 0 0 0 0
125 109 0 0 0 0 0 0 0 0 0 0 0 250 156 5 3 1 0 0 0 0 0 0 0 0
136 114 0 0 0 0 0 0 0 0 0 0 0 260 159 5 3 1 0 0 0 0 0 0 0 0
143 121 0 0 0 0 0 0 0 0 0 0 0 277 162 5 3 1 0 1 0 0 0 0 0 0
154 126 0 0 0 0 0 0 0 0 0 0 0 284 168 5 3 1 0 1 0 0 0 0 0 0
163 130 0 1 0 0 0 0 0 0 0 0 0 330 191 5 3 1 0 1 0 0 0 0 0 0
172 137 0 1 0 0 0 0 0 0 0 0 0 369 213 5 4 2 0 1 0 0 0 0 0 0
176 141 0 1 0 0 0 0 0 0 0 0 0 372 219 5 4 2 0 1 0 0 0 0 0 0
180 147 0 1 0 0 0 0 0 0 0 0 0 375 222 5 4 2 0 1 0 0 0 0 0 0
205 156 0 1 0 0 0 0 0 0 0 0 0 378 226 5 4 2 0 1 0 0 0 0 0 0
217 161 0 1 0 0 0 0 0 0 0 0 0 381 229 5 4 2 0 1 0 0 0 0 0 0
224 166 0 2 0 0 0 0 0 0 0 0 0 384 236 5 4 2 0 1 0 0 0 0 0 0
227 173 0 2 0 0 0 0 0 0 0 0 0 391 243 5 4 2 0 1 0 0 0 0 0 0
230 179 0 2 0 0 0 0 0 0 0 0 0 395 248 5 4 2 0 1 0 0 0 0 0 0
237 183 0 2 0 0 0 0 0 0 0 0 0 400 253 5 4 2 1 1 0 0 1 0 0 0
248 186 1 2 0 0 0 0 0 0 0 0 0 403 259 5 4 2 1 1 0 0 1 0 0 0
251 189 1 2 0 0 0 0 0 0 0 0 0 415 273 5 4 2 1 1 0 0 1 0 0 0
254 193 1 2 0 0 0 0 0 0 0 0 0 418 276 5 4 2 1 1 0 0 1 0 0 0
262 205 1 2 0 0 0 0 0 0 0 0 0 421 283 5 4 2 1 1 0 0 1 0 0 0
