# scores for worst/random/best/smart move selector strategies. 
# scores are 50% and 95% quantiles (based on 40 games) of: 
# game score, #destroyed, #unlocked, #stripes, #bombs, #zappers
0 0 0 0 0 0 0 0 0 0 0 0 0 6 6 0 0 0 0 0 0 0 0 0 0 0
3 3 0 0 0 0 0 0 0 0 0 0 0 15 15 0 0 0 0 0 0 0 0 0 0 0
9 9 0 0 0 0 0 0 0 0 0 0 0 27 23 0 0 0 0 0 0 0 0 0 0 0
12 12 0 0 0 0 0 0 0 0 0 0 0 65 35 0 1 0 0 0 0 0 0 0 0 0
16 16 0 0 0 0 0 0 0 0 0 0 0 71 45 0 1 0 0 0 0 0 0 0 0 0
24 23 0 0 0 0 0 0 0 0 0 0 0 87 57 1 2 0 0 0 0 0 0 0 0 0
31 30 0 0 0 0 0 0 0 0 0 0 0 131 73 1 2 0 0 0 0 0 0 0 0 0
49 33 0 0 0 0 0 0 0 0 0 0 0 149 83 6 2 1 0 0 0 0 0 0 0 0
56 44 0 1 0 0 0 0 0 0 0 0 0 162 94 7 3 1 0 0 0 0 0 0 0 0
64 52 0 1 0 0 0 0 0 0 0 0 0 193 101 7 3 1 0 0 0 0 0 0 0 0
89 61 0 1 0 0 0 0 0 0 0 0 0 203 107 9 3 1 1 0 1 0 1 0 0 0
105 74 0 1 0 0 0 0 0 0 0 0 0 272 120 10 4 1 1 1 1 0 1 0 0 0
116 79 0 1 0 0 0 0 0 0 0 0 0 275 124 10 4 1 1 1 1 0 1 0 0 0
135 87 0 2 0 0 0 0 0 0 0 0 0 282 135 10 5 1 1 1 1 0 1 0 0 0
156 99 1 2 0 0 0 0 0 0 0 0 0 313 143 10 5 2 1 1 1 0 1 0 0 0
185 107 2 2 0 0 0 0 0 0 0 0 0 328 152 11 6 2 1 1 1 0 1 0 0 0
206 117 2 3 0 0 0 0 0 0 0 0 0 379 173 11 6 2 1 1 1 0 1 0 0 0
241 126 2 3 0 0 0 0 0 0 0 0 0 395 183 11 7 2 1 1 1 0 1 0 0 0
266 139 2 3 0 0 0 0 0 0 0 0 0 449 194 11 8 3 1 1 1 0 1 0 0 0
324 151 3 4 0 0 0 0 0 0 0 0 0 610 207 12 12 3 2 2 1 0 2 1 0 0
335 160 4 4 0 0 0 0 0 0 0 0 0 659 217 12 12 4 2 2 1 0 2 1 0 0
349 172 4 4 0 0 0 0 0 0 0 0 0 666 223 12 12 4 2 2 1 0 2 1 0 0
360 179 4 5 0 0 0 0 0 0 0 0 0 691 257 12 13 4 2 2 1 0 2 1 0 0
399 185 5 5 0 0 0 0 0 0 0 0 0 724 278 12 13 4 2 2 1 0 2 1 0 0
424 196 5 5 1 0 1 0 0 0 0 0 0 814 284 12 14 5 3 2 1 0 3 1 0 0
487 200 5 5 1 0 1 0 0 0 0 0 0 821 296 12 14 5 3 2 1 0 3 1 0 0
496 205 5 6 1 0 1 0 0 0 0 0 0 838 322 12 14 5 3 2 1 0 3 1 0 0
518 215 6 7 1 0 1 0 0 0 0 0 0 861 332 12 14 5 3 2 1 0 3 1 0 0
534 225 6 7 1 1 1 0 0 0 0 0 0 884 355 12 14 5 3 2 1 0 3 1 0 0
547 236 6 8 1 1 1 0 0 0 0 0 0 919 361 12 14 5 3 2 2 0 3 1 0 0
576 245 6 9 1 1 1 0 0 0 0 0 0 983 383 12 15 5 3 2 2 0 3 1 0 0
589 255 6 9 1 1 1 0 0 0 0 0 0 1008 398 12 16 5 3 2 2 0 3 1 0 0
642 273 6 9 1 1 1 0 0 1 0 0 0 1048 407 12 16 5 3 2 2 0 3 1 0 0
652 282 6 10 1 1 1 0 0 1 0 0 0 1089 427 12 16 5 3 2 2 0 3 1 0 0
659 291 6 10 2 1 1 0 0 1 0 0 0 1099 443 12 16 5 3 2 2 0 3 1 0 0
665 299 6 10 2 1 1 0 0 1 0 0 0 1153 458 12 16 5 4 2 2 0 4 1 0 0
680 305 6 12 2 1 1 0 0 1 0 0 0 1205 474 12 18 5 4 2 2 0 4 1 0 0
700 310 6 12 2 1 1 0 0 1 0 0 0 1226 487 12 19 5 4 3 2 0 4 1 0 0
708 320 6 12 2 1 1 0 0 1 0 0 0 1285 500 12 19 10 5 3 2 0 4 1 0 0
776 333 6 12 2 1 1 0 0 1 0 0 0 1340 510 12 21 14 5 3 2 0 5 1 1 0
791 341 6 12 2 1 1 0 0 1 0 0 0 1384 534 12 21 14 5 3 2 0 5 1 1 0
