# scores for worst/random/best/smart move selector strategies. 
# scores are 50% and 95% quantiles (based on 40 games) of: 
# game score, #destroyed, #unlocked, #stripes, #bombs, #zappers
22 22 0 0 0 0 0 0 0 0 0 0 0 140 76 0 2 2 0 0 0 0 0 0 0 0
67 56 0 0 0 0 0 0 0 0 0 0 0 1601 352 7 24 17 4 0 0 0 1 1 0 0
582 130 1 4 1 1 0 0 0 0 0 0 0 2289 520 8 27 29 7 1 1 0 1 1 1 0
889 241 5 9 6 1 0 0 0 0 0 0 0 2653 701 10 30 33 10 1 1 1 2 1 1 0
1175 323 5 10 9 2 0 0 0 0 0 0 0 2902 775 10 43 33 12 1 1 1 3 1 1 1
1452 393 6 14 12 3 0 0 0 1 0 0 0 3701 907 10 46 49 14 1 1 1 3 1 1 1
1966 473 6 20 14 4 0 0 0 1 0 0 0 4321 1190 10 49 50 17 2 1 1 4 1 1 1
2600 660 6 29 20 5 0 0 0 1 0 0 0 4657 1249 10 50 53 19 2 2 1 4 1 1 1
3340 764 6 30 26 6 0 0 0 1 0 0 0 5664 1436 10 61 60 21 2 2 1 4 2 2 1
3511 844 6 32 31 8 0 1 0 2 0 0 0 5977 1521 10 61 61 22 2 2 1 4 2 2 1
3978 916 6 33 33 9 0 1 0 2 0 0 0 6257 1660 10 77 68 25 2 2 2 4 2 2 1
4122 986 6 35 36 10 0 1 0 2 0 1 0 6883 1772 10 83 76 26 2 2 2 5 3 2 1
4455 1198 6 46 40 12 0 1 0 2 0 1 0 7115 1797 10 86 90 26 2 2 2 5 3 2 1
4624 1220 6 50 43 12 0 1 0 3 1 1 0 7765 2187 10 91 93 29 2 2 2 6 3 2 1
5184 1344 6 52 47 14 0 1 0 3 1 1 0 8633 2373 10 94 96 29 2 2 2 6 3 2 2
5861 1453 6 55 52 14 1 1 1 3 1 1 0 9124 2528 10 110 98 30 2 2 2 6 3 2 2
6016 1531 6 57 56 15 1 1 1 3 1 1 0 9706 2710 10 111 100 34 2 3 2 6 3 2 2
6239 1609 6 61 56 16 1 1 1 4 1 1 0 10003 2826 10 129 121 35 2 3 2 6 3 3 2
6543 1700 6 67 58 16 1 1 1 4 1 1 0 10193 2869 10 132 127 36 2 3 2 6 4 3 2
7154 1819 6 69 64 17 1 1 1 4 1 1 0 10728 2886 10 137 131 37 2 3 3 7 4 3 2
7596 1909 6 71 67 18 1 1 1 5 1 1 0 12356 3104 10 138 136 38 2 3 3 7 4 3 2
7880 2038 6 74 74 20 1 1 1 5 1 1 0 12746 3208 10 139 136 41 2 3 3 7 4 3 2
8545 2135 6 78 79 22 1 1 1 5 1 1 1 12945 3295 10 140 137 42 2 3 3 8 4 3 2
8628 2254 6 85 80 23 1 2 1 5 1 1 1 13526 3477 10 142 144 43 3 3 3 8 4 3 2
9279 2342 6 87 83 24 1 2 1 6 1 1 1 13816 3606 10 153 160 43 3 3 3 8 4 4 2
9430 2451 6 89 86 27 1 2 1 6 1 1 1 14515 3652 10 162 166 45 3 4 3 9 4 4 2
10122 2576 6 99 91 28 1 2 1 6 2 1 1 15260 3741 10 165 171 46 3 4 3 9 4 4 2
10333 2721 6 101 91 29 1 2 1 6 2 1 1 15475 3764 10 165 172 47 3 4 3 9 4 4 2
10844 2813 6 105 95 29 1 2 1 7 2 2 1 15717 3929 10 172 177 49 3 4 3 10 4 4 2
11246 2973 6 107 101 33 1 2 1 7 2 2 1 15919 4071 10 172 182 50 3 4 3 10 4 4 2
11529 3087 6 110 104 33 2 2 1 7 2 2 1 16712 4234 10 179 193 51 3 4 3 10 4 5 2
11819 3121 6 117 108 34 2 2 1 7 2 2 1 16725 4243 10 179 193 51 3 4 4 11 4 5 2
12314 3154 6 119 116 35 2 2 1 7 2 2 1 16974 4344 10 183 195 54 3 4 4 11 4 5 2
12471 3289 6 122 119 36 2 2 1 8 2 2 1 17521 4476 10 184 196 56 4 4 4 12 4 5 2
13131 3398 6 125 121 37 2 2 2 8 2 2 1 18374 4603 10 187 202 58 4 4 5 12 4 5 2
13207 3511 6 128 123 38 2 2 2 8 2 2 1 18854 4678 10 193 202 58 4 4 5 12 4 5 3
13978 3644 6 129 130 40 2 2 2 9 2 2 1 19074 4754 10 200 205 59 4 4 5 13 5 5 3
14602 3736 6 135 134 41 2 3 2 9 2 3 1 19489 4899 10 200 208 63 4 4 5 13 5 5 3
14737 3774 6 138 139 42 2 3 2 9 2 3 1 20824 5168 10 201 229 65 4 4 5 14 5 5 3
14867 3855 6 143 143 43 2 3 2 9 2 3 1 21405 5234 10 202 231 66 4 5 5 14 5 6 3
14960 3900 6 147 148 43 2 3 2 10 2 3 1 22015 5324 10 203 233 67 5 5 5 15 5 6 3
