# scores for worst/random/best/smart move selector strategies. 
# scores are 50% and 95% quantiles (based on 40 games) of: 
# game score, #destroyed, #unlocked, #stripes, #bombs, #zappers
16 16 0 0 0 0 0 0 0 0 0 0 0 203 80 1 2 2 0 0 0 0 0 0 0 0
36 28 0 0 0 0 0 0 0 0 0 0 0 381 123 5 4 3 0 0 0 0 0 0 0 0
64 43 0 0 0 0 0 0 0 0 0 0 0 691 187 5 8 6 0 0 0 0 0 0 0 0
86 54 0 0 0 0 0 0 0 0 0 0 0 835 250 8 9 7 0 0 0 0 0 0 0 0
94 61 0 1 1 0 0 0 0 0 0 0 0 1231 368 8 10 11 3 0 0 0 0 0 0 0
122 72 0 1 1 0 0 0 0 0 0 0 0 1300 379 8 13 12 3 0 0 0 0 0 0 0
144 76 0 1 1 0 0 0 0 0 0 0 0 1592 438 8 13 14 5 0 0 0 0 0 0 0
175 104 1 1 1 0 0 0 0 0 0 0 0 1620 451 8 14 14 5 0 0 0 0 0 0 0
261 129 1 3 2 0 0 0 0 0 0 0 0 1627 456 8 14 14 5 0 0 0 0 0 0 0
332 165 1 4 2 0 0 0 0 0 0 0 0 1635 463 9 14 14 5 0 0 0 0 0 0 0
459 193 2 5 3 0 0 0 0 0 0 0 0 1788 551 9 14 15 6 0 0 0 0 0 0 0
586 213 2 6 4 0 0 0 0 0 0 0 0 2063 609 9 17 17 7 0 0 0 0 0 0 0
597 225 2 6 4 0 0 0 0 0 0 0 0 2215 675 9 18 18 8 0 0 0 0 0 0 0
618 233 2 8 4 0 0 0 0 0 0 0 0 2994 869 9 20 22 13 0 0 0 0 0 0 0
929 289 2 9 7 0 0 0 0 0 0 0 0 3000 896 9 20 22 13 0 0 0 0 0 0 0
1002 359 2 10 7 0 0 0 0 0 0 0 0 3036 906 9 20 25 13 0 0 0 0 0 0 0
1006 363 2 10 7 0 0 0 0 0 0 0 0 3783 1197 9 24 30 15 0 0 0 0 0 0 0
1085 393 2 11 9 0 0 0 0 0 0 0 0 4181 1321 9 28 35 17 0 0 0 0 0 0 0
1091 403 2 11 9 0 0 0 0 0 0 0 0 4212 1357 9 29 35 17 0 0 0 0 0 0 0
1141 410 2 12 9 1 0 0 0 0 0 0 0 4218 1364 9 29 35 17 0 0 0 0 0 0 0
1148 419 2 13 9 1 0 0 0 0 0 0 0 4231 1377 9 29 35 18 0 0 0 0 0 0 0
1153 424 3 13 10 1 0 0 0 0 0 0 0 4608 1436 9 30 35 19 0 0 0 0 0 0 0
1191 467 3 14 11 1 0 0 0 0 0 0 0 4631 1441 9 31 35 19 0 0 0 0 0 0 0
1446 546 3 16 11 1 0 0 0 0 0 0 0 4642 1453 9 31 35 19 0 0 0 0 0 0 0
1451 551 3 16 12 1 0 0 0 0 0 0 0 4676 1464 9 31 36 19 0 0 0 0 0 0 0
1512 583 3 16 13 1 0 0 0 0 0 0 0 4679 1470 9 31 36 19 0 0 0 0 0 0 0
1590 587 3 16 13 1 0 0 0 0 0 0 0 4865 1554 9 34 38 20 0 0 0 0 0 0 0
1737 624 3 18 15 2 0 0 0 0 0 0 0 4873 1565 9 36 38 20 0 0 0 0 0 0 0
1740 627 3 18 15 2 0 0 0 0 0 0 0 4876 1568 9 36 38 20 0 0 0 0 0 0 0
1771 630 3 18 15 2 0 0 0 0 0 0 0 4886 1576 9 36 38 20 0 0 0 0 0 0 0
1774 639 3 18 16 2 0 0 0 0 0 0 0 5283 1686 9 37 40 21 0 0 0 0 0 0 0
1789 654 4 18 16 3 0 0 0 0 0 0 0 5335 1711 9 38 40 21 0 0 0 0 0 0 0
1842 709 4 18 17 3 0 0 0 0 0 0 0 5373 1717 9 38 43 21 0 0 0 0 0 0 0
2057 757 4 20 17 4 0 0 0 0 0 0 0 5383 1729 9 39 43 21 0 0 0 0 0 0 0
2161 786 4 20 18 4 0 0 0 0 0 0 0 5399 1734 9 39 43 21 0 0 0 0 0 0 0
2333 818 4 20 19 4 0 0 0 0 0 0 0 5431 1763 9 39 43 21 0 0 0 0 0 0 0
2336 821 4 20 20 5 0 0 0 0 0 0 0 5817 1869 9 44 44 23 0 0 0 0 0 0 0
2344 845 4 20 20 5 0 0 0 0 0 0 0 5847 1876 9 44 45 23 0 0 0 0 0 0 0
2351 855 4 20 20 5 0 0 0 0 0 0 0 5852 1881 9 44 45 23 0 0 0 0 0 0 0
2494 889 4 21 21 5 0 0 0 0 0 0 0 6122 1996 9 44 46 24 0 0 0 0 0 0 0
2497 895 4 21 21 5 0 0 0 0 0 0 0 6140 2015 9 44 46 24 0 0 0 0 0 0 0
