# scores for worst/random/best/smart move selector strategies. 
# scores are 50% and 95% quantiles (based on 40 games) of: 
# game score, #destroyed, #unlocked, #stripes, #bombs, #zappers
0 0 0 0 0 0 0 0 0 0 0 0 0 3 3 0 0 0 0 0 0 0 0 0 0 0
3 3 0 0 0 0 0 0 0 0 0 0 0 9 9 0 0 0 0 0 0 0 0 0 0 0
9 9 0 0 0 0 0 0 0 0 0 0 0 14 14 0 0 0 0 0 0 0 0 0 0 0
12 12 0 0 0 0 0 0 0 0 0 0 0 18 18 0 0 0 0 0 0 0 0 0 0 0
15 15 0 0 0 0 0 0 0 0 0 0 0 22 22 0 0 0 0 0 0 0 0 0 0 0
20 20 0 0 0 0 0 0 0 0 0 0 0 27 27 0 0 0 0 0 0 0 0 0 0 0
24 24 0 0 0 0 0 0 0 0 0 0 0 32 30 0 0 0 0 0 0 0 0 0 0 0
27 27 0 0 0 0 0 0 0 0 0 0 0 51 36 0 0 0 0 0 0 0 0 0 0 0
30 30 0 0 0 0 0 0 0 0 0 0 0 64 40 0 1 0 0 0 0 0 0 0 0 0
36 36 0 0 0 0 0 0 0 0 0 0 0 69 44 0 1 0 0 0 0 0 0 0 0 0
39 39 0 0 0 0 0 0 0 0 0 0 0 75 48 0 1 0 0 0 0 0 0 0 0 0
42 42 0 0 0 0 0 0 0 0 0 0 0 79 52 0 1 0 0 0 0 0 0 0 0 0
45 45 0 0 0 0 0 0 0 0 0 0 0 94 57 0 1 0 0 0 0 0 0 0 0 0
49 49 0 0 0 0 0 0 0 0 0 0 0 108 69 2 1 0 0 0 0 0 0 0 0 0
53 53 0 0 0 0 0 0 0 0 0 0 0 128 73 2 2 0 0 0 0 0 0 0 0 0
59 58 0 0 0 0 0 0 0 0 0 0 0 133 79 2 2 0 0 0 0 0 0 0 0 0
66 65 0 0 0 0 0 0 0 0 0 0 0 148 82 3 2 0 0 0 0 0 0 0 0 0
79 69 0 0 0 0 0 0 0 0 0 0 0 154 85 3 2 0 0 0 0 0 0 0 0 0
83 72 0 0 0 0 0 0 0 0 0 0 0 159 90 3 2 0 0 0 0 0 0 0 0 0
97 77 0 0 0 0 0 0 0 0 0 0 0 162 93 3 2 0 0 0 0 0 0 0 0 0
104 83 0 0 0 0 0 0 0 0 0 0 0 168 98 3 2 0 0 0 0 0 0 0 0 0
111 86 0 0 0 0 0 0 0 0 0 0 0 198 102 3 3 0 0 1 0 0 0 0 0 0
118 89 0 0 0 0 0 0 0 0 0 0 0 201 111 3 3 0 0 1 0 0 0 0 0 0
121 93 0 0 0 0 0 0 0 0 0 0 0 228 117 3 4 0 0 1 0 0 0 0 0 0
126 97 0 0 0 0 0 0 0 0 0 0 0 233 120 3 4 0 0 1 0 0 0 0 0 0
134 102 0 1 0 0 0 0 0 0 0 0 0 237 124 3 4 0 0 1 0 0 0 0 0 0
143 106 0 1 0 0 0 0 0 0 0 0 0 240 128 3 4 1 0 1 0 0 0 0 0 0
148 111 0 1 0 0 0 0 0 0 0 0 0 243 131 3 4 1 0 1 0 0 0 0 0 0
168 117 0 1 0 0 0 0 0 0 0 0 0 246 137 3 4 1 0 1 0 0 0 0 0 0
174 120 0 1 0 0 0 0 0 0 0 0 0 249 140 3 4 1 0 1 0 0 0 0 0 0
178 123 0 1 0 0 0 0 0 0 0 0 0 252 143 3 4 1 0 1 0 0 0 0 0 0
184 129 0 1 0 0 0 0 0 0 0 0 0 255 146 3 4 1 0 1 0 0 0 0 0 0
190 132 0 2 0 0 0 0 0 0 0 0 0 307 150 3 5 1 0 1 0 0 0 0 0 0
199 138 0 2 0 0 0 0 0 0 0 0 0 310 155 3 5 1 0 1 0 0 0 0 0 0
202 141 0 2 0 0 0 0 0 0 0 0 0 314 160 3 5 1 0 1 0 0 0 0 0 0
206 146 0 2 0 0 0 0 0 0 0 0 0 321 165 4 5 1 0 1 0 0 0 0 0 0
213 152 0 2 0 0 0 0 0 0 0 0 0 336 174 4 6 1 0 1 0 0 0 0 0 0
219 156 0 2 0 0 0 0 0 0 0 0 0 343 177 4 6 1 0 1 0 0 0 0 0 0
222 160 1 2 0 0 0 0 0 0 0 0 0 346 180 4 6 1 0 1 0 0 0 0 0 0
237 166 1 2 0 0 0 0 0 0 0 0 0 361 192 5 6 1 0 1 0 0 0 0 0 0
244 169 1 2 0 0 0 0 0 0 0 0 0 366 197 5 6 1 0 1 0 0 0 0 0 0
