# scores for worst/random/best/smart move selector strategies. 
# scores are 50% and 95% quantiles (based on 40 games) of: 
# game score, #destroyed, #unlocked, #stripes, #bombs, #zappers
0 0 0 0 0 0 0 0 0 0 0 0 0 3 3 0 0 0 0 0 0 0 0 0 0 0
3 3 0 0 0 0 0 0 0 0 0 0 0 9 9 0 0 0 0 0 0 0 0 0 0 0
9 9 0 0 0 0 0 0 0 0 0 0 0 16 16 0 0 0 0 0 0 0 0 0 0 0
12 12 0 0 0 0 0 0 0 0 0 0 0 25 25 0 0 0 0 0 0 0 0 0 0 0
17 17 0 0 0 0 0 0 0 0 0 0 0 28 28 0 0 0 0 0 0 0 0 0 0 0
21 21 0 0 0 0 0 0 0 0 0 0 0 45 33 0 0 0 0 0 0 0 0 0 0 0
24 24 0 0 0 0 0 0 0 0 0 0 0 51 36 0 0 0 0 0 0 0 0 0 0 0
27 27 0 0 0 0 0 0 0 0 0 0 0 55 39 0 0 0 0 0 0 0 0 0 0 0
33 33 0 0 0 0 0 0 0 0 0 0 0 58 44 0 0 0 0 0 0 0 0 0 0 0
36 36 0 0 0 0 0 0 0 0 0 0 0 70 48 0 1 0 0 0 0 0 0 0 0 0
39 39 0 0 0 0 0 0 0 0 0 0 0 78 58 0 1 0 0 0 0 0 0 0 0 0
45 45 0 0 0 0 0 0 0 0 0 0 0 82 61 0 1 0 0 0 0 0 0 0 0 0
48 48 0 0 0 0 0 0 0 0 0 0 0 88 64 0 1 0 0 0 0 0 0 0 0 0
52 51 0 0 0 0 0 0 0 0 0 0 0 93 67 0 1 0 0 0 0 0 0 0 0 0
57 57 0 0 0 0 0 0 0 0 0 0 0 99 72 0 1 0 0 0 0 0 0 0 0 0
63 61 0 0 0 0 0 0 0 0 0 0 0 108 78 0 1 0 0 0 0 0 0 0 0 0
66 65 0 0 0 0 0 0 0 0 0 0 0 113 83 0 1 0 0 0 0 0 0 0 0 0
69 69 0 0 0 0 0 0 0 0 0 0 0 123 86 1 1 0 0 0 0 0 0 0 0 0
72 72 0 0 0 0 0 0 0 0 0 0 0 126 93 1 1 0 0 0 0 0 0 0 0 0
76 75 0 0 0 0 0 0 0 0 0 0 0 129 96 1 1 0 0 0 0 0 0 0 0 0
84 81 0 0 0 0 0 0 0 0 0 0 0 133 99 1 1 0 0 0 0 0 0 0 0 0
87 85 0 0 0 0 0 0 0 0 0 0 0 136 104 3 1 0 0 0 0 0 0 0 0 0
91 89 0 0 0 0 0 0 0 0 0 0 0 139 109 3 1 0 0 0 0 0 0 0 0 0
96 92 0 0 0 0 0 0 0 0 0 0 0 166 113 3 1 0 0 0 0 0 0 0 0 0
99 95 0 0 0 0 0 0 0 0 0 0 0 171 116 3 1 0 0 0 0 0 0 0 0 0
105 101 0 0 0 0 0 0 0 0 0 0 0 174 121 3 1 0 0 0 0 0 0 0 0 0
110 105 0 0 0 0 0 0 0 0 0 0 0 209 138 4 2 1 0 0 0 0 0 0 0 0
116 110 0 0 0 0 0 0 0 0 0 0 0 241 151 4 2 1 0 0 0 0 0 0 0 0
123 114 0 0 0 0 0 0 0 0 0 0 0 249 157 4 2 1 0 0 0 0 0 0 0 0
126 118 0 0 0 0 0 0 0 0 0 0 0 256 160 4 2 1 0 0 0 0 0 0 0 0
134 123 0 0 0 0 0 0 0 0 0 0 0 261 163 4 2 1 0 0 0 0 0 0 0 0
137 127 0 0 0 0 0 0 0 0 0 0 0 265 166 4 2 1 0 0 0 0 0 0 0 0
147 130 0 0 0 0 0 0 0 0 0 0 0 293 176 4 3 1 0 0 0 0 0 0 0 0
150 133 0 0 0 0 0 0 0 0 0 0 0 296 182 4 3 1 0 0 0 0 0 0 0 0
154 140 0 0 0 0 0 0 0 0 0 0 0 299 185 4 3 1 0 0 0 0 0 0 0 0
165 144 0 0 0 0 0 0 0 0 0 0 0 302 188 4 3 1 0 0 0 0 0 0 0 0
168 147 0 0 0 0 0 0 0 0 0 0 0 305 191 5 3 1 0 0 0 0 0 0 0 0
186 152 0 1 0 0 0 0 0 0 0 0 0 308 194 5 3 1 1 0 0 0 1 0 0 0
193 156 0 1 0 0 0 0 0 0 0 0 0 324 198 5 3 1 1 0 0 0 1 0 0 0
196 160 0 1 0 0 0 0 0 0 0 0 0 342 202 5 3 1 1 0 0 0 1 0 0 0
199 166 0 1 0 0 0 0 0 0 0 0 0 349 205 5 3 1 1 0 0 0 1 0 0 0
