# scores for worst/random/best/smart move selector strategies. 
# scores are 50% and 95% quantiles (based on 40 games) of: 
# game score, #destroyed, #unlocked, #stripes, #bombs, #zappers
0 0 0 0 0 0 0 0 0 0 0 0 0 3 3 0 0 0 0 0 0 0 0 0 0 0
3 3 0 0 0 0 0 0 0 0 0 0 0 9 9 0 0 0 0 0 0 0 0 0 0 0
9 9 0 0 0 0 0 0 0 0 0 0 0 15 15 0 0 0 0 0 0 0 0 0 0 0
12 12 0 0 0 0 0 0 0 0 0 0 0 18 18 0 0 0 0 0 0 0 0 0 0 0
15 15 0 0 0 0 0 0 0 0 0 0 0 24 23 0 0 0 0 0 0 0 0 0 0 0
21 21 0 0 0 0 0 0 0 0 0 0 0 29 27 0 0 0 0 0 0 0 0 0 0 0
24 24 0 0 0 0 0 0 0 0 0 0 0 48 32 0 0 0 0 0 0 0 0 0 0 0
27 27 0 0 0 0 0 0 0 0 0 0 0 51 36 0 0 0 0 0 0 0 0 0 0 0
32 32 0 0 0 0 0 0 0 0 0 0 0 68 40 0 0 0 0 0 0 0 0 0 0 0
36 36 0 0 0 0 0 0 0 0 0 0 0 73 45 0 0 0 0 0 0 0 0 0 0 0
39 39 0 0 0 0 0 0 0 0 0 0 0 76 49 0 0 0 0 0 0 0 0 0 0 0
43 43 0 0 0 0 0 0 0 0 0 0 0 84 53 0 1 0 0 0 0 0 0 0 0 0
48 48 0 0 0 0 0 0 0 0 0 0 0 88 60 0 1 0 0 0 0 0 0 0 0 0
52 51 0 0 0 0 0 0 0 0 0 0 0 91 66 0 1 0 0 0 0 0 0 0 0 0
56 55 0 0 0 0 0 0 0 0 0 0 0 96 71 1 1 0 0 0 0 0 0 0 0 0
63 60 0 0 0 0 0 0 0 0 0 0 0 137 78 3 2 0 0 0 0 0 0 0 0 0
69 64 0 0 0 0 0 0 0 0 0 0 0 140 85 3 2 0 0 0 0 0 0 0 0 0
78 69 0 0 0 0 0 0 0 0 0 0 0 143 88 3 2 0 0 0 0 0 0 0 0 0
82 73 0 0 0 0 0 0 0 0 0 0 0 149 97 3 2 0 0 0 0 0 0 0 0 0
88 79 0 0 0 0 0 0 0 0 0 0 0 156 105 3 2 0 0 1 0 0 0 0 0 0
106 84 0 1 0 0 0 0 0 0 0 0 0 180 108 4 2 0 0 1 0 0 0 0 0 0
116 88 0 1 0 0 0 0 0 0 0 0 0 202 111 8 2 1 0 1 0 0 0 0 0 0
120 93 0 1 0 0 0 0 0 0 0 0 0 209 119 8 2 1 0 1 0 0 0 0 0 0
123 97 0 1 0 0 0 0 0 0 0 0 0 240 128 8 2 1 0 1 0 0 0 0 0 0
129 100 0 1 0 0 0 0 0 0 0 0 0 244 138 8 2 1 1 1 0 0 1 0 0 0
146 107 0 1 0 0 0 0 0 0 0 0 0 271 141 8 3 1 1 1 0 0 1 0 0 0
152 113 0 1 0 0 0 0 0 0 0 0 0 275 147 10 3 1 1 1 1 0 1 0 0 0
167 120 0 2 0 0 0 0 0 0 0 0 0 280 152 10 3 1 1 1 1 0 1 0 0 0
192 123 0 2 0 0 0 0 0 0 0 0 0 284 164 10 4 1 1 1 1 0 1 0 0 0
195 129 0 2 0 0 0 0 0 0 0 0 0 329 182 10 4 1 1 1 1 0 1 0 0 0
208 132 0 2 0 0 0 0 0 0 0 0 0 344 186 10 4 1 1 1 1 0 1 0 0 0
216 136 0 2 0 0 0 0 0 0 0 0 0 354 191 10 4 1 1 1 1 0 1 0 0 0
219 140 0 2 0 0 0 0 0 0 0 0 0 392 199 10 5 1 1 1 1 0 1 0 0 0
242 148 1 2 0 0 0 0 0 0 0 0 0 397 205 10 5 1 1 1 1 0 1 0 0 0
254 154 1 3 0 0 0 0 0 0 0 0 0 419 209 10 5 2 1 1 1 0 1 0 0 0
266 160 2 3 0 0 0 0 0 0 0 0 0 422 214 10 6 2 1 1 1 0 1 0 0 0
269 165 2 3 0 0 0 0 0 0 0 0 0 438 222 10 6 2 1 1 1 0 1 0 0 0
277 172 2 3 0 0 0 0 0 0 0 0 0 442 227 12 7 2 2 1 1 0 2 0 0 0
309 180 3 3 0 0 0 0 0 0 0 0 0 526 230 12 8 2 2 1 1 0 2 0 0 0
335 190 3 4 0 0 0 0 0 0 0 0 0 529 234 12 8 2 2 1 1 0 2 0 0 0
339 194 3 4 0 0 0 0 0 0 0 0 0 553 241 12 8 2 2 1 1 0 2 0 0 0
