# scores for worst/random/best/smart move selector strategies. 
# scores are 50% and 95% quantiles (based on 40 games) of: 
# game score, #destroyed, #unlocked, #stripes, #bombs, #zappers
0 0 0 0 0 0 0 0 0 0 0 0 0 3 3 0 0 0 0 0 0 0 0 0 0 0
3 3 0 0 0 0 0 0 0 0 0 0 0 9 9 0 0 0 0 0 0 0 0 0 0 0
9 9 0 0 0 0 0 0 0 0 0 0 0 15 15 0 0 0 0 0 0 0 0 0 0 0
12 12 0 0 0 0 0 0 0 0 0 0 0 19 19 0 0 0 0 0 0 0 0 0 0 0
15 15 0 0 0 0 0 0 0 0 0 0 0 24 24 0 0 0 0 0 0 0 0 0 0 0
21 21 0 0 0 0 0 0 0 0 0 0 0 27 27 0 0 0 0 0 0 0 0 0 0 0
24 24 0 0 0 0 0 0 0 0 0 0 0 34 30 0 0 0 0 0 0 0 0 0 0 0
27 27 0 0 0 0 0 0 0 0 0 0 0 39 36 0 0 0 0 0 0 0 0 0 0 0
30 30 0 0 0 0 0 0 0 0 0 0 0 42 42 0 0 0 0 0 0 0 0 0 0 0
33 33 0 0 0 0 0 0 0 0 0 0 0 45 45 0 0 0 0 0 0 0 0 0 0 0
39 39 0 0 0 0 0 0 0 0 0 0 0 50 48 0 0 0 0 0 0 0 0 0 0 0
42 42 0 0 0 0 0 0 0 0 0 0 0 53 51 0 0 0 0 0 0 0 0 0 0 0
45 45 0 0 0 0 0 0 0 0 0 0 0 71 59 0 0 0 0 0 0 0 0 0 0 0
51 50 0 0 0 0 0 0 0 0 0 0 0 80 66 0 1 0 0 0 0 0 0 0 0 0
54 54 0 0 0 0 0 0 0 0 0 0 0 83 70 0 1 0 0 0 0 0 0 0 0 0
57 57 0 0 0 0 0 0 0 0 0 0 0 92 73 0 1 0 0 0 0 0 0 0 0 0
60 60 0 0 0 0 0 0 0 0 0 0 0 102 85 0 1 0 0 0 0 0 0 0 0 0
66 66 0 0 0 0 0 0 0 0 0 0 0 107 88 0 1 0 0 0 0 0 0 0 0 0
69 69 0 0 0 0 0 0 0 0 0 0 0 121 91 0 1 0 0 0 0 0 0 0 0 0
74 74 0 0 0 0 0 0 0 0 0 0 0 125 97 0 1 0 0 0 0 0 0 0 0 0
78 78 0 0 0 0 0 0 0 0 0 0 0 128 102 0 1 0 0 0 0 0 0 0 0 0
81 81 0 0 0 0 0 0 0 0 0 0 0 131 105 0 1 0 0 0 0 0 0 0 0 0
84 84 0 0 0 0 0 0 0 0 0 0 0 134 111 0 1 0 0 0 0 0 0 0 0 0
88 88 0 0 0 0 0 0 0 0 0 0 0 139 114 0 1 0 0 0 0 0 0 0 0 0
92 92 0 0 0 0 0 0 0 0 0 0 0 144 118 0 1 0 0 0 0 0 0 0 0 0
96 96 0 0 0 0 0 0 0 0 0 0 0 147 121 0 1 0 0 0 0 0 0 0 0 0
100 99 0 0 0 0 0 0 0 0 0 0 0 150 129 0 1 0 0 0 0 0 0 0 0 0
105 104 0 0 0 0 0 0 0 0 0 0 0 161 132 2 1 1 0 0 0 0 0 0 0 0
111 110 0 0 0 0 0 0 0 0 0 0 0 164 135 2 1 1 0 0 0 0 0 0 0 0
114 114 0 0 0 0 0 0 0 0 0 0 0 167 138 2 1 1 0 0 0 0 0 0 0 0
121 118 0 0 0 0 0 0 0 0 0 0 0 172 142 2 1 1 0 0 0 0 0 0 0 0
126 123 0 0 0 0 0 0 0 0 0 0 0 175 145 2 1 1 0 0 0 0 0 0 0 0
131 127 0 0 0 0 0 0 0 0 0 0 0 178 148 2 1 1 0 0 0 0 0 0 0 0
135 132 0 0 0 0 0 0 0 0 0 0 0 184 152 2 1 1 0 0 0 0 0 0 0 0
139 136 0 0 0 0 0 0 0 0 0 0 0 197 157 3 1 1 0 0 0 0 0 0 0 0
143 141 0 0 0 0 0 0 0 0 0 0 0 200 161 3 1 1 0 0 0 0 0 0 0 0
151 144 0 0 0 0 0 0 0 0 0 0 0 205 164 3 1 1 0 0 0 0 0 0 0 0
156 148 0 0 0 0 0 0 0 0 0 0 0 214 171 3 1 1 0 0 0 0 0 0 0 0
161 151 0 0 0 0 0 0 0 0 0 0 0 219 176 3 1 1 0 0 0 0 0 0 0 0
164 155 0 0 0 0 0 0 0 0 0 0 0 222 180 3 1 1 0 0 0 0 0 0 0 0
168 159 0 0 0 0 0 0 0 0 0 0 0 226 184 3 1 1 0 0 0 0 0 0 0 0
