# scores for worst/random/best/smart move selector strategies. 
# scores are 50% and 95% quantiles (based on 40 games) of: 
# game score, #destroyed, #unlocked, #stripes, #bombs, #zappers
6 6 0 0 0 0 0 0 0 0 0 0 0 22 22 0 0 0 0 0 0 0 0 0 0 0
16 16 0 0 0 0 0 0 0 0 0 0 0 155 68 2 1 1 1 0 0 0 1 0 0 0
23 23 0 0 0 0 0 0 0 0 0 0 0 514 186 3 4 4 1 0 0 0 1 0 0 0
36 34 0 0 0 0 0 0 0 0 0 0 0 997 362 6 8 8 2 1 0 0 1 0 0 0
114 56 0 1 0 0 0 0 0 0 0 0 0 1309 451 6 12 11 4 1 1 0 2 0 0 0
195 92 0 2 1 0 0 0 0 0 0 0 0 1590 555 6 14 13 4 1 1 1 2 0 0 0
512 185 2 5 3 1 0 0 0 0 0 0 0 2399 725 12 31 24 7 1 1 1 3 1 0 0
1051 325 3 9 5 1 0 0 0 0 0 0 0 3571 997 12 41 33 13 1 1 1 3 1 1 1
1180 402 3 9 7 2 0 0 0 1 0 0 0 4038 1124 12 49 39 14 1 1 1 4 1 1 1
1799 464 3 11 11 3 0 0 0 1 0 0 0 5480 1359 12 51 56 19 1 2 1 4 1 1 1
2049 565 3 15 16 4 0 0 0 1 0 0 0 6219 1504 12 57 63 20 2 2 1 4 2 2 1
2563 644 3 17 23 5 0 0 0 1 0 0 0 6509 1621 12 57 65 21 2 2 1 4 2 2 1
2773 716 4 18 25 6 0 0 0 2 0 0 0 6673 1678 13 59 65 21 2 2 1 5 2 2 1
3058 844 4 26 29 7 0 1 0 2 0 0 0 7135 1902 13 60 67 25 2 2 1 5 2 2 1
3586 996 4 28 31 8 0 1 0 2 0 0 0 7829 1983 13 75 80 27 2 2 1 5 2 2 1
4047 1027 4 32 35 9 1 1 0 3 0 1 0 8292 2090 13 90 96 28 2 3 1 5 3 2 1
4297 1107 4 38 39 10 1 1 0 3 0 1 0 8704 2192 13 90 97 29 2 3 1 5 3 2 1
4537 1148 4 40 39 11 1 1 0 3 0 1 0 9148 2271 13 105 102 30 2 3 1 6 3 2 1
5171 1217 4 43 45 12 1 1 0 3 0 1 0 10119 2483 13 115 109 35 2 3 2 6 4 3 1
5605 1324 4 47 46 13 1 1 1 3 1 1 0 11013 2823 13 120 110 37 2 3 2 6 4 3 1
5707 1391 4 47 51 14 1 1 1 3 1 1 0 11478 2952 13 121 116 40 3 4 2 7 4 3 1
5788 1473 4 54 52 15 1 1 1 4 1 1 0 12265 3207 13 123 124 43 3 4 2 7 4 3 1
6206 1577 4 55 55 15 1 1 1 4 1 1 0 12444 3303 13 125 126 44 3 4 2 7 4 3 2
6413 1795 4 57 62 17 1 1 1 4 1 1 0 12703 3331 13 131 127 45 3 4 2 8 4 3 2
7001 1927 4 60 65 18 1 1 1 5 1 1 0 13107 3389 13 132 133 46 3 4 2 8 4 3 2
7555 2020 4 62 68 19 1 1 1 5 1 1 0 13401 3446 13 137 138 46 3 4 2 9 4 3 2
7740 2118 4 66 73 20 1 2 1 5 1 1 0 13931 3524 13 145 146 46 3 4 3 9 4 3 2
7975 2303 4 67 76 23 1 2 1 6 1 1 0 14092 3545 13 149 147 46 3 4 3 9 4 3 2
8141 2401 4 70 79 25 1 2 1 6 1 1 1 14491 3622 13 155 157 47 3 4 3 9 4 3 2
9039 2478 4 76 87 26 1 2 1 6 1 1 1 14818 3686 13 159 159 49 3 4 3 9 5 3 2
9291 2498 4 78 93 26 1 2 1 6 1 2 1 15944 4046 13 162 168 51 3 4 3 9 5 4 2
9653 2526 4 80 95 27 1 2 1 6 1 2 1 16143 4147 13 162 173 51 3 4 3 10 5 4 2
10544 2566 4 83 99 29 1 2 1 7 1 2 1 16377 4186 13 166 175 52 3 5 3 10 5 4 2
11506 2856 4 87 111 30 1 2 1 7 1 2 1 17292 4423 13 167 175 57 3 5 3 10 5 5 2
11674 2979 4 90 111 30 1 2 1 7 1 2 1 17518 4465 13 167 181 57 3 5 3 10 5 5 2
12248 3090 4 91 119 31 2 2 1 7 1 2 1 17944 4595 13 175 190 59 3 5 3 10 5 5 2
12692 3205 4 99 120 31 2 2 2 8 1 2 1 18001 4706 13 178 190 61 3 5 3 11 5 5 2
12830 3379 4 104 122 32 2 2 2 8 1 2 1 18407 4747 13 194 192 65 3 5 4 11 5 5 2
13048 3474 4 110 123 33 2 2 2 8 2 2 1 18611 4768 13 195 192 66 3 5 4 12 5 5 2
13552 3524 4 116 129 33 2 3 2 8 2 2 1 19032 4803 13 198 197 66 3 5 4 13 5 5 2
13729 3627 4 123 133 35 2 3 2 8 2 2 1 19263 4907 13 200 198 67 4 5 4 13 5 5 2
