# scores for worst/random/best/smart move selector strategies. 
# scores are 50% and 95% quantiles (based on 40 games) of: 
# game score, #destroyed, #unlocked, #stripes, #bombs, #zappers
6 6 0 0 0 0 0 0 0 0 0 0 0 22 22 0 0 0 0 0 0 0 0 0 0 0
13 13 0 0 0 0 0 0 0 0 0 0 0 39 32 0 0 0 0 0 0 0 0 0 0 0
18 18 0 0 0 0 0 0 0 0 0 0 0 85 58 0 0 0 0 0 0 0 0 0 0 0
30 30 0 0 0 0 0 0 0 0 0 0 0 162 85 1 2 1 0 0 0 0 0 0 0 0
44 38 0 0 0 0 0 0 0 0 0 0 0 576 211 5 3 6 0 0 0 0 0 0 0 0
59 50 0 0 0 0 0 0 0 0 0 0 0 580 232 5 3 6 0 0 0 0 0 0 0 0
96 65 0 0 0 0 0 0 0 0 0 0 0 624 261 5 4 6 1 0 0 0 0 0 0 0
134 76 0 1 0 0 0 0 0 0 0 0 0 665 274 6 7 6 1 0 0 0 0 0 0 0
139 82 0 1 0 0 0 0 0 0 0 0 0 670 279 6 7 6 1 0 0 0 0 0 0 0
143 88 0 1 0 0 0 0 0 0 0 0 0 809 342 6 7 6 1 0 0 0 0 0 0 0
160 93 0 1 1 0 0 0 0 0 0 0 0 848 357 6 7 7 1 0 0 0 0 0 0 0
193 114 0 1 1 0 0 0 0 0 0 0 0 1074 420 6 9 9 2 0 0 0 0 0 0 0
247 167 1 2 1 0 0 0 0 0 0 0 0 1096 423 6 10 10 2 0 0 0 0 0 0 0
351 204 1 3 2 0 0 0 0 0 0 0 0 1144 483 6 11 10 2 0 0 0 0 0 0 0
446 231 1 3 2 0 0 0 0 0 0 0 0 1369 524 6 12 12 3 0 0 0 0 0 0 0
495 245 1 3 3 0 0 0 0 0 0 0 0 1375 559 6 12 12 5 0 0 0 0 0 0 0
524 257 1 3 4 0 0 0 0 0 0 0 0 1604 654 6 14 12 5 0 0 0 0 0 0 0
588 266 1 4 4 0 0 0 0 0 0 0 0 1659 667 6 15 12 5 0 0 0 0 0 0 0
626 302 1 4 4 0 0 0 0 0 0 0 0 1709 685 6 15 12 5 0 0 0 0 0 0 0
632 309 1 4 4 0 0 0 0 0 0 0 0 1713 690 6 16 13 5 0 0 0 0 0 0 0
661 319 1 4 4 0 0 0 0 0 0 0 0 1718 694 6 16 13 5 0 0 0 0 0 0 0
725 338 1 6 5 0 0 0 0 0 0 0 0 1724 700 6 16 13 5 0 0 0 0 0 0 0
745 347 1 6 5 0 0 0 0 0 0 0 0 1944 757 6 17 15 5 0 0 0 0 0 0 0
813 400 1 7 6 1 0 0 0 0 0 0 0 3152 1046 6 19 20 13 0 0 0 0 0 0 0
831 421 2 7 7 1 0 0 0 0 0 0 0 3629 1218 6 30 28 14 0 0 0 0 0 0 0
872 425 2 7 7 1 0 0 0 0 0 0 0 3635 1223 6 30 28 14 0 0 0 0 0 0 0
881 435 2 7 7 1 0 0 0 0 0 0 0 3657 1226 6 31 29 14 0 0 0 0 0 0 0
1069 491 2 8 9 1 0 0 0 0 0 0 0 3732 1246 7 31 29 14 0 0 0 0 0 0 0
1119 506 2 9 9 1 0 0 0 0 0 0 0 3741 1268 7 31 29 14 0 0 0 0 0 0 0
1350 555 2 9 9 1 0 0 0 0 0 0 0 3744 1284 7 31 29 14 0 0 0 0 0 0 0
1376 561 2 10 10 1 0 0 0 0 0 0 0 3753 1289 7 31 29 14 0 0 0 0 0 0 0
1455 623 2 10 11 1 0 0 0 0 0 0 0 4097 1428 7 34 30 14 0 0 0 0 0 0 0
1529 661 2 11 11 3 0 0 0 0 0 0 0 4101 1432 7 34 30 14 0 0 0 0 0 0 0
1674 676 2 11 12 3 0 0 0 0 0 0 0 4128 1470 7 34 30 14 0 0 0 0 0 0 0
1706 707 2 12 12 3 0 0 0 0 0 0 0 4201 1487 7 34 30 14 0 0 0 0 0 0 0
1869 748 2 12 14 3 0 0 0 0 0 0 0 4339 1507 7 34 30 16 0 0 0 0 0 0 0
1873 758 2 13 14 4 0 0 0 0 0 0 0 4344 1510 7 35 30 19 0 0 0 0 0 0 0
1881 766 2 13 15 4 0 0 0 0 0 0 0 4350 1515 7 35 30 19 0 0 0 0 0 0 0
1887 770 2 13 15 4 0 0 0 0 0 0 0 4361 1524 7 35 30 19 0 0 0 0 0 0 0
1906 773 2 14 15 4 0 0 0 0 0 0 0 4481 1586 7 35 31 19 0 0 0 0 0 0 0
1925 792 2 14 15 4 0 0 0 0 0 0 0 4492 1596 7 36 31 19 0 0 0 0 0 0 0
