# scores for worst/random/best/smart move selector strategies. 
# scores are 50% and 95% quantiles (based on 40 games) of: 
# game score, #destroyed, #unlocked, #stripes, #bombs, #zappers
0 0 0 0 0 0 0 0 0 0 0 0 0 6 6 0 0 0 0 0 0 0 0 0 0 0
3 3 0 0 0 0 0 0 0 0 0 0 0 14 14 0 0 0 0 0 0 0 0 0 0 0
6 6 0 0 0 0 0 0 0 0 0 0 0 18 18 0 0 0 0 0 0 0 0 0 0 0
12 12 0 0 0 0 0 0 0 0 0 0 0 21 21 0 0 0 0 0 0 0 0 0 0 0
15 15 0 0 0 0 0 0 0 0 0 0 0 29 26 0 0 0 0 0 0 0 0 0 0 0
19 19 0 0 0 0 0 0 0 0 0 0 0 32 30 0 0 0 0 0 0 0 0 0 0 0
22 22 0 0 0 0 0 0 0 0 0 0 0 36 33 0 0 0 0 0 0 0 0 0 0 0
25 25 0 0 0 0 0 0 0 0 0 0 0 47 40 0 0 0 0 0 0 0 0 0 0 0
30 30 0 0 0 0 0 0 0 0 0 0 0 60 43 0 1 0 0 0 0 0 0 0 0 0
33 33 0 0 0 0 0 0 0 0 0 0 0 66 48 0 1 0 0 0 0 0 0 0 0 0
36 36 0 0 0 0 0 0 0 0 0 0 0 85 56 0 2 0 0 0 0 0 0 0 0 0
40 40 0 0 0 0 0 0 0 0 0 0 0 94 60 0 2 0 0 0 0 0 0 0 0 0
44 43 0 0 0 0 0 0 0 0 0 0 0 97 66 0 2 0 0 0 0 0 0 0 0 0
49 49 0 0 0 0 0 0 0 0 0 0 0 100 73 0 2 0 0 0 0 0 0 0 0 0
53 52 0 0 0 0 0 0 0 0 0 0 0 128 78 0 2 0 0 0 0 0 0 0 0 0
62 57 0 0 0 0 0 0 0 0 0 0 0 139 81 0 2 0 0 0 0 0 0 0 0 0
78 63 0 1 0 0 0 0 0 0 0 0 0 148 89 0 2 0 0 0 0 0 0 0 0 0
84 66 0 1 0 0 0 0 0 0 0 0 0 153 95 0 2 0 0 0 0 0 0 0 0 0
90 70 0 1 0 0 0 0 0 0 0 0 0 158 100 0 2 0 0 0 0 0 0 0 0 0
95 75 0 1 0 0 0 0 0 0 0 0 0 169 103 1 3 0 0 1 0 0 0 0 0 0
102 78 0 1 0 0 0 0 0 0 0 0 0 175 110 1 3 0 0 1 0 0 0 0 0 0
106 83 0 1 0 0 0 0 0 0 0 0 0 191 118 1 3 0 0 1 0 0 0 0 0 0
114 88 0 1 0 0 0 0 0 0 0 0 0 194 124 1 3 0 0 1 0 0 0 0 0 0
120 92 0 1 0 0 0 0 0 0 0 0 0 198 128 1 4 0 0 1 0 0 0 0 0 0
127 95 0 1 0 0 0 0 0 0 0 0 0 203 131 1 4 0 0 1 0 0 0 0 0 0
140 103 0 2 0 0 0 0 0 0 0 0 0 211 134 1 4 0 0 1 0 0 0 0 0 0
143 106 0 2 0 0 0 0 0 0 0 0 0 214 139 1 4 0 0 1 0 0 0 0 0 0
146 109 0 2 0 0 0 0 0 0 0 0 0 217 142 1 4 0 0 1 0 0 0 0 0 0
152 113 0 2 0 0 0 0 0 0 0 0 0 220 145 1 4 0 0 1 0 0 0 0 0 0
162 116 0 2 0 0 0 0 0 0 0 0 0 236 148 1 4 0 0 1 0 0 0 0 0 0
170 121 0 2 0 0 0 0 0 0 0 0 0 244 151 1 4 0 0 1 0 0 0 0 0 0
176 125 0 2 0 0 0 0 0 0 0 0 0 248 158 1 4 0 0 1 0 0 0 0 0 0
179 131 0 2 0 0 0 0 0 0 0 0 0 272 167 1 5 0 0 1 0 0 0 0 0 0
184 134 0 2 0 0 0 0 0 0 0 0 0 275 173 1 5 0 0 1 0 0 0 0 0 0
187 137 0 2 0 0 0 0 0 0 0 0 0 296 177 1 5 0 0 1 0 0 0 0 0 0
190 140 0 3 0 0 0 0 0 0 0 0 0 301 182 1 5 0 0 1 0 0 0 0 0 0
198 144 0 3 0 0 0 0 0 0 0 0 0 309 185 1 5 0 0 1 0 0 0 0 0 0
201 148 0 3 0 0 0 0 0 0 0 0 0 324 190 1 5 0 0 1 0 0 0 0 0 0
209 153 0 3 0 0 0 0 0 0 0 0 0 329 195 1 6 0 0 1 0 0 0 0 0 0
218 158 0 3 0 0 0 0 0 0 0 0 0 333 201 1 6 0 0 1 0 0 0 0 0 0
223 162 0 3 0 0 0 0 0 0 0 0 0 362 204 1 6 1 0 1 0 0 0 0 0 0
