# scores for worst/random/best/smart move selector strategies. 
# scores are 50% and 95% quantiles (based on 40 games) of: 
# game score, #destroyed, #unlocked, #stripes, #bombs, #zappers
0 0 0 0 0 0 0 0 0 0 0 0 0 6 6 0 0 0 0 0 0 0 0 0 0 0
3 3 0 0 0 0 0 0 0 0 0 0 0 11 11 0 0 0 0 0 0 0 0 0 0 0
6 6 0 0 0 0 0 0 0 0 0 0 0 16 16 0 0 0 0 0 0 0 0 0 0 0
9 9 0 0 0 0 0 0 0 0 0 0 0 21 21 0 0 0 0 0 0 0 0 0 0 0
15 15 0 0 0 0 0 0 0 0 0 0 0 24 24 0 0 0 0 0 0 0 0 0 0 0
18 18 0 0 0 0 0 0 0 0 0 0 0 30 29 0 0 0 0 0 0 0 0 0 0 0
21 21 0 0 0 0 0 0 0 0 0 0 0 49 35 0 1 0 0 0 0 0 0 0 0 0
27 27 0 0 0 0 0 0 0 0 0 0 0 56 38 0 1 0 0 0 0 0 0 0 0 0
30 30 0 0 0 0 0 0 0 0 0 0 0 61 41 0 1 0 0 0 0 0 0 0 0 0
33 33 0 0 0 0 0 0 0 0 0 0 0 65 45 0 1 0 0 0 0 0 0 0 0 0
36 36 0 0 0 0 0 0 0 0 0 0 0 75 48 0 1 0 0 0 0 0 0 0 0 0
40 39 0 0 0 0 0 0 0 0 0 0 0 120 55 0 1 0 0 0 0 0 0 0 0 0
45 43 0 0 0 0 0 0 0 0 0 0 0 123 58 0 1 0 0 0 0 0 0 0 0 0
49 47 0 0 0 0 0 0 0 0 0 0 0 128 63 0 1 0 0 0 0 0 0 0 0 0
52 50 0 0 0 0 0 0 0 0 0 0 0 136 70 0 2 0 0 0 0 0 0 0 0 0
55 54 0 0 0 0 0 0 0 0 0 0 0 140 75 0 2 0 0 0 0 0 0 0 0 0
59 58 0 0 0 0 0 0 0 0 0 0 0 143 78 0 2 0 0 0 0 0 0 0 0 0
63 62 0 0 0 0 0 0 0 0 0 0 0 175 85 0 2 1 0 0 0 0 0 0 0 0
67 66 0 0 0 0 0 0 0 0 0 0 0 178 91 0 2 1 0 0 0 0 0 0 0 0
74 70 0 0 0 0 0 0 0 0 0 0 0 181 94 1 2 1 0 0 0 0 0 0 0 0
82 73 0 0 0 0 0 0 0 0 0 0 0 184 97 1 2 1 0 0 0 0 0 0 0 0
89 77 0 0 0 0 0 0 0 0 0 0 0 190 103 1 3 1 0 0 0 0 0 0 0 0
97 82 0 0 0 0 0 0 0 0 0 0 0 193 106 1 3 1 0 0 0 0 0 0 0 0
102 85 0 0 0 0 0 0 0 0 0 0 0 197 110 1 3 1 0 0 0 0 0 0 0 0
107 89 0 0 0 0 0 0 0 0 0 0 0 200 113 1 3 1 0 0 0 0 0 0 0 0
112 92 0 0 0 0 0 0 0 0 0 0 0 203 116 1 3 1 0 0 0 0 0 0 0 0
116 96 0 0 0 0 0 0 0 0 0 0 0 206 119 1 3 1 0 0 0 0 0 0 0 0
120 101 0 0 0 0 0 0 0 0 0 0 0 210 123 1 3 1 0 0 0 0 0 0 0 0
123 104 0 0 0 0 0 0 0 0 0 0 0 213 126 1 3 1 0 0 0 0 0 0 0 0
126 108 0 0 0 0 0 0 0 0 0 0 0 218 131 1 3 1 0 0 0 0 0 0 0 0
132 112 0 0 0 0 0 0 0 0 0 0 0 222 135 1 3 1 0 0 0 0 0 0 0 0
135 115 0 1 0 0 0 0 0 0 0 0 0 250 138 1 3 1 1 0 0 0 1 0 0 0
144 118 0 1 0 0 0 0 0 0 0 0 0 259 145 1 3 1 1 0 0 0 1 0 0 0
147 123 0 1 0 0 0 0 0 0 0 0 0 264 150 1 3 1 1 0 0 0 1 0 0 0
153 126 0 1 0 0 0 0 0 0 0 0 0 267 154 1 3 1 1 0 0 0 1 0 0 0
157 130 0 1 0 0 0 0 0 0 0 0 0 271 162 1 3 1 1 0 0 0 1 0 0 0
165 134 0 1 0 0 0 0 0 0 0 0 0 274 165 1 3 1 1 0 0 0 1 0 0 0
170 138 0 1 0 0 0 0 0 0 0 0 0 282 168 1 3 1 1 0 0 0 1 0 0 0
173 141 0 1 0 0 0 0 0 0 0 0 0 285 171 1 3 1 1 0 0 0 1 0 0 0
176 144 0 1 0 0 0 0 0 0 0 0 0 288 174 1 3 1 1 0 0 0 1 0 0 0
179 147 0 1 0 0 0 0 0 0 0 0 0 291 177 1 4 1 1 0 0 0 1 0 0 0
