# scores for worst/random/best/smart move selector strategies. 
# scores are 50% and 95% quantiles (based on 40 games) of: 
# game score, #destroyed, #unlocked, #stripes, #bombs, #zappers
0 0 0 0 0 0 0 0 0 0 0 0 0 6 6 0 0 0 0 0 0 0 0 0 0 0
3 3 0 0 0 0 0 0 0 0 0 0 0 12 12 0 0 0 0 0 0 0 0 0 0 0
7 7 0 0 0 0 0 0 0 0 0 0 0 16 16 0 0 0 0 0 0 0 0 0 0 0
12 12 0 0 0 0 0 0 0 0 0 0 0 24 20 0 0 0 0 0 0 0 0 0 0 0
15 15 0 0 0 0 0 0 0 0 0 0 0 30 27 0 0 0 0 0 0 0 0 0 0 0
19 19 0 0 0 0 0 0 0 0 0 0 0 44 30 0 1 0 0 0 0 0 0 0 0 0
24 24 0 0 0 0 0 0 0 0 0 0 0 58 36 0 1 0 0 0 0 0 0 0 0 0
30 27 0 0 0 0 0 0 0 0 0 0 0 61 40 0 1 0 0 0 0 0 0 0 0 0
33 31 0 0 0 0 0 0 0 0 0 0 0 64 46 0 1 0 0 0 0 0 0 0 0 0
47 36 0 0 0 0 0 0 0 0 0 0 0 78 52 0 1 0 0 0 0 0 0 0 0 0
58 40 0 1 0 0 0 0 0 0 0 0 0 99 55 0 1 0 0 0 0 0 0 0 0 0
66 45 0 1 0 0 0 0 0 0 0 0 0 105 60 0 1 0 0 0 0 0 0 0 0 0
69 48 0 1 0 0 0 0 0 0 0 0 0 108 64 0 1 0 0 0 0 0 0 0 0 0
72 52 0 1 0 0 0 0 0 0 0 0 0 135 67 1 2 0 1 0 0 0 1 0 0 0
75 55 0 1 0 0 0 0 0 0 0 0 0 152 74 1 3 0 1 1 0 0 1 0 0 0
79 59 0 1 0 0 0 0 0 0 0 0 0 157 77 1 3 0 1 1 0 0 1 0 0 0
83 63 0 1 0 0 0 0 0 0 0 0 0 160 81 1 3 0 1 1 0 0 1 0 0 0
88 68 0 1 0 0 0 0 0 0 0 0 0 163 86 1 3 0 1 1 0 0 1 0 0 0
91 71 0 1 0 0 0 0 0 0 0 0 0 166 91 1 3 1 1 1 0 0 1 0 0 0
95 74 0 1 0 0 0 0 0 0 0 0 0 187 97 1 3 1 1 1 0 0 1 0 0 0
106 77 0 1 0 0 0 0 0 0 0 0 0 220 108 1 3 1 1 1 0 0 1 0 0 0
118 82 0 1 0 0 0 0 0 0 0 0 0 223 111 1 4 1 1 1 0 0 1 0 0 0
122 86 0 1 0 0 0 0 0 0 0 0 0 241 116 1 4 1 1 1 0 0 1 0 0 0
132 90 0 1 0 0 0 0 0 0 0 0 0 264 120 1 4 1 1 1 0 0 1 0 0 0
138 97 0 1 0 0 0 0 0 0 0 0 0 267 130 1 4 1 1 1 0 0 1 0 0 0
141 100 0 1 0 0 0 0 0 0 0 0 0 271 138 1 4 1 1 1 0 0 1 0 0 0
150 104 0 2 0 0 0 0 0 0 0 0 0 288 143 1 4 1 1 1 0 0 1 0 0 0
163 108 0 2 0 0 0 0 0 0 0 0 0 291 153 1 4 1 1 1 0 0 1 0 0 0
168 112 0 2 0 0 0 0 0 0 0 0 0 295 157 1 4 1 1 1 0 0 1 0 0 0
173 115 0 2 0 0 0 0 0 0 0 0 0 298 160 1 5 1 1 1 0 0 1 0 0 0
177 121 0 2 0 0 0 0 0 0 0 0 0 303 163 1 5 1 1 1 0 0 1 0 0 0
183 126 0 2 0 0 0 0 0 0 0 0 0 307 167 1 5 1 1 1 0 0 1 0 0 0
188 130 0 2 0 0 0 0 0 0 0 0 0 316 172 1 5 1 1 1 0 0 1 0 0 0
193 135 0 2 0 0 0 0 0 0 0 0 0 319 175 1 5 1 1 1 0 0 1 0 0 0
196 138 0 3 0 0 0 0 0 0 0 0 0 322 183 1 5 1 1 1 0 0 1 0 0 0
204 144 0 3 0 0 0 0 0 0 0 0 0 326 187 1 5 1 1 1 0 0 1 0 0 0
207 147 0 3 0 0 0 0 0 0 0 0 0 361 201 1 6 1 1 1 0 0 1 0 0 0
217 151 0 3 0 0 0 0 0 0 0 0 0 367 207 1 6 1 1 1 0 0 1 0 0 0
232 155 0 3 0 0 0 0 0 0 0 0 0 372 212 1 6 1 1 1 0 0 1 0 0 0
236 159 0 3 0 0 0 0 0 0 0 0 0 376 217 1 6 1 1 1 0 0 1 0 0 0
242 162 0 3 0 0 0 0 0 0 0 0 0 379 220 1 6 1 1 1 0 0 1 0 0 0
