# scores for worst/random/best/smart move selector strategies. 
# scores are 50% and 95% quantiles (based on 40 games) of: 
# game score, #destroyed, #unlocked, #stripes, #bombs, #zappers
0 0 0 0 0 0 0 0 0 0 0 0 0 6 6 0 0 0 0 0 0 0 0 0 0 0
3 3 0 0 0 0 0 0 0 0 0 0 0 9 9 0 0 0 0 0 0 0 0 0 0 0
6 6 0 0 0 0 0 0 0 0 0 0 0 14 14 0 0 0 0 0 0 0 0 0 0 0
12 12 0 0 0 0 0 0 0 0 0 0 0 18 18 0 0 0 0 0 0 0 0 0 0 0
15 15 0 0 0 0 0 0 0 0 0 0 0 21 21 0 0 0 0 0 0 0 0 0 0 0
18 18 0 0 0 0 0 0 0 0 0 0 0 24 24 0 0 0 0 0 0 0 0 0 0 0
21 21 0 0 0 0 0 0 0 0 0 0 0 27 27 0 0 0 0 0 0 0 0 0 0 0
25 25 0 0 0 0 0 0 0 0 0 0 0 33 33 0 0 0 0 0 0 0 0 0 0 0
30 30 0 0 0 0 0 0 0 0 0 0 0 36 36 0 0 0 0 0 0 0 0 0 0 0
33 33 0 0 0 0 0 0 0 0 0 0 0 40 40 0 0 0 0 0 0 0 0 0 0 0
36 36 0 0 0 0 0 0 0 0 0 0 0 45 45 0 0 0 0 0 0 0 0 0 0 0
39 39 0 0 0 0 0 0 0 0 0 0 0 48 48 0 0 0 0 0 0 0 0 0 0 0
44 44 0 0 0 0 0 0 0 0 0 0 0 51 51 0 0 0 0 0 0 0 0 0 0 0
48 48 0 0 0 0 0 0 0 0 0 0 0 68 55 0 0 0 0 0 0 0 0 0 0 0
51 51 0 0 0 0 0 0 0 0 0 0 0 74 61 0 0 0 0 0 0 0 0 0 0 0
54 54 0 0 0 0 0 0 0 0 0 0 0 78 64 0 0 0 0 0 0 0 0 0 0 0
57 57 0 0 0 0 0 0 0 0 0 0 0 81 70 0 0 0 0 0 0 0 0 0 0 0
60 60 0 0 0 0 0 0 0 0 0 0 0 84 73 0 0 0 0 0 0 0 0 0 0 0
64 64 0 0 0 0 0 0 0 0 0 0 0 95 77 0 1 0 0 0 0 0 0 0 0 0
69 69 0 0 0 0 0 0 0 0 0 0 0 102 80 0 1 0 0 0 0 0 0 0 0 0
72 72 0 0 0 0 0 0 0 0 0 0 0 105 83 0 1 0 0 0 0 0 0 0 0 0
75 75 0 0 0 0 0 0 0 0 0 0 0 112 89 0 1 0 0 0 0 0 0 0 0 0
79 79 0 0 0 0 0 0 0 0 0 0 0 116 95 0 1 0 0 0 0 0 0 0 0 0
82 82 0 0 0 0 0 0 0 0 0 0 0 121 101 0 1 0 0 0 0 0 0 0 0 0
86 86 0 0 0 0 0 0 0 0 0 0 0 124 104 0 1 0 0 0 0 0 0 0 0 0
90 90 0 0 0 0 0 0 0 0 0 0 0 134 107 0 1 0 0 0 0 0 0 0 0 0
96 95 0 0 0 0 0 0 0 0 0 0 0 138 110 0 1 0 0 0 0 0 0 0 0 0
99 99 0 0 0 0 0 0 0 0 0 0 0 141 113 0 1 0 0 0 0 0 0 0 0 0
102 102 0 0 0 0 0 0 0 0 0 0 0 144 117 0 1 0 0 0 0 0 0 0 0 0
108 106 0 0 0 0 0 0 0 0 0 0 0 151 122 0 1 0 0 0 0 0 0 0 0 0
111 109 0 0 0 0 0 0 0 0 0 0 0 160 126 0 1 0 0 0 0 0 0 0 0 0
114 112 0 0 0 0 0 0 0 0 0 0 0 165 132 0 1 0 0 0 0 0 0 0 0 0
117 115 0 0 0 0 0 0 0 0 0 0 0 168 135 0 1 1 0 0 0 0 0 0 0 0
120 118 0 0 0 0 0 0 0 0 0 0 0 171 138 0 1 1 0 0 0 0 0 0 0 0
124 123 0 0 0 0 0 0 0 0 0 0 0 174 141 0 1 1 0 0 0 0 0 0 0 0
127 126 0 0 0 0 0 0 0 0 0 0 0 177 144 0 1 1 0 0 0 0 0 0 0 0
130 129 0 0 0 0 0 0 0 0 0 0 0 181 147 0 1 1 0 0 0 0 0 0 0 0
133 132 0 0 0 0 0 0 0 0 0 0 0 184 150 0 1 1 0 0 0 0 0 0 0 0
138 137 0 0 0 0 0 0 0 0 0 0 0 189 154 0 1 1 0 0 0 0 0 0 0 0
144 140 0 0 0 0 0 0 0 0 0 0 0 192 157 0 1 1 0 0 0 0 0 0 0 0
147 144 0 0 0 0 0 0 0 0 0 0 0 195 162 0 1 1 0 0 0 0 0 0 0 0
