# scores for worst/random/best/smart move selector strategies. 
# scores are 50% and 95% quantiles (based on 40 games) of: 
# game score, #destroyed, #unlocked, #stripes, #bombs, #zappers
3 3 0 0 0 0 0 0 0 0 0 0 0 12 12 0 0 0 0 0 0 0 0 0 0 0
9 9 0 0 0 0 0 0 0 0 0 0 0 18 18 0 0 0 0 0 0 0 0 0 0 0
14 14 0 0 0 0 0 0 0 0 0 0 0 66 29 0 0 0 0 0 0 0 0 0 0 0
20 20 0 0 0 0 0 0 0 0 0 0 0 132 44 2 1 0 1 0 0 0 0 0 0 0
27 27 0 0 0 0 0 0 0 0 0 0 0 223 82 3 2 1 1 0 1 0 0 0 0 0
32 32 0 0 0 0 0 0 0 0 0 0 0 630 119 4 11 1 1 0 1 0 1 0 0 0
43 37 0 0 0 0 0 0 0 0 0 0 0 832 142 5 11 9 2 1 1 0 1 0 0 0
60 44 0 0 0 0 0 0 0 0 0 0 0 867 149 8 13 10 2 1 1 0 1 0 1 0
110 53 1 1 0 0 0 0 0 0 0 0 0 873 159 8 16 10 3 1 1 0 1 1 1 0
117 65 1 2 0 0 0 0 0 0 0 0 0 1083 187 9 16 15 3 2 1 0 1 1 1 0
176 75 1 2 0 0 0 0 0 0 0 0 0 1091 195 9 16 15 3 2 1 0 1 1 1 0
181 86 1 3 0 0 0 0 0 0 0 0 0 1117 208 9 16 15 3 2 1 0 2 1 1 0
185 95 2 3 1 0 0 0 0 0 0 0 0 1121 216 9 16 15 3 2 1 0 2 1 1 0
295 112 2 4 1 1 0 0 0 0 0 0 0 1125 220 9 16 15 3 2 1 0 2 1 1 0
474 140 2 5 1 2 0 0 0 0 0 0 0 1220 224 9 17 17 3 2 1 0 2 1 1 0
563 169 3 6 2 2 0 0 0 0 0 0 0 1249 229 9 22 17 4 2 1 0 2 1 1 0
581 174 3 7 2 2 0 0 0 0 0 0 0 1252 240 10 22 17 4 2 1 0 2 1 1 0
630 184 3 7 2 2 0 0 0 0 0 0 0 1255 266 10 22 17 4 2 1 0 2 1 1 0
681 192 3 7 2 2 0 0 0 0 0 0 0 1268 284 10 22 17 4 2 1 0 3 1 1 0
708 204 4 8 2 2 0 0 0 0 0 0 0 1272 287 10 22 17 4 2 1 0 3 1 1 0
772 213 4 9 3 2 1 0 0 1 0 0 0 1294 297 10 23 17 4 2 2 0 3 1 1 0
778 224 5 9 3 2 1 0 0 1 0 0 0 1340 308 10 25 17 5 2 2 0 3 1 1 0
819 234 5 10 3 2 1 0 0 1 0 0 0 1358 315 10 25 17 5 3 2 0 3 1 1 0
841 237 5 10 3 2 1 0 0 1 0 0 0 1381 322 10 25 17 5 3 2 0 3 1 1 0
872 244 5 10 3 2 1 0 0 1 0 0 0 1422 329 10 25 17 5 3 2 0 3 1 1 0
891 249 5 10 3 2 1 0 0 1 0 0 0 1431 334 10 25 17 5 3 2 0 3 1 1 0
895 255 5 11 3 2 1 0 0 1 0 0 0 1450 339 10 26 17 5 3 2 0 3 1 1 0
960 259 5 11 3 2 1 0 0 1 0 0 0 1456 346 10 26 17 5 3 2 0 3 1 1 0
972 268 5 11 3 2 1 0 0 1 0 0 0 1468 364 10 27 17 5 3 2 0 3 1 1 0
1027 273 5 12 3 2 1 0 0 1 0 0 0 1531 368 10 27 17 5 3 2 0 3 1 1 0
1042 282 5 13 4 3 1 0 0 1 0 0 0 1582 375 10 27 18 5 3 2 0 3 1 1 0
1049 291 5 13 4 3 1 0 0 1 0 0 0 1587 381 10 28 18 5 3 2 0 3 1 1 0
1072 304 5 13 4 3 1 0 0 1 0 0 0 1591 388 10 29 18 5 3 2 0 3 1 1 0
1081 308 5 13 4 3 1 0 0 1 0 0 0 1598 394 10 29 18 5 3 2 0 3 1 1 0
1084 312 5 13 4 3 2 0 0 1 0 0 0 1632 399 10 29 18 5 3 2 0 3 1 1 0
1157 320 5 14 4 3 2 0 0 1 0 0 0 1653 410 10 29 18 5 3 2 0 3 1 1 0
1181 327 5 14 4 3 2 0 0 1 0 0 0 1659 414 10 29 18 5 3 2 0 3 1 1 0
1220 332 5 14 4 3 2 0 0 1 0 0 0 1711 425 10 29 18 5 4 2 0 3 1 1 0
1226 336 5 15 4 3 2 0 0 1 0 0 0 1716 433 10 29 18 5 4 2 0 3 1 1 0
1229 345 5 16 4 3 2 0 0 1 0 0 0 1775 444 10 29 18 5 4 2 0 3 1 1 0
1233 349 5 16 4 3 2 0 0 1 0 0 0 1783 451 10 29 18 5 4 2 0 3 1 1 0
