# scores for worst/random/best/smart move selector strategies. 
# scores are 50% and 95% quantiles (based on 40 games) of: 
# game score, #destroyed, #unlocked, #stripes, #bombs, #zappers
3 3 0 0 0 0 0 0 0 0 0 0 0 12 12 0 0 0 0 0 0 0 0 0 0 0
8 8 0 0 0 0 0 0 0 0 0 0 0 22 22 0 0 0 0 0 0 0 0 0 0 0
12 12 0 0 0 0 0 0 0 0 0 0 0 26 26 0 0 0 0 0 0 0 0 0 0 0
16 16 0 0 0 0 0 0 0 0 0 0 0 31 31 0 0 0 0 0 0 0 0 0 0 0
21 21 0 0 0 0 0 0 0 0 0 0 0 43 42 0 0 0 0 0 0 0 0 0 0 0
25 24 0 0 0 0 0 0 0 0 0 0 0 47 45 0 0 0 0 0 0 0 0 0 0 0
28 27 0 0 0 0 0 0 0 0 0 0 0 74 49 1 1 0 0 0 0 0 0 0 0 0
34 34 0 0 0 0 0 0 0 0 0 0 0 88 53 1 1 0 0 0 0 0 0 0 0 0
39 39 0 0 0 0 0 0 0 0 0 0 0 97 56 1 1 0 0 0 0 0 0 0 0 0
42 42 0 0 0 0 0 0 0 0 0 0 0 222 74 2 1 1 0 0 0 0 0 0 0 0
48 46 0 0 0 0 0 0 0 0 0 0 0 408 104 3 2 6 1 0 0 0 1 0 0 0
51 50 0 0 0 0 0 0 0 0 0 0 0 411 107 3 2 6 1 0 0 0 1 0 0 0
55 54 0 0 0 0 0 0 0 0 0 0 0 495 117 3 3 6 1 1 0 0 1 0 0 0
65 59 0 0 0 0 0 0 0 0 0 0 0 499 123 8 5 6 1 1 0 0 1 0 0 0
77 65 0 0 0 0 0 0 0 0 0 0 0 708 142 8 5 10 2 1 0 0 1 0 1 0
82 71 0 0 0 0 0 0 0 0 0 0 0 711 149 8 5 10 2 1 0 0 1 0 1 0
95 75 0 0 0 0 0 0 0 0 0 0 0 915 170 8 6 13 2 1 0 0 1 0 1 0
114 80 0 0 0 0 0 0 0 0 0 0 0 918 179 8 8 13 2 1 1 0 1 0 1 0
125 86 0 1 0 0 0 0 0 0 0 0 0 921 193 8 9 13 2 1 1 0 1 0 1 0
134 89 0 1 0 0 0 0 0 0 0 0 0 1005 204 8 9 14 2 1 1 0 1 0 1 0
156 103 0 2 0 0 0 0 0 0 0 0 0 1062 211 8 9 14 2 1 1 0 1 0 1 0
167 112 0 2 0 0 0 0 0 0 0 0 0 1065 220 8 9 14 2 1 1 0 1 0 1 0
193 119 0 2 0 0 0 0 0 0 0 0 0 1068 232 8 10 14 2 1 1 0 1 0 1 0
196 124 0 2 0 0 0 0 0 0 0 0 0 1072 243 8 10 14 3 1 1 0 1 0 1 0
199 127 1 2 0 0 0 0 0 0 0 0 0 1121 248 8 10 14 3 1 1 0 1 0 1 0
220 134 1 2 1 1 0 0 0 0 0 0 0 1124 254 8 10 14 3 1 1 0 2 0 1 0
225 139 1 2 1 1 0 0 0 0 0 0 0 1128 269 8 11 14 3 1 1 0 2 0 1 0
241 142 1 2 1 1 0 0 0 0 0 0 0 1131 274 8 11 14 3 1 1 0 2 0 1 0
254 148 1 2 1 1 0 0 0 0 0 0 0 1137 279 8 12 14 3 1 1 0 2 0 1 0
352 165 2 3 1 1 0 0 0 0 0 0 0 1147 282 8 13 14 4 1 1 0 2 0 1 0
429 188 2 4 2 2 0 0 0 0 0 0 0 1150 285 8 13 14 4 1 1 0 2 0 1 0
432 193 2 4 2 2 0 0 0 0 0 0 0 1188 288 8 13 14 4 1 1 0 2 0 1 0
537 199 2 5 2 2 0 0 0 0 0 0 0 1191 291 8 13 14 4 1 1 0 2 0 1 0
543 205 2 5 2 2 0 0 0 0 0 0 0 1194 297 8 13 14 4 1 1 0 2 0 1 0
587 209 2 5 2 2 0 0 0 0 0 0 0 1197 302 8 13 15 4 1 1 0 2 0 1 0
590 212 2 5 2 2 0 0 0 0 0 0 0 1200 309 8 13 15 4 1 1 0 2 0 1 0
596 223 2 5 2 2 0 0 0 0 0 0 0 1206 314 8 13 15 4 1 1 0 2 0 1 0
600 228 2 5 2 2 0 0 0 0 0 0 0 1218 318 8 13 15 4 1 1 0 2 0 1 0
605 231 2 5 2 2 0 0 0 0 0 0 0 1238 321 8 13 15 4 1 1 0 2 0 1 0
608 239 2 5 2 2 0 0 0 0 0 0 0 1242 327 8 13 15 4 1 1 0 2 0 1 0
612 242 2 5 2 2 0 0 0 0 0 0 0 1247 330 8 13 15 4 1 1 0 2 0 1 0
