# scores for worst/random/best/smart move selector strategies. 
# scores are 50% and 95% quantiles (based on 40 games) of: 
# game score, #destroyed, #unlocked, #stripes, #bombs, #zappers
3 3 0 0 0 0 0 0 0 0 0 0 0 12 12 0 0 0 0 0 0 0 0 0 0 0
9 9 0 0 0 0 0 0 0 0 0 0 0 16 16 0 0 0 0 0 0 0 0 0 0 0
12 12 0 0 0 0 0 0 0 0 0 0 0 26 26 0 0 0 0 0 0 0 0 0 0 0
15 15 0 0 0 0 0 0 0 0 0 0 0 32 32 0 0 0 0 0 0 0 0 0 0 0
18 18 0 0 0 0 0 0 0 0 0 0 0 38 38 0 0 0 0 0 0 0 0 0 0 0
24 24 0 0 0 0 0 0 0 0 0 0 0 68 50 0 0 0 0 0 0 0 0 0 0 0
28 28 0 0 0 0 0 0 0 0 0 0 0 73 56 0 0 0 0 0 0 0 0 0 0 0
31 31 0 0 0 0 0 0 0 0 0 0 0 86 59 0 0 0 0 0 0 0 0 0 0 0
36 36 0 0 0 0 0 0 0 0 0 0 0 122 64 0 1 0 0 0 0 0 0 0 0 0
39 39 0 0 0 0 0 0 0 0 0 0 0 197 86 0 1 0 1 0 0 0 0 0 0 0
40 40 0 0 0 0 0 0 0 0 0 0 0 200 89 0 1 0 1 0 0 0 0 0 0 0
45 45 0 0 0 0 0 0 0 0 0 0 0 314 98 1 1 1 2 0 0 0 0 0 0 0
51 51 0 0 0 0 0 0 0 0 0 0 0 317 101 1 1 1 2 0 0 0 0 0 0 0
54 54 0 0 0 0 0 0 0 0 0 0 0 335 106 1 1 1 2 0 0 0 0 0 0 0
60 60 0 0 0 0 0 0 0 0 0 0 0 338 112 3 3 2 2 0 0 0 0 0 0 0
64 63 0 0 0 0 0 0 0 0 0 0 0 341 116 3 3 2 2 0 0 0 0 0 0 0
69 66 0 0 0 0 0 0 0 0 0 0 0 344 119 3 3 2 2 0 0 0 0 0 0 0
72 69 0 0 0 0 0 0 0 0 0 0 0 347 122 3 3 2 2 0 0 0 0 0 0 0
76 73 0 0 0 0 0 0 0 0 0 0 0 353 125 4 4 2 2 0 0 0 0 0 0 0
83 78 0 0 0 0 0 0 0 0 0 0 0 356 132 4 4 2 2 0 0 0 0 0 0 0
87 82 0 0 0 0 0 0 0 0 0 0 0 373 148 4 4 2 2 0 0 0 0 0 0 0
91 86 0 0 0 0 0 0 0 0 0 0 0 376 151 4 4 2 2 0 0 0 0 0 0 0
107 90 0 0 0 0 0 0 0 0 0 0 0 393 154 5 4 2 2 0 0 0 0 0 0 0
116 97 0 0 0 0 0 0 0 0 0 0 0 396 157 5 4 2 2 0 0 0 0 0 0 0
123 100 0 0 0 0 0 0 0 0 0 0 0 399 162 5 4 2 2 0 0 0 0 0 0 0
131 105 0 0 0 0 0 0 0 0 0 0 0 402 165 5 4 2 2 0 0 0 0 0 0 0
137 113 0 0 0 0 0 0 0 0 0 0 0 405 168 5 4 2 2 0 0 0 0 0 0 0
142 116 0 0 0 0 0 0 0 0 0 0 0 408 171 5 4 2 2 0 0 0 0 0 0 0
145 119 0 1 0 0 0 0 0 0 0 0 0 472 183 5 4 2 2 0 0 0 0 0 0 0
148 123 0 1 0 0 0 0 0 0 0 0 0 477 187 5 4 2 2 0 0 0 0 0 0 0
154 126 0 1 0 0 0 0 0 0 0 0 0 481 192 5 4 2 2 0 0 0 0 0 0 0
157 133 0 1 0 0 0 0 0 0 0 0 0 484 195 5 4 2 2 0 0 0 0 0 0 0
163 138 0 1 0 0 0 0 0 0 0 0 0 549 235 5 4 2 2 0 0 0 0 0 0 0
172 141 0 1 0 0 0 0 0 0 0 0 0 553 239 5 4 2 2 0 0 0 0 0 0 0
187 147 0 1 0 0 0 0 0 0 0 0 0 556 250 5 4 2 2 0 0 0 0 0 0 0
192 152 0 1 0 0 0 0 0 0 0 0 0 559 253 5 5 2 2 0 0 0 0 0 0 0
197 156 0 1 0 0 0 0 0 0 0 0 0 569 264 5 5 2 2 0 0 0 0 0 0 0
205 162 0 1 0 0 0 0 0 0 0 0 0 574 269 5 5 2 2 0 0 0 0 0 0 0
223 170 1 1 0 0 0 0 0 0 0 0 0 647 285 5 6 2 2 0 0 0 0 0 0 0
229 176 1 1 0 0 0 0 0 0 0 0 0 650 288 5 6 2 2 0 0 0 0 0 0 0
232 179 1 1 0 0 0 0 0 0 0 0 0 653 291 5 6 2 2 0 0 0 0 0 0 0
