# scores for worst/random/best/smart move selector strategies. 
# scores are 50% and 95% quantiles (based on 40 games) of: 
# game score, #destroyed, #unlocked, #stripes, #bombs, #zappers
3 3 0 0 0 0 0 0 0 0 0 0 0 7 7 0 0 0 0 0 0 0 0 0 0 0
6 6 0 0 0 0 0 0 0 0 0 0 0 34 17 0 0 0 0 0 0 0 0 0 0 0
9 9 0 0 0 0 0 0 0 0 0 0 0 37 20 0 0 0 0 0 0 0 0 0 0 0
14 14 0 0 0 0 0 0 0 0 0 0 0 57 27 0 1 0 0 0 0 0 0 0 0 0
18 18 0 0 0 0 0 0 0 0 0 0 0 60 31 1 1 0 0 0 0 0 0 0 0 0
24 24 0 0 0 0 0 0 0 0 0 0 0 117 40 2 2 0 0 0 0 0 0 0 0 0
30 29 0 0 0 0 0 0 0 0 0 0 0 122 45 2 2 0 0 0 0 0 0 0 0 0
36 33 0 0 0 0 0 0 0 0 0 0 0 126 50 3 2 0 0 0 0 0 0 0 0 0
43 40 0 0 0 0 0 0 0 0 0 0 0 139 58 3 2 0 0 1 0 0 0 0 0 0
48 44 0 0 0 0 0 0 0 0 0 0 0 161 71 3 3 0 0 1 0 0 0 0 0 0
53 49 0 0 0 0 0 0 0 0 0 0 0 166 75 3 3 0 0 1 0 0 0 0 0 0
66 53 0 0 0 0 0 0 0 0 0 0 0 171 81 3 3 0 0 1 0 0 0 0 0 0
81 59 0 0 0 0 0 0 0 0 0 0 0 178 100 4 3 0 0 1 0 0 0 0 0 0
89 65 0 1 0 0 0 0 0 0 0 0 0 222 105 4 3 1 1 1 0 0 1 0 0 0
96 72 0 1 0 0 0 0 0 0 0 0 0 231 111 4 3 1 1 1 0 0 1 0 0 0
124 77 0 1 0 0 0 0 0 0 0 0 0 252 124 4 4 1 1 1 0 0 1 0 0 0
132 82 0 1 0 0 0 0 0 0 0 0 0 277 137 5 5 1 1 1 0 0 1 0 0 0
145 91 0 2 0 0 0 0 0 0 0 0 0 305 154 5 5 1 1 1 0 0 1 0 0 0
162 98 1 2 0 0 0 0 0 0 0 0 0 344 161 5 5 1 1 1 0 0 1 0 0 0
181 102 1 2 0 0 0 0 0 0 0 0 0 351 169 5 5 1 1 1 0 0 1 0 0 0
192 109 1 2 0 0 0 0 0 0 0 0 0 356 176 7 6 1 1 1 1 0 1 0 0 0
219 120 1 3 0 0 0 0 0 0 0 0 0 420 185 7 6 2 1 1 1 0 1 0 0 0
230 131 1 3 0 0 0 0 0 0 0 0 0 443 190 7 7 2 1 2 1 0 1 0 0 0
253 137 2 4 0 0 1 0 0 0 0 0 0 458 199 8 7 2 1 2 1 0 1 0 0 0
260 142 2 4 0 0 1 0 0 0 0 0 0 519 208 8 9 2 1 2 1 0 1 0 0 0
273 149 2 4 0 0 1 0 0 0 0 0 0 523 212 8 9 2 1 2 1 0 1 0 0 0
293 159 2 4 0 0 1 0 0 0 0 0 0 535 215 8 9 2 1 2 1 0 1 0 0 0
298 167 2 4 0 0 1 0 0 0 0 0 0 583 219 8 10 3 1 2 1 0 1 0 0 0
307 173 2 4 0 0 1 0 0 0 0 0 0 589 224 8 10 3 1 2 1 0 1 0 0 0
330 182 2 5 0 0 1 0 0 0 0 0 0 646 241 8 10 3 1 2 1 0 1 0 0 0
342 187 2 5 0 0 1 0 0 0 0 0 0 708 262 8 11 3 1 2 1 0 1 0 0 0
359 194 3 5 0 0 1 0 0 0 0 0 0 716 270 8 12 3 1 2 1 0 1 0 0 0
378 204 3 6 0 0 1 0 0 0 0 0 0 815 287 8 12 4 1 2 1 0 1 0 0 0
407 210 3 6 0 0 1 0 0 0 0 0 0 822 304 8 13 4 2 2 1 0 1 0 0 0
410 214 3 6 0 0 1 0 0 0 0 0 0 825 309 8 13 4 2 2 1 0 1 0 0 0
442 226 3 7 0 0 1 0 0 0 0 0 0 840 321 8 14 4 2 3 1 0 1 0 0 0
446 231 3 7 0 0 1 0 0 0 0 0 0 851 327 8 14 5 2 3 1 0 1 0 0 0
486 247 4 7 0 0 1 0 0 0 0 0 0 920 335 8 14 5 2 3 1 0 2 0 0 0
507 252 4 8 1 0 1 0 0 0 0 0 0 942 339 8 14 5 2 3 1 0 2 0 0 0
513 256 4 8 1 0 1 0 0 0 0 0 0 949 365 8 14 5 2 3 1 0 2 0 0 0
530 265 4 8 1 0 1 0 0 0 0 0 0 995 375 8 15 5 2 3 1 1 2 0 0 0
