# scores for worst/random/best/smart move selector strategies. 
# scores are 50% and 95% quantiles (based on 40 games) of: 
# game score, #destroyed, #unlocked, #stripes, #bombs, #zappers
3 3 0 0 0 0 0 0 0 0 0 0 0 7 7 0 0 0 0 0 0 0 0 0 0 0
6 6 0 0 0 0 0 0 0 0 0 0 0 33 15 0 0 0 0 0 0 0 0 0 0 0
9 9 0 0 0 0 0 0 0 0 0 0 0 38 22 0 0 0 0 0 0 0 0 0 0 0
15 15 0 0 0 0 0 0 0 0 0 0 0 80 30 1 1 0 0 0 0 0 0 0 0 0
18 18 0 0 0 0 0 0 0 0 0 0 0 83 39 1 1 0 0 0 0 0 0 0 0 0
24 24 0 0 0 0 0 0 0 0 0 0 0 88 42 1 1 0 0 0 0 0 0 0 0 0
29 29 0 0 0 0 0 0 0 0 0 0 0 93 46 1 1 0 0 0 0 0 0 0 0 0
34 34 0 0 0 0 0 0 0 0 0 0 0 101 53 1 1 0 0 0 0 0 0 0 0 0
39 39 0 0 0 0 0 0 0 0 0 0 0 105 60 2 1 0 0 0 0 0 0 0 0 0
45 45 0 0 0 0 0 0 0 0 0 0 0 108 63 2 1 0 0 0 0 0 0 0 0 0
48 48 0 0 0 0 0 0 0 0 0 0 0 115 70 3 1 0 0 0 0 0 0 0 0 0
55 53 0 0 0 0 0 0 0 0 0 0 0 120 75 3 1 0 0 0 0 0 0 0 0 0
59 56 0 0 0 0 0 0 0 0 0 0 0 123 78 3 1 0 0 0 0 0 0 0 0 0
64 61 0 0 0 0 0 0 0 0 0 0 0 129 82 3 2 0 0 0 0 0 0 0 0 0
70 66 0 0 0 0 0 0 0 0 0 0 0 176 91 3 2 0 0 0 0 0 0 0 0 0
78 70 0 0 0 0 0 0 0 0 0 0 0 180 99 3 2 0 0 0 0 0 0 0 0 0
91 75 0 0 0 0 0 0 0 0 0 0 0 185 102 3 2 1 0 0 0 0 0 0 0 0
106 79 0 0 0 0 0 0 0 0 0 0 0 188 105 3 2 1 0 1 0 0 0 0 0 0
110 83 0 0 0 0 0 0 0 0 0 0 0 194 112 3 2 1 0 1 0 0 0 0 0 0
115 87 0 0 0 0 0 0 0 0 0 0 0 199 119 3 2 1 0 1 0 0 0 0 0 0
120 91 0 1 0 0 0 0 0 0 0 0 0 202 122 3 2 1 0 1 0 0 0 0 0 0
123 94 0 1 0 0 0 0 0 0 0 0 0 209 128 3 2 1 0 1 0 0 0 0 0 0
127 100 0 1 0 0 0 0 0 0 0 0 0 231 137 3 3 1 0 1 0 0 0 0 0 0
138 104 0 1 0 0 0 0 0 0 0 0 0 248 142 3 3 1 0 1 0 0 0 0 0 0
141 109 0 1 0 0 0 0 0 0 0 0 0 251 152 3 3 1 1 1 0 0 1 0 0 0
145 112 0 1 0 0 0 0 0 0 0 0 0 254 155 3 3 1 1 1 0 0 1 0 0 0
149 118 0 1 0 0 0 0 0 0 0 0 0 260 165 3 3 1 1 1 0 0 1 0 0 0
162 124 0 1 0 0 0 0 0 0 0 0 0 288 176 3 3 1 1 1 0 0 1 0 0 0
165 129 0 1 0 0 0 0 0 0 0 0 0 322 181 3 3 1 1 1 0 0 1 0 0 0
177 132 0 1 0 0 0 0 0 0 0 0 0 337 187 3 3 1 1 1 0 0 1 0 0 0
181 138 0 1 0 0 0 0 0 0 0 0 0 340 190 3 4 1 1 1 0 0 1 0 0 0
186 144 0 1 0 0 0 0 0 0 0 0 0 345 195 3 4 1 1 1 0 0 1 0 0 0
202 152 0 1 0 0 0 0 0 0 0 0 0 351 199 3 4 1 1 1 0 0 1 0 0 0
216 158 0 1 0 0 0 0 0 0 0 0 0 355 204 4 4 1 1 1 0 0 1 0 0 0
223 165 0 2 0 0 0 0 0 0 0 0 0 358 207 4 4 1 1 1 0 0 1 0 0 0
229 172 0 2 0 0 0 0 0 0 0 0 0 361 210 4 4 1 1 1 0 0 1 0 0 0
235 176 0 2 0 0 0 0 0 0 0 0 0 373 216 4 4 1 1 1 0 0 1 0 0 0
247 179 0 2 0 0 0 0 0 0 0 0 0 376 219 4 4 1 1 1 0 0 1 0 0 0
251 183 0 2 0 0 0 0 0 0 0 0 0 381 222 4 4 1 1 1 0 0 1 0 0 0
260 186 0 2 0 0 0 0 0 0 0 0 0 385 228 4 5 1 1 1 0 0 1 0 0 0
265 191 0 2 0 0 0 0 0 0 0 0 0 390 233 4 5 1 1 1 0 0 1 0 0 0
