# scores for worst/random/best/smart move selector strategies. 
# scores are 50% and 95% quantiles (based on 40 games) of: 
# game score, #destroyed, #unlocked, #stripes, #bombs, #zappers
3 3 0 0 0 0 0 0 0 0 0 0 0 7 7 0 0 0 0 0 0 0 0 0 0 0
6 6 0 0 0 0 0 0 0 0 0 0 0 12 12 0 0 0 0 0 0 0 0 0 0 0
9 9 0 0 0 0 0 0 0 0 0 0 0 16 16 0 0 0 0 0 0 0 0 0 0 0
14 14 0 0 0 0 0 0 0 0 0 0 0 20 20 0 0 0 0 0 0 0 0 0 0 0
18 18 0 0 0 0 0 0 0 0 0 0 0 45 28 0 0 0 0 0 0 0 0 0 0 0
21 21 0 0 0 0 0 0 0 0 0 0 0 48 31 0 0 0 0 0 0 0 0 0 0 0
24 24 0 0 0 0 0 0 0 0 0 0 0 51 35 0 0 0 0 0 0 0 0 0 0 0
30 30 0 0 0 0 0 0 0 0 0 0 0 71 43 0 1 0 0 0 0 0 0 0 0 0
33 33 0 0 0 0 0 0 0 0 0 0 0 79 49 0 1 0 0 0 0 0 0 0 0 0
39 39 0 0 0 0 0 0 0 0 0 0 0 82 57 0 1 0 0 0 0 0 0 0 0 0
42 42 0 0 0 0 0 0 0 0 0 0 0 101 66 1 1 0 0 0 0 0 0 0 0 0
46 46 0 0 0 0 0 0 0 0 0 0 0 113 75 1 1 0 0 0 0 0 0 0 0 0
51 51 0 0 0 0 0 0 0 0 0 0 0 134 79 1 1 1 0 0 0 0 0 0 0 0
56 55 0 0 0 0 0 0 0 0 0 0 0 137 82 1 1 1 0 0 0 0 0 0 0 0
63 62 0 0 0 0 0 0 0 0 0 0 0 140 87 1 1 1 0 0 0 0 0 0 0 0
73 66 0 0 0 0 0 0 0 0 0 0 0 143 92 2 1 1 0 0 0 0 0 0 0 0
77 72 0 0 0 0 0 0 0 0 0 0 0 153 103 2 2 1 0 0 0 0 0 0 0 0
85 77 0 0 0 0 0 0 0 0 0 0 0 157 106 2 2 1 0 0 0 0 0 0 0 0
91 81 0 0 0 0 0 0 0 0 0 0 0 160 113 2 2 1 0 0 0 0 0 0 0 0
95 87 0 0 0 0 0 0 0 0 0 0 0 163 117 2 2 1 0 0 0 0 0 0 0 0
98 90 0 0 0 0 0 0 0 0 0 0 0 168 120 2 2 1 0 0 0 0 0 0 0 0
104 94 0 0 0 0 0 0 0 0 0 0 0 171 123 2 2 1 0 0 0 0 0 0 0 0
114 98 0 0 0 0 0 0 0 0 0 0 0 194 130 2 2 1 0 0 0 0 0 0 0 0
119 101 0 0 0 0 0 0 0 0 0 0 0 197 133 2 2 1 0 0 0 0 0 0 0 0
122 105 0 0 0 0 0 0 0 0 0 0 0 200 136 2 2 1 0 0 0 0 0 0 0 0
125 109 0 0 0 0 0 0 0 0 0 0 0 203 139 2 2 1 0 0 0 0 0 0 0 0
132 115 0 0 0 0 0 0 0 0 0 0 0 208 146 2 2 1 0 0 0 0 0 0 0 0
136 119 0 0 0 0 0 0 0 0 0 0 0 220 153 2 2 1 0 0 0 0 0 0 0 0
140 124 0 0 0 0 0 0 0 0 0 0 0 223 156 2 3 1 0 0 0 0 0 0 0 0
146 128 0 0 0 0 0 0 0 0 0 0 0 234 164 2 3 1 0 0 0 0 0 0 0 0
154 135 0 0 0 0 0 0 0 0 0 0 0 246 172 2 3 1 0 0 0 0 0 0 0 0
162 138 0 0 0 0 0 0 0 0 0 0 0 265 177 2 3 1 0 0 0 0 0 0 0 0
171 143 0 0 0 0 0 0 0 0 0 0 0 287 187 2 3 1 0 0 0 0 0 0 0 0
174 146 0 1 0 0 0 0 0 0 0 0 0 290 190 2 3 1 0 0 0 0 0 0 0 0
183 151 0 1 0 0 0 0 0 0 0 0 0 293 193 2 3 1 0 0 0 0 0 0 0 0
192 157 0 1 0 0 0 0 0 0 0 0 0 303 199 2 3 1 0 0 0 0 0 0 0 0
197 160 0 1 0 0 0 0 0 0 0 0 0 306 204 2 3 1 0 0 0 0 0 0 0 0
200 167 0 1 0 0 0 0 0 0 0 0 0 309 212 2 3 1 0 0 0 0 0 0 0 0
209 170 0 1 0 0 0 0 0 0 0 0 0 329 217 2 3 1 0 0 0 0 0 0 0 0
213 175 0 1 0 0 0 0 0 0 0 0 0 332 220 2 3 1 0 0 0 0 0 0 0 0
216 180 0 1 0 0 0 0 0 0 0 0 0 344 223 2 4 1 0 0 0 0 0 0 0 0
