# scores for worst/random/best/smart move selector strategies. 
# scores are 50% and 95% quantiles (based on 40 games) of: 
# game score, #destroyed, #unlocked, #stripes, #bombs, #zappers
3 3 0 0 0 0 0 0 0 0 0 0 0 16 14 0 0 0 0 0 0 0 0 0 0 0
8 8 0 0 0 0 0 0 0 0 0 0 0 55 22 0 0 0 0 0 0 0 0 0 0 0
12 12 0 0 0 0 0 0 0 0 0 0 0 78 35 0 1 0 0 0 0 0 0 0 0 0
15 15 0 0 0 0 0 0 0 0 0 0 0 83 40 0 1 0 0 0 0 0 0 0 0 0
23 23 0 0 0 0 0 0 0 0 0 0 0 94 46 2 1 0 1 0 0 0 1 0 0 0
31 29 0 0 0 0 0 0 0 0 0 0 0 175 60 4 1 1 1 0 0 0 1 0 0 0
40 34 0 0 0 0 0 0 0 0 0 0 0 181 65 4 2 1 1 0 0 0 1 0 0 0
59 41 0 0 0 0 0 0 0 0 0 0 0 185 69 4 2 1 1 0 0 0 1 0 0 0
70 48 0 0 0 0 0 0 0 0 0 0 0 193 77 4 3 1 1 0 0 0 1 0 0 0
91 58 0 1 0 0 0 0 0 0 0 0 0 267 95 6 3 1 1 0 0 0 1 0 0 0
96 64 0 1 0 0 0 0 0 0 0 0 0 290 105 6 3 1 1 0 0 0 1 0 0 0
106 70 0 1 0 0 0 0 0 0 0 0 0 296 111 6 3 1 1 1 0 0 1 0 0 0
132 84 0 1 0 0 0 0 0 0 0 0 0 363 141 6 6 1 2 1 0 0 1 0 0 0
139 93 1 2 0 0 0 0 0 0 0 0 0 369 148 6 6 1 2 1 0 0 1 0 0 0
146 100 1 2 0 0 0 0 0 0 0 0 0 372 159 7 6 1 2 1 1 0 1 0 0 0
171 105 1 2 0 0 0 0 0 0 0 0 0 380 164 7 6 2 2 1 1 0 1 0 0 0
193 112 2 3 0 0 0 0 0 0 0 0 0 393 171 9 7 2 2 1 1 0 1 0 0 0
204 116 2 3 0 0 0 0 0 0 0 0 0 448 175 9 8 2 2 1 1 0 1 0 0 0
236 124 2 3 0 0 0 0 0 0 0 0 0 454 183 9 8 2 2 1 1 0 1 0 0 0
242 132 2 3 0 0 0 0 0 0 0 0 0 493 194 9 9 2 2 1 1 0 1 0 0 0
253 139 2 3 0 0 0 0 0 0 0 0 0 497 205 9 9 2 2 1 1 0 1 0 0 0
260 145 2 3 0 0 0 0 0 0 0 0 0 526 218 9 9 2 2 1 1 0 2 0 0 0
287 154 2 4 1 0 0 0 0 0 0 0 0 537 225 9 9 2 2 1 1 0 2 0 0 0
313 157 2 4 1 0 0 0 0 0 0 0 0 612 236 9 10 2 2 1 1 0 2 0 0 0
320 161 2 4 1 0 0 0 0 0 0 0 0 662 251 9 10 2 2 2 1 0 2 0 0 0
334 174 3 4 1 0 0 0 0 0 0 0 0 665 263 9 10 2 2 2 1 0 2 0 0 0
348 179 4 4 1 0 0 0 0 0 0 0 0 835 268 10 14 3 2 2 1 0 2 0 0 0
362 188 4 5 1 0 0 0 0 0 0 0 0 840 274 10 14 3 2 2 1 0 2 0 0 0
373 196 4 5 1 0 1 0 0 0 0 0 0 843 277 10 14 3 2 2 1 0 2 0 0 0
391 201 4 5 1 0 1 0 0 0 0 0 0 848 283 10 16 3 2 2 1 0 2 1 0 0
416 210 4 6 1 0 1 0 0 0 0 0 0 864 294 10 16 3 2 2 1 0 2 1 0 0
423 218 4 6 1 0 1 0 0 0 0 0 0 868 298 10 16 3 2 2 1 0 2 1 0 0
447 223 4 6 1 0 1 0 0 0 0 0 0 880 313 10 16 3 2 2 1 0 2 1 0 0
457 233 4 7 1 0 1 0 0 0 0 0 0 1030 320 10 16 8 2 3 1 0 2 1 0 0
464 238 4 7 1 0 1 0 0 0 0 0 0 1097 330 10 17 8 2 3 1 0 2 1 0 0
479 244 4 7 1 0 1 0 0 0 0 0 0 1107 343 10 17 8 2 3 1 0 2 1 0 0
510 255 5 8 1 0 1 0 0 0 0 0 0 1112 346 10 17 8 2 3 1 0 2 1 0 0
532 261 5 8 1 0 1 0 0 0 0 0 0 1153 353 10 17 8 2 3 1 0 2 1 0 0
535 264 5 8 1 0 1 0 0 0 0 0 0 1157 363 10 18 8 3 3 1 0 2 1 0 0
585 275 5 9 1 0 1 0 0 0 0 0 0 1177 375 10 19 8 3 3 1 0 2 1 0 0
593 280 5 9 1 0 1 0 0 0 0 0 0 1184 385 10 20 8 3 3 1 0 2 1 0 0
