# scores for worst/random/best/smart move selector strategies. 
# scores are 50% and 95% quantiles (based on 40 games) of: 
# game score, #destroyed, #unlocked, #stripes, #bombs, #zappers
3 3 0 0 0 0 0 0 0 0 0 0 0 16 14 0 0 0 0 0 0 0 0 0 0 0
6 6 0 0 0 0 0 0 0 0 0 0 0 23 19 0 0 0 0 0 0 0 0 0 0 0
12 12 0 0 0 0 0 0 0 0 0 0 0 56 27 0 0 0 0 0 0 0 0 0 0 0
17 17 0 0 0 0 0 0 0 0 0 0 0 74 35 0 0 0 0 0 0 0 0 0 0 0
21 21 0 0 0 0 0 0 0 0 0 0 0 80 39 0 0 1 0 0 0 0 0 0 0 0
24 24 0 0 0 0 0 0 0 0 0 0 0 86 46 1 1 1 0 0 0 0 0 0 0 0
30 30 0 0 0 0 0 0 0 0 0 0 0 111 53 1 1 1 0 0 0 0 0 0 0 0
35 34 0 0 0 0 0 0 0 0 0 0 0 114 58 1 1 1 0 0 0 0 0 0 0 0
42 39 0 0 0 0 0 0 0 0 0 0 0 123 62 2 1 1 0 0 0 0 0 0 0 0
45 44 0 0 0 0 0 0 0 0 0 0 0 127 71 2 1 1 0 0 0 0 0 0 0 0
51 48 0 0 0 0 0 0 0 0 0 0 0 130 76 2 1 1 0 0 0 0 0 0 0 0
57 53 0 0 0 0 0 0 0 0 0 0 0 139 81 2 1 1 0 0 0 0 0 0 0 0
69 61 0 0 0 0 0 0 0 0 0 0 0 142 86 2 1 1 0 0 0 0 0 0 0 0
77 66 0 0 0 0 0 0 0 0 0 0 0 167 92 2 2 1 1 0 0 0 0 0 0 0
81 72 0 0 0 0 0 0 0 0 0 0 0 198 102 2 2 1 1 0 0 0 0 0 0 0
87 77 0 0 0 0 0 0 0 0 0 0 0 206 110 2 2 1 1 0 0 0 0 0 0 0
102 82 0 0 0 0 0 0 0 0 0 0 0 215 119 3 2 1 1 0 0 0 0 0 0 0
105 87 0 0 0 0 0 0 0 0 0 0 0 231 126 3 3 1 1 0 0 0 0 0 0 0
112 94 0 1 0 0 0 0 0 0 0 0 0 234 129 3 3 1 1 0 0 0 1 0 0 0
124 100 0 1 0 0 0 0 0 0 0 0 0 248 139 3 3 1 1 0 0 0 1 0 0 0
143 105 0 1 0 0 0 0 0 0 0 0 0 293 143 3 3 1 1 0 0 0 1 0 0 0
146 108 0 1 0 0 0 0 0 0 0 0 0 296 147 3 3 1 1 0 0 0 1 0 0 0
152 114 0 1 0 0 0 0 0 0 0 0 0 337 150 3 3 1 1 0 0 0 1 0 0 0
162 122 0 1 0 0 0 0 0 0 0 0 0 350 155 3 3 1 1 1 0 0 1 0 0 0
171 129 0 1 0 0 0 0 0 0 0 0 0 354 162 3 3 1 1 1 0 0 1 0 0 0
175 136 0 1 0 0 0 0 0 0 0 0 0 358 169 3 3 1 1 1 0 0 1 0 0 0
180 139 0 1 0 0 0 0 0 0 0 0 0 373 176 3 3 1 1 1 0 0 1 0 0 0
185 144 0 1 0 0 0 0 0 0 0 0 0 394 179 3 4 1 1 1 0 0 1 0 0 0
193 147 0 1 0 0 0 0 0 0 0 0 0 400 185 3 4 1 1 1 0 0 1 0 0 0
208 152 1 1 0 0 0 0 0 0 0 0 0 406 190 3 4 1 1 1 0 0 1 0 0 0
211 156 1 1 0 0 0 0 0 0 0 0 0 409 193 3 4 1 1 1 0 0 1 0 0 0
214 163 1 2 0 0 0 0 0 0 0 0 0 413 200 4 4 1 1 1 0 0 1 0 0 0
218 170 1 2 0 0 0 0 0 0 0 0 0 418 207 4 5 1 1 1 0 0 1 0 0 0
223 175 1 2 0 0 0 0 0 0 0 0 0 464 218 4 5 1 1 1 0 0 1 0 0 0
249 183 1 2 0 0 0 0 0 0 0 0 0 469 223 4 5 1 1 1 0 0 1 0 0 0
252 190 1 2 0 0 0 0 0 0 0 0 0 476 227 4 5 1 1 1 0 0 1 0 0 0
262 198 1 2 0 0 0 0 0 0 0 0 0 497 234 4 6 1 1 1 0 0 1 0 0 0
275 201 1 2 0 0 0 0 0 0 0 0 0 502 238 4 6 1 1 1 0 0 1 0 0 0
281 207 1 2 0 0 0 0 0 0 0 0 0 513 243 4 6 1 1 1 0 0 1 0 0 0
297 213 1 2 0 0 0 0 0 0 0 0 0 516 256 4 6 1 1 1 0 0 1 0 0 0
307 218 1 2 0 0 0 0 0 0 0 0 0 532 260 4 6 1 1 1 0 0 1 0 0 0
