# scores for worst/random/best/smart move selector strategies. 
# scores are 50% and 95% quantiles (based on 40 games) of: 
# game score, #destroyed, #unlocked, #stripes, #bombs, #zappers
3 3 0 0 0 0 0 0 0 0 0 0 0 16 14 0 0 0 0 0 0 0 0 0 0 0
6 6 0 0 0 0 0 0 0 0 0 0 0 41 20 0 0 0 0 0 0 0 0 0 0 0
12 12 0 0 0 0 0 0 0 0 0 0 0 46 29 0 0 0 0 0 0 0 0 0 0 0
16 16 0 0 0 0 0 0 0 0 0 0 0 63 37 0 0 0 0 0 0 0 0 0 0 0
22 22 0 0 0 0 0 0 0 0 0 0 0 69 46 0 0 1 0 0 0 0 0 0 0 0
28 27 0 0 0 0 0 0 0 0 0 0 0 84 55 0 1 1 0 0 0 0 0 0 0 0
34 33 0 0 0 0 0 0 0 0 0 0 0 90 64 0 1 1 0 0 0 0 0 0 0 0
38 38 0 0 0 0 0 0 0 0 0 0 0 104 74 0 1 1 0 0 0 0 0 0 0 0
44 42 0 0 0 0 0 0 0 0 0 0 0 118 90 0 1 1 0 0 0 0 0 0 0 0
48 46 0 0 0 0 0 0 0 0 0 0 0 121 95 1 1 1 0 0 0 0 0 0 0 0
57 53 0 0 0 0 0 0 0 0 0 0 0 140 99 2 1 1 0 0 0 0 0 0 0 0
64 57 0 0 0 0 0 0 0 0 0 0 0 146 104 2 1 1 0 0 0 0 0 0 0 0
70 62 0 0 0 0 0 0 0 0 0 0 0 149 107 2 1 1 0 0 0 0 0 0 0 0
73 66 0 0 0 0 0 0 0 0 0 0 0 152 111 2 1 1 0 0 0 0 0 0 0 0
80 69 0 0 0 0 0 0 0 0 0 0 0 155 114 2 1 1 0 0 0 0 0 0 0 0
84 74 0 0 0 0 0 0 0 0 0 0 0 158 119 2 1 1 0 0 0 0 0 0 0 0
90 78 0 0 0 0 0 0 0 0 0 0 0 164 125 2 1 1 0 0 0 0 0 0 0 0
93 84 0 0 0 0 0 0 0 0 0 0 0 173 128 2 1 1 0 0 0 0 0 0 0 0
96 87 0 0 0 0 0 0 0 0 0 0 0 183 133 2 2 1 0 0 0 0 0 0 0 0
100 90 0 0 0 0 0 0 0 0 0 0 0 193 137 2 2 1 0 0 0 0 0 0 0 0
113 95 0 0 0 0 0 0 0 0 0 0 0 198 140 2 2 1 0 0 0 0 0 0 0 0
117 101 0 0 0 0 0 0 0 0 0 0 0 210 144 2 2 1 0 0 0 0 0 0 0 0
122 107 0 0 0 0 0 0 0 0 0 0 0 221 151 2 2 1 0 0 0 0 0 0 0 0
135 114 0 0 0 0 0 0 0 0 0 0 0 228 157 2 2 1 0 0 0 0 0 0 0 0
141 118 0 0 0 0 0 0 0 0 0 0 0 231 163 2 2 1 0 0 0 0 0 0 0 0
147 123 0 0 0 0 0 0 0 0 0 0 0 234 166 2 2 1 0 0 0 0 0 0 0 0
150 128 0 0 0 0 0 0 0 0 0 0 0 238 174 2 2 1 0 0 0 0 0 0 0 0
153 134 0 0 0 0 0 0 0 0 0 0 0 244 178 2 2 1 0 0 0 0 0 0 0 0
157 137 0 0 0 0 0 0 0 0 0 0 0 255 190 2 2 1 0 0 0 0 0 0 0 0
163 142 0 0 0 0 0 0 0 0 0 0 0 258 196 2 2 1 0 0 0 0 0 0 0 0
172 147 0 0 0 0 0 0 0 0 0 0 0 266 207 2 2 1 0 0 0 0 0 0 0 0
175 150 0 0 0 0 0 0 0 0 0 0 0 271 210 2 2 1 0 0 0 0 0 0 0 0
179 156 0 0 0 0 0 0 0 0 0 0 0 276 213 2 3 1 0 0 0 0 0 0 0 0
184 160 0 1 0 0 0 0 0 0 0 0 0 293 224 2 3 1 0 0 0 0 0 0 0 0
188 166 0 1 0 0 0 0 0 0 0 0 0 300 227 3 3 1 0 0 0 0 0 0 0 0
193 171 0 1 0 0 0 0 0 0 0 0 0 310 234 3 3 1 0 0 0 0 0 0 0 0
200 175 0 1 0 0 0 0 0 0 0 0 0 314 237 3 3 1 0 0 0 0 0 0 0 0
204 183 0 1 0 0 0 0 0 0 0 0 0 317 240 3 3 1 0 0 0 0 0 0 0 0
213 187 0 1 0 0 0 0 0 0 0 0 0 352 255 3 3 1 0 0 0 0 0 0 0 0
222 191 0 1 0 0 0 0 0 0 0 0 0 355 260 3 3 1 0 0 0 0 0 0 0 0
225 200 0 1 0 0 0 0 0 0 0 0 0 359 263 3 3 1 0 0 0 0 0 0 0 0
