# scores for worst/random/best/smart move selector strategies. 
# scores are 50% and 95% quantiles (based on 40 games) of: 
# game score, #destroyed, #unlocked, #stripes, #bombs, #zappers
3 3 0 0 0 0 0 0 0 0 0 0 0 12 12 0 0 0 0 0 0 0 0 0 0 0
6 6 0 0 0 0 0 0 0 0 0 0 0 15 15 0 0 0 0 0 0 0 0 0 0 0
9 9 0 0 0 0 0 0 0 0 0 0 0 20 20 0 0 0 0 0 0 0 0 0 0 0
13 13 0 0 0 0 0 0 0 0 0 0 0 29 29 0 0 0 0 0 0 0 0 0 0 0
18 18 0 0 0 0 0 0 0 0 0 0 0 33 33 0 0 0 0 0 0 0 0 0 0 0
22 22 0 0 0 0 0 0 0 0 0 0 0 36 36 0 0 0 0 0 0 0 0 0 0 0
25 25 0 0 0 0 0 0 0 0 0 0 0 57 40 0 0 0 0 0 0 0 0 0 0 0
30 30 0 0 0 0 0 0 0 0 0 0 0 75 43 0 0 0 0 0 0 0 0 0 0 0
33 33 0 0 0 0 0 0 0 0 0 0 0 78 47 0 0 0 0 0 0 0 0 0 0 0
37 37 0 0 0 0 0 0 0 0 0 0 0 84 54 0 1 0 0 0 0 0 0 0 0 0
41 41 0 0 0 0 0 0 0 0 0 0 0 87 57 0 1 0 0 0 0 0 0 0 0 0
44 44 0 0 0 0 0 0 0 0 0 0 0 90 60 0 1 0 0 0 0 0 0 0 0 0
49 49 0 0 0 0 0 0 0 0 0 0 0 96 66 0 1 0 0 0 0 0 0 0 0 0
54 54 0 0 0 0 0 0 0 0 0 0 0 110 69 0 1 0 0 0 0 0 0 0 0 0
57 57 0 0 0 0 0 0 0 0 0 0 0 119 77 0 1 0 0 0 0 0 0 0 0 0
60 60 0 0 0 0 0 0 0 0 0 0 0 122 80 0 1 0 0 0 0 0 0 0 0 0
64 64 0 0 0 0 0 0 0 0 0 0 0 125 83 0 1 0 0 0 0 0 0 0 0 0
68 68 0 0 0 0 0 0 0 0 0 0 0 128 86 0 1 0 0 0 0 0 0 0 0 0
75 73 0 0 0 0 0 0 0 0 0 0 0 134 89 0 1 0 0 0 0 0 0 0 0 0
83 76 0 0 0 0 0 0 0 0 0 0 0 137 96 0 1 0 0 0 0 0 0 0 0 0
87 80 0 0 0 0 0 0 0 0 0 0 0 143 99 0 2 0 0 0 0 0 0 0 0 0
92 85 0 0 0 0 0 0 0 0 0 0 0 156 103 0 2 0 0 0 0 0 0 0 0 0
95 88 0 0 0 0 0 0 0 0 0 0 0 161 106 0 2 0 0 0 0 0 0 0 0 0
101 94 0 0 0 0 0 0 0 0 0 0 0 174 111 0 2 0 0 0 0 0 0 0 0 0
104 97 0 0 0 0 0 0 0 0 0 0 0 177 115 0 3 0 0 0 0 0 0 0 0 0
108 103 0 0 0 0 0 0 0 0 0 0 0 180 119 0 3 0 0 0 0 0 0 0 0 0
115 106 0 0 0 0 0 0 0 0 0 0 0 188 126 0 3 0 0 0 0 0 0 0 0 0
120 110 0 0 0 0 0 0 0 0 0 0 0 199 132 0 3 0 0 0 0 0 0 0 0 0
132 116 0 0 0 0 0 0 0 0 0 0 0 203 135 0 3 0 0 0 0 0 0 0 0 0
136 119 0 0 0 0 0 0 0 0 0 0 0 208 143 0 3 0 0 0 0 0 0 0 0 0
139 122 0 0 0 0 0 0 0 0 0 0 0 217 148 0 3 0 0 0 0 0 0 0 0 0
145 126 0 1 0 0 0 0 0 0 0 0 0 222 152 0 3 0 0 0 0 0 0 0 0 0
156 130 0 1 0 0 0 0 0 0 0 0 0 228 157 0 3 0 0 1 0 0 0 0 0 0
165 133 0 1 0 0 0 0 0 0 0 0 0 231 162 0 3 0 0 1 0 0 0 0 0 0
168 137 0 1 0 0 0 0 0 0 0 0 0 234 166 0 3 0 0 1 0 0 0 0 0 0
171 140 0 1 0 0 0 0 0 0 0 0 0 237 169 0 3 0 0 1 0 0 0 0 0 0
175 144 0 1 0 0 0 0 0 0 0 0 0 250 174 0 3 0 0 1 0 0 0 0 0 0
178 147 0 1 0 0 0 0 0 0 0 0 0 267 185 0 3 1 0 1 0 0 0 0 0 0
181 152 0 1 0 0 0 0 0 0 0 0 0 272 189 0 3 1 0 1 0 0 0 0 0 0
186 155 0 1 0 0 0 0 0 0 0 0 0 291 200 0 4 1 0 1 0 0 0 0 0 0
191 159 0 1 0 0 0 0 0 0 0 0 0 294 203 0 4 1 0 1 0 0 0 0 0 0
