# scores for worst/random/best/smart move selector strategies. 
# scores are 50% and 95% quantiles (based on 40 games) of: 
# game score, #destroyed, #unlocked, #stripes, #bombs, #zappers
3 3 0 0 0 0 0 0 0 0 0 0 0 12 12 0 0 0 0 0 0 0 0 0 0 0
8 8 0 0 0 0 0 0 0 0 0 0 0 18 18 0 0 0 0 0 0 0 0 0 0 0
14 13 0 0 0 0 0 0 0 0 0 0 0 44 28 0 1 0 0 0 0 0 0 0 0 0
21 21 0 0 0 0 0 0 0 0 0 0 0 62 36 0 1 0 0 0 0 0 0 0 0 0
29 26 0 0 0 0 0 0 0 0 0 0 0 102 46 0 1 1 0 0 0 0 0 0 0 0
52 33 0 0 0 0 0 0 0 0 0 0 0 108 53 0 2 1 0 1 0 0 0 0 0 0
68 41 0 1 0 0 0 0 0 0 0 0 0 153 66 0 2 1 0 1 0 0 0 0 0 0
78 46 0 1 0 0 0 0 0 0 0 0 0 165 71 0 2 1 0 1 0 0 0 0 0 0
91 52 0 1 0 0 0 0 0 0 0 0 0 171 79 0 3 1 0 1 0 0 0 0 0 0
117 59 0 2 0 0 0 0 0 0 0 0 0 219 89 0 4 1 1 1 0 0 1 0 0 0
123 65 0 2 0 0 0 0 0 0 0 0 0 232 95 0 4 1 1 1 0 0 1 0 0 0
128 69 0 2 0 0 0 0 0 0 0 0 0 235 100 0 4 1 1 1 0 0 1 0 0 0
135 75 0 2 0 0 0 0 0 0 0 0 0 245 108 0 5 1 1 1 0 0 1 0 0 0
163 82 0 2 0 0 0 0 0 0 0 0 0 297 117 0 5 1 1 1 1 0 1 0 0 0
173 91 0 3 0 0 0 0 0 0 0 0 0 300 123 0 5 1 1 1 1 0 1 0 0 0
193 101 0 3 0 0 0 0 0 0 0 0 0 317 137 0 5 1 1 2 1 0 1 0 0 0
204 108 0 4 0 0 0 0 0 0 0 0 0 324 147 0 5 1 1 2 1 0 1 0 0 0
211 112 0 4 0 0 0 0 0 0 0 0 0 342 154 0 5 1 1 2 1 0 1 0 0 0
223 122 0 4 0 0 0 0 0 0 0 0 0 348 164 0 6 1 1 2 1 0 1 0 0 0
257 132 0 4 0 0 0 0 0 0 0 0 0 370 169 0 6 1 1 2 1 0 1 0 0 0
269 137 0 4 0 0 0 0 0 0 0 0 0 383 175 0 7 1 2 2 1 0 1 0 0 0
279 142 0 4 0 0 0 0 0 0 0 0 0 414 180 0 7 1 2 2 1 0 1 0 0 0
284 150 0 5 0 0 0 0 0 0 0 0 0 435 186 0 7 1 2 2 1 0 1 0 0 0
304 156 0 5 0 0 0 0 0 0 0 0 0 445 198 0 7 1 2 2 1 0 1 0 0 0
333 167 0 5 0 0 1 0 0 0 0 0 0 520 204 0 10 1 2 2 1 0 1 0 0 0
349 174 0 6 0 0 1 0 0 0 0 0 0 544 209 0 10 2 2 2 1 0 1 0 0 0
361 181 0 6 0 0 1 0 0 0 0 0 0 554 213 0 11 2 2 2 1 0 2 0 0 0
377 188 0 6 1 0 1 0 0 0 0 0 0 597 219 0 11 2 2 3 1 0 2 0 0 0
386 193 0 6 1 0 1 0 0 0 0 0 0 660 225 0 11 2 2 3 1 0 2 0 0 0
408 199 0 6 1 0 1 0 0 0 0 0 0 695 236 0 11 2 2 3 1 0 2 0 0 0
431 213 0 7 1 0 1 0 0 0 0 0 0 745 248 0 15 2 2 3 1 0 2 1 0 0
461 221 0 8 1 1 1 0 0 0 0 0 0 791 267 0 19 2 2 3 1 0 2 1 0 0
488 227 0 8 1 1 1 0 0 0 0 0 0 817 283 0 19 2 2 3 1 0 2 1 0 0
494 232 0 8 1 1 1 0 0 1 0 0 0 842 292 0 19 3 2 3 1 0 2 1 0 0
503 242 0 8 1 1 1 0 0 1 0 0 0 887 311 0 20 3 3 3 1 0 3 1 0 0
511 249 0 9 1 1 1 0 0 1 0 0 0 911 320 0 20 3 3 3 1 0 3 1 0 0
525 254 0 9 1 1 1 0 0 1 0 0 0 935 325 0 20 3 3 3 1 0 3 1 0 0
558 264 0 9 1 1 1 0 0 1 0 0 0 949 334 0 20 3 3 3 1 0 3 1 0 0
593 271 0 9 1 1 1 0 0 1 0 0 0 969 359 0 20 3 3 3 1 0 3 1 0 0
607 279 0 9 1 1 1 0 0 1 0 0 0 974 363 0 22 3 3 3 1 0 3 1 0 0
625 285 0 9 1 1 1 0 0 1 0 0 0 991 374 0 22 3 3 3 1 0 3 1 0 0
