# scores for worst/random/best/smart move selector strategies. 
# scores are 50% and 95% quantiles (based on 40 games) of: 
# game score, #destroyed, #unlocked, #stripes, #bombs, #zappers
0 0 0 0 0 0 0 0 0 0 0 0 0 7 7 0 0 0 0 0 0 0 0 0 0 0
6 6 0 0 0 0 0 0 0 0 0 0 0 10 10 0 0 0 0 0 0 0 0 0 0 0
9 9 0 0 0 0 0 0 0 0 0 0 0 16 16 0 0 0 0 0 0 0 0 0 0 0
15 15 0 0 0 0 0 0 0 0 0 0 0 21 21 0 0 0 0 0 0 0 0 0 0 0
18 18 0 0 0 0 0 0 0 0 0 0 0 26 26 0 0 0 0 0 0 0 0 0 0 0
21 21 0 0 0 0 0 0 0 0 0 0 0 35 35 0 0 0 0 0 0 0 0 0 0 0
25 25 0 0 0 0 0 0 0 0 0 0 0 51 38 1 0 0 0 0 0 0 0 0 0 0
30 30 0 0 0 0 0 0 0 0 0 0 0 67 45 1 1 0 0 0 0 0 0 0 0 0
36 35 0 0 0 0 0 0 0 0 0 0 0 92 52 3 1 0 0 0 0 0 0 0 0 0
40 39 0 0 0 0 0 0 0 0 0 0 0 105 56 5 2 0 0 0 0 0 0 0 0 0
45 43 0 0 0 0 0 0 0 0 0 0 0 119 63 5 2 0 0 0 0 0 0 0 0 0
49 49 0 0 0 0 0 0 0 0 0 0 0 124 69 5 2 0 0 0 0 0 0 0 0 0
56 53 0 0 0 0 0 0 0 0 0 0 0 142 78 5 2 0 1 0 0 0 1 0 0 0
63 57 0 0 0 0 0 0 0 0 0 0 0 148 87 5 2 0 1 0 0 0 1 0 0 0
70 60 0 0 0 0 0 0 0 0 0 0 0 151 90 5 2 0 1 0 0 0 1 0 0 0
77 66 0 0 0 0 0 0 0 0 0 0 0 161 97 5 2 1 1 0 0 0 1 0 0 0
84 69 0 0 0 0 0 0 0 0 0 0 0 174 103 6 2 1 1 0 0 0 1 0 0 0
93 73 0 0 0 0 0 0 0 0 0 0 0 180 109 6 2 1 1 0 0 0 1 0 0 0
104 76 0 0 0 0 0 0 0 0 0 0 0 185 113 6 2 1 1 0 0 0 1 0 0 0
111 82 0 1 0 0 0 0 0 0 0 0 0 206 118 7 2 1 1 0 0 0 1 0 0 0
114 85 0 1 0 0 0 0 0 0 0 0 0 209 125 7 2 1 1 0 0 0 1 0 0 0
124 90 0 1 0 0 0 0 0 0 0 0 0 220 130 7 2 1 1 0 0 0 1 0 0 0
135 96 1 1 0 0 0 0 0 0 0 0 0 226 134 7 2 1 1 0 0 0 1 0 0 0
138 100 1 1 0 0 0 0 0 0 0 0 0 231 138 7 2 1 1 0 0 0 1 0 0 0
148 105 1 1 0 0 0 0 0 0 0 0 0 234 142 7 3 1 1 1 0 0 1 0 0 0
156 111 2 1 0 0 0 0 0 0 0 0 0 237 145 8 3 1 1 1 0 0 1 0 0 0
169 115 2 1 0 0 0 0 0 0 0 0 0 258 151 8 3 1 1 1 0 0 1 0 0 0
176 120 2 1 0 0 0 0 0 0 0 0 0 261 154 8 3 1 1 1 0 0 1 0 0 0
182 126 2 1 0 0 0 0 0 0 0 0 0 264 157 8 3 1 1 1 0 0 1 0 0 0
192 132 2 2 0 0 0 0 0 0 0 0 0 276 165 8 3 1 1 1 0 0 1 0 0 0
203 136 2 2 0 0 0 0 0 0 0 0 0 282 172 10 4 1 1 1 0 0 1 0 0 0
211 141 2 2 0 0 0 0 0 0 0 0 0 286 182 10 4 1 1 1 0 0 1 0 0 0
226 146 2 2 0 0 0 0 0 0 0 0 0 334 193 10 4 1 1 1 0 0 1 0 0 0
229 151 2 2 0 0 0 0 0 0 0 0 0 338 197 10 4 1 1 1 0 0 1 0 0 0
241 156 3 2 0 0 0 0 0 0 0 0 0 366 201 10 5 1 1 1 0 0 1 0 0 0
246 160 3 2 0 0 0 0 0 0 0 0 0 374 207 12 5 1 1 1 0 0 1 0 0 0
250 164 3 2 0 0 0 0 0 0 0 0 0 381 212 12 5 1 1 1 0 0 1 0 0 0
258 169 3 2 0 0 0 0 0 0 0 0 0 384 216 12 5 1 1 1 0 0 1 0 0 0
265 174 3 2 0 0 0 0 0 0 0 0 0 387 220 12 6 1 1 1 0 0 1 0 0 0
268 179 3 2 0 0 0 0 0 0 0 0 0 390 231 12 6 1 1 1 0 0 1 0 0 0
272 183 3 2 0 0 0 0 0 0 0 0 0 395 234 12 6 1 1 1 0 0 1 0 0 0
