# scores for worst/random/best/smart move selector strategies. 
# scores are 50% and 95% quantiles (based on 40 games) of: 
# game score, #destroyed, #unlocked, #stripes, #bombs, #zappers
0 0 0 0 0 0 0 0 0 0 0 0 0 7 7 0 0 0 0 0 0 0 0 0 0 0
6 6 0 0 0 0 0 0 0 0 0 0 0 15 15 0 0 0 0 0 0 0 0 0 0 0
9 9 0 0 0 0 0 0 0 0 0 0 0 21 21 0 0 0 0 0 0 0 0 0 0 0
15 15 0 0 0 0 0 0 0 0 0 0 0 30 25 0 0 0 0 0 0 0 0 0 0 0
18 18 0 0 0 0 0 0 0 0 0 0 0 47 30 0 0 0 0 0 0 0 0 0 0 0
24 24 0 0 0 0 0 0 0 0 0 0 0 50 39 1 0 0 0 0 0 0 0 0 0 0
27 27 0 0 0 0 0 0 0 0 0 0 0 60 43 2 1 0 0 0 0 0 0 0 0 0
31 30 0 0 0 0 0 0 0 0 0 0 0 63 46 2 1 0 0 0 0 0 0 0 0 0
36 35 0 0 0 0 0 0 0 0 0 0 0 66 51 2 1 0 0 0 0 0 0 0 0 0
42 39 0 0 0 0 0 0 0 0 0 0 0 70 54 2 1 0 0 0 0 0 0 0 0 0
45 43 0 0 0 0 0 0 0 0 0 0 0 84 60 2 1 0 0 0 0 0 0 0 0 0
49 48 0 0 0 0 0 0 0 0 0 0 0 88 64 2 1 0 0 0 0 0 0 0 0 0
55 51 0 0 0 0 0 0 0 0 0 0 0 97 72 2 1 0 0 0 0 0 0 0 0 0
59 57 0 0 0 0 0 0 0 0 0 0 0 100 75 2 1 0 0 0 0 0 0 0 0 0
63 61 0 0 0 0 0 0 0 0 0 0 0 104 80 2 1 0 0 0 0 0 0 0 0 0
69 64 0 0 0 0 0 0 0 0 0 0 0 107 83 2 1 0 0 0 0 0 0 0 0 0
75 69 0 0 0 0 0 0 0 0 0 0 0 120 89 2 1 0 0 0 0 0 0 0 0 0
78 73 0 0 0 0 0 0 0 0 0 0 0 123 93 2 1 0 0 0 0 0 0 0 0 0
83 76 0 0 0 0 0 0 0 0 0 0 0 126 95 2 1 0 0 0 0 0 0 0 0 0
87 80 0 0 0 0 0 0 0 0 0 0 0 129 102 2 1 0 0 0 0 0 0 0 0 0
95 85 0 0 0 0 0 0 0 0 0 0 0 150 107 3 1 0 0 0 0 0 0 0 0 0
105 89 0 0 0 0 0 0 0 0 0 0 0 157 110 3 1 0 0 0 0 0 0 0 0 0
110 92 0 0 0 0 0 0 0 0 0 0 0 160 114 3 1 0 0 0 0 0 0 0 0 0
113 98 0 0 0 0 0 0 0 0 0 0 0 174 118 4 1 0 0 0 0 0 0 0 0 0
119 102 0 1 0 0 0 0 0 0 0 0 0 177 121 4 2 0 0 0 0 0 0 0 0 0
124 109 0 1 0 0 0 0 0 0 0 0 0 183 125 4 2 0 0 0 0 0 0 0 0 0
131 112 0 1 0 0 0 0 0 0 0 0 0 187 132 4 2 0 0 0 0 0 0 0 0 0
134 114 0 1 0 0 0 0 0 0 0 0 0 190 135 4 2 0 0 0 0 0 0 0 0 0
144 121 0 1 0 0 0 0 0 0 0 0 0 203 146 4 2 0 0 0 0 0 0 0 0 0
150 126 1 1 0 0 0 0 0 0 0 0 0 207 149 4 2 0 0 0 0 0 0 0 0 0
156 130 1 1 0 0 0 0 0 0 0 0 0 211 152 4 2 0 0 0 0 0 0 0 0 0
161 135 1 1 0 0 0 0 0 0 0 0 0 225 163 4 2 1 0 0 0 0 0 0 0 0
164 138 1 1 0 0 0 0 0 0 0 0 0 228 166 4 2 1 0 0 0 0 0 0 0 0
169 143 1 1 0 0 0 0 0 0 0 0 0 231 169 4 2 1 0 0 0 0 0 0 0 0
172 146 1 1 0 0 0 0 0 0 0 0 0 234 172 4 2 1 0 0 0 0 0 0 0 0
178 150 1 1 0 0 0 0 0 0 0 0 0 237 178 5 3 1 0 0 0 0 0 0 0 0
185 155 1 1 0 0 0 0 0 0 0 0 0 239 183 6 3 1 0 0 0 0 0 0 0 0
188 159 1 1 0 0 0 0 0 0 0 0 0 242 186 6 3 1 0 0 0 0 0 0 0 0
191 162 1 1 0 0 0 0 0 0 0 0 0 250 190 6 3 1 0 0 0 0 0 0 0 0
198 166 1 1 0 0 0 0 0 0 0 0 0 254 195 6 3 1 0 0 0 0 0 0 0 0
203 169 1 1 0 0 0 0 0 0 0 0 0 257 198 6 3 1 0 0 0 0 0 0 0 0
