# scores for worst/random/best/smart move selector strategies. 
# scores are 50% and 95% quantiles (based on 40 games) of: 
# game score, #destroyed, #unlocked, #stripes, #bombs, #zappers
0 0 0 0 0 0 0 0 0 0 0 0 0 7 7 0 0 0 0 0 0 0 0 0 0 0
6 6 0 0 0 0 0 0 0 0 0 0 0 10 10 0 0 0 0 0 0 0 0 0 0 0
9 9 0 0 0 0 0 0 0 0 0 0 0 15 15 0 0 0 0 0 0 0 0 0 0 0
15 15 0 0 0 0 0 0 0 0 0 0 0 21 21 0 0 0 0 0 0 0 0 0 0 0
18 18 0 0 0 0 0 0 0 0 0 0 0 45 29 0 0 0 0 0 0 0 0 0 0 0
21 21 0 0 0 0 0 0 0 0 0 0 0 63 37 0 1 0 0 0 0 0 0 0 0 0
27 27 0 0 0 0 0 0 0 0 0 0 0 68 40 2 1 0 0 0 0 0 0 0 0 0
30 30 0 0 0 0 0 0 0 0 0 0 0 73 45 2 1 0 0 0 0 0 0 0 0 0
35 34 0 0 0 0 0 0 0 0 0 0 0 90 49 3 1 0 0 0 0 0 0 0 0 0
40 39 0 0 0 0 0 0 0 0 0 0 0 108 53 5 2 0 0 0 0 0 0 0 0 0
45 45 0 0 0 0 0 0 0 0 0 0 0 118 62 6 2 0 0 1 0 0 0 0 0 0
49 49 0 0 0 0 0 0 0 0 0 0 0 122 66 6 2 0 0 1 0 0 0 0 0 0
59 53 0 0 0 0 0 0 0 0 0 0 0 158 74 6 2 0 0 1 0 0 0 0 0 0
72 58 0 0 0 0 0 0 0 0 0 0 0 170 80 6 2 0 0 1 0 0 0 0 0 0
83 62 0 0 0 0 0 0 0 0 0 0 0 184 85 7 3 0 0 1 0 0 0 0 0 0
86 67 0 0 0 0 0 0 0 0 0 0 0 189 91 7 3 0 0 1 0 0 0 0 0 0
95 72 0 0 0 0 0 0 0 0 0 0 0 194 98 7 3 0 0 1 0 0 0 0 0 0
98 79 0 1 0 0 0 0 0 0 0 0 0 222 108 7 4 0 0 1 0 0 0 0 0 0
111 83 0 1 0 0 0 0 0 0 0 0 0 238 114 9 4 0 0 1 0 0 0 0 0 0
121 90 2 1 0 0 0 0 0 0 0 0 0 255 123 12 5 1 0 1 0 0 0 0 0 0
126 93 2 1 0 0 0 0 0 0 0 0 0 258 128 12 5 1 0 1 0 0 0 0 0 0
130 96 2 1 0 0 0 0 0 0 0 0 0 261 133 12 5 1 0 1 0 0 0 0 0 0
145 102 2 1 0 0 0 0 0 0 0 0 0 266 143 12 5 1 0 1 0 0 0 0 0 0
160 106 2 1 0 0 0 0 0 0 0 0 0 271 149 17 5 1 0 1 1 0 0 0 0 0
172 112 2 2 0 0 0 0 0 0 0 0 0 284 163 17 5 1 0 1 1 0 0 0 0 0
176 117 2 2 0 0 0 0 0 0 0 0 0 300 167 17 5 1 0 1 1 0 0 0 0 0
179 123 2 2 0 0 0 0 0 0 0 0 0 350 180 17 5 1 1 1 1 0 1 0 0 0
185 129 2 2 0 0 0 0 0 0 0 0 0 368 184 17 6 1 1 1 1 0 1 0 0 0
200 135 3 2 0 0 0 0 0 0 0 0 0 403 195 17 6 1 1 1 1 0 1 0 0 0
210 142 3 2 0 0 0 0 0 0 0 0 0 412 201 17 6 1 1 1 1 0 1 0 0 0
226 145 4 2 0 0 0 0 0 0 0 0 0 419 208 18 6 1 1 1 1 0 1 0 0 0
235 152 5 2 0 0 0 0 0 0 0 0 0 437 212 18 6 1 1 1 1 0 1 0 0 0
242 159 5 3 0 0 0 0 0 0 0 0 0 444 221 18 7 1 1 1 1 0 1 0 0 0
250 163 5 3 0 0 0 0 0 0 0 0 0 449 224 18 7 1 1 1 1 0 1 0 0 0
258 169 5 3 0 0 0 0 0 0 0 0 0 455 230 18 7 1 1 1 1 0 1 0 0 0
261 172 5 3 0 0 0 0 0 0 0 0 0 459 237 18 8 2 1 1 1 0 1 0 0 0
278 177 5 3 0 0 0 0 0 0 0 0 0 487 244 18 8 2 1 1 1 0 1 0 0 0
293 182 5 3 0 0 0 0 0 0 0 0 0 497 253 19 9 2 1 1 1 0 1 0 0 0
296 185 5 3 0 0 0 0 0 0 0 0 0 512 262 19 9 2 1 1 1 0 1 0 0 0
307 191 5 3 0 0 0 0 0 0 0 0 0 520 274 19 9 2 1 1 1 0 1 0 0 0
312 197 5 3 0 0 0 0 0 0 0 0 0 566 291 19 9 2 1 2 1 0 1 0 0 0
