# scores for worst/random/best/smart move selector strategies. 
# scores are 50% and 95% quantiles (based on 40 games) of: 
# game score, #destroyed, #unlocked, #stripes, #bombs, #zappers
0 0 0 0 0 0 0 0 0 0 0 0 0 7 7 0 0 0 0 0 0 0 0 0 0 0
6 6 0 0 0 0 0 0 0 0 0 0 0 10 10 0 0 0 0 0 0 0 0 0 0 0
9 9 0 0 0 0 0 0 0 0 0 0 0 15 15 0 0 0 0 0 0 0 0 0 0 0
15 15 0 0 0 0 0 0 0 0 0 0 0 21 21 0 0 0 0 0 0 0 0 0 0 0
18 18 0 0 0 0 0 0 0 0 0 0 0 31 29 0 0 0 0 0 0 0 0 0 0 0
24 24 0 0 0 0 0 0 0 0 0 0 0 55 37 0 0 0 0 0 0 0 0 0 0 0
27 27 0 0 0 0 0 0 0 0 0 0 0 58 40 0 0 0 0 0 0 0 0 0 0 0
31 31 0 0 0 0 0 0 0 0 0 0 0 63 46 0 0 0 0 0 0 0 0 0 0 0
36 36 0 0 0 0 0 0 0 0 0 0 0 103 55 0 1 0 0 0 0 0 0 0 0 0
39 39 0 0 0 0 0 0 0 0 0 0 0 111 60 0 1 0 0 0 0 0 0 0 0 0
44 44 0 0 0 0 0 0 0 0 0 0 0 114 63 0 1 0 0 0 0 0 0 0 0 0
48 48 0 0 0 0 0 0 0 0 0 0 0 131 71 1 2 0 0 0 0 0 0 0 0 0
53 53 0 0 0 0 0 0 0 0 0 0 0 135 75 1 2 0 0 0 0 0 0 0 0 0
57 57 0 0 0 0 0 0 0 0 0 0 0 140 80 2 2 0 0 0 0 0 0 0 0 0
60 60 0 0 0 0 0 0 0 0 0 0 0 143 83 3 2 0 0 0 0 0 0 0 0 0
66 66 0 0 0 0 0 0 0 0 0 0 0 150 90 3 2 1 0 0 0 0 0 0 0 0
69 69 0 0 0 0 0 0 0 0 0 0 0 153 93 3 2 1 0 0 0 0 0 0 0 0
73 72 0 0 0 0 0 0 0 0 0 0 0 156 96 3 2 1 0 0 0 0 0 0 0 0
78 78 0 0 0 0 0 0 0 0 0 0 0 162 102 3 2 1 0 0 0 0 0 0 0 0
81 81 0 0 0 0 0 0 0 0 0 0 0 165 106 3 2 1 0 0 0 0 0 0 0 0
87 84 0 0 0 0 0 0 0 0 0 0 0 168 109 3 2 1 0 0 0 0 0 0 0 0
90 88 0 0 0 0 0 0 0 0 0 0 0 171 112 3 2 1 0 0 0 0 0 0 0 0
94 93 0 0 0 0 0 0 0 0 0 0 0 176 117 3 2 1 0 0 0 0 0 0 0 0
97 96 0 0 0 0 0 0 0 0 0 0 0 182 122 3 2 1 0 0 0 0 0 0 0 0
105 102 0 0 0 0 0 0 0 0 0 0 0 189 132 3 2 1 0 0 0 0 0 0 0 0
108 105 0 0 0 0 0 0 0 0 0 0 0 210 135 4 2 1 0 0 0 0 0 0 0 0
111 108 0 0 0 0 0 0 0 0 0 0 0 216 141 4 2 1 0 0 0 0 0 0 0 0
115 111 0 0 0 0 0 0 0 0 0 0 0 219 144 4 2 1 0 0 0 0 0 0 0 0
121 114 0 0 0 0 0 0 0 0 0 0 0 222 147 4 2 1 0 0 0 0 0 0 0 0
126 120 0 0 0 0 0 0 0 0 0 0 0 240 152 4 2 1 0 0 0 0 0 0 0 0
132 123 0 0 0 0 0 0 0 0 0 0 0 243 157 4 2 1 0 0 0 0 0 0 0 0
138 126 0 0 0 0 0 0 0 0 0 0 0 246 160 4 2 1 0 0 0 0 0 0 0 0
141 129 0 0 0 0 0 0 0 0 0 0 0 249 167 4 2 1 0 0 0 0 0 0 0 0
145 132 0 0 0 0 0 0 0 0 0 0 0 261 173 4 2 1 0 0 0 0 0 0 0 0
148 135 0 0 0 0 0 0 0 0 0 0 0 264 176 4 2 1 0 0 0 0 0 0 0 0
152 141 0 0 0 0 0 0 0 0 0 0 0 267 179 4 2 1 0 0 0 0 0 0 0 0
155 146 0 0 0 0 0 0 0 0 0 0 0 290 192 4 3 1 0 0 0 0 0 0 0 0
158 150 0 0 0 0 0 0 0 0 0 0 0 293 195 4 3 1 0 0 0 0 0 0 0 0
161 155 0 0 0 0 0 0 0 0 0 0 0 296 200 4 3 1 0 0 0 0 0 0 0 0
167 159 0 0 0 0 0 0 0 0 0 0 0 300 203 4 3 1 0 0 0 0 0 0 0 0
172 162 0 0 0 0 0 0 0 0 0 0 0 303 206 4 3 1 0 0 0 0 0 0 0 0
