# scores for worst/random/best/smart move selector strategies. 
# scores are 50% and 95% quantiles (based on 40 games) of: 
# game score, #destroyed, #unlocked, #stripes, #bombs, #zappers
0 0 0 0 0 0 0 0 0 0 0 0 0 9 9 0 0 0 0 0 0 0 0 0 0 0
6 6 0 0 0 0 0 0 0 0 0 0 0 15 15 0 0 0 0 0 0 0 0 0 0 0
9 9 0 0 0 0 0 0 0 0 0 0 0 19 19 0 0 0 0 0 0 0 0 0 0 0
13 13 0 0 0 0 0 0 0 0 0 0 0 27 23 0 0 0 0 0 0 0 0 0 0 0
17 17 0 0 0 0 0 0 0 0 0 0 0 32 29 0 0 0 0 0 0 0 0 0 0 0
21 21 0 0 0 0 0 0 0 0 0 0 0 68 35 1 1 0 0 0 0 0 0 0 0 0
25 25 0 0 0 0 0 0 0 0 0 0 0 80 41 1 1 0 0 0 0 0 0 0 0 0
31 31 0 0 0 0 0 0 0 0 0 0 0 83 50 1 1 0 0 0 0 0 0 0 0 0
38 36 0 0 0 0 0 0 0 0 0 0 0 86 53 1 1 0 0 0 0 0 0 0 0 0
42 42 0 0 0 0 0 0 0 0 0 0 0 99 60 2 2 0 0 1 0 0 0 0 0 0
47 45 0 0 0 0 0 0 0 0 0 0 0 105 67 2 2 0 0 1 0 0 0 0 0 0
51 50 0 0 0 0 0 0 0 0 0 0 0 121 75 2 2 0 0 1 0 0 0 0 0 0
56 54 0 0 0 0 0 0 0 0 0 0 0 129 78 2 2 0 0 1 0 0 0 0 0 0
62 59 0 0 0 0 0 0 0 0 0 0 0 164 91 5 3 0 0 1 0 0 0 0 0 0
69 64 0 0 0 0 0 0 0 0 0 0 0 174 99 6 4 0 0 1 0 0 0 0 0 0
76 69 0 0 0 0 0 0 0 0 0 0 0 182 109 6 4 1 0 1 0 0 0 0 0 0
84 75 0 0 0 0 0 0 0 0 0 0 0 191 112 6 4 1 0 1 0 0 0 0 0 0
91 79 0 0 0 0 0 0 0 0 0 0 0 219 117 6 4 1 0 1 0 0 0 0 0 0
105 84 0 1 0 0 0 0 0 0 0 0 0 244 121 6 5 1 0 1 0 0 0 0 0 0
109 87 0 1 0 0 0 0 0 0 0 0 0 249 125 6 5 1 0 1 0 0 0 0 0 0
115 91 0 1 0 0 0 0 0 0 0 0 0 273 132 7 6 1 0 1 0 0 0 0 0 0
129 98 0 1 0 0 0 0 0 0 0 0 0 278 135 7 6 1 1 1 0 0 1 0 0 0
135 102 0 1 0 0 0 0 0 0 0 0 0 289 144 7 6 1 1 1 0 0 1 0 0 0
143 107 0 1 0 0 0 0 0 0 0 0 0 309 155 7 6 1 1 1 0 0 1 0 0 0
157 115 1 1 0 0 0 0 0 0 0 0 0 312 158 7 6 1 1 1 0 0 1 0 0 0
185 120 1 1 0 0 0 0 0 0 0 0 0 316 162 7 6 1 1 1 0 0 1 0 0 0
188 124 1 1 0 0 0 0 0 0 0 0 0 323 167 7 6 1 1 1 0 0 1 0 0 0
194 130 1 2 0 0 0 0 0 0 0 0 0 348 174 9 6 1 1 1 0 0 1 0 0 0
197 133 1 2 0 0 0 0 0 0 0 0 0 391 190 9 7 1 1 1 1 0 1 0 0 0
201 139 2 2 0 0 0 0 0 0 0 0 0 399 197 9 7 1 1 1 1 0 1 0 0 0
217 143 2 2 0 0 0 0 0 0 0 0 0 402 201 9 7 1 1 1 1 0 1 0 0 0
230 150 2 2 0 0 0 0 0 0 0 0 0 411 204 9 8 1 1 1 1 0 1 0 0 0
237 156 2 3 0 0 0 0 0 0 0 0 0 414 207 9 8 1 1 1 1 0 1 0 0 0
246 159 2 3 0 0 0 0 0 0 0 0 0 419 212 9 8 1 1 1 1 0 1 0 0 0
258 163 2 3 0 0 0 0 0 0 0 0 0 473 222 9 8 1 1 2 1 0 1 0 0 0
266 168 2 3 0 0 0 0 0 0 0 0 0 498 230 9 8 1 1 2 1 0 1 0 0 0
279 176 2 3 0 0 0 0 0 0 0 0 0 503 235 9 8 1 1 2 1 0 1 0 0 0
292 181 2 3 0 0 0 0 0 0 0 0 0 507 239 9 8 1 1 2 1 0 1 0 0 0
297 186 2 3 0 0 0 0 0 0 0 0 0 528 248 9 9 1 1 2 1 0 1 0 0 0
300 190 2 3 0 0 0 0 0 0 0 0 0 531 251 9 9 1 1 2 1 0 1 0 0 0
303 196 2 4 0 0 0 0 0 0 0 0 0 534 254 9 9 1 1 2 1 0 1 0 0 0
