# scores for worst/random/best/smart move selector strategies. 
# scores are 50% and 95% quantiles (based on 40 games) of: 
# game score, #destroyed, #unlocked, #stripes, #bombs, #zappers
0 0 0 0 0 0 0 0 0 0 0 0 0 9 9 0 0 0 0 0 0 0 0 0 0 0
3 3 0 0 0 0 0 0 0 0 0 0 0 15 15 0 0 0 0 0 0 0 0 0 0 0
9 9 0 0 0 0 0 0 0 0 0 0 0 19 19 0 0 0 0 0 0 0 0 0 0 0
12 12 0 0 0 0 0 0 0 0 0 0 0 22 22 0 0 0 0 0 0 0 0 0 0 0
15 15 0 0 0 0 0 0 0 0 0 0 0 29 27 0 0 0 0 0 0 0 0 0 0 0
21 21 0 0 0 0 0 0 0 0 0 0 0 34 33 0 0 0 0 0 0 0 0 0 0 0
27 27 0 0 0 0 0 0 0 0 0 0 0 47 39 0 0 0 0 0 0 0 0 0 0 0
30 30 0 0 0 0 0 0 0 0 0 0 0 61 43 0 1 0 0 0 0 0 0 0 0 0
34 34 0 0 0 0 0 0 0 0 0 0 0 75 50 1 1 0 0 0 0 0 0 0 0 0
38 38 0 0 0 0 0 0 0 0 0 0 0 88 58 2 1 0 0 0 0 0 0 0 0 0
45 44 0 0 0 0 0 0 0 0 0 0 0 92 63 2 1 0 0 0 0 0 0 0 0 0
48 48 0 0 0 0 0 0 0 0 0 0 0 95 69 2 1 0 0 0 0 0 0 0 0 0
51 51 0 0 0 0 0 0 0 0 0 0 0 118 75 3 1 0 0 0 0 0 0 0 0 0
57 56 0 0 0 0 0 0 0 0 0 0 0 122 80 3 1 0 0 0 0 0 0 0 0 0
66 60 0 0 0 0 0 0 0 0 0 0 0 129 83 5 1 0 0 0 0 0 0 0 0 0
75 65 0 0 0 0 0 0 0 0 0 0 0 156 87 5 2 1 0 0 0 0 0 0 0 0
81 69 0 0 0 0 0 0 0 0 0 0 0 161 95 5 2 1 0 0 0 0 0 0 0 0
87 74 0 0 0 0 0 0 0 0 0 0 0 164 98 5 2 1 0 0 0 0 0 0 0 0
91 77 0 0 0 0 0 0 0 0 0 0 0 167 101 5 2 1 0 0 0 0 0 0 0 0
97 82 0 1 0 0 0 0 0 0 0 0 0 170 110 5 2 1 0 0 0 0 0 0 0 0
100 88 0 1 0 0 0 0 0 0 0 0 0 174 119 5 2 1 0 0 0 0 0 0 0 0
104 92 0 1 0 0 0 0 0 0 0 0 0 177 122 5 2 1 0 0 0 0 0 0 0 0
113 97 0 1 0 0 0 0 0 0 0 0 0 181 129 5 2 1 0 0 0 0 0 0 0 0
118 101 0 1 0 0 0 0 0 0 0 0 0 212 138 5 3 1 0 0 0 0 0 0 0 0
124 104 0 1 0 0 0 0 0 0 0 0 0 261 145 6 3 1 0 1 0 0 0 0 0 0
127 108 0 1 0 0 0 0 0 0 0 0 0 273 151 8 3 1 0 1 1 0 0 0 0 0
130 111 0 1 0 0 0 0 0 0 0 0 0 277 155 8 4 1 0 1 1 0 0 0 0 0
133 117 0 1 0 0 0 0 0 0 0 0 0 282 159 8 4 1 0 1 1 0 0 0 0 0
139 120 0 1 0 0 0 0 0 0 0 0 0 289 162 8 4 1 0 1 1 0 0 0 0 0
145 125 0 1 0 0 0 0 0 0 0 0 0 292 165 8 4 1 0 1 1 0 0 0 0 0
148 128 0 1 0 0 0 0 0 0 0 0 0 295 168 8 4 1 0 1 1 0 0 0 0 0
157 132 0 1 0 0 0 0 0 0 0 0 0 302 173 8 4 1 0 1 1 0 0 0 0 0
160 137 0 1 0 0 0 0 0 0 0 0 0 307 179 8 4 1 0 1 1 0 0 0 0 0
163 140 0 1 0 0 0 0 0 0 0 0 0 310 182 8 4 1 0 1 1 0 0 0 0 0
166 144 0 1 0 0 0 0 0 0 0 0 0 373 195 8 5 1 0 1 1 0 0 0 0 0
171 147 0 1 0 0 0 0 0 0 0 0 0 380 205 8 5 1 0 1 1 0 0 0 0 0
175 153 0 1 0 0 0 0 0 0 0 0 0 383 208 8 5 1 0 1 1 0 0 0 0 0
188 157 0 1 0 0 0 0 0 0 0 0 0 387 213 8 5 1 0 1 1 0 0 0 0 0
191 160 0 1 0 0 0 0 0 0 0 0 0 390 217 8 5 1 0 1 1 0 0 0 0 0
198 163 0 1 0 0 0 0 0 0 0 0 0 409 224 8 5 1 0 1 1 0 0 0 0 0
207 169 0 1 0 0 0 0 0 0 0 0 0 412 228 8 5 1 0 1 1 0 0 0 0 0
