# scores for worst/random/best/smart move selector strategies. 
# scores are 50% and 95% quantiles (based on 40 games) of: 
# game score, #destroyed, #unlocked, #stripes, #bombs, #zappers
0 0 0 0 0 0 0 0 0 0 0 0 0 9 9 0 0 0 0 0 0 0 0 0 0 0
6 6 0 0 0 0 0 0 0 0 0 0 0 16 16 0 0 0 0 0 0 0 0 0 0 0
9 9 0 0 0 0 0 0 0 0 0 0 0 23 22 0 0 0 0 0 0 0 0 0 0 0
16 16 0 0 0 0 0 0 0 0 0 0 0 44 27 2 1 0 0 0 0 0 0 0 0 0
22 21 0 0 0 0 0 0 0 0 0 0 0 79 35 2 1 0 0 0 0 0 0 0 0 0
27 26 0 0 0 0 0 0 0 0 0 0 0 89 41 2 1 0 0 0 0 0 0 0 0 0
35 30 0 0 0 0 0 0 0 0 0 0 0 103 48 2 2 0 1 1 0 0 1 0 0 0
41 35 0 0 0 0 0 0 0 0 0 0 0 112 56 3 2 0 1 1 0 0 1 0 0 0
52 42 0 0 0 0 0 0 0 0 0 0 0 118 61 3 2 0 1 1 0 0 1 0 0 0
61 46 0 0 0 0 0 0 0 0 0 0 0 147 68 3 2 0 1 1 0 0 1 0 0 0
74 53 0 1 0 0 0 0 0 0 0 0 0 151 71 3 2 0 1 1 0 0 1 0 0 0
87 58 0 1 0 0 0 0 0 0 0 0 0 177 94 4 3 1 1 1 0 0 1 0 0 0
96 68 0 1 0 0 0 0 0 0 0 0 0 204 102 5 3 1 1 1 0 0 1 0 0 0
129 71 0 1 0 0 0 0 0 0 0 0 0 210 108 5 3 1 1 1 0 0 1 0 0 0
145 80 0 1 0 0 0 0 0 0 0 0 0 235 120 6 4 1 1 1 1 0 1 0 0 0
148 86 0 1 0 0 0 0 0 0 0 0 0 248 129 6 4 1 2 1 1 0 2 0 0 0
158 93 0 2 0 0 0 0 0 0 0 0 0 253 136 6 4 1 2 1 1 0 2 0 0 0
171 97 0 2 0 0 0 0 0 0 0 0 0 271 140 6 4 1 2 1 1 0 2 0 0 0
186 103 1 2 0 0 0 0 0 0 0 0 0 275 146 6 5 1 2 1 1 0 2 0 0 0
223 111 1 2 0 0 0 0 0 0 0 0 0 294 156 8 5 1 2 1 1 0 2 0 0 0
237 118 1 2 0 0 0 0 0 0 0 0 0 302 160 8 5 2 2 2 1 0 2 0 0 0
241 126 1 3 0 0 0 0 0 0 0 0 0 378 171 8 6 2 2 2 1 0 2 0 0 0
249 132 2 3 0 0 0 0 0 0 0 0 0 409 186 8 6 2 2 2 1 0 2 0 0 0
257 139 2 3 1 0 0 0 0 0 0 0 0 499 201 9 7 2 2 2 1 0 2 0 0 0
297 149 2 3 1 0 0 0 0 0 0 0 0 503 205 9 7 2 2 2 1 0 2 0 0 0
305 154 2 3 1 0 0 0 0 0 0 0 0 508 212 9 8 2 2 2 1 0 2 0 0 0
312 158 2 3 1 0 0 0 0 0 0 0 0 523 218 9 8 3 2 2 1 0 2 0 0 0
329 166 2 4 1 0 0 0 0 0 0 0 0 533 222 9 8 3 2 2 1 0 2 0 0 0
342 171 2 4 1 0 0 0 0 0 0 0 0 537 228 9 8 3 2 2 1 0 2 0 0 0
347 177 3 4 1 0 0 0 0 0 0 0 0 582 250 9 9 3 2 2 1 0 2 0 0 0
370 186 3 5 1 0 0 0 0 0 0 0 0 586 255 9 9 3 2 2 1 0 2 0 0 0
375 196 3 5 1 0 0 0 0 0 0 0 0 625 261 9 9 3 2 2 1 0 2 0 0 0
391 202 3 5 1 0 0 0 0 0 0 0 0 631 265 9 9 3 2 2 1 0 2 0 0 0
408 215 3 6 1 0 0 0 0 0 0 0 0 673 283 9 9 3 2 2 1 0 2 0 0 0
412 221 3 6 1 0 0 0 0 0 0 0 0 677 288 9 10 3 3 2 1 0 3 0 0 0
432 228 3 6 1 1 0 0 0 1 0 0 0 682 296 9 10 3 3 2 1 0 3 0 0 0
446 234 3 6 1 1 0 0 0 1 0 0 0 687 302 9 10 3 3 2 1 0 3 0 0 0
457 239 3 6 1 1 0 0 0 1 0 0 0 691 310 9 10 3 3 2 1 0 3 0 0 0
469 244 3 6 1 1 0 0 0 1 0 0 0 697 317 9 11 3 3 2 1 0 3 0 0 0
521 251 3 7 1 1 0 0 0 1 0 0 0 700 322 9 11 4 3 2 1 0 3 0 0 0
528 258 3 7 1 1 0 0 0 1 0 0 0 703 326 9 12 4 3 3 1 0 3 0 0 0
