# scores for worst/random/best/smart move selector strategies. 
# scores are 50% and 95% quantiles (based on 40 games) of: 
# game score, #destroyed, #unlocked, #stripes, #bombs, #zappers
0 0 0 0 0 0 0 0 0 0 0 0 0 9 9 0 0 0 0 0 0 0 0 0 0 0
4 4 0 0 0 0 0 0 0 0 0 0 0 17 17 0 0 0 0 0 0 0 0 0 0 0
9 9 0 0 0 0 0 0 0 0 0 0 0 21 21 0 0 0 0 0 0 0 0 0 0 0
12 12 0 0 0 0 0 0 0 0 0 0 0 24 24 0 0 0 0 0 0 0 0 0 0 0
15 15 0 0 0 0 0 0 0 0 0 0 0 27 27 0 0 0 0 0 0 0 0 0 0 0
19 19 0 0 0 0 0 0 0 0 0 0 0 56 35 0 0 0 0 0 0 0 0 0 0 0
25 25 0 0 0 0 0 0 0 0 0 0 0 65 39 0 0 0 0 0 0 0 0 0 0 0
30 30 0 0 0 0 0 0 0 0 0 0 0 71 43 0 0 0 0 0 0 0 0 0 0 0
33 33 0 0 0 0 0 0 0 0 0 0 0 74 52 0 0 0 0 0 0 0 0 0 0 0
39 39 0 0 0 0 0 0 0 0 0 0 0 77 59 0 0 0 0 0 0 0 0 0 0 0
42 42 0 0 0 0 0 0 0 0 0 0 0 88 66 0 0 0 0 0 0 0 0 0 0 0
48 48 0 0 0 0 0 0 0 0 0 0 0 92 69 0 1 0 0 0 0 0 0 0 0 0
51 51 0 0 0 0 0 0 0 0 0 0 0 129 74 1 1 1 0 0 0 0 0 0 0 0
57 56 0 0 0 0 0 0 0 0 0 0 0 134 79 1 1 1 0 0 0 0 0 0 0 0
60 60 0 0 0 0 0 0 0 0 0 0 0 137 82 1 1 1 0 0 0 0 0 0 0 0
63 63 0 0 0 0 0 0 0 0 0 0 0 153 85 1 1 1 0 0 0 0 0 0 0 0
66 66 0 0 0 0 0 0 0 0 0 0 0 156 90 1 1 1 0 0 0 0 0 0 0 0
69 69 0 0 0 0 0 0 0 0 0 0 0 162 93 1 1 1 0 0 0 0 0 0 0 0
77 75 0 0 0 0 0 0 0 0 0 0 0 166 100 3 1 1 0 0 0 0 0 0 0 0
81 80 0 0 0 0 0 0 0 0 0 0 0 171 104 3 1 1 0 0 0 0 0 0 0 0
87 85 0 0 0 0 0 0 0 0 0 0 0 174 111 3 2 1 0 0 0 0 0 0 0 0
91 88 0 0 0 0 0 0 0 0 0 0 0 177 114 3 2 1 0 0 0 0 0 0 0 0
96 94 0 0 0 0 0 0 0 0 0 0 0 181 119 3 2 1 0 0 0 0 0 0 0 0
102 101 0 0 0 0 0 0 0 0 0 0 0 184 122 3 2 1 0 0 0 0 0 0 0 0
109 105 0 0 0 0 0 0 0 0 0 0 0 188 126 3 2 1 0 0 0 0 0 0 0 0
115 110 0 0 0 0 0 0 0 0 0 0 0 194 131 3 2 1 0 0 0 0 0 0 0 0
121 113 0 0 0 0 0 0 0 0 0 0 0 197 134 3 2 1 0 0 0 0 0 0 0 0
125 117 0 0 0 0 0 0 0 0 0 0 0 200 140 3 2 1 0 0 0 0 0 0 0 0
128 121 0 0 0 0 0 0 0 0 0 0 0 205 146 3 2 1 0 0 0 0 0 0 0 0
132 126 0 0 0 0 0 0 0 0 0 0 0 211 151 3 2 1 0 0 0 0 0 0 0 0
135 129 0 0 0 0 0 0 0 0 0 0 0 214 154 3 2 1 0 0 0 0 0 0 0 0
139 132 0 0 0 0 0 0 0 0 0 0 0 225 157 3 2 1 0 0 0 0 0 0 0 0
142 135 0 0 0 0 0 0 0 0 0 0 0 228 160 3 2 1 0 0 0 0 0 0 0 0
152 138 0 0 0 0 0 0 0 0 0 0 0 240 164 3 2 1 0 0 0 0 0 0 0 0
158 143 0 0 0 0 0 0 0 0 0 0 0 243 167 3 2 1 0 0 0 0 0 0 0 0
161 147 0 0 0 0 0 0 0 0 0 0 0 257 174 3 2 1 0 0 0 0 0 0 0 0
166 151 0 0 0 0 0 0 0 0 0 0 0 260 182 3 3 1 0 0 0 0 0 0 0 0
170 155 0 0 0 0 0 0 0 0 0 0 0 263 187 3 3 1 0 0 0 0 0 0 0 0
178 159 0 0 0 0 0 0 0 0 0 0 0 279 191 3 3 1 0 0 0 0 0 0 0 0
182 164 0 0 0 0 0 0 0 0 0 0 0 282 194 3 3 1 0 0 0 0 0 0 0 0
189 167 0 0 0 0 0 0 0 0 0 0 0 285 197 3 3 1 0 0 0 0 0 0 0 0
