# scores for worst/random/best/smart move selector strategies. 
# scores are 50% and 95% quantiles (based on 40 games) of: 
# game score, #destroyed, #unlocked, #stripes, #bombs, #zappers
28 28 0 0 0 0 0 0 0 0 0 0 0 333 147 0 4 2 0 0 0 0 0 0 0 0
205 104 0 1 0 0 0 0 0 0 0 0 0 1200 344 0 20 16 2 0 0 0 1 1 0 0
504 192 0 4 3 1 0 0 0 0 0 0 0 1919 496 0 28 27 7 1 1 0 1 1 1 0
843 284 0 6 5 2 0 0 0 1 0 0 0 3542 889 0 36 33 12 1 1 1 2 1 1 0
1248 331 0 9 7 3 0 0 0 1 0 0 0 4112 986 0 47 58 13 1 1 1 2 1 1 1
1423 442 0 12 10 3 0 0 0 1 0 0 0 5469 1283 0 49 62 20 1 2 1 3 1 2 1
1968 554 0 17 13 4 0 0 0 2 0 0 0 5637 1345 0 51 75 21 1 2 1 3 1 2 1
2355 622 0 19 18 5 0 0 0 2 0 0 0 5881 1475 0 53 80 23 2 2 1 4 1 2 1
2693 724 0 31 26 6 0 0 0 2 0 0 0 6382 1543 0 53 82 24 2 2 1 4 1 2 1
3275 848 0 33 33 7 0 0 0 2 0 1 0 6408 1722 0 56 83 25 2 2 2 5 1 2 1
3562 952 0 37 35 7 0 0 0 3 1 1 0 6498 1808 0 58 85 25 2 2 2 5 1 2 1
3975 1082 0 38 38 9 0 1 1 3 1 1 0 6919 1906 0 78 87 25 2 2 2 6 2 2 1
4297 1148 0 42 39 11 0 1 1 3 1 1 0 7224 1989 0 85 89 26 2 2 2 6 2 2 1
4677 1269 0 46 43 12 0 1 1 3 1 1 0 8083 2011 0 92 97 27 2 2 2 6 2 3 1
4920 1325 0 49 45 13 1 1 1 4 1 1 0 8861 2060 0 98 99 28 2 3 2 6 2 3 1
5786 1452 0 51 51 15 1 1 1 4 1 1 0 9095 2215 0 103 101 29 2 3 2 6 2 3 1
5888 1541 0 53 55 15 1 1 1 4 1 1 0 9264 2344 0 107 102 30 2 3 2 6 2 3 2
6471 1638 0 55 58 17 1 1 1 4 1 1 0 9522 2429 0 108 105 31 2 3 2 7 3 3 2
6754 1777 0 57 60 17 1 1 1 4 1 1 0 10115 2590 0 115 108 32 3 3 2 8 3 3 2
7171 1854 0 59 69 18 1 1 1 4 1 1 0 10934 2628 0 115 119 32 3 3 2 8 3 3 2
7524 1958 0 63 75 19 1 1 1 5 1 1 0 11078 2808 0 115 124 32 3 3 3 8 3 3 2
7686 2069 0 66 78 20 1 1 1 5 1 1 1 11587 2944 0 127 127 34 3 4 3 8 3 3 2
7777 2179 0 69 81 20 1 1 1 5 1 2 1 11629 3111 0 127 128 34 3 4 3 9 3 3 2
8027 2278 0 72 83 22 1 1 1 5 1 2 1 11805 3153 0 142 133 34 3 4 3 9 4 3 2
8354 2317 0 76 83 23 1 1 2 5 1 2 1 12149 3189 0 143 135 35 4 4 3 9 4 3 2
8652 2348 0 77 90 24 1 2 2 6 1 2 1 13534 3315 0 147 143 38 4 4 4 9 4 3 2
8763 2432 0 80 90 24 1 2 2 6 1 2 1 13864 3349 0 150 148 41 4 4 4 9 4 3 2
9373 2553 0 83 94 28 1 2 2 7 1 2 1 14057 3579 0 153 150 43 4 4 4 10 4 3 2
9812 2626 0 87 97 28 1 2 2 7 1 2 1 14427 3776 0 155 155 44 4 4 4 10 4 3 2
10356 2775 0 90 99 29 1 2 2 7 1 2 1 15033 3943 0 161 157 45 4 4 4 10 4 3 2
10515 2833 0 94 102 29 1 2 2 7 2 2 1 15603 4073 0 165 159 46 4 4 4 10 4 3 2
10945 2896 0 97 105 31 1 2 2 8 2 2 1 16589 4165 0 168 168 48 4 4 4 11 4 4 3
11693 3008 0 97 108 32 1 2 2 8 2 2 1 17701 4332 0 169 177 52 4 4 4 11 4 4 3
12071 3149 0 104 110 33 2 2 2 8 2 2 1 18279 4405 0 186 179 52 4 4 4 12 5 4 3
12609 3278 0 112 117 34 2 2 2 9 2 2 1 18946 4429 0 190 191 55 4 4 4 12 5 4 3
13132 3421 0 114 119 34 2 2 2 9 2 2 1 20019 4902 0 190 202 61 5 5 4 13 5 4 3
13259 3452 0 116 120 35 2 2 2 9 2 2 1 20590 5012 0 191 209 64 5 5 5 13 5 5 3
13732 3601 0 119 122 37 2 2 2 9 2 2 1 20968 5092 0 203 211 66 5 5 5 14 5 5 3
13879 3652 0 119 129 38 2 2 2 9 2 3 1 21493 5286 0 206 213 69 5 5 5 14 6 5 3
14028 3778 0 121 136 39 2 3 2 9 2 3 1 22432 5522 0 207 224 71 5 5 5 14 6 5 3
14278 3988 0 125 139 40 2 3 2 10 2 3 1 22638 5597 0 210 224 71 5 5 5 15 6 5 3
