# scores for worst/random/best/smart move selector strategies. 
# scores are 50% and 95% quantiles (based on 40 games) of: 
# game score, #destroyed, #unlocked, #stripes, #bombs, #zappers
28 28 0 0 0 0 0 0 0 0 0 0 0 333 147 0 4 2 0 0 0 0 0 0 0 0
227 85 0 2 1 0 0 0 0 0 0 0 0 1001 295 0 20 7 2 0 0 0 1 1 0 0
412 171 0 3 3 1 0 0 0 0 0 0 0 1934 547 0 34 28 5 0 1 1 1 1 1 0
919 322 0 6 7 2 0 0 0 1 0 0 0 2424 614 0 42 29 8 1 1 1 2 1 1 0
1289 432 0 8 10 3 0 0 0 1 0 0 0 3156 808 0 47 39 9 1 1 1 3 1 1 1
1686 506 0 12 12 4 0 0 0 1 0 0 0 4077 1025 0 61 49 14 1 2 1 3 1 1 1
2118 566 0 19 14 4 0 0 0 2 0 0 0 5065 1230 0 63 55 16 1 2 1 4 1 2 1
2301 633 0 22 19 5 0 0 0 2 0 0 0 5645 1381 0 67 57 17 1 2 2 4 2 2 1
2966 810 0 25 26 7 0 0 0 2 0 0 0 6110 1479 0 71 66 18 1 2 2 4 2 2 1
3506 945 0 31 30 8 0 0 0 3 0 1 0 6347 1551 0 75 68 19 1 2 2 4 2 2 1
4048 1107 0 36 37 10 0 0 0 3 1 1 0 6804 1691 0 78 75 23 1 2 2 4 2 2 1
4625 1253 0 38 43 11 0 0 0 3 1 1 0 8155 2106 0 82 78 27 1 2 2 5 2 2 1
5478 1455 0 43 55 12 0 0 0 3 1 1 0 8628 2290 0 85 94 29 2 2 2 5 2 2 1
6004 1591 0 49 58 16 0 0 0 4 1 1 0 8993 2497 0 92 98 30 2 2 2 6 3 2 1
6640 1715 0 58 62 17 0 1 0 4 1 1 0 9858 2661 0 100 111 31 2 2 2 6 3 3 1
7029 1841 0 62 66 19 0 1 0 4 1 1 0 11122 2828 0 107 130 33 2 2 2 6 3 4 1
7261 1908 0 62 69 20 0 1 0 5 1 1 0 11568 2865 0 109 133 33 2 2 2 7 3 4 1
7749 2068 0 65 72 21 0 1 0 5 1 1 0 12392 2948 0 113 137 34 2 2 2 7 3 4 1
8399 2231 0 66 74 21 0 1 0 5 1 1 0 13528 3167 0 114 149 40 2 3 2 8 3 4 1
8906 2335 0 76 84 22 0 1 1 5 1 1 0 14206 3252 0 118 170 46 3 3 2 9 3 4 1
9268 2486 0 87 88 23 0 1 1 6 1 2 0 14339 3562 0 120 172 49 3 3 2 9 3 4 1
9859 2540 0 89 91 25 0 1 1 6 1 2 0 14452 3593 0 122 173 49 3 3 3 10 3 4 1
10130 2702 0 93 97 27 0 1 1 6 1 2 0 14949 3727 0 128 177 49 3 3 3 10 3 4 1
10592 2809 0 97 106 27 0 1 1 6 2 2 0 15726 3866 0 130 185 50 3 3 3 10 3 4 1
10681 2876 0 99 108 27 0 1 1 7 2 2 0 16546 3970 0 151 188 52 3 3 3 11 4 4 1
11440 2960 0 100 115 31 0 2 1 7 2 2 0 16815 4110 0 169 194 53 3 3 3 11 4 5 2
11680 3053 0 102 119 32 0 2 1 7 2 2 1 16866 4261 0 173 195 55 3 3 3 11 4 5 2
12638 3191 0 120 124 34 0 2 1 8 2 2 1 17735 4353 0 175 209 56 3 3 3 11 4 5 2
12822 3305 0 121 125 34 0 2 1 8 2 2 1 18501 4450 0 181 212 56 3 3 3 11 4 5 2
13291 3382 0 123 131 35 0 2 1 8 2 3 1 18638 4666 0 184 214 57 3 3 3 12 4 5 2
13573 3478 0 125 135 37 0 2 1 9 2 3 1 18903 4768 0 196 218 58 3 3 3 12 5 5 2
14255 3605 0 131 143 38 1 2 1 9 2 3 1 19251 4815 0 197 221 58 3 3 4 12 5 5 2
14833 3795 0 136 150 39 1 2 1 9 2 3 1 19582 4884 0 197 227 59 3 3 4 12 5 5 2
15244 3874 0 138 153 42 1 2 1 9 3 3 1 20555 5270 0 208 234 61 3 3 4 13 5 5 2
15901 3970 0 141 155 42 1 2 1 10 3 3 1 21457 5389 0 214 250 62 3 4 4 13 5 6 2
16597 4118 0 147 160 43 1 2 1 10 3 3 1 21830 5485 0 215 253 64 3 4 4 14 5 6 2
16832 4221 0 148 161 44 1 2 1 10 3 3 1 22478 5654 0 218 258 66 3 4 4 14 5 6 2
17264 4331 0 149 170 45 1 2 1 10 3 3 1 22610 5776 0 221 259 67 3 4 4 15 5 6 2
17815 4527 0 150 177 45 1 2 1 11 3 3 1 23899 5976 0 221 273 69 4 5 4 15 5 6 2
18196 4645 0 158 179 47 1 3 2 11 3 4 1 24066 6034 0 226 274 73 4 5 4 16 5 6 2
18228 4823 0 170 182 48 1 3 2 11 3 4 1 24845 6124 0 229 277 73 4 5 4 16 5 7 2
