# scores for worst/random/best/smart move selector strategies. 
# scores are 50% and 95% quantiles (based on 40 games) of: 
# game score, #destroyed, #unlocked, #stripes, #bombs, #zappers
3 3 0 0 0 0 0 0 0 0 0 0 0 16 16 0 0 0 0 0 0 0 0 0 0 0
9 9 0 0 0 0 0 0 0 0 0 0 0 19 19 0 0 0 0 0 0 0 0 0 0 0
12 12 0 0 0 0 0 0 0 0 0 0 0 26 26 0 0 0 0 0 0 0 0 0 0 0
18 18 0 0 0 0 0 0 0 0 0 0 0 50 30 0 0 0 0 0 0 0 0 0 0 0
22 22 0 0 0 0 0 0 0 0 0 0 0 60 37 0 0 0 0 0 0 0 0 0 0 0
27 27 0 0 0 0 0 0 0 0 0 0 0 77 43 0 1 0 0 0 0 0 0 0 0 0
31 31 0 0 0 0 0 0 0 0 0 0 0 83 47 0 1 0 0 0 0 0 0 0 0 0
38 36 0 0 0 0 0 0 0 0 0 0 0 93 52 0 1 0 0 0 0 0 0 0 0 0
41 40 0 0 0 0 0 0 0 0 0 0 0 96 57 0 1 0 0 0 0 0 0 0 0 0
47 46 0 0 0 0 0 0 0 0 0 0 0 111 63 1 1 0 0 0 0 0 0 0 0 0
51 50 0 0 0 0 0 0 0 0 0 0 0 114 67 1 2 0 0 0 0 0 0 0 0 0
60 54 0 0 0 0 0 0 0 0 0 0 0 117 70 1 2 0 0 0 0 0 0 0 0 0
65 61 0 0 0 0 0 0 0 0 0 0 0 127 74 2 2 1 0 0 0 0 0 0 0 0
81 64 0 0 0 0 0 0 0 0 0 0 0 137 79 2 2 1 0 0 0 0 0 0 0 0
86 68 0 0 0 0 0 0 0 0 0 0 0 147 86 2 2 1 0 0 0 0 0 0 0 0
92 75 0 0 0 0 0 0 0 0 0 0 0 160 92 2 2 1 0 0 0 0 0 0 0 0
96 79 0 0 0 0 0 0 0 0 0 0 0 193 98 2 3 1 0 0 0 0 0 0 0 0
107 83 0 1 0 0 0 0 0 0 0 0 0 200 105 2 3 1 0 0 0 0 0 0 0 0
111 89 0 1 0 0 0 0 0 0 0 0 0 205 113 2 3 1 0 0 0 0 0 0 0 0
119 93 0 1 0 0 0 0 0 0 0 0 0 224 116 3 3 1 0 1 0 0 0 0 0 0
125 100 0 1 0 0 0 0 0 0 0 0 0 227 122 3 3 1 0 1 0 0 0 0 0 0
133 104 0 1 0 0 0 0 0 0 0 0 0 235 129 3 3 1 0 1 0 0 0 0 0 0
138 109 0 1 0 0 0 0 0 0 0 0 0 240 133 3 3 1 0 1 0 0 0 0 0 0
146 115 0 1 0 0 0 0 0 0 0 0 0 252 140 3 4 1 0 1 0 0 0 0 0 0
158 119 1 1 0 0 0 0 0 0 0 0 0 255 149 3 4 1 1 1 0 0 1 0 0 0
169 123 1 1 0 0 0 0 0 0 0 0 0 278 159 3 4 1 1 1 0 0 1 0 0 0
176 127 1 2 0 0 0 0 0 0 0 0 0 309 171 3 4 1 1 1 0 0 1 0 0 0
186 133 1 2 0 0 0 0 0 0 0 0 0 313 176 3 4 1 1 1 0 0 1 0 0 0
189 137 1 2 0 0 0 0 0 0 0 0 0 328 179 3 4 1 1 1 0 0 1 0 0 0
198 143 1 2 0 0 0 0 0 0 0 0 0 336 187 3 4 1 1 1 0 0 1 0 0 0
205 149 1 2 0 0 0 0 0 0 0 0 0 339 192 3 4 1 1 1 0 0 1 0 0 0
216 154 1 2 0 0 0 0 0 0 0 0 0 398 211 4 5 2 1 1 1 0 1 0 0 0
232 157 1 2 0 0 0 0 0 0 0 0 0 401 214 4 5 2 1 1 1 0 1 0 0 0
235 166 1 2 0 0 0 0 0 0 0 0 0 414 222 4 5 2 1 1 1 0 1 0 0 0
241 172 1 2 0 0 0 0 0 0 0 0 0 419 226 4 6 2 1 1 1 0 1 0 0 0
245 175 1 2 0 0 0 0 0 0 0 0 0 435 232 4 6 2 1 1 1 0 1 0 0 0
250 179 1 3 0 0 0 0 0 0 0 0 0 444 241 4 6 2 1 1 1 0 1 0 0 0
266 183 1 3 0 0 0 0 0 0 0 0 0 451 249 4 6 2 1 1 1 0 1 0 0 0
281 186 1 3 0 0 0 0 0 0 0 0 0 454 252 4 6 2 1 1 1 0 1 0 0 0
284 192 1 3 0 0 0 0 0 0 0 0 0 489 258 4 6 2 1 1 1 0 1 0 0 0
292 195 1 3 0 0 0 0 0 0 0 0 0 492 261 4 6 2 1 1 1 0 1 0 0 0
