# scores for worst/random/best/smart move selector strategies. 
# scores are 50% and 95% quantiles (based on 40 games) of: 
# game score, #destroyed, #unlocked, #stripes, #bombs, #zappers
3 3 0 0 0 0 0 0 0 0 0 0 0 16 16 0 0 0 0 0 0 0 0 0 0 0
12 12 0 0 0 0 0 0 0 0 0 0 0 57 23 0 1 0 0 0 0 0 0 0 0 0
18 17 0 0 0 0 0 0 0 0 0 0 0 91 36 2 2 0 0 0 0 0 0 0 0 0
56 27 0 0 0 0 0 0 0 0 0 0 0 123 47 2 2 1 1 1 0 0 1 0 0 0
78 36 0 1 0 0 0 0 0 0 0 0 0 162 71 3 3 1 1 1 0 0 1 0 0 0
95 43 1 1 0 0 0 0 0 0 0 0 0 231 87 4 3 2 1 1 0 0 1 0 0 0
122 53 1 1 0 0 0 0 0 0 0 0 0 235 91 4 3 2 1 1 1 0 1 0 0 0
136 65 2 2 0 0 0 0 0 0 0 0 0 299 104 4 4 2 1 1 1 0 1 0 0 0
161 78 2 3 0 0 0 0 0 0 0 0 0 338 122 4 4 2 1 1 1 0 1 0 0 0
189 88 2 3 0 0 0 0 0 0 0 0 0 450 140 6 5 2 1 1 1 0 1 0 0 0
225 97 2 3 0 0 0 0 0 0 0 0 0 470 146 7 5 2 1 1 1 0 1 0 0 0
248 105 2 4 0 0 0 0 0 0 0 0 0 487 160 7 5 2 1 1 1 0 1 0 0 0
268 116 2 4 0 0 0 0 0 0 0 0 0 530 173 7 6 2 2 2 1 0 1 0 0 0
282 128 2 4 0 0 0 0 0 0 0 0 0 593 183 9 14 2 2 2 1 0 2 1 0 0
310 138 2 4 1 0 0 0 0 0 0 0 0 599 190 9 14 2 2 2 1 0 2 1 0 0
331 145 2 5 1 0 1 0 0 0 0 0 0 609 203 9 14 3 2 2 1 0 2 1 0 0
364 157 2 5 1 1 1 0 0 0 0 0 0 627 216 9 15 3 3 2 1 0 3 1 0 0
378 169 2 5 1 1 1 0 0 0 0 0 0 681 231 9 16 3 3 2 1 0 3 1 0 0
405 181 3 5 1 1 1 0 0 0 0 0 0 725 247 9 16 3 3 2 1 0 3 1 0 0
430 193 3 5 1 1 1 0 0 1 0 0 0 733 260 9 16 3 3 2 1 0 3 1 0 0
469 207 3 6 1 1 1 0 0 1 0 0 0 767 276 10 17 3 4 2 1 0 3 1 0 0
489 216 3 7 1 1 1 0 0 1 0 0 0 778 300 10 17 4 4 2 2 0 3 1 0 0
521 229 3 7 1 1 1 0 0 1 0 0 0 870 308 10 19 4 4 2 2 0 3 1 0 0
560 244 3 7 1 1 1 0 0 1 0 0 0 914 317 10 19 4 4 2 2 0 3 1 0 0
579 251 3 7 1 1 1 0 0 1 0 0 0 962 336 10 19 4 4 2 2 0 4 1 0 0
608 261 3 8 1 1 1 0 0 1 0 0 0 1135 364 10 19 10 4 2 2 0 4 1 0 0
656 273 3 9 1 2 1 0 0 1 0 0 0 1161 372 10 24 10 4 2 2 0 4 1 0 0
682 294 3 9 2 2 1 0 0 1 0 0 0 1207 383 10 24 10 4 2 2 1 4 1 0 0
699 302 3 9 2 2 1 0 0 1 0 0 0 1213 394 10 24 10 4 3 2 1 4 1 0 0
765 325 3 10 2 2 1 0 0 2 0 0 0 1285 400 10 24 10 4 3 2 1 4 1 0 0
792 332 3 10 2 2 1 0 0 2 0 0 0 1296 411 10 25 10 4 3 2 1 4 1 0 0
825 341 3 10 2 2 1 0 0 2 0 0 0 1325 419 10 26 10 5 3 2 1 4 1 0 0
842 357 3 11 2 2 1 0 0 2 0 0 0 1352 431 10 26 10 5 3 2 1 4 1 0 0
890 362 3 12 2 2 1 0 0 2 0 0 0 1357 446 10 26 11 5 3 3 1 4 1 0 0
910 376 3 12 2 2 1 0 0 2 0 0 0 1360 461 10 27 11 5 3 3 1 4 1 0 0
938 380 3 12 2 2 1 0 0 2 0 0 0 1365 480 10 27 11 5 3 3 1 4 1 0 0
948 387 3 13 2 2 1 0 0 2 0 0 0 1437 497 10 28 11 5 3 3 1 4 1 0 0
988 397 3 13 2 2 2 0 0 2 0 0 0 1446 505 10 28 11 5 3 3 1 4 1 0 0
992 410 3 13 3 2 2 0 0 2 0 0 0 1485 513 10 28 11 5 3 3 1 4 1 0 0
1023 416 3 14 3 2 2 0 0 2 0 0 0 1523 520 10 28 11 6 3 3 1 5 1 0 0
1028 424 3 14 3 2 2 0 0 2 0 0 0 1599 533 10 29 11 6 3 3 1 5 1 0 0
