# scores for worst/random/best/smart move selector strategies. 
# scores are 50% and 95% quantiles (based on 40 games) of: 
# game score, #destroyed, #unlocked, #stripes, #bombs, #zappers
3 3 0 0 0 0 0 0 0 0 0 0 0 16 16 0 0 0 0 0 0 0 0 0 0 0
8 8 0 0 0 0 0 0 0 0 0 0 0 19 19 0 0 0 0 0 0 0 0 0 0 0
12 12 0 0 0 0 0 0 0 0 0 0 0 23 23 0 0 0 0 0 0 0 0 0 0 0
15 15 0 0 0 0 0 0 0 0 0 0 0 28 28 0 0 0 0 0 0 0 0 0 0 0
19 19 0 0 0 0 0 0 0 0 0 0 0 34 32 0 0 0 0 0 0 0 0 0 0 0
24 24 0 0 0 0 0 0 0 0 0 0 0 53 41 0 0 0 0 0 0 0 0 0 0 0
28 28 0 0 0 0 0 0 0 0 0 0 0 69 46 1 1 0 0 0 0 0 0 0 0 0
32 32 0 0 0 0 0 0 0 0 0 0 0 82 49 1 1 0 0 0 0 0 0 0 0 0
36 36 0 0 0 0 0 0 0 0 0 0 0 85 52 1 1 0 0 0 0 0 0 0 0 0
39 39 0 0 0 0 0 0 0 0 0 0 0 88 55 1 1 0 0 0 0 0 0 0 0 0
46 46 0 0 0 0 0 0 0 0 0 0 0 91 58 2 1 0 0 0 0 0 0 0 0 0
51 51 0 0 0 0 0 0 0 0 0 0 0 101 70 2 1 0 0 0 0 0 0 0 0 0
54 54 0 0 0 0 0 0 0 0 0 0 0 104 75 2 1 0 0 0 0 0 0 0 0 0
58 57 0 0 0 0 0 0 0 0 0 0 0 111 78 2 1 0 0 0 0 0 0 0 0 0
67 64 0 0 0 0 0 0 0 0 0 0 0 120 85 2 1 0 0 0 0 0 0 0 0 0
72 68 0 0 0 0 0 0 0 0 0 0 0 131 92 2 1 0 0 0 0 0 0 0 0 0
76 72 0 0 0 0 0 0 0 0 0 0 0 137 98 2 1 0 0 0 0 0 0 0 0 0
81 75 0 0 0 0 0 0 0 0 0 0 0 140 101 2 1 0 0 0 0 0 0 0 0 0
85 81 0 0 0 0 0 0 0 0 0 0 0 144 109 2 1 0 0 0 0 0 0 0 0 0
93 85 0 0 0 0 0 0 0 0 0 0 0 147 112 2 1 0 0 0 0 0 0 0 0 0
96 90 0 0 0 0 0 0 0 0 0 0 0 150 115 2 1 0 0 0 0 0 0 0 0 0
99 93 0 0 0 0 0 0 0 0 0 0 0 153 122 2 1 0 0 0 0 0 0 0 0 0
102 97 0 0 0 0 0 0 0 0 0 0 0 156 128 2 1 0 0 0 0 0 0 0 0 0
107 101 0 0 0 0 0 0 0 0 0 0 0 171 135 2 2 0 0 0 0 0 0 0 0 0
113 106 0 0 0 0 0 0 0 0 0 0 0 174 139 2 2 0 0 0 0 0 0 0 0 0
120 111 0 0 0 0 0 0 0 0 0 0 0 178 145 2 2 0 0 0 0 0 0 0 0 0
126 115 0 0 0 0 0 0 0 0 0 0 0 183 148 2 2 0 0 0 0 0 0 0 0 0
129 118 0 0 0 0 0 0 0 0 0 0 0 201 151 2 2 1 0 0 0 0 0 0 0 0
136 123 0 0 0 0 0 0 0 0 0 0 0 205 155 2 2 1 0 0 0 0 0 0 0 0
145 129 0 0 0 0 0 0 0 0 0 0 0 208 160 2 2 1 0 0 0 0 0 0 0 0
149 133 0 0 0 0 0 0 0 0 0 0 0 214 166 2 2 1 0 0 0 0 0 0 0 0
152 138 0 0 0 0 0 0 0 0 0 0 0 217 169 2 2 1 0 0 0 0 0 0 0 0
158 142 0 0 0 0 0 0 0 0 0 0 0 239 177 2 2 1 0 0 0 0 0 0 0 0
162 146 0 0 0 0 0 0 0 0 0 0 0 253 180 2 2 1 0 0 0 0 0 0 0 0
167 150 0 0 0 0 0 0 0 0 0 0 0 256 185 2 2 1 0 0 0 0 0 0 0 0
171 153 0 0 0 0 0 0 0 0 0 0 0 259 188 2 2 1 0 0 0 0 0 0 0 0
177 156 0 1 0 0 0 0 0 0 0 0 0 275 191 2 2 1 0 0 0 0 0 0 0 0
182 161 0 1 0 0 0 0 0 0 0 0 0 278 196 2 2 1 0 0 0 0 0 0 0 0
185 164 0 1 0 0 0 0 0 0 0 0 0 281 200 2 2 1 0 0 0 0 0 0 0 0
192 171 0 1 0 0 0 0 0 0 0 0 0 284 204 2 2 1 0 0 0 0 0 0 0 0
201 176 0 1 0 0 0 0 0 0 0 0 0 287 208 2 2 1 0 0 0 0 0 0 0 0
