# scores for worst/random/best/smart move selector strategies. 
# scores are 50% and 95% quantiles (based on 40 games) of: 
# game score, #destroyed, #unlocked, #stripes, #bombs, #zappers
3 3 0 0 0 0 0 0 0 0 0 0 0 46 26 0 0 0 0 0 0 0 0 0 0 0
8 8 0 0 0 0 0 0 0 0 0 0 0 56 30 0 0 0 0 0 0 0 0 0 0 0
14 14 0 0 0 0 0 0 0 0 0 0 0 91 35 0 1 0 0 0 0 0 0 0 0 0
20 20 0 0 0 0 0 0 0 0 0 0 0 148 51 1 2 1 0 1 0 0 0 0 0 0
25 25 0 0 0 0 0 0 0 0 0 0 0 376 83 6 6 3 0 1 0 0 0 0 0 0
35 31 0 0 0 0 0 0 0 0 0 0 0 399 94 6 7 3 0 1 0 0 0 0 0 0
48 39 0 0 0 0 0 0 0 0 0 0 0 418 103 7 7 3 0 1 1 0 0 0 0 0
65 43 0 1 0 0 0 0 0 0 0 0 0 422 110 8 7 3 0 1 1 1 0 0 0 0
80 52 0 1 0 0 0 0 0 0 0 0 0 432 125 8 8 3 1 1 1 1 0 0 0 0
120 62 1 2 0 0 0 0 0 0 0 0 0 444 130 8 8 3 1 1 1 1 0 0 0 0
143 71 1 2 0 0 0 0 0 0 0 0 0 489 135 8 10 3 1 2 1 1 0 0 0 0
164 82 1 2 0 0 0 0 0 0 0 0 0 493 139 8 10 3 1 2 1 1 0 0 0 0
168 90 1 3 0 0 0 0 0 0 0 0 0 532 148 8 10 3 1 2 1 1 0 0 0 0
218 100 2 4 0 0 0 0 0 0 0 0 0 553 162 8 11 3 1 2 1 1 1 0 0 0
389 111 3 5 2 0 1 0 0 0 0 0 0 565 183 8 11 3 1 2 1 1 1 0 0 0
440 134 4 6 3 0 1 0 0 0 0 0 0 580 190 8 11 4 1 2 1 1 1 0 0 0
468 144 4 7 3 0 1 0 0 0 0 0 0 615 202 9 11 4 1 2 2 1 1 0 0 0
475 151 5 7 3 0 1 0 0 0 0 0 0 723 205 9 12 4 1 2 2 1 1 0 0 0
483 156 5 7 3 0 1 0 0 0 0 0 0 729 212 9 12 4 1 2 2 1 1 0 0 0
524 164 5 8 3 0 1 0 0 0 0 0 0 736 220 9 12 4 1 2 2 1 1 0 0 0
540 170 5 8 3 0 1 0 0 0 0 0 0 739 225 9 12 4 1 3 2 1 1 0 0 0
550 177 5 9 3 0 1 0 0 0 0 0 0 883 249 9 17 4 1 3 2 1 1 0 0 0
567 183 5 9 3 0 1 0 0 0 0 0 0 884 260 9 17 4 1 3 2 1 1 0 0 0
572 189 5 9 3 0 1 0 0 0 0 0 0 888 265 9 17 4 2 3 2 1 1 0 0 0
585 194 5 9 3 0 1 0 0 0 0 0 0 901 272 9 17 4 2 3 2 1 1 0 0 0
599 200 5 10 3 0 1 0 0 0 0 0 0 925 286 9 17 4 2 3 2 1 1 0 0 0
624 205 6 10 3 0 1 0 0 0 0 0 0 948 295 9 18 4 2 4 2 1 1 0 0 0
644 209 6 10 3 0 1 0 0 0 0 0 0 953 302 9 18 4 2 4 2 1 2 0 0 0
651 217 6 11 3 0 1 0 0 0 0 0 0 956 310 9 18 5 2 4 2 1 2 0 0 0
666 232 6 11 3 0 1 0 0 0 0 0 0 1018 315 9 20 5 2 4 2 1 2 0 0 0
673 239 6 11 3 0 1 0 0 0 0 0 0 1025 318 9 20 6 2 4 2 1 2 0 0 0
682 245 6 11 3 0 1 0 0 0 0 0 0 1048 328 9 21 6 2 4 2 1 2 0 0 0
701 249 6 12 3 0 1 0 0 0 0 0 0 1051 331 9 21 6 2 4 2 1 2 0 0 0
714 265 6 12 3 0 1 0 0 0 0 0 0 1057 334 9 21 6 2 4 2 1 2 0 0 0
753 274 6 12 3 0 1 0 0 0 0 0 0 1235 358 9 26 6 2 4 2 1 2 1 0 0
777 279 6 13 3 0 1 0 0 0 0 0 0 1273 363 9 28 6 2 4 2 1 2 1 0 0
807 284 6 13 3 0 1 0 0 0 0 0 0 1279 369 9 28 6 2 4 2 1 2 1 0 0
812 290 6 13 3 0 2 0 0 0 0 0 0 1307 377 9 28 6 2 4 2 1 2 1 0 0
841 299 6 13 3 0 2 0 0 0 0 0 0 1312 382 9 28 6 2 4 2 1 2 1 0 0
862 308 6 13 3 0 2 0 0 0 0 0 0 1321 387 9 28 6 2 4 2 1 2 1 0 0
874 313 6 14 4 0 2 0 0 0 0 0 0 1347 394 9 28 6 2 4 2 1 2 1 0 0
