# scores for worst/random/best/smart move selector strategies. 
# scores are 50% and 95% quantiles (based on 40 games) of: 
# game score, #destroyed, #unlocked, #stripes, #bombs, #zappers
3 3 0 0 0 0 0 0 0 0 0 0 0 46 26 0 0 0 0 0 0 0 0 0 0 0
6 6 0 0 0 0 0 0 0 0 0 0 0 69 36 0 1 0 0 0 0 0 0 0 0 0
9 9 0 0 0 0 0 0 0 0 0 0 0 75 50 0 1 0 0 0 0 0 0 0 0 0
17 17 0 0 0 0 0 0 0 0 0 0 0 85 53 0 1 0 0 0 0 0 0 0 0 0
21 20 0 0 0 0 0 0 0 0 0 0 0 89 56 0 1 0 0 0 0 0 0 0 0 0
25 25 0 0 0 0 0 0 0 0 0 0 0 94 59 0 1 0 0 0 0 0 0 0 0 0
28 28 0 0 0 0 0 0 0 0 0 0 0 97 64 0 1 0 0 0 0 0 0 0 0 0
33 32 0 0 0 0 0 0 0 0 0 0 0 122 70 0 2 0 0 0 0 0 0 0 0 0
36 35 0 0 0 0 0 0 0 0 0 0 0 213 78 2 2 2 0 0 0 0 0 0 0 0
40 40 0 0 0 0 0 0 0 0 0 0 0 216 81 2 2 2 0 0 0 0 0 0 0 0
45 44 0 0 0 0 0 0 0 0 0 0 0 222 85 2 2 2 0 0 0 0 0 0 0 0
53 51 0 0 0 0 0 0 0 0 0 0 0 263 91 2 2 2 0 0 0 0 0 0 0 0
56 55 0 0 0 0 0 0 0 0 0 0 0 266 94 2 2 2 0 0 0 0 0 0 0 0
59 59 0 0 0 0 0 0 0 0 0 0 0 293 104 3 3 3 0 0 0 0 0 0 0 0
67 63 0 0 0 0 0 0 0 0 0 0 0 312 112 4 3 3 0 0 0 0 0 0 0 0
87 71 0 0 0 0 0 0 0 0 0 0 0 322 122 4 4 3 0 0 0 0 0 0 0 0
98 75 0 1 0 0 0 0 0 0 0 0 0 326 128 4 4 3 0 0 0 0 0 0 0 0
102 79 0 1 0 0 0 0 0 0 0 0 0 329 138 4 4 3 0 0 0 0 0 0 0 0
110 83 0 1 0 0 0 0 0 0 0 0 0 365 148 4 4 3 0 0 0 0 0 0 0 0
113 86 0 1 0 0 0 0 0 0 0 0 0 389 152 4 4 3 0 0 0 0 0 0 0 0
121 96 0 1 0 0 0 0 0 0 0 0 0 392 156 4 4 3 0 0 0 0 0 0 0 0
129 100 0 1 0 0 0 0 0 0 0 0 0 400 162 5 5 3 0 0 0 0 0 0 0 0
134 103 0 1 0 0 0 0 0 0 0 0 0 403 169 5 5 3 0 0 0 0 0 0 0 0
144 109 0 1 0 0 0 0 0 0 0 0 0 447 174 5 6 3 0 1 0 0 0 0 0 0
163 115 0 1 0 0 0 0 0 0 0 0 0 502 190 6 7 3 0 1 0 1 0 0 0 0
166 120 1 2 0 0 0 0 0 0 0 0 0 505 193 6 7 3 0 1 0 1 0 0 0 0
184 124 1 2 0 0 0 0 0 0 0 0 0 519 196 7 7 3 0 1 0 1 0 0 0 0
206 133 1 2 0 0 0 0 0 0 0 0 0 522 199 7 7 3 0 1 1 1 0 0 0 0
226 144 2 2 0 0 0 0 0 0 0 0 0 529 209 9 7 3 1 1 1 1 1 0 0 0
231 147 2 3 1 0 0 0 0 0 0 0 0 577 212 9 8 4 1 1 1 1 1 0 0 0
265 159 3 3 1 0 0 0 0 0 0 0 0 581 215 9 8 4 1 1 1 1 1 0 0 0
311 162 3 3 2 0 0 0 0 0 0 0 0 596 220 9 8 4 1 1 1 1 1 0 0 0
404 166 3 4 2 0 0 0 0 0 0 0 0 599 223 9 8 4 1 1 1 1 1 0 0 0
429 178 3 4 3 0 0 0 0 0 0 0 0 622 231 9 8 4 1 1 1 1 1 0 0 0
454 189 3 5 3 0 0 0 0 0 0 0 0 627 239 9 9 4 1 1 1 1 1 0 0 0
471 198 4 5 3 0 0 0 0 0 0 0 0 630 242 9 9 4 1 1 1 1 1 0 0 0
484 201 4 5 3 0 0 0 0 0 0 0 0 634 256 9 9 4 1 1 1 1 1 0 0 0
496 211 4 6 3 0 0 0 0 0 0 0 0 662 261 9 9 4 1 1 1 1 1 0 0 0
506 215 4 6 3 0 0 0 0 0 0 0 0 665 264 9 9 4 1 1 1 1 1 0 0 0
529 222 4 6 3 0 0 0 0 0 0 0 0 668 269 9 9 4 1 1 1 1 1 0 0 0
532 225 4 6 3 0 0 0 0 0 0 0 0 671 274 9 10 4 1 1 1 1 1 0 0 0
