# scores for worst/random/best/smart move selector strategies. 
# scores are 50% and 95% quantiles (based on 40 games) of: 
# game score, #destroyed, #unlocked, #stripes, #bombs, #zappers
3 3 0 0 0 0 0 0 0 0 0 0 0 46 26 0 0 0 0 0 0 0 0 0 0 0
9 9 0 0 0 0 0 0 0 0 0 0 0 71 36 0 1 0 0 0 0 0 0 0 0 0
16 15 0 0 0 0 0 0 0 0 0 0 0 122 47 2 2 1 0 0 0 0 0 0 0 0
38 26 0 0 0 0 0 0 0 0 0 0 0 278 75 8 3 3 1 1 1 0 1 0 0 0
74 36 0 1 0 0 0 0 0 0 0 0 0 399 96 9 6 3 1 1 1 1 1 0 0 0
133 50 1 2 0 0 0 0 0 0 0 0 0 405 101 10 6 4 1 1 1 1 1 0 0 0
274 68 3 3 3 0 0 0 0 0 0 0 0 422 115 10 7 4 1 1 1 1 1 0 0 0
366 89 5 5 3 0 0 0 0 0 0 0 0 467 131 10 7 4 1 1 1 1 1 0 0 0
403 103 5 5 3 0 0 0 0 0 0 0 0 513 141 11 9 4 1 1 1 1 1 0 0 0
429 117 5 6 3 0 1 0 0 0 0 0 0 526 149 11 9 4 1 1 1 1 1 0 0 0
447 127 5 6 3 0 1 1 0 0 0 0 0 598 171 11 9 5 1 1 1 1 1 0 0 0
474 135 6 7 3 0 1 1 0 0 0 0 0 611 180 11 10 5 1 2 1 1 1 0 0 0
505 147 6 8 3 0 1 1 0 0 0 0 0 676 201 11 10 5 1 2 1 1 1 0 0 0
527 158 6 8 3 0 1 1 0 0 0 0 0 703 222 11 11 6 1 2 1 1 1 0 0 0
539 167 6 8 3 0 1 1 0 0 0 0 0 716 231 11 11 6 2 2 1 1 2 0 0 0
566 182 6 8 4 0 1 1 0 0 0 0 0 775 246 11 12 6 2 2 2 1 2 0 0 0
602 199 6 9 4 0 1 1 0 0 0 0 0 801 256 11 13 6 2 2 2 2 2 0 0 0
628 205 6 9 4 1 1 1 0 1 0 0 0 818 267 11 13 6 2 2 2 2 2 0 0 0
658 213 6 10 4 1 1 1 0 1 0 0 0 838 274 11 13 6 2 2 2 2 2 0 0 0
677 224 6 10 4 1 1 1 0 1 0 0 0 863 296 11 14 6 2 2 2 2 2 0 0 0
712 234 6 10 4 1 1 1 0 1 0 0 0 909 310 11 14 6 2 2 2 2 2 0 0 0
725 238 6 11 4 1 1 1 0 1 0 0 0 916 315 11 14 6 3 2 2 2 3 0 0 0
751 250 6 11 4 1 1 1 0 1 0 0 0 965 319 11 14 7 3 2 2 2 3 0 0 0
776 268 6 11 4 1 1 1 0 1 0 0 0 1020 337 11 16 7 3 2 2 2 3 0 0 0
833 282 6 12 4 1 1 1 0 1 0 0 0 1023 345 11 16 7 3 2 2 2 3 0 0 0
842 289 6 12 4 1 1 1 0 1 0 0 0 1031 354 11 16 7 3 2 2 2 3 0 0 0
849 300 6 12 5 1 1 1 0 1 0 0 0 1087 364 11 16 7 3 3 2 2 3 0 0 0
877 307 6 13 5 1 1 1 0 1 0 0 0 1090 372 11 17 7 3 3 2 2 3 0 0 0
888 319 6 13 5 1 1 1 0 1 0 0 0 1213 388 11 18 7 3 3 2 2 3 0 0 0
909 333 6 14 5 1 1 1 0 1 0 0 0 1249 407 11 18 7 4 3 2 2 4 0 0 0
941 345 6 14 5 1 1 1 0 1 0 0 0 1322 414 11 20 7 4 3 2 2 4 0 0 0
964 353 6 14 5 1 2 1 0 1 0 0 0 1336 436 11 20 7 5 3 2 2 5 0 0 0
994 368 6 15 5 1 2 1 0 1 0 0 0 1364 446 11 26 7 5 3 2 2 5 0 0 0
1031 380 6 15 5 1 2 1 0 1 0 0 0 1369 457 11 26 7 5 3 2 2 5 0 0 0
1073 392 6 16 5 1 2 1 0 1 0 0 0 1414 472 11 26 8 5 3 2 2 5 0 0 0
1116 403 6 16 5 2 2 1 0 1 0 0 0 1422 481 11 27 8 5 3 2 2 5 1 0 0
1144 413 6 16 5 2 2 1 0 2 0 0 0 1440 492 11 27 8 5 3 2 2 5 1 0 0
1148 426 6 16 5 2 2 1 0 2 0 0 0 1479 500 11 29 8 5 3 2 2 5 1 0 0
1188 434 6 17 6 2 2 1 0 2 0 0 0 1493 511 11 30 8 5 4 2 2 5 1 0 0
1208 448 6 17 6 2 2 1 0 2 0 0 0 1500 518 11 30 8 5 4 2 2 5 1 0 0
1243 454 6 17 6 2 2 1 0 2 0 0 0 1597 540 11 30 9 6 4 2 2 6 1 0 0
