# scores for worst/random/best/smart move selector strategies. 
# scores are 50% and 95% quantiles (based on 40 games) of: 
# game score, #destroyed, #unlocked, #stripes, #bombs, #zappers
3 3 0 0 0 0 0 0 0 0 0 0 0 46 26 0 0 0 0 0 0 0 0 0 0 0
6 6 0 0 0 0 0 0 0 0 0 0 0 51 29 0 0 0 0 0 0 0 0 0 0 0
9 9 0 0 0 0 0 0 0 0 0 0 0 54 36 0 0 0 0 0 0 0 0 0 0 0
12 12 0 0 0 0 0 0 0 0 0 0 0 66 44 0 0 0 0 0 0 0 0 0 0 0
18 18 0 0 0 0 0 0 0 0 0 0 0 69 51 0 0 0 0 0 0 0 0 0 0 0
21 21 0 0 0 0 0 0 0 0 0 0 0 74 56 0 0 0 0 0 0 0 0 0 0 0
27 27 0 0 0 0 0 0 0 0 0 0 0 87 59 0 1 0 0 0 0 0 0 0 0 0
30 30 0 0 0 0 0 0 0 0 0 0 0 92 62 0 1 0 0 0 0 0 0 0 0 0
36 36 0 0 0 0 0 0 0 0 0 0 0 99 67 0 1 0 0 0 0 0 0 0 0 0
39 39 0 0 0 0 0 0 0 0 0 0 0 112 79 0 1 0 0 0 0 0 0 0 0 0
43 43 0 0 0 0 0 0 0 0 0 0 0 121 82 0 1 0 0 0 0 0 0 0 0 0
48 48 0 0 0 0 0 0 0 0 0 0 0 124 91 0 1 0 0 0 0 0 0 0 0 0
53 53 0 0 0 0 0 0 0 0 0 0 0 127 94 0 1 1 0 0 0 0 0 0 0 0
57 57 0 0 0 0 0 0 0 0 0 0 0 131 97 0 1 1 0 0 0 0 0 0 0 0
63 61 0 0 0 0 0 0 0 0 0 0 0 136 102 0 1 1 0 0 0 0 0 0 0 0
66 64 0 0 0 0 0 0 0 0 0 0 0 141 105 0 1 1 0 0 0 0 0 0 0 0
70 69 0 0 0 0 0 0 0 0 0 0 0 146 108 0 1 1 0 0 0 0 0 0 0 0
73 72 0 0 0 0 0 0 0 0 0 0 0 151 112 0 1 1 0 0 0 0 0 0 0 0
76 75 0 0 0 0 0 0 0 0 0 0 0 163 115 0 1 1 0 0 0 0 0 0 0 0
82 80 0 0 0 0 0 0 0 0 0 0 0 208 140 1 1 1 0 0 0 0 0 0 0 0
87 84 0 0 0 0 0 0 0 0 0 0 0 211 145 1 2 1 0 0 0 0 0 0 0 0
92 87 0 0 0 0 0 0 0 0 0 0 0 214 148 1 2 1 0 0 0 0 0 0 0 0
97 90 0 0 0 0 0 0 0 0 0 0 0 428 165 3 5 3 0 0 0 0 0 0 0 0
104 95 0 0 0 0 0 0 0 0 0 0 0 431 168 3 5 3 0 0 0 0 0 0 0 0
112 99 0 0 0 0 0 0 0 0 0 0 0 434 173 3 5 3 0 0 0 0 0 0 0 0
120 102 0 0 0 0 0 0 0 0 0 0 0 438 179 4 5 3 0 0 0 0 0 0 0 0
123 105 0 0 0 0 0 0 0 0 0 0 0 441 182 4 5 3 0 0 0 0 0 0 0 0
130 110 0 0 0 0 0 0 0 0 0 0 0 444 185 4 5 3 0 0 0 0 0 0 0 0
138 117 0 0 0 0 0 0 0 0 0 0 0 447 189 4 5 3 0 0 0 0 0 0 0 0
144 121 0 1 0 0 0 0 0 0 0 0 0 452 192 4 5 3 0 0 0 0 0 0 0 0
160 130 0 1 0 0 0 0 0 0 0 0 0 455 195 4 5 3 0 0 0 0 0 0 0 0
174 136 0 1 0 0 0 0 0 0 0 0 0 458 198 4 5 3 0 0 0 0 0 0 0 0
191 141 0 1 0 0 0 0 0 0 0 0 0 465 203 4 5 3 0 0 0 0 0 0 0 0
194 144 0 1 0 0 0 0 0 0 0 0 0 502 211 4 5 3 0 0 0 0 0 0 0 0
201 150 0 1 0 0 0 0 0 0 0 0 0 515 217 4 5 3 0 0 0 0 0 0 0 0
204 155 0 1 0 0 0 0 0 0 0 0 0 519 221 4 5 3 0 0 0 0 0 0 0 0
208 158 0 1 0 0 0 0 0 0 0 0 0 551 228 5 6 3 0 0 0 0 0 0 0 0
220 163 0 1 0 0 0 0 0 0 0 0 0 554 231 5 6 3 0 0 0 0 0 0 0 0
225 166 0 1 0 0 0 0 0 0 0 0 0 560 237 5 6 3 0 0 0 0 0 0 0 0
233 172 0 1 0 0 0 0 0 0 0 0 0 563 240 5 6 3 0 0 0 0 0 0 0 0
238 175 0 1 0 0 0 0 0 0 0 0 0 570 249 5 6 3 0 0 0 0 0 0 0 0
