# scores for worst/random/best/smart move selector strategies. 
# scores are 50% and 95% quantiles (based on 40 games) of: 
# game score, #destroyed, #unlocked, #stripes, #bombs, #zappers
0 0 0 0 0 0 0 0 0 0 0 0 0 11 11 0 0 0 0 0 0 0 0 0 0 0
6 6 0 0 0 0 0 0 0 0 0 0 0 48 28 0 1 0 0 0 0 0 0 0 0 0
15 15 0 0 0 0 0 0 0 0 0 0 0 119 58 1 1 1 0 0 0 0 0 0 0 0
42 32 0 0 0 0 0 0 0 0 0 0 0 201 105 2 2 1 0 0 0 0 0 0 0 0
68 55 0 0 0 0 0 0 0 0 0 0 0 518 225 5 5 5 1 0 0 0 1 0 0 0
108 70 0 1 0 0 0 0 0 0 0 0 0 521 228 7 5 5 1 0 0 0 1 0 0 0
187 90 1 1 1 0 0 0 0 0 0 0 0 619 278 9 7 5 1 0 0 0 1 0 0 0
249 122 1 1 2 0 0 0 0 0 0 0 0 1002 380 9 8 8 2 0 0 0 1 0 0 0
338 163 2 3 2 0 0 0 0 0 0 0 0 1367 469 9 11 12 3 0 0 0 1 0 0 0
360 186 2 3 2 0 0 0 0 0 0 0 0 1686 625 9 14 16 3 0 0 0 2 0 0 0
433 200 3 5 3 0 0 0 0 0 0 0 0 2113 724 9 16 20 5 0 0 0 2 0 0 0
573 249 3 6 4 0 0 0 0 0 0 0 0 2261 793 10 21 21 8 0 0 0 2 0 0 0
666 287 3 6 4 1 0 0 0 0 0 0 0 2507 838 10 22 21 10 0 0 0 2 0 0 0
921 356 3 10 6 1 0 0 0 0 0 0 0 2520 853 10 27 21 10 0 0 0 2 0 0 0
1107 408 3 10 7 1 0 0 0 0 0 0 0 3982 1336 10 31 33 13 0 0 0 2 1 0 0
1133 429 3 11 8 1 0 0 0 0 0 0 0 4060 1352 10 34 33 15 0 0 0 2 1 0 0
1194 479 3 11 9 1 0 0 0 0 0 0 0 4068 1360 10 34 34 15 0 0 0 3 1 0 0
1260 530 4 12 10 1 0 0 0 0 0 0 0 4154 1381 10 34 35 15 0 0 0 3 1 0 0
1394 544 4 13 10 2 0 0 0 0 0 0 0 4195 1399 10 34 35 15 0 0 0 3 1 0 0
1627 587 4 13 11 3 0 0 0 1 0 0 0 4200 1410 10 36 37 16 0 0 0 3 1 0 0
1842 644 4 15 12 3 0 0 0 1 0 0 0 4459 1512 10 39 37 17 0 0 0 3 1 0 0
2059 781 4 19 14 4 0 0 0 1 0 0 0 4823 1586 10 39 40 17 0 0 0 3 1 0 0
2425 824 4 19 16 6 0 0 0 1 0 0 0 5028 1656 10 44 40 17 0 0 0 4 1 0 0
2675 909 4 22 20 6 0 0 0 1 0 0 0 5171 1705 10 46 42 17 0 0 0 4 1 0 0
2788 931 4 23 21 6 0 0 0 1 0 0 0 5221 1715 10 46 43 17 0 0 0 4 1 0 0
3108 1049 4 24 25 8 0 0 0 1 0 0 0 5396 1723 10 48 44 19 0 0 1 5 1 0 0
3287 1071 4 24 26 9 0 0 0 1 0 0 0 6353 2045 10 51 52 23 1 0 1 5 1 0 0
3451 1082 4 26 26 9 0 0 0 1 0 0 0 6483 2111 10 55 52 23 1 0 1 5 1 0 0
3638 1158 4 27 26 9 0 0 0 1 0 0 0 6492 2116 10 55 52 23 1 0 1 5 1 0 0
3642 1166 4 28 26 9 0 0 0 1 0 0 0 6498 2151 10 55 52 23 1 0 1 5 1 0 0
3658 1183 4 29 28 10 0 0 0 1 0 0 0 6868 2296 10 57 55 25 1 0 1 5 1 0 0
3698 1212 4 31 28 10 0 0 0 1 0 0 0 6984 2383 10 57 55 25 1 0 1 5 1 0 0
3702 1233 4 31 28 10 0 0 0 1 0 0 0 7319 2417 10 61 57 26 1 0 1 5 1 0 0
3807 1253 4 31 29 10 0 0 0 2 0 0 0 7331 2429 10 63 63 26 1 0 1 5 1 0 0
3859 1294 4 33 30 11 0 0 0 2 0 0 0 7662 2533 10 68 63 27 1 0 1 5 1 0 0
3985 1364 4 37 31 11 0 0 0 2 0 0 0 8206 2650 10 69 67 29 1 0 1 5 1 0 0
3995 1454 4 38 32 13 0 0 0 2 0 0 0 8334 2665 10 69 69 30 1 0 1 5 1 0 0
4522 1526 4 38 32 13 0 0 0 2 0 0 0 8454 2777 10 73 70 31 1 0 1 5 1 0 0
4559 1557 4 39 33 13 0 0 0 2 0 0 0 8942 2901 10 78 73 32 1 1 1 5 1 0 0
4909 1595 4 42 41 13 0 0 0 2 0 0 0 8987 2908 10 78 73 32 1 1 1 5 1 0 0
5421 1771 4 43 42 16 0 0 0 2 0 0 0 9370 3034 10 79 78 33 1 1 1 6 1 0 0
