# scores for worst/random/best/smart move selector strategies. 
# scores are 50% and 95% quantiles (based on 40 games) of: 
# game score, #destroyed, #unlocked, #stripes, #bombs, #zappers
0 0 0 0 0 0 0 0 0 0 0 0 0 11 11 0 0 0 0 0 0 0 0 0 0 0
9 9 0 0 0 0 0 0 0 0 0 0 0 134 59 0 1 0 0 0 0 0 0 0 0 0
18 18 0 0 0 0 0 0 0 0 0 0 0 305 138 4 3 2 1 0 0 0 0 0 0 0
56 35 0 0 0 0 0 0 0 0 0 0 0 1313 364 5 11 9 3 0 0 0 1 0 0 0
144 69 1 2 1 0 0 0 0 0 0 0 0 2144 572 5 18 27 7 1 0 0 2 0 1 0
458 163 2 4 2 1 0 0 0 0 0 0 0 2353 695 5 26 27 7 1 0 1 2 1 1 0
768 259 3 5 5 1 0 0 0 1 0 0 0 2720 853 10 34 35 10 1 0 1 2 1 1 0
1062 385 3 8 9 1 0 0 0 1 0 0 0 3154 1003 10 37 37 11 1 1 1 3 1 1 0
1214 440 3 11 12 2 0 0 0 1 0 0 0 4026 1124 10 37 50 12 1 1 1 3 1 2 0
1969 606 5 16 19 4 0 0 0 1 0 0 0 4907 1224 12 46 61 15 1 1 1 3 1 2 0
2527 726 5 21 23 6 0 0 0 2 0 0 0 5881 1600 12 54 62 16 1 2 1 3 2 2 0
3278 837 5 24 32 7 0 0 0 2 0 1 0 6313 1750 12 64 71 19 1 2 1 4 2 2 1
4083 941 5 28 42 9 0 0 0 2 0 1 0 7392 1847 12 64 93 20 1 2 1 5 2 2 1
4606 1079 5 34 44 11 0 0 0 3 0 1 0 7743 1957 12 76 94 22 1 2 1 5 2 2 1
5239 1318 5 43 50 14 0 0 0 3 1 1 0 8512 2117 12 77 101 24 1 2 1 5 2 2 1
5770 1429 5 50 55 15 0 0 0 3 1 1 0 9460 2286 12 79 115 26 1 2 2 5 2 3 1
5947 1503 5 51 63 16 0 0 0 3 1 1 0 9631 2333 12 87 126 27 1 2 2 5 2 3 1
6508 1672 5 55 66 17 0 0 0 3 1 1 0 10068 2502 12 88 132 34 2 3 2 6 2 3 1
7075 1814 5 57 70 18 0 0 0 4 1 1 0 10648 2679 12 93 145 35 2 3 2 7 3 4 1
7496 1878 5 63 77 19 0 0 0 4 1 2 0 11047 2760 12 104 145 36 2 3 2 7 3 4 1
7989 2050 5 74 81 20 0 0 0 4 1 2 0 12266 2965 12 118 148 37 2 3 2 7 3 4 1
8476 2206 5 79 85 23 0 0 0 4 1 2 0 12956 3155 12 136 155 37 2 3 2 7 4 4 1
9093 2293 5 83 88 23 0 1 1 5 1 2 0 13899 3320 12 136 170 38 2 3 2 7 4 4 1
9581 2439 5 85 95 23 0 1 1 5 1 2 0 14330 3401 12 141 172 44 2 3 2 8 4 4 1
9780 2518 5 90 101 24 0 1 1 5 2 2 0 14569 3512 12 155 175 45 2 3 2 8 4 4 1
10296 2618 5 92 104 25 0 1 1 5 2 2 0 14902 3622 12 156 178 48 2 3 2 8 4 4 1
10793 2718 5 101 106 25 0 1 1 6 2 2 0 15238 3845 12 169 181 49 2 3 2 9 4 4 2
11519 2780 5 102 109 27 0 1 1 6 2 2 0 16069 4126 12 169 187 52 2 3 3 9 4 4 2
11877 2943 5 105 110 29 0 1 1 6 2 2 0 16532 4313 12 181 191 52 2 3 3 10 5 4 2
12304 3079 5 108 119 31 0 1 1 7 2 2 0 16663 4371 12 184 192 52 2 3 3 10 5 4 2
12795 3215 5 113 123 31 0 1 1 7 2 2 0 17593 4541 12 196 195 55 2 4 3 10 5 5 2
13605 3377 5 122 130 33 0 1 1 7 2 2 0 17936 4742 12 197 202 57 2 4 3 11 5 5 2
13888 3464 5 126 138 36 0 1 1 8 2 3 0 18448 4779 12 203 205 59 2 4 3 11 5 5 2
14511 3554 5 133 141 37 0 1 1 8 3 3 0 18898 4848 12 203 210 61 2 4 3 12 5 5 2
15024 3653 5 137 142 38 0 1 1 8 3 3 0 19296 4976 12 209 221 62 2 4 3 12 5 6 2
15446 3912 5 145 149 38 0 1 1 8 3 3 0 19546 5142 12 209 222 64 2 4 3 13 5 6 2
15953 4042 5 146 150 40 0 1 1 9 3 3 0 19804 5283 12 215 224 64 3 4 3 13 5 6 2
16671 4134 5 148 152 42 0 1 1 9 3 3 0 20210 5391 12 221 232 64 3 4 4 13 5 6 2
17106 4275 5 151 158 44 0 2 1 10 3 4 1 21959 5509 12 245 258 65 3 4 4 14 6 7 2
17580 4382 5 155 175 45 0 2 1 10 3 4 1 22467 5651 12 248 270 67 3 4 4 14 6 8 2
18163 4461 5 159 175 48 0 2 1 10 3 4 1 23286 5707 12 251 272 68 3 5 4 15 6 8 2
