# scores for worst/random/best/smart move selector strategies. 
# scores are 50% and 95% quantiles (based on 40 games) of: 
# game score, #destroyed, #unlocked, #stripes, #bombs, #zappers
5 5 0 0 0 0 0 0 0 0 0 0 0 14 14 0 0 0 0 0 0 0 0 0 0 0
10 10 0 0 0 0 0 0 0 0 0 0 0 24 24 0 0 0 0 0 0 0 0 0 0 0
16 16 0 0 0 0 0 0 0 0 0 0 0 74 31 0 1 0 0 0 0 0 0 0 0 0
21 21 0 0 0 0 0 0 0 0 0 0 0 92 40 0 1 0 0 0 0 0 0 0 0 0
32 29 0 0 0 0 0 0 0 0 0 0 0 111 46 0 2 0 0 1 0 0 0 0 0 0
39 36 0 0 0 0 0 0 0 0 0 0 0 139 59 0 2 0 0 1 0 0 0 0 0 0
53 41 0 0 0 0 0 0 0 0 0 0 0 213 91 0 3 1 0 1 0 0 0 0 0 0
84 48 0 1 0 0 0 0 0 0 0 0 0 233 107 0 4 1 0 1 0 0 0 0 0 0
104 54 0 1 0 0 0 0 0 0 0 0 0 238 113 0 4 1 1 1 0 0 1 0 0 0
112 60 0 1 0 0 0 0 0 0 0 0 0 245 120 0 5 1 1 1 0 0 1 0 0 0
123 65 0 2 0 0 0 0 0 0 0 0 0 272 127 0 5 1 1 2 0 0 1 0 0 0
127 70 0 2 0 0 0 0 0 0 0 0 0 341 133 0 6 1 1 2 1 0 1 0 0 0
136 75 0 2 0 0 0 0 0 0 0 0 0 447 142 0 11 1 1 2 1 0 1 0 0 0
185 91 0 3 0 0 0 0 0 0 0 0 0 459 151 0 11 1 1 2 1 0 1 0 0 0
197 95 0 3 0 0 1 0 0 0 0 0 0 526 165 0 13 1 1 2 1 0 1 0 0 0
238 103 0 3 0 0 1 0 0 0 0 0 0 530 174 0 13 1 1 2 1 0 1 0 0 0
245 111 0 4 0 0 1 0 0 0 0 0 0 533 178 0 13 1 1 2 1 0 1 0 0 0
257 118 0 4 0 0 1 0 0 0 0 0 0 562 187 0 14 2 1 2 1 0 1 0 0 0
266 127 0 4 0 0 1 0 0 0 0 0 0 567 193 0 14 2 2 2 1 0 1 0 0 0
281 138 0 5 0 0 1 0 0 0 0 0 0 573 198 0 14 2 2 2 1 0 1 0 0 0
306 145 0 5 0 0 1 0 0 0 0 0 0 580 205 0 14 2 2 2 1 0 1 0 0 0
324 152 0 5 0 0 1 0 0 0 0 0 0 663 229 0 17 2 2 2 1 0 2 1 0 0
344 163 0 6 0 0 1 0 0 0 0 0 0 669 248 0 17 2 2 3 1 0 2 1 0 0
367 167 0 6 0 0 1 0 0 0 0 0 0 720 254 0 19 2 2 3 1 0 2 1 0 0
387 174 0 6 0 0 1 0 0 0 0 0 0 727 260 0 19 2 2 3 1 0 2 1 0 0
411 185 0 7 0 0 1 0 0 0 0 0 0 730 272 0 19 2 2 3 1 0 2 1 0 0
420 189 0 7 0 0 1 0 0 0 0 0 0 736 281 0 19 2 2 3 1 0 2 1 0 0
433 194 0 7 1 0 1 0 0 0 0 0 0 751 290 0 19 2 2 3 1 0 2 1 0 0
451 199 0 8 1 0 1 0 0 0 0 0 0 755 296 0 19 2 2 3 1 0 2 1 0 0
467 207 0 8 1 0 1 0 0 0 0 0 0 780 299 0 19 3 2 3 1 0 2 1 0 0
473 212 0 8 1 0 2 0 0 0 0 0 0 809 306 0 20 3 2 3 1 0 2 1 0 0
483 220 0 8 1 0 2 0 0 0 0 0 0 816 315 0 20 3 2 3 1 0 2 1 0 0
519 232 0 8 1 0 2 0 0 0 0 0 0 946 328 0 23 3 2 3 1 0 2 1 0 0
536 238 0 9 1 0 2 0 0 0 0 0 0 952 339 0 23 3 2 3 1 0 2 1 0 0
541 244 0 9 1 0 2 0 0 0 0 0 0 997 348 0 23 3 2 3 1 0 2 1 0 0
612 258 0 10 1 0 2 0 0 0 0 0 0 1026 366 0 23 3 2 3 1 0 2 1 0 0
631 266 0 10 1 0 2 0 0 0 0 0 0 1047 374 0 23 3 2 3 1 0 2 1 0 0
637 274 0 10 1 0 2 0 0 0 0 0 0 1054 379 0 23 3 2 3 1 0 2 1 0 0
649 279 0 11 1 1 2 0 0 0 0 0 0 1058 390 0 23 3 2 3 1 0 2 1 0 0
686 288 0 11 1 1 2 0 0 0 0 0 0 1104 393 0 24 3 2 3 1 0 2 1 0 0
702 297 0 11 1 1 2 0 0 0 0 0 0 1107 396 0 24 3 2 3 1 0 2 1 0 0
