# scores for worst/random/best/smart move selector strategies. 
# scores are 50% and 95% quantiles (based on 40 games) of: 
# game score, #destroyed, #unlocked, #stripes, #bombs, #zappers
5 5 0 0 0 0 0 0 0 0 0 0 0 14 14 0 0 0 0 0 0 0 0 0 0 0
9 9 0 0 0 0 0 0 0 0 0 0 0 20 20 0 0 0 0 0 0 0 0 0 0 0
13 13 0 0 0 0 0 0 0 0 0 0 0 29 29 0 0 0 0 0 0 0 0 0 0 0
18 18 0 0 0 0 0 0 0 0 0 0 0 36 36 0 0 0 0 0 0 0 0 0 0 0
21 21 0 0 0 0 0 0 0 0 0 0 0 64 39 0 0 0 0 0 0 0 0 0 0 0
25 25 0 0 0 0 0 0 0 0 0 0 0 67 45 0 0 0 0 0 0 0 0 0 0 0
30 30 0 0 0 0 0 0 0 0 0 0 0 73 49 0 1 0 0 0 0 0 0 0 0 0
36 36 0 0 0 0 0 0 0 0 0 0 0 94 59 0 1 0 0 0 0 0 0 0 0 0
39 39 0 0 0 0 0 0 0 0 0 0 0 138 67 0 1 0 0 0 0 0 0 0 0 0
43 43 0 0 0 0 0 0 0 0 0 0 0 143 72 0 1 0 0 0 0 0 0 0 0 0
49 47 0 0 0 0 0 0 0 0 0 0 0 155 77 0 2 0 0 0 0 0 0 0 0 0
53 51 0 0 0 0 0 0 0 0 0 0 0 167 88 0 2 0 0 0 0 0 0 0 0 0
62 60 0 0 0 0 0 0 0 0 0 0 0 193 98 0 2 0 0 0 0 0 0 0 0 0
66 65 0 0 0 0 0 0 0 0 0 0 0 197 103 0 2 0 0 0 0 0 0 0 0 0
71 70 0 0 0 0 0 0 0 0 0 0 0 204 111 0 2 0 0 0 0 0 0 0 0 0
81 75 0 0 0 0 0 0 0 0 0 0 0 207 114 0 2 0 0 0 0 0 0 0 0 0
88 78 0 0 0 0 0 0 0 0 0 0 0 214 120 0 2 0 0 0 0 0 0 0 0 0
97 86 0 0 0 0 0 0 0 0 0 0 0 218 123 0 2 1 0 0 0 0 0 0 0 0
106 89 0 0 0 0 0 0 0 0 0 0 0 224 128 0 2 1 0 0 0 0 0 0 0 0
111 94 0 0 0 0 0 0 0 0 0 0 0 227 132 0 2 1 0 0 0 0 0 0 0 0
115 97 0 0 0 0 0 0 0 0 0 0 0 230 136 0 2 1 0 0 0 0 0 0 0 0
119 102 0 1 0 0 0 0 0 0 0 0 0 235 139 0 2 1 0 0 0 0 0 0 0 0
130 105 0 1 0 0 0 0 0 0 0 0 0 275 154 0 3 1 0 0 0 0 0 0 0 0
144 112 0 1 0 0 0 0 0 0 0 0 0 294 157 0 3 1 0 0 0 0 0 0 0 0
152 116 0 1 0 0 0 0 0 0 0 0 0 309 168 0 3 1 0 0 0 0 0 0 0 0
158 121 0 1 0 0 0 0 0 0 0 0 0 312 171 0 3 1 0 0 0 0 0 0 0 0
161 126 0 1 0 0 0 0 0 0 0 0 0 319 181 0 3 1 0 0 0 0 0 0 0 0
166 130 0 1 0 0 0 0 0 0 0 0 0 356 190 0 4 1 0 0 0 0 0 0 0 0
169 136 0 1 0 0 0 0 0 0 0 0 0 360 193 0 4 1 0 0 0 0 0 0 0 0
172 140 0 1 0 0 0 0 0 0 0 0 0 363 196 0 4 1 0 0 0 0 0 0 0 0
181 145 0 1 0 0 0 0 0 0 0 0 0 371 208 0 5 2 0 0 0 0 0 0 0 0
187 148 0 1 0 0 0 0 0 0 0 0 0 374 211 0 5 2 0 0 0 0 0 0 0 0
195 155 0 1 0 0 0 0 0 0 0 0 0 377 214 0 5 2 0 0 0 0 0 0 0 0
198 161 0 1 0 0 0 0 0 0 0 0 0 380 217 0 5 2 0 0 0 0 0 0 0 0
206 164 0 1 0 0 0 0 0 0 0 0 0 383 220 0 5 2 1 0 0 0 1 0 0 0
217 171 0 2 0 0 0 0 0 0 0 0 0 387 239 0 5 2 1 0 0 0 1 0 0 0
227 178 0 2 0 0 0 0 0 0 0 0 0 391 242 0 5 2 1 0 0 0 1 0 0 0
235 183 0 2 0 0 0 0 0 0 0 0 0 395 247 0 5 2 1 0 0 0 1 0 0 0
243 186 0 2 0 0 0 0 0 0 0 0 0 446 252 0 5 2 1 0 0 0 1 0 0 0
256 192 0 2 0 0 0 0 0 0 0 0 0 450 255 0 5 2 1 0 0 0 1 0 0 0
265 195 0 2 0 0 0 0 0 0 0 0 0 453 258 0 5 2 1 0 0 0 1 0 0 0
