# scores for worst/random/best/smart move selector strategies. 
# scores are 50% and 95% quantiles (based on 40 games) of: 
# game score, #destroyed, #unlocked, #stripes, #bombs, #zappers
5 5 0 0 0 0 0 0 0 0 0 0 0 14 14 0 0 0 0 0 0 0 0 0 0 0
11 11 0 0 0 0 0 0 0 0 0 0 0 37 24 0 0 0 0 0 0 0 0 0 0 0
18 18 0 0 0 0 0 0 0 0 0 0 0 100 38 0 1 0 0 0 0 0 0 0 0 0
26 25 0 0 0 0 0 0 0 0 0 0 0 163 67 0 1 1 1 0 0 0 0 0 0 0
67 39 0 0 0 0 0 0 0 0 0 0 0 187 80 0 2 2 1 1 1 0 1 0 0 0
101 51 0 1 0 0 0 0 0 0 0 0 0 208 91 0 3 2 1 1 1 0 1 0 0 0
119 63 0 1 0 0 0 0 0 0 0 0 0 228 100 0 3 2 1 1 1 0 1 0 0 0
147 72 0 2 0 0 0 0 0 0 0 0 0 246 109 0 4 2 1 1 1 0 1 0 0 0
192 83 0 2 1 0 0 0 0 0 0 0 0 284 117 0 4 3 1 1 1 1 1 0 0 0
214 92 0 2 1 0 0 0 0 0 0 0 0 308 123 0 5 3 1 1 1 1 1 0 0 0
233 101 0 3 1 0 0 0 0 0 0 0 0 327 136 0 5 3 1 1 1 1 1 0 0 0
247 109 0 3 1 0 0 0 0 0 0 0 0 335 139 0 5 3 1 1 1 1 1 0 0 0
280 126 0 3 1 0 0 0 0 0 0 0 0 531 172 0 10 3 2 1 1 1 2 1 0 0
318 138 0 4 1 0 0 0 0 0 0 0 0 538 179 0 10 3 2 1 1 1 2 1 0 0
338 151 0 4 1 0 0 0 0 0 0 0 0 609 196 0 11 3 2 2 1 1 2 1 0 0
378 165 0 5 1 0 1 0 0 0 0 0 0 617 215 0 11 3 2 2 1 1 2 1 0 0
431 181 0 5 1 0 1 0 0 0 0 0 0 695 227 0 12 3 2 2 2 1 2 1 0 0
437 190 0 6 1 1 1 0 0 1 0 0 0 725 232 0 13 3 3 2 2 1 3 1 0 0
458 197 0 6 2 1 1 0 0 1 0 0 0 747 259 0 13 3 3 2 2 1 3 1 0 0
487 210 0 6 2 1 1 0 0 1 0 0 0 814 272 0 13 4 3 2 2 1 3 1 0 0
513 216 0 6 2 1 1 0 0 1 0 0 0 836 304 0 13 4 3 2 2 1 3 1 0 0
552 225 0 7 2 1 1 1 0 1 0 0 0 864 318 0 13 4 3 2 2 1 3 1 0 0
568 238 0 7 2 1 1 1 0 1 0 0 0 905 331 0 13 4 4 2 2 1 4 1 0 0
603 245 0 7 2 1 1 1 0 1 0 0 0 922 344 0 14 4 4 2 2 1 4 1 0 0
616 258 0 8 2 1 1 1 0 1 0 0 0 990 356 0 15 4 4 3 2 1 4 1 0 0
632 272 0 8 2 1 1 1 0 1 0 0 0 1009 370 0 15 4 4 3 2 1 4 1 0 0
688 286 0 8 2 1 1 1 0 1 0 0 0 1029 387 0 16 4 4 3 2 1 4 1 0 0
696 292 0 8 2 1 1 1 0 1 0 0 0 1037 398 0 16 5 4 3 2 1 4 1 0 0
737 308 0 9 2 2 1 1 0 2 0 0 0 1047 402 0 16 5 5 3 2 1 5 1 0 0
782 316 0 10 3 2 1 1 0 2 0 0 0 1132 422 0 19 5 5 3 2 1 5 1 0 0
800 330 0 10 3 2 1 1 0 2 0 0 0 1139 426 0 19 5 5 3 2 1 5 1 0 0
851 336 0 10 3 2 1 1 0 2 0 0 0 1198 443 0 20 9 5 3 2 1 5 1 0 0
872 348 0 11 3 2 1 1 0 2 0 0 0 1215 465 0 20 9 5 3 2 1 5 1 0 0
901 360 0 11 3 2 1 1 0 2 0 0 0 1246 477 0 21 9 5 3 2 1 5 1 0 0
925 373 0 11 3 2 2 1 0 2 0 0 0 1300 494 0 22 9 5 3 2 1 5 1 0 0
962 385 0 12 3 2 2 1 0 2 0 0 0 1333 502 0 23 9 6 3 3 1 5 1 0 0
992 404 0 13 3 2 2 1 0 2 0 0 0 1363 513 0 24 9 6 4 3 1 5 1 0 0
1019 417 0 13 3 2 2 1 0 2 0 0 0 1389 533 0 24 9 6 4 3 1 5 1 0 0
1052 425 0 14 3 3 2 1 0 2 0 0 0 1533 552 0 25 15 6 4 3 1 5 1 1 0
1102 438 0 14 3 3 2 1 0 2 0 0 0 1567 561 0 26 15 6 4 3 1 5 1 1 0
1112 452 0 14 3 3 2 1 0 2 0 0 0 1573 566 0 26 15 6 4 3 1 5 1 1 0
