# scores for worst/random/best/smart move selector strategies. 
# scores are 50% and 95% quantiles (based on 40 games) of: 
# game score, #destroyed, #unlocked, #stripes, #bombs, #zappers
0 0 0 0 0 0 0 0 0 0 0 0 0 4 4 0 0 0 0 0 0 0 0 0 0 0
3 3 0 0 0 0 0 0 0 0 0 0 0 9 9 0 0 0 0 0 0 0 0 0 0 0
6 6 0 0 0 0 0 0 0 0 0 0 0 27 16 0 0 0 0 0 0 0 0 0 0 0
9 9 0 0 0 0 0 0 0 0 0 0 0 56 18 0 0 0 0 0 0 0 0 0 0 0
12 12 0 0 0 0 0 0 0 0 0 0 0 293 59 4 3 1 2 0 0 0 0 0 0 0
15 15 0 0 0 0 0 0 0 0 0 0 0 552 86 5 5 4 3 0 0 0 1 0 0 0
18 17 0 0 0 0 0 0 0 0 0 0 0 631 96 15 5 5 4 0 0 0 1 0 0 0
21 21 0 0 0 0 0 0 0 0 0 0 0 689 103 17 7 7 4 0 1 1 2 0 0 0
30 26 0 0 0 0 0 0 0 0 0 0 0 783 131 17 7 8 4 0 1 1 2 1 0 0
37 29 0 0 0 0 0 0 0 0 0 0 0 854 142 17 7 9 4 0 1 1 2 1 1 0
98 35 0 0 0 0 0 0 0 0 0 0 0 873 146 18 8 9 4 1 1 1 2 1 1 0
233 44 0 2 0 2 0 0 0 0 0 0 0 900 149 18 12 10 4 1 1 1 2 1 1 1
430 74 4 5 2 2 0 0 0 0 0 0 0 904 153 18 13 10 4 1 1 1 2 1 1 1
494 92 6 5 4 3 0 0 0 1 0 0 0 940 158 18 13 10 4 1 1 1 2 1 1 1
681 121 10 6 6 4 0 0 0 1 0 0 0 949 163 18 15 11 4 1 1 1 2 1 1 1
721 134 10 6 6 4 0 0 0 1 0 0 0 1147 172 18 16 15 4 1 1 1 2 1 1 1
731 138 11 7 6 4 0 0 0 1 0 0 0 1151 176 18 16 15 4 1 1 1 2 1 1 1
735 143 11 7 6 4 0 0 0 1 0 0 0 1154 179 18 16 15 4 1 1 1 2 1 1 1
760 149 11 8 6 4 0 0 0 1 0 0 0 1193 193 18 18 15 5 1 2 1 2 1 1 1
780 155 11 8 6 4 0 0 0 1 0 0 0 1196 196 18 18 15 5 1 2 1 2 1 1 1
803 161 13 8 6 4 0 0 0 1 0 0 0 1199 201 18 19 15 5 1 2 1 2 1 1 1
821 165 13 8 6 4 0 0 0 1 0 0 0 1203 206 18 19 15 5 1 2 1 2 1 1 1
840 170 13 8 6 4 0 0 0 1 0 0 0 1302 210 18 19 18 5 1 2 1 3 1 1 1
843 173 13 8 6 4 0 0 0 1 0 0 0 1333 226 18 19 18 5 1 2 1 3 1 1 1
846 180 13 8 6 4 0 0 0 1 0 0 0 1338 232 18 19 18 5 1 2 1 3 1 1 1
851 184 13 8 6 4 0 0 0 1 0 0 0 1383 237 18 19 18 5 1 2 1 3 1 1 1
854 188 13 8 6 4 0 0 0 1 0 0 0 1387 240 18 19 19 5 1 2 1 3 1 1 1
870 193 13 8 6 4 0 1 0 1 0 0 0 1391 243 18 19 19 5 1 2 1 3 1 1 1
884 200 13 8 6 4 0 1 0 1 0 0 0 1395 246 18 20 19 5 1 2 1 3 1 1 1
918 204 13 9 6 4 0 1 0 1 0 0 0 1400 252 18 20 19 5 1 2 1 3 1 1 1
923 210 13 9 6 4 0 1 0 1 0 0 0 1403 255 18 20 19 5 1 2 1 3 1 1 1
945 215 13 9 6 4 0 1 0 1 0 0 0 1407 258 18 20 19 5 2 2 1 3 1 1 1
960 218 13 10 6 4 0 1 0 1 0 0 0 1410 271 18 20 19 5 2 2 1 3 1 1 1
964 222 13 10 6 4 0 1 0 1 0 0 0 1413 278 18 21 19 5 2 2 1 3 1 1 1
967 226 13 10 6 4 0 1 0 1 0 0 0 1434 283 18 21 19 5 2 2 1 3 1 1 1
976 234 13 10 6 4 0 1 0 1 0 0 0 1490 286 18 21 19 5 2 2 1 3 1 1 1
1021 244 13 10 6 4 0 1 0 1 0 0 0 1494 290 18 21 19 5 2 2 1 3 1 1 1
1033 250 13 10 6 4 0 1 0 1 0 0 0 1526 296 18 22 19 5 2 2 1 3 1 1 1
1036 255 13 11 6 4 0 1 0 1 0 0 0 1529 301 18 22 19 5 2 2 1 3 1 1 1
1048 258 13 11 6 4 0 1 0 1 0 0 0 1534 304 18 22 19 5 2 2 1 3 1 1 1
1062 262 13 11 6 4 0 1 0 1 0 0 0 1538 308 18 22 19 5 2 2 1 3 1 1 1
