# scores for worst/random/best/smart move selector strategies. 
# scores are 50% and 95% quantiles (based on 40 games) of: 
# game score, #destroyed, #unlocked, #stripes, #bombs, #zappers
0 0 0 0 0 0 0 0 0 0 0 0 0 4 4 0 0 0 0 0 0 0 0 0 0 0
3 3 0 0 0 0 0 0 0 0 0 0 0 9 9 0 0 0 0 0 0 0 0 0 0 0
6 6 0 0 0 0 0 0 0 0 0 0 0 12 12 0 0 0 0 0 0 0 0 0 0 0
7 7 0 0 0 0 0 0 0 0 0 0 0 104 18 2 0 0 0 0 0 0 0 0 0 0
9 9 0 0 0 0 0 0 0 0 0 0 0 141 26 2 0 0 1 0 0 0 1 0 0 0
12 12 0 0 0 0 0 0 0 0 0 0 0 170 32 4 2 0 1 0 0 0 1 0 0 0
15 15 0 0 0 0 0 0 0 0 0 0 0 378 78 6 4 2 3 0 0 0 2 0 0 0
18 18 0 0 0 0 0 0 0 0 0 0 0 536 87 7 5 4 3 0 0 0 2 0 0 0
23 21 0 0 0 0 0 0 0 0 0 0 0 562 90 7 5 4 4 0 0 0 2 0 0 0
31 27 0 0 0 0 0 0 0 0 0 0 0 635 101 14 6 5 4 0 0 0 2 1 0 0
60 30 0 0 0 0 0 0 0 0 0 0 0 650 110 14 6 6 4 1 0 0 2 1 0 0
118 34 0 1 0 1 0 0 0 0 0 0 0 667 117 17 6 6 4 1 1 0 2 1 0 0
133 40 0 1 0 1 0 0 0 0 0 0 0 676 120 17 6 6 4 1 1 0 2 1 0 0
233 61 3 3 1 2 0 0 0 0 0 0 0 681 124 17 6 6 4 1 1 0 2 1 0 0
366 75 3 4 2 2 0 0 0 0 0 0 0 687 130 18 6 6 4 1 1 0 2 1 0 0
491 89 4 5 3 2 0 0 0 1 0 0 0 690 140 18 7 6 4 1 1 0 2 1 0 0
497 95 5 5 3 2 0 0 0 1 0 0 0 709 144 18 7 6 4 1 1 0 2 1 0 0
568 105 8 5 5 4 0 0 0 1 0 0 0 725 147 18 7 7 4 1 1 0 2 1 0 0
636 121 8 5 5 4 0 0 0 1 0 0 0 762 156 18 8 7 4 1 1 0 3 1 0 0
678 136 8 6 6 4 0 0 0 1 0 0 0 787 162 18 8 7 4 1 1 0 3 1 0 0
684 139 8 6 6 4 0 0 0 1 0 0 0 792 168 18 8 7 4 1 1 0 3 1 0 0
698 145 9 6 6 4 0 0 0 1 0 0 0 795 173 18 8 7 4 1 1 0 3 1 0 0
705 148 9 6 6 4 0 0 0 1 0 0 0 798 176 18 8 7 4 1 1 0 3 1 0 0
708 151 10 6 6 4 0 0 0 1 0 0 0 803 181 18 8 7 4 1 1 0 3 1 0 0
714 156 10 6 6 4 0 0 0 1 0 0 0 806 184 18 8 7 4 1 1 0 3 1 0 0
722 162 10 6 6 4 0 0 0 1 0 0 0 832 190 18 8 7 4 1 2 0 3 1 0 0
735 166 10 6 6 4 0 0 0 1 0 0 0 835 194 18 8 8 4 1 2 0 3 1 0 0
746 169 10 6 6 4 0 0 0 1 0 0 0 838 197 18 8 8 4 1 2 0 3 1 0 0
749 174 10 6 6 4 0 0 0 1 0 0 0 857 202 18 8 8 4 1 2 0 3 1 0 0
756 180 10 6 6 4 0 0 0 1 0 0 0 869 205 18 8 8 4 1 2 0 3 1 0 0
759 184 10 7 6 4 0 0 0 1 0 0 0 884 208 18 8 8 4 1 2 0 3 1 0 0
764 187 10 7 6 4 0 0 0 1 0 0 0 890 211 18 8 8 4 1 2 0 3 1 0 0
767 190 10 7 6 4 0 0 0 1 0 0 0 893 216 18 8 8 4 1 2 0 3 1 0 0
775 193 10 7 6 4 0 0 0 1 0 0 0 898 221 18 8 8 4 1 2 0 3 1 0 0
785 197 10 7 6 4 0 0 0 1 0 0 0 902 226 18 9 8 4 1 2 0 3 1 0 0
788 202 10 7 6 4 0 0 0 1 0 0 0 919 238 18 10 8 4 1 2 0 3 1 0 0
793 207 10 7 6 4 0 0 0 1 0 0 0 926 241 18 10 8 4 1 2 0 3 1 0 0
796 211 10 7 6 4 0 0 0 1 0 0 0 929 249 18 10 8 4 1 2 0 3 1 0 0
800 216 10 7 6 4 0 0 0 1 0 0 0 932 253 18 10 8 4 1 2 0 3 1 0 0
805 219 10 7 6 4 0 0 0 1 0 0 0 935 257 18 10 8 4 1 2 0 3 1 0 0
808 222 10 7 6 4 0 0 0 1 0 0 0 950 265 18 10 8 4 1 2 0 3 1 0 0
