# scores for worst/random/best/smart move selector strategies. 
# scores are 50% and 95% quantiles (based on 40 games) of: 
# game score, #destroyed, #unlocked, #stripes, #bombs, #zappers
0 0 0 0 0 0 0 0 0 0 0 0 0 4 4 0 0 0 0 0 0 0 0 0 0 0
3 3 0 0 0 0 0 0 0 0 0 0 0 9 9 0 0 0 0 0 0 0 0 0 0 0
6 6 0 0 0 0 0 0 0 0 0 0 0 27 16 0 0 0 0 0 0 0 0 0 0 0
9 9 0 0 0 0 0 0 0 0 0 0 0 272 62 5 3 1 2 0 0 0 1 0 0 0
12 12 0 0 0 0 0 0 0 0 0 0 0 618 97 14 5 6 3 0 1 0 2 0 0 0
15 15 0 0 0 0 0 0 0 0 0 0 0 671 111 14 6 6 4 0 1 0 2 0 0 0
45 20 0 0 0 0 0 0 0 0 0 0 0 687 117 18 6 6 4 0 1 0 2 0 0 0
145 40 1 1 0 1 0 0 0 0 0 0 0 835 123 18 9 10 4 0 1 0 2 0 1 1
428 85 5 5 3 2 0 0 0 0 0 0 0 926 143 18 13 11 4 0 1 1 2 1 1 1
655 101 10 5 6 4 0 0 0 0 0 0 0 979 160 18 13 12 4 0 1 1 2 1 1 1
683 116 11 6 6 4 0 0 0 0 0 0 0 983 164 18 13 12 4 1 1 1 2 1 1 1
704 123 11 6 6 4 0 0 0 0 0 0 0 988 177 18 14 12 4 1 1 1 2 1 1 1
742 131 11 6 6 4 0 0 0 0 0 0 0 993 182 18 14 12 5 1 1 1 2 1 1 1
752 142 11 7 6 4 0 0 0 1 0 0 0 999 192 18 14 12 5 1 1 1 2 1 1 1
788 149 11 7 6 4 0 0 0 1 0 0 0 1010 197 18 15 12 5 1 1 1 2 1 1 1
799 155 11 7 6 4 0 0 0 1 0 0 0 1032 207 18 15 12 5 1 1 1 3 1 1 1
816 162 12 7 6 4 0 0 0 1 0 0 0 1071 215 18 15 13 5 1 1 1 3 1 1 1
830 169 13 7 6 4 0 0 0 1 0 0 0 1093 220 18 15 13 5 1 1 1 3 1 1 1
841 177 13 8 6 4 0 0 0 1 0 0 0 1130 229 18 15 13 5 1 1 1 4 1 1 1
860 183 13 8 6 4 0 0 0 1 0 0 0 1153 238 18 16 14 5 1 1 1 4 1 1 1
908 192 13 8 6 4 0 1 0 1 0 0 0 1159 246 18 17 14 5 1 1 1 4 1 1 1
911 196 13 9 6 4 0 1 0 1 0 0 0 1169 253 18 17 14 5 1 1 1 4 1 1 1
923 203 13 9 7 4 0 1 0 1 0 0 0 1220 261 18 17 14 5 1 1 1 4 1 1 1
940 214 13 9 7 4 0 1 0 1 0 0 0 1227 273 18 17 14 6 1 1 1 4 1 1 1
945 221 13 10 7 4 0 1 0 1 0 0 0 1239 284 18 17 14 6 1 1 1 4 1 1 1
958 227 13 10 7 4 0 1 0 1 0 0 0 1264 293 18 17 14 6 2 1 1 4 1 1 1
973 230 13 10 7 4 0 1 0 1 0 0 0 1272 299 18 17 14 6 2 1 1 4 1 1 1
976 235 13 10 7 4 0 1 0 1 0 0 0 1277 304 18 17 14 6 2 1 1 4 1 1 1
993 239 13 10 7 4 0 1 0 1 0 0 0 1282 309 18 17 14 6 2 1 1 4 1 1 1
1016 247 13 10 7 4 0 1 0 1 0 0 0 1285 312 18 17 14 6 2 1 1 4 1 1 1
1031 256 13 11 7 4 0 1 0 1 0 0 0 1326 319 18 17 14 6 2 2 1 4 1 1 1
1061 261 13 11 7 4 0 1 0 1 0 0 0 1333 324 18 17 14 6 2 2 1 4 1 1 1
1070 268 13 11 7 4 0 1 0 1 0 0 0 1366 340 18 17 14 6 2 2 1 4 1 1 1
1101 282 13 11 7 4 0 1 0 1 0 0 0 1374 344 18 18 14 6 2 2 1 4 1 1 1
1117 289 13 12 7 4 0 1 0 1 0 0 0 1384 354 18 20 14 6 2 2 1 4 1 1 1
1127 293 13 12 7 4 0 1 0 2 0 0 0 1388 361 18 20 14 6 2 2 1 4 1 1 1
1134 301 13 12 7 5 0 1 0 2 0 0 0 1402 364 18 20 14 6 2 2 1 4 1 1 1
1148 305 13 12 7 5 0 1 0 2 0 0 0 1406 369 18 20 14 6 2 2 1 4 1 1 1
1170 308 13 13 7 5 0 1 0 2 0 0 0 1434 380 18 21 14 6 3 2 1 4 1 1 1
1177 313 13 13 7 5 0 1 0 2 0 0 0 1440 385 18 21 14 6 3 2 1 4 1 1 1
1200 323 13 14 7 5 1 1 0 2 0 0 0 1447 399 18 21 14 6 3 2 1 4 1 1 1
