# scores for worst/random/best/smart move selector strategies. 
# scores are 50% and 95% quantiles (based on 40 games) of: 
# game score, #destroyed, #unlocked, #stripes, #bombs, #zappers
0 0 0 0 0 0 0 0 0 0 0 0 0 4 4 0 0 0 0 0 0 0 0 0 0 0
3 3 0 0 0 0 0 0 0 0 0 0 0 9 9 0 0 0 0 0 0 0 0 0 0 0
6 6 0 0 0 0 0 0 0 0 0 0 0 10 10 0 0 0 0 0 0 0 0 0 0 0
9 9 0 0 0 0 0 0 0 0 0 0 0 14 14 0 0 0 0 0 0 0 0 0 0 0
9 9 0 0 0 0 0 0 0 0 0 0 0 66 18 1 0 0 0 0 0 0 0 0 0 0
12 12 0 0 0 0 0 0 0 0 0 0 0 67 19 1 0 0 0 0 0 0 0 0 0 0
15 15 0 0 0 0 0 0 0 0 0 0 0 139 35 4 1 0 1 0 0 0 0 0 0 0
18 18 0 0 0 0 0 0 0 0 0 0 0 284 47 7 3 1 2 0 0 0 0 0 0 0
21 21 0 0 0 0 0 0 0 0 0 0 0 289 52 7 3 1 2 0 0 0 1 0 0 0
24 24 0 0 0 0 0 0 0 0 0 0 0 480 81 10 4 4 3 0 0 0 1 0 0 0
27 27 0 0 0 0 0 0 0 0 0 0 0 590 104 12 4 5 3 0 0 0 1 0 0 0
77 31 0 0 0 0 0 0 0 0 0 0 0 734 125 17 6 6 4 0 1 0 1 0 0 0
112 36 1 0 0 1 0 0 0 0 0 0 0 737 129 18 6 6 4 0 1 0 1 0 0 0
141 46 3 0 1 1 0 0 0 0 0 0 0 741 134 18 6 6 4 0 1 0 1 0 0 0
225 68 6 2 2 2 0 0 0 0 0 0 0 744 143 18 6 7 4 0 1 0 1 0 0 0
299 88 6 2 3 2 0 0 0 0 0 0 0 751 146 18 6 7 4 0 1 0 1 0 0 0
334 91 6 2 3 2 0 0 0 0 0 0 0 756 149 18 7 7 4 0 1 0 1 0 0 0
590 106 6 4 4 3 0 0 0 0 0 0 0 761 155 19 7 7 4 0 1 0 1 0 0 0
616 117 7 5 5 4 0 0 0 0 0 0 0 770 159 19 7 7 4 0 1 0 1 0 0 0
647 122 8 5 6 4 0 0 0 0 0 0 0 774 162 19 7 7 4 0 1 0 1 0 0 0
659 130 8 5 6 4 0 0 0 0 0 0 0 779 166 19 7 7 4 0 1 0 1 0 0 0
667 136 9 6 6 4 0 0 0 0 0 0 0 783 169 19 7 7 4 0 1 0 1 0 0 0
678 139 9 6 6 4 0 0 0 0 0 0 0 786 172 19 7 7 4 0 1 0 1 0 0 0
682 142 9 6 6 4 0 0 0 0 0 0 0 789 175 19 7 7 4 0 1 0 1 0 0 0
690 146 9 6 6 4 0 0 0 0 0 0 0 794 180 19 7 7 4 0 1 0 1 0 0 0
694 153 9 6 6 4 0 0 0 0 0 0 0 797 183 19 7 7 4 0 1 0 1 0 0 0
700 157 10 6 6 4 0 0 0 0 0 0 0 800 186 19 7 7 4 0 1 0 1 0 0 0
706 164 10 6 6 4 0 0 0 0 0 0 0 803 190 19 7 7 4 0 1 0 1 0 0 0
713 168 10 6 6 4 0 0 0 0 0 0 0 809 198 19 7 7 4 0 1 0 2 0 0 0
716 171 10 6 6 4 0 0 0 0 0 0 0 812 201 19 7 7 4 0 1 0 2 0 0 0
719 174 10 6 6 4 0 0 0 0 0 0 0 815 205 19 7 7 4 0 1 0 2 0 0 0
729 178 10 6 6 4 0 0 0 0 0 0 0 820 208 19 7 7 4 0 1 0 2 0 0 0
732 183 10 6 6 4 0 0 0 0 0 0 0 825 211 19 7 7 4 0 1 0 2 0 0 0
735 186 10 6 6 4 0 0 0 0 0 0 0 828 214 19 7 7 4 0 1 0 2 0 0 0
741 190 10 6 6 4 0 0 0 0 0 0 0 837 217 19 7 7 4 0 1 0 2 0 0 0
746 195 10 6 6 4 0 0 0 0 0 0 0 840 222 19 7 7 4 0 1 0 2 0 0 0
757 199 10 6 6 4 0 0 0 0 0 0 0 852 225 19 7 7 4 0 1 0 2 0 0 0
760 203 10 6 6 4 0 0 0 0 0 0 0 855 228 19 7 7 4 0 1 0 2 0 0 0
767 207 10 6 6 4 0 0 0 0 0 0 0 858 232 19 7 7 4 0 1 0 2 0 0 0
770 210 10 6 6 4 0 0 0 0 0 0 0 862 235 19 7 7 4 0 1 0 2 0 0 0
777 215 10 6 6 4 0 0 0 0 0 0 0 865 239 19 7 7 4 0 1 0 2 0 0 0
