# scores for worst/random/best/smart move selector strategies. 
# scores are 50% and 95% quantiles (based on 40 games) of: 
# game score, #destroyed, #unlocked, #stripes, #bombs, #zappers
3 3 0 0 0 0 0 0 0 0 0 0 0 13 13 0 0 0 0 0 0 0 0 0 0 0
7 7 0 0 0 0 0 0 0 0 0 0 0 20 20 0 0 0 0 0 0 0 0 0 0 0
11 11 0 0 0 0 0 0 0 0 0 0 0 112 32 3 2 1 0 0 0 0 0 0 0 0
15 15 0 0 0 0 0 0 0 0 0 0 0 620 96 16 10 6 0 1 1 0 0 0 0 0
20 20 0 0 0 0 0 0 0 0 0 0 0 657 107 17 11 6 0 1 1 0 0 0 0 0
24 24 0 0 0 0 0 0 0 0 0 0 0 661 112 19 11 6 0 1 1 0 0 0 0 0
32 27 0 0 0 0 0 0 0 0 0 0 0 666 120 21 11 6 1 1 1 0 0 0 0 0
55 30 0 1 0 0 0 0 0 0 0 0 0 745 143 21 12 6 1 1 1 0 1 0 0 0
76 35 1 1 0 0 0 0 0 0 0 0 0 751 150 21 12 6 1 1 1 0 1 0 0 0
129 54 2 2 0 0 0 0 0 0 0 0 0 756 154 21 12 6 1 1 1 0 1 0 0 0
438 83 3 6 2 0 0 0 0 0 0 0 0 794 162 21 13 7 1 1 1 0 1 0 0 0
595 95 11 10 6 0 0 0 0 0 0 0 0 800 168 22 13 7 1 1 1 0 1 0 0 0
610 101 12 10 6 0 0 0 0 0 0 0 0 804 175 22 13 7 1 2 1 0 1 0 0 0
623 107 12 10 6 0 0 0 0 0 0 0 0 809 179 22 13 7 1 2 1 0 1 0 0 0
651 123 12 11 6 0 0 0 0 0 0 0 0 849 195 22 13 7 1 2 1 1 1 0 0 0
667 132 13 11 6 0 1 0 0 0 0 0 0 854 212 22 14 7 1 2 2 1 1 0 0 0
673 136 13 11 6 0 1 0 0 0 0 0 0 897 216 22 14 7 1 2 2 1 1 0 0 0
687 141 13 11 6 0 1 0 0 0 0 0 0 942 223 22 15 7 1 2 2 1 1 0 0 0
693 150 14 12 6 0 1 1 0 0 0 0 0 946 227 22 15 7 1 2 2 1 1 0 0 0
705 158 14 12 6 0 1 1 0 0 0 0 0 951 236 22 16 7 1 2 2 1 1 0 0 0
710 163 14 12 6 0 1 1 0 0 0 0 0 993 244 22 16 7 2 2 2 1 1 0 0 0
729 169 14 12 6 0 1 1 0 0 0 0 0 1018 251 22 16 7 2 2 2 1 1 0 0 0
749 174 14 12 6 0 1 1 0 0 0 0 0 1089 264 22 18 7 2 3 2 1 1 0 0 0
753 183 14 12 6 0 1 1 0 0 0 0 0 1094 269 22 18 7 2 3 2 1 1 0 0 0
768 191 14 12 6 0 1 1 0 0 0 0 0 1122 275 22 19 7 2 3 2 1 1 0 0 0
784 199 14 12 6 0 1 1 0 0 0 0 0 1145 282 22 20 7 2 3 2 1 1 0 0 0
798 207 14 13 6 0 1 1 0 0 0 0 0 1174 327 22 23 8 2 3 2 1 1 0 0 0
833 215 14 14 6 0 1 1 0 0 0 0 0 1180 339 22 23 8 2 3 2 1 1 0 0 0
850 227 14 14 6 0 1 1 0 0 0 0 0 1184 343 22 23 8 2 3 2 1 1 0 0 0
861 232 14 14 6 0 1 1 0 0 0 0 0 1215 356 22 23 8 2 3 2 1 2 0 0 0
866 240 14 15 6 0 1 1 0 0 0 0 0 1227 367 22 23 8 2 3 2 1 2 0 0 0
893 248 14 15 6 0 1 1 0 0 0 0 0 1251 372 22 23 8 2 3 2 1 2 0 0 0
914 254 14 16 6 0 1 1 0 0 0 0 0 1256 379 22 23 8 2 3 2 1 2 0 0 0
937 262 14 16 6 0 1 1 0 0 0 0 0 1260 387 22 23 8 2 3 2 1 2 0 0 0
942 267 14 16 6 0 1 1 0 0 0 0 0 1281 395 22 24 8 2 3 2 1 2 0 0 0
989 273 14 16 6 0 1 1 0 0 0 0 0 1284 400 22 25 8 2 3 2 1 2 0 0 0
1002 287 14 17 6 0 1 1 0 0 0 0 0 1287 403 22 25 8 2 3 2 1 2 0 0 0
1019 297 14 18 6 0 1 1 0 0 0 0 0 1429 410 22 31 8 2 3 2 1 2 1 0 0
1044 307 14 18 6 0 1 1 0 0 0 0 0 1432 413 22 31 8 2 3 2 1 2 1 0 0
1070 312 14 18 6 0 1 1 0 0 0 0 0 1438 416 22 31 8 2 4 2 1 2 1 0 0
1074 320 14 19 6 0 2 1 0 0 0 0 0 1457 421 22 31 8 2 4 2 1 2 1 0 0
