# scores for worst/random/best/smart move selector strategies. 
# scores are 50% and 95% quantiles (based on 40 games) of: 
# game score, #destroyed, #unlocked, #stripes, #bombs, #zappers
3 3 0 0 0 0 0 0 0 0 0 0 0 13 13 0 0 0 0 0 0 0 0 0 0 0
6 6 0 0 0 0 0 0 0 0 0 0 0 19 19 0 0 0 0 0 0 0 0 0 0 0
9 9 0 0 0 0 0 0 0 0 0 0 0 21 21 0 0 0 0 0 0 0 0 0 0 0
12 12 0 0 0 0 0 0 0 0 0 0 0 41 27 1 0 0 0 0 0 0 0 0 0 0
15 15 0 0 0 0 0 0 0 0 0 0 0 498 72 12 9 4 0 0 0 0 0 0 0 0
17 17 0 0 0 0 0 0 0 0 0 0 0 501 75 12 9 4 0 0 0 0 0 0 0 0
21 21 0 0 0 0 0 0 0 0 0 0 0 504 80 12 9 4 0 0 0 0 0 0 0 0
24 24 0 0 0 0 0 0 0 0 0 0 0 594 94 15 10 6 0 1 0 0 0 0 0 0
26 26 0 0 0 0 0 0 0 0 0 0 0 616 105 15 10 6 0 1 1 0 0 0 0 0
30 30 0 0 0 0 0 0 0 0 0 0 0 621 109 15 10 6 0 1 1 0 0 0 0 0
33 33 0 0 0 0 0 0 0 0 0 0 0 671 118 16 11 6 0 1 1 0 0 0 0 0
40 36 0 0 0 0 0 0 0 0 0 0 0 675 123 16 11 6 0 1 1 0 0 0 0 0
61 40 0 0 0 0 0 0 0 0 0 0 0 681 131 17 11 6 0 1 1 0 0 0 0 0
76 42 0 1 0 0 0 0 0 0 0 0 0 700 134 17 11 6 0 1 1 0 0 0 0 0
135 50 2 2 0 0 0 0 0 0 0 0 0 705 137 18 11 6 0 1 1 0 0 0 0 0
245 60 3 3 1 0 0 0 0 0 0 0 0 710 149 19 12 6 0 1 1 0 0 0 0 0
284 83 3 5 1 0 0 0 0 0 0 0 0 714 154 19 12 7 0 1 1 0 0 0 0 0
502 110 6 8 3 0 0 0 0 0 0 0 0 717 157 19 12 7 0 1 1 0 0 0 0 0
611 113 11 10 6 0 0 0 0 0 0 0 0 723 164 19 12 7 0 1 1 0 0 0 0 0
621 119 11 10 6 0 0 0 0 0 0 0 0 729 167 19 12 7 0 1 1 0 0 0 0 0
624 124 11 10 6 0 0 0 0 0 0 0 0 734 172 19 12 7 0 1 1 0 0 0 0 0
634 131 11 10 6 0 0 0 0 0 0 0 0 737 175 19 13 7 0 1 1 0 0 0 0 0
646 137 13 10 6 0 0 0 0 0 0 0 0 740 178 19 13 7 0 1 1 0 0 0 0 0
657 140 13 10 6 0 0 0 0 0 0 0 0 770 181 19 13 7 1 1 1 1 0 0 0 0
661 144 13 10 6 0 0 0 0 0 0 0 0 773 189 19 13 7 1 1 1 1 0 0 0 0
665 147 13 10 6 0 0 0 0 0 0 0 0 819 194 19 13 7 1 1 1 1 0 0 0 0
668 152 13 10 6 0 0 0 0 0 0 0 0 825 206 19 13 7 1 1 1 1 0 0 0 0
682 160 13 10 6 0 0 0 0 0 0 0 0 828 209 19 13 7 1 1 1 1 0 0 0 0
699 165 13 11 6 0 0 0 0 0 0 0 0 835 212 19 13 7 1 1 1 1 0 0 0 0
702 169 13 11 6 0 0 0 0 0 0 0 0 840 218 19 13 7 1 1 1 1 0 0 0 0
710 173 13 11 6 0 0 0 0 0 0 0 0 844 221 19 13 7 1 1 1 1 0 0 0 0
718 176 13 11 6 0 0 0 0 0 0 0 0 847 224 19 13 7 1 1 1 1 0 0 0 0
725 180 13 11 6 0 0 0 0 0 0 0 0 860 227 19 14 7 1 1 1 1 0 0 0 0
736 186 13 12 6 0 0 0 0 0 0 0 0 867 237 19 14 7 1 1 1 1 1 0 0 0
750 192 13 12 6 0 0 0 0 0 0 0 0 875 251 19 15 7 1 1 1 1 1 0 0 0
759 199 13 12 6 0 0 0 0 0 0 0 0 906 254 19 15 7 1 1 1 1 1 0 0 0
767 206 13 12 6 0 0 0 0 0 0 0 0 909 259 19 15 7 1 1 1 1 1 0 0 0
776 211 13 12 6 0 0 0 0 0 0 0 0 912 268 19 15 7 1 1 1 1 1 0 0 0
779 216 13 12 6 0 0 0 0 0 0 0 0 922 271 19 15 7 1 1 1 1 1 0 0 0
795 222 13 12 6 0 0 0 0 0 0 0 0 931 277 19 15 7 1 1 1 1 1 0 0 0
801 227 13 12 6 0 1 0 0 0 0 0 0 949 283 19 15 7 1 1 1 1 1 0 0 0
