# scores for worst/random/best/smart move selector strategies. 
# scores are 50% and 95% quantiles (based on 40 games) of: 
# game score, #destroyed, #unlocked, #stripes, #bombs, #zappers
3 3 0 0 0 0 0 0 0 0 0 0 0 13 13 0 0 0 0 0 0 0 0 0 0 0
8 8 0 0 0 0 0 0 0 0 0 0 0 374 55 7 5 3 0 0 0 0 0 0 0 0
14 13 0 0 0 0 0 0 0 0 0 0 0 610 92 22 10 6 0 1 1 0 0 0 0 0
26 22 0 0 0 0 0 0 0 0 0 0 0 662 105 23 11 7 0 1 1 0 0 0 0 0
89 34 3 2 0 0 0 0 0 0 0 0 0 695 119 23 12 7 0 1 1 0 0 0 0 0
565 89 12 10 6 0 0 0 0 0 0 0 0 767 146 23 13 7 0 1 1 0 0 0 0 0
608 101 15 10 6 0 0 0 0 0 0 0 0 777 151 23 13 7 1 1 1 0 1 0 0 0
641 112 15 10 6 0 0 0 0 0 0 0 0 819 164 23 13 7 1 1 1 0 1 0 0 0
676 126 16 11 6 0 0 1 0 0 0 0 0 847 179 23 13 7 1 1 1 0 1 0 0 0
721 134 17 12 6 0 0 1 0 0 0 0 0 907 199 23 15 7 2 1 2 0 2 0 0 0
757 149 17 12 6 0 0 1 0 0 0 0 0 928 205 23 15 7 2 1 2 0 2 0 0 0
767 156 17 12 6 0 0 1 0 0 0 0 0 942 224 23 15 7 2 1 2 0 2 0 0 0
805 184 17 13 7 0 1 1 0 0 0 0 0 1014 248 23 15 8 2 2 2 1 2 0 0 0
837 194 17 13 7 1 1 1 0 1 0 0 0 1043 256 23 16 9 2 2 2 1 2 0 0 0
867 205 17 13 7 1 1 1 0 1 0 0 0 1122 262 23 17 9 2 2 2 1 2 0 0 0
876 211 17 13 7 1 1 1 0 1 0 0 0 1129 273 23 17 9 2 2 2 1 2 0 0 0
898 228 17 14 7 1 1 1 0 1 0 0 0 1184 296 23 21 9 3 2 2 1 3 0 0 0
924 238 17 14 7 1 1 1 0 1 0 0 0 1268 318 23 25 9 3 2 2 1 3 1 0 0
955 252 17 15 7 1 1 1 0 1 0 0 0 1277 329 23 25 9 3 2 2 1 3 1 0 0
973 257 17 15 7 1 1 1 0 1 0 0 0 1282 343 23 25 9 3 2 3 1 3 1 0 0
1011 266 17 15 7 2 1 1 0 1 0 0 0 1383 355 23 25 9 3 2 3 1 3 1 0 0
1022 275 18 16 7 2 1 1 0 1 0 0 0 1449 368 23 26 9 3 3 3 1 3 1 0 0
1033 279 18 16 7 2 1 1 0 1 0 0 0 1490 379 23 27 9 3 3 3 1 3 1 0 0
1078 299 18 16 7 2 1 1 0 2 0 0 0 1505 385 23 29 9 3 3 3 1 3 1 0 0
1103 308 18 17 7 2 1 1 0 2 0 0 0 1544 392 23 29 9 3 3 3 1 3 1 0 0
1180 318 18 17 8 2 1 1 0 2 0 0 0 1550 405 23 29 9 3 3 3 1 3 1 0 0
1199 333 18 17 8 2 1 1 0 2 0 0 0 1594 421 23 30 9 4 3 3 1 3 1 0 0
1221 341 18 18 8 2 1 1 0 2 0 0 0 1614 436 23 30 10 4 3 3 1 3 1 0 0
1257 359 18 18 8 2 1 1 0 2 0 0 0 1631 443 23 30 11 4 3 3 1 3 1 0 0
1263 372 18 18 8 2 1 1 0 2 0 0 0 1639 450 23 31 11 4 3 3 1 3 1 0 0
1282 381 18 18 8 2 1 1 0 2 0 0 0 1731 457 23 32 11 4 3 3 1 3 1 0 0
1304 389 18 19 8 2 1 1 0 2 0 0 0 1738 462 23 32 11 4 3 3 1 4 1 0 0
1358 399 18 19 8 2 1 1 0 2 0 0 0 1773 476 23 32 11 4 3 3 1 4 1 0 0
1373 411 18 19 8 2 1 1 0 2 0 0 0 1969 514 23 35 11 5 3 3 1 4 1 0 0
1411 421 18 19 8 2 1 1 0 2 0 0 0 1992 523 23 36 11 5 3 3 1 5 1 0 0
1444 430 18 21 8 3 1 1 0 2 0 0 0 2152 541 23 43 11 5 4 3 1 5 1 0 0
1464 433 18 21 8 3 1 1 0 2 0 0 0 2174 571 23 43 11 6 4 3 1 5 1 0 0
1496 453 18 21 9 3 1 2 0 2 0 0 0 2279 593 23 44 11 6 4 3 1 5 1 0 0
1546 459 18 21 9 3 1 2 0 2 0 0 0 2286 600 23 44 11 6 4 3 1 5 1 0 0
1563 478 18 22 9 3 1 2 0 2 0 0 0 2307 632 23 44 11 6 4 3 1 6 1 0 0
1578 490 18 22 9 3 1 2 0 2 0 0 0 2312 642 23 45 11 7 4 3 1 6 1 0 0
