# scores for worst/random/best/smart move selector strategies. 
# scores are 50% and 95% quantiles (based on 40 games) of: 
# game score, #destroyed, #unlocked, #stripes, #bombs, #zappers
3 3 0 0 0 0 0 0 0 0 0 0 0 13 13 0 0 0 0 0 0 0 0 0 0 0
6 6 0 0 0 0 0 0 0 0 0 0 0 18 18 0 0 0 0 0 0 0 0 0 0 0
9 9 0 0 0 0 0 0 0 0 0 0 0 19 19 0 0 0 0 0 0 0 0 0 0 0
9 9 0 0 0 0 0 0 0 0 0 0 0 20 20 0 0 0 0 0 0 0 0 0 0 0
12 12 0 0 0 0 0 0 0 0 0 0 0 318 47 10 4 3 0 0 0 0 0 0 0 0
12 12 0 0 0 0 0 0 0 0 0 0 0 343 51 12 4 3 0 0 0 0 0 0 0 0
15 15 0 0 0 0 0 0 0 0 0 0 0 403 62 12 4 4 0 0 0 0 0 0 0 0
21 21 0 0 0 0 0 0 0 0 0 0 0 592 85 17 10 6 0 0 0 0 0 0 0 0
21 21 0 0 0 0 0 0 0 0 0 0 0 595 96 17 10 6 0 0 0 0 0 0 0 0
25 25 0 0 0 0 0 0 0 0 0 0 0 626 108 18 11 6 0 0 0 0 0 0 0 0
28 27 0 0 0 0 0 0 0 0 0 0 0 629 111 18 11 6 0 0 0 0 0 0 0 0
36 33 0 0 0 0 0 0 0 0 0 0 0 635 116 18 11 6 0 0 0 0 0 0 0 0
39 37 0 0 0 0 0 0 0 0 0 0 0 639 121 18 11 6 0 0 0 0 0 0 0 0
39 39 0 0 0 0 0 0 0 0 0 0 0 642 134 18 11 6 0 0 0 0 0 0 0 0
43 42 0 0 0 0 0 0 0 0 0 0 0 649 137 18 11 6 0 0 0 0 0 0 0 0
46 45 0 0 0 0 0 0 0 0 0 0 0 652 142 18 11 6 0 0 0 0 0 0 0 0
59 48 0 0 0 0 0 0 0 0 0 0 0 675 147 18 11 6 0 0 0 0 0 0 0 0
72 50 0 1 0 0 0 0 0 0 0 0 0 680 152 18 11 6 0 0 0 0 0 0 0 0
74 51 0 1 0 0 0 0 0 0 0 0 0 685 156 18 11 6 0 0 0 0 0 0 0 0
97 58 1 1 0 0 0 0 0 0 0 0 0 696 159 18 11 7 0 0 0 0 0 0 0 0
102 61 1 1 0 0 0 0 0 0 0 0 0 714 162 18 12 7 0 0 0 0 0 0 0 0
249 88 5 4 1 0 0 0 0 0 0 0 0 717 177 18 12 7 0 0 0 0 0 0 0 0
410 105 8 5 3 0 0 0 0 0 0 0 0 720 180 18 12 7 0 0 0 0 0 0 0 0
500 112 11 6 4 0 0 0 0 0 0 0 0 724 183 18 12 7 0 0 0 0 0 0 0 0
617 119 11 9 6 0 0 0 0 0 0 0 0 752 186 18 12 7 0 0 0 0 0 0 0 0
622 123 12 10 6 0 0 0 0 0 0 0 0 757 189 18 12 7 0 0 0 0 0 0 0 0
627 129 12 10 6 0 0 0 0 0 0 0 0 760 192 18 12 7 0 0 0 0 0 0 0 0
631 132 12 10 6 0 0 0 0 0 0 0 0 773 197 18 12 7 0 0 0 0 0 0 0 0
638 140 13 10 6 0 0 0 0 0 0 0 0 776 202 18 12 8 0 0 0 0 0 0 0 0
641 143 13 10 6 0 0 0 0 0 0 0 0 779 205 18 12 8 0 0 0 0 0 0 0 0
646 148 13 10 6 0 0 0 0 0 0 0 0 782 208 18 12 8 0 0 0 0 0 0 0 0
649 152 13 10 6 0 0 0 0 0 0 0 0 785 211 18 12 8 0 0 0 0 0 0 0 0
655 158 13 10 6 0 0 0 0 0 0 0 0 790 214 18 12 8 0 0 0 0 0 0 0 0
662 164 13 10 6 0 0 0 0 0 0 0 0 795 221 18 12 8 0 0 0 0 0 0 0 0
669 170 13 10 6 0 0 0 0 0 0 0 0 800 228 18 12 8 0 0 0 0 0 0 0 0
673 173 13 10 6 0 0 0 0 0 0 0 0 803 233 18 12 8 0 0 0 0 0 0 0 0
680 176 13 10 6 0 0 0 0 0 0 0 0 806 236 18 12 8 0 0 0 0 0 0 0 0
685 181 13 10 6 0 0 0 0 0 0 0 0 809 239 18 12 8 0 0 0 0 0 0 0 0
690 184 13 10 6 0 0 0 0 0 0 0 0 841 243 18 12 8 0 0 0 0 0 0 0 0
693 188 13 10 6 0 0 0 0 0 0 0 0 845 246 18 12 8 0 0 0 0 0 0 0 0
699 196 13 10 6 0 0 0 0 0 0 0 0 858 255 18 12 8 0 0 0 0 0 0 0 0
