# scores for worst/random/best/smart move selector strategies. 
# scores are 50% and 95% quantiles (based on 40 games) of: 
# game score, #destroyed, #unlocked, #stripes, #bombs, #zappers
0 0 0 0 0 0 0 0 0 0 0 0 0 12 12 0 0 0 0 0 0 0 0 0 0 0
6 6 0 0 0 0 0 0 0 0 0 0 0 19 19 0 0 0 0 0 0 0 0 0 0 0
12 12 0 0 0 0 0 0 0 0 0 0 0 24 22 0 0 0 0 0 0 0 0 0 0 0
15 15 0 0 0 0 0 0 0 0 0 0 0 27 27 0 0 0 0 0 0 0 0 0 0 0
20 20 0 0 0 0 0 0 0 0 0 0 0 33 32 0 0 0 0 0 0 0 0 0 0 0
24 24 0 0 0 0 0 0 0 0 0 0 0 51 37 0 0 0 0 0 0 0 0 0 0 0
28 28 0 0 0 0 0 0 0 0 0 0 0 68 41 2 1 0 0 0 0 0 0 0 0 0
35 35 0 0 0 0 0 0 0 0 0 0 0 75 47 2 1 0 0 0 0 0 0 0 0 0
39 39 0 0 0 0 0 0 0 0 0 0 0 101 52 3 1 0 0 0 0 0 0 0 0 0
45 44 0 0 0 0 0 0 0 0 0 0 0 108 58 3 1 0 0 0 0 0 0 0 0 0
51 49 0 0 0 0 0 0 0 0 0 0 0 133 67 5 2 0 0 1 0 0 0 0 0 0
56 54 0 0 0 0 0 0 0 0 0 0 0 138 77 6 2 0 0 1 0 0 0 0 0 0
67 57 0 0 0 0 0 0 0 0 0 0 0 189 87 6 3 0 0 1 0 0 0 0 0 0
74 64 0 0 0 0 0 0 0 0 0 0 0 192 90 6 3 0 0 1 0 0 0 0 0 0
83 68 0 1 0 0 0 0 0 0 0 0 0 197 94 11 3 0 0 1 0 0 0 0 0 0
91 72 0 1 0 0 0 0 0 0 0 0 0 201 99 11 3 1 0 1 0 0 0 0 0 0
99 78 1 1 0 0 0 0 0 0 0 0 0 234 107 11 3 1 0 1 0 0 0 0 0 0
107 83 1 1 0 0 0 0 0 0 0 0 0 240 113 11 4 1 0 1 0 0 0 0 0 0
114 87 2 1 0 0 0 0 0 0 0 0 0 268 119 11 4 1 0 1 0 0 0 0 0 0
119 96 2 1 0 0 0 0 0 0 0 0 0 274 134 11 5 1 0 1 0 0 0 0 0 0
129 101 2 1 0 0 0 0 0 0 0 0 0 299 143 12 5 1 0 1 0 0 0 0 0 0
139 106 2 1 0 0 0 0 0 0 0 0 0 328 150 16 6 1 1 1 0 0 0 0 0 0
147 109 2 1 0 0 0 0 0 0 0 0 0 344 157 16 6 1 1 1 0 0 1 0 0 0
162 116 2 1 0 0 0 0 0 0 0 0 0 348 160 16 6 1 1 1 0 0 1 0 0 0
168 120 3 1 0 0 0 0 0 0 0 0 0 352 168 16 6 1 1 1 0 0 1 0 0 0
174 124 3 1 0 0 0 0 0 0 0 0 0 357 181 17 6 1 1 1 0 0 1 0 0 0
184 131 3 2 0 0 0 0 0 0 0 0 0 364 189 17 6 1 1 1 0 0 1 0 0 0
200 136 3 2 0 0 0 0 0 0 0 0 0 400 195 17 6 1 1 1 0 0 1 0 0 0
207 143 3 2 0 0 0 0 0 0 0 0 0 411 206 17 6 1 1 1 0 0 1 0 0 0
212 147 3 2 0 0 0 0 0 0 0 0 0 423 212 17 6 1 1 1 0 0 1 0 0 0
215 151 3 2 0 0 0 0 0 0 0 0 0 429 220 17 6 2 1 1 1 0 1 0 0 0
236 161 4 2 0 0 0 0 0 0 0 0 0 455 222 17 6 2 1 1 1 0 1 0 0 0
240 165 4 3 0 0 0 0 0 0 0 0 0 511 247 17 7 2 2 2 1 0 2 0 0 0
247 174 4 3 0 0 0 0 0 0 0 0 0 551 254 17 7 2 2 2 1 0 2 0 0 0
266 180 4 3 0 0 0 0 0 0 0 0 0 597 264 17 8 2 2 2 1 0 2 0 0 0
293 184 4 4 0 0 0 0 0 0 0 0 0 604 279 20 8 2 2 2 1 0 2 0 0 0
300 187 4 4 0 0 0 0 0 0 0 0 0 609 282 21 9 2 2 2 1 0 2 0 0 0
319 193 5 4 0 0 0 0 0 0 0 0 0 640 289 21 12 2 2 2 1 0 2 1 0 0
332 202 6 5 0 0 0 0 0 0 0 0 0 671 296 21 12 3 2 2 1 0 2 1 0 0
383 210 6 5 0 0 0 0 0 0 0 0 0 727 310 22 12 3 2 2 1 0 2 1 0 0
391 215 6 5 0 0 0 0 0 0 0 0 0 781 322 22 12 3 3 2 1 0 2 1 0 0
