# scores for worst/random/best/smart move selector strategies. 
# scores are 50% and 95% quantiles (based on 40 games) of: 
# game score, #destroyed, #unlocked, #stripes, #bombs, #zappers
0 0 0 0 0 0 0 0 0 0 0 0 0 12 12 0 0 0 0 0 0 0 0 0 0 0
6 6 0 0 0 0 0 0 0 0 0 0 0 15 15 0 0 0 0 0 0 0 0 0 0 0
11 11 0 0 0 0 0 0 0 0 0 0 0 20 20 0 0 0 0 0 0 0 0 0 0 0
15 15 0 0 0 0 0 0 0 0 0 0 0 28 26 0 0 0 0 0 0 0 0 0 0 0
19 19 0 0 0 0 0 0 0 0 0 0 0 45 30 0 0 0 0 0 0 0 0 0 0 0
24 24 0 0 0 0 0 0 0 0 0 0 0 55 34 1 1 0 0 0 0 0 0 0 0 0
30 30 0 0 0 0 0 0 0 0 0 0 0 66 38 2 1 0 0 0 0 0 0 0 0 0
33 33 0 0 0 0 0 0 0 0 0 0 0 72 46 2 1 0 0 0 0 0 0 0 0 0
38 37 0 0 0 0 0 0 0 0 0 0 0 75 55 2 1 0 0 0 0 0 0 0 0 0
42 42 0 0 0 0 0 0 0 0 0 0 0 79 59 2 1 0 0 0 0 0 0 0 0 0
48 46 0 0 0 0 0 0 0 0 0 0 0 90 65 2 1 0 0 0 0 0 0 0 0 0
51 51 0 0 0 0 0 0 0 0 0 0 0 99 69 3 1 0 0 0 0 0 0 0 0 0
54 54 0 0 0 0 0 0 0 0 0 0 0 111 78 3 1 0 0 0 0 0 0 0 0 0
64 60 0 0 0 0 0 0 0 0 0 0 0 124 81 4 2 0 0 0 0 0 0 0 0 0
68 63 0 0 0 0 0 0 0 0 0 0 0 127 86 4 2 0 0 0 0 0 0 0 0 0
72 66 0 0 0 0 0 0 0 0 0 0 0 130 93 4 2 0 0 0 0 0 0 0 0 0
81 72 0 0 0 0 0 0 0 0 0 0 0 133 96 5 2 0 0 0 0 0 0 0 0 0
87 75 0 0 0 0 0 0 0 0 0 0 0 136 100 5 2 0 0 0 0 0 0 0 0 0
96 82 0 0 0 0 0 0 0 0 0 0 0 148 105 5 2 0 0 0 0 0 0 0 0 0
107 86 0 0 0 0 0 0 0 0 0 0 0 161 113 5 2 0 0 0 0 0 0 0 0 0
113 91 0 0 0 0 0 0 0 0 0 0 0 164 117 5 2 0 0 0 0 0 0 0 0 0
117 94 1 1 0 0 0 0 0 0 0 0 0 171 120 5 2 0 0 0 0 0 0 0 0 0
126 102 1 1 0 0 0 0 0 0 0 0 0 176 124 5 2 1 0 0 0 0 0 0 0 0
135 105 1 1 0 0 0 0 0 0 0 0 0 179 131 5 2 1 0 0 0 0 0 0 0 0
139 110 1 1 0 0 0 0 0 0 0 0 0 204 137 5 2 1 0 0 0 0 0 0 0 0
142 113 1 1 0 0 0 0 0 0 0 0 0 230 144 6 3 1 0 0 0 0 0 0 0 0
145 116 1 1 0 0 0 0 0 0 0 0 0 239 155 6 3 1 0 0 0 0 0 0 0 0
150 122 1 1 0 0 0 0 0 0 0 0 0 242 158 6 3 1 0 0 0 0 0 0 0 0
160 128 1 1 0 0 0 0 0 0 0 0 0 246 161 6 3 1 0 0 0 0 0 0 0 0
166 131 1 1 0 0 0 0 0 0 0 0 0 265 172 6 4 1 0 0 0 0 0 0 0 0
172 135 1 1 0 0 0 0 0 0 0 0 0 278 182 7 4 1 0 0 0 0 0 0 0 0
178 140 1 1 0 0 0 0 0 0 0 0 0 303 198 8 4 1 0 0 0 0 0 0 0 0
186 145 1 1 0 0 0 0 0 0 0 0 0 317 203 8 4 1 0 0 0 0 0 0 0 0
196 150 2 1 0 0 0 0 0 0 0 0 0 348 212 8 4 1 0 0 0 0 0 0 0 0
205 156 2 1 0 0 0 0 0 0 0 0 0 351 215 8 4 1 0 0 0 0 0 0 0 0
216 160 2 1 0 0 0 0 0 0 0 0 0 355 220 8 4 1 0 0 0 0 0 0 0 0
220 165 2 1 0 0 0 0 0 0 0 0 0 387 229 8 4 1 0 0 0 0 0 0 0 0
232 169 2 1 0 0 0 0 0 0 0 0 0 402 232 8 4 2 0 0 0 0 0 0 0 0
236 175 2 1 0 0 0 0 0 0 0 0 0 407 240 8 4 2 0 0 0 0 0 0 0 0
246 181 2 2 0 0 0 0 0 0 0 0 0 412 244 8 4 2 0 0 0 0 0 0 0 0
254 184 2 2 0 0 0 0 0 0 0 0 0 419 251 8 4 2 0 0 0 0 0 0 0 0
