# scores for worst/random/best/smart move selector strategies. 
# scores are 50% and 95% quantiles (based on 40 games) of: 
# game score, #destroyed, #unlocked, #stripes, #bombs, #zappers
0 0 0 0 0 0 0 0 0 0 0 0 0 12 12 0 0 0 0 0 0 0 0 0 0 0
6 6 0 0 0 0 0 0 0 0 0 0 0 19 19 0 0 0 0 0 0 0 0 0 0 0
12 12 0 0 0 0 0 0 0 0 0 0 0 22 22 0 0 0 0 0 0 0 0 0 0 0
15 15 0 0 0 0 0 0 0 0 0 0 0 27 27 0 0 0 0 0 0 0 0 0 0 0
21 21 0 0 0 0 0 0 0 0 0 0 0 33 33 0 0 0 0 0 0 0 0 0 0 0
24 24 0 0 0 0 0 0 0 0 0 0 0 54 36 1 1 0 0 0 0 0 0 0 0 0
30 30 0 0 0 0 0 0 0 0 0 0 0 65 41 2 1 0 0 0 0 0 0 0 0 0
36 34 0 0 0 0 0 0 0 0 0 0 0 69 46 2 1 0 0 0 0 0 0 0 0 0
39 39 0 0 0 0 0 0 0 0 0 0 0 78 55 2 1 0 0 0 0 0 0 0 0 0
48 42 0 0 0 0 0 0 0 0 0 0 0 91 61 3 1 0 0 0 0 0 0 0 0 0
54 48 0 0 0 0 0 0 0 0 0 0 0 96 66 3 1 0 0 0 0 0 0 0 0 0
59 52 0 0 0 0 0 0 0 0 0 0 0 132 71 3 2 0 0 0 0 0 0 0 0 0
66 58 0 0 0 0 0 0 0 0 0 0 0 146 74 3 2 1 0 0 0 0 0 0 0 0
71 63 0 0 0 0 0 0 0 0 0 0 0 150 79 3 2 1 0 0 0 0 0 0 0 0
79 67 0 0 0 0 0 0 0 0 0 0 0 168 89 4 3 1 0 0 0 0 0 0 0 0
99 72 0 0 0 0 0 0 0 0 0 0 0 189 99 5 3 1 1 0 0 0 1 0 0 0
105 76 1 1 0 0 0 0 0 0 0 0 0 223 102 5 3 1 1 0 0 0 1 0 0 0
109 80 1 1 0 0 0 0 0 0 0 0 0 240 115 5 3 1 1 0 0 0 1 0 0 0
115 87 1 1 0 0 0 0 0 0 0 0 0 251 120 17 3 1 1 0 0 0 1 0 0 0
122 95 2 1 0 0 0 0 0 0 0 0 0 295 125 20 5 1 1 0 0 0 1 0 0 0
146 100 2 1 0 0 0 0 0 0 0 0 0 345 143 21 6 1 1 0 1 0 1 0 0 0
166 107 2 1 0 0 0 0 0 0 0 0 0 359 153 22 6 2 1 0 1 0 1 0 0 0
174 114 3 1 0 0 0 0 0 0 0 0 0 403 177 22 7 2 1 0 1 0 1 0 0 0
192 120 3 1 0 0 0 0 0 0 0 0 0 434 189 22 8 2 1 0 1 1 1 0 0 0
216 130 3 1 0 0 0 0 0 0 0 0 0 465 196 24 8 2 1 1 1 1 1 0 0 0
225 136 3 2 0 0 0 0 0 0 0 0 0 503 203 24 8 2 1 1 1 1 1 0 0 0
237 142 4 2 0 0 0 0 0 0 0 0 0 508 209 24 8 2 2 1 1 1 1 0 0 0
272 147 5 2 0 0 0 0 0 0 0 0 0 517 216 24 8 2 2 1 1 1 1 0 0 0
284 153 6 3 1 0 0 0 0 0 0 0 0 557 232 24 8 2 2 1 1 1 2 0 0 0
302 169 6 3 1 0 0 0 0 0 0 0 0 609 248 24 12 2 2 1 1 1 2 1 0 0
318 179 7 4 1 0 0 0 0 0 0 0 0 617 252 24 12 2 2 1 1 1 2 1 0 0
356 185 7 4 1 0 0 0 0 0 0 0 0 669 263 24 12 2 2 1 1 1 2 1 0 0
374 195 7 5 1 0 0 0 0 0 0 0 0 698 270 26 12 3 2 1 1 1 2 1 0 0
382 202 8 5 1 0 0 0 0 0 0 0 0 721 281 26 12 3 2 2 1 1 2 1 0 0
403 209 9 5 1 0 0 0 0 0 0 0 0 726 293 26 13 3 2 2 1 1 2 1 0 0
420 224 10 5 1 0 0 0 0 0 0 0 0 764 333 26 16 3 3 2 1 1 2 1 0 0
434 235 10 5 1 0 0 0 0 0 0 0 0 794 346 27 17 4 3 2 1 1 2 1 0 0
450 244 10 6 1 0 0 0 0 0 0 0 0 816 358 27 17 4 3 2 1 1 2 1 0 0
478 254 11 6 1 0 1 0 0 0 0 0 0 822 369 27 17 4 3 2 1 1 2 1 0 0
484 259 11 6 2 0 1 0 0 0 0 0 0 878 377 27 17 4 3 2 1 1 3 1 0 0
511 267 11 7 2 0 1 0 0 0 0 0 0 901 389 27 18 4 3 2 1 1 3 1 0 0
