# scores for worst/random/best/smart move selector strategies. 
# scores are 50% and 95% quantiles (based on 40 games) of: 
# game score, #destroyed, #unlocked, #stripes, #bombs, #zappers
0 0 0 0 0 0 0 0 0 0 0 0 0 12 12 0 0 0 0 0 0 0 0 0 0 0
6 6 0 0 0 0 0 0 0 0 0 0 0 19 19 0 0 0 0 0 0 0 0 0 0 0
12 12 0 0 0 0 0 0 0 0 0 0 0 22 22 0 0 0 0 0 0 0 0 0 0 0
15 15 0 0 0 0 0 0 0 0 0 0 0 27 27 0 0 0 0 0 0 0 0 0 0 0
21 21 0 0 0 0 0 0 0 0 0 0 0 33 33 0 0 0 0 0 0 0 0 0 0 0
24 24 0 0 0 0 0 0 0 0 0 0 0 55 39 0 0 0 0 0 0 0 0 0 0 0
27 27 0 0 0 0 0 0 0 0 0 0 0 59 43 0 0 0 0 0 0 0 0 0 0 0
33 33 0 0 0 0 0 0 0 0 0 0 0 62 46 0 0 0 0 0 0 0 0 0 0 0
36 36 0 0 0 0 0 0 0 0 0 0 0 66 50 0 0 0 0 0 0 0 0 0 0 0
42 40 0 0 0 0 0 0 0 0 0 0 0 73 56 1 1 0 0 0 0 0 0 0 0 0
45 45 0 0 0 0 0 0 0 0 0 0 0 77 60 1 1 0 0 0 0 0 0 0 0 0
51 51 0 0 0 0 0 0 0 0 0 0 0 80 67 1 1 0 0 0 0 0 0 0 0 0
57 56 0 0 0 0 0 0 0 0 0 0 0 99 71 1 1 0 0 0 0 0 0 0 0 0
60 60 0 0 0 0 0 0 0 0 0 0 0 105 75 1 1 0 0 0 0 0 0 0 0 0
64 63 0 0 0 0 0 0 0 0 0 0 0 108 82 2 1 0 0 0 0 0 0 0 0 0
69 68 0 0 0 0 0 0 0 0 0 0 0 114 89 2 1 0 0 0 0 0 0 0 0 0
73 72 0 0 0 0 0 0 0 0 0 0 0 124 95 2 1 0 0 0 0 0 0 0 0 0
78 77 0 0 0 0 0 0 0 0 0 0 0 131 98 2 1 0 0 0 0 0 0 0 0 0
81 81 0 0 0 0 0 0 0 0 0 0 0 134 106 3 1 0 0 0 0 0 0 0 0 0
84 84 0 0 0 0 0 0 0 0 0 0 0 140 109 3 1 0 0 0 0 0 0 0 0 0
88 87 0 0 0 0 0 0 0 0 0 0 0 153 115 3 1 0 0 0 0 0 0 0 0 0
92 91 0 0 0 0 0 0 0 0 0 0 0 165 124 4 2 0 0 0 0 0 0 0 0 0
96 95 0 0 0 0 0 0 0 0 0 0 0 169 129 4 2 0 0 0 0 0 0 0 0 0
100 99 0 0 0 0 0 0 0 0 0 0 0 172 132 4 2 0 0 0 0 0 0 0 0 0
105 105 0 0 0 0 0 0 0 0 0 0 0 180 137 4 2 0 0 0 0 0 0 0 0 0
109 108 0 0 0 0 0 0 0 0 0 0 0 201 148 4 2 0 0 0 0 0 0 0 0 0
112 112 0 0 0 0 0 0 0 0 0 0 0 213 156 4 2 0 0 0 0 0 0 0 0 0
117 115 0 0 0 0 0 0 0 0 0 0 0 222 162 4 2 0 0 0 0 0 0 0 0 0
125 120 0 0 0 0 0 0 0 0 0 0 0 225 165 4 2 0 0 0 0 0 0 0 0 0
133 123 0 0 0 0 0 0 0 0 0 0 0 228 168 4 2 0 0 0 0 0 0 0 0 0
138 127 0 0 0 0 0 0 0 0 0 0 0 233 173 4 2 1 0 0 0 0 0 0 0 0
142 132 0 0 0 0 0 0 0 0 0 0 0 239 176 4 2 1 0 0 0 0 0 0 0 0
151 136 0 0 0 0 0 0 0 0 0 0 0 244 179 4 2 1 0 0 0 0 0 0 0 0
154 141 0 0 0 0 0 0 0 0 0 0 0 252 182 4 2 1 0 0 0 0 0 0 0 0
164 147 0 0 0 0 0 0 0 0 0 0 0 263 191 4 2 1 0 0 0 0 0 0 0 0
167 150 0 0 0 0 0 0 0 0 0 0 0 267 194 4 2 1 0 0 0 0 0 0 0 0
171 154 0 0 0 0 0 0 0 0 0 0 0 272 197 4 2 1 0 0 0 0 0 0 0 0
178 159 0 0 0 0 0 0 0 0 0 0 0 275 201 4 2 1 0 0 0 0 0 0 0 0
181 162 0 0 0 0 0 0 0 0 0 0 0 278 206 4 2 1 0 0 0 0 0 0 0 0
184 166 0 0 0 0 0 0 0 0 0 0 0 290 212 4 2 1 0 0 0 0 0 0 0 0
192 172 0 0 0 0 0 0 0 0 0 0 0 295 219 4 2 1 0 0 0 0 0 0 0 0
