# scores for worst/random/best/smart move selector strategies. 
# scores are 50% and 95% quantiles (based on 40 games) of: 
# game score, #destroyed, #unlocked, #stripes, #bombs, #zappers
0 0 0 0 0 0 0 0 0 0 0 0 0 8 8 0 0 0 0 0 0 0 0 0 0 0
6 6 0 0 0 0 0 0 0 0 0 0 0 13 13 0 0 0 0 0 0 0 0 0 0 0
9 9 0 0 0 0 0 0 0 0 0 0 0 17 17 0 0 0 0 0 0 0 0 0 0 0
13 13 0 0 0 0 0 0 0 0 0 0 0 21 21 0 0 0 0 0 0 0 0 0 0 0
18 18 0 0 0 0 0 0 0 0 0 0 0 41 28 0 0 0 0 0 0 0 0 0 0 0
24 24 0 0 0 0 0 0 0 0 0 0 0 62 37 0 1 0 0 0 0 0 0 0 0 0
29 28 0 0 0 0 0 0 0 0 0 0 0 89 48 0 1 0 0 0 0 0 0 0 0 0
34 33 0 0 0 0 0 0 0 0 0 0 0 92 52 0 1 0 0 0 0 0 0 0 0 0
38 37 0 0 0 0 0 0 0 0 0 0 0 124 56 0 1 0 0 0 0 0 0 0 0 0
45 43 0 0 0 0 0 0 0 0 0 0 0 155 61 0 2 1 0 0 0 0 0 0 0 0
49 46 0 0 0 0 0 0 0 0 0 0 0 168 66 0 2 1 0 0 0 0 0 0 0 0
56 51 0 0 0 0 0 0 0 0 0 0 0 183 70 0 2 1 0 0 0 0 0 0 0 0
62 56 0 0 0 0 0 0 0 0 0 0 0 190 79 0 2 1 1 0 0 0 0 0 0 0
76 62 0 0 0 0 0 0 0 0 0 0 0 203 87 0 2 1 1 0 0 0 0 0 0 0
85 66 0 1 0 0 0 0 0 0 0 0 0 218 92 0 4 1 1 0 0 0 0 0 0 0
94 72 0 1 0 0 0 0 0 0 0 0 0 258 101 1 4 1 1 0 0 0 1 0 0 0
102 77 0 1 0 0 0 0 0 0 0 0 0 267 111 1 4 1 1 0 0 0 1 0 0 0
107 81 0 1 0 0 0 0 0 0 0 0 0 293 118 1 4 1 1 1 0 0 1 0 0 0
113 84 0 1 0 0 0 0 0 0 0 0 0 309 125 1 5 1 1 1 0 0 1 0 0 0
123 89 0 1 0 0 0 0 0 0 0 0 0 328 135 1 5 1 1 1 0 0 1 0 0 0
131 97 0 1 0 0 0 0 0 0 0 0 0 332 140 2 5 1 1 1 0 0 1 0 0 0
135 102 0 1 0 0 0 0 0 0 0 0 0 336 144 3 5 1 1 1 0 0 1 0 0 0
147 107 0 1 0 0 0 0 0 0 0 0 0 359 147 3 5 1 1 1 0 0 1 0 0 0
157 112 0 1 0 0 0 0 0 0 0 0 0 364 155 3 6 1 1 1 0 0 1 0 0 0
176 118 0 2 0 0 0 0 0 0 0 0 0 368 162 3 6 1 1 1 0 0 1 0 0 0
185 124 0 2 0 0 0 0 0 0 0 0 0 374 167 3 6 1 1 1 0 0 1 0 0 0
188 127 0 2 0 0 0 0 0 0 0 0 0 380 176 3 6 1 1 1 1 0 1 0 0 0
209 134 0 2 0 0 0 0 0 0 0 0 0 402 185 3 6 2 1 1 1 0 1 0 0 0
215 138 0 2 0 0 0 0 0 0 0 0 0 405 188 3 6 2 1 1 1 0 1 0 0 0
218 143 0 2 0 0 0 0 0 0 0 0 0 424 192 3 7 2 1 1 1 0 1 0 0 0
224 148 0 2 0 0 0 0 0 0 0 0 0 427 195 3 7 2 1 1 1 0 1 0 0 0
229 151 0 2 0 0 0 0 0 0 0 0 0 431 200 3 7 2 1 1 1 0 1 0 0 0
233 157 0 2 0 0 0 0 0 0 0 0 0 436 204 3 7 2 1 1 1 0 1 0 0 0
242 162 0 2 0 0 0 0 0 0 0 0 0 445 216 3 7 2 1 1 1 0 1 0 0 0
265 166 0 2 0 0 0 0 0 0 0 0 0 448 223 3 7 2 1 1 1 0 1 0 0 0
273 172 0 3 0 0 0 0 0 0 0 0 0 454 229 3 7 2 1 1 1 0 1 0 0 0
276 176 0 3 0 0 0 0 0 0 0 0 0 458 232 3 7 2 1 1 1 0 1 0 0 0
279 181 0 3 1 0 0 0 0 0 0 0 0 477 242 3 7 2 1 1 1 0 1 0 0 0
286 187 0 3 1 0 0 0 0 0 0 0 0 481 245 3 7 2 1 1 1 0 1 0 0 0
291 193 0 3 1 0 0 0 0 0 0 0 0 486 251 3 7 2 1 1 1 0 1 0 0 0
298 196 0 3 1 0 0 0 0 0 0 0 0 506 254 3 8 2 1 1 1 0 1 0 0 0
