# scores for worst/random/best/smart move selector strategies. 
# scores are 50% and 95% quantiles (based on 40 games) of: 
# game score, #destroyed, #unlocked, #stripes, #bombs, #zappers
0 0 0 0 0 0 0 0 0 0 0 0 0 8 8 0 0 0 0 0 0 0 0 0 0 0
4 4 0 0 0 0 0 0 0 0 0 0 0 17 17 0 0 0 0 0 0 0 0 0 0 0
9 9 0 0 0 0 0 0 0 0 0 0 0 29 24 0 0 0 0 0 0 0 0 0 0 0
13 13 0 0 0 0 0 0 0 0 0 0 0 56 34 0 1 0 0 0 0 0 0 0 0 0
20 18 0 0 0 0 0 0 0 0 0 0 0 64 46 0 1 0 0 0 0 0 0 0 0 0
26 24 0 0 0 0 0 0 0 0 0 0 0 119 53 0 2 0 0 0 0 0 0 0 0 0
35 29 0 0 0 0 0 0 0 0 0 0 0 133 60 0 3 0 0 0 0 0 0 0 0 0
41 33 0 0 0 0 0 0 0 0 0 0 0 139 72 0 3 0 0 0 0 0 0 0 0 0
54 39 0 0 0 0 0 0 0 0 0 0 0 161 80 0 3 1 0 0 0 0 0 0 0 0
62 43 0 0 0 0 0 0 0 0 0 0 0 176 92 2 3 1 1 0 0 0 0 0 0 0
75 49 0 1 0 0 0 0 0 0 0 0 0 219 101 2 4 1 1 0 0 0 0 0 0 0
79 53 0 1 0 0 0 0 0 0 0 0 0 270 121 2 4 1 1 0 0 0 0 0 0 0
89 57 0 1 0 0 0 0 0 0 0 0 0 283 128 2 4 1 1 0 0 0 1 0 0 0
101 63 0 1 0 0 0 0 0 0 0 0 0 293 136 2 4 1 1 0 0 0 1 0 0 0
106 69 0 1 0 0 0 0 0 0 0 0 0 352 148 2 5 2 1 1 0 0 1 0 0 0
111 76 0 1 0 0 0 0 0 0 0 0 0 359 158 2 5 2 1 1 1 0 1 0 0 0
122 81 0 1 0 0 0 0 0 0 0 0 0 392 164 2 6 2 1 1 1 0 1 0 0 0
147 91 0 1 0 0 0 0 0 0 0 0 0 423 171 2 6 2 1 1 1 0 1 0 0 0
151 94 0 1 0 0 0 0 0 0 0 0 0 429 178 2 6 2 1 1 1 0 1 0 0 0
156 97 0 2 0 0 0 0 0 0 0 0 0 435 187 2 6 2 1 1 1 0 1 0 0 0
164 102 0 2 0 0 0 0 0 0 0 0 0 506 212 2 8 2 1 1 1 0 1 0 0 0
173 110 0 2 0 0 0 0 0 0 0 0 0 519 217 2 8 2 1 1 1 0 1 0 0 0
179 115 0 2 0 0 0 0 0 0 0 0 0 538 224 2 9 2 1 1 1 0 1 0 0 0
189 119 0 2 0 0 0 0 0 0 0 0 0 543 229 2 9 2 1 1 1 0 1 0 0 0
199 122 0 2 0 0 0 0 0 0 0 0 0 546 233 2 9 2 1 1 1 0 1 0 0 0
206 128 0 2 0 0 0 0 0 0 0 0 0 552 238 3 9 2 1 1 1 0 1 0 0 0
219 135 0 2 1 0 0 0 0 0 0 0 0 556 243 3 9 2 1 1 1 0 1 0 0 0
238 140 0 3 1 0 0 0 0 0 0 0 0 562 249 3 9 2 1 1 1 0 1 0 0 0
242 144 0 3 1 0 0 0 0 0 0 0 0 566 253 3 9 2 1 1 1 0 1 0 0 0
249 147 0 3 1 0 0 0 0 0 0 0 0 598 261 3 9 3 1 1 1 0 1 0 0 0
254 151 0 3 1 0 0 0 0 0 0 0 0 605 267 3 9 3 1 1 1 0 1 0 0 0
264 160 0 3 1 0 0 0 0 0 0 0 0 610 270 3 9 3 1 1 1 0 1 0 0 0
267 165 0 3 1 0 0 0 0 0 0 0 0 617 278 3 9 3 1 1 1 0 1 0 0 0
280 168 0 3 1 0 0 0 0 0 0 0 0 630 284 3 10 3 1 1 1 0 1 0 0 0
299 173 0 4 1 0 0 0 0 0 0 0 0 661 300 3 11 3 1 1 1 0 1 0 0 0
305 177 0 4 1 0 0 0 0 0 0 0 0 701 310 3 11 3 2 1 1 0 1 0 0 0
319 185 0 4 1 0 0 0 0 0 0 0 0 771 324 3 12 4 2 1 1 0 1 0 0 0
331 197 0 4 1 0 0 0 0 0 0 0 0 783 333 3 13 4 2 1 1 0 1 0 0 0
335 202 0 4 1 0 0 0 0 0 0 0 0 791 342 3 13 4 2 1 1 0 2 0 0 0
346 207 0 4 1 0 0 0 0 0 0 0 0 798 350 3 13 4 2 1 1 0 2 0 0 0
352 213 0 4 1 0 0 0 0 0 0 0 0 807 357 3 13 4 2 1 1 0 2 0 0 0
