# scores for worst/random/best/smart move selector strategies. 
# scores are 50% and 95% quantiles (based on 40 games) of: 
# game score, #destroyed, #unlocked, #stripes, #bombs, #zappers
0 0 0 0 0 0 0 0 0 0 0 0 0 8 8 0 0 0 0 0 0 0 0 0 0 0
3 3 0 0 0 0 0 0 0 0 0 0 0 14 14 0 0 0 0 0 0 0 0 0 0 0
9 9 0 0 0 0 0 0 0 0 0 0 0 19 19 0 0 0 0 0 0 0 0 0 0 0
12 12 0 0 0 0 0 0 0 0 0 0 0 26 26 0 0 0 0 0 0 0 0 0 0 0
16 16 0 0 0 0 0 0 0 0 0 0 0 29 29 0 0 0 0 0 0 0 0 0 0 0
21 21 0 0 0 0 0 0 0 0 0 0 0 36 36 0 0 0 0 0 0 0 0 0 0 0
24 24 0 0 0 0 0 0 0 0 0 0 0 68 39 0 0 0 0 0 0 0 0 0 0 0
27 27 0 0 0 0 0 0 0 0 0 0 0 73 43 0 1 0 0 0 0 0 0 0 0 0
30 30 0 0 0 0 0 0 0 0 0 0 0 77 48 0 1 0 0 0 0 0 0 0 0 0
37 37 0 0 0 0 0 0 0 0 0 0 0 90 51 0 1 1 0 0 0 0 0 0 0 0
42 42 0 0 0 0 0 0 0 0 0 0 0 93 55 0 1 1 0 0 0 0 0 0 0 0
48 47 0 0 0 0 0 0 0 0 0 0 0 96 59 0 1 1 0 0 0 0 0 0 0 0
51 51 0 0 0 0 0 0 0 0 0 0 0 101 63 0 1 1 0 0 0 0 0 0 0 0
54 54 0 0 0 0 0 0 0 0 0 0 0 107 70 0 1 1 0 0 0 0 0 0 0 0
60 60 0 0 0 0 0 0 0 0 0 0 0 112 78 0 1 1 0 0 0 0 0 0 0 0
63 63 0 0 0 0 0 0 0 0 0 0 0 118 83 0 1 1 0 0 0 0 0 0 0 0
69 68 0 0 0 0 0 0 0 0 0 0 0 121 86 0 1 1 0 0 0 0 0 0 0 0
75 73 0 0 0 0 0 0 0 0 0 0 0 131 92 0 1 1 0 0 0 0 0 0 0 0
79 77 0 0 0 0 0 0 0 0 0 0 0 135 95 0 1 1 0 0 0 0 0 0 0 0
83 82 0 0 0 0 0 0 0 0 0 0 0 163 100 0 1 1 0 0 0 0 0 0 0 0
87 85 0 0 0 0 0 0 0 0 0 0 0 166 105 0 1 1 0 0 0 0 0 0 0 0
93 90 0 0 0 0 0 0 0 0 0 0 0 169 108 0 1 1 0 0 0 0 0 0 0 0
97 94 0 0 0 0 0 0 0 0 0 0 0 174 112 0 1 1 0 0 0 0 0 0 0 0
100 97 0 0 0 0 0 0 0 0 0 0 0 182 119 0 1 1 0 0 0 0 0 0 0 0
105 101 0 0 0 0 0 0 0 0 0 0 0 185 122 0 1 1 0 0 0 0 0 0 0 0
108 106 0 0 0 0 0 0 0 0 0 0 0 196 130 0 1 1 0 0 0 0 0 0 0 0
113 111 0 0 0 0 0 0 0 0 0 0 0 199 133 0 2 1 0 0 0 0 0 0 0 0
117 114 0 0 0 0 0 0 0 0 0 0 0 204 136 0 2 1 0 0 0 0 0 0 0 0
123 118 0 0 0 0 0 0 0 0 0 0 0 207 139 0 2 1 0 0 0 0 0 0 0 0
128 122 0 0 0 0 0 0 0 0 0 0 0 212 142 0 2 1 0 0 0 0 0 0 0 0
138 125 0 0 0 0 0 0 0 0 0 0 0 217 150 0 2 1 0 0 0 0 0 0 0 0
144 130 0 0 0 0 0 0 0 0 0 0 0 220 154 0 2 1 0 0 0 0 0 0 0 0
149 135 0 0 0 0 0 0 0 0 0 0 0 223 157 0 2 1 0 0 0 0 0 0 0 0
153 140 0 0 0 0 0 0 0 0 0 0 0 226 161 0 2 1 0 0 0 0 0 0 0 0
158 144 0 0 0 0 0 0 0 0 0 0 0 244 167 0 2 1 0 0 0 0 0 0 0 0
163 147 0 0 0 0 0 0 0 0 0 0 0 249 172 0 2 1 0 0 0 0 0 0 0 0
170 152 0 0 0 0 0 0 0 0 0 0 0 253 177 0 2 1 0 0 0 0 0 0 0 0
173 156 0 0 0 0 0 0 0 0 0 0 0 256 181 0 2 1 0 0 0 0 0 0 0 0
178 160 0 0 0 0 0 0 0 0 0 0 0 261 186 0 2 1 0 0 0 0 0 0 0 0
185 167 0 0 0 0 0 0 0 0 0 0 0 264 189 0 2 1 0 0 0 0 0 0 0 0
190 171 0 1 0 0 0 0 0 0 0 0 0 268 197 0 2 1 0 0 0 0 0 0 0 0
