# scores for worst/random/best/smart move selector strategies. 
# scores are 50% and 95% quantiles (based on 40 games) of: 
# game score, #destroyed, #unlocked, #stripes, #bombs, #zappers
12 12 0 0 0 0 0 0 0 0 0 0 0 112 50 3 1 1 0 0 0 0 0 0 0 0
32 28 0 0 0 0 0 0 0 0 0 0 0 265 106 3 3 1 0 0 0 0 0 0 0 0
52 37 0 0 0 0 0 0 0 0 0 0 0 502 211 3 5 4 1 0 0 0 0 0 0 0
102 50 0 1 0 0 0 0 0 0 0 0 0 1038 355 9 9 9 3 0 0 0 1 0 0 0
135 67 2 1 0 0 0 0 0 0 0 0 0 1330 473 9 13 10 3 0 0 0 1 0 0 0
223 111 2 1 1 0 0 0 0 0 0 0 0 1551 559 9 14 11 5 0 0 0 1 0 0 0
311 159 2 2 1 0 0 0 0 0 0 0 0 2002 663 11 18 15 6 0 0 0 1 0 0 0
365 179 5 3 2 0 0 0 0 0 0 0 0 2463 826 11 21 21 6 0 0 0 1 0 0 0
500 212 6 5 4 0 0 0 0 0 0 0 0 3236 1035 13 26 26 9 0 0 0 1 0 0 0
616 259 7 6 4 0 0 0 0 0 0 0 0 3450 1149 13 26 26 11 0 0 0 1 0 0 0
836 307 7 8 5 1 0 0 0 0 0 0 0 3576 1189 13 33 27 12 0 0 0 1 0 0 0
928 353 7 9 7 2 0 0 0 0 0 0 0 3658 1222 13 34 27 12 0 0 0 1 0 0 0
1018 408 7 10 7 2 0 0 0 0 0 0 0 3817 1299 14 34 28 13 0 0 0 2 0 0 0
1048 431 7 11 8 2 0 0 0 0 0 0 0 3879 1331 14 34 28 13 0 0 0 2 0 0 0
1232 459 7 13 8 2 0 0 0 0 0 0 0 3887 1340 14 39 28 13 0 0 0 2 0 0 0
1371 501 8 14 10 2 0 0 0 0 0 0 0 4301 1465 14 41 32 18 0 0 0 2 0 0 0
1590 599 8 16 11 3 0 0 0 0 0 0 0 5562 1731 14 47 46 19 0 0 0 3 0 0 0
1697 606 8 16 13 3 0 0 0 0 0 0 0 5707 1757 14 47 46 21 0 0 0 3 0 0 0
1772 654 8 19 14 4 0 0 0 1 0 0 0 5726 1776 14 47 48 21 0 0 0 3 0 0 0
1795 661 8 19 16 4 0 0 0 1 0 0 0 5900 1784 14 48 54 21 0 0 0 3 0 0 0
1972 738 8 21 17 4 0 0 0 1 0 0 0 6215 1938 14 50 54 22 0 0 0 3 0 0 0
1976 752 8 23 17 4 0 0 0 1 0 0 0 6424 2022 14 53 54 22 0 0 0 3 0 0 0
2387 792 8 24 17 5 0 0 0 1 0 0 0 6680 2111 14 53 59 23 0 0 0 3 1 0 0
2567 897 8 25 19 5 0 0 0 1 0 0 0 7370 2293 14 59 62 25 0 0 0 3 1 0 0
2791 1001 8 27 21 5 0 0 0 1 0 0 0 7376 2300 14 60 62 25 0 0 0 3 1 0 1
2796 1024 8 28 21 6 0 0 0 1 0 0 0 7870 2363 14 60 69 27 0 0 0 3 1 0 1
2905 1043 8 28 24 6 0 0 0 1 0 0 0 7979 2393 14 60 69 27 0 0 0 3 1 1 1
3202 1101 8 28 26 7 0 0 0 1 0 0 0 8263 2506 14 62 72 27 0 0 0 3 1 1 1
3354 1157 8 28 27 7 0 0 0 1 0 0 0 8267 2510 14 62 73 29 0 0 1 3 1 1 1
3469 1172 8 29 27 7 0 0 0 1 0 0 0 8331 2549 14 62 73 29 1 0 1 3 1 1 1
3709 1216 8 29 27 8 0 0 0 1 0 0 0 8351 2622 14 64 73 30 1 0 1 4 1 1 1
3786 1328 8 31 29 9 0 0 0 1 0 0 0 8416 2652 14 66 73 30 1 0 1 4 1 1 1
4073 1408 8 35 31 9 0 0 0 1 0 0 0 8666 2759 14 66 73 30 1 0 1 4 1 1 1
4101 1411 8 36 31 11 0 0 0 1 0 0 0 9161 2947 14 67 74 31 1 0 1 4 1 1 1
4333 1502 8 37 32 12 0 0 0 1 0 0 0 9659 3056 14 70 82 36 1 0 1 4 1 1 1
4510 1583 8 37 33 12 0 0 0 1 0 0 0 9783 3113 14 70 83 39 1 0 1 5 1 1 1
4674 1656 8 40 37 13 0 0 0 2 0 0 0 9788 3116 14 70 83 39 1 0 1 5 1 1 1
4885 1672 8 40 39 13 0 0 0 2 0 0 0 9861 3135 14 70 83 39 1 0 1 5 1 1 1
4930 1695 8 40 39 14 0 0 0 2 0 0 0 9866 3190 14 78 87 39 1 0 1 5 1 1 1
5067 1740 8 42 39 14 0 0 0 2 0 0 0 9939 3210 14 79 87 39 1 0 1 5 1 1 1
5143 1778 8 42 40 14 0 0 0 2 0 0 0 9974 3246 14 80 87 39 1 1 1 5 1 1 1
