# scores for worst/random/best/smart move selector strategies. 
# scores are 50% and 95% quantiles (based on 40 games) of: 
# game score, #destroyed, #unlocked, #stripes, #bombs, #zappers
12 12 0 0 0 0 0 0 0 0 0 0 0 112 50 3 1 1 0 0 0 0 0 0 0 0
50 40 0 0 0 0 0 0 0 0 0 0 0 259 110 7 3 2 1 0 0 0 1 0 0 0
167 70 3 2 1 0 0 0 0 0 0 0 0 1165 288 10 8 16 2 0 1 0 1 0 0 0
330 147 5 4 2 0 0 0 0 0 0 0 0 2450 673 18 15 25 9 0 1 1 2 0 1 0
526 236 6 5 3 1 0 0 0 0 0 0 0 3257 984 19 23 37 14 1 1 1 2 0 1 0
967 337 8 9 5 2 0 0 0 1 0 0 0 3395 1057 19 32 42 15 1 1 1 3 1 1 0
1202 431 9 13 10 3 0 0 0 1 0 0 0 4592 1221 21 38 51 17 1 2 1 3 1 1 0
1949 553 9 17 14 4 0 0 0 1 0 0 0 4799 1326 21 45 54 18 1 2 1 4 1 1 0
2149 623 9 21 17 4 0 0 0 1 0 0 0 5729 1465 21 63 73 19 1 2 1 4 2 2 0
2596 815 9 24 24 6 0 1 0 2 0 0 0 6034 1529 21 71 77 21 1 2 1 4 2 2 1
3427 977 9 31 34 8 0 1 0 2 0 1 0 6150 1599 21 87 80 21 2 2 1 4 3 2 1
3787 1009 9 36 36 9 0 1 0 2 0 1 0 6990 1699 21 89 84 22 2 2 1 5 3 2 1
4061 1066 9 43 39 9 0 1 0 2 1 1 0 7467 1805 21 91 85 23 2 2 1 5 3 2 1
4686 1221 9 46 44 10 0 1 0 3 1 1 0 8673 1904 21 94 101 27 2 2 2 5 3 2 1
5162 1358 9 48 49 11 0 1 0 3 1 1 0 9032 2040 21 97 107 27 2 2 2 6 3 2 1
5474 1502 9 50 54 11 0 1 0 3 1 1 0 9325 2103 21 99 110 29 2 2 2 6 3 2 1
5797 1619 9 55 58 13 0 1 0 4 1 1 0 9739 2478 21 101 119 31 2 2 2 6 3 3 1
6140 1713 9 64 59 13 0 1 0 4 1 1 0 10574 2708 21 106 134 33 2 3 2 7 3 3 1
6788 1882 9 65 63 16 0 1 0 4 1 1 0 10667 2803 21 108 136 33 2 3 2 7 3 3 1
7468 2001 9 71 73 17 0 1 0 5 1 1 0 11444 3006 21 119 148 36 2 3 2 7 4 4 1
8046 2158 9 77 77 19 0 1 0 5 1 1 0 11960 3066 21 120 154 38 2 3 2 8 4 4 1
8521 2279 9 79 83 20 0 2 1 5 1 1 0 12691 3163 21 141 159 38 3 3 2 8 4 4 1
9218 2371 9 81 90 20 0 2 1 5 1 2 0 12880 3406 21 150 160 40 3 3 3 8 5 4 1
9617 2542 9 91 93 22 0 2 1 6 1 2 0 14074 3500 21 153 172 40 3 3 3 8 5 4 1
10055 2644 9 93 97 24 0 2 1 6 2 2 0 15142 3637 21 162 184 41 3 3 3 8 5 4 1
11072 2749 9 95 102 25 0 2 1 6 2 2 0 15404 3771 21 176 186 41 3 4 3 9 5 4 1
11242 2833 9 104 104 26 0 2 1 6 2 2 0 15980 3930 21 182 187 43 3 4 3 9 5 5 2
11565 2881 9 104 107 28 0 2 1 6 2 2 0 16973 4022 21 186 202 44 3 4 3 10 5 5 2
12004 3026 9 108 115 29 1 2 1 7 2 3 0 17261 4211 21 188 211 49 3 4 3 10 5 5 2
12378 3179 9 114 122 29 1 2 1 7 2 3 0 17852 4300 21 189 220 49 3 5 3 11 5 6 2
12582 3251 9 117 123 31 1 2 1 7 2 3 0 18067 4364 21 191 222 51 3 5 3 11 5 6 2
13242 3384 9 122 136 33 1 2 1 8 2 3 0 18386 4622 21 202 222 55 3 5 4 11 6 6 2
13704 3447 9 130 136 34 1 2 1 8 2 3 0 19806 4726 21 203 229 57 3 5 4 12 6 6 2
14231 3641 9 134 139 36 1 3 1 8 2 3 0 21586 5231 21 205 236 59 3 5 4 12 6 6 2
14659 3793 9 136 142 38 1 3 1 8 2 3 0 21870 5357 21 207 239 61 3 5 4 13 6 6 2
15243 3891 9 136 145 39 1 3 1 9 2 3 0 22290 5505 21 209 245 61 3 5 4 14 6 6 2
15584 3941 9 137 156 40 1 3 1 9 2 3 0 22466 5558 21 210 245 61 3 5 4 14 6 6 2
16193 4149 9 144 160 41 1 3 1 9 2 3 0 22549 5708 21 222 247 63 3 5 4 14 6 6 2
16515 4252 9 150 167 42 1 3 1 10 3 4 0 23024 5791 21 226 249 64 3 5 4 14 6 6 2
16860 4379 9 158 172 43 1 3 1 10 3 4 1 23089 5885 21 233 249 65 3 5 4 15 6 6 2
17448 4519 9 163 176 45 1 3 2 10 3 4 1 23774 6027 21 238 255 66 3 5 4 15 6 6 2
