# scores for worst/random/best/smart move selector strategies. 
# scores are 50% and 95% quantiles (based on 40 games) of: 
# game score, #destroyed, #unlocked, #stripes, #bombs, #zappers
12 12 0 0 0 0 0 0 0 0 0 0 0 112 50 3 1 1 0 0 0 0 0 0 0 0
27 23 0 0 0 0 0 0 0 0 0 0 0 143 83 5 1 1 0 0 0 0 0 0 0 0
42 30 0 0 0 0 0 0 0 0 0 0 0 402 177 5 4 2 0 0 0 0 0 0 0 0
90 45 0 1 0 0 0 0 0 0 0 0 0 652 237 6 5 5 2 0 0 0 0 0 0 0
126 67 0 1 0 0 0 0 0 0 0 0 0 797 270 8 7 7 2 0 0 0 0 0 0 0
156 78 1 1 1 0 0 0 0 0 0 0 0 800 286 9 8 7 2 0 0 0 0 0 0 0
203 103 2 2 1 0 0 0 0 0 0 0 0 1256 421 10 10 10 3 0 0 0 0 0 0 0
255 132 2 3 1 0 0 0 0 0 0 0 0 1685 576 13 12 17 5 0 0 0 0 0 0 0
269 153 2 3 1 0 0 0 0 0 0 0 0 1823 627 13 13 17 5 0 0 0 0 0 0 0
312 190 3 3 1 0 0 0 0 0 0 0 0 1864 646 13 15 17 5 0 0 0 0 0 0 0
457 210 3 4 2 0 0 0 0 0 0 0 0 1874 656 13 15 17 5 0 0 0 0 0 0 0
526 244 4 5 3 0 0 0 0 0 0 0 0 1883 665 13 15 17 5 0 0 0 0 0 0 0
530 247 4 5 3 0 0 0 0 0 0 0 0 1889 671 13 15 17 5 0 0 0 0 0 0 0
653 298 6 6 4 1 0 0 0 0 0 0 0 2323 800 13 16 18 9 0 0 0 0 0 0 0
747 325 6 6 5 1 0 0 0 0 0 0 0 3769 1233 14 23 32 13 0 0 0 0 0 0 0
829 333 6 6 6 1 0 0 0 0 0 0 0 3810 1250 14 23 32 13 0 0 0 0 0 0 0
877 359 6 7 6 1 0 0 0 0 0 0 0 3823 1263 14 23 32 13 0 0 0 0 0 0 0
975 439 6 9 6 1 0 0 0 0 0 0 0 3842 1268 14 24 34 13 0 0 0 0 0 0 0
1125 469 6 9 7 1 0 0 0 0 0 0 0 3847 1273 14 24 34 13 0 0 0 0 0 0 0
1178 486 7 9 8 2 0 0 0 0 0 0 0 3851 1280 14 24 34 13 0 0 0 0 0 0 0
1428 555 7 12 11 3 0 0 0 0 0 0 0 3994 1300 14 24 35 14 0 0 0 0 0 0 0
1458 579 7 13 11 3 0 0 0 0 0 0 0 4107 1350 14 25 38 14 0 0 0 0 0 0 0
1570 610 7 14 12 3 0 0 0 0 0 0 0 4365 1419 14 28 40 14 0 0 0 0 0 0 0
1573 621 7 14 12 3 0 0 0 0 0 0 0 4462 1475 14 30 41 14 0 0 0 0 0 0 0
1620 655 7 14 12 3 0 0 0 0 0 0 0 4473 1487 14 30 41 14 0 0 0 0 0 0 0
1739 686 7 14 13 3 0 0 0 0 0 0 0 4864 1607 14 31 43 15 0 0 0 0 0 0 0
1808 700 7 14 13 3 0 0 0 0 0 0 0 4952 1642 14 32 44 15 0 0 0 0 0 0 0
1888 745 7 15 15 3 0 0 0 0 0 0 0 5223 1703 14 37 47 17 0 0 0 0 0 0 0
1893 766 7 16 16 3 0 0 0 0 0 0 0 5227 1709 14 37 47 17 0 0 0 0 0 0 0
1961 779 7 16 17 3 0 0 0 0 0 0 0 5230 1712 14 37 47 17 0 0 0 0 0 0 0
1973 790 7 16 17 4 0 0 0 0 0 0 0 5590 1823 14 42 47 21 0 0 0 0 0 0 0
2054 825 7 18 17 4 0 0 0 0 0 0 0 5605 1829 14 42 47 21 0 0 0 0 0 0 0
2057 829 7 19 17 4 0 0 0 0 0 0 0 5620 1840 14 42 47 21 0 0 0 0 0 0 0
2333 894 7 19 18 5 0 0 0 0 0 0 0 5663 1861 14 42 48 21 0 0 0 0 0 0 0
2376 911 7 20 18 5 0 0 0 0 0 0 0 5676 1877 14 42 48 21 0 0 0 0 0 0 0
2722 1030 7 21 19 6 0 0 0 0 0 0 0 5793 1925 14 43 49 21 0 0 0 0 0 0 0
2742 1039 7 21 19 7 0 0 0 0 0 0 0 5926 1958 14 43 51 21 0 0 0 0 0 0 0
2746 1043 7 22 20 7 0 0 0 0 0 0 0 5984 1998 14 44 51 21 0 0 0 0 0 0 0
2758 1060 7 22 20 7 0 0 0 0 0 0 0 5990 2004 14 44 51 21 0 0 0 0 0 0 0
2862 1072 7 22 20 7 0 0 0 0 0 0 0 5993 2007 14 44 51 21 0 0 0 0 0 0 0
2921 1104 7 24 23 9 0 0 0 0 0 0 0 6051 2036 14 46 52 24 0 0 0 0 0 0 0
