# scores for worst/random/best/smart move selector strategies. 
# scores are 50% and 95% quantiles (based on 40 games) of: 
# game score, #destroyed, #unlocked, #stripes, #bombs, #zappers
3 3 0 0 0 0 0 0 0 0 0 0 0 11 11 0 0 0 0 0 0 0 0 0 0 0
6 6 0 0 0 0 0 0 0 0 0 0 0 14 14 0 0 0 0 0 0 0 0 0 0 0
9 9 0 0 0 0 0 0 0 0 0 0 0 18 18 0 0 0 0 0 0 0 0 0 0 0
12 12 0 0 0 0 0 0 0 0 0 0 0 22 22 0 0 0 0 0 0 0 0 0 0 0
16 16 0 0 0 0 0 0 0 0 0 0 0 26 26 0 0 0 0 0 0 0 0 0 0 0
21 21 0 0 0 0 0 0 0 0 0 0 0 31 31 0 0 0 0 0 0 0 0 0 0 0
24 24 0 0 0 0 0 0 0 0 0 0 0 37 35 0 0 0 0 0 0 0 0 0 0 0
28 28 0 0 0 0 0 0 0 0 0 0 0 40 39 0 0 0 0 0 0 0 0 0 0 0
31 31 0 0 0 0 0 0 0 0 0 0 0 58 42 0 0 0 0 0 0 0 0 0 0 0
35 35 0 0 0 0 0 0 0 0 0 0 0 75 47 0 1 0 0 0 0 0 0 0 0 0
40 40 0 0 0 0 0 0 0 0 0 0 0 90 52 0 1 0 0 0 0 0 0 0 0 0
43 43 0 0 0 0 0 0 0 0 0 0 0 99 58 0 1 0 0 0 0 0 0 0 0 0
48 48 0 0 0 0 0 0 0 0 0 0 0 104 61 0 1 0 0 0 0 0 0 0 0 0
51 51 0 0 0 0 0 0 0 0 0 0 0 110 66 0 1 0 0 0 0 0 0 0 0 0
55 55 0 0 0 0 0 0 0 0 0 0 0 117 72 0 1 0 0 0 0 0 0 0 0 0
60 59 0 0 0 0 0 0 0 0 0 0 0 124 81 0 1 0 0 0 0 0 0 0 0 0
64 63 0 0 0 0 0 0 0 0 0 0 0 132 85 0 1 0 0 0 0 0 0 0 0 0
70 66 0 0 0 0 0 0 0 0 0 0 0 142 90 1 2 0 0 0 0 0 0 0 0 0
81 72 0 0 0 0 0 0 0 0 0 0 0 147 93 1 2 0 0 0 0 0 0 0 0 0
86 76 0 0 0 0 0 0 0 0 0 0 0 170 100 1 2 0 0 0 0 0 0 0 0 0
92 81 0 0 0 0 0 0 0 0 0 0 0 173 104 1 2 0 0 0 0 0 0 0 0 0
103 84 0 0 0 0 0 0 0 0 0 0 0 176 110 1 2 0 0 0 0 0 0 0 0 0
110 90 0 0 0 0 0 0 0 0 0 0 0 179 113 1 2 0 0 0 0 0 0 0 0 0
116 95 0 0 0 0 0 0 0 0 0 0 0 213 119 1 2 1 0 0 0 0 0 0 0 0
119 98 0 0 0 0 0 0 0 0 0 0 0 216 124 1 2 1 0 0 0 0 0 0 0 0
124 103 0 1 0 0 0 0 0 0 0 0 0 219 128 1 2 1 0 0 0 0 0 0 0 0
128 107 0 1 0 0 0 0 0 0 0 0 0 229 133 1 2 1 0 0 0 0 0 0 0 0
131 111 0 1 0 0 0 0 0 0 0 0 0 248 139 1 2 1 0 0 0 0 0 0 0 0
138 115 0 1 0 0 0 0 0 0 0 0 0 251 143 1 2 1 0 0 0 0 0 0 0 0
142 119 0 1 0 0 0 0 0 0 0 0 0 254 146 1 2 1 0 0 0 0 0 0 0 0
146 122 0 1 0 0 0 0 0 0 0 0 0 266 150 1 2 1 0 0 0 0 0 0 0 0
151 125 0 1 0 0 0 0 0 0 0 0 0 269 153 1 2 1 0 0 0 0 0 0 0 0
154 128 0 1 0 0 0 0 0 0 0 0 0 272 160 1 2 1 0 0 0 0 0 0 0 0
158 132 0 1 0 0 0 0 0 0 0 0 0 281 171 2 3 1 0 0 0 0 0 0 0 0
167 137 0 1 0 0 0 0 0 0 0 0 0 284 174 2 3 1 0 0 0 0 0 0 0 0
171 140 0 1 0 0 0 0 0 0 0 0 0 287 177 2 3 1 0 0 0 0 0 0 0 0
174 144 0 1 0 0 0 0 0 0 0 0 0 303 183 2 3 1 0 0 0 0 0 0 0 0
178 148 0 1 0 0 0 0 0 0 0 0 0 306 186 2 3 1 0 0 0 0 0 0 0 0
183 152 0 1 0 0 0 0 0 0 0 0 0 311 196 2 3 1 0 0 0 0 0 0 0 0
187 156 0 1 0 0 0 0 0 0 0 0 0 314 199 2 4 1 0 0 0 0 0 0 0 0
190 160 0 1 0 0 0 0 0 0 0 0 0 317 202 2 4 1 0 0 0 0 0 0 0 0
