# scores for worst/random/best/smart move selector strategies. 
# scores are 50% and 95% quantiles (based on 40 games) of: 
# game score, #destroyed, #unlocked, #stripes, #bombs, #zappers
3 3 0 0 0 0 0 0 0 0 0 0 0 11 11 0 0 0 0 0 0 0 0 0 0 0
6 6 0 0 0 0 0 0 0 0 0 0 0 15 15 0 0 0 0 0 0 0 0 0 0 0
11 11 0 0 0 0 0 0 0 0 0 0 0 27 23 0 0 0 0 0 0 0 0 0 0 0
16 16 0 0 0 0 0 0 0 0 0 0 0 58 36 0 0 0 0 0 0 0 0 0 0 0
21 21 0 0 0 0 0 0 0 0 0 0 0 104 46 1 1 1 0 0 0 0 0 0 0 0
27 27 0 0 0 0 0 0 0 0 0 0 0 110 52 1 1 1 0 0 0 0 0 0 0 0
34 33 0 0 0 0 0 0 0 0 0 0 0 130 59 3 2 1 1 0 0 0 0 0 0 0
55 37 0 0 0 0 0 0 0 0 0 0 0 151 66 4 2 1 1 1 0 0 0 0 0 0
73 44 0 1 0 0 0 0 0 0 0 0 0 162 73 4 2 1 1 1 1 0 0 0 0 0
82 50 0 1 0 0 0 0 0 0 0 0 0 183 77 4 2 1 1 1 1 0 1 0 0 0
90 55 0 1 0 0 0 0 0 0 0 0 0 195 93 5 2 1 1 1 1 0 1 0 0 0
103 64 0 1 0 0 0 0 0 0 0 0 0 214 100 5 3 1 1 1 1 0 1 0 0 0
116 68 0 1 0 0 0 0 0 0 0 0 0 233 113 5 3 1 1 1 1 0 1 0 0 0
131 74 0 1 0 0 0 0 0 0 0 0 0 238 120 5 3 1 1 1 1 0 1 0 0 0
157 81 0 2 0 0 0 0 0 0 0 0 0 288 128 8 4 1 1 1 1 0 1 0 0 0
171 86 0 2 0 0 0 0 0 0 0 0 0 292 132 8 4 1 1 1 1 0 1 0 0 0
176 93 1 2 0 0 0 0 0 0 0 0 0 344 141 8 4 1 1 1 1 0 1 0 0 0
188 99 1 2 0 0 0 0 0 0 0 0 0 378 147 9 5 1 2 1 1 0 1 0 0 0
218 112 1 3 0 0 0 0 0 0 0 0 0 417 155 9 6 1 2 1 1 0 1 0 0 0
235 119 1 3 0 0 0 0 0 0 0 0 0 437 161 9 6 1 2 1 1 0 2 0 0 0
242 128 2 3 0 0 0 0 0 0 0 0 0 456 166 9 6 1 2 1 1 0 2 0 0 0
270 134 2 4 0 0 0 0 0 0 0 0 0 470 170 9 6 1 2 1 1 0 2 0 0 0
280 140 2 4 0 0 0 0 0 0 0 0 0 475 175 9 6 2 2 1 1 0 2 0 0 0
300 144 2 4 1 0 1 0 0 0 0 0 0 478 182 9 7 2 2 1 1 0 2 0 0 0
309 153 2 4 1 0 1 0 0 0 0 0 0 483 189 9 7 2 2 1 1 0 2 0 0 0
317 160 2 4 1 0 1 0 0 0 0 0 0 489 202 9 7 2 2 1 1 0 2 0 0 0
341 167 2 5 1 0 1 0 0 0 0 0 0 524 216 9 7 2 2 1 1 0 2 0 0 0
355 177 2 5 1 0 1 0 0 0 0 0 0 666 230 9 14 2 2 2 1 0 2 1 0 0
361 182 2 5 1 0 1 0 0 0 0 0 0 669 234 9 14 2 2 2 1 0 2 1 0 0
385 187 2 6 1 0 1 0 0 0 0 0 0 684 239 9 14 2 2 2 1 0 2 1 0 0
395 192 2 6 1 0 1 0 0 0 0 0 0 689 249 9 14 2 2 2 1 0 2 1 0 0
398 200 2 6 1 0 1 0 0 0 0 0 0 695 255 9 15 2 2 2 1 0 2 1 0 0
420 208 2 6 1 0 1 0 0 0 0 0 0 699 259 9 15 2 2 2 1 0 2 1 0 0
439 215 2 6 1 0 1 0 0 0 0 0 0 756 271 9 15 2 2 2 1 0 2 1 0 0
460 224 2 7 1 0 1 0 0 0 0 0 0 763 281 9 15 2 2 2 1 0 2 1 0 0
476 233 2 7 1 1 1 0 0 1 0 0 0 768 288 9 15 2 2 2 1 0 2 1 0 0
491 238 2 7 1 1 1 0 0 1 0 0 0 780 300 9 15 2 2 2 1 0 2 1 0 0
533 244 2 7 1 1 1 0 0 1 0 0 0 807 305 9 15 2 3 2 1 0 3 1 0 0
550 252 2 8 1 1 1 0 0 1 0 0 0 816 319 9 16 3 3 2 1 0 3 1 0 0
568 260 2 8 1 1 1 0 0 1 0 0 0 862 325 9 17 3 3 2 1 0 3 1 0 0
580 269 2 8 1 1 1 0 0 1 0 0 0 868 331 10 17 3 3 3 1 0 3 1 0 0
