# scores for worst/random/best/smart move selector strategies. 
# scores are 50% and 95% quantiles (based on 40 games) of: 
# game score, #destroyed, #unlocked, #stripes, #bombs, #zappers
3 3 0 0 0 0 0 0 0 0 0 0 0 12 12 0 0 0 0 0 0 0 0 0 0 0
8 8 0 0 0 0 0 0 0 0 0 0 0 18 18 0 0 0 0 0 0 0 0 0 0 0
13 13 0 0 0 0 0 0 0 0 0 0 0 44 28 0 1 0 0 0 0 0 0 0 0 0
22 21 0 0 0 0 0 0 0 0 0 0 0 62 36 0 1 0 0 0 0 0 0 0 0 0
33 27 0 0 0 0 0 0 0 0 0 0 0 102 46 0 1 1 0 0 0 0 0 0 0 0
52 33 0 0 0 0 0 0 0 0 0 0 0 108 53 0 2 1 0 1 0 0 0 0 0 0
65 41 0 1 0 0 0 0 0 0 0 0 0 153 66 0 2 1 0 1 0 0 0 0 0 0
77 46 0 1 0 0 0 0 0 0 0 0 0 165 71 0 2 1 0 1 0 0 0 0 0 0
89 52 0 1 0 0 0 0 0 0 0 0 0 171 79 0 3 1 0 1 0 0 0 0 0 0
117 59 0 2 0 0 0 0 0 0 0 0 0 219 89 0 4 1 1 1 0 0 1 0 0 0
123 65 0 2 0 0 0 0 0 0 0 0 0 232 95 0 4 1 1 1 0 0 1 0 0 0
128 69 0 2 0 0 0 0 0 0 0 0 0 235 100 0 4 1 1 1 0 0 1 0 0 0
135 75 0 2 0 0 0 0 0 0 0 0 0 245 108 0 5 1 1 1 0 0 1 0 0 0
163 82 0 2 0 0 0 0 0 0 0 0 0 297 117 0 5 1 1 1 1 0 1 0 0 0
173 91 0 3 0 0 0 0 0 0 0 0 0 300 123 0 5 1 1 1 1 0 1 0 0 0
193 101 0 3 0 0 0 0 0 0 0 0 0 317 137 0 5 1 1 2 1 0 1 0 0 0
204 108 0 4 0 0 0 0 0 0 0 0 0 324 147 0 5 1 1 2 1 0 1 0 0 0
211 112 0 4 0 0 0 0 0 0 0 0 0 342 154 0 5 1 1 2 1 0 1 0 0 0
224 122 0 4 0 0 0 0 0 0 0 0 0 348 164 0 6 1 1 2 1 0 1 0 0 0
259 132 0 4 0 0 0 0 0 0 0 0 0 370 169 1 6 1 1 2 1 0 1 0 0 0
271 137 0 4 0 0 0 0 0 0 0 0 0 383 175 1 7 1 2 2 1 0 1 0 0 0
289 142 0 4 0 0 0 0 0 0 0 0 0 414 180 1 7 2 2 2 1 0 1 0 0 0
293 150 0 5 0 0 0 0 0 0 0 0 0 435 186 1 7 2 2 2 1 0 1 0 0 0
311 156 0 5 0 0 0 0 0 0 0 0 0 445 198 1 7 2 2 2 1 0 1 0 0 0
332 163 0 5 1 0 1 0 0 0 0 0 0 520 204 1 10 2 2 2 1 0 1 0 0 0
342 170 0 6 1 0 1 0 0 0 0 0 0 544 209 1 10 2 2 2 1 0 1 0 0 0
352 180 0 6 1 0 1 0 0 0 0 0 0 554 213 1 11 2 2 2 1 0 1 0 0 0
377 187 0 6 1 0 1 0 0 0 0 0 0 597 219 1 11 2 2 2 1 0 2 0 0 0
386 193 0 6 1 0 1 0 0 0 0 0 0 660 225 1 11 2 2 2 1 0 2 0 0 0
408 197 0 6 1 0 1 0 0 0 0 0 0 695 236 1 11 2 2 3 1 0 2 0 0 0
426 209 0 7 1 0 1 0 0 0 0 0 0 745 248 1 15 2 2 3 1 0 2 1 0 0
449 219 0 7 1 1 1 0 0 0 0 0 0 791 267 1 19 2 2 3 1 0 2 1 0 0
485 226 0 8 1 1 1 0 0 0 0 0 0 817 283 1 19 2 2 3 1 0 2 1 0 0
494 230 0 8 1 1 1 0 0 1 0 0 0 842 292 1 19 3 2 3 1 0 2 1 0 0
505 240 0 8 1 1 1 0 0 1 0 0 0 887 311 1 20 3 3 3 1 0 3 1 0 0
511 245 0 8 1 1 1 0 0 1 0 0 0 911 320 1 20 3 3 3 1 0 3 1 0 0
525 252 0 8 1 1 1 0 0 1 0 0 0 935 325 1 20 3 3 3 1 0 3 1 0 0
558 263 0 9 1 1 1 0 0 1 0 0 0 949 334 1 20 3 3 3 1 0 3 1 0 0
593 269 0 9 1 1 1 0 0 1 0 0 0 969 359 1 20 3 3 3 1 0 3 1 0 0
615 279 0 9 1 1 1 0 0 1 0 0 0 974 363 1 22 3 3 3 1 0 3 1 0 0
627 285 0 9 1 1 1 0 0 1 0 0 0 991 374 1 22 3 3 3 1 0 3 1 0 0
