# scores for worst/random/best/smart move selector strategies. 
# scores are 50% and 95% quantiles (based on 40 games) of: 
# game score, #destroyed, #unlocked, #stripes, #bombs, #zappers
0 0 0 0 0 0 0 0 0 0 0 0 0 6 6 0 0 0 0 0 0 0 0 0 0 0
3 3 0 0 0 0 0 0 0 0 0 0 0 9 9 0 0 0 0 0 0 0 0 0 0 0
6 6 0 0 0 0 0 0 0 0 0 0 0 39 16 0 0 0 0 0 0 0 0 0 0 0
9 9 0 0 0 0 0 0 0 0 0 0 0 109 42 4 1 0 0 0 0 0 0 0 0 0
12 12 0 0 0 0 0 0 0 0 0 0 0 112 44 4 1 0 1 0 0 0 0 0 0 0
15 15 0 0 0 0 0 0 0 0 0 0 0 384 76 13 4 3 2 0 0 0 0 0 0 0
18 18 0 0 0 0 0 0 0 0 0 0 0 645 118 13 5 5 3 0 0 0 1 0 0 0
21 21 0 0 0 0 0 0 0 0 0 0 0 673 121 15 10 5 3 0 0 0 1 0 0 0
27 26 0 0 0 0 0 0 0 0 0 0 0 677 131 15 10 5 3 0 0 0 1 0 0 0
31 30 0 0 0 0 0 0 0 0 0 0 0 721 148 17 10 6 3 0 1 0 1 0 0 0
47 33 0 0 0 0 0 0 0 0 0 0 0 724 152 17 10 6 3 1 1 0 2 0 0 0
84 37 0 0 0 1 0 0 0 0 0 0 0 729 157 17 10 6 3 1 1 0 2 0 0 0
201 51 1 1 1 1 0 0 0 0 0 0 0 770 164 17 10 6 3 1 1 0 2 0 0 0
221 59 1 1 1 1 0 0 0 0 0 0 0 788 182 17 11 6 3 1 1 0 2 0 0 0
379 88 7 4 3 2 0 0 0 0 0 0 0 795 191 18 11 6 3 1 1 0 2 0 1 0
463 104 7 6 3 2 0 0 0 1 0 0 0 848 204 18 14 6 4 1 1 0 2 0 1 0
573 124 9 7 4 3 0 0 0 1 0 0 0 851 207 19 14 6 4 1 1 0 2 0 1 0
605 130 9 7 4 3 0 0 0 1 0 0 0 854 210 19 14 7 4 1 1 0 2 0 1 0
610 134 10 7 4 3 0 0 0 1 0 0 0 857 215 19 14 7 4 1 1 0 2 0 1 0
674 141 10 7 4 3 0 0 0 1 0 0 0 863 218 20 14 7 4 1 1 0 2 1 1 0
677 146 10 7 4 3 0 0 0 1 0 0 0 873 221 20 14 7 4 1 1 0 2 1 1 0
682 149 10 7 4 3 0 0 0 1 0 0 0 880 226 20 14 7 4 1 1 0 2 1 1 0
694 156 10 8 4 3 0 0 0 1 0 0 0 904 232 20 14 7 4 1 1 0 2 1 1 0
716 164 10 9 4 3 0 0 0 1 0 0 0 927 236 20 15 7 4 1 1 0 2 1 1 0
736 170 10 9 4 3 0 0 0 1 0 0 0 1106 254 20 15 8 4 1 1 0 3 1 1 0
748 176 10 9 4 3 0 0 0 1 0 0 0 1157 263 20 15 8 4 1 1 0 3 1 1 0
760 181 10 9 4 3 0 0 0 1 0 0 0 1161 267 20 15 9 4 1 1 0 3 1 1 0
784 189 10 9 4 3 0 0 0 1 0 0 0 1165 272 20 15 9 4 1 1 0 3 1 1 0
797 201 11 9 4 3 0 0 0 1 0 0 0 1170 275 20 15 9 4 1 1 0 3 1 1 0
806 205 11 9 4 3 0 0 0 1 0 0 0 1180 278 20 16 9 4 1 1 0 3 1 1 0
809 209 11 9 4 3 0 0 0 1 0 0 0 1220 281 20 16 9 4 1 1 0 3 1 1 0
820 219 11 9 4 3 0 0 0 1 0 0 0 1223 284 20 16 9 4 1 1 0 3 1 1 0
834 223 11 9 4 3 0 0 0 1 0 0 0 1227 303 20 16 9 4 2 1 0 3 1 1 0
842 228 11 9 4 3 0 0 0 1 0 0 0 1231 308 20 16 9 4 2 1 0 3 1 1 0
845 233 11 10 4 3 0 0 0 1 0 0 0 1235 316 20 16 9 4 2 1 0 3 1 1 0
848 237 11 10 4 3 0 0 0 1 0 0 0 1254 319 20 16 9 4 2 1 0 3 1 1 0
852 245 11 10 4 3 0 0 0 1 0 0 0 1261 324 20 17 9 5 2 1 0 3 1 1 0
855 248 11 10 5 3 0 0 0 1 0 0 0 1286 331 20 17 9 5 2 1 0 3 1 1 0
859 254 11 10 5 3 0 0 0 1 0 0 0 1293 334 20 17 9 5 2 1 0 3 1 1 0
876 264 11 10 5 3 0 0 0 1 0 0 0 1315 338 20 18 9 5 2 1 0 3 1 1 0
880 269 11 11 5 3 0 0 0 1 0 0 0 1318 345 20 18 9 5 2 1 0 3 1 1 0
