# scores for worst/random/best/smart move selector strategies. 
# scores are 50% and 95% quantiles (based on 40 games) of: 
# game score, #destroyed, #unlocked, #stripes, #bombs, #zappers
0 0 0 0 0 0 0 0 0 0 0 0 0 6 6 0 0 0 0 0 0 0 0 0 0 0
3 3 0 0 0 0 0 0 0 0 0 0 0 9 9 0 0 0 0 0 0 0 0 0 0 0
6 6 0 0 0 0 0 0 0 0 0 0 0 83 21 0 0 0 1 0 0 0 1 0 0 0
10 10 0 0 0 0 0 0 0 0 0 0 0 130 30 0 0 0 2 0 0 0 1 0 0 0
14 14 0 0 0 0 0 0 0 0 0 0 0 461 94 16 6 4 2 0 1 0 1 0 0 0
18 18 0 0 0 0 0 0 0 0 0 0 0 763 136 19 13 4 3 1 1 0 2 0 0 0
45 24 0 0 0 0 0 0 0 0 0 0 0 823 139 19 16 4 3 1 1 0 2 1 0 0
79 30 0 1 0 1 0 0 0 0 0 0 0 917 149 19 20 5 3 1 1 0 2 1 0 0
189 53 1 1 0 1 0 0 0 0 0 0 0 973 165 19 23 7 4 1 1 0 2 1 1 0
629 103 6 7 4 3 0 0 0 0 0 0 0 977 172 19 23 10 4 2 1 0 2 1 1 0
689 121 8 8 4 3 0 0 0 0 0 0 0 1036 178 19 23 10 4 2 1 0 2 1 1 0
763 131 8 8 4 3 0 0 0 0 0 0 0 1075 194 19 24 11 4 2 1 0 2 1 1 0
777 144 9 10 4 3 0 0 0 0 0 0 0 1081 213 19 24 11 4 2 1 0 2 1 1 0
844 151 10 10 4 3 0 0 0 0 0 0 0 1147 226 19 24 11 4 2 1 1 3 1 1 0
864 161 10 10 4 3 0 0 0 0 0 0 0 1155 233 19 24 11 5 2 1 1 3 1 1 0
882 179 10 12 4 3 1 0 0 0 0 0 0 1233 241 19 24 11 5 2 1 1 3 1 1 0
909 191 10 12 4 3 1 0 0 1 0 0 0 1264 249 19 25 12 5 2 1 1 3 1 1 0
940 202 10 12 4 3 1 0 0 1 0 0 0 1331 264 19 25 12 5 2 1 1 3 1 1 0
986 215 11 13 5 3 1 1 0 1 0 0 0 1336 276 19 25 12 5 2 1 1 4 1 1 0
1051 227 11 13 5 3 1 1 0 1 0 0 0 1412 292 19 26 12 5 2 1 1 4 1 1 0
1076 245 11 14 5 3 1 1 0 1 0 0 0 1420 304 19 27 12 6 2 2 1 4 1 1 0
1091 255 11 14 5 4 1 1 0 1 0 0 0 1469 316 19 27 12 6 2 2 1 4 1 1 0
1122 267 11 14 5 4 1 1 0 1 0 0 0 1479 347 19 27 12 6 3 2 1 4 1 1 0
1135 277 11 14 5 4 1 1 0 1 0 0 0 1519 359 19 27 12 6 3 2 1 4 1 1 0
1171 285 11 15 5 4 1 1 0 1 0 0 0 1527 373 19 28 12 6 3 2 1 4 1 1 0
1180 291 11 15 5 4 1 1 0 1 0 0 0 1570 384 19 29 12 6 3 2 1 4 1 1 0
1201 305 11 16 5 4 1 1 0 1 0 0 0 1580 391 19 29 12 6 3 2 1 4 1 1 0
1222 317 11 16 6 4 1 1 0 2 0 0 0 1609 409 19 29 13 6 3 2 1 4 1 1 0
1275 331 11 17 6 4 1 1 0 2 0 0 0 1614 427 19 29 13 6 3 2 1 4 1 1 0
1301 347 11 18 6 4 1 1 0 2 0 0 0 1623 431 19 30 13 6 3 2 1 5 1 1 0
1314 360 11 19 6 4 1 1 0 2 0 0 0 1666 447 19 31 13 6 3 2 1 5 1 1 0
1370 367 11 19 6 4 1 1 0 2 0 0 0 1699 463 19 32 13 6 3 2 1 5 1 1 0
1389 375 11 19 6 4 1 1 0 2 0 0 0 1707 472 19 32 13 6 3 2 1 5 1 1 0
1411 386 11 19 6 4 1 1 0 2 0 0 0 1712 481 19 32 13 6 3 3 1 5 1 1 0
1430 401 11 20 6 5 1 1 0 2 0 0 0 1769 486 19 33 13 6 3 3 1 5 1 1 0
1467 410 11 20 6 5 1 1 0 2 0 0 0 1773 497 19 33 13 6 3 3 1 5 1 1 0
1531 423 11 21 6 5 1 1 0 2 0 0 0 1837 515 19 37 13 6 3 3 1 5 2 1 0
1577 430 11 21 6 5 1 1 0 3 0 0 0 1879 520 19 37 13 7 3 3 1 6 2 1 0
1611 452 11 23 6 5 2 1 0 3 0 0 0 1956 528 19 37 13 7 3 3 1 6 2 1 0
1634 460 11 23 6 5 2 1 0 3 0 0 0 1963 539 19 37 13 7 3 3 1 6 2 1 0
1678 475 11 24 6 5 2 1 0 3 1 0 0 2001 552 19 37 13 7 3 3 1 6 2 1 0
