# scores for worst/random/best/smart move selector strategies. 
# scores are 50% and 95% quantiles (based on 40 games) of: 
# game score, #destroyed, #unlocked, #stripes, #bombs, #zappers
0 0 0 0 0 0 0 0 0 0 0 0 0 6 6 0 0 0 0 0 0 0 0 0 0 0
3 3 0 0 0 0 0 0 0 0 0 0 0 11 11 0 0 0 0 0 0 0 0 0 0 0
6 6 0 0 0 0 0 0 0 0 0 0 0 43 16 0 0 0 0 0 0 0 0 0 0 0
6 6 0 0 0 0 0 0 0 0 0 0 0 95 18 3 0 0 0 0 0 0 0 0 0 0
12 12 0 0 0 0 0 0 0 0 0 0 0 233 52 6 2 1 2 0 0 0 0 0 0 0
12 12 0 0 0 0 0 0 0 0 0 0 0 454 79 7 4 3 2 0 0 0 0 0 0 0
15 15 0 0 0 0 0 0 0 0 0 0 0 457 82 7 4 3 2 0 0 0 0 0 0 0
18 18 0 0 0 0 0 0 0 0 0 0 0 474 85 7 5 3 2 0 0 0 0 0 0 0
21 21 0 0 0 0 0 0 0 0 0 0 0 491 89 7 5 3 2 0 0 0 0 0 0 0
24 24 0 0 0 0 0 0 0 0 0 0 0 582 113 7 7 4 3 0 0 0 0 0 0 0
27 27 0 0 0 0 0 0 0 0 0 0 0 637 128 14 9 4 3 0 0 0 0 0 0 0
30 30 0 0 0 0 0 0 0 0 0 0 0 645 132 15 9 4 3 0 0 0 0 0 0 0
33 33 0 0 0 0 0 0 0 0 0 0 0 648 138 15 9 4 3 0 0 0 0 0 0 0
36 36 0 0 0 0 0 0 0 0 0 0 0 676 152 15 9 4 3 0 0 0 0 0 0 0
39 39 0 0 0 0 0 0 0 0 0 0 0 680 155 15 9 4 3 0 0 0 0 0 0 0
52 43 0 0 0 0 0 0 0 0 0 0 0 683 162 15 9 4 3 0 0 0 0 0 0 0
63 48 0 1 0 0 0 0 0 0 0 0 0 692 165 15 10 4 3 0 0 0 0 0 0 0
111 56 0 1 0 0 0 0 0 0 0 0 0 706 175 15 10 4 3 0 0 0 0 0 0 0
137 72 0 1 0 0 0 0 0 0 0 0 0 744 178 15 11 4 3 0 0 0 0 0 0 0
188 83 0 1 0 0 0 0 0 0 0 0 0 750 182 15 11 4 3 0 0 0 1 0 0 0
255 90 1 2 1 1 0 0 0 0 0 0 0 754 185 15 11 4 3 0 0 0 1 0 0 0
343 104 2 2 2 1 0 0 0 0 0 0 0 757 189 15 11 4 3 0 0 0 1 0 0 0
363 109 2 2 2 1 0 0 0 0 0 0 0 763 192 15 11 4 3 0 0 0 1 0 0 0
366 114 2 2 2 1 0 0 0 0 0 0 0 767 203 15 11 4 3 0 0 0 1 0 0 0
371 119 2 2 2 1 0 0 0 0 0 0 0 770 208 15 11 4 3 0 0 0 1 0 0 0
374 125 2 3 2 1 0 0 0 0 0 0 0 773 211 15 11 4 3 0 0 0 1 0 0 0
377 130 2 3 2 1 0 0 0 0 0 0 0 776 218 15 11 4 3 0 0 0 1 0 0 0
390 133 3 3 2 1 0 0 0 0 0 0 0 779 221 15 11 4 3 0 0 0 1 0 0 0
397 139 5 3 2 1 0 0 0 0 0 0 0 783 224 15 11 4 3 0 0 0 1 0 0 0
406 144 5 3 2 1 0 0 0 0 0 0 0 786 230 15 11 4 3 0 0 0 1 0 0 0
410 147 6 4 3 1 0 0 0 0 0 0 0 789 235 15 11 4 3 0 0 0 1 0 0 0
417 150 6 4 3 1 0 0 0 0 0 0 0 796 245 15 11 4 3 0 0 0 1 0 0 0
429 157 6 5 3 1 0 0 0 0 0 0 0 799 248 15 11 4 3 0 0 0 1 0 0 0
433 158 6 5 3 1 0 0 0 0 0 0 0 802 251 15 11 4 3 0 0 0 1 0 0 0
458 170 6 5 3 2 0 0 0 0 0 0 0 833 259 15 11 5 3 0 0 0 1 0 0 0
461 173 6 5 3 2 0 0 0 0 0 0 0 836 263 15 11 5 3 0 0 0 1 0 0 0
474 184 6 5 3 2 0 0 0 0 0 0 0 844 266 15 11 5 3 0 0 0 1 0 0 0
515 191 6 5 3 3 0 0 0 0 0 0 0 847 272 15 11 5 3 0 0 0 1 0 0 0
555 196 6 5 3 3 0 0 0 0 0 0 0 851 275 15 11 5 3 0 0 0 1 0 0 0
631 206 6 6 3 3 0 0 0 0 0 0 0 858 282 15 11 5 3 0 0 0 1 0 0 0
634 209 6 6 3 3 0 0 0 0 0 0 0 862 285 15 11 5 3 0 0 0 1 0 0 0
