# scores for worst/random/best/smart move selector strategies. 
# scores are 50% and 95% quantiles (based on 40 games) of: 
# game score, #destroyed, #unlocked, #stripes, #bombs, #zappers
0 0 0 0 0 0 0 0 0 0 0 0 0 9 9 0 0 0 0 0 0 0 0 0 0 0
3 3 0 0 0 0 0 0 0 0 0 0 0 13 13 0 0 0 0 0 0 0 0 0 0 0
9 9 0 0 0 0 0 0 0 0 0 0 0 56 25 0 1 0 0 0 0 0 0 0 0 0
12 12 0 0 0 0 0 0 0 0 0 0 0 60 29 0 1 0 0 0 0 0 0 0 0 0
18 18 0 0 0 0 0 0 0 0 0 0 0 70 34 0 1 0 0 0 0 0 0 0 0 0
24 23 0 0 0 0 0 0 0 0 0 0 0 76 40 0 1 0 0 0 0 0 0 0 0 0
29 27 0 0 0 0 0 0 0 0 0 0 0 89 45 0 1 0 0 0 0 0 0 0 0 0
35 34 0 0 0 0 0 0 0 0 0 0 0 99 56 2 2 0 0 0 0 0 0 0 0 0
45 37 0 0 0 0 0 0 0 0 0 0 0 127 68 9 2 0 1 0 0 0 1 0 0 0
61 43 0 0 0 0 0 0 0 0 0 0 0 143 74 10 2 1 1 0 1 0 1 0 0 0
64 47 0 0 0 0 0 0 0 0 0 0 0 151 77 10 3 1 1 0 1 0 1 0 0 0
73 54 0 1 0 0 0 0 0 0 0 0 0 160 82 10 3 1 1 0 1 0 1 0 0 0
81 60 0 1 0 0 0 0 0 0 0 0 0 186 87 10 3 1 1 0 1 0 1 0 0 0
85 64 0 1 0 0 0 0 0 0 0 0 0 203 95 10 3 1 1 0 1 0 1 0 0 0
88 69 0 1 0 0 0 0 0 0 0 0 0 206 98 10 4 1 1 0 1 0 1 0 0 0
95 72 0 1 0 0 0 0 0 0 0 0 0 219 110 10 4 1 1 0 1 0 1 0 0 0
104 80 0 1 0 0 0 0 0 0 0 0 0 225 114 10 4 1 1 1 1 0 1 0 0 0
122 87 0 1 0 0 0 0 0 0 0 0 0 231 120 10 4 1 1 1 1 0 1 0 0 0
131 93 2 1 0 0 0 0 0 0 0 0 0 244 124 10 4 1 1 1 1 0 1 0 0 0
136 97 2 1 0 0 0 0 0 0 0 0 0 267 130 10 4 1 1 1 1 0 1 0 0 0
148 102 2 2 0 0 0 0 0 0 0 0 0 382 162 12 5 1 1 1 1 0 1 0 0 0
154 108 2 2 0 0 0 0 0 0 0 0 0 394 174 12 6 1 1 1 1 0 1 0 0 0
158 111 2 2 0 0 0 0 0 0 0 0 0 397 177 12 6 1 1 1 1 0 1 0 0 0
167 118 2 2 0 0 0 0 0 0 0 0 0 402 182 12 6 1 1 1 1 0 1 0 0 0
171 122 2 2 0 0 0 0 0 0 0 0 0 409 189 12 6 1 1 1 1 0 1 0 0 0
196 130 3 2 0 0 0 0 0 0 0 0 0 430 198 19 6 2 1 1 1 0 1 0 0 0
202 135 3 2 0 0 0 0 0 0 0 0 0 438 206 19 6 2 1 1 1 0 1 0 0 0
207 139 3 2 0 0 0 0 0 0 0 0 0 444 212 19 7 2 1 1 1 0 1 0 0 0
214 143 3 3 0 0 0 0 0 0 0 0 0 455 225 19 7 2 1 1 1 0 1 0 0 0
222 147 3 3 0 0 0 0 0 0 0 0 0 472 232 19 7 2 1 1 1 0 1 0 0 0
230 155 3 3 0 0 0 0 0 0 0 0 0 478 238 21 7 2 1 1 1 0 1 0 0 0
237 161 4 3 0 0 0 0 0 0 0 0 0 487 247 23 7 2 1 1 1 0 1 0 0 0
241 167 4 3 0 0 0 0 0 0 0 0 0 619 271 23 9 2 1 1 1 0 1 0 0 0
254 173 4 3 0 0 0 0 0 0 0 0 0 623 274 29 9 2 1 1 1 0 1 0 0 0
276 178 4 3 0 0 0 0 0 0 0 0 0 651 280 29 9 2 1 1 1 0 1 0 0 0
303 191 5 4 0 0 0 0 0 0 0 0 0 654 286 29 10 2 1 1 1 0 1 0 0 0
330 196 5 4 0 0 0 0 0 0 0 0 0 658 291 29 10 2 2 1 1 0 2 0 0 0
334 201 5 4 0 0 0 0 0 0 0 0 0 661 300 29 10 2 2 1 1 0 2 0 0 0
349 209 5 5 0 0 0 0 0 0 0 0 0 665 303 29 11 2 2 1 1 0 2 0 0 0
371 216 6 5 0 0 0 0 0 0 0 0 0 668 308 29 11 2 2 2 1 0 2 0 0 0
377 226 6 5 0 0 0 0 0 0 0 0 0 686 315 29 11 2 2 2 1 0 2 0 0 0
