# scores for worst/random/best/smart move selector strategies. 
# scores are 50% and 95% quantiles (based on 40 games) of: 
# game score, #destroyed, #unlocked, #stripes, #bombs, #zappers
0 0 0 0 0 0 0 0 0 0 0 0 0 9 9 0 0 0 0 0 0 0 0 0 0 0
3 3 0 0 0 0 0 0 0 0 0 0 0 12 12 0 0 0 0 0 0 0 0 0 0 0
9 9 0 0 0 0 0 0 0 0 0 0 0 17 17 0 0 0 0 0 0 0 0 0 0 0
12 12 0 0 0 0 0 0 0 0 0 0 0 46 26 0 1 0 0 0 0 0 0 0 0 0
15 15 0 0 0 0 0 0 0 0 0 0 0 51 32 0 1 0 0 0 0 0 0 0 0 0
21 21 0 0 0 0 0 0 0 0 0 0 0 54 36 0 1 0 0 0 0 0 0 0 0 0
26 25 0 0 0 0 0 0 0 0 0 0 0 57 40 0 1 0 0 0 0 0 0 0 0 0
30 29 0 0 0 0 0 0 0 0 0 0 0 78 46 0 1 0 0 0 0 0 0 0 0 0
33 33 0 0 0 0 0 0 0 0 0 0 0 84 53 0 1 0 0 0 0 0 0 0 0 0
39 39 0 0 0 0 0 0 0 0 0 0 0 90 59 0 1 0 0 0 0 0 0 0 0 0
46 44 0 0 0 0 0 0 0 0 0 0 0 97 66 1 1 0 0 0 0 0 0 0 0 0
49 48 0 0 0 0 0 0 0 0 0 0 0 100 69 1 1 0 0 0 0 0 0 0 0 0
57 52 0 0 0 0 0 0 0 0 0 0 0 116 72 2 1 0 0 0 0 0 0 0 0 0
61 56 0 0 0 0 0 0 0 0 0 0 0 119 75 2 1 0 0 0 0 0 0 0 0 0
72 61 0 0 0 0 0 0 0 0 0 0 0 125 82 2 1 0 0 0 0 0 0 0 0 0
80 65 0 0 0 0 0 0 0 0 0 0 0 133 91 2 1 0 0 0 0 0 0 0 0 0
85 70 0 0 0 0 0 0 0 0 0 0 0 136 101 2 1 0 0 0 0 0 0 0 0 0
90 74 0 0 0 0 0 0 0 0 0 0 0 169 107 2 1 0 0 0 0 0 0 0 0 0
95 77 0 1 0 0 0 0 0 0 0 0 0 172 117 4 2 0 0 0 0 0 0 0 0 0
100 81 0 1 0 0 0 0 0 0 0 0 0 175 120 4 2 0 0 0 0 0 0 0 0 0
104 85 0 1 0 0 0 0 0 0 0 0 0 189 124 5 2 0 0 0 0 0 0 0 0 0
111 91 0 1 0 0 0 0 0 0 0 0 0 193 129 5 2 0 0 0 0 0 0 0 0 0
118 98 0 1 0 0 0 0 0 0 0 0 0 200 134 5 2 1 0 0 0 0 0 0 0 0
126 105 0 1 0 0 0 0 0 0 0 0 0 213 145 5 2 1 0 0 0 0 0 0 0 0
129 108 0 1 0 0 0 0 0 0 0 0 0 220 148 7 2 1 0 0 0 0 0 0 0 0
135 112 0 1 0 0 0 0 0 0 0 0 0 252 152 7 2 1 0 0 0 0 0 0 0 0
141 117 0 1 0 0 0 0 0 0 0 0 0 260 168 13 2 2 0 0 0 0 0 0 0 0
149 123 1 1 0 0 0 0 0 0 0 0 0 266 179 13 2 2 0 0 0 0 0 0 0 0
158 130 1 1 0 0 0 0 0 0 0 0 0 270 183 13 2 2 0 0 0 0 0 0 0 0
166 133 1 1 0 0 0 0 0 0 0 0 0 295 188 14 3 2 1 0 0 0 1 0 0 0
169 140 1 1 0 0 0 0 0 0 0 0 0 298 191 14 3 2 1 0 0 0 1 0 0 0
172 146 1 1 0 0 0 0 0 0 0 0 0 309 195 14 4 2 1 0 0 0 1 0 0 0
183 149 1 1 0 0 0 0 0 0 0 0 0 335 205 16 4 2 1 0 1 0 1 0 0 0
194 153 1 1 0 0 0 0 0 0 0 0 0 340 212 16 4 2 1 0 1 0 1 0 0 0
198 156 1 1 0 0 0 0 0 0 0 0 0 347 215 16 4 2 1 0 1 0 1 0 0 0
206 162 1 1 0 0 0 0 0 0 0 0 0 350 218 16 4 2 1 0 1 0 1 0 0 0
212 167 1 2 0 0 0 0 0 0 0 0 0 382 225 16 4 2 1 0 1 0 1 0 0 0
216 173 1 2 0 0 0 0 0 0 0 0 0 458 236 16 5 3 1 0 1 0 1 0 0 0
228 178 3 2 0 0 0 0 0 0 0 0 0 477 241 16 5 3 1 0 1 0 1 0 0 0
236 185 3 2 0 0 0 0 0 0 0 0 0 481 245 17 5 3 1 0 1 0 1 0 0 0
239 189 3 2 0 0 0 0 0 0 0 0 0 486 251 17 6 3 1 0 1 0 1 0 0 0
