# scores for worst/random/best/smart move selector strategies. 
# scores are 50% and 95% quantiles (based on 40 games) of: 
# game score, #destroyed, #unlocked, #stripes, #bombs, #zappers
0 0 0 0 0 0 0 0 0 0 0 0 0 9 9 0 0 0 0 0 0 0 0 0 0 0
3 3 0 0 0 0 0 0 0 0 0 0 0 13 13 0 0 0 0 0 0 0 0 0 0 0
9 9 0 0 0 0 0 0 0 0 0 0 0 29 17 0 0 0 0 0 0 0 0 0 0 0
12 12 0 0 0 0 0 0 0 0 0 0 0 44 24 0 1 0 0 0 0 0 0 0 0 0
16 15 0 0 0 0 0 0 0 0 0 0 0 70 31 0 1 0 0 0 0 0 0 0 0 0
21 21 0 0 0 0 0 0 0 0 0 0 0 81 35 0 1 0 1 0 0 0 1 0 0 0
27 27 0 0 0 0 0 0 0 0 0 0 0 85 39 1 1 0 1 0 0 0 1 0 0 0
31 30 0 0 0 0 0 0 0 0 0 0 0 102 48 3 1 0 1 0 0 0 1 0 0 0
36 35 0 0 0 0 0 0 0 0 0 0 0 107 58 3 1 0 1 0 0 0 1 0 0 0
53 39 0 0 0 0 0 0 0 0 0 0 0 117 61 3 1 0 1 0 0 0 1 0 0 0
63 45 0 0 0 0 0 0 0 0 0 0 0 126 75 3 1 0 1 0 0 0 1 0 0 0
72 52 0 0 0 0 0 0 0 0 0 0 0 139 82 3 2 0 1 0 0 0 1 0 0 0
78 57 0 1 0 0 0 0 0 0 0 0 0 145 89 3 2 0 1 0 0 0 1 0 0 0
91 62 0 1 0 0 0 0 0 0 0 0 0 169 104 5 2 1 1 0 0 0 1 0 0 0
98 67 0 1 0 0 0 0 0 0 0 0 0 224 123 5 3 1 1 0 0 0 1 0 0 0
106 71 0 1 0 0 0 0 0 0 0 0 0 241 134 7 4 1 1 1 0 0 1 0 0 0
114 80 0 1 0 0 0 0 0 0 0 0 0 259 141 7 4 1 1 1 0 0 1 0 0 0
118 85 0 1 0 0 0 0 0 0 0 0 0 291 158 13 4 1 1 1 0 0 1 0 0 0
125 90 0 1 0 0 0 0 0 0 0 0 0 311 167 14 5 1 1 1 0 0 1 0 0 0
139 97 1 1 0 0 0 0 0 0 0 0 0 335 174 14 5 2 1 1 0 0 1 0 0 0
144 102 1 1 0 0 0 0 0 0 0 0 0 367 183 14 5 2 1 1 0 0 1 0 0 0
157 106 2 2 0 0 0 0 0 0 0 0 0 396 186 16 6 2 1 1 0 0 1 0 0 0
166 110 2 2 0 0 0 0 0 0 0 0 0 421 200 17 7 2 1 1 0 0 1 0 0 0
172 117 2 2 0 0 0 0 0 0 0 0 0 433 214 17 7 2 1 1 0 0 1 0 0 0
181 129 3 2 0 0 0 0 0 0 0 0 0 441 225 17 7 2 1 1 0 0 1 0 0 0
187 132 3 2 0 0 0 0 0 0 0 0 0 449 233 17 7 2 1 1 0 0 1 0 0 0
218 140 3 2 0 0 0 0 0 0 0 0 0 515 239 17 7 2 1 1 0 0 1 0 0 0
233 146 3 3 0 0 0 0 0 0 0 0 0 525 246 17 8 2 2 1 1 0 2 0 0 0
240 151 3 3 0 0 0 0 0 0 0 0 0 544 257 17 8 2 2 1 1 0 2 0 0 0
246 160 4 3 0 0 0 0 0 0 0 0 0 563 263 17 8 2 2 2 1 0 2 0 0 0
266 165 5 4 0 0 0 0 0 0 0 0 0 567 267 17 8 2 2 2 1 0 2 0 0 0
276 170 5 4 0 0 0 0 0 0 0 0 0 628 281 19 9 2 2 2 1 0 2 0 0 0
313 182 5 4 0 0 0 0 0 0 0 0 0 675 289 19 9 2 2 2 1 0 2 0 0 0
324 193 5 4 0 0 0 0 0 0 0 0 0 732 294 19 11 2 2 2 1 0 2 0 0 0
365 208 6 4 0 0 0 0 0 0 0 0 0 739 308 20 12 2 2 2 1 0 2 0 0 0
380 219 6 4 0 1 0 0 0 0 0 0 0 799 320 20 15 2 2 2 1 0 2 0 0 0
399 227 7 5 0 1 0 0 0 0 0 0 0 805 326 20 15 2 2 2 1 0 2 0 0 0
422 237 8 5 1 1 0 0 0 0 0 0 0 823 352 23 15 3 2 2 1 0 2 0 0 0
450 242 8 6 1 1 0 0 0 0 0 0 0 941 367 24 16 4 3 2 1 0 2 0 0 0
486 252 9 6 1 1 0 0 0 0 0 0 0 955 373 24 17 4 3 2 1 0 2 0 0 0
506 263 10 6 1 1 1 0 0 1 0 0 0 961 379 25 17 4 3 2 1 0 2 0 0 0
