# scores for worst/random/best/smart move selector strategies. 
# scores are 50% and 95% quantiles (based on 40 games) of: 
# game score, #destroyed, #unlocked, #stripes, #bombs, #zappers
0 0 0 0 0 0 0 0 0 0 0 0 0 9 9 0 0 0 0 0 0 0 0 0 0 0
3 3 0 0 0 0 0 0 0 0 0 0 0 12 12 0 0 0 0 0 0 0 0 0 0 0
9 9 0 0 0 0 0 0 0 0 0 0 0 15 15 0 0 0 0 0 0 0 0 0 0 0
12 12 0 0 0 0 0 0 0 0 0 0 0 18 18 0 0 0 0 0 0 0 0 0 0 0
15 15 0 0 0 0 0 0 0 0 0 0 0 24 24 0 0 0 0 0 0 0 0 0 0 0
21 21 0 0 0 0 0 0 0 0 0 0 0 29 29 0 0 0 0 0 0 0 0 0 0 0
24 24 0 0 0 0 0 0 0 0 0 0 0 42 37 0 0 0 0 0 0 0 0 0 0 0
30 29 0 0 0 0 0 0 0 0 0 0 0 45 40 0 0 0 0 0 0 0 0 0 0 0
33 33 0 0 0 0 0 0 0 0 0 0 0 76 45 0 0 0 0 0 0 0 0 0 0 0
38 37 0 0 0 0 0 0 0 0 0 0 0 85 51 1 1 0 0 0 0 0 0 0 0 0
43 42 0 0 0 0 0 0 0 0 0 0 0 93 54 2 1 0 0 0 0 0 0 0 0 0
48 48 0 0 0 0 0 0 0 0 0 0 0 100 62 2 1 0 0 0 0 0 0 0 0 0
51 51 0 0 0 0 0 0 0 0 0 0 0 108 73 3 2 0 0 0 0 0 0 0 0 0
57 57 0 0 0 0 0 0 0 0 0 0 0 117 78 3 2 0 0 0 0 0 0 0 0 0
62 61 0 0 0 0 0 0 0 0 0 0 0 122 84 3 2 0 0 0 0 0 0 0 0 0
66 66 0 0 0 0 0 0 0 0 0 0 0 125 89 3 2 0 0 0 0 0 0 0 0 0
70 70 0 0 0 0 0 0 0 0 0 0 0 132 92 4 2 0 0 0 0 0 0 0 0 0
79 74 0 0 0 0 0 0 0 0 0 0 0 136 96 4 2 0 0 0 0 0 0 0 0 0
84 81 0 0 0 0 0 0 0 0 0 0 0 140 106 4 2 0 0 0 0 0 0 0 0 0
93 85 0 0 0 0 0 0 0 0 0 0 0 143 111 4 2 0 0 0 0 0 0 0 0 0
97 93 0 0 0 0 0 0 0 0 0 0 0 148 114 4 2 0 0 0 0 0 0 0 0 0
107 99 0 0 0 0 0 0 0 0 0 0 0 153 120 4 2 0 0 0 0 0 0 0 0 0
116 102 0 0 0 0 0 0 0 0 0 0 0 165 127 4 2 0 0 0 0 0 0 0 0 0
124 106 0 0 0 0 0 0 0 0 0 0 0 170 132 4 2 0 0 0 0 0 0 0 0 0
127 109 0 0 0 0 0 0 0 0 0 0 0 185 140 4 2 0 0 0 0 0 0 0 0 0
130 113 0 0 0 0 0 0 0 0 0 0 0 188 144 4 2 0 0 0 0 0 0 0 0 0
133 119 0 0 0 0 0 0 0 0 0 0 0 193 153 4 2 1 0 0 0 0 0 0 0 0
138 124 0 1 0 0 0 0 0 0 0 0 0 196 157 4 2 1 0 0 0 0 0 0 0 0
144 128 0 1 0 0 0 0 0 0 0 0 0 199 160 4 2 1 0 0 0 0 0 0 0 0
150 131 0 1 0 0 0 0 0 0 0 0 0 202 163 4 2 1 0 0 0 0 0 0 0 0
155 137 0 1 0 0 0 0 0 0 0 0 0 229 170 4 3 1 0 0 0 0 0 0 0 0
158 141 0 1 0 0 0 0 0 0 0 0 0 235 173 4 3 1 0 0 0 0 0 0 0 0
164 147 0 1 0 0 0 0 0 0 0 0 0 242 177 4 3 1 0 0 0 0 0 0 0 0
170 150 0 1 0 0 0 0 0 0 0 0 0 245 181 4 3 1 0 0 0 0 0 0 0 0
173 155 0 1 0 0 0 0 0 0 0 0 0 248 184 4 3 1 0 0 0 0 0 0 0 0
178 159 0 1 0 0 0 0 0 0 0 0 0 251 188 4 3 1 0 0 0 0 0 0 0 0
184 162 0 1 0 0 0 0 0 0 0 0 0 254 194 4 3 1 0 0 0 0 0 0 0 0
190 165 0 1 0 0 0 0 0 0 0 0 0 290 199 4 3 1 0 0 0 0 0 0 0 0
196 173 0 1 0 0 0 0 0 0 0 0 0 293 203 4 3 1 0 0 0 0 0 0 0 0
204 176 0 1 0 0 0 0 0 0 0 0 0 296 209 4 3 1 0 0 0 0 0 0 0 0
211 184 0 1 0 0 0 0 0 0 0 0 0 299 214 4 3 1 0 0 0 0 0 0 0 0
