# scores for worst/random/best/smart move selector strategies. 
# scores are 50% and 95% quantiles (based on 40 games) of: 
# game score, #destroyed, #unlocked, #stripes, #bombs, #zappers
3 3 0 0 0 0 0 0 0 0 0 0 0 6 6 0 0 0 0 0 0 0 0 0 0 0
6 6 0 0 0 0 0 0 0 0 0 0 0 10 10 0 0 0 0 0 0 0 0 0 0 0
9 9 0 0 0 0 0 0 0 0 0 0 0 55 17 0 0 0 0 0 0 0 0 0 0 0
13 13 0 0 0 0 0 0 0 0 0 0 0 58 22 0 0 0 0 0 0 0 0 0 0 0
16 16 0 0 0 0 0 0 0 0 0 0 0 77 27 0 1 0 1 0 0 0 1 0 0 0
20 20 0 0 0 0 0 0 0 0 0 0 0 103 31 1 1 0 1 0 0 0 1 0 0 0
28 25 0 0 0 0 0 0 0 0 0 0 0 117 41 3 2 0 1 1 0 0 1 0 0 0
34 29 0 0 0 0 0 0 0 0 0 0 0 120 46 3 2 0 1 1 0 0 1 0 0 0
45 35 0 0 0 0 0 0 0 0 0 0 0 125 53 3 2 0 1 1 0 0 1 0 0 0
49 39 0 0 0 0 0 0 0 0 0 0 0 151 58 4 2 0 1 1 0 0 1 0 0 0
60 43 0 0 0 0 0 0 0 0 0 0 0 155 66 4 2 0 1 1 0 0 1 0 0 0
72 51 0 0 0 0 0 0 0 0 0 0 0 178 77 4 3 0 1 1 0 0 1 0 0 0
82 55 0 0 0 0 0 0 0 0 0 0 0 183 85 4 3 0 1 1 0 0 1 0 0 0
85 59 0 1 0 0 0 0 0 0 0 0 0 225 102 4 4 0 1 1 0 0 1 0 0 0
92 64 0 1 0 0 0 0 0 0 0 0 0 228 105 4 4 0 1 1 0 0 1 0 0 0
96 70 0 1 0 0 0 0 0 0 0 0 0 234 118 4 4 1 1 1 0 0 1 0 0 0
116 75 0 1 0 0 0 0 0 0 0 0 0 287 123 6 5 1 1 1 0 0 1 0 0 0
121 82 0 1 0 0 0 0 0 0 0 0 0 292 127 6 5 1 1 1 0 0 1 0 0 0
129 86 0 1 0 0 0 0 0 0 0 0 0 298 134 6 5 1 1 1 0 0 1 0 0 0
139 91 0 1 0 0 0 0 0 0 0 0 0 314 142 6 5 1 1 1 0 0 1 0 0 0
169 96 0 1 0 0 0 0 0 0 0 0 0 336 150 8 5 1 1 1 1 0 1 0 0 0
172 100 0 2 0 0 0 0 0 0 0 0 0 355 158 8 5 1 1 1 1 0 1 0 0 0
199 107 0 2 0 0 0 0 0 0 0 0 0 385 162 8 7 1 1 2 1 0 1 0 0 0
207 113 0 2 0 0 0 0 0 0 0 0 0 388 169 8 7 1 1 2 1 0 1 0 0 0
219 121 0 2 0 0 0 0 0 0 0 0 0 394 178 8 7 1 1 2 1 0 1 0 0 0
227 125 1 2 0 0 0 0 0 0 0 0 0 410 187 8 7 1 1 2 1 0 1 0 0 0
234 133 1 3 0 0 0 0 0 0 0 0 0 443 196 8 7 1 1 2 1 0 1 0 0 0
242 138 1 3 0 0 0 0 0 0 0 0 0 484 206 8 8 1 1 2 1 0 1 0 0 0
256 148 1 3 0 0 0 0 0 0 0 0 0 500 211 8 8 1 1 2 1 0 1 0 0 0
263 152 1 3 0 0 0 0 0 0 0 0 0 559 227 8 10 2 1 2 1 0 1 0 0 0
268 159 2 3 0 0 0 0 0 0 0 0 0 564 232 8 10 2 1 2 1 0 1 0 0 0
275 167 2 3 0 0 0 0 0 0 0 0 0 572 238 8 10 2 2 2 1 0 2 0 0 0
293 177 2 4 0 0 0 0 0 0 0 0 0 616 242 9 12 2 2 2 1 0 2 0 0 0
296 180 2 4 0 0 0 0 0 0 0 0 0 622 250 9 12 2 2 3 1 0 2 0 0 0
350 190 2 4 0 0 0 0 0 0 0 0 0 659 262 9 13 2 2 3 1 0 2 0 0 0
392 196 2 4 0 0 0 0 0 0 0 0 0 682 266 9 15 2 2 3 1 0 2 0 0 0
411 207 2 5 0 0 0 0 0 0 0 0 0 687 281 9 15 2 3 3 1 0 2 1 0 0
426 212 2 5 0 0 1 0 0 0 0 0 0 711 286 9 15 3 3 3 1 0 2 1 0 0
431 216 3 5 0 0 1 0 0 0 0 0 0 714 291 9 15 3 3 3 1 0 2 1 0 0
436 219 3 5 1 0 1 0 0 0 0 0 0 777 306 9 16 3 3 3 1 0 2 1 0 0
446 227 3 6 1 0 1 0 0 0 0 0 0 807 312 9 16 3 3 3 1 0 2 1 0 0
