# scores for worst/random/best/smart move selector strategies. 
# scores are 50% and 95% quantiles (based on 40 games) of: 
# game score, #destroyed, #unlocked, #stripes, #bombs, #zappers
3 3 0 0 0 0 0 0 0 0 0 0 0 6 6 0 0 0 0 0 0 0 0 0 0 0
6 6 0 0 0 0 0 0 0 0 0 0 0 11 11 0 0 0 0 0 0 0 0 0 0 0
9 9 0 0 0 0 0 0 0 0 0 0 0 17 17 0 0 0 0 0 0 0 0 0 0 0
12 12 0 0 0 0 0 0 0 0 0 0 0 47 23 0 0 0 0 0 0 0 0 0 0 0
16 16 0 0 0 0 0 0 0 0 0 0 0 50 27 0 0 0 0 0 0 0 0 0 0 0
20 20 0 0 0 0 0 0 0 0 0 0 0 56 33 0 0 0 0 0 0 0 0 0 0 0
24 24 0 0 0 0 0 0 0 0 0 0 0 83 38 1 0 0 0 0 0 0 0 0 0 0
27 27 0 0 0 0 0 0 0 0 0 0 0 86 41 1 1 0 0 0 0 0 0 0 0 0
31 31 0 0 0 0 0 0 0 0 0 0 0 90 44 1 1 0 0 0 0 0 0 0 0 0
36 35 0 0 0 0 0 0 0 0 0 0 0 98 48 1 1 0 0 0 0 0 0 0 0 0
39 39 0 0 0 0 0 0 0 0 0 0 0 103 53 1 1 0 0 0 0 0 0 0 0 0
43 43 0 0 0 0 0 0 0 0 0 0 0 106 60 1 1 0 0 0 0 0 0 0 0 0
47 46 0 0 0 0 0 0 0 0 0 0 0 109 63 1 1 0 0 0 0 0 0 0 0 0
51 51 0 0 0 0 0 0 0 0 0 0 0 138 72 1 1 0 0 0 0 0 0 0 0 0
58 57 0 0 0 0 0 0 0 0 0 0 0 159 75 1 2 0 0 0 0 0 0 0 0 0
61 60 0 0 0 0 0 0 0 0 0 0 0 162 82 1 2 0 0 0 0 0 0 0 0 0
64 63 0 0 0 0 0 0 0 0 0 0 0 179 86 1 2 0 0 0 0 0 0 0 0 0
71 69 0 0 0 0 0 0 0 0 0 0 0 198 90 2 3 0 0 0 0 0 0 0 0 0
78 74 0 0 0 0 0 0 0 0 0 0 0 201 99 2 3 0 0 0 0 0 0 0 0 0
86 81 0 0 0 0 0 0 0 0 0 0 0 204 105 2 3 0 0 0 0 0 0 0 0 0
92 86 0 0 0 0 0 0 0 0 0 0 0 209 111 2 3 0 0 0 0 0 0 0 0 0
108 92 0 0 0 0 0 0 0 0 0 0 0 216 116 3 3 0 0 1 0 0 0 0 0 0
121 96 0 0 0 0 0 0 0 0 0 0 0 224 119 3 3 0 0 1 0 0 0 0 0 0
126 100 0 1 0 0 0 0 0 0 0 0 0 227 126 3 3 0 0 1 0 0 0 0 0 0
132 103 0 1 0 0 0 0 0 0 0 0 0 230 131 3 3 0 0 1 0 0 0 0 0 0
137 107 0 1 0 0 0 0 0 0 0 0 0 248 134 3 4 0 0 1 0 0 0 0 0 0
149 110 0 1 0 0 0 0 0 0 0 0 0 253 141 3 4 1 0 1 0 0 0 0 0 0
155 118 0 1 0 0 0 0 0 0 0 0 0 261 147 3 4 1 0 1 0 0 0 0 0 0
161 123 0 1 0 0 0 0 0 0 0 0 0 264 151 3 4 1 0 1 0 0 0 0 0 0
172 130 0 1 0 0 0 0 0 0 0 0 0 272 158 3 4 1 0 1 0 0 0 0 0 0
175 135 0 1 0 0 0 0 0 0 0 0 0 277 165 3 4 1 0 1 0 0 0 0 0 0
178 138 0 1 0 0 0 0 0 0 0 0 0 288 170 3 4 1 0 1 0 0 0 0 0 0
184 144 0 1 0 0 0 0 0 0 0 0 0 302 174 3 4 1 0 1 0 0 0 0 0 0
197 151 0 1 0 0 0 0 0 0 0 0 0 309 180 4 4 1 0 1 0 0 0 0 0 0
204 155 0 1 0 0 0 0 0 0 0 0 0 340 189 4 4 1 0 1 0 0 0 0 0 0
210 159 0 1 0 0 0 0 0 0 0 0 0 352 203 4 4 1 0 1 0 0 0 0 0 0
214 164 0 1 0 0 0 0 0 0 0 0 0 355 210 4 4 1 0 1 0 0 0 0 0 0
230 170 0 1 0 0 0 0 0 0 0 0 0 376 214 4 5 1 0 1 0 0 0 0 0 0
243 174 0 2 0 0 0 0 0 0 0 0 0 388 221 4 5 1 1 1 0 0 1 0 0 0
251 184 0 2 0 0 0 0 0 0 0 0 0 391 224 5 5 1 1 1 0 0 1 0 0 0
254 190 1 2 0 0 0 0 0 0 0 0 0 408 230 5 5 1 1 1 0 0 1 0 0 0
