# scores for worst/random/best/smart move selector strategies. 
# scores are 50% and 95% quantiles (based on 40 games) of: 
# game score, #destroyed, #unlocked, #stripes, #bombs, #zappers
3 3 0 0 0 0 0 0 0 0 0 0 0 6 6 0 0 0 0 0 0 0 0 0 0 0
6 6 0 0 0 0 0 0 0 0 0 0 0 10 10 0 0 0 0 0 0 0 0 0 0 0
9 9 0 0 0 0 0 0 0 0 0 0 0 30 15 0 0 0 0 0 0 0 0 0 0 0
13 13 0 0 0 0 0 0 0 0 0 0 0 62 23 0 0 0 0 0 0 0 0 0 0 0
18 18 0 0 0 0 0 0 0 0 0 0 0 75 29 0 1 0 0 0 0 0 0 0 0 0
22 22 0 0 0 0 0 0 0 0 0 0 0 82 33 2 1 0 0 0 0 0 0 0 0 0
27 27 0 0 0 0 0 0 0 0 0 0 0 100 46 4 2 0 1 1 0 0 1 0 0 0
38 30 0 0 0 0 0 0 0 0 0 0 0 108 61 4 2 0 1 1 0 0 1 0 0 0
55 34 0 0 0 0 0 0 0 0 0 0 0 130 72 4 2 0 1 1 0 0 1 0 0 0
66 38 0 0 0 0 0 0 0 0 0 0 0 151 85 4 3 0 1 1 0 0 1 0 0 0
73 45 0 0 0 0 0 0 0 0 0 0 0 196 105 4 3 0 1 1 0 0 1 0 0 0
86 52 0 1 0 0 0 0 0 0 0 0 0 216 112 7 3 0 1 1 0 0 1 0 0 0
96 58 0 1 0 0 0 0 0 0 0 0 0 264 128 8 4 1 1 1 0 0 1 0 0 0
103 62 0 1 0 0 0 0 0 0 0 0 0 288 136 8 4 1 1 1 0 0 1 0 0 0
121 67 0 1 0 0 0 0 0 0 0 0 0 322 148 8 5 1 1 1 1 0 1 0 0 0
133 72 0 1 0 0 0 0 0 0 0 0 0 353 154 8 5 1 1 1 1 0 1 0 0 0
143 77 0 1 0 0 0 0 0 0 0 0 0 363 168 8 5 1 1 1 1 0 1 0 0 0
155 84 0 2 0 0 0 0 0 0 0 0 0 422 184 8 6 1 1 1 1 0 1 0 0 0
159 88 0 2 0 0 0 0 0 0 0 0 0 433 198 8 6 1 1 1 1 0 1 0 0 0
166 93 1 2 0 0 0 0 0 0 0 0 0 440 204 8 7 1 1 1 1 0 1 0 0 0
178 100 1 2 0 0 0 0 0 0 0 0 0 500 222 9 7 1 1 2 1 0 1 0 0 0
205 107 1 2 0 0 0 0 0 0 0 0 0 515 229 10 7 1 1 2 1 0 1 0 0 0
226 116 1 2 0 0 0 0 0 0 0 0 0 596 249 10 8 1 1 2 1 0 1 0 0 0
247 126 1 2 0 0 0 0 0 0 0 0 0 601 253 10 8 2 1 2 1 0 1 0 0 0
257 130 1 3 0 0 0 0 0 0 0 0 0 656 264 10 9 2 1 2 1 0 1 0 0 0
275 141 1 3 0 0 0 0 0 0 0 0 0 690 276 10 9 2 1 2 1 0 1 0 0 0
296 150 1 4 0 1 1 0 0 1 0 0 0 701 285 11 9 2 2 2 1 0 2 0 0 0
310 158 2 4 0 1 1 0 0 1 0 0 0 716 293 11 10 3 2 2 1 0 2 0 0 0
331 168 2 4 0 1 1 0 0 1 0 0 0 731 309 11 10 3 2 2 1 0 2 0 0 0
385 180 2 5 1 1 1 0 0 1 0 0 0 831 328 11 11 3 2 2 1 0 2 0 0 0
401 189 2 5 1 1 1 0 0 1 0 0 0 865 336 11 12 3 2 2 1 0 2 0 0 0
421 197 3 5 1 1 1 0 0 1 0 0 0 935 343 11 13 3 2 3 1 0 2 0 0 0
456 208 3 7 1 1 1 0 0 1 0 0 0 941 356 11 14 3 2 3 1 0 2 0 0 0
474 216 3 7 1 1 1 0 0 1 0 0 0 1017 362 11 14 6 3 3 1 0 2 0 0 0
509 238 3 7 1 1 1 0 0 1 0 0 0 1038 371 11 17 6 3 3 1 0 2 0 0 0
546 249 3 7 1 1 1 0 0 1 0 0 0 1047 402 11 21 6 4 3 1 0 3 1 0 0
551 255 3 8 1 1 1 0 0 1 0 0 0 1055 409 11 21 6 4 3 1 0 3 1 0 0
560 265 3 8 1 1 1 0 0 1 0 0 0 1096 420 11 22 7 4 3 1 0 3 1 0 0
628 287 3 9 1 1 1 0 0 1 0 0 0 1105 427 11 23 7 4 3 1 0 3 1 0 0
635 299 3 9 1 1 1 0 0 1 0 0 0 1143 434 11 23 7 4 3 1 0 3 1 0 0
709 311 4 9 1 1 1 0 0 1 0 0 0 1169 438 11 23 7 4 3 1 0 3 1 0 0
