# scores for worst/random/best/smart move selector strategies. 
# scores are 50% and 95% quantiles (based on 40 games) of: 
# game score, #destroyed, #unlocked, #stripes, #bombs, #zappers
3 3 0 0 0 0 0 0 0 0 0 0 0 6 6 0 0 0 0 0 0 0 0 0 0 0
6 6 0 0 0 0 0 0 0 0 0 0 0 9 9 0 0 0 0 0 0 0 0 0 0 0
9 9 0 0 0 0 0 0 0 0 0 0 0 15 15 0 0 0 0 0 0 0 0 0 0 0
12 12 0 0 0 0 0 0 0 0 0 0 0 18 18 0 0 0 0 0 0 0 0 0 0 0
15 15 0 0 0 0 0 0 0 0 0 0 0 29 28 0 0 0 0 0 0 0 0 0 0 0
21 21 0 0 0 0 0 0 0 0 0 0 0 34 31 0 0 0 0 0 0 0 0 0 0 0
24 24 0 0 0 0 0 0 0 0 0 0 0 37 34 0 0 0 0 0 0 0 0 0 0 0
27 27 0 0 0 0 0 0 0 0 0 0 0 41 38 0 0 0 0 0 0 0 0 0 0 0
33 33 0 0 0 0 0 0 0 0 0 0 0 63 46 0 0 0 0 0 0 0 0 0 0 0
37 37 0 0 0 0 0 0 0 0 0 0 0 66 52 0 0 0 0 0 0 0 0 0 0 0
40 40 0 0 0 0 0 0 0 0 0 0 0 69 55 0 0 0 0 0 0 0 0 0 0 0
45 45 0 0 0 0 0 0 0 0 0 0 0 72 59 0 0 0 0 0 0 0 0 0 0 0
48 48 0 0 0 0 0 0 0 0 0 0 0 89 64 0 1 0 0 0 0 0 0 0 0 0
51 51 0 0 0 0 0 0 0 0 0 0 0 94 68 0 1 0 0 0 0 0 0 0 0 0
56 56 0 0 0 0 0 0 0 0 0 0 0 97 71 0 1 0 0 0 0 0 0 0 0 0
60 60 0 0 0 0 0 0 0 0 0 0 0 126 80 0 1 0 0 0 0 0 0 0 0 0
64 64 0 0 0 0 0 0 0 0 0 0 0 129 84 0 1 0 0 0 0 0 0 0 0 0
69 69 0 0 0 0 0 0 0 0 0 0 0 133 90 0 1 0 0 0 0 0 0 0 0 0
72 72 0 0 0 0 0 0 0 0 0 0 0 136 93 0 1 0 0 0 0 0 0 0 0 0
75 75 0 0 0 0 0 0 0 0 0 0 0 139 96 0 1 0 0 0 0 0 0 0 0 0
79 79 0 0 0 0 0 0 0 0 0 0 0 146 106 0 1 0 0 0 0 0 0 0 0 0
82 82 0 0 0 0 0 0 0 0 0 0 0 149 111 0 1 0 0 0 0 0 0 0 0 0
87 87 0 0 0 0 0 0 0 0 0 0 0 152 114 0 1 0 0 0 0 0 0 0 0 0
92 92 0 0 0 0 0 0 0 0 0 0 0 158 119 0 1 1 0 0 0 0 0 0 0 0
96 96 0 0 0 0 0 0 0 0 0 0 0 163 124 0 1 1 0 0 0 0 0 0 0 0
104 101 0 0 0 0 0 0 0 0 0 0 0 176 132 0 1 1 0 0 0 0 0 0 0 0
107 104 0 0 0 0 0 0 0 0 0 0 0 179 135 1 1 1 0 0 0 0 0 0 0 0
115 110 0 0 0 0 0 0 0 0 0 0 0 184 138 1 1 1 1 0 0 0 1 0 0 0
119 114 0 0 0 0 0 0 0 0 0 0 0 209 141 1 1 1 1 0 0 0 1 0 0 0
126 121 0 0 0 0 0 0 0 0 0 0 0 212 144 1 1 1 1 0 0 0 1 0 0 0
134 125 0 0 0 0 0 0 0 0 0 0 0 215 147 1 1 1 1 0 0 0 1 0 0 0
142 129 0 0 0 0 0 0 0 0 0 0 0 220 150 1 1 1 1 0 0 0 1 0 0 0
150 134 0 0 0 0 0 0 0 0 0 0 0 226 157 1 1 1 1 0 0 0 1 0 0 0
157 138 0 0 0 0 0 0 0 0 0 0 0 229 168 1 1 1 1 0 0 0 1 0 0 0
161 140 0 0 0 0 0 0 0 0 0 0 0 239 171 1 1 1 1 0 0 0 1 0 0 0
170 144 0 0 0 0 0 0 0 0 0 0 0 251 179 1 2 1 1 0 0 0 1 0 0 0
175 147 0 0 0 0 0 0 0 0 0 0 0 255 186 1 2 1 1 0 0 0 1 0 0 0
178 152 0 0 0 0 0 0 0 0 0 0 0 267 193 1 2 1 1 0 0 0 1 0 0 0
185 157 0 0 0 0 0 0 0 0 0 0 0 270 196 1 2 1 1 0 0 0 1 0 0 0
192 162 0 0 0 0 0 0 0 0 0 0 0 274 201 1 2 1 1 0 0 0 1 0 0 0
195 165 0 0 0 0 0 0 0 0 0 0 0 278 207 1 2 1 1 0 0 0 1 0 0 0
