# scores for worst/random/best/smart move selector strategies. 
# scores are 50% and 95% quantiles (based on 40 games) of: 
# game score, #destroyed, #unlocked, #stripes, #bombs, #zappers
3 3 0 0 0 0 0 0 0 0 0 0 0 19 16 0 0 0 0 0 0 0 0 0 0 0
9 9 0 0 0 0 0 0 0 0 0 0 0 90 37 2 1 0 0 0 0 0 0 0 0 0
15 14 0 0 0 0 0 0 0 0 0 0 0 108 61 2 1 1 0 0 0 0 0 0 0 0
28 24 0 0 0 0 0 0 0 0 0 0 0 117 68 2 2 1 0 0 0 0 0 0 0 0
39 33 0 0 0 0 0 0 0 0 0 0 0 208 96 4 3 1 0 0 0 0 0 0 0 0
69 41 0 1 0 0 0 0 0 0 0 0 0 272 118 7 3 1 0 0 0 0 0 0 0 0
88 50 2 1 0 0 0 0 0 0 0 0 0 420 138 7 4 1 1 1 0 0 0 0 0 0
109 61 2 1 0 0 0 0 0 0 0 0 0 469 162 10 5 2 1 1 1 0 1 0 0 0
152 76 3 2 0 0 0 0 0 0 0 0 0 548 173 11 5 3 1 1 1 0 1 0 0 0
189 93 4 2 0 0 0 0 0 0 0 0 0 553 187 11 7 3 1 1 1 0 1 0 0 0
227 105 4 3 0 0 0 0 0 0 0 0 0 733 198 12 8 4 2 1 1 0 1 0 0 0
278 131 4 3 1 0 0 0 0 0 0 0 0 747 205 12 10 4 2 1 1 0 1 0 0 0
342 152 5 4 1 0 0 0 0 0 0 0 0 865 253 13 12 7 2 1 1 0 2 0 0 0
348 162 6 5 1 0 0 0 0 0 0 0 0 938 276 13 12 9 2 2 1 0 2 0 0 0
391 181 7 5 1 0 0 0 0 0 0 0 0 983 302 13 16 11 3 2 1 1 2 0 1 0
419 195 7 6 1 0 0 0 0 0 0 0 0 1135 351 13 21 11 3 2 1 1 2 1 1 0
468 213 8 6 1 0 0 0 0 0 0 0 0 1188 366 15 21 11 3 2 1 1 2 1 1 0
513 231 8 7 1 0 0 0 0 0 0 0 0 1250 400 15 22 11 3 2 1 1 2 1 1 0
535 249 9 8 2 0 0 0 0 0 0 0 0 1291 413 16 22 11 3 3 2 1 2 1 1 0
610 270 9 8 2 1 1 0 0 0 0 0 0 1308 430 16 22 11 3 3 2 1 3 1 1 0
646 286 9 9 2 1 1 0 0 0 0 0 0 1359 450 18 24 11 4 3 2 1 3 1 1 0
725 309 10 9 3 1 1 0 0 0 0 0 0 1397 476 18 24 15 4 3 2 1 3 1 1 0
758 330 10 10 3 1 1 0 0 0 0 0 0 1438 482 18 25 15 4 3 2 1 4 1 1 0
787 346 10 10 3 1 1 0 0 1 0 0 0 1444 490 18 25 15 4 3 2 1 4 1 1 0
881 356 10 11 3 1 1 0 0 1 0 0 0 1458 499 18 25 15 4 3 2 1 4 1 1 0
946 386 10 12 3 1 1 1 0 1 0 0 0 1716 551 18 33 15 5 3 3 1 4 1 1 0
978 394 10 13 3 1 1 1 0 1 0 0 0 1725 574 18 33 15 5 3 3 1 4 1 1 0
982 419 11 13 3 1 1 1 0 1 0 0 0 1772 579 18 33 15 5 3 3 1 4 1 1 0
1034 440 11 14 4 1 1 1 0 1 0 0 0 1780 624 18 33 15 6 3 3 1 4 1 1 0
1088 456 11 15 4 1 1 1 0 1 0 0 0 1948 649 18 38 16 6 3 3 1 4 1 1 0
1172 469 11 15 4 2 1 1 0 1 0 0 0 2043 668 18 46 16 6 3 3 1 4 2 1 0
1271 487 11 16 4 2 1 1 0 1 0 0 0 2052 678 18 46 18 6 4 3 1 4 2 1 0
1287 494 11 17 4 2 1 1 0 1 0 0 0 2107 691 18 48 19 6 4 3 1 4 2 1 0
1332 521 11 18 5 2 1 1 0 1 0 0 0 2135 705 18 49 19 6 4 3 1 5 2 1 0
1344 532 11 18 5 2 2 1 0 1 0 0 0 2199 719 18 50 19 8 4 3 1 5 2 1 0
1358 545 11 18 5 2 2 1 0 1 0 0 0 2282 748 18 52 19 8 4 3 1 5 2 1 0
1381 554 11 18 5 2 2 1 0 1 0 0 0 2336 762 18 53 19 8 4 3 1 5 2 1 0
1445 581 11 19 5 2 2 1 0 2 0 0 0 2384 793 18 53 19 8 4 3 1 5 2 1 0
1481 589 11 21 5 2 2 1 0 2 0 0 0 2393 799 18 57 19 8 4 3 1 5 2 1 0
1565 605 11 21 6 2 2 1 0 2 0 0 0 2400 805 18 57 19 8 4 3 1 5 2 1 0
1608 614 11 22 6 2 2 1 0 2 0 0 0 2411 809 18 57 19 8 4 3 1 5 2 1 0
