# scores for worst/random/best/smart move selector strategies. 
# scores are 50% and 95% quantiles (based on 40 games) of: 
# game score, #destroyed, #unlocked, #stripes, #bombs, #zappers
3 3 0 0 0 0 0 0 0 0 0 0 0 17 17 0 0 0 0 0 0 0 0 0 0 0
11 11 0 0 0 0 0 0 0 0 0 0 0 77 33 0 1 0 0 0 0 0 0 0 0 0
19 18 0 0 0 0 0 0 0 0 0 0 0 110 46 1 2 0 1 0 0 0 1 0 0 0
30 24 0 0 0 0 0 0 0 0 0 0 0 198 86 3 2 1 1 1 0 0 1 0 0 0
60 31 0 0 0 0 0 0 0 0 0 0 0 216 91 3 3 1 1 1 0 0 1 0 0 0
104 45 0 1 0 0 0 0 0 0 0 0 0 251 105 4 4 1 1 1 0 0 1 0 0 0
138 57 0 2 0 0 0 0 0 0 0 0 0 288 110 13 5 1 2 1 1 0 1 0 0 0
147 66 2 2 0 0 0 0 0 0 0 0 0 364 126 16 5 1 2 1 1 0 2 0 0 0
189 74 3 2 0 0 0 0 0 0 0 0 0 369 132 17 5 1 2 1 1 0 2 0 0 0
215 83 3 3 0 0 0 0 0 0 0 0 0 418 162 18 6 2 2 1 1 0 2 0 0 0
241 97 4 3 0 0 0 0 0 0 0 0 0 439 181 18 8 2 2 1 1 0 2 0 0 0
275 106 4 4 1 0 0 0 0 0 0 0 0 560 210 20 9 3 2 1 1 0 2 0 0 0
324 126 5 5 1 0 1 0 0 0 0 0 0 775 236 20 14 3 2 1 1 0 2 1 0 0
340 139 5 5 1 0 1 0 0 0 0 0 0 793 241 21 15 3 2 1 1 0 2 1 0 0
385 165 6 5 1 1 1 0 0 0 0 0 0 1143 295 22 16 5 3 1 1 0 2 1 0 0
409 171 7 6 1 1 1 0 0 0 0 0 0 1148 308 23 20 5 3 2 1 0 2 1 0 0
487 184 7 7 1 1 1 0 0 1 0 0 0 1194 327 23 20 6 3 2 1 0 3 1 0 0
541 208 8 7 2 1 1 0 0 1 0 0 0 1282 333 24 22 6 3 2 1 0 3 1 0 0
561 222 8 8 2 1 1 0 0 1 0 0 0 1327 353 24 23 6 3 2 1 0 3 1 0 0
590 238 8 8 2 1 1 0 0 1 0 0 0 1375 364 24 23 6 4 2 1 1 3 1 0 0
609 254 9 8 2 1 1 0 0 1 0 0 0 1383 372 24 23 6 4 2 1 1 3 1 0 0
686 278 9 9 2 1 1 0 0 1 0 0 0 1388 392 24 23 6 4 2 1 1 3 1 0 0
698 288 9 9 2 1 1 0 0 1 0 0 0 1443 419 24 23 6 4 2 1 1 3 1 0 0
758 299 9 10 3 2 1 0 0 1 0 0 0 1483 447 24 23 10 4 2 2 1 3 1 0 0
805 307 9 11 3 2 1 0 0 2 0 0 0 1522 474 24 25 10 5 3 2 1 3 1 0 0
833 327 9 11 3 2 1 0 0 2 0 0 0 1650 489 24 26 10 5 3 2 1 3 1 0 0
884 338 9 12 3 2 1 0 0 2 0 0 0 1663 543 24 26 10 5 3 2 1 4 1 0 0
917 349 10 13 3 2 1 0 0 2 0 0 0 1705 595 24 26 10 5 3 2 1 5 1 0 0
926 375 10 13 3 2 2 0 0 2 0 0 0 1811 610 24 26 10 5 3 2 1 5 1 0 0
967 389 11 13 3 2 2 1 0 2 0 0 0 1827 638 24 27 11 5 4 2 1 5 1 0 0
1054 408 11 13 4 2 2 1 0 2 0 0 0 1985 651 24 27 11 6 4 2 1 5 1 0 0
1115 423 11 15 4 2 2 1 0 2 0 0 0 2008 691 24 29 11 7 4 2 1 6 1 0 0
1134 438 11 16 4 2 2 1 0 2 0 0 0 2029 699 24 31 11 7 4 2 1 6 1 0 0
1174 455 11 18 4 2 2 1 0 2 0 0 0 2044 705 24 32 11 7 4 2 1 6 1 0 0
1206 462 11 18 4 2 2 1 0 2 0 0 0 2050 710 24 32 13 7 4 2 1 6 1 0 0
1235 469 11 18 4 2 2 1 0 2 0 0 0 2160 729 24 37 13 7 4 2 1 6 1 0 0
1302 486 11 18 4 2 2 1 0 2 0 0 0 2246 761 24 37 13 7 4 2 1 6 1 0 0
1361 496 11 19 4 3 2 1 0 2 0 0 0 2301 768 24 38 13 8 4 2 1 6 1 0 0
1431 520 11 20 4 3 2 1 0 2 0 0 0 2452 788 24 39 18 8 4 3 1 7 1 1 0
1496 540 11 21 4 3 2 1 0 2 0 0 0 2606 813 24 39 21 8 4 3 1 8 1 1 0
1505 549 11 21 4 3 2 1 0 2 0 0 0 2610 823 24 39 21 8 4 3 1 8 1 1 0
