# scores for worst/random/best/smart move selector strategies. 
# scores are 50% and 95% quantiles (based on 40 games) of: 
# game score, #destroyed, #unlocked, #stripes, #bombs, #zappers
3 3 0 0 0 0 0 0 0 0 0 0 0 17 17 0 0 0 0 0 0 0 0 0 0 0
9 9 0 0 0 0 0 0 0 0 0 0 0 39 27 0 0 0 0 0 0 0 0 0 0 0
15 15 0 0 0 0 0 0 0 0 0 0 0 46 42 0 0 0 0 0 0 0 0 0 0 0
20 20 0 0 0 0 0 0 0 0 0 0 0 53 47 0 1 0 0 0 0 0 0 0 0 0
29 27 0 0 0 0 0 0 0 0 0 0 0 128 51 1 2 0 0 0 0 0 0 0 0 0
36 34 0 0 0 0 0 0 0 0 0 0 0 149 60 2 2 0 0 0 0 0 0 0 0 0
45 39 0 0 0 0 0 0 0 0 0 0 0 154 65 2 2 1 0 0 0 0 0 0 0 0
52 47 0 0 0 0 0 0 0 0 0 0 0 167 80 4 2 1 1 0 0 0 1 0 0 0
69 51 0 0 0 0 0 0 0 0 0 0 0 174 95 4 2 1 1 0 0 0 1 0 0 0
78 59 0 0 0 0 0 0 0 0 0 0 0 183 100 4 2 1 1 0 0 0 1 0 0 0
98 68 0 1 0 0 0 0 0 0 0 0 0 242 107 5 3 2 1 0 0 0 1 0 0 0
111 76 0 1 0 0 0 0 0 0 0 0 0 245 117 5 3 2 1 0 0 0 1 0 0 0
135 85 0 1 0 0 0 0 0 0 0 0 0 249 120 5 3 2 1 0 0 0 1 0 0 0
162 96 1 1 0 0 0 0 0 0 0 0 0 291 126 6 3 2 1 0 0 0 1 0 0 0
173 101 1 1 0 0 0 0 0 0 0 0 0 299 141 6 3 2 1 0 0 0 1 0 0 0
178 106 1 1 0 0 0 0 0 0 0 0 0 312 145 6 4 2 1 0 0 0 1 0 0 0
182 110 1 1 0 0 0 0 0 0 0 0 0 389 152 6 4 2 1 0 0 0 1 0 0 0
191 117 2 1 0 0 0 0 0 0 0 0 0 409 162 7 4 2 1 0 0 0 1 0 0 0
201 127 2 2 0 0 0 0 0 0 0 0 0 412 168 7 4 2 1 0 0 0 1 0 0 0
210 134 2 2 1 0 0 0 0 0 0 0 0 473 183 7 5 2 1 0 0 0 1 0 0 0
244 145 2 2 1 0 0 0 0 0 0 0 0 492 190 9 5 3 1 0 0 0 1 0 0 0
287 150 2 2 1 0 0 0 0 0 0 0 0 513 208 9 6 3 1 0 0 0 1 0 0 0
297 157 2 2 1 0 0 0 0 0 0 0 0 554 214 9 6 3 1 0 0 0 1 0 0 0
314 167 2 2 1 0 0 0 0 0 0 0 0 582 226 10 6 4 1 0 0 0 1 0 0 0
321 174 2 2 1 0 0 0 0 0 0 0 0 589 241 10 6 4 1 0 0 0 1 0 0 0
335 187 2 3 1 0 0 0 0 0 0 0 0 595 246 10 6 4 1 0 0 0 1 0 0 0
348 192 3 3 1 0 0 0 0 0 0 0 0 608 251 10 7 4 2 0 0 0 1 0 0 0
363 196 3 3 1 0 0 0 0 0 0 0 0 616 260 10 7 4 2 1 0 0 1 0 0 0
403 207 3 3 2 0 0 0 0 0 0 0 0 619 263 10 7 4 2 1 0 0 1 0 0 0
408 214 3 4 2 0 0 0 0 0 0 0 0 626 269 10 7 4 2 1 0 0 1 0 0 0
417 221 3 4 2 0 0 0 0 0 0 0 0 630 274 10 7 4 2 1 0 0 1 0 0 0
420 228 3 4 2 0 0 0 0 0 0 0 0 713 290 10 7 5 2 1 0 0 1 0 0 0
429 238 3 4 2 0 0 0 0 0 0 0 0 737 309 10 7 5 2 1 1 0 1 0 0 0
438 246 3 4 2 0 0 0 0 0 0 0 0 746 316 10 7 5 2 1 1 1 1 0 0 0
448 255 3 4 2 0 0 0 0 0 0 0 0 801 335 10 8 5 2 1 1 1 1 0 0 0
472 264 4 4 2 0 0 0 0 0 0 0 0 809 339 10 8 5 2 1 1 1 1 0 0 0
495 279 4 4 2 0 0 0 0 0 0 0 0 812 346 10 10 6 2 1 1 1 1 0 0 0
510 282 4 5 2 0 0 0 0 0 0 0 0 822 354 10 10 6 2 1 1 1 1 0 0 0
518 288 4 5 2 0 0 0 0 0 0 0 0 872 369 10 10 6 2 1 1 1 1 0 0 0
532 292 4 5 2 0 0 0 0 0 0 0 0 877 372 10 10 6 2 1 1 1 1 0 0 0
557 298 4 5 2 0 0 0 0 0 0 0 0 890 378 10 10 6 2 1 1 1 1 0 0 0
