# scores for worst/random/best/smart move selector strategies. 
# scores are 50% and 95% quantiles (based on 40 games) of: 
# game score, #destroyed, #unlocked, #stripes, #bombs, #zappers
3 3 0 0 0 0 0 0 0 0 0 0 0 17 17 0 0 0 0 0 0 0 0 0 0 0
12 12 0 0 0 0 0 0 0 0 0 0 0 77 33 0 1 0 0 0 0 0 0 0 0 0
20 19 0 0 0 0 0 0 0 0 0 0 0 149 47 9 2 1 1 0 0 0 1 0 0 0
71 34 0 1 0 0 0 0 0 0 0 0 0 202 80 12 3 1 1 1 1 0 1 0 0 0
103 49 2 1 0 0 0 0 0 0 0 0 0 314 104 16 4 1 1 1 1 0 1 0 0 0
147 64 3 2 0 0 0 0 0 0 0 0 0 389 120 22 6 2 2 1 1 0 1 0 0 0
193 81 3 2 0 0 0 0 0 0 0 0 0 515 145 24 14 2 2 1 1 0 2 1 0 0
245 92 4 3 0 0 0 0 0 0 0 0 0 614 165 24 15 3 2 1 1 0 2 1 0 0
275 107 4 3 1 1 0 0 0 0 0 0 0 764 188 28 17 4 2 1 1 0 2 1 0 0
306 120 4 4 1 1 0 0 0 0 0 0 0 809 227 28 18 4 2 1 1 0 2 1 0 0
336 127 6 4 1 1 0 0 0 1 0 0 0 865 254 28 18 4 3 1 1 0 3 1 0 0
381 154 6 5 1 1 0 0 0 1 0 0 0 945 276 28 18 4 3 1 1 0 3 1 0 0
403 173 7 5 2 1 0 0 0 1 0 0 0 972 295 28 20 4 3 2 1 0 3 1 0 0
505 198 8 5 2 1 1 0 0 1 0 0 0 999 312 28 20 5 3 2 2 0 3 1 0 0
543 225 9 6 2 1 1 0 0 1 0 0 0 1364 347 28 24 11 4 2 2 0 3 1 0 0
690 252 9 8 2 2 1 0 0 1 0 0 0 1398 365 28 24 15 4 2 2 0 3 1 1 0
730 266 10 8 2 2 1 0 0 1 0 0 0 1573 391 28 25 17 4 2 2 0 3 1 1 0
860 291 10 9 3 2 1 1 0 2 0 0 0 1628 427 28 25 18 5 2 3 1 4 1 1 0
924 311 10 10 3 2 1 1 0 2 0 0 0 1684 440 28 27 18 6 2 3 1 4 1 1 0
1046 345 10 11 3 2 1 1 0 2 0 0 0 1719 483 28 27 20 6 2 3 1 4 1 1 0
1138 366 10 12 3 2 1 1 0 2 0 0 0 1747 500 28 27 20 6 2 3 1 4 1 1 0
1221 387 11 13 5 3 1 1 0 2 0 0 0 1827 508 28 28 20 6 2 3 1 5 1 1 0
1304 413 11 14 5 3 1 1 0 2 0 0 0 1844 528 28 28 21 7 3 3 1 5 1 1 0
1339 435 11 15 5 3 1 1 0 2 0 0 0 1996 554 28 28 21 7 3 3 1 5 1 1 0
1383 450 11 15 5 3 1 1 0 2 0 0 0 2046 573 28 37 22 7 3 3 1 5 1 1 0
1414 467 11 18 6 3 1 1 0 2 0 0 0 2347 627 28 38 23 7 3 3 1 6 1 1 0
1485 485 11 18 6 3 1 1 0 3 0 0 0 2567 678 28 43 31 8 3 3 1 6 2 1 0
1551 513 11 19 6 4 1 1 0 3 0 0 0 2640 697 28 45 31 8 3 3 1 6 2 1 0
1603 542 11 19 6 4 1 1 0 3 0 0 0 2768 716 28 45 34 8 3 3 1 6 2 1 0
1770 560 11 20 7 4 1 1 0 3 0 0 0 2892 733 28 47 35 9 3 3 1 6 2 1 0
1826 583 11 21 7 4 1 1 0 3 0 0 0 3081 747 28 48 42 9 3 4 1 6 2 2 0
1857 607 11 22 7 4 1 1 0 3 0 0 0 3144 779 28 50 42 9 3 4 1 6 2 2 0
1926 635 11 22 8 4 1 1 0 3 0 0 0 3153 796 28 50 42 9 3 4 1 6 2 2 0
1996 663 11 26 9 5 1 1 0 4 1 0 0 3189 827 28 50 42 9 3 4 1 6 2 2 0
2056 680 11 27 9 5 1 1 0 4 1 0 0 3197 873 28 50 42 10 3 4 1 7 2 2 0
2123 710 11 28 10 5 1 1 0 4 1 0 0 3205 901 28 51 42 10 4 4 1 7 2 2 0
2159 727 11 29 10 5 1 1 0 4 1 0 0 3318 909 28 51 43 10 4 4 1 7 2 2 0
2231 760 11 30 10 5 1 2 0 4 1 0 0 3333 943 28 52 43 10 4 4 1 7 2 2 0
2246 777 11 30 10 5 1 2 0 4 1 0 0 3409 962 28 52 43 10 4 4 1 7 2 2 0
2337 794 11 31 10 6 2 2 0 5 1 0 0 3445 1020 28 63 43 11 4 4 2 8 2 2 0
2375 821 11 32 10 6 2 2 0 5 1 0 0 3983 1029 28 63 45 11 4 4 2 8 2 2 0
