# scores for worst/random/best/smart move selector strategies. 
# scores are 50% and 95% quantiles (based on 40 games) of: 
# game score, #destroyed, #unlocked, #stripes, #bombs, #zappers
3 3 0 0 0 0 0 0 0 0 0 0 0 17 17 0 0 0 0 0 0 0 0 0 0 0
9 9 0 0 0 0 0 0 0 0 0 0 0 24 24 0 0 0 0 0 0 0 0 0 0 0
12 12 0 0 0 0 0 0 0 0 0 0 0 40 31 0 0 0 0 0 0 0 0 0 0 0
18 18 0 0 0 0 0 0 0 0 0 0 0 59 43 0 1 0 0 0 0 0 0 0 0 0
24 24 0 0 0 0 0 0 0 0 0 0 0 62 50 0 1 0 0 0 0 0 0 0 0 0
30 30 0 0 0 0 0 0 0 0 0 0 0 100 58 0 1 0 0 0 0 0 0 0 0 0
33 33 0 0 0 0 0 0 0 0 0 0 0 103 61 0 1 0 0 0 0 0 0 0 0 0
39 39 0 0 0 0 0 0 0 0 0 0 0 124 73 0 1 1 0 0 0 0 0 0 0 0
45 45 0 0 0 0 0 0 0 0 0 0 0 129 81 0 1 1 0 0 0 0 0 0 0 0
49 48 0 0 0 0 0 0 0 0 0 0 0 133 93 1 1 1 0 0 0 0 0 0 0 0
57 56 0 0 0 0 0 0 0 0 0 0 0 156 103 1 1 1 0 0 0 0 0 0 0 0
61 60 0 0 0 0 0 0 0 0 0 0 0 163 109 1 1 1 0 0 0 0 0 0 0 0
70 63 0 0 0 0 0 0 0 0 0 0 0 168 115 1 1 1 0 0 0 0 0 0 0 0
75 74 0 0 0 0 0 0 0 0 0 0 0 172 120 2 1 1 0 0 0 0 0 0 0 0
78 77 0 0 0 0 0 0 0 0 0 0 0 178 123 2 1 1 0 0 0 0 0 0 0 0
88 80 0 0 0 0 0 0 0 0 0 0 0 182 127 2 1 1 0 0 0 0 0 0 0 0
99 84 0 0 0 0 0 0 0 0 0 0 0 207 137 2 2 1 0 0 0 0 0 0 0 0
106 91 0 0 0 0 0 0 0 0 0 0 0 210 140 3 2 1 0 0 0 0 0 0 0 0
114 95 0 0 0 0 0 0 0 0 0 0 0 236 154 3 2 1 0 0 0 0 0 0 0 0
126 100 0 0 0 0 0 0 0 0 0 0 0 268 167 3 3 1 0 0 0 0 0 0 0 0
130 109 0 0 0 0 0 0 0 0 0 0 0 271 170 3 3 1 0 0 0 0 0 0 0 0
133 113 0 1 0 0 0 0 0 0 0 0 0 274 173 3 3 1 0 0 0 0 0 0 0 0
146 118 0 1 0 0 0 0 0 0 0 0 0 277 182 3 3 1 0 0 0 0 0 0 0 0
153 123 0 1 0 0 0 0 0 0 0 0 0 290 192 3 3 1 0 0 0 0 0 0 0 0
164 134 0 1 0 0 0 0 0 0 0 0 0 293 195 3 3 1 0 0 0 0 0 0 0 0
169 139 0 1 0 0 0 0 0 0 0 0 0 298 200 4 3 1 0 0 0 0 0 0 0 0
172 143 0 1 0 0 0 0 0 0 0 0 0 309 205 4 3 1 0 0 0 0 0 0 0 0
180 148 0 1 0 0 0 0 0 0 0 0 0 321 209 4 3 1 0 0 0 0 0 0 0 0
186 155 0 1 0 0 0 0 0 0 0 0 0 325 212 4 3 1 0 0 0 0 0 0 0 0
193 160 0 1 0 0 0 0 0 0 0 0 0 328 215 4 3 1 0 0 0 0 0 0 0 0
224 170 0 1 0 0 0 0 0 0 0 0 0 369 227 4 4 1 0 0 0 0 0 0 0 0
235 178 0 1 0 0 0 0 0 0 0 0 0 378 231 4 4 2 0 0 0 0 0 0 0 0
239 181 0 1 0 0 0 0 0 0 0 0 0 399 236 5 4 2 0 0 0 0 0 0 0 0
242 186 0 1 0 0 0 0 0 0 0 0 0 402 239 5 4 2 0 0 0 0 0 0 0 0
247 189 0 1 0 0 0 0 0 0 0 0 0 415 253 5 4 2 0 0 0 0 0 0 0 0
260 194 0 1 0 0 0 0 0 0 0 0 0 419 262 5 4 2 0 0 0 0 0 0 0 0
271 207 0 1 0 0 0 0 0 0 0 0 0 432 268 5 4 2 0 0 0 0 0 0 0 0
275 210 1 1 0 0 0 0 0 0 0 0 0 435 271 5 4 2 0 0 0 0 0 0 0 0
285 215 1 1 0 0 0 0 0 0 0 0 0 438 274 5 4 2 0 0 0 0 0 0 0 0
290 223 1 1 0 0 0 0 0 0 0 0 0 443 287 5 4 2 0 0 0 0 0 0 0 0
295 228 1 1 0 0 0 0 0 0 0 0 0 499 302 5 5 2 0 0 0 0 0 0 0 0
