# scores for worst/random/best/smart move selector strategies. 
# scores are 50% and 95% quantiles (based on 40 games) of: 
# game score, #destroyed, #unlocked, #stripes, #bombs, #zappers
3 3 0 0 0 0 0 0 0 0 0 0 0 9 9 0 0 0 0 0 0 0 0 0 0 0
6 6 0 0 0 0 0 0 0 0 0 0 0 15 15 0 0 0 0 0 0 0 0 0 0 0
12 12 0 0 0 0 0 0 0 0 0 0 0 49 21 0 0 0 0 0 0 0 0 0 0 0
18 18 0 0 0 0 0 0 0 0 0 0 0 78 34 3 2 0 0 0 0 0 0 0 0 0
23 23 0 0 0 0 0 0 0 0 0 0 0 129 55 3 2 0 0 1 0 0 0 0 0 0
28 28 0 0 0 0 0 0 0 0 0 0 0 136 62 3 2 0 0 1 0 0 0 0 0 0
38 34 0 0 0 0 0 0 0 0 0 0 0 229 77 4 4 1 1 1 0 0 0 0 0 0
44 41 0 0 0 0 0 0 0 0 0 0 0 232 80 4 4 1 1 1 0 0 0 0 0 0
60 45 0 0 0 0 0 0 0 0 0 0 0 235 83 7 4 1 1 1 0 0 1 0 0 0
82 53 0 0 0 0 0 0 0 0 0 0 0 238 90 8 4 1 1 1 0 0 1 0 0 0
89 61 0 1 0 0 0 0 0 0 0 0 0 254 102 10 4 1 1 1 1 0 1 0 0 0
110 65 0 1 0 0 0 0 0 0 0 0 0 263 113 12 4 1 1 1 1 0 1 0 0 0
114 70 0 1 0 0 0 0 0 0 0 0 0 267 117 12 4 1 1 1 1 0 1 0 0 0
130 76 1 2 0 0 0 0 0 0 0 0 0 272 121 12 4 1 1 1 1 0 1 0 0 0
140 80 2 2 0 0 0 0 0 0 0 0 0 327 130 13 6 1 1 1 1 0 1 0 0 0
160 90 3 2 0 0 0 0 0 0 0 0 0 378 139 13 6 1 1 2 1 0 1 0 0 0
163 97 3 2 0 0 0 0 0 0 0 0 0 385 146 14 6 1 1 2 1 0 1 0 0 0
178 107 3 2 0 0 0 0 0 0 0 0 0 407 156 14 7 1 1 2 1 0 1 0 0 0
199 115 3 3 0 0 0 0 0 0 0 0 0 427 161 15 7 1 1 2 1 0 1 0 0 0
225 126 3 3 0 0 0 0 0 0 0 0 0 432 176 15 7 2 1 2 1 0 1 0 0 0
234 133 3 3 0 0 0 0 0 0 0 0 0 482 183 15 7 2 2 2 1 0 1 0 0 0
257 143 3 4 0 0 0 0 0 0 0 0 0 519 203 15 8 2 2 2 1 0 1 0 0 0
272 149 4 4 0 0 0 0 0 0 0 0 0 524 217 15 8 2 2 2 1 0 1 0 0 0
280 157 4 4 0 0 0 0 0 0 0 0 0 528 227 15 8 2 2 2 1 0 1 0 0 0
293 165 5 4 0 0 1 0 0 0 0 0 0 539 230 15 8 2 2 2 1 0 1 0 0 0
308 173 6 5 0 0 1 0 0 0 0 0 0 555 241 15 8 3 2 2 1 0 1 0 0 0
335 182 6 5 0 0 1 0 0 0 0 0 0 576 250 16 9 3 2 2 1 0 1 0 0 0
347 191 6 5 0 0 1 0 0 0 0 0 0 641 275 16 9 3 2 2 1 0 1 0 0 0
350 198 6 5 0 0 1 0 0 0 0 0 0 744 287 16 11 3 2 3 1 0 1 0 0 0
392 205 6 5 0 0 1 0 0 0 0 0 0 754 294 16 11 3 2 3 1 0 2 0 0 0
399 217 6 5 0 0 1 0 0 0 0 0 0 764 298 16 11 3 2 3 1 0 2 0 0 0
430 229 6 7 1 0 1 0 0 0 0 0 0 767 305 16 11 3 2 3 1 0 2 0 0 0
439 234 6 7 1 0 1 0 0 0 0 0 0 884 314 16 15 3 2 3 1 0 2 1 0 0
483 250 7 7 1 0 1 0 0 0 0 0 0 923 323 16 16 4 2 3 1 0 2 1 0 0
507 255 7 8 1 0 1 0 0 0 0 0 0 929 329 16 16 4 2 3 1 0 2 1 0 0
539 260 7 8 1 0 1 0 0 0 0 0 0 934 339 16 16 4 3 3 1 0 2 1 0 0
557 266 7 8 1 0 1 0 0 0 0 0 0 1004 349 16 16 4 3 3 1 0 2 1 0 0
566 272 7 8 1 0 1 0 0 0 0 0 0 1008 356 16 16 4 3 3 1 0 2 1 0 0
581 279 7 9 1 0 1 0 0 0 0 0 0 1018 386 17 18 4 3 3 1 0 2 1 0 0
599 284 7 9 1 0 1 0 0 0 0 0 0 1021 392 17 18 4 3 3 1 0 2 1 0 0
612 295 7 9 1 0 1 0 0 0 0 0 0 1047 396 17 18 4 3 3 1 0 2 1 0 0
