# scores for worst/random/best/smart move selector strategies. 
# scores are 50% and 95% quantiles (based on 40 games) of: 
# game score, #destroyed, #unlocked, #stripes, #bombs, #zappers
3 3 0 0 0 0 0 0 0 0 0 0 0 9 9 0 0 0 0 0 0 0 0 0 0 0
8 8 0 0 0 0 0 0 0 0 0 0 0 23 23 0 0 0 0 0 0 0 0 0 0 0
16 15 0 0 0 0 0 0 0 0 0 0 0 63 34 3 1 0 0 0 0 0 0 0 0 0
25 23 0 0 0 0 0 0 0 0 0 0 0 99 49 3 1 1 1 0 0 0 1 0 0 0
51 31 0 0 0 0 0 0 0 0 0 0 0 145 67 3 2 1 1 1 0 0 1 0 0 0
63 41 0 1 0 0 0 0 0 0 0 0 0 205 77 3 4 1 1 1 0 0 1 0 0 0
95 47 0 1 0 0 0 0 0 0 0 0 0 260 90 4 5 1 1 1 0 0 1 1 0 0
106 58 1 1 0 0 0 0 0 0 0 0 0 275 105 13 5 2 1 1 0 0 1 1 0 0
124 67 2 1 0 0 0 0 0 0 0 0 0 316 116 15 6 2 1 1 1 0 1 1 0 0
154 73 3 2 0 0 0 0 0 0 0 0 0 345 122 20 6 2 1 1 1 0 1 1 0 0
180 81 3 2 0 0 0 0 0 0 0 0 0 378 134 20 7 2 2 1 1 0 1 1 0 0
195 90 3 2 0 0 0 0 0 0 0 0 0 389 147 20 7 2 2 1 1 0 2 1 0 0
232 102 3 3 0 0 0 0 0 0 0 0 0 416 153 20 7 3 2 1 1 0 2 1 0 0
263 118 3 3 1 0 0 0 0 0 0 0 0 486 165 21 7 3 2 1 1 0 2 1 0 0
290 123 3 4 1 0 0 0 0 0 0 0 0 495 174 21 7 3 2 1 1 0 2 1 0 0
303 132 3 4 1 0 0 0 0 0 0 0 0 525 180 22 7 3 2 1 1 0 2 1 0 0
318 144 4 4 1 0 0 0 0 0 0 0 0 529 190 22 8 3 2 2 1 0 2 1 0 0
326 151 5 4 1 0 0 0 0 0 0 0 0 537 196 22 8 3 2 2 1 0 2 1 0 0
369 157 5 5 1 0 1 0 0 0 0 0 0 589 223 22 8 3 2 2 1 0 2 1 0 0
397 171 5 6 1 1 1 0 0 1 0 0 0 598 238 22 8 3 2 2 1 0 2 1 0 0
416 177 5 6 1 1 1 0 0 1 0 0 0 700 255 23 9 4 2 2 1 0 2 1 0 0
455 197 5 6 1 1 1 0 0 1 0 0 0 731 267 23 10 4 2 2 1 0 2 1 0 0
462 203 5 6 1 1 1 0 0 1 0 0 0 734 276 23 10 5 2 2 1 0 2 1 0 0
498 225 5 7 1 1 1 0 0 1 0 0 0 857 290 23 12 5 3 2 1 0 2 1 0 0
528 236 5 7 2 1 1 0 0 1 0 0 0 889 299 23 12 5 3 2 1 0 3 1 0 0
537 245 5 7 2 1 1 0 0 1 0 0 0 952 312 23 12 5 3 2 1 0 3 1 0 0
551 249 5 8 2 1 1 0 0 1 0 0 0 957 323 23 12 5 3 2 2 0 3 1 0 0
588 264 6 8 2 1 1 0 0 1 0 0 0 987 339 23 19 5 4 3 2 0 3 1 0 0
630 277 7 9 2 1 1 0 0 1 0 0 0 1012 349 23 20 5 4 3 2 0 3 1 0 0
659 286 7 9 2 1 1 0 0 1 0 0 0 1018 367 23 20 5 4 3 2 0 3 1 0 0
700 296 7 10 2 1 1 0 0 1 0 0 0 1037 370 23 20 5 4 3 2 0 3 1 0 0
710 301 8 10 2 1 1 0 0 1 0 0 0 1060 376 23 20 6 4 3 2 0 3 1 0 0
718 311 8 11 2 1 1 0 0 1 0 0 0 1134 389 23 21 6 4 3 2 0 3 1 0 0
766 328 8 11 3 1 1 0 0 1 0 0 0 1162 409 23 21 6 4 3 2 0 3 1 0 0
782 335 8 11 3 1 1 0 0 1 0 0 0 1169 424 23 21 6 4 3 2 0 4 1 0 0
794 353 8 12 3 1 1 1 0 1 0 0 0 1244 430 23 21 6 4 3 2 0 4 1 0 0
840 365 8 12 3 1 1 1 0 1 0 0 0 1251 441 23 21 6 5 3 2 0 5 1 0 0
904 377 9 13 3 2 1 1 0 1 0 0 0 1256 470 23 24 6 5 3 2 0 5 1 0 0
949 389 9 13 3 2 1 1 0 1 0 0 0 1298 485 23 25 7 5 3 2 0 5 1 0 0
969 401 9 13 3 2 1 1 0 1 0 0 0 1403 507 23 25 7 5 3 2 0 5 1 0 0
979 411 9 13 3 2 2 1 0 1 0 0 0 1412 511 23 25 7 5 3 2 0 5 1 0 0
