# scores for worst/random/best/smart move selector strategies. 
# scores are 50% and 95% quantiles (based on 40 games) of: 
# game score, #destroyed, #unlocked, #stripes, #bombs, #zappers
0 0 0 0 0 0 0 0 0 0 0 0 0 6 6 0 0 0 0 0 0 0 0 0 0 0
3 3 0 0 0 0 0 0 0 0 0 0 0 9 9 0 0 0 0 0 0 0 0 0 0 0
6 6 0 0 0 0 0 0 0 0 0 0 0 43 15 5 0 0 0 0 0 0 0 0 0 0
9 9 0 0 0 0 0 0 0 0 0 0 0 845 68 31 17 7 0 0 0 0 0 0 0 0
12 12 0 0 0 0 0 0 0 0 0 0 0 1074 84 31 22 10 0 1 0 1 0 0 0 0
15 15 0 0 0 0 0 0 0 0 0 0 0 1143 115 43 22 10 0 1 1 1 0 0 0 0
21 21 0 0 0 0 0 0 0 0 0 0 0 1161 122 47 22 11 0 1 1 1 0 0 0 0
24 24 0 0 0 0 0 0 0 0 0 0 0 1246 126 47 26 11 0 1 1 1 0 0 0 0
29 27 0 0 0 0 0 0 0 0 0 0 0 1301 129 47 28 11 0 2 1 1 0 0 0 0
72 34 2 1 0 0 0 0 0 0 0 0 0 1381 139 47 29 11 0 2 1 1 0 0 0 0
399 66 15 6 3 0 0 0 0 0 0 0 0 1413 143 47 30 12 0 2 1 1 0 0 0 0
590 102 19 9 6 0 0 0 0 0 0 0 0 1416 156 47 30 12 0 2 1 1 0 0 0 0
1105 122 32 22 10 0 0 0 0 0 0 0 0 1419 162 47 30 12 0 2 1 1 0 0 0 0
1110 126 32 22 10 0 0 0 0 0 0 0 0 1438 170 47 30 12 0 2 1 1 0 0 0 0
1118 135 32 22 10 0 0 0 0 0 0 0 0 1442 177 47 30 12 0 2 1 1 0 0 0 0
1127 139 35 22 10 0 0 0 0 0 0 0 0 1456 181 47 31 12 0 2 1 2 0 0 0 0
1136 142 37 22 10 0 0 0 0 0 0 0 0 1459 186 47 31 12 0 2 1 2 0 0 0 0
1144 149 37 22 10 0 0 0 0 0 0 0 0 1462 189 47 31 12 0 2 1 2 0 0 0 0
1148 153 37 22 10 0 0 0 0 0 0 0 0 1471 194 47 31 12 0 2 1 2 0 0 0 0
1151 156 37 23 10 0 0 0 0 0 0 0 0 1488 200 47 31 12 0 2 1 2 0 0 0 0
1174 161 38 23 10 0 0 0 0 0 0 0 0 1491 208 47 31 12 0 2 1 2 0 0 0 0
1195 166 38 23 10 0 0 0 0 0 0 0 0 1496 214 47 31 12 0 2 1 2 0 0 0 0
1199 170 38 23 10 0 0 0 0 0 0 0 0 1514 218 47 31 12 0 2 1 2 0 0 0 0
1202 173 38 23 10 0 0 0 0 0 0 0 0 1523 225 47 31 12 0 2 1 2 0 0 0 0
1205 178 38 23 10 0 0 0 0 0 0 0 0 1530 236 47 31 12 0 2 1 2 0 0 0 0
1208 185 38 23 10 0 0 0 0 0 0 0 0 1533 241 47 32 12 0 2 1 2 0 0 0 0
1215 189 38 23 10 0 0 0 0 0 0 0 0 1540 244 47 32 12 0 2 1 2 0 0 0 0
1222 193 38 23 10 0 1 0 0 0 0 0 0 1543 247 47 32 12 0 2 1 2 0 0 0 0
1227 197 38 24 10 0 1 0 0 0 0 0 0 1546 250 47 32 12 0 2 1 2 0 0 0 0
1230 202 38 24 10 0 1 0 0 0 0 0 0 1554 260 47 32 12 0 2 1 2 0 0 0 0
1260 209 38 24 10 0 1 0 0 0 0 0 0 1563 263 47 32 12 0 2 1 2 0 0 0 0
1263 213 38 24 10 0 1 0 0 0 0 0 0 1572 267 47 32 12 0 2 1 2 0 0 0 0
1285 219 38 24 10 0 1 0 0 0 0 0 0 1578 270 47 32 12 1 2 1 2 0 0 0 0
1291 226 38 24 10 0 1 0 0 0 0 0 0 1605 278 47 32 12 1 3 1 2 1 0 0 0
1296 229 38 25 10 0 1 0 0 0 0 0 0 1609 283 47 32 12 1 3 1 2 1 0 0 0
1302 233 38 25 10 0 1 0 0 0 0 0 0 1618 288 47 33 12 1 3 1 2 1 0 0 0
1307 238 38 25 10 0 1 0 0 0 0 0 0 1632 293 47 33 12 1 3 1 2 1 0 0 0
1322 244 38 25 10 0 1 0 0 0 0 0 0 1636 301 47 33 12 1 3 1 2 1 0 0 0
1330 249 38 25 10 0 1 0 0 0 0 0 0 1639 311 47 33 12 1 3 1 2 1 0 0 0
1337 254 38 25 10 0 1 0 0 0 0 0 0 1667 315 47 34 12 1 3 1 2 1 0 0 0
1346 260 38 25 10 0 1 0 0 0 0 0 0 1670 322 47 34 12 1 3 1 2 1 0 0 0
