# scores for worst/random/best/smart move selector strategies. 
# scores are 50% and 95% quantiles (based on 40 games) of: 
# game score, #destroyed, #unlocked, #stripes, #bombs, #zappers
0 0 0 0 0 0 0 0 0 0 0 0 0 6 6 0 0 0 0 0 0 0 0 0 0 0
3 3 0 0 0 0 0 0 0 0 0 0 0 10 10 0 0 0 0 0 0 0 0 0 0 0
6 6 0 0 0 0 0 0 0 0 0 0 0 13 13 0 0 0 0 0 0 0 0 0 0 0
9 9 0 0 0 0 0 0 0 0 0 0 0 79 20 1 0 1 0 0 0 0 0 0 0 0
12 12 0 0 0 0 0 0 0 0 0 0 0 393 53 19 8 3 0 0 0 0 0 0 0 0
15 15 0 0 0 0 0 0 0 0 0 0 0 823 86 32 15 7 0 0 0 0 0 0 0 0
18 18 0 0 0 0 0 0 0 0 0 0 0 1102 111 44 22 10 0 1 0 1 0 0 0 0
22 22 0 0 0 0 0 0 0 0 0 0 0 1326 115 48 27 12 0 1 1 1 0 0 0 0
27 26 0 0 0 0 0 0 0 0 0 0 0 1362 124 48 27 13 0 1 1 1 0 0 0 0
32 30 0 0 0 0 0 0 0 0 0 0 0 1365 130 48 28 13 0 1 1 1 0 0 0 0
34 32 0 0 0 0 0 0 0 0 0 0 0 1368 133 48 28 13 0 1 1 1 0 0 0 0
39 36 0 0 0 0 0 0 0 0 0 0 0 1434 138 48 30 14 0 1 1 1 0 0 0 0
74 41 0 0 0 0 0 0 0 0 0 0 0 1467 152 48 31 14 0 1 1 1 0 0 0 0
407 74 14 6 4 0 0 0 0 0 0 0 0 1470 157 48 31 14 0 1 1 1 0 0 0 0
646 102 15 10 6 0 0 0 0 0 0 0 0 1473 163 48 31 14 0 1 1 1 0 0 0 0
1075 114 27 20 9 0 0 0 0 0 0 0 0 1476 166 48 31 14 0 1 1 1 0 0 0 0
1097 118 27 20 10 0 0 0 0 0 0 0 0 1479 169 48 31 14 0 1 1 1 0 0 0 0
1111 125 29 22 10 0 0 0 0 0 0 0 0 1484 173 48 31 14 0 1 1 1 0 0 0 0
1118 136 32 22 10 0 0 0 0 0 0 0 0 1489 176 48 31 14 0 1 1 1 0 0 0 0
1128 147 33 22 10 0 0 0 0 0 0 0 0 1492 179 48 31 14 0 1 1 1 0 0 0 0
1148 153 33 22 10 0 0 0 0 0 0 0 0 1524 184 48 32 14 0 1 1 1 0 0 0 0
1157 158 33 22 10 0 0 0 0 0 0 0 0 1529 189 48 32 14 0 1 1 1 0 0 0 0
1159 161 34 22 10 0 0 0 0 0 0 0 0 1532 192 48 32 14 0 1 1 1 0 0 0 0
1171 166 35 22 10 0 0 0 0 0 0 0 0 1535 195 48 32 14 0 1 1 1 0 0 0 0
1175 169 35 22 10 0 0 0 0 0 0 0 0 1538 198 48 32 14 0 1 1 1 0 0 0 0
1178 172 36 23 10 0 0 0 0 0 0 0 0 1541 201 48 32 14 0 1 1 1 0 0 0 0
1185 175 36 23 10 0 0 0 0 0 0 0 0 1545 205 48 32 14 0 1 1 1 0 0 0 0
1188 178 37 23 10 0 0 0 0 0 0 0 0 1562 211 48 32 14 0 1 1 1 0 0 0 0
1191 181 37 23 10 0 0 0 0 0 0 0 0 1592 214 48 32 14 0 1 1 1 0 0 0 0
1196 187 37 23 10 0 0 0 0 0 0 0 0 1620 217 48 33 14 0 1 1 1 0 0 0 0
1199 193 38 23 10 0 0 0 0 0 0 0 0 1623 223 48 33 14 0 1 1 1 0 0 0 0
1207 198 38 23 10 0 0 0 0 0 0 0 0 1628 226 48 33 14 0 1 1 2 0 0 0 0
1216 200 38 23 10 0 0 0 0 0 0 0 0 1631 229 48 33 14 0 1 1 2 0 0 0 0
1219 205 38 23 10 0 0 0 0 0 0 0 0 1634 238 48 33 14 0 1 1 2 0 0 0 0
1227 209 38 23 10 0 0 0 0 0 0 0 0 1637 247 48 33 14 0 1 1 2 0 0 0 0
1230 211 38 23 10 0 0 0 0 0 0 0 0 1641 250 48 33 14 0 1 1 2 0 0 0 0
1234 217 38 23 10 0 0 0 0 0 0 0 0 1655 253 48 34 14 0 1 1 2 0 0 0 0
1239 220 38 23 10 0 0 0 0 0 0 0 0 1658 259 48 34 14 0 1 1 2 0 0 0 0
1245 223 38 23 10 0 0 0 0 0 0 0 0 1663 262 48 34 14 0 1 1 2 0 0 0 0
1255 230 38 23 10 0 0 1 0 0 0 0 0 1667 267 48 34 14 0 1 1 2 0 0 0 0
1265 236 38 23 10 0 0 1 0 0 0 0 0 1670 270 48 34 14 0 1 1 2 0 0 0 0
