# scores for worst/random/best/smart move selector strategies. 
# scores are 50% and 95% quantiles (based on 40 games) of: 
# game score, #destroyed, #unlocked, #stripes, #bombs, #zappers
0 0 0 0 0 0 0 0 0 0 0 0 0 6 6 0 0 0 0 0 0 0 0 0 0 0
4 4 0 0 0 0 0 0 0 0 0 0 0 33 16 2 0 0 0 0 0 0 0 0 0 0
9 9 0 0 0 0 0 0 0 0 0 0 0 1100 104 37 22 10 0 0 1 0 0 0 0 0
17 13 0 0 0 0 0 0 0 0 0 0 0 1139 114 46 22 10 0 1 1 0 0 0 0 0
37 20 0 0 0 0 0 0 0 0 0 0 0 1144 123 47 22 10 0 1 1 0 0 0 0 0
424 54 16 6 5 0 0 0 0 0 0 0 0 1194 135 47 25 10 0 1 1 0 0 0 0 0
607 67 22 10 6 0 0 0 0 0 0 0 0 1210 144 48 25 10 0 1 1 1 0 0 0 0
1100 110 32 22 10 0 0 0 0 0 0 0 0 1215 148 49 25 11 0 1 1 1 0 0 0 0
1105 117 35 22 10 0 0 0 0 0 0 0 0 1268 153 51 26 11 0 2 1 1 0 0 0 0
1115 125 36 22 10 0 0 0 0 0 0 0 0 1428 163 51 29 12 0 2 1 1 0 0 0 0
1125 134 37 22 10 0 0 0 0 0 0 0 0 1457 171 51 30 12 1 2 1 1 0 0 0 0
1140 139 38 22 10 0 1 0 0 0 0 0 0 1464 182 51 30 12 1 2 1 1 1 0 0 0
1164 147 39 23 10 0 1 1 0 0 0 0 0 1477 191 51 30 12 1 2 1 1 1 0 0 0
1192 153 39 23 10 0 1 1 0 0 0 0 0 1497 199 51 30 12 1 2 1 1 1 0 0 0
1208 157 39 23 10 0 1 1 0 0 0 0 0 1504 205 51 31 13 1 2 1 1 1 0 0 0
1220 164 39 23 10 0 1 1 0 0 0 0 0 1530 214 51 31 13 1 2 1 1 1 0 0 0
1228 177 39 24 10 0 1 1 0 0 0 0 0 1549 220 51 31 13 1 2 2 1 1 0 0 0
1241 180 39 24 10 0 1 1 0 0 0 0 0 1668 230 51 35 13 1 2 2 1 1 0 0 0
1258 185 39 24 10 0 1 1 0 0 0 0 0 1671 237 51 35 13 1 2 2 1 1 0 0 0
1266 191 39 24 10 0 1 1 0 0 0 0 0 1695 245 51 36 13 1 2 2 1 1 0 0 0
1270 197 39 24 10 0 1 1 0 0 0 0 0 1699 250 51 36 13 1 2 2 1 1 0 0 0
1287 206 39 25 10 0 1 1 0 0 0 0 0 1702 261 51 36 13 2 2 2 1 1 0 0 0
1341 216 39 25 10 0 1 1 0 0 0 0 0 1707 271 51 36 13 2 3 2 1 1 0 0 0
1346 221 39 25 10 0 1 1 0 0 0 0 0 1731 283 51 36 13 2 3 2 1 2 0 0 0
1358 225 39 25 10 0 1 1 0 0 0 0 0 1734 286 51 36 13 2 3 2 1 2 0 0 0
1364 231 39 26 10 0 1 1 0 0 0 0 0 1737 290 51 36 13 2 3 2 1 2 0 0 0
1372 236 39 26 10 0 1 1 0 0 0 0 0 1741 297 51 36 13 2 3 2 1 2 0 0 0
1388 243 39 26 10 0 1 1 0 0 0 0 0 1778 302 51 37 13 2 3 2 1 2 0 0 0
1403 257 39 26 10 0 1 1 0 0 0 0 0 1782 306 51 37 13 2 3 2 1 2 1 0 0
1428 262 39 26 10 0 1 1 0 0 0 0 0 1785 311 51 37 13 3 3 2 1 2 1 0 0
1433 268 39 26 10 0 1 1 0 0 0 0 0 1790 316 51 37 13 3 3 2 1 2 1 0 0
1457 281 39 27 11 0 1 1 0 0 0 0 0 1824 329 51 37 13 3 3 2 1 3 1 0 0
1460 285 39 27 11 0 1 1 0 0 0 0 0 1830 334 51 37 13 3 3 2 1 3 1 0 0
1469 289 39 27 11 0 1 1 0 0 0 0 0 1847 341 51 38 14 3 4 2 1 3 1 0 0
1474 294 39 27 11 0 1 1 0 0 0 0 0 1854 349 51 38 14 3 4 2 1 3 1 0 0
1497 303 39 28 11 0 1 1 0 0 0 0 0 1858 356 51 38 14 3 4 2 1 3 1 0 0
1526 308 39 28 11 0 1 1 0 0 0 0 0 1863 377 51 38 14 3 4 2 1 3 1 0 0
1540 318 39 28 11 1 2 1 0 0 0 0 0 1889 383 51 38 14 3 4 2 1 3 1 0 0
1547 327 39 28 11 1 2 1 0 0 0 0 0 1895 390 51 39 14 3 4 2 1 3 1 0 0
1563 335 39 28 11 1 2 1 0 1 0 0 0 1974 399 51 40 14 4 4 2 1 3 1 0 0
1580 344 39 29 11 1 2 1 0 1 0 0 0 1991 408 51 40 14 4 4 2 1 3 1 0 0
