# scores for worst/random/best/smart move selector strategies. 
# scores are 50% and 95% quantiles (based on 40 games) of: 
# game score, #destroyed, #unlocked, #stripes, #bombs, #zappers
0 0 0 0 0 0 0 0 0 0 0 0 0 6 6 0 0 0 0 0 0 0 0 0 0 0
3 3 0 0 0 0 0 0 0 0 0 0 0 9 9 0 0 0 0 0 0 0 0 0 0 0
6 6 0 0 0 0 0 0 0 0 0 0 0 12 12 0 0 0 0 0 0 0 0 0 0 0
9 9 0 0 0 0 0 0 0 0 0 0 0 18 18 0 0 0 0 0 0 0 0 0 0 0
12 12 0 0 0 0 0 0 0 0 0 0 0 289 42 11 3 3 0 0 0 0 0 0 0 0
15 14 0 0 0 0 0 0 0 0 0 0 0 292 45 11 3 3 0 0 0 0 0 0 0 0
15 15 0 0 0 0 0 0 0 0 0 0 0 841 92 27 15 8 0 0 0 0 0 0 0 0
18 18 0 0 0 0 0 0 0 0 0 0 0 1108 116 38 22 10 0 0 0 0 0 0 0 0
21 21 0 0 0 0 0 0 0 0 0 0 0 1111 119 38 22 10 0 0 0 0 0 0 0 0
25 25 0 0 0 0 0 0 0 0 0 0 0 1114 124 38 22 10 0 0 0 0 0 0 0 0
27 27 0 0 0 0 0 0 0 0 0 0 0 1118 128 38 22 10 0 0 0 0 0 0 0 0
30 30 0 0 0 0 0 0 0 0 0 0 0 1136 135 38 22 10 0 0 0 0 0 0 0 0
34 33 0 0 0 0 0 0 0 0 0 0 0 1140 141 39 22 10 0 0 1 0 0 0 0 0
42 38 0 0 0 0 0 0 0 0 0 0 0 1143 144 39 22 10 0 0 1 0 0 0 0 0
54 42 0 0 0 0 0 0 0 0 0 0 0 1148 149 43 22 10 0 0 1 0 0 0 0 0
58 46 0 0 0 0 0 0 0 0 0 0 0 1152 152 43 22 10 0 0 1 0 0 0 0 0
61 49 0 0 0 0 0 0 0 0 0 0 0 1157 157 43 22 10 0 0 1 0 0 0 0 0
71 56 1 1 0 0 0 0 0 0 0 0 0 1160 160 43 22 10 0 0 1 0 0 0 0 0
128 64 10 2 0 0 0 0 0 0 0 0 0 1166 165 43 22 10 0 0 1 0 0 0 0 0
208 71 13 4 1 0 0 0 0 0 0 0 0 1176 168 43 22 10 0 0 1 0 0 0 0 0
260 79 13 4 1 0 0 0 0 0 0 0 0 1180 173 43 22 10 0 0 1 0 0 0 0 0
263 79 13 4 1 0 0 0 0 0 0 0 0 1187 179 43 22 10 0 0 1 0 0 0 0 0
328 91 14 6 3 0 0 0 0 0 0 0 0 1190 182 43 22 10 0 0 1 0 0 0 0 0
382 100 14 6 4 0 0 0 0 0 0 0 0 1195 187 43 22 10 0 0 1 0 0 0 0 0
625 108 21 10 6 0 0 0 0 0 0 0 0 1198 191 43 22 10 0 0 1 0 0 0 0 0
628 111 21 10 6 0 0 0 0 0 0 0 0 1201 194 43 22 10 0 0 1 0 0 0 0 0
678 130 26 13 6 0 0 0 0 0 0 0 0 1204 197 43 22 10 0 0 1 0 0 0 0 0
890 139 27 16 8 0 0 0 0 0 0 0 0 1207 200 43 22 10 0 0 1 0 0 0 0 0
1089 157 30 19 10 0 0 0 0 0 0 0 0 1210 203 43 22 10 0 1 1 0 0 0 0 0
1092 160 30 19 10 0 0 0 0 0 0 0 0 1213 206 43 22 10 0 1 1 0 0 0 0 0
1095 164 30 19 10 0 0 0 0 0 0 0 0 1216 209 43 23 10 0 1 1 0 0 0 0 0
1099 169 30 19 10 0 0 0 0 0 0 0 0 1219 212 43 23 10 0 1 1 0 0 0 0 0
1102 175 30 19 10 0 0 0 0 0 0 0 0 1222 215 43 23 10 0 1 1 0 0 0 0 0
1112 178 31 20 10 0 0 0 0 0 0 0 0 1225 221 43 23 10 0 1 1 0 0 0 0 0
1115 181 32 20 10 0 0 0 0 0 0 0 0 1230 224 43 23 10 0 1 1 0 0 0 0 0
1118 184 32 20 10 0 0 0 0 0 0 0 0 1233 228 43 23 10 0 1 1 0 0 0 0 0
1122 188 32 20 10 0 0 0 0 0 0 0 0 1236 231 43 23 10 0 1 1 0 0 0 0 0
1149 194 33 21 10 0 0 0 0 0 0 0 0 1239 234 43 23 10 0 1 1 0 0 0 0 0
1152 197 33 21 10 0 0 0 0 0 0 0 0 1244 239 43 23 10 0 1 1 0 0 0 0 0
1155 200 33 21 10 0 0 0 0 0 0 0 0 1249 245 43 23 10 0 1 1 0 0 0 0 0
1184 206 33 22 10 0 0 0 0 0 0 0 0 1252 249 44 23 10 0 1 1 0 0 0 0 0
