# scores for worst/random/best/smart move selector strategies. 
# scores are 50% and 95% quantiles (based on 40 games) of: 
# game score, #destroyed, #unlocked, #stripes, #bombs, #zappers
3 3 0 0 0 0 0 0 0 0 0 0 0 8 8 0 0 0 0 0 0 0 0 0 0 0
7 7 0 0 0 0 0 0 0 0 0 0 0 16 16 0 0 0 0 0 0 0 0 0 0 0
10 10 0 0 0 0 0 0 0 0 0 0 0 57 27 0 1 0 0 0 0 0 0 0 0 0
15 15 0 0 0 0 0 0 0 0 0 0 0 90 32 1 1 0 0 0 0 0 0 0 0 0
21 21 0 0 0 0 0 0 0 0 0 0 0 97 42 2 1 1 0 0 0 0 0 0 0 0
27 26 0 0 0 0 0 0 0 0 0 0 0 102 47 2 1 1 0 0 0 0 0 0 0 0
33 30 0 0 0 0 0 0 0 0 0 0 0 109 61 2 1 1 0 0 0 0 0 0 0 0
50 36 0 0 0 0 0 0 0 0 0 0 0 119 69 2 1 1 1 0 0 0 0 0 0 0
68 43 0 0 0 0 0 0 0 0 0 0 0 180 78 3 2 1 1 0 0 0 0 0 0 0
73 50 0 1 0 0 0 0 0 0 0 0 0 184 89 3 2 1 1 1 0 0 0 0 0 0
82 55 1 1 0 0 0 0 0 0 0 0 0 198 109 6 3 1 1 1 0 0 1 0 0 0
91 61 1 1 0 0 0 0 0 0 0 0 0 240 121 6 4 1 1 1 0 0 1 0 0 0
109 69 1 1 0 0 0 0 0 0 0 0 0 258 129 6 4 1 1 1 0 0 1 0 0 0
112 74 1 1 0 0 0 0 0 0 0 0 0 299 141 6 4 1 1 1 0 0 1 0 0 0
140 83 1 1 0 0 0 0 0 0 0 0 0 320 157 6 4 1 1 1 0 0 1 0 0 0
148 88 1 1 0 0 0 0 0 0 0 0 0 391 164 7 6 1 1 1 1 0 1 0 0 0
165 93 2 2 0 0 0 0 0 0 0 0 0 395 171 7 6 1 1 1 1 0 1 0 0 0
194 102 2 2 0 0 0 0 0 0 0 0 0 409 174 8 7 2 1 1 1 0 1 0 0 0
199 109 2 2 0 0 0 0 0 0 0 0 0 492 186 9 8 2 1 1 1 0 1 0 0 0
208 113 2 3 0 0 0 0 0 0 0 0 0 507 195 9 8 2 1 2 1 0 1 0 0 0
217 118 2 3 0 0 0 0 0 0 0 0 0 512 199 9 8 2 1 2 1 0 1 0 0 0
248 131 2 3 0 0 0 0 0 0 0 0 0 517 204 9 8 2 1 2 1 0 1 0 0 0
261 136 2 4 0 0 0 0 0 0 0 0 0 522 208 9 8 2 1 2 1 0 1 0 0 0
271 141 2 4 0 0 0 0 0 0 0 0 0 525 211 9 8 2 1 2 1 0 1 0 0 0
282 150 2 4 0 0 1 0 0 0 0 0 0 533 219 9 9 2 1 2 1 0 1 0 0 0
289 156 3 4 0 0 1 0 0 0 0 0 0 539 223 9 9 2 1 2 1 0 1 0 0 0
303 160 3 4 0 0 1 0 0 0 0 0 0 573 232 9 10 2 1 2 1 0 1 0 0 0
312 165 3 4 0 0 1 0 0 0 0 0 0 654 242 9 13 2 1 2 1 0 1 0 0 0
335 174 3 5 0 0 1 0 0 0 0 0 0 695 252 9 14 2 1 3 1 0 1 0 0 0
345 180 3 5 0 0 1 0 0 0 0 0 0 705 263 9 14 2 1 3 1 0 1 0 0 0
354 187 3 5 0 0 1 0 0 0 0 0 0 710 269 9 14 2 1 3 1 0 1 0 0 0
365 191 3 5 0 0 1 0 0 0 0 0 0 719 282 9 14 2 1 3 1 0 1 0 0 0
383 195 3 7 0 0 1 0 0 0 0 0 0 734 289 9 14 2 1 3 1 0 1 0 0 0
389 205 3 7 0 0 1 0 0 0 0 0 0 737 292 9 14 2 1 3 1 0 1 0 0 0
407 212 3 7 0 0 1 0 0 0 0 0 0 742 295 9 14 2 1 3 1 0 1 0 0 0
446 219 3 7 0 0 1 0 0 0 0 0 0 763 305 9 15 2 1 3 1 0 1 0 0 0
463 237 4 7 1 0 1 0 0 0 0 0 0 799 342 9 15 2 2 3 1 0 1 0 0 0
468 243 4 8 1 0 1 0 0 0 0 0 0 804 350 9 15 2 2 3 1 0 2 0 0 0
487 254 4 8 1 0 1 0 0 0 0 0 0 807 353 9 15 2 2 3 1 0 2 0 0 0
535 259 4 8 1 0 1 0 0 0 0 0 0 860 363 9 16 3 2 3 2 0 2 0 0 0
552 265 4 8 1 0 1 0 0 0 0 0 0 916 374 9 16 3 2 3 2 0 2 0 0 0
