# scores for worst/random/best/smart move selector strategies. 
# scores are 50% and 95% quantiles (based on 40 games) of: 
# game score, #destroyed, #unlocked, #stripes, #bombs, #zappers
3 3 0 0 0 0 0 0 0 0 0 0 0 8 8 0 0 0 0 0 0 0 0 0 0 0
6 6 0 0 0 0 0 0 0 0 0 0 0 16 16 0 0 0 0 0 0 0 0 0 0 0
12 12 0 0 0 0 0 0 0 0 0 0 0 49 25 0 0 0 0 0 0 0 0 0 0 0
15 15 0 0 0 0 0 0 0 0 0 0 0 52 29 1 1 0 0 0 0 0 0 0 0 0
19 19 0 0 0 0 0 0 0 0 0 0 0 82 37 2 1 0 0 0 0 0 0 0 0 0
27 27 0 0 0 0 0 0 0 0 0 0 0 93 46 2 1 1 0 0 0 0 0 0 0 0
33 32 0 0 0 0 0 0 0 0 0 0 0 108 55 3 2 1 0 0 0 0 0 0 0 0
41 36 0 0 0 0 0 0 0 0 0 0 0 115 59 3 2 1 0 0 0 0 0 0 0 0
48 42 0 0 0 0 0 0 0 0 0 0 0 124 72 3 2 1 0 0 0 0 0 0 0 0
53 50 0 0 0 0 0 0 0 0 0 0 0 130 77 3 2 1 0 0 0 0 0 0 0 0
62 53 0 0 0 0 0 0 0 0 0 0 0 138 80 3 2 1 0 0 0 0 0 0 0 0
70 60 0 0 0 0 0 0 0 0 0 0 0 156 94 3 2 1 0 0 0 0 0 0 0 0
73 63 0 0 0 0 0 0 0 0 0 0 0 177 98 3 2 1 0 0 0 0 0 0 0 0
80 69 0 0 0 0 0 0 0 0 0 0 0 180 101 3 2 1 0 0 0 0 0 0 0 0
96 73 0 0 0 0 0 0 0 0 0 0 0 185 106 3 3 1 0 0 0 0 0 0 0 0
106 78 0 1 0 0 0 0 0 0 0 0 0 199 114 3 3 1 0 0 0 0 0 0 0 0
109 85 0 1 0 0 0 0 0 0 0 0 0 202 118 3 3 1 0 0 0 0 0 0 0 0
112 88 0 1 0 0 0 0 0 0 0 0 0 206 122 3 3 1 0 0 0 0 0 0 0 0
116 92 0 1 0 0 0 0 0 0 0 0 0 209 126 3 3 1 0 0 0 0 0 0 0 0
123 95 0 1 0 0 0 0 0 0 0 0 0 212 132 3 3 1 0 0 0 0 0 0 0 0
142 101 0 1 0 0 0 0 0 0 0 0 0 226 146 3 3 1 0 0 0 0 0 0 0 0
158 107 1 1 0 0 0 0 0 0 0 0 0 240 154 3 3 1 0 1 0 0 0 0 0 0
164 112 1 1 0 0 0 0 0 0 0 0 0 250 163 3 3 1 0 1 0 0 0 0 0 0
168 119 1 2 0 0 0 0 0 0 0 0 0 327 183 3 4 1 0 1 0 0 0 0 0 0
178 123 1 2 0 0 0 0 0 0 0 0 0 330 186 3 4 1 0 1 0 0 0 0 0 0
183 129 1 2 0 0 0 0 0 0 0 0 0 363 192 3 5 1 0 1 0 0 0 0 0 0
187 134 1 2 0 0 0 0 0 0 0 0 0 366 195 3 5 2 0 1 0 0 0 0 0 0
194 140 1 2 0 0 0 0 0 0 0 0 0 371 201 3 5 2 0 1 0 0 0 0 0 0
200 143 1 2 0 0 0 0 0 0 0 0 0 381 204 3 5 2 0 1 0 0 0 0 0 0
210 150 1 2 0 0 0 0 0 0 0 0 0 384 207 3 5 2 1 1 0 0 1 0 0 0
220 154 1 2 0 0 0 0 0 0 0 0 0 392 210 4 5 2 1 1 0 0 1 0 0 0
231 164 1 2 0 0 0 0 0 0 0 0 0 398 214 4 5 2 1 1 0 0 1 0 0 0
243 168 2 2 0 0 0 0 0 0 0 0 0 401 217 4 5 2 1 1 0 0 1 0 0 0
247 173 2 2 0 0 0 0 0 0 0 0 0 407 226 4 5 2 1 1 0 0 1 0 0 0
262 178 2 2 0 0 0 0 0 0 0 0 0 412 238 5 5 2 1 1 0 0 1 0 0 0
268 183 2 2 0 0 0 0 0 0 0 0 0 419 246 5 5 2 1 1 0 0 1 0 0 0
271 188 2 2 0 0 0 0 0 0 0 0 0 430 250 5 5 2 1 1 0 0 1 0 0 0
279 192 2 2 0 0 0 0 0 0 0 0 0 433 254 5 5 2 1 1 0 0 1 0 0 0
294 196 2 2 0 0 0 0 0 0 0 0 0 437 257 5 5 2 1 1 0 0 1 0 0 0
298 201 2 2 0 0 0 0 0 0 0 0 0 458 263 5 6 2 1 1 0 0 1 0 0 0
305 204 2 3 0 0 0 0 0 0 0 0 0 461 266 5 6 2 1 1 0 0 1 0 0 0
