# scores for worst/random/best/smart move selector strategies. 
# scores are 50% and 95% quantiles (based on 40 games) of: 
# game score, #destroyed, #unlocked, #stripes, #bombs, #zappers
3 3 0 0 0 0 0 0 0 0 0 0 0 8 8 0 0 0 0 0 0 0 0 0 0 0
8 8 0 0 0 0 0 0 0 0 0 0 0 43 14 0 0 0 0 0 0 0 0 0 0 0
13 13 0 0 0 0 0 0 0 0 0 0 0 80 26 1 1 0 0 0 0 0 0 0 0 0
20 20 0 0 0 0 0 0 0 0 0 0 0 94 33 3 2 0 0 0 0 0 0 0 0 0
35 29 0 0 0 0 0 0 0 0 0 0 0 121 46 8 2 1 0 0 0 0 0 0 0 0
61 34 0 0 0 0 0 0 0 0 0 0 0 128 59 8 2 1 0 0 0 0 0 0 0 0
79 44 0 1 0 0 0 0 0 0 0 0 0 147 68 9 3 1 0 1 1 0 0 0 0 0
109 53 1 1 0 0 0 0 0 0 0 0 0 197 77 13 3 1 1 1 1 0 1 0 0 0
132 65 1 1 0 0 0 0 0 0 0 0 0 211 92 13 4 1 1 1 1 0 1 0 0 0
144 69 2 2 0 0 0 0 0 0 0 0 0 308 111 13 4 2 1 1 1 0 1 0 0 0
164 80 2 2 0 0 0 0 0 0 0 0 0 383 121 14 4 2 1 1 1 0 1 0 0 0
193 92 2 2 0 0 0 0 0 0 0 0 0 401 129 14 5 2 1 1 1 0 1 0 0 0
218 102 2 3 0 0 0 0 0 0 0 0 0 407 137 14 5 2 2 1 1 0 1 0 0 0
243 111 3 3 1 0 0 0 0 0 0 0 0 418 158 14 5 2 2 1 1 0 1 0 0 0
279 120 3 3 1 0 0 0 0 0 0 0 0 426 168 14 6 2 2 1 1 0 1 0 0 0
284 131 3 4 1 0 0 0 0 0 0 0 0 440 178 14 6 2 2 1 1 0 1 0 0 0
310 138 3 4 1 0 0 0 0 0 0 0 0 480 192 14 7 2 2 1 1 0 2 0 0 0
360 146 3 5 1 0 0 0 0 0 0 0 0 523 201 14 9 3 2 1 1 0 2 1 0 0
366 154 4 5 1 0 0 0 0 0 0 0 0 581 216 14 11 3 2 2 1 0 2 1 0 0
388 177 4 6 1 1 0 0 0 0 0 0 0 619 226 14 11 3 3 2 1 0 2 1 0 0
407 188 4 6 1 1 0 0 0 0 0 0 0 654 238 14 11 3 3 2 1 0 2 1 0 0
428 197 4 6 1 1 0 0 0 0 0 0 0 690 257 14 11 3 3 2 1 0 3 1 0 0
465 211 4 7 1 1 1 0 0 1 0 0 0 813 273 14 13 3 3 2 2 0 3 1 0 0
511 222 4 7 1 1 1 0 0 1 0 0 0 832 292 14 13 4 3 2 2 0 3 1 0 0
525 232 4 7 1 1 1 0 0 1 0 0 0 838 300 14 14 4 3 2 2 0 3 1 0 0
546 243 5 8 1 1 1 0 0 1 0 0 0 935 308 14 14 5 3 3 2 0 3 1 0 0
571 251 5 8 1 1 1 0 0 1 0 0 0 966 322 14 15 5 3 3 2 0 3 1 0 0
616 264 5 8 1 1 1 0 0 1 0 0 0 986 331 14 16 5 3 3 2 0 3 1 0 0
634 273 5 8 1 1 1 0 0 1 0 0 0 1003 335 14 16 5 4 3 2 0 4 1 0 0
664 280 5 9 1 2 1 0 0 1 0 0 0 1008 369 14 16 5 4 3 2 0 4 1 0 0
690 295 5 9 2 2 1 0 0 2 0 0 0 1045 377 14 17 5 4 3 2 0 4 1 0 0
723 310 5 9 2 2 1 0 0 2 0 0 0 1057 409 14 17 5 4 3 2 0 4 1 0 0
735 317 5 9 2 2 1 0 0 2 0 0 0 1105 421 14 17 5 4 3 2 0 4 1 0 0
767 332 5 10 2 2 1 0 0 2 0 0 0 1146 439 14 17 5 4 3 2 0 4 1 0 0
786 342 5 10 2 2 1 0 0 2 0 0 0 1227 452 14 18 5 4 3 3 0 4 1 0 0
817 349 5 11 2 3 1 0 0 2 0 0 0 1243 463 14 18 5 4 4 3 1 4 1 0 0
832 362 5 11 2 3 1 0 0 2 0 0 0 1276 468 14 18 6 4 4 3 1 4 1 0 0
863 380 5 12 2 3 1 0 0 2 0 0 0 1283 485 14 19 6 4 4 3 1 4 1 0 0
873 386 5 12 2 3 1 0 0 2 0 0 0 1288 494 14 19 6 5 4 3 1 5 1 0 0
892 392 5 12 2 3 1 1 0 2 0 0 0 1312 507 14 19 6 5 4 3 1 5 1 0 0
913 407 5 12 2 3 1 1 0 3 0 0 0 1352 512 14 19 6 5 4 3 1 5 1 0 0
