# scores for worst/random/best/smart move selector strategies. 
# scores are 50% and 95% quantiles (based on 40 games) of: 
# game score, #destroyed, #unlocked, #stripes, #bombs, #zappers
3 3 0 0 0 0 0 0 0 0 0 0 0 8 8 0 0 0 0 0 0 0 0 0 0 0
6 6 0 0 0 0 0 0 0 0 0 0 0 14 14 0 0 0 0 0 0 0 0 0 0 0
9 9 0 0 0 0 0 0 0 0 0 0 0 22 22 0 0 0 0 0 0 0 0 0 0 0
14 14 0 0 0 0 0 0 0 0 0 0 0 44 30 0 0 0 0 0 0 0 0 0 0 0
18 18 0 0 0 0 0 0 0 0 0 0 0 50 33 0 0 0 0 0 0 0 0 0 0 0
24 24 0 0 0 0 0 0 0 0 0 0 0 65 45 1 1 0 0 0 0 0 0 0 0 0
27 27 0 0 0 0 0 0 0 0 0 0 0 71 50 1 1 0 0 0 0 0 0 0 0 0
31 31 0 0 0 0 0 0 0 0 0 0 0 79 55 1 1 0 0 0 0 0 0 0 0 0
36 36 0 0 0 0 0 0 0 0 0 0 0 87 60 1 1 0 0 0 0 0 0 0 0 0
41 41 0 0 0 0 0 0 0 0 0 0 0 98 65 1 1 0 0 0 0 0 0 0 0 0
49 47 0 0 0 0 0 0 0 0 0 0 0 104 73 1 1 0 0 0 0 0 0 0 0 0
53 51 0 0 0 0 0 0 0 0 0 0 0 107 76 1 1 0 0 0 0 0 0 0 0 0
60 59 0 0 0 0 0 0 0 0 0 0 0 114 84 1 2 0 0 0 0 0 0 0 0 0
63 63 0 0 0 0 0 0 0 0 0 0 0 154 93 1 2 1 0 0 0 0 0 0 0 0
70 70 0 0 0 0 0 0 0 0 0 0 0 157 99 1 2 1 0 0 0 0 0 0 0 0
77 76 0 0 0 0 0 0 0 0 0 0 0 174 102 1 2 1 0 0 0 0 0 0 0 0
81 79 0 0 0 0 0 0 0 0 0 0 0 177 105 1 2 1 0 0 0 0 0 0 0 0
86 83 0 0 0 0 0 0 0 0 0 0 0 180 110 2 2 1 0 0 0 0 0 0 0 0
93 86 0 0 0 0 0 0 0 0 0 0 0 183 113 2 2 1 0 0 0 0 0 0 0 0
96 89 0 0 0 0 0 0 0 0 0 0 0 194 123 2 2 1 0 0 0 0 0 0 0 0
108 95 0 0 0 0 0 0 0 0 0 0 0 197 127 2 2 1 0 0 0 0 0 0 0 0
111 98 0 0 0 0 0 0 0 0 0 0 0 204 130 2 2 1 0 0 0 0 0 0 0 0
124 103 0 0 0 0 0 0 0 0 0 0 0 207 133 3 2 1 0 0 0 0 0 0 0 0
129 109 0 0 0 0 0 0 0 0 0 0 0 210 137 3 2 1 0 0 0 0 0 0 0 0
133 113 0 0 0 0 0 0 0 0 0 0 0 214 140 3 2 1 0 0 0 0 0 0 0 0
139 118 0 1 0 0 0 0 0 0 0 0 0 220 145 3 2 1 0 0 0 0 0 0 0 0
143 124 0 1 0 0 0 0 0 0 0 0 0 224 148 3 2 1 0 0 0 0 0 0 0 0
150 129 0 1 0 0 0 0 0 0 0 0 0 227 152 3 2 1 0 0 0 0 0 0 0 0
154 132 0 1 0 0 0 0 0 0 0 0 0 230 161 3 2 1 0 0 0 0 0 0 0 0
157 137 0 1 0 0 0 0 0 0 0 0 0 235 166 3 2 1 0 0 0 0 0 0 0 0
161 140 0 1 0 0 0 0 0 0 0 0 0 244 175 3 2 1 0 0 0 0 0 0 0 0
167 145 0 1 0 0 0 0 0 0 0 0 0 251 180 3 3 1 0 0 0 0 0 0 0 0
174 149 0 1 0 0 0 0 0 0 0 0 0 255 183 3 3 1 0 0 0 0 0 0 0 0
181 152 0 1 0 0 0 0 0 0 0 0 0 260 187 4 3 1 0 0 0 0 0 0 0 0
184 155 0 1 0 0 0 0 0 0 0 0 0 266 194 4 3 1 0 0 0 0 0 0 0 0
187 160 0 1 0 0 0 0 0 0 0 0 0 269 197 4 3 1 0 0 0 0 0 0 0 0
197 166 0 1 0 0 0 0 0 0 0 0 0 272 200 4 3 1 0 0 0 0 0 0 0 0
200 170 0 1 0 0 0 0 0 0 0 0 0 275 206 4 3 1 0 0 0 0 0 0 0 0
203 175 0 1 0 0 0 0 0 0 0 0 0 280 211 4 3 1 0 0 0 0 0 0 0 0
209 182 0 1 0 0 0 0 0 0 0 0 0 283 215 4 3 1 0 0 0 0 0 0 0 0
218 189 0 1 0 0 0 0 0 0 0 0 0 286 222 4 3 1 0 0 0 0 0 0 0 0
