# scores for worst/random/best/smart move selector strategies. 
# scores are 50% and 95% quantiles (based on 40 games) of: 
# game score, #destroyed, #unlocked, #stripes, #bombs, #zappers
40 40 0 0 0 0 0 0 0 0 0 0 0 640 240 3 6 4 2 0 0 0 0 0 0 0
60 59 0 0 0 0 0 0 0 0 0 0 0 870 306 4 6 7 2 0 0 0 0 0 0 0
112 84 0 1 0 0 0 0 0 0 0 0 0 878 313 4 6 7 2 0 0 0 0 0 0 0
157 103 0 2 1 0 0 0 0 0 0 0 0 898 333 5 7 8 2 0 0 0 0 0 0 0
234 121 1 3 1 0 0 0 0 0 0 0 0 1114 385 5 8 9 5 0 0 0 0 0 0 0
268 138 1 3 1 0 0 0 0 0 0 0 0 1125 395 5 8 9 5 0 0 0 0 0 0 0
392 177 1 4 2 0 0 0 0 0 0 0 0 1547 532 5 11 11 7 0 0 0 0 0 0 0
471 216 1 4 3 0 0 0 0 0 0 0 0 1555 539 5 11 11 7 0 0 0 0 0 0 0
533 248 1 5 3 0 0 0 0 0 0 0 0 1558 575 5 12 11 7 0 0 0 0 0 0 0
556 259 1 5 3 1 0 0 0 0 0 0 0 1649 598 5 12 11 7 0 0 0 0 0 0 0
572 267 1 5 3 1 0 0 0 0 0 0 0 1692 603 5 13 12 7 0 0 0 0 0 0 0
582 270 1 5 3 1 0 0 0 0 0 0 0 1706 606 5 13 12 7 0 0 0 0 0 0 0
696 326 2 7 4 1 0 0 0 0 0 0 0 1710 613 5 13 12 7 0 0 0 0 0 0 0
759 333 2 7 5 1 0 0 0 0 0 0 0 2291 760 5 14 17 9 0 0 0 0 0 0 0
849 371 2 7 5 1 0 0 0 0 0 0 0 2294 763 5 16 17 9 0 0 0 0 0 0 0
978 411 2 7 6 1 0 0 0 0 0 0 0 2605 855 5 18 18 11 0 0 0 0 0 0 0
1047 438 2 8 7 2 0 0 0 0 0 0 0 2776 942 5 18 21 12 0 0 0 0 0 0 0
1100 467 2 9 8 2 0 0 0 0 0 0 0 3325 1066 5 21 24 13 0 0 0 0 0 0 0
1158 492 2 10 9 2 0 0 0 0 0 0 0 3331 1072 5 21 24 13 0 0 0 0 0 0 0
1375 560 3 11 10 3 0 0 0 0 0 0 0 3341 1093 5 21 25 13 0 0 0 0 0 0 0
1427 585 3 11 10 3 0 0 0 0 0 0 0 3603 1189 5 23 25 13 0 0 0 0 0 0 0
1534 631 3 12 11 4 0 0 0 0 0 0 0 3716 1281 5 24 25 14 0 0 0 0 0 0 0
1561 639 3 12 11 4 0 0 0 0 0 0 0 3891 1302 5 27 31 14 0 0 0 0 0 0 0
1587 657 3 12 11 5 0 0 0 0 0 0 0 3894 1305 5 28 31 17 0 0 0 0 0 0 0
1648 667 3 14 11 5 0 0 0 0 0 0 0 3911 1317 5 28 31 18 0 0 0 0 0 0 0
1874 743 3 16 14 5 0 0 0 0 0 0 0 4112 1365 5 31 35 18 0 0 0 0 0 0 0
1932 773 3 16 14 5 0 0 0 0 0 0 0 4150 1380 5 31 35 18 0 0 0 0 0 0 0
2035 798 3 16 15 5 0 0 0 0 0 0 0 4248 1466 5 31 35 19 0 0 0 0 0 0 0
2038 801 3 17 15 5 0 0 0 0 0 0 0 4315 1515 5 31 35 19 0 0 0 0 0 0 0
2096 804 3 17 16 6 0 0 0 0 0 0 0 4473 1561 5 34 36 19 0 0 0 0 0 0 0
2130 830 3 17 16 6 0 0 0 0 0 0 0 4479 1567 5 34 36 19 0 0 0 0 0 0 0
2234 864 3 18 16 6 0 0 0 0 0 0 0 4486 1574 5 34 36 19 0 0 0 0 0 0 0
2313 888 3 19 17 6 0 0 0 0 0 0 0 4597 1599 5 34 37 19 0 0 0 0 0 0 0
2397 938 3 19 19 6 0 0 0 0 0 0 0 4600 1602 5 34 37 19 0 0 0 0 0 0 0
2434 945 3 20 19 6 0 0 0 0 0 0 0 4973 1741 5 34 37 20 0 0 0 0 0 0 0
2490 970 3 20 19 6 0 0 0 0 0 0 0 4976 1744 5 34 37 20 0 0 0 0 0 0 0
2519 989 3 20 19 6 0 0 0 0 0 0 0 5345 1823 5 36 40 20 0 0 0 0 0 0 0
2574 1008 3 21 20 6 0 0 0 0 0 0 0 5445 1842 5 37 40 20 0 0 0 0 0 0 0
2729 1070 3 21 21 7 0 0 0 0 0 0 0 5462 1863 5 39 40 20 0 0 0 0 0 0 0
2732 1073 3 21 21 7 0 0 0 0 0 0 0 5790 1961 5 39 43 20 0 0 0 0 0 0 0
2789 1130 3 22 21 7 0 0 0 0 0 0 0 5839 1990 5 40 43 20 0 0 0 0 0 0 0
