# scores for worst/random/best/smart move selector strategies. 
# scores are 50% and 95% quantiles (based on 40 games) of: 
# game score, #destroyed, #unlocked, #stripes, #bombs, #zappers
3 3 0 0 0 0 0 0 0 0 0 0 0 12 12 0 0 0 0 0 0 0 0 0 0 0
6 6 0 0 0 0 0 0 0 0 0 0 0 20 19 0 0 0 0 0 0 0 0 0 0 0
12 12 0 0 0 0 0 0 0 0 0 0 0 48 22 0 1 0 0 0 0 0 0 0 0 0
15 15 0 0 0 0 0 0 0 0 0 0 0 73 36 0 1 0 0 0 0 0 0 0 0 0
20 20 0 0 0 0 0 0 0 0 0 0 0 91 41 1 2 0 0 0 0 0 0 0 0 0
25 25 0 0 0 0 0 0 0 0 0 0 0 101 47 1 2 0 0 0 0 0 0 0 0 0
30 30 0 0 0 0 0 0 0 0 0 0 0 133 63 2 2 0 0 0 0 0 0 0 0 0
34 33 0 0 0 0 0 0 0 0 0 0 0 142 69 2 2 0 0 0 0 0 0 0 0 0
44 40 0 0 0 0 0 0 0 0 0 0 0 146 74 3 3 0 0 1 0 0 0 0 0 0
49 45 0 0 0 0 0 0 0 0 0 0 0 150 80 3 3 0 0 1 0 0 0 0 0 0
59 50 0 0 0 0 0 0 0 0 0 0 0 164 93 3 3 1 0 1 0 0 0 0 0 0
69 56 0 0 0 0 0 0 0 0 0 0 0 201 102 3 3 1 1 1 0 0 0 0 0 0
79 62 0 1 0 0 0 0 0 0 0 0 0 247 113 3 3 1 1 1 0 0 1 0 0 0
121 71 1 1 0 0 0 0 0 0 0 0 0 251 119 4 4 1 1 1 0 0 1 0 0 0
128 76 1 2 0 0 0 0 0 0 0 0 0 274 128 4 4 1 1 1 0 0 1 0 0 0
143 85 1 2 0 0 0 0 0 0 0 0 0 289 135 6 5 1 1 1 0 0 1 0 0 0
152 90 2 2 0 0 0 0 0 0 0 0 0 327 150 6 5 1 1 1 1 0 1 0 0 0
165 93 2 2 0 0 0 0 0 0 0 0 0 362 157 6 6 1 1 2 1 0 1 0 0 0
176 99 2 2 0 0 0 0 0 0 0 0 0 367 162 6 6 1 1 2 1 0 1 0 0 0
183 105 2 2 0 0 0 0 0 0 0 0 0 401 167 6 6 1 1 2 1 0 1 0 0 0
208 113 2 3 0 0 0 0 0 0 0 0 0 434 171 8 7 2 1 2 1 0 1 0 0 0
247 118 2 4 0 0 1 0 0 0 0 0 0 477 176 8 7 2 1 2 1 0 1 0 0 0
252 125 2 4 0 0 1 0 0 0 0 0 0 517 211 8 10 2 1 2 1 0 1 0 0 0
257 135 3 4 0 0 1 0 0 0 0 0 0 631 219 11 14 2 2 2 1 0 1 1 0 0
276 143 3 4 0 0 1 0 0 0 0 0 0 634 225 11 14 2 2 2 1 0 1 1 0 0
293 156 3 5 0 0 1 0 0 0 0 0 0 675 233 12 16 2 2 2 1 0 1 1 0 0
321 161 3 5 0 0 1 0 0 0 0 0 0 680 239 12 16 2 2 2 1 0 1 1 0 0
341 169 3 5 0 0 1 0 0 0 0 0 0 688 242 12 16 2 2 2 1 0 1 1 0 0
350 175 3 5 0 0 1 0 0 0 0 0 0 719 261 12 17 2 2 2 1 0 1 1 0 0
354 183 3 5 0 0 1 0 0 0 0 0 0 722 265 12 17 2 2 2 1 0 1 1 0 0
407 196 4 6 0 0 1 0 0 0 0 0 0 783 278 12 18 2 2 3 1 0 1 1 0 0
411 204 4 6 0 0 1 0 0 0 0 0 0 787 282 12 18 2 2 3 1 0 2 1 0 0
441 212 4 6 0 0 1 0 0 0 0 0 0 860 288 13 18 2 3 3 1 0 2 1 0 0
466 218 4 7 0 0 1 0 0 0 0 0 0 870 292 14 18 2 3 3 1 0 2 1 0 0
478 225 4 7 1 0 1 0 0 0 0 0 0 950 312 14 19 2 3 3 1 0 2 1 0 0
485 229 4 7 1 0 1 0 0 0 0 0 0 958 323 14 19 2 3 3 1 0 2 1 0 0
537 250 4 8 1 0 1 0 0 0 0 0 0 972 335 14 19 2 3 3 1 0 2 1 0 0
545 256 4 8 1 0 1 0 0 0 0 0 0 983 344 14 19 2 3 3 1 0 2 1 0 0
564 264 4 8 1 0 1 0 0 0 0 0 0 1006 351 14 19 2 3 3 1 0 2 1 0 0
582 273 4 9 1 0 1 0 0 0 0 0 0 1012 356 14 19 2 3 3 1 0 2 1 0 0
600 281 4 9 1 0 1 0 0 0 0 0 0 1016 359 14 19 2 3 3 1 0 3 1 0 0
