# scores for worst/random/best/smart move selector strategies. 
# scores are 50% and 95% quantiles (based on 40 games) of: 
# game score, #destroyed, #unlocked, #stripes, #bombs, #zappers
3 3 0 0 0 0 0 0 0 0 0 0 0 12 12 0 0 0 0 0 0 0 0 0 0 0
6 6 0 0 0 0 0 0 0 0 0 0 0 15 15 0 0 0 0 0 0 0 0 0 0 0
11 11 0 0 0 0 0 0 0 0 0 0 0 44 20 0 0 0 0 0 0 0 0 0 0 0
15 15 0 0 0 0 0 0 0 0 0 0 0 55 26 0 0 0 0 0 0 0 0 0 0 0
21 21 0 0 0 0 0 0 0 0 0 0 0 58 34 0 1 0 0 0 0 0 0 0 0 0
25 25 0 0 0 0 0 0 0 0 0 0 0 106 39 0 2 0 0 0 0 0 0 0 0 0
30 30 0 0 0 0 0 0 0 0 0 0 0 111 46 1 2 0 0 0 0 0 0 0 0 0
33 33 0 0 0 0 0 0 0 0 0 0 0 114 53 1 2 0 0 0 0 0 0 0 0 0
39 39 0 0 0 0 0 0 0 0 0 0 0 125 57 1 2 0 0 0 0 0 0 0 0 0
47 44 0 0 0 0 0 0 0 0 0 0 0 130 63 2 2 0 0 0 0 0 0 0 0 0
52 51 0 0 0 0 0 0 0 0 0 0 0 135 67 3 2 0 0 0 0 0 0 0 0 0
63 55 0 0 0 0 0 0 0 0 0 0 0 138 70 3 2 0 0 0 0 0 0 0 0 0
71 60 0 0 0 0 0 0 0 0 0 0 0 156 76 3 2 0 0 0 0 0 0 0 0 0
82 66 0 0 0 0 0 0 0 0 0 0 0 160 85 3 2 0 0 0 0 0 0 0 0 0
85 70 0 0 0 0 0 0 0 0 0 0 0 171 96 3 2 0 0 0 0 0 0 0 0 0
89 75 0 0 0 0 0 0 0 0 0 0 0 176 99 3 3 0 0 0 0 0 0 0 0 0
96 78 0 0 0 0 0 0 0 0 0 0 0 179 103 3 3 0 0 0 0 0 0 0 0 0
104 84 0 1 0 0 0 0 0 0 0 0 0 182 113 3 3 0 1 0 0 0 1 0 0 0
109 87 0 1 0 0 0 0 0 0 0 0 0 227 116 3 3 0 1 0 0 0 1 0 0 0
115 93 0 1 0 0 0 0 0 0 0 0 0 248 123 4 3 0 1 0 0 0 1 0 0 0
119 96 0 1 0 0 0 0 0 0 0 0 0 251 126 4 3 0 1 0 0 0 1 0 0 0
123 99 0 1 0 0 0 0 0 0 0 0 0 254 129 4 3 0 1 0 0 0 1 0 0 0
132 106 0 1 0 0 0 0 0 0 0 0 0 259 136 4 3 1 1 0 0 0 1 0 0 0
135 113 0 1 0 0 0 0 0 0 0 0 0 280 143 4 4 1 1 0 0 0 1 0 0 0
139 117 0 1 0 0 0 0 0 0 0 0 0 301 147 4 4 1 1 0 0 0 1 0 0 0
153 121 1 1 0 0 0 0 0 0 0 0 0 317 156 4 4 1 1 1 0 0 1 0 0 0
161 127 1 1 0 0 0 0 0 0 0 0 0 320 162 4 4 1 1 1 0 0 1 0 0 0
168 131 1 1 0 0 0 0 0 0 0 0 0 323 166 4 4 1 1 1 0 0 1 0 0 0
182 135 1 1 0 0 0 0 0 0 0 0 0 326 174 4 4 1 1 1 0 0 1 0 0 0
187 139 1 1 0 0 0 0 0 0 0 0 0 333 177 4 4 1 1 1 0 0 1 0 0 0
202 146 1 1 0 0 0 0 0 0 0 0 0 336 183 4 4 1 1 1 0 0 1 0 0 0
207 152 1 1 0 0 0 0 0 0 0 0 0 339 186 4 4 1 1 1 0 0 1 0 0 0
222 155 1 2 0 0 0 0 0 0 0 0 0 343 197 4 4 2 1 1 0 0 1 0 0 0
225 159 1 2 0 0 0 0 0 0 0 0 0 349 200 4 4 2 1 1 0 0 1 0 0 0
228 164 2 2 0 0 0 0 0 0 0 0 0 372 203 4 5 2 1 1 0 0 1 0 0 0
231 171 2 2 0 0 0 0 0 0 0 0 0 375 211 4 5 2 1 1 0 0 1 0 0 0
239 178 2 2 0 0 0 0 0 0 0 0 0 379 216 4 5 2 1 1 0 0 1 0 0 0
258 183 2 2 0 0 0 0 0 0 0 0 0 383 223 4 5 2 1 1 0 0 1 0 0 0
261 188 2 2 0 0 0 0 0 0 0 0 0 393 228 4 5 2 1 1 0 0 1 0 0 0
269 191 2 2 0 0 0 0 0 0 0 0 0 407 234 4 5 2 1 1 0 0 1 0 0 0
272 194 2 2 0 0 0 0 0 0 0 0 0 410 239 4 5 2 1 1 0 0 1 0 0 0
