# scores for worst/random/best/smart move selector strategies. 
# scores are 50% and 95% quantiles (based on 40 games) of: 
# game score, #destroyed, #unlocked, #stripes, #bombs, #zappers
3 3 0 0 0 0 0 0 0 0 0 0 0 12 12 0 0 0 0 0 0 0 0 0 0 0
6 6 0 0 0 0 0 0 0 0 0 0 0 24 22 0 0 0 0 0 0 0 0 0 0 0
9 9 0 0 0 0 0 0 0 0 0 0 0 44 27 0 1 0 0 0 0 0 0 0 0 0
13 13 0 0 0 0 0 0 0 0 0 0 0 48 30 0 1 0 0 0 0 0 0 0 0 0
18 18 0 0 0 0 0 0 0 0 0 0 0 51 33 0 1 0 0 0 0 0 0 0 0 0
21 21 0 0 0 0 0 0 0 0 0 0 0 56 36 0 1 0 0 0 0 0 0 0 0 0
24 24 0 0 0 0 0 0 0 0 0 0 0 60 44 0 1 0 0 0 0 0 0 0 0 0
30 30 0 0 0 0 0 0 0 0 0 0 0 63 47 0 1 0 0 0 0 0 0 0 0 0
33 33 0 0 0 0 0 0 0 0 0 0 0 70 56 0 1 0 0 0 0 0 0 0 0 0
39 39 0 0 0 0 0 0 0 0 0 0 0 82 59 0 1 0 0 0 0 0 0 0 0 0
42 42 0 0 0 0 0 0 0 0 0 0 0 86 63 0 1 0 0 0 0 0 0 0 0 0
45 45 0 0 0 0 0 0 0 0 0 0 0 89 66 0 1 0 0 0 0 0 0 0 0 0
51 51 0 0 0 0 0 0 0 0 0 0 0 95 72 0 1 0 0 0 0 0 0 0 0 0
56 55 0 0 0 0 0 0 0 0 0 0 0 102 78 1 1 0 0 0 0 0 0 0 0 0
60 58 0 0 0 0 0 0 0 0 0 0 0 105 83 1 1 0 0 0 0 0 0 0 0 0
67 65 0 0 0 0 0 0 0 0 0 0 0 132 88 1 1 0 0 0 0 0 0 0 0 0
72 68 0 0 0 0 0 0 0 0 0 0 0 136 93 1 1 1 0 0 0 0 0 0 0 0
76 73 0 0 0 0 0 0 0 0 0 0 0 142 96 1 1 1 0 0 0 0 0 0 0 0
80 78 0 0 0 0 0 0 0 0 0 0 0 145 99 1 1 1 0 0 0 0 0 0 0 0
84 84 0 0 0 0 0 0 0 0 0 0 0 148 102 1 1 1 0 0 0 0 0 0 0 0
89 87 0 0 0 0 0 0 0 0 0 0 0 156 109 1 1 1 0 0 0 0 0 0 0 0
94 92 0 0 0 0 0 0 0 0 0 0 0 159 116 1 1 1 0 0 0 0 0 0 0 0
100 96 0 0 0 0 0 0 0 0 0 0 0 164 121 1 1 1 0 0 0 0 0 0 0 0
106 99 0 0 0 0 0 0 0 0 0 0 0 181 129 1 2 1 0 0 0 0 0 0 0 0
109 103 0 0 0 0 0 0 0 0 0 0 0 184 136 1 2 1 0 0 0 0 0 0 0 0
112 106 0 0 0 0 0 0 0 0 0 0 0 188 139 1 2 1 0 0 0 0 0 0 0 0
120 112 0 0 0 0 0 0 0 0 0 0 0 191 142 1 2 1 0 0 0 0 0 0 0 0
125 116 0 0 0 0 0 0 0 0 0 0 0 202 145 1 2 1 0 0 0 0 0 0 0 0
128 121 0 0 0 0 0 0 0 0 0 0 0 205 149 1 2 1 0 0 0 0 0 0 0 0
132 124 0 0 0 0 0 0 0 0 0 0 0 208 152 1 2 1 0 0 0 0 0 0 0 0
138 127 0 0 0 0 0 0 0 0 0 0 0 211 157 1 2 1 0 0 0 0 0 0 0 0
141 133 0 0 0 0 0 0 0 0 0 0 0 216 160 1 2 1 0 0 0 0 0 0 0 0
144 136 0 0 0 0 0 0 0 0 0 0 0 222 166 1 2 1 0 0 0 0 0 0 0 0
147 141 0 0 0 0 0 0 0 0 0 0 0 225 170 1 2 1 0 0 0 0 0 0 0 0
150 145 0 0 0 0 0 0 0 0 0 0 0 229 173 1 2 1 0 0 0 0 0 0 0 0
159 148 0 0 0 0 0 0 0 0 0 0 0 232 176 1 2 1 0 0 0 0 0 0 0 0
169 154 0 0 0 0 0 0 0 0 0 0 0 248 188 2 2 1 0 0 0 0 0 0 0 0
172 157 0 0 0 0 0 0 0 0 0 0 0 253 197 2 2 1 0 0 0 0 0 0 0 0
177 164 0 0 0 0 0 0 0 0 0 0 0 262 201 2 2 1 0 0 0 0 0 0 0 0
183 174 0 0 0 0 0 0 0 0 0 0 0 265 205 2 2 1 0 0 0 0 0 0 0 0
190 177 0 0 0 0 0 0 0 0 0 0 0 268 208 2 2 1 0 0 0 0 0 0 0 0
