# scores for worst/random/best/smart move selector strategies. 
# scores are 50% and 95% quantiles (based on 40 games) of: 
# game score, #destroyed, #unlocked, #stripes, #bombs, #zappers
0 0 0 0 0 0 0 0 0 0 0 0 0 6 6 0 0 0 0 0 0 0 0 0 0 0
6 6 0 0 0 0 0 0 0 0 0 0 0 11 11 0 0 0 0 0 0 0 0 0 0 0
9 9 0 0 0 0 0 0 0 0 0 0 0 36 19 0 0 0 0 0 0 0 0 0 0 0
12 12 0 0 0 0 0 0 0 0 0 0 0 59 23 0 1 0 0 0 0 0 0 0 0 0
17 17 0 0 0 0 0 0 0 0 0 0 0 73 29 0 1 0 0 0 0 0 0 0 0 0
21 21 0 0 0 0 0 0 0 0 0 0 0 82 40 0 1 0 0 0 0 0 0 0 0 0
25 25 0 0 0 0 0 0 0 0 0 0 0 91 48 0 1 0 0 0 0 0 0 0 0 0
30 30 0 0 0 0 0 0 0 0 0 0 0 102 60 2 1 0 0 0 0 0 0 0 0 0
36 35 0 0 0 0 0 0 0 0 0 0 0 108 63 2 1 0 0 0 0 0 0 0 0 0
39 39 0 0 0 0 0 0 0 0 0 0 0 139 68 3 2 0 0 1 0 0 0 0 0 0
45 45 0 0 0 0 0 0 0 0 0 0 0 153 72 3 2 0 0 1 0 0 0 0 0 0
51 50 0 0 0 0 0 0 0 0 0 0 0 199 78 3 3 0 0 1 0 0 0 0 0 0
76 56 0 0 0 0 0 0 0 0 0 0 0 202 83 8 3 1 0 1 1 0 0 0 0 0
83 60 0 1 0 0 0 0 0 0 0 0 0 205 90 8 3 1 0 1 1 0 0 0 0 0
94 65 0 1 0 0 0 0 0 0 0 0 0 208 96 8 3 1 0 1 1 0 0 0 0 0
106 69 1 1 0 0 0 0 0 0 0 0 0 211 99 8 3 1 0 1 1 0 0 0 0 0
112 73 1 1 0 0 0 0 0 0 0 0 0 215 102 8 3 1 0 1 1 0 0 0 0 0
117 79 1 1 0 0 0 0 0 0 0 0 0 227 106 8 4 1 0 1 1 0 0 0 0 0
127 86 1 1 0 0 0 0 0 0 0 0 0 258 118 9 5 1 1 1 1 0 1 0 0 0
133 89 1 1 0 0 0 0 0 0 0 0 0 268 125 9 5 1 1 1 1 0 1 0 0 0
153 97 1 2 0 0 0 0 0 0 0 0 0 294 129 9 6 1 1 2 1 0 1 0 0 0
167 103 2 2 0 0 0 0 0 0 0 0 0 307 132 9 6 1 1 2 1 0 1 0 0 0
170 106 2 2 0 0 0 0 0 0 0 0 0 311 140 9 6 1 1 2 1 0 1 0 0 0
182 112 2 2 0 0 0 0 0 0 0 0 0 315 143 9 6 1 1 2 1 0 1 0 0 0
191 118 2 2 0 0 0 0 0 0 0 0 0 319 147 9 6 1 1 2 1 0 1 0 0 0
197 121 2 3 0 0 0 0 0 0 0 0 0 325 155 9 6 1 1 2 1 0 1 0 0 0
201 124 2 3 0 0 0 0 0 0 0 0 0 331 158 9 6 1 1 2 1 0 1 0 0 0
204 128 2 3 0 0 0 0 0 0 0 0 0 337 169 9 6 1 1 2 1 0 1 0 0 0
208 135 2 3 0 0 0 0 0 0 0 0 0 346 173 9 7 1 1 2 1 0 1 0 0 0
230 143 2 3 0 0 0 0 0 0 0 0 0 371 176 9 7 1 1 2 1 0 1 0 0 0
234 147 2 3 0 0 0 0 0 0 0 0 0 374 179 9 7 1 1 2 1 0 1 0 0 0
247 152 2 3 0 0 0 0 0 0 0 0 0 386 185 9 7 1 1 2 1 0 1 0 0 0
257 158 2 3 0 0 0 0 0 0 0 0 0 389 188 9 7 1 1 2 1 0 1 0 0 0
264 162 2 3 0 0 0 0 0 0 0 0 0 393 194 9 7 1 1 2 1 0 1 0 0 0
267 167 2 3 0 0 0 0 0 0 0 0 0 412 197 9 8 1 1 2 1 0 1 0 0 0
271 171 2 3 0 0 0 0 0 0 0 0 0 415 202 9 8 1 1 2 1 0 1 0 0 0
283 177 3 3 0 0 0 0 0 0 0 0 0 419 208 10 8 1 1 2 1 0 1 0 0 0
295 180 3 3 0 0 0 0 0 0 0 0 0 454 212 10 8 1 1 2 1 0 1 0 0 0
303 184 3 4 0 0 1 0 0 0 0 0 0 469 217 10 9 1 1 2 1 0 1 0 0 0
306 187 3 4 0 0 1 0 0 0 0 0 0 502 226 10 9 1 1 2 1 0 1 0 0 0
309 192 3 4 0 0 1 0 0 0 0 0 0 518 239 10 9 1 1 2 1 0 1 0 0 0
