# scores for worst/random/best/smart move selector strategies. 
# scores are 50% and 95% quantiles (based on 40 games) of: 
# game score, #destroyed, #unlocked, #stripes, #bombs, #zappers
0 0 0 0 0 0 0 0 0 0 0 0 0 6 6 0 0 0 0 0 0 0 0 0 0 0
4 4 0 0 0 0 0 0 0 0 0 0 0 11 11 0 0 0 0 0 0 0 0 0 0 0
9 9 0 0 0 0 0 0 0 0 0 0 0 20 19 0 0 0 0 0 0 0 0 0 0 0
12 12 0 0 0 0 0 0 0 0 0 0 0 23 22 0 0 0 0 0 0 0 0 0 0 0
15 15 0 0 0 0 0 0 0 0 0 0 0 35 29 0 0 0 0 0 0 0 0 0 0 0
21 21 0 0 0 0 0 0 0 0 0 0 0 52 39 0 0 0 0 0 0 0 0 0 0 0
24 24 0 0 0 0 0 0 0 0 0 0 0 55 42 0 0 0 0 0 0 0 0 0 0 0
27 27 0 0 0 0 0 0 0 0 0 0 0 58 45 0 0 0 0 0 0 0 0 0 0 0
30 30 0 0 0 0 0 0 0 0 0 0 0 61 50 0 0 0 0 0 0 0 0 0 0 0
34 34 0 0 0 0 0 0 0 0 0 0 0 76 53 0 1 0 0 0 0 0 0 0 0 0
38 38 0 0 0 0 0 0 0 0 0 0 0 79 56 0 1 0 0 0 0 0 0 0 0 0
42 42 0 0 0 0 0 0 0 0 0 0 0 90 65 1 1 0 0 0 0 0 0 0 0 0
46 46 0 0 0 0 0 0 0 0 0 0 0 93 68 2 1 0 0 0 0 0 0 0 0 0
50 50 0 0 0 0 0 0 0 0 0 0 0 119 72 2 1 1 0 0 0 0 0 0 0 0
55 54 0 0 0 0 0 0 0 0 0 0 0 123 77 2 1 1 0 0 0 0 0 0 0 0
61 58 0 0 0 0 0 0 0 0 0 0 0 128 80 2 1 1 0 0 0 0 0 0 0 0
68 63 0 0 0 0 0 0 0 0 0 0 0 131 84 2 1 1 0 0 0 0 0 0 0 0
75 66 0 0 0 0 0 0 0 0 0 0 0 137 87 2 1 1 0 0 0 0 0 0 0 0
82 70 0 0 0 0 0 0 0 0 0 0 0 144 90 2 1 1 0 0 0 0 0 0 0 0
88 75 0 0 0 0 0 0 0 0 0 0 0 180 105 4 2 1 0 0 0 0 0 0 0 0
99 80 0 0 0 0 0 0 0 0 0 0 0 183 110 4 2 1 0 0 0 0 0 0 0 0
105 85 0 1 0 0 0 0 0 0 0 0 0 186 117 4 2 1 0 0 0 0 0 0 0 0
111 91 0 1 0 0 0 0 0 0 0 0 0 191 125 4 2 1 0 0 0 0 0 0 0 0
116 95 0 1 0 0 0 0 0 0 0 0 0 212 130 4 2 1 0 0 0 0 0 0 0 0
124 99 0 1 0 0 0 0 0 0 0 0 0 216 134 4 2 1 0 0 0 0 0 0 0 0
127 102 0 1 0 0 0 0 0 0 0 0 0 219 137 4 2 1 0 0 0 0 0 0 0 0
130 106 0 1 0 0 0 0 0 0 0 0 0 222 140 4 2 1 0 0 0 0 0 0 0 0
133 110 0 1 0 0 0 0 0 0 0 0 0 231 149 4 2 1 0 0 0 0 0 0 0 0
137 115 0 1 0 0 0 0 0 0 0 0 0 247 154 5 2 1 0 0 0 0 0 0 0 0
147 119 0 1 0 0 0 0 0 0 0 0 0 252 158 5 2 1 0 0 0 0 0 0 0 0
151 124 0 1 0 0 0 0 0 0 0 0 0 263 161 5 2 1 1 0 0 0 1 0 0 0
154 127 0 1 0 0 0 0 0 0 0 0 0 266 164 5 2 1 1 0 0 0 1 0 0 0
164 130 0 1 0 0 0 0 0 0 0 0 0 270 169 5 2 1 1 0 0 0 1 0 0 0
169 135 0 1 0 0 0 0 0 0 0 0 0 273 173 5 3 1 1 0 0 0 1 0 0 0
174 139 0 1 0 0 0 0 0 0 0 0 0 276 176 5 3 1 1 0 0 0 1 0 0 0
179 146 0 1 0 0 0 0 0 0 0 0 0 298 184 5 3 1 1 0 0 0 1 0 0 0
182 149 0 1 0 0 0 0 0 0 0 0 0 302 188 5 3 1 1 0 0 0 1 0 0 0
190 153 0 1 0 0 0 0 0 0 0 0 0 306 192 5 3 1 1 0 0 0 1 0 0 0
210 157 0 1 0 0 0 0 0 0 0 0 0 328 197 5 4 1 1 0 0 0 1 0 0 0
213 162 0 1 0 0 0 0 0 0 0 0 0 331 200 5 4 1 1 0 0 0 1 0 0 0
217 166 0 1 0 0 0 0 0 0 0 0 0 335 205 5 4 1 1 0 0 0 1 0 0 0
