# scores for worst/random/best/smart move selector strategies. 
# scores are 50% and 95% quantiles (based on 40 games) of: 
# game score, #destroyed, #unlocked, #stripes, #bombs, #zappers
0 0 0 0 0 0 0 0 0 0 0 0 0 6 6 0 0 0 0 0 0 0 0 0 0 0
6 6 0 0 0 0 0 0 0 0 0 0 0 11 11 0 0 0 0 0 0 0 0 0 0 0
9 9 0 0 0 0 0 0 0 0 0 0 0 45 19 0 1 0 0 0 0 0 0 0 0 0
12 12 0 0 0 0 0 0 0 0 0 0 0 59 32 0 1 0 0 0 0 0 0 0 0 0
16 16 0 0 0 0 0 0 0 0 0 0 0 63 36 0 1 0 0 0 0 0 0 0 0 0
22 22 0 0 0 0 0 0 0 0 0 0 0 74 42 1 1 0 0 0 0 0 0 0 0 0
27 27 0 0 0 0 0 0 0 0 0 0 0 108 49 2 2 0 0 1 0 0 0 0 0 0
35 33 0 0 0 0 0 0 0 0 0 0 0 157 57 10 3 1 0 1 0 0 0 0 0 0
55 38 0 0 0 0 0 0 0 0 0 0 0 196 69 10 3 1 0 1 0 0 0 0 0 0
72 46 0 1 0 0 0 0 0 0 0 0 0 200 75 10 3 1 0 1 0 0 0 0 0 0
84 53 0 1 0 0 0 0 0 0 0 0 0 223 83 10 4 1 1 1 0 0 0 0 0 0
104 59 1 1 0 0 0 0 0 0 0 0 0 249 87 10 4 1 1 1 0 0 0 0 0 0
119 65 1 1 0 0 0 0 0 0 0 0 0 252 98 11 5 1 1 1 0 0 0 0 0 0
124 71 1 2 0 0 0 0 0 0 0 0 0 262 107 11 5 1 1 1 0 0 1 0 0 0
149 82 1 2 0 0 0 0 0 0 0 0 0 267 119 11 5 1 1 2 0 0 1 0 0 0
159 88 1 2 0 0 0 0 0 0 0 0 0 306 132 11 6 2 1 2 0 0 1 0 0 0
175 95 2 2 0 0 0 0 0 0 0 0 0 339 141 11 6 2 1 2 1 0 1 0 0 0
181 99 2 3 0 0 0 0 0 0 0 0 0 346 144 11 6 2 1 2 1 0 1 0 0 0
211 107 2 3 0 0 0 0 0 0 0 0 0 352 150 11 7 2 1 2 1 0 1 0 0 0
231 115 2 3 0 0 0 0 0 0 0 0 0 397 158 11 7 2 1 2 1 0 1 0 0 0
240 120 3 3 0 0 0 0 0 0 0 0 0 406 162 12 7 2 1 2 1 0 1 0 0 0
262 128 3 4 0 0 0 0 0 0 0 0 0 414 180 12 8 2 1 2 1 0 1 0 0 0
266 132 3 4 0 0 0 0 0 0 0 0 0 453 193 12 8 2 1 2 1 0 1 0 0 0
271 136 3 4 0 0 0 0 0 0 0 0 0 472 203 12 8 2 1 2 1 0 1 0 0 0
279 143 3 4 0 0 1 0 0 0 0 0 0 489 209 12 8 2 1 2 1 0 1 0 0 0
314 149 3 4 0 0 1 0 0 0 0 0 0 531 216 14 9 2 1 2 1 0 1 1 0 0
328 162 3 5 1 0 1 0 0 0 0 0 0 544 220 14 9 2 1 2 1 0 1 1 0 0
352 170 3 5 1 0 1 0 0 0 0 0 0 580 229 14 9 2 2 2 1 0 1 1 0 0
358 177 3 5 1 0 1 0 0 0 0 0 0 586 235 14 10 2 2 2 1 0 1 1 0 0
369 185 3 5 1 0 1 0 0 0 0 0 0 620 256 14 10 3 2 2 1 0 1 1 0 0
377 190 3 6 1 0 1 0 0 0 0 0 0 642 261 14 11 3 2 2 1 0 1 1 0 0
400 193 3 6 1 0 1 0 0 0 0 0 0 647 266 14 11 3 2 2 1 0 1 1 0 0
413 200 4 6 1 0 1 0 0 0 0 0 0 652 273 14 11 3 2 2 1 0 1 1 0 0
418 205 4 6 1 0 1 0 0 0 0 0 0 665 282 14 11 3 2 2 1 0 1 1 0 0
444 219 4 7 1 0 1 0 0 0 0 0 0 671 286 14 11 3 2 2 1 0 2 1 0 0
454 224 4 7 1 0 1 0 0 0 0 0 0 678 293 14 12 3 2 2 1 0 2 1 0 0
459 233 4 7 1 0 1 0 0 0 0 0 0 691 298 14 12 3 2 2 1 0 2 1 0 0
468 237 4 7 1 0 1 0 0 0 0 0 0 749 308 14 12 3 2 3 1 0 2 1 0 0
474 245 4 7 1 0 1 0 0 0 0 0 0 756 316 14 12 3 2 3 1 0 2 1 0 0
500 252 4 8 1 0 1 0 0 0 0 0 0 774 327 14 12 3 2 3 1 0 2 1 0 0
530 258 4 8 1 0 1 0 0 0 0 0 0 794 340 14 13 3 3 3 1 0 2 1 0 0
