# scores for worst/random/best/smart move selector strategies. 
# scores are 50% and 95% quantiles (based on 40 games) of: 
# game score, #destroyed, #unlocked, #stripes, #bombs, #zappers
0 0 0 0 0 0 0 0 0 0 0 0 0 6 6 0 0 0 0 0 0 0 0 0 0 0
6 6 0 0 0 0 0 0 0 0 0 0 0 11 11 0 0 0 0 0 0 0 0 0 0 0
9 9 0 0 0 0 0 0 0 0 0 0 0 16 16 0 0 0 0 0 0 0 0 0 0 0
12 12 0 0 0 0 0 0 0 0 0 0 0 21 21 0 0 0 0 0 0 0 0 0 0 0
15 15 0 0 0 0 0 0 0 0 0 0 0 27 27 0 0 0 0 0 0 0 0 0 0 0
21 21 0 0 0 0 0 0 0 0 0 0 0 51 31 0 0 0 0 0 0 0 0 0 0 0
24 24 0 0 0 0 0 0 0 0 0 0 0 54 35 0 0 0 0 0 0 0 0 0 0 0
27 27 0 0 0 0 0 0 0 0 0 0 0 57 38 0 0 0 0 0 0 0 0 0 0 0
30 30 0 0 0 0 0 0 0 0 0 0 0 60 42 0 0 0 0 0 0 0 0 0 0 0
36 36 0 0 0 0 0 0 0 0 0 0 0 63 46 0 0 0 0 0 0 0 0 0 0 0
41 41 0 0 0 0 0 0 0 0 0 0 0 71 49 0 1 0 0 0 0 0 0 0 0 0
45 45 0 0 0 0 0 0 0 0 0 0 0 77 56 0 1 0 0 0 0 0 0 0 0 0
48 48 0 0 0 0 0 0 0 0 0 0 0 84 61 0 1 0 0 0 0 0 0 0 0 0
54 54 0 0 0 0 0 0 0 0 0 0 0 91 65 1 1 0 0 0 0 0 0 0 0 0
57 57 0 0 0 0 0 0 0 0 0 0 0 94 69 1 1 0 0 0 0 0 0 0 0 0
60 60 0 0 0 0 0 0 0 0 0 0 0 97 74 1 1 0 0 0 0 0 0 0 0 0
63 63 0 0 0 0 0 0 0 0 0 0 0 107 77 1 1 0 0 0 0 0 0 0 0 0
66 66 0 0 0 0 0 0 0 0 0 0 0 117 83 1 1 0 0 0 0 0 0 0 0 0
73 72 0 0 0 0 0 0 0 0 0 0 0 120 87 1 1 0 0 0 0 0 0 0 0 0
78 75 0 0 0 0 0 0 0 0 0 0 0 123 91 1 1 0 0 0 0 0 0 0 0 0
81 79 0 0 0 0 0 0 0 0 0 0 0 136 97 1 1 1 0 0 0 0 0 0 0 0
87 84 0 0 0 0 0 0 0 0 0 0 0 139 100 1 1 1 0 0 0 0 0 0 0 0
90 88 0 0 0 0 0 0 0 0 0 0 0 149 106 1 1 1 0 0 0 0 0 0 0 0
95 92 0 0 0 0 0 0 0 0 0 0 0 153 111 1 1 1 0 0 0 0 0 0 0 0
100 95 0 0 0 0 0 0 0 0 0 0 0 156 114 1 1 1 0 0 0 0 0 0 0 0
104 99 0 0 0 0 0 0 0 0 0 0 0 159 120 1 1 1 0 0 0 0 0 0 0 0
107 103 0 0 0 0 0 0 0 0 0 0 0 162 123 1 1 1 0 0 0 0 0 0 0 0
113 108 0 0 0 0 0 0 0 0 0 0 0 165 126 1 1 1 0 0 0 0 0 0 0 0
116 111 0 0 0 0 0 0 0 0 0 0 0 168 129 1 1 1 0 0 0 0 0 0 0 0
119 116 0 0 0 0 0 0 0 0 0 0 0 171 133 1 1 1 0 0 0 0 0 0 0 0
125 120 0 0 0 0 0 0 0 0 0 0 0 183 138 1 1 1 0 0 0 0 0 0 0 0
129 123 0 0 0 0 0 0 0 0 0 0 0 186 141 1 1 1 0 0 0 0 0 0 0 0
132 126 0 0 0 0 0 0 0 0 0 0 0 189 145 1 1 1 0 0 0 0 0 0 0 0
141 130 0 0 0 0 0 0 0 0 0 0 0 194 150 1 1 1 0 0 0 0 0 0 0 0
144 135 0 0 0 0 0 0 0 0 0 0 0 197 153 1 1 1 0 0 0 0 0 0 0 0
147 138 0 0 0 0 0 0 0 0 0 0 0 219 160 1 1 1 0 0 0 0 0 0 0 0
150 141 0 0 0 0 0 0 0 0 0 0 0 222 163 1 1 1 0 0 0 0 0 0 0 0
153 144 0 0 0 0 0 0 0 0 0 0 0 225 173 1 1 1 0 0 0 0 0 0 0 0
157 147 0 0 0 0 0 0 0 0 0 0 0 228 176 1 1 1 0 0 0 0 0 0 0 0
160 150 0 0 0 0 0 0 0 0 0 0 0 231 179 1 1 1 0 0 0 0 0 0 0 0
165 156 0 0 0 0 0 0 0 0 0 0 0 234 182 1 1 1 0 0 0 0 0 0 0 0
