# scores for worst/random/best/smart move selector strategies. 
# scores are 50% and 95% quantiles (based on 40 games) of: 
# game score, #destroyed, #unlocked, #stripes, #bombs, #zappers
3 3 0 0 0 0 0 0 0 0 0 0 0 9 9 0 0 0 0 0 0 0 0 0 0 0
6 6 0 0 0 0 0 0 0 0 0 0 0 12 12 0 0 0 0 0 0 0 0 0 0 0
9 9 0 0 0 0 0 0 0 0 0 0 0 18 18 0 0 0 0 0 0 0 0 0 0 0
13 13 0 0 0 0 0 0 0 0 0 0 0 26 21 0 0 0 0 0 0 0 0 0 0 0
16 16 0 0 0 0 0 0 0 0 0 0 0 53 25 0 1 0 0 0 0 0 0 0 0 0
20 20 0 0 0 0 0 0 0 0 0 0 0 57 30 0 1 0 0 0 0 0 0 0 0 0
24 24 0 0 0 0 0 0 0 0 0 0 0 66 37 0 1 0 0 0 0 0 0 0 0 0
28 28 0 0 0 0 0 0 0 0 0 0 0 71 41 0 1 0 0 0 0 0 0 0 0 0
31 31 0 0 0 0 0 0 0 0 0 0 0 77 48 0 1 0 0 0 0 0 0 0 0 0
35 35 0 0 0 0 0 0 0 0 0 0 0 80 51 0 1 0 0 0 0 0 0 0 0 0
39 39 0 0 0 0 0 0 0 0 0 0 0 85 55 0 1 0 0 0 0 0 0 0 0 0
43 43 0 0 0 0 0 0 0 0 0 0 0 88 59 0 1 0 0 0 0 0 0 0 0 0
51 48 0 0 0 0 0 0 0 0 0 0 0 111 66 0 1 1 0 0 0 0 0 0 0 0
57 52 0 0 0 0 0 0 0 0 0 0 0 141 76 1 2 1 0 0 0 0 0 0 0 0
69 57 0 0 0 0 0 0 0 0 0 0 0 175 85 1 2 1 0 0 0 0 0 0 0 0
80 60 0 0 0 0 0 0 0 0 0 0 0 188 91 1 3 1 0 1 0 0 0 0 0 0
93 65 0 0 0 0 0 0 0 0 0 0 0 191 95 1 3 1 0 1 0 0 0 0 0 0
96 70 0 0 0 0 0 0 0 0 0 0 0 194 98 1 3 1 0 1 0 0 0 0 0 0
105 75 0 1 0 0 0 0 0 0 0 0 0 197 102 1 3 1 0 1 0 0 0 0 0 0
111 79 0 1 0 0 0 0 0 0 0 0 0 217 111 2 4 1 0 1 1 0 0 0 0 0
115 83 0 1 0 0 0 0 0 0 0 0 0 224 119 2 4 1 0 1 1 0 0 0 0 0
126 88 0 1 0 0 0 0 0 0 0 0 0 245 122 3 4 1 0 1 1 0 0 0 0 0
132 91 0 1 0 0 0 0 0 0 0 0 0 268 129 3 5 1 0 1 1 0 0 0 0 0
138 95 0 1 0 0 0 0 0 0 0 0 0 272 134 3 5 1 0 1 1 0 0 0 0 0
142 98 0 1 0 0 0 0 0 0 0 0 0 275 138 3 5 1 0 1 1 0 0 0 0 0
150 104 0 1 0 0 0 0 0 0 0 0 0 283 147 3 5 1 0 1 1 0 0 0 0 0
164 110 0 1 0 0 0 0 0 0 0 0 0 287 150 3 5 1 0 1 1 0 0 0 0 0
174 117 0 1 0 0 0 0 0 0 0 0 0 291 155 3 5 1 0 1 1 0 0 0 0 0
190 126 0 1 0 0 0 0 0 0 0 0 0 297 159 4 5 1 0 1 1 0 0 0 0 0
194 129 0 1 0 0 0 0 0 0 0 0 0 307 164 4 5 1 0 1 1 0 0 0 0 0
202 134 0 1 0 0 0 0 0 0 0 0 0 327 170 4 6 1 0 1 1 0 0 0 0 0
207 137 0 2 0 0 0 0 0 0 0 0 0 346 173 4 6 1 0 1 1 0 0 0 0 0
221 142 0 2 0 0 0 0 0 0 0 0 0 352 177 4 6 1 1 1 1 0 1 0 0 0
227 148 0 2 0 0 0 0 0 0 0 0 0 355 180 4 6 1 1 1 1 0 1 0 0 0
244 154 0 3 0 0 0 0 0 0 0 0 0 365 184 4 6 1 1 1 1 0 1 0 0 0
247 158 0 3 0 0 0 0 0 0 0 0 0 370 190 4 6 1 1 2 1 0 1 0 0 0
250 161 0 3 0 0 0 0 0 0 0 0 0 374 193 4 6 1 1 2 1 0 1 0 0 0
259 166 0 3 0 0 0 0 0 0 0 0 0 383 198 4 7 1 1 2 1 0 1 0 0 0
274 170 0 3 0 0 0 0 0 0 0 0 0 405 202 4 7 1 1 2 1 0 1 0 0 0
284 178 0 3 0 0 0 0 0 0 0 0 0 408 210 4 7 1 1 2 1 0 1 0 0 0
295 181 0 3 0 0 0 0 0 0 0 0 0 422 222 4 7 1 1 2 1 0 1 0 0 0
