# scores for worst/random/best/smart move selector strategies. 
# scores are 50% and 95% quantiles (based on 40 games) of: 
# game score, #destroyed, #unlocked, #stripes, #bombs, #zappers
3 3 0 0 0 0 0 0 0 0 0 0 0 9 9 0 0 0 0 0 0 0 0 0 0 0
6 6 0 0 0 0 0 0 0 0 0 0 0 12 12 0 0 0 0 0 0 0 0 0 0 0
9 9 0 0 0 0 0 0 0 0 0 0 0 15 15 0 0 0 0 0 0 0 0 0 0 0
12 12 0 0 0 0 0 0 0 0 0 0 0 21 21 0 0 0 0 0 0 0 0 0 0 0
16 16 0 0 0 0 0 0 0 0 0 0 0 25 25 0 0 0 0 0 0 0 0 0 0 0
20 20 0 0 0 0 0 0 0 0 0 0 0 30 30 0 0 0 0 0 0 0 0 0 0 0
24 24 0 0 0 0 0 0 0 0 0 0 0 33 33 0 0 0 0 0 0 0 0 0 0 0
27 27 0 0 0 0 0 0 0 0 0 0 0 39 37 0 0 0 0 0 0 0 0 0 0 0
30 30 0 0 0 0 0 0 0 0 0 0 0 66 43 0 1 0 0 0 0 0 0 0 0 0
34 34 0 0 0 0 0 0 0 0 0 0 0 69 47 0 1 0 0 0 0 0 0 0 0 0
39 39 0 0 0 0 0 0 0 0 0 0 0 81 52 0 1 0 0 0 0 0 0 0 0 0
42 42 0 0 0 0 0 0 0 0 0 0 0 101 56 0 1 0 0 0 0 0 0 0 0 0
45 45 0 0 0 0 0 0 0 0 0 0 0 104 60 0 1 0 0 0 0 0 0 0 0 0
51 51 0 0 0 0 0 0 0 0 0 0 0 118 63 0 1 0 0 0 0 0 0 0 0 0
54 54 0 0 0 0 0 0 0 0 0 0 0 121 73 0 1 0 0 0 0 0 0 0 0 0
60 59 0 0 0 0 0 0 0 0 0 0 0 126 78 0 1 0 0 0 0 0 0 0 0 0
63 63 0 0 0 0 0 0 0 0 0 0 0 129 82 0 1 0 0 0 0 0 0 0 0 0
66 66 0 0 0 0 0 0 0 0 0 0 0 133 89 0 1 0 0 0 0 0 0 0 0 0
75 71 0 0 0 0 0 0 0 0 0 0 0 143 98 1 2 0 0 0 0 0 0 0 0 0
80 74 0 0 0 0 0 0 0 0 0 0 0 156 101 2 2 0 0 0 0 0 0 0 0 0
83 80 0 0 0 0 0 0 0 0 0 0 0 161 108 2 2 0 0 0 0 0 0 0 0 0
97 84 0 0 0 0 0 0 0 0 0 0 0 169 111 2 2 0 0 0 0 0 0 0 0 0
105 87 0 0 0 0 0 0 0 0 0 0 0 174 120 2 2 0 0 0 0 0 0 0 0 0
108 90 0 0 0 0 0 0 0 0 0 0 0 177 126 2 2 0 0 0 0 0 0 0 0 0
113 96 0 0 0 0 0 0 0 0 0 0 0 199 129 2 2 1 0 0 0 0 0 0 0 0
120 101 0 0 0 0 0 0 0 0 0 0 0 218 133 2 2 1 0 0 0 0 0 0 0 0
126 104 0 1 0 0 0 0 0 0 0 0 0 221 136 2 2 1 0 0 0 0 0 0 0 0
129 107 0 1 0 0 0 0 0 0 0 0 0 224 139 2 2 1 0 0 0 0 0 0 0 0
132 111 0 1 0 0 0 0 0 0 0 0 0 227 143 2 2 1 0 0 0 0 0 0 0 0
140 117 0 1 0 0 0 0 0 0 0 0 0 230 146 2 2 1 0 0 0 0 0 0 0 0
148 121 0 1 0 0 0 0 0 0 0 0 0 247 151 2 3 1 0 1 0 0 0 0 0 0
154 125 0 1 0 0 0 0 0 0 0 0 0 250 154 2 3 1 0 1 0 0 0 0 0 0
160 132 0 1 0 0 0 0 0 0 0 0 0 253 157 3 3 1 1 1 0 0 1 0 0 0
164 136 0 1 0 0 0 0 0 0 0 0 0 256 163 3 3 1 1 1 0 0 1 0 0 0
169 140 0 1 0 0 0 0 0 0 0 0 0 259 166 3 3 1 1 1 0 0 1 0 0 0
180 145 0 1 0 0 0 0 0 0 0 0 0 266 170 3 3 1 1 1 0 0 1 0 0 0
183 148 0 1 0 0 0 0 0 0 0 0 0 269 173 3 3 1 1 1 0 0 1 0 0 0
192 151 0 1 0 0 0 0 0 0 0 0 0 272 180 3 3 1 1 1 0 0 1 0 0 0
202 156 0 1 0 0 0 0 0 0 0 0 0 275 183 3 3 1 1 1 0 0 1 0 0 0
205 159 0 1 0 0 0 0 0 0 0 0 0 286 191 3 3 1 1 1 0 0 1 0 0 0
208 165 0 1 0 0 0 0 0 0 0 0 0 290 197 3 3 1 1 1 0 0 1 0 0 0
