# scores for worst/random/best/smart move selector strategies. 
# scores are 50% and 95% quantiles (based on 40 games) of: 
# game score, #destroyed, #unlocked, #stripes, #bombs, #zappers
3 3 0 0 0 0 0 0 0 0 0 0 0 10 10 0 0 0 0 0 0 0 0 0 0 0
7 7 0 0 0 0 0 0 0 0 0 0 0 21 21 0 0 0 0 0 0 0 0 0 0 0
13 12 0 0 0 0 0 0 0 0 0 0 0 29 28 0 0 0 0 0 0 0 0 0 0 0
18 18 0 0 0 0 0 0 0 0 0 0 0 47 34 0 0 0 0 0 0 0 0 0 0 0
23 23 0 0 0 0 0 0 0 0 0 0 0 84 39 0 1 0 0 0 0 0 0 0 0 0
28 28 0 0 0 0 0 0 0 0 0 0 0 111 49 0 1 0 1 0 0 0 1 0 0 0
36 35 0 0 0 0 0 0 0 0 0 0 0 120 57 0 1 0 1 0 0 0 1 0 0 0
47 40 0 0 0 0 0 0 0 0 0 0 0 138 62 0 2 1 1 0 0 0 1 0 0 0
58 45 0 0 0 0 0 0 0 0 0 0 0 167 73 0 2 1 1 0 0 0 1 0 0 0
68 50 0 0 0 0 0 0 0 0 0 0 0 174 79 0 2 1 1 0 0 0 1 0 0 0
76 56 0 0 0 0 0 0 0 0 0 0 0 206 99 0 3 1 1 1 0 0 1 0 0 0
79 61 0 0 0 0 0 0 0 0 0 0 0 240 112 0 3 1 2 1 0 0 1 0 0 0
109 68 0 1 0 0 0 0 0 0 0 0 0 243 117 0 4 1 2 1 0 0 1 0 0 0
115 76 0 1 0 0 0 0 0 0 0 0 0 249 121 0 4 1 2 1 0 0 1 0 0 0
119 81 0 1 0 0 0 0 0 0 0 0 0 264 125 0 4 1 2 1 1 0 1 0 0 0
132 90 0 1 0 0 0 0 0 0 0 0 0 281 128 0 5 1 2 1 1 0 1 0 0 0
162 96 0 2 0 0 0 0 0 0 0 0 0 307 134 0 7 1 2 1 1 0 1 0 0 0
167 108 0 2 0 0 0 0 0 0 0 0 0 320 141 0 7 1 2 1 1 0 2 0 0 0
172 111 0 2 0 0 0 0 0 0 0 0 0 323 145 0 7 1 2 1 1 0 2 0 0 0
183 115 0 2 0 0 0 0 0 0 0 0 0 328 149 0 7 1 2 1 1 0 2 0 0 0
194 121 0 2 0 0 0 0 0 0 0 0 0 333 157 0 7 1 2 1 1 0 2 0 0 0
221 124 0 2 0 0 0 0 0 0 0 0 0 339 160 0 7 1 2 1 1 0 2 0 0 0
224 127 0 2 0 0 0 0 0 0 0 0 0 347 165 0 7 1 2 1 1 0 2 0 0 0
235 135 0 3 0 0 0 0 0 0 0 0 0 381 172 0 8 1 2 1 1 0 2 0 0 0
241 140 0 3 0 0 0 0 0 0 0 0 0 387 175 0 8 1 2 1 1 0 2 0 0 0
274 147 0 3 0 0 0 0 0 0 0 0 0 411 180 0 8 1 2 1 1 0 2 0 0 0
302 154 0 3 0 0 0 0 0 0 0 0 0 421 188 0 9 1 2 1 1 0 2 0 0 0
308 159 0 3 0 0 0 0 0 0 0 0 0 441 204 0 9 1 2 1 1 0 2 0 0 0
316 164 0 3 0 0 0 0 0 0 0 0 0 444 207 0 9 1 2 1 1 0 2 0 0 0
329 170 0 3 0 0 0 0 0 0 0 0 0 482 215 0 9 1 2 1 1 0 2 0 0 0
332 175 0 3 0 0 0 0 0 0 0 0 0 485 223 0 9 1 2 1 1 0 2 0 0 0
336 180 0 3 0 0 0 0 0 0 0 0 0 507 232 0 9 1 2 1 1 0 2 0 0 0
345 185 0 4 0 0 0 0 0 0 0 0 0 543 238 0 9 1 2 1 1 0 2 0 0 0
349 189 0 4 0 0 0 0 0 0 0 0 0 588 247 0 12 2 2 1 1 0 2 1 0 0
359 194 0 5 0 1 0 0 0 0 0 0 0 591 250 0 12 2 2 2 1 0 2 1 0 0
368 199 0 5 0 1 0 0 0 0 0 0 0 604 262 0 12 2 2 2 1 0 2 1 0 0
385 207 0 5 0 1 0 0 0 0 0 0 0 608 267 0 12 2 2 2 1 0 2 1 0 0
393 214 0 5 1 1 0 0 0 0 0 0 0 639 272 0 12 2 2 2 1 0 2 1 0 0
397 220 0 5 1 1 0 0 0 0 0 0 0 656 280 0 12 2 2 2 1 0 2 1 0 0
403 225 0 5 1 1 0 0 0 0 0 0 0 686 289 0 13 2 2 2 1 0 2 1 0 0
422 233 0 5 1 1 0 0 0 0 0 0 0 689 293 0 13 2 2 2 1 0 2 1 0 0
