# scores for worst/random/best/smart move selector strategies. 
# scores are 50% and 95% quantiles (based on 40 games) of: 
# game score, #destroyed, #unlocked, #stripes, #bombs, #zappers
3 3 0 0 0 0 0 0 0 0 0 0 0 10 10 0 0 0 0 0 0 0 0 0 0 0
6 6 0 0 0 0 0 0 0 0 0 0 0 23 23 0 0 0 0 0 0 0 0 0 0 0
11 11 0 0 0 0 0 0 0 0 0 0 0 28 28 0 0 0 0 0 0 0 0 0 0 0
16 16 0 0 0 0 0 0 0 0 0 0 0 43 31 0 0 0 0 0 0 0 0 0 0 0
21 21 0 0 0 0 0 0 0 0 0 0 0 61 43 0 1 0 0 0 0 0 0 0 0 0
25 25 0 0 0 0 0 0 0 0 0 0 0 77 50 0 1 0 0 0 0 0 0 0 0 0
32 30 0 0 0 0 0 0 0 0 0 0 0 81 53 0 1 0 0 0 0 0 0 0 0 0
36 36 0 0 0 0 0 0 0 0 0 0 0 90 58 0 1 0 0 0 0 0 0 0 0 0
43 40 0 0 0 0 0 0 0 0 0 0 0 117 64 0 1 0 0 0 0 0 0 0 0 0
48 44 0 0 0 0 0 0 0 0 0 0 0 120 69 0 1 0 0 0 0 0 0 0 0 0
54 49 0 0 0 0 0 0 0 0 0 0 0 125 75 0 2 0 0 0 0 0 0 0 0 0
60 53 0 0 0 0 0 0 0 0 0 0 0 132 80 0 2 0 0 0 0 0 0 0 0 0
65 58 0 0 0 0 0 0 0 0 0 0 0 142 83 0 2 0 0 0 0 0 0 0 0 0
69 62 0 0 0 0 0 0 0 0 0 0 0 147 90 0 2 0 0 0 0 0 0 0 0 0
74 67 0 0 0 0 0 0 0 0 0 0 0 178 98 0 2 0 0 0 0 0 0 0 0 0
85 72 0 0 0 0 0 0 0 0 0 0 0 181 101 0 2 0 0 0 0 0 0 0 0 0
91 76 0 1 0 0 0 0 0 0 0 0 0 188 108 0 2 0 1 0 0 0 0 0 0 0
103 81 0 1 0 0 0 0 0 0 0 0 0 202 114 0 2 1 1 0 0 0 0 0 0 0
108 87 0 1 0 0 0 0 0 0 0 0 0 207 118 0 3 1 1 0 0 0 0 0 0 0
115 93 0 1 0 0 0 0 0 0 0 0 0 212 122 0 3 1 1 0 0 0 0 0 0 0
123 99 0 1 0 0 0 0 0 0 0 0 0 241 128 0 3 1 1 0 0 0 0 0 0 0
129 102 0 1 0 0 0 0 0 0 0 0 0 245 132 0 3 1 1 0 0 0 1 0 0 0
146 107 0 1 0 0 0 0 0 0 0 0 0 249 138 0 3 1 1 0 0 0 1 0 0 0
154 112 0 1 0 0 0 0 0 0 0 0 0 255 142 0 3 1 1 0 0 0 1 0 0 0
159 117 0 1 0 0 0 0 0 0 0 0 0 267 152 0 3 1 1 0 0 0 1 0 0 0
167 121 0 1 0 0 0 0 0 0 0 0 0 271 158 0 3 1 1 0 0 0 1 0 0 0
171 126 0 1 0 0 0 0 0 0 0 0 0 277 161 0 3 1 1 0 0 0 1 0 0 0
176 131 0 1 0 0 0 0 0 0 0 0 0 282 169 0 3 1 1 0 0 0 1 0 0 0
183 137 0 1 0 0 0 0 0 0 0 0 0 285 174 0 3 1 1 0 0 0 1 0 0 0
188 140 0 1 0 0 0 0 0 0 0 0 0 292 177 0 3 1 1 0 0 0 1 0 0 0
197 148 0 1 0 0 0 0 0 0 0 0 0 295 185 0 4 1 1 1 0 0 1 0 0 0
205 152 0 1 0 0 0 0 0 0 0 0 0 325 190 0 4 1 1 1 0 0 1 0 0 0
208 157 0 1 0 0 0 0 0 0 0 0 0 344 198 0 4 1 1 1 0 0 1 0 0 0
221 165 0 2 0 0 0 0 0 0 0 0 0 348 205 0 4 1 1 1 0 0 1 0 0 0
226 168 0 2 0 0 0 0 0 0 0 0 0 351 208 0 4 1 1 1 0 0 1 0 0 0
238 172 0 2 0 0 0 0 0 0 0 0 0 354 211 0 4 1 1 1 0 0 1 0 0 0
241 175 0 2 0 0 0 0 0 0 0 0 0 357 214 0 4 1 1 1 0 0 1 0 0 0
245 180 0 2 0 0 0 0 0 0 0 0 0 360 219 0 4 1 1 1 0 0 1 0 0 0
248 186 0 2 0 0 0 0 0 0 0 0 0 391 225 0 4 1 1 1 0 0 1 0 0 0
272 194 0 2 0 0 0 0 0 0 0 0 0 395 230 0 4 1 1 1 0 0 1 0 0 0
276 199 0 2 0 0 0 0 0 0 0 0 0 398 235 0 4 1 1 1 0 0 1 0 0 0
