# scores for worst/random/best/smart move selector strategies. 
# scores are 50% and 95% quantiles (based on 40 games) of: 
# game score, #destroyed, #unlocked, #stripes, #bombs, #zappers
3 3 0 0 0 0 0 0 0 0 0 0 0 16 16 0 0 0 0 0 0 0 0 0 0 0
9 9 0 0 0 0 0 0 0 0 0 0 0 176 63 0 3 0 0 0 0 0 0 0 0 0
16 16 0 0 0 0 0 0 0 0 0 0 0 227 84 1 4 1 1 0 0 0 1 0 0 0
39 32 0 0 0 0 0 0 0 0 0 0 0 333 114 2 7 2 1 0 1 0 1 0 0 0
49 37 0 0 0 0 0 0 0 0 0 0 0 449 150 2 8 3 1 0 2 0 1 0 0 0
124 51 0 2 0 0 0 0 0 0 0 0 0 509 165 2 9 3 1 1 2 0 1 0 0 0
208 66 0 4 0 0 0 0 0 0 0 0 0 590 176 3 14 3 1 2 2 0 1 0 0 0
251 78 1 5 1 0 0 0 0 0 0 0 0 595 186 4 15 3 1 2 2 0 1 0 0 0
367 106 1 7 2 0 0 0 0 0 0 0 0 766 206 5 21 4 1 2 2 0 1 1 0 0
423 136 1 8 2 0 0 0 0 0 0 0 0 852 223 5 23 4 1 2 2 0 1 1 0 0
470 141 1 9 2 0 0 0 0 0 0 0 0 899 236 8 24 4 2 2 2 0 1 1 0 0
500 156 1 9 2 0 0 0 0 0 0 0 0 919 250 8 24 5 2 2 2 0 1 1 0 0
517 159 1 9 2 0 0 1 0 0 0 0 0 952 274 8 24 5 2 2 2 1 1 1 0 0
552 185 1 10 2 0 0 1 0 0 0 0 0 961 284 8 24 5 2 2 2 1 1 1 0 0
610 205 1 11 2 0 1 1 0 0 0 0 0 1015 303 8 25 5 2 3 2 1 2 1 0 0
628 214 1 12 2 0 1 1 0 0 0 0 0 1251 341 8 29 5 2 3 2 1 2 1 0 0
658 222 2 12 3 0 1 1 0 0 0 0 0 1373 418 8 30 7 2 3 2 1 2 1 0 0
683 243 2 13 3 1 1 1 0 0 0 0 0 1490 464 8 31 7 3 3 3 1 2 1 0 0
738 252 2 13 3 1 1 1 0 0 0 0 0 1650 484 9 32 8 4 3 3 1 3 1 0 0
839 281 2 14 3 1 1 1 0 0 0 0 0 1783 519 9 32 14 5 3 3 1 3 1 1 0
925 305 2 15 4 1 1 1 0 0 0 0 0 1789 527 9 32 15 5 3 3 1 3 1 1 0
957 317 2 16 4 1 1 1 0 1 0 0 0 1800 539 9 32 15 5 3 3 1 3 1 1 0
987 325 2 16 4 1 1 1 0 1 0 0 0 1805 549 9 33 16 5 3 3 1 3 1 1 0
1041 331 2 16 4 1 1 1 0 1 0 0 0 1858 562 9 34 18 5 3 3 1 3 1 1 0
1047 340 2 17 4 1 1 1 0 1 0 0 0 1878 565 9 34 18 5 3 3 1 3 1 1 0
1053 369 2 17 5 1 2 1 0 1 0 0 0 1905 569 9 35 19 5 4 3 1 3 1 1 0
1170 382 2 19 5 1 2 1 0 1 0 0 0 1930 577 9 35 19 5 4 3 1 3 1 1 0
1214 395 2 20 5 1 2 1 0 1 0 0 0 1936 600 9 37 19 5 4 3 1 3 1 1 0
1242 409 2 20 5 1 2 1 0 1 0 0 0 1942 607 9 40 19 5 4 3 1 3 1 1 0
1248 429 2 21 5 1 2 1 0 1 0 0 0 1946 620 9 40 20 5 4 3 1 3 1 1 0
1290 449 2 21 5 1 2 1 0 1 0 0 0 2449 628 9 41 22 5 4 3 1 3 1 1 0
1380 464 2 22 6 1 2 1 0 1 0 0 0 2460 649 9 46 22 5 4 3 1 4 1 1 0
1398 480 2 22 6 1 2 1 0 1 0 0 0 2508 667 9 47 22 5 4 3 1 4 1 1 0
1567 512 2 23 6 2 2 1 0 1 0 0 0 2748 673 9 48 25 5 4 3 1 4 2 1 0
1629 527 2 25 6 2 2 1 0 1 0 0 0 2837 686 9 49 26 5 4 3 1 4 2 1 0
1680 540 2 29 6 2 2 1 0 1 0 0 0 2864 712 9 49 26 6 4 3 1 4 2 1 0
1727 550 2 30 6 2 2 1 0 1 0 0 0 2872 740 9 50 28 6 4 3 1 4 2 1 0
1811 573 2 32 6 2 2 1 0 1 0 0 0 2906 765 9 51 28 6 5 3 1 4 2 1 0
1890 584 2 38 6 2 2 1 0 1 1 0 0 3032 812 9 51 28 7 5 4 2 4 2 1 0
1930 603 2 38 6 3 2 1 0 2 1 0 0 3131 826 9 53 28 7 5 4 2 4 2 1 0
2020 613 2 39 7 3 2 1 0 2 1 0 0 3136 835 9 53 28 7 5 4 2 4 2 1 0
