# scores for worst/random/best/smart move selector strategies. 
# scores are 50% and 95% quantiles (based on 40 games) of: 
# game score, #destroyed, #unlocked, #stripes, #bombs, #zappers
9 9 0 0 0 0 0 0 0 0 0 0 0 21 21 0 0 0 0 0 0 0 0 0 0 0
14 14 0 0 0 0 0 0 0 0 0 0 0 36 32 0 0 0 0 0 0 0 0 0 0 0
18 18 0 0 0 0 0 0 0 0 0 0 0 54 38 0 1 0 0 0 0 0 0 0 0 0
25 24 0 0 0 0 0 0 0 0 0 0 0 67 45 0 1 0 0 0 0 0 0 0 0 0
33 32 0 0 0 0 0 0 0 0 0 0 0 126 54 1 1 0 0 0 0 0 0 0 0 0
41 36 0 0 0 0 0 0 0 0 0 0 0 290 83 3 6 2 1 0 0 0 1 0 0 0
48 44 0 0 0 0 0 0 0 0 0 0 0 321 95 3 6 2 1 0 0 0 1 0 0 0
60 52 0 0 0 0 0 0 0 0 0 0 0 326 99 3 6 2 1 0 0 0 1 0 0 0
81 59 0 0 0 0 0 0 0 0 0 0 0 464 128 9 8 3 1 0 0 0 1 0 0 0
102 67 0 0 0 0 0 0 0 0 0 0 0 503 145 10 9 3 1 0 0 0 1 0 0 0
108 74 0 0 0 0 0 0 0 0 0 0 0 512 154 10 9 3 1 0 0 0 1 0 0 0
128 81 0 1 0 0 0 0 0 0 0 0 0 535 159 10 9 4 1 0 0 0 1 0 0 0
136 87 0 1 0 0 0 0 0 0 0 0 0 538 163 10 9 4 1 0 0 0 1 0 0 0
154 97 0 1 0 0 0 0 0 0 0 0 0 543 170 10 9 4 1 1 0 0 1 0 0 0
164 102 0 1 0 0 0 0 0 0 0 0 0 546 181 10 9 4 1 1 0 0 1 0 0 0
214 115 1 2 0 0 0 0 0 0 0 0 0 554 186 10 9 4 1 1 0 0 1 0 0 0
273 128 1 3 1 0 0 0 0 0 0 0 0 618 192 10 9 4 1 1 1 0 1 0 0 0
328 147 3 4 2 0 0 0 0 0 0 0 0 638 210 10 11 4 1 1 1 0 1 0 0 0
349 154 3 6 2 0 0 0 0 0 0 0 0 645 215 10 11 4 1 1 1 0 1 0 0 0
470 161 4 7 2 0 0 0 0 0 0 0 0 651 220 10 12 4 1 1 1 0 1 0 0 0
481 175 4 7 2 0 0 0 0 0 0 0 0 696 233 10 12 4 1 1 1 0 1 0 0 0
503 191 5 7 2 0 0 0 0 0 0 0 0 716 251 10 12 4 1 1 1 0 1 0 0 0
525 197 5 7 2 0 0 0 0 0 0 0 0 778 259 10 12 4 1 1 1 0 1 0 0 0
538 209 5 7 2 0 0 0 0 0 0 0 0 795 268 10 12 5 1 1 1 0 1 0 0 0
542 212 5 7 2 0 0 0 0 0 0 0 0 799 272 10 12 5 1 1 1 0 1 0 0 0
545 220 5 7 3 0 0 0 0 0 0 0 0 804 277 10 12 5 1 1 1 0 1 0 0 0
556 223 5 8 3 0 0 0 0 0 0 0 0 807 280 10 12 5 1 1 1 0 1 0 0 0
559 228 5 8 3 0 0 0 0 0 0 0 0 873 307 10 14 6 2 1 1 0 1 0 0 0
569 231 5 8 3 0 0 0 0 0 0 0 0 877 313 10 14 6 2 1 1 0 1 0 0 0
572 234 5 9 3 0 0 0 0 0 0 0 0 880 323 10 14 6 2 1 1 0 1 0 0 0
575 246 5 9 3 0 0 0 0 0 0 0 0 886 327 10 14 6 2 1 1 0 1 0 0 0
612 250 5 9 3 0 0 0 0 0 0 0 0 898 336 10 14 6 2 1 1 0 1 0 0 0
621 258 6 9 3 0 0 0 0 0 0 0 0 904 344 10 15 6 2 1 1 0 1 0 0 0
624 265 6 10 3 0 0 0 0 0 0 0 0 934 349 10 15 7 2 1 1 0 1 0 0 0
652 277 6 10 3 0 0 0 0 0 0 0 0 993 357 10 15 7 2 1 1 0 1 0 0 0
674 281 6 10 3 0 0 0 0 0 0 0 0 996 365 10 15 7 2 1 1 0 2 0 0 0
713 298 6 10 3 0 0 0 0 0 0 0 0 1005 372 10 15 7 2 1 1 0 2 0 0 0
758 310 6 10 3 0 0 0 0 0 0 0 0 1016 400 10 15 7 2 1 1 0 2 0 0 0
763 313 6 10 4 0 0 0 0 0 0 0 0 1079 419 10 15 7 2 1 1 0 2 0 0 0
781 321 6 10 4 0 0 0 0 0 0 0 0 1152 433 10 16 8 2 1 1 0 2 0 0 0
787 330 6 10 4 0 0 0 0 0 0 0 0 1168 436 10 16 8 2 1 1 0 2 0 0 0
