# scores for worst/random/best/smart move selector strategies. 
# scores are 50% and 95% quantiles (based on 40 games) of: 
# game score, #destroyed, #unlocked, #stripes, #bombs, #zappers
3 3 0 0 0 0 0 0 0 0 0 0 0 16 16 0 0 0 0 0 0 0 0 0 0 0
11 11 0 0 0 0 0 0 0 0 0 0 0 200 59 1 4 1 0 0 0 0 0 0 0 0
49 24 0 0 0 0 0 0 0 0 0 0 0 273 93 3 5 2 1 1 1 0 1 0 0 0
150 48 0 2 0 0 0 0 0 0 0 0 0 416 119 3 7 3 1 1 1 0 1 0 0 0
243 78 1 5 1 0 0 0 0 0 0 0 0 443 153 4 9 3 1 1 1 0 1 0 0 0
342 101 1 6 2 0 0 0 0 0 0 0 0 475 179 5 10 4 1 1 1 0 1 0 0 0
395 114 1 7 2 0 0 0 0 0 0 0 0 814 220 5 11 5 1 2 1 0 1 0 0 0
432 136 1 8 2 0 1 0 0 0 0 0 0 920 256 5 12 6 2 2 1 0 2 0 0 0
494 158 1 8 2 1 1 0 0 0 0 0 0 1068 271 5 15 6 2 2 1 0 2 0 0 0
534 178 2 9 3 1 1 0 0 0 0 0 0 1074 291 5 23 6 2 2 1 0 2 0 0 0
611 201 2 10 3 1 1 0 0 1 0 0 0 1096 313 5 27 7 3 2 1 0 3 1 0 0
673 227 2 11 3 1 1 1 0 1 0 0 0 1225 327 5 27 7 3 2 2 0 3 1 0 0
749 252 2 12 3 1 1 1 0 1 0 0 0 1328 343 5 29 9 3 2 2 0 3 1 0 0
814 269 2 12 4 1 1 1 0 1 0 0 0 1340 394 5 30 10 4 2 2 0 3 1 0 0
852 288 2 13 4 2 1 1 0 1 0 0 0 1428 441 5 31 10 4 2 2 0 3 1 0 0
886 313 2 14 4 2 1 1 0 1 0 0 0 1450 496 5 31 10 4 2 2 0 3 1 0 0
966 334 2 14 4 2 1 1 0 1 0 0 0 1649 506 5 31 13 5 3 2 1 3 1 0 0
1039 354 2 15 5 2 1 1 0 1 0 0 0 1710 536 5 31 14 5 3 2 1 4 1 0 0
1088 381 2 16 5 2 1 1 0 2 0 0 0 1789 553 5 33 15 5 3 2 1 4 1 0 0
1149 410 2 16 6 2 1 1 0 2 0 0 0 1815 590 5 33 15 5 3 2 1 5 1 0 0
1171 431 2 17 6 2 1 1 0 2 0 0 0 1907 601 5 35 15 6 3 2 1 5 1 0 0
1219 455 2 18 6 3 1 1 0 2 0 0 0 1926 613 5 35 16 6 4 2 1 5 1 0 0
1314 485 2 18 6 3 1 1 0 2 0 0 0 1969 642 5 36 18 7 4 3 1 6 1 1 0
1367 504 2 19 7 3 1 1 0 2 0 0 0 2055 651 5 37 18 7 4 3 1 6 1 1 0
1501 521 2 19 7 3 1 1 0 3 0 0 0 2083 667 5 37 19 7 4 3 1 6 1 1 0
1609 545 2 20 7 4 1 1 0 3 0 0 0 2142 687 5 39 19 7 4 3 1 6 1 1 0
1680 575 2 22 7 4 1 1 0 3 0 0 0 2208 719 5 39 20 8 4 3 1 6 1 1 0
1735 583 2 23 7 4 1 1 0 3 0 0 0 2290 739 5 39 20 8 4 3 1 7 1 1 0
1849 613 2 25 8 5 1 1 0 4 0 0 0 2339 755 5 40 21 8 4 3 1 7 1 1 0
1923 664 2 25 8 5 1 1 0 4 0 0 0 2738 792 5 41 23 8 4 3 1 7 1 1 0
1963 686 2 26 8 5 2 1 0 4 0 0 0 2777 819 5 44 23 8 4 3 1 7 1 1 0
2069 712 2 28 9 5 2 1 0 4 0 0 0 2909 850 5 48 24 8 4 3 1 7 1 1 0
2116 725 2 28 9 5 2 1 0 4 1 0 0 2956 862 5 49 24 9 4 3 1 7 1 1 0
2155 751 2 29 10 5 2 2 0 4 1 0 0 3004 894 5 50 24 9 4 3 1 7 1 1 0
2228 768 2 29 10 6 2 2 0 4 1 0 0 3253 942 5 50 25 9 4 3 1 8 1 1 0
2306 812 2 31 10 6 2 2 0 4 1 0 0 3308 965 5 50 25 9 4 3 1 8 1 1 0
2390 824 2 31 10 6 2 2 0 4 1 0 0 3474 987 5 58 28 9 4 3 1 8 2 1 0
2454 852 2 32 11 6 2 2 0 5 1 0 0 3570 1006 5 58 29 9 4 3 1 8 2 1 0
2524 871 2 32 11 6 2 2 0 5 1 0 0 3623 1045 5 59 29 9 4 3 1 8 2 1 0
2593 898 2 33 11 6 2 2 0 5 1 0 0 3683 1077 5 59 29 10 4 3 1 8 2 1 0
2653 922 2 34 12 6 2 2 0 5 1 0 0 3726 1102 5 59 29 10 5 3 1 8 2 1 0
