# scores for worst/random/best/smart move selector strategies. 
# scores are 50% and 95% quantiles (based on 40 games) of: 
# game score, #destroyed, #unlocked, #stripes, #bombs, #zappers
3 3 0 0 0 0 0 0 0 0 0 0 0 16 16 0 0 0 0 0 0 0 0 0 0 0
6 6 0 0 0 0 0 0 0 0 0 0 0 22 22 0 0 0 0 0 0 0 0 0 0 0
12 12 0 0 0 0 0 0 0 0 0 0 0 48 30 0 0 0 0 0 0 0 0 0 0 0
18 18 0 0 0 0 0 0 0 0 0 0 0 71 45 0 1 0 0 0 0 0 0 0 0 0
21 21 0 0 0 0 0 0 0 0 0 0 0 126 68 0 1 1 0 0 0 0 0 0 0 0
28 28 0 0 0 0 0 0 0 0 0 0 0 161 72 0 2 1 0 0 0 0 0 0 0 0
34 33 0 0 0 0 0 0 0 0 0 0 0 164 74 1 2 1 0 0 0 0 0 0 0 0
43 39 0 0 0 0 0 0 0 0 0 0 0 222 81 1 3 2 0 0 0 0 0 0 0 0
51 49 0 0 0 0 0 0 0 0 0 0 0 398 133 1 5 2 1 0 0 0 0 0 0 0
55 51 0 0 0 0 0 0 0 0 0 0 0 402 138 1 5 2 1 0 0 0 0 0 0 0
61 58 0 0 0 0 0 0 0 0 0 0 0 515 161 1 6 3 1 0 0 0 0 0 0 0
70 64 0 0 0 0 0 0 0 0 0 0 0 520 165 1 6 3 1 0 0 0 0 0 0 0
90 70 0 0 0 0 0 0 0 0 0 0 0 532 172 1 6 3 1 0 0 0 0 0 0 0
102 77 0 1 0 0 0 0 0 0 0 0 0 547 180 1 7 4 1 0 0 0 0 0 0 0
108 83 0 1 0 0 0 0 0 0 0 0 0 550 183 1 7 4 1 0 0 0 0 0 0 0
114 89 0 1 0 0 0 0 0 0 0 0 0 570 187 1 8 4 1 0 0 0 0 0 0 0
116 94 0 1 0 0 0 0 0 0 0 0 0 573 192 1 8 4 1 0 0 0 0 0 0 0
142 101 0 2 0 0 0 0 0 0 0 0 0 578 196 2 9 4 1 0 0 0 0 0 0 0
143 107 0 2 0 0 0 0 0 0 0 0 0 581 199 2 9 4 1 0 0 0 0 0 0 0
157 112 0 2 0 0 0 0 0 0 0 0 0 587 208 2 9 4 1 0 0 0 0 0 0 0
194 125 0 2 0 0 0 0 0 0 0 0 0 593 211 3 9 4 1 0 0 0 0 0 0 0
208 134 0 2 0 0 0 0 0 0 0 0 0 648 238 3 9 4 1 0 0 0 0 0 0 0
211 137 0 2 0 0 0 0 0 0 0 0 0 652 243 3 9 5 1 0 0 0 0 0 0 0
309 153 0 3 1 0 0 0 0 0 0 0 0 655 251 3 9 5 1 0 0 0 0 0 0 0
327 162 0 3 1 0 0 0 0 0 0 0 0 664 263 3 9 5 1 0 0 0 0 0 0 0
346 165 0 4 1 0 0 0 0 0 0 0 0 687 274 3 9 5 1 0 0 0 0 0 0 0
378 178 0 4 2 0 0 0 0 0 0 0 0 690 277 3 10 5 1 0 0 0 0 0 0 0
422 185 0 5 2 0 0 0 0 0 0 0 0 693 280 3 10 5 1 0 0 0 0 0 0 0
424 190 0 5 2 0 0 0 0 0 0 0 0 697 283 3 10 5 1 0 0 0 0 0 0 0
435 198 0 5 2 0 0 0 0 0 0 0 0 700 294 3 10 5 1 0 0 0 0 0 0 0
438 201 0 5 2 0 0 0 0 0 0 0 0 703 297 3 10 5 1 0 0 0 0 0 0 0
450 206 0 6 2 0 0 0 0 0 0 0 0 706 300 3 10 5 1 0 0 0 0 0 0 0
465 214 0 7 2 0 0 0 0 0 0 0 0 714 303 3 10 5 1 0 0 0 0 0 0 0
471 219 0 7 2 0 0 0 0 0 0 0 0 720 307 3 10 5 1 0 0 0 0 0 0 0
474 225 0 7 2 0 0 0 0 0 0 0 0 723 310 3 10 5 1 0 0 0 0 0 0 0
477 229 0 7 2 0 0 0 0 0 0 0 0 726 313 3 10 5 1 0 0 0 0 0 0 0
482 232 0 7 2 0 0 0 0 0 0 0 0 742 330 3 11 5 1 0 0 0 0 0 0 0
491 237 0 7 2 0 0 0 0 0 0 0 0 745 333 3 11 5 1 0 0 0 0 0 0 0
499 245 0 7 2 0 0 0 0 0 0 0 0 748 336 3 11 5 1 0 0 0 0 0 0 0
522 254 0 7 3 0 0 0 0 0 0 0 0 751 339 3 11 5 1 0 0 0 0 0 0 0
525 261 0 7 3 0 0 0 0 0 0 0 0 756 342 3 11 5 1 0 0 0 0 0 0 0
