# scores for worst/random/best/smart move selector strategies. 
# scores are 50% and 95% quantiles (based on 40 games) of: 
# game score, #destroyed, #unlocked, #stripes, #bombs, #zappers
1 1 0 0 0 0 0 0 0 0 0 0 0 6 6 0 0 0 0 0 0 0 0 0 0 0
6 6 0 0 0 0 0 0 0 0 0 0 0 10 10 0 0 0 0 0 0 0 0 0 0 0
9 9 0 0 0 0 0 0 0 0 0 0 0 55 17 0 0 0 0 0 0 0 0 0 0 0
13 13 0 0 0 0 0 0 0 0 0 0 0 58 22 0 0 0 0 0 0 0 0 0 0 0
16 16 0 0 0 0 0 0 0 0 0 0 0 77 27 0 1 0 1 0 0 0 1 0 0 0
21 20 0 0 0 0 0 0 0 0 0 0 0 81 30 0 1 0 1 0 0 0 1 0 0 0
24 24 0 0 0 0 0 0 0 0 0 0 0 97 36 1 2 0 1 0 0 0 1 0 0 0
31 29 0 0 0 0 0 0 0 0 0 0 0 100 42 1 2 0 1 0 0 0 1 0 0 0
41 34 0 0 0 0 0 0 0 0 0 0 0 109 50 3 2 0 1 0 0 0 1 0 0 0
46 38 0 0 0 0 0 0 0 0 0 0 0 132 54 3 2 0 1 0 0 0 1 0 0 0
54 42 0 0 0 0 0 0 0 0 0 0 0 140 61 3 2 0 1 0 0 0 1 0 0 0
63 48 0 0 0 0 0 0 0 0 0 0 0 170 75 3 2 0 1 0 0 0 1 0 0 0
77 54 0 0 0 0 0 0 0 0 0 0 0 175 82 3 2 0 1 1 0 0 1 0 0 0
83 57 0 0 0 0 0 0 0 0 0 0 0 212 96 3 3 0 1 1 0 0 1 0 0 0
88 63 0 0 0 0 0 0 0 0 0 0 0 215 106 3 3 0 1 1 0 0 1 0 0 0
93 69 0 1 0 0 0 0 0 0 0 0 0 254 122 4 3 1 1 1 0 0 1 0 0 0
109 73 0 1 0 0 0 0 0 0 0 0 0 280 129 6 3 1 1 1 0 0 1 0 0 0
119 81 0 1 0 0 0 0 0 0 0 0 0 283 134 6 3 1 1 1 0 0 1 0 0 0
126 85 0 1 0 0 0 0 0 0 0 0 0 306 138 6 4 1 1 1 0 0 1 0 0 0
134 89 0 1 0 0 0 0 0 0 0 0 0 311 142 6 4 1 1 1 0 0 1 0 0 0
161 95 0 1 0 0 0 0 0 0 0 0 0 345 150 8 4 1 1 1 1 0 1 0 0 0
165 100 0 2 0 0 0 0 0 0 0 0 0 355 158 8 4 1 1 1 1 0 1 0 0 0
196 107 0 2 0 0 0 0 0 0 0 0 0 358 162 8 4 1 1 1 1 0 1 0 0 0
204 113 0 2 0 0 0 0 0 0 0 0 0 361 169 8 4 1 1 1 1 0 1 0 0 0
213 121 0 2 0 0 0 0 0 0 0 0 0 372 178 8 5 1 1 1 1 0 1 0 0 0
225 125 1 2 0 0 0 0 0 0 0 0 0 407 189 8 5 1 1 1 1 0 1 0 0 0
234 133 1 3 0 0 0 0 0 0 0 0 0 422 196 8 5 1 1 1 1 0 1 0 0 0
242 138 1 3 0 0 0 0 0 0 0 0 0 456 206 8 5 1 1 1 1 0 1 0 0 0
256 148 1 3 0 0 0 0 0 0 0 0 0 461 211 8 6 1 1 1 1 0 1 0 0 0
262 152 1 3 0 0 0 0 0 0 0 0 0 501 227 8 7 1 1 1 1 0 1 0 0 0
266 159 1 3 0 0 0 0 0 0 0 0 0 511 232 8 7 1 1 1 1 0 1 0 0 0
271 167 1 3 0 0 0 0 0 0 0 0 0 550 235 8 9 2 2 1 1 0 2 0 0 0
293 177 1 4 0 0 0 0 0 0 0 0 0 635 249 9 12 2 2 1 1 0 2 0 0 0
296 180 2 4 0 0 0 0 0 0 0 0 0 639 260 9 12 2 2 1 1 0 2 0 0 0
350 190 2 4 0 0 0 0 0 0 0 0 0 682 267 9 13 2 2 1 1 0 2 0 0 0
392 196 2 4 0 0 0 0 0 0 0 0 0 685 271 9 15 2 2 2 1 0 2 0 0 0
411 207 2 5 0 0 0 0 0 0 0 0 0 690 283 9 15 2 2 2 1 0 2 1 0 0
426 212 2 5 0 0 1 0 0 0 0 0 0 695 288 9 15 3 2 2 1 0 2 1 0 0
431 216 3 5 0 0 1 0 0 0 0 0 0 698 293 9 15 3 2 2 1 0 2 1 0 0
436 219 3 5 1 0 1 0 0 0 0 0 0 718 306 9 16 3 2 2 1 0 2 1 0 0
446 227 3 6 1 0 1 0 0 0 0 0 0 736 312 9 16 3 2 2 1 0 2 1 0 0
