# scores for worst/random/best/smart move selector strategies. 
# scores are 50% and 95% quantiles (based on 40 games) of: 
# game score, #destroyed, #unlocked, #stripes, #bombs, #zappers
1 1 0 0 0 0 0 0 0 0 0 0 0 6 6 0 0 0 0 0 0 0 0 0 0 0
6 6 0 0 0 0 0 0 0 0 0 0 0 11 11 0 0 0 0 0 0 0 0 0 0 0
9 9 0 0 0 0 0 0 0 0 0 0 0 16 16 0 0 0 0 0 0 0 0 0 0 0
12 12 0 0 0 0 0 0 0 0 0 0 0 24 24 0 0 0 0 0 0 0 0 0 0 0
15 15 0 0 0 0 0 0 0 0 0 0 0 27 27 0 0 0 0 0 0 0 0 0 0 0
19 19 0 0 0 0 0 0 0 0 0 0 0 32 32 0 0 0 0 0 0 0 0 0 0 0
24 24 0 0 0 0 0 0 0 0 0 0 0 74 38 0 0 0 0 0 0 0 0 0 0 0
27 27 0 0 0 0 0 0 0 0 0 0 0 77 41 0 0 0 0 0 0 0 0 0 0 0
30 30 0 0 0 0 0 0 0 0 0 0 0 83 44 0 1 0 0 0 0 0 0 0 0 0
36 35 0 0 0 0 0 0 0 0 0 0 0 98 48 0 1 0 0 0 0 0 0 0 0 0
39 39 0 0 0 0 0 0 0 0 0 0 0 103 53 0 1 0 0 0 0 0 0 0 0 0
44 43 0 0 0 0 0 0 0 0 0 0 0 106 60 0 1 0 0 0 0 0 0 0 0 0
48 47 0 0 0 0 0 0 0 0 0 0 0 109 63 0 1 0 0 0 0 0 0 0 0 0
51 51 0 0 0 0 0 0 0 0 0 0 0 138 72 0 1 0 0 0 0 0 0 0 0 0
57 57 0 0 0 0 0 0 0 0 0 0 0 159 75 0 2 0 0 0 0 0 0 0 0 0
61 60 0 0 0 0 0 0 0 0 0 0 0 162 87 0 2 0 0 0 0 0 0 0 0 0
64 63 0 0 0 0 0 0 0 0 0 0 0 179 90 0 2 0 0 0 0 0 0 0 0 0
71 69 0 0 0 0 0 0 0 0 0 0 0 198 93 2 3 0 0 0 0 0 0 0 0 0
76 74 0 0 0 0 0 0 0 0 0 0 0 201 99 2 3 0 0 0 0 0 0 0 0 0
84 81 0 0 0 0 0 0 0 0 0 0 0 204 105 2 3 0 0 0 0 0 0 0 0 0
90 86 0 0 0 0 0 0 0 0 0 0 0 209 111 2 3 0 0 0 0 0 0 0 0 0
97 92 0 0 0 0 0 0 0 0 0 0 0 216 116 2 3 0 0 1 0 0 0 0 0 0
106 96 0 0 0 0 0 0 0 0 0 0 0 224 120 2 3 0 0 1 0 0 0 0 0 0
117 100 0 0 0 0 0 0 0 0 0 0 0 227 130 2 3 0 0 1 0 0 0 0 0 0
132 104 0 1 0 0 0 0 0 0 0 0 0 230 134 2 3 0 0 1 0 0 0 0 0 0
137 107 0 1 0 0 0 0 0 0 0 0 0 248 137 2 4 0 0 1 0 0 0 0 0 0
140 110 0 1 0 0 0 0 0 0 0 0 0 253 142 2 4 0 0 1 0 0 0 0 0 0
147 116 0 1 0 0 0 0 0 0 0 0 0 261 148 2 4 0 0 1 0 0 0 0 0 0
154 119 0 1 0 0 0 0 0 0 0 0 0 264 151 2 4 0 0 1 0 0 0 0 0 0
168 126 0 1 0 0 0 0 0 0 0 0 0 271 158 2 4 0 0 1 0 0 0 0 0 0
171 130 0 1 0 0 0 0 0 0 0 0 0 277 165 2 4 0 0 1 0 0 0 0 0 0
175 135 0 1 0 0 0 0 0 0 0 0 0 288 171 2 4 0 0 1 0 0 0 0 0 0
181 141 0 1 0 0 0 0 0 0 0 0 0 302 175 2 4 1 0 1 0 0 0 0 0 0
194 150 0 1 0 0 0 0 0 0 0 0 0 309 180 3 4 1 0 1 0 0 0 0 0 0
202 154 0 1 0 0 0 0 0 0 0 0 0 340 188 3 4 1 0 1 0 0 0 0 0 0
207 157 0 1 0 0 0 0 0 0 0 0 0 352 203 3 4 1 0 1 0 0 0 0 0 0
212 162 0 1 0 0 0 0 0 0 0 0 0 355 210 3 4 1 0 1 0 0 0 0 0 0
216 167 0 1 0 0 0 0 0 0 0 0 0 376 214 3 5 1 0 1 0 0 0 0 0 0
233 173 0 2 0 0 0 0 0 0 0 0 0 388 221 3 5 1 1 1 0 0 1 0 0 0
243 182 0 2 0 0 0 0 0 0 0 0 0 409 230 4 5 1 1 1 0 0 1 0 0 0
246 188 0 2 0 0 0 0 0 0 0 0 0 415 236 4 5 1 1 1 0 0 1 0 0 0
