# scores for worst/random/best/smart move selector strategies. 
# scores are 50% and 95% quantiles (based on 40 games) of: 
# game score, #destroyed, #unlocked, #stripes, #bombs, #zappers
1 1 0 0 0 0 0 0 0 0 0 0 0 6 6 0 0 0 0 0 0 0 0 0 0 0
6 6 0 0 0 0 0 0 0 0 0 0 0 10 10 0 0 0 0 0 0 0 0 0 0 0
9 9 0 0 0 0 0 0 0 0 0 0 0 30 15 0 0 0 0 0 0 0 0 0 0 0
13 13 0 0 0 0 0 0 0 0 0 0 0 62 20 0 0 0 0 0 0 0 0 0 0 0
18 18 0 0 0 0 0 0 0 0 0 0 0 75 27 0 1 0 0 0 0 0 0 0 0 0
22 22 0 0 0 0 0 0 0 0 0 0 0 82 33 2 1 0 0 0 0 0 0 0 0 0
27 26 0 0 0 0 0 0 0 0 0 0 0 95 38 2 1 0 1 0 0 0 1 0 0 0
31 30 0 0 0 0 0 0 0 0 0 0 0 99 56 3 1 0 1 0 0 0 1 0 0 0
44 34 0 0 0 0 0 0 0 0 0 0 0 125 66 3 2 0 1 1 0 0 1 0 0 0
51 38 0 0 0 0 0 0 0 0 0 0 0 150 73 3 3 0 1 1 0 0 1 0 0 0
65 45 0 0 0 0 0 0 0 0 0 0 0 170 88 3 3 0 1 1 0 0 1 0 0 0
79 51 0 1 0 0 0 0 0 0 0 0 0 203 101 5 3 0 1 1 0 0 1 0 0 0
87 57 0 1 0 0 0 0 0 0 0 0 0 260 116 6 4 1 1 1 0 0 1 0 0 0
96 61 0 1 0 0 0 0 0 0 0 0 0 266 122 6 4 1 1 1 0 0 1 0 0 0
118 67 0 1 0 0 0 0 0 0 0 0 0 286 128 7 5 1 1 1 0 0 1 0 0 0
133 72 0 1 0 0 0 0 0 0 0 0 0 351 138 7 5 1 1 1 1 0 1 0 0 0
143 77 0 1 0 0 0 0 0 0 0 0 0 357 144 7 5 1 1 1 1 0 1 0 0 0
155 85 0 2 0 0 0 0 0 0 0 0 0 422 166 7 6 1 1 1 1 0 1 0 0 0
159 90 0 2 0 0 0 0 0 0 0 0 0 429 171 7 6 1 1 1 1 0 1 0 0 0
166 94 1 2 0 0 0 0 0 0 0 0 0 438 182 7 7 1 1 1 1 0 1 0 0 0
178 100 1 2 0 0 0 0 0 0 0 0 0 497 196 7 7 1 1 2 1 0 1 0 0 0
205 107 1 2 0 0 0 0 0 0 0 0 0 503 205 8 7 1 1 2 1 0 1 0 0 0
226 116 1 2 0 0 0 0 0 0 0 0 0 545 221 8 8 1 1 2 1 0 1 0 0 0
247 126 1 2 0 0 0 0 0 0 0 0 0 573 227 8 8 2 1 2 1 0 1 0 0 0
257 130 1 3 0 0 0 0 0 0 0 0 0 656 250 10 9 2 1 2 1 0 1 0 0 0
275 141 2 3 0 0 0 0 0 0 0 0 0 687 266 10 9 3 1 2 1 0 1 0 0 0
296 150 2 4 0 1 0 0 0 1 0 0 0 696 273 10 9 3 2 2 1 0 2 0 0 0
310 158 2 4 0 1 0 0 0 1 0 0 0 716 278 10 10 4 2 2 1 0 2 0 0 0
331 168 2 4 0 1 0 0 0 1 0 0 0 731 299 10 10 4 2 2 1 0 2 0 0 0
385 180 3 5 1 1 1 0 0 1 0 0 0 833 323 10 11 4 2 2 1 0 2 0 0 0
401 189 3 5 1 1 1 0 0 1 0 0 0 865 330 10 12 4 2 2 1 0 2 0 0 0
421 197 3 5 1 1 1 0 0 1 0 0 0 935 335 10 13 4 2 3 1 0 2 0 0 0
456 208 3 7 1 1 1 0 0 1 0 0 0 941 342 10 14 4 2 3 1 0 2 0 0 0
474 216 3 7 1 1 1 0 0 1 0 0 0 1017 361 10 14 7 3 3 1 0 2 0 0 0
509 238 3 7 1 1 1 0 0 1 0 0 0 1038 371 10 17 7 3 3 1 0 2 0 0 0
546 249 3 7 1 1 1 0 0 1 0 0 0 1047 398 10 21 7 4 3 1 0 3 1 0 0
551 255 3 8 1 1 1 0 0 1 0 0 0 1055 403 10 21 7 4 3 1 0 3 1 0 0
560 265 3 8 1 1 1 0 0 1 0 0 0 1096 420 10 22 7 4 3 1 0 3 1 0 0
628 287 3 9 1 1 1 0 0 1 0 0 0 1105 427 10 23 7 4 3 1 0 3 1 0 0
635 299 3 9 1 1 1 0 0 1 0 0 0 1143 434 10 23 7 4 3 1 0 3 1 0 0
709 311 4 9 1 1 1 0 0 1 0 0 0 1169 438 10 23 7 4 3 1 0 3 1 0 0
