# scores for worst/random/best/smart move selector strategies. 
# scores are 50% and 95% quantiles (based on 40 games) of: 
# game score, #destroyed, #unlocked, #stripes, #bombs, #zappers
1 1 0 0 0 0 0 0 0 0 0 0 0 6 6 0 0 0 0 0 0 0 0 0 0 0
6 6 0 0 0 0 0 0 0 0 0 0 0 10 10 0 0 0 0 0 0 0 0 0 0 0
9 9 0 0 0 0 0 0 0 0 0 0 0 15 15 0 0 0 0 0 0 0 0 0 0 0
12 12 0 0 0 0 0 0 0 0 0 0 0 19 19 0 0 0 0 0 0 0 0 0 0 0
15 15 0 0 0 0 0 0 0 0 0 0 0 29 28 0 0 0 0 0 0 0 0 0 0 0
19 19 0 0 0 0 0 0 0 0 0 0 0 34 31 0 0 0 0 0 0 0 0 0 0 0
24 24 0 0 0 0 0 0 0 0 0 0 0 37 34 0 0 0 0 0 0 0 0 0 0 0
27 27 0 0 0 0 0 0 0 0 0 0 0 43 40 0 0 0 0 0 0 0 0 0 0 0
33 33 0 0 0 0 0 0 0 0 0 0 0 63 47 0 0 0 0 0 0 0 0 0 0 0
36 36 0 0 0 0 0 0 0 0 0 0 0 66 52 0 0 0 0 0 0 0 0 0 0 0
39 39 0 0 0 0 0 0 0 0 0 0 0 69 55 0 0 0 0 0 0 0 0 0 0 0
45 45 0 0 0 0 0 0 0 0 0 0 0 72 59 0 0 0 0 0 0 0 0 0 0 0
48 48 0 0 0 0 0 0 0 0 0 0 0 89 64 0 1 0 0 0 0 0 0 0 0 0
51 51 0 0 0 0 0 0 0 0 0 0 0 96 68 0 1 0 0 0 0 0 0 0 0 0
56 56 0 0 0 0 0 0 0 0 0 0 0 106 74 0 1 0 0 0 0 0 0 0 0 0
60 60 0 0 0 0 0 0 0 0 0 0 0 127 86 0 1 0 0 0 0 0 0 0 0 0
63 63 0 0 0 0 0 0 0 0 0 0 0 133 89 0 1 0 0 0 0 0 0 0 0 0
69 69 0 0 0 0 0 0 0 0 0 0 0 136 91 0 1 0 0 0 0 0 0 0 0 0
72 72 0 0 0 0 0 0 0 0 0 0 0 139 94 0 1 0 0 0 0 0 0 0 0 0
75 75 0 0 0 0 0 0 0 0 0 0 0 143 97 0 1 0 0 0 0 0 0 0 0 0
79 79 0 0 0 0 0 0 0 0 0 0 0 146 110 0 1 0 0 0 0 0 0 0 0 0
82 82 0 0 0 0 0 0 0 0 0 0 0 149 114 0 1 0 0 0 0 0 0 0 0 0
87 87 0 0 0 0 0 0 0 0 0 0 0 152 117 0 1 0 0 0 0 0 0 0 0 0
92 92 0 0 0 0 0 0 0 0 0 0 0 158 121 0 1 1 0 0 0 0 0 0 0 0
98 98 0 0 0 0 0 0 0 0 0 0 0 168 126 0 1 1 0 0 0 0 0 0 0 0
105 103 0 0 0 0 0 0 0 0 0 0 0 184 136 0 1 1 0 0 0 0 0 0 0 0
108 106 0 0 0 0 0 0 0 0 0 0 0 187 139 0 1 1 0 0 0 0 0 0 0 0
117 111 0 0 0 0 0 0 0 0 0 0 0 190 142 0 1 1 1 0 0 0 1 0 0 0
120 115 0 0 0 0 0 0 0 0 0 0 0 212 147 0 1 1 1 0 0 0 1 0 0 0
127 122 0 0 0 0 0 0 0 0 0 0 0 216 151 1 1 1 1 0 0 0 1 0 0 0
139 125 0 0 0 0 0 0 0 0 0 0 0 219 154 1 1 1 1 0 0 0 1 0 0 0
146 129 0 0 0 0 0 0 0 0 0 0 0 222 157 1 1 1 1 0 0 0 1 0 0 0
153 134 0 0 0 0 0 0 0 0 0 0 0 227 162 1 1 1 1 0 0 0 1 0 0 0
157 138 0 0 0 0 0 0 0 0 0 0 0 233 176 1 1 1 1 0 0 0 1 0 0 0
161 140 0 0 0 0 0 0 0 0 0 0 0 239 181 1 1 1 1 0 0 0 1 0 0 0
170 144 0 0 0 0 0 0 0 0 0 0 0 244 185 1 2 1 1 0 0 0 1 0 0 0
175 147 0 0 0 0 0 0 0 0 0 0 0 247 191 1 2 1 1 0 0 0 1 0 0 0
178 152 0 0 0 0 0 0 0 0 0 0 0 263 198 1 2 1 1 0 0 0 1 0 0 0
185 157 0 0 0 0 0 0 0 0 0 0 0 266 201 1 2 1 1 0 0 0 1 0 0 0
192 162 0 0 0 0 0 0 0 0 0 0 0 270 204 1 2 1 1 0 0 0 1 0 0 0
195 165 0 0 0 0 0 0 0 0 0 0 0 278 209 1 2 1 1 0 0 0 1 0 0 0
