# scores for worst/random/best/smart move selector strategies. 
# scores are 50% and 95% quantiles (based on 40 games) of: 
# game score, #destroyed, #unlocked, #stripes, #bombs, #zappers
3 3 0 0 0 0 0 0 0 0 0 0 0 18 18 0 0 0 0 0 0 0 0 0 0 0
8 8 0 0 0 0 0 0 0 0 0 0 0 38 33 1 0 0 0 0 0 0 0 0 0 0
24 20 0 0 0 0 0 0 0 0 0 0 0 121 53 3 2 0 1 0 0 0 1 0 0 0
54 33 0 0 0 0 0 0 0 0 0 0 0 147 64 6 2 1 1 0 0 0 1 0 0 0
86 40 1 1 0 0 0 0 0 0 0 0 0 207 90 11 3 1 1 1 0 0 1 0 0 0
106 53 2 1 0 0 0 0 0 0 0 0 0 715 157 13 4 7 2 1 1 0 1 0 0 0
132 64 2 2 0 0 0 0 0 0 0 0 0 754 184 13 4 8 2 1 1 0 1 0 0 0
154 74 3 2 0 0 0 0 0 0 0 0 0 817 202 13 5 8 2 1 1 0 1 0 0 0
196 83 3 2 1 0 0 0 0 0 0 0 0 935 230 13 6 9 2 1 1 0 2 0 0 0
224 95 4 3 1 0 0 0 0 0 0 0 0 950 243 13 7 9 2 1 1 0 2 0 0 0
247 107 4 3 1 0 0 0 0 0 0 0 0 1115 267 13 7 14 3 1 1 0 2 0 1 0
286 127 5 4 1 0 0 0 0 0 0 0 0 1141 286 14 7 14 3 2 1 0 2 0 1 0
320 142 5 4 1 0 0 0 0 0 0 0 0 1203 310 14 14 14 3 2 1 0 2 0 1 0
358 166 6 5 1 0 0 0 0 0 0 0 0 1210 330 15 15 14 3 2 1 1 2 0 1 0
382 173 6 5 1 0 0 0 0 0 0 0 0 1214 334 15 15 14 3 2 1 1 3 0 1 0
410 180 6 5 1 0 0 0 0 0 0 0 0 1218 339 15 15 14 3 2 1 1 3 0 1 0
437 196 7 6 1 0 0 0 0 0 0 0 0 1221 350 15 17 14 3 2 1 1 3 0 1 0
467 216 7 6 2 1 0 0 0 0 0 0 0 1226 353 16 18 14 3 2 1 1 3 0 1 0
514 226 8 7 2 1 0 0 0 0 0 0 0 1278 379 16 19 14 4 2 1 1 3 0 1 0
548 237 9 8 2 1 0 0 0 0 0 0 0 1287 386 16 20 14 4 2 1 1 3 1 1 0
580 247 9 8 2 1 1 0 0 1 0 0 0 1423 402 16 20 15 4 2 2 1 3 1 1 0
600 269 9 9 2 1 1 0 0 1 0 0 0 1430 411 16 20 15 4 2 2 1 3 1 1 0
652 280 9 9 2 1 1 0 0 1 0 0 0 1532 434 17 20 18 4 2 2 1 4 1 1 0
724 295 9 10 3 1 1 0 0 1 0 0 0 1541 461 17 23 18 4 3 2 1 4 1 1 0
737 311 9 10 3 1 1 1 0 1 0 0 0 1552 495 17 25 18 4 3 2 1 4 1 1 0
823 327 9 12 3 1 1 1 0 1 0 0 0 1733 505 17 25 20 4 3 2 1 4 1 1 0
881 348 9 13 3 1 1 1 0 1 0 0 0 1742 512 17 25 20 4 3 2 1 4 1 1 0
921 360 9 14 4 1 1 1 0 1 0 0 0 1805 529 17 26 20 4 3 2 1 4 1 1 0
952 389 9 14 4 1 1 1 0 1 0 0 0 1848 543 17 36 20 5 3 2 1 4 1 1 0
1017 409 9 15 4 2 1 1 0 1 0 0 0 1885 581 17 37 20 5 3 2 1 4 1 1 0
1057 420 9 15 4 2 1 1 0 1 0 0 0 1931 598 17 37 20 5 3 2 1 4 1 1 0
1096 432 9 16 4 2 1 1 0 1 0 0 0 1971 627 17 44 20 5 3 2 1 4 2 1 0
1115 451 9 16 5 2 1 1 0 2 0 0 0 2037 645 17 44 20 5 3 2 1 4 2 1 0
1173 477 9 17 5 2 2 1 0 2 0 0 0 2177 659 17 44 21 5 3 3 1 4 2 1 0
1194 488 9 17 5 2 2 1 0 2 0 0 0 2189 690 17 45 21 6 3 3 1 4 2 1 0
1264 508 9 19 5 2 2 1 0 2 0 0 0 2225 696 17 46 21 6 4 3 1 4 2 1 0
1342 536 9 19 5 2 2 1 0 2 0 0 0 2649 701 17 47 21 6 4 3 1 4 2 1 0
1361 543 9 19 5 2 2 1 0 2 0 0 0 2655 706 17 47 21 6 4 3 1 4 2 1 0
1434 561 9 20 5 2 2 1 0 2 0 0 0 2662 714 17 47 21 6 4 3 1 4 2 1 0
1505 579 9 21 5 3 2 2 0 2 0 0 0 2666 739 17 47 22 6 4 3 1 4 2 1 0
1543 619 9 21 6 3 2 2 0 2 0 0 0 2746 752 17 48 23 6 4 3 1 5 2 1 0
