# scores for worst/random/best/smart move selector strategies. 
# scores are 50% and 95% quantiles (based on 40 games) of: 
# game score, #destroyed, #unlocked, #stripes, #bombs, #zappers
3 3 0 0 0 0 0 0 0 0 0 0 0 18 18 0 0 0 0 0 0 0 0 0 0 0
15 13 0 0 0 0 0 0 0 0 0 0 0 60 33 2 1 0 0 0 0 0 0 0 0 0
40 27 0 0 0 0 0 0 0 0 0 0 0 120 60 5 2 1 1 0 0 0 1 0 0 0
66 36 1 1 0 0 0 0 0 0 0 0 0 205 88 7 3 2 1 0 0 0 1 0 0 0
96 51 1 1 0 0 0 0 0 0 0 0 0 269 114 8 3 2 2 1 0 0 1 0 0 0
142 68 3 2 0 0 0 0 0 0 0 0 0 546 139 14 7 6 2 1 1 0 1 0 0 0
188 84 4 2 0 0 0 0 0 0 0 0 0 591 168 14 10 6 2 1 1 0 2 1 0 0
250 100 6 3 1 0 0 0 0 0 0 0 0 763 187 16 11 12 2 1 1 0 2 1 1 0
289 120 6 3 1 0 0 0 0 0 0 0 0 775 206 16 11 12 2 1 1 0 2 1 1 0
309 135 7 3 1 1 0 0 0 0 0 0 0 960 247 16 20 12 2 1 1 0 2 1 1 0
388 160 7 3 1 1 0 0 0 1 0 0 0 1073 276 16 20 12 3 1 1 0 2 1 1 0
445 186 7 5 1 1 0 0 0 1 0 0 0 1144 314 16 20 12 3 1 1 0 3 1 1 0
485 201 8 5 2 2 0 0 0 1 0 0 0 1268 336 16 20 13 4 1 1 0 3 1 1 0
527 220 8 6 2 2 0 0 0 1 0 0 0 1345 364 16 22 13 4 2 1 0 3 1 1 0
595 252 8 6 2 2 1 0 0 1 0 0 0 1426 430 18 23 13 5 2 1 0 3 1 1 0
649 277 8 7 2 2 1 0 0 2 0 0 0 1484 441 18 25 16 5 2 1 0 3 1 1 0
715 308 8 8 2 2 1 0 0 2 0 0 0 1576 471 18 27 16 5 2 1 0 3 1 1 0
747 322 8 9 3 2 1 0 0 2 0 0 0 1609 485 18 28 16 5 2 1 0 3 1 1 0
807 351 9 9 3 2 1 1 0 2 0 0 0 1709 523 18 28 16 5 2 1 1 4 1 1 0
909 370 9 11 3 3 1 1 0 2 0 0 0 1713 538 18 30 17 5 2 2 1 4 1 1 0
977 394 9 11 3 3 1 1 0 2 0 0 0 1804 572 18 30 17 6 2 2 1 5 1 1 0
1062 410 9 12 3 3 1 1 0 2 0 0 0 1821 607 18 32 17 6 2 2 1 5 1 1 0
1130 432 9 13 4 3 1 1 0 3 0 0 0 1847 620 18 32 17 7 2 2 1 5 1 1 0
1213 447 9 14 4 3 1 1 0 3 0 0 0 1910 644 18 32 17 7 3 2 1 5 1 1 0
1235 466 9 15 4 4 1 1 0 3 0 0 0 2125 658 18 32 20 7 3 2 1 5 1 1 0
1308 482 9 16 4 4 1 1 0 3 0 0 0 2167 707 18 34 21 7 3 2 1 5 1 1 0
1424 500 9 16 5 4 1 1 0 4 0 0 0 2278 734 18 34 21 8 3 2 1 5 1 1 0
1503 514 9 18 5 4 1 1 0 4 0 0 0 2318 741 18 36 21 8 3 2 1 5 1 1 0
1546 553 9 18 5 4 1 1 0 4 0 0 0 2484 779 18 39 21 8 3 3 1 5 2 1 0
1632 582 9 19 7 4 1 1 0 4 0 0 0 2524 789 18 40 21 8 3 3 1 6 2 1 0
1667 604 9 20 7 4 1 1 0 4 0 0 0 2776 849 18 46 22 9 3 3 1 6 2 1 0
1737 638 9 21 7 5 1 1 0 4 0 0 0 3004 863 18 47 24 9 3 3 1 6 2 1 0
1915 673 9 22 7 5 2 1 0 4 0 0 0 3054 898 18 47 27 9 3 3 1 6 2 1 0
2032 703 9 27 8 5 2 1 0 4 1 0 0 3130 918 18 49 27 9 3 3 1 6 2 1 0
2058 716 9 28 8 6 2 1 0 4 1 0 0 3151 934 18 49 27 9 3 3 1 7 2 1 0
2095 729 9 29 8 6 2 1 0 4 1 0 0 3188 968 18 49 27 10 3 4 1 7 2 1 0
2195 758 9 32 8 6 2 1 0 4 1 0 0 3307 1029 18 50 28 11 3 4 1 7 2 1 0
2202 769 9 32 8 6 2 1 0 4 1 0 0 3330 1044 18 50 28 11 4 4 1 7 2 1 0
2243 796 9 33 9 6 2 1 0 4 1 0 0 3347 1071 18 50 28 11 4 4 1 8 2 1 0
2325 818 9 33 9 6 2 1 0 5 1 0 0 3433 1094 18 51 28 11 4 4 1 8 2 1 0
2401 836 9 35 9 6 2 1 0 5 1 0 0 3476 1117 18 52 28 11 4 4 1 8 2 1 0
