# scores for worst/random/best/smart move selector strategies. 
# scores are 50% and 95% quantiles (based on 40 games) of: 
# game score, #destroyed, #unlocked, #stripes, #bombs, #zappers
3 3 0 0 0 0 0 0 0 0 0 0 0 18 18 0 0 0 0 0 0 0 0 0 0 0
6 6 0 0 0 0 0 0 0 0 0 0 0 49 27 2 0 0 0 0 0 0 0 0 0 0
14 14 0 0 0 0 0 0 0 0 0 0 0 61 41 2 1 0 0 0 0 0 0 0 0 0
18 18 0 0 0 0 0 0 0 0 0 0 0 70 48 2 1 0 0 0 0 0 0 0 0 0
25 25 0 0 0 0 0 0 0 0 0 0 0 87 55 2 1 1 0 0 0 0 0 0 0 0
30 30 0 0 0 0 0 0 0 0 0 0 0 105 69 2 1 1 0 0 0 0 0 0 0 0
39 37 0 0 0 0 0 0 0 0 0 0 0 111 75 2 1 1 0 0 0 0 0 0 0 0
46 42 0 0 0 0 0 0 0 0 0 0 0 117 78 2 1 1 0 0 0 0 0 0 0 0
63 52 0 0 0 0 0 0 0 0 0 0 0 120 84 2 1 1 0 0 0 0 0 0 0 0
76 59 0 0 0 0 0 0 0 0 0 0 0 148 94 2 2 1 0 0 0 0 0 0 0 0
81 62 0 0 0 0 0 0 0 0 0 0 0 154 106 2 2 1 0 0 0 0 0 0 0 0
86 66 0 0 0 0 0 0 0 0 0 0 0 158 116 2 2 1 0 0 0 0 0 0 0 0
97 75 0 0 0 0 0 0 0 0 0 0 0 176 119 3 2 1 0 0 0 0 0 0 0 0
106 81 0 0 0 0 0 0 0 0 0 0 0 182 132 3 2 1 0 0 0 0 0 0 0 0
117 94 0 1 0 0 0 0 0 0 0 0 0 236 149 4 2 1 0 0 0 0 0 0 0 0
141 102 1 1 0 0 0 0 0 0 0 0 0 336 184 4 3 2 0 0 0 0 0 0 0 0
144 110 1 1 0 0 0 0 0 0 0 0 0 355 195 4 3 2 0 0 0 0 0 0 0 0
154 119 1 1 1 0 0 0 0 0 0 0 0 388 213 5 3 2 0 0 0 0 0 0 0 0
176 127 1 1 1 0 0 0 0 0 0 0 0 392 216 5 3 2 0 0 0 0 0 0 0 0
194 134 1 1 1 0 0 0 0 0 0 0 0 403 219 5 4 2 0 0 0 0 0 0 0 0
204 140 1 1 1 0 0 0 0 0 0 0 0 406 222 5 4 2 0 0 0 0 0 0 0 0
207 146 1 1 1 0 0 0 0 0 0 0 0 413 225 5 4 2 0 0 0 0 0 0 0 0
226 153 1 1 1 0 0 0 0 0 0 0 0 418 229 5 4 2 0 0 0 0 0 0 0 0
229 163 1 1 1 0 0 0 0 0 0 0 0 422 232 5 4 2 0 0 0 0 0 0 0 0
238 168 1 2 1 0 0 0 0 0 0 0 0 425 245 5 4 2 0 0 0 0 0 0 0 0
249 177 1 2 1 0 0 0 0 0 0 0 0 448 254 5 4 3 0 0 0 0 0 0 0 0
261 184 2 2 1 0 0 0 0 0 0 0 0 453 274 5 5 3 0 0 0 0 0 0 0 0
270 191 2 2 1 0 0 0 0 0 0 0 0 479 283 5 5 3 0 0 0 0 0 0 0 0
278 196 2 2 1 0 0 0 0 0 0 0 0 489 289 5 6 3 0 0 0 0 0 0 0 0
291 202 2 2 1 0 0 0 0 0 0 0 0 498 292 6 6 3 0 0 0 0 0 0 0 0
296 218 2 2 1 0 0 0 0 0 0 0 0 502 305 6 6 3 0 0 0 0 0 0 0 0
299 222 2 2 1 0 0 0 0 0 0 0 0 505 313 6 6 3 0 0 0 0 0 0 0 0
314 225 2 2 1 0 0 0 0 0 0 0 0 509 318 6 6 3 0 0 0 0 0 0 0 0
318 231 2 2 1 0 0 0 0 0 0 0 0 528 332 6 7 3 0 0 0 0 0 0 0 0
341 235 2 2 1 0 0 0 0 0 0 0 0 546 350 6 7 3 0 0 0 0 0 0 0 0
353 242 2 3 1 0 0 0 0 0 0 0 0 555 356 6 7 3 1 0 0 0 0 0 0 0
360 253 2 3 1 0 0 0 0 0 0 0 0 558 359 6 7 3 1 0 0 0 0 0 0 0
369 261 2 3 1 0 0 0 0 0 0 0 0 562 366 6 7 3 1 0 0 0 0 0 0 0
379 265 2 3 1 0 0 0 0 0 0 0 0 584 369 6 7 4 1 0 0 0 0 0 0 0
387 270 2 3 1 0 0 0 0 0 0 0 0 704 386 6 7 5 1 0 0 0 0 0 0 0
390 278 2 3 1 0 0 0 0 0 0 0 0 707 389 6 8 5 1 0 0 0 0 0 0 0
