# scores for worst/random/best/smart move selector strategies. 
# scores are 50% and 95% quantiles (based on 40 games) of: 
# game score, #destroyed, #unlocked, #stripes, #bombs, #zappers
3 3 0 0 0 0 0 0 0 0 0 0 0 15 15 0 0 0 0 0 0 0 0 0 0 0
8 8 0 0 0 0 0 0 0 0 0 0 0 22 22 0 0 0 0 0 0 0 0 0 0 0
12 12 0 0 0 0 0 0 0 0 0 0 0 67 42 0 0 0 0 0 0 0 0 0 0 0
15 15 0 0 0 0 0 0 0 0 0 0 0 78 49 0 0 0 0 0 0 0 0 0 0 0
23 21 0 0 0 0 0 0 0 0 0 0 0 107 54 1 1 0 1 0 0 0 1 0 0 0
31 27 0 0 0 0 0 0 0 0 0 0 0 152 62 1 1 1 1 0 0 0 1 0 0 0
39 34 0 0 0 0 0 0 0 0 0 0 0 174 72 1 2 1 1 0 0 0 1 0 0 0
59 41 0 0 0 0 0 0 0 0 0 0 0 187 87 1 2 1 1 0 0 0 1 0 0 0
70 50 0 0 0 0 0 0 0 0 0 0 0 200 94 1 3 1 1 0 0 0 1 0 0 0
90 55 0 1 0 0 0 0 0 0 0 0 0 212 99 1 3 1 1 1 0 0 1 0 0 0
93 58 0 1 0 0 0 0 0 0 0 0 0 227 108 1 4 1 1 1 0 0 1 0 0 0
107 67 0 1 0 0 0 0 0 0 0 0 0 231 113 3 4 1 1 1 0 0 1 0 0 0
118 75 0 1 0 0 0 0 0 0 0 0 0 249 120 3 4 1 1 1 0 0 1 0 0 0
132 83 0 1 0 0 0 0 0 0 0 0 0 252 123 3 4 1 1 1 1 0 1 0 0 0
154 90 0 2 0 0 0 0 0 0 0 0 0 286 135 3 4 1 1 1 1 0 1 0 0 0
163 97 0 2 0 0 0 0 0 0 0 0 0 312 149 5 4 1 1 1 1 0 1 0 0 0
177 107 0 2 0 0 0 0 0 0 0 0 0 416 177 5 6 1 1 1 1 0 1 0 0 0
188 117 0 2 0 0 0 0 0 0 0 0 0 595 190 5 12 1 2 1 1 0 2 0 0 0
212 122 1 3 0 0 0 0 0 0 0 0 0 626 199 5 12 1 2 1 1 0 2 0 0 0
235 130 1 3 0 0 0 0 0 0 0 0 0 642 207 5 12 2 2 1 1 0 2 0 0 0
248 138 1 3 0 0 0 0 0 0 0 0 0 649 215 5 12 2 2 1 1 0 2 0 0 0
261 143 1 3 0 0 0 0 0 0 0 0 0 657 222 5 12 2 2 1 1 0 2 0 0 0
277 150 1 3 0 0 0 0 0 0 0 0 0 677 231 5 13 2 2 1 1 0 2 0 0 0
290 154 1 4 0 0 0 0 0 0 0 0 0 681 237 5 13 2 2 1 1 0 2 0 0 0
308 162 1 4 0 0 0 0 0 0 0 0 0 707 243 5 13 2 2 2 1 0 2 0 0 0
313 168 1 4 0 0 0 0 0 0 0 0 0 713 250 5 13 2 2 2 1 0 2 0 0 0
340 172 1 4 0 0 0 0 0 0 0 0 0 736 253 5 13 2 2 2 1 0 2 0 0 0
371 186 1 5 0 0 0 0 0 0 0 0 0 758 259 5 17 2 2 2 1 0 2 1 0 0
410 191 1 5 1 0 0 0 0 0 0 0 0 787 264 5 17 2 2 2 1 0 2 1 0 0
414 201 1 5 1 0 0 0 0 0 0 0 0 820 269 5 17 2 3 3 1 0 2 1 0 0
422 208 1 5 1 0 0 0 0 0 0 0 0 827 273 5 17 2 3 3 1 0 2 1 0 0
443 218 1 6 1 1 1 0 0 1 0 0 0 871 278 5 18 2 3 3 1 0 2 1 0 0
453 225 1 6 1 1 1 0 0 1 0 0 0 874 286 5 18 2 3 3 1 0 2 1 0 0
457 229 1 6 1 1 1 0 0 1 0 0 0 877 297 5 18 2 3 3 1 0 2 1 0 0
460 237 1 6 1 1 1 0 0 1 0 0 0 905 310 5 18 3 3 3 1 0 3 1 0 0
464 244 1 6 1 1 1 0 0 1 0 0 0 910 339 5 18 3 3 3 1 0 3 1 0 0
475 251 1 6 1 1 1 0 0 1 0 0 0 940 345 5 18 3 3 3 1 0 3 1 0 0
535 261 1 7 1 1 1 0 0 1 0 0 0 956 350 5 19 3 3 3 1 0 3 1 0 0
546 267 1 7 1 1 1 0 0 1 0 0 0 966 355 5 19 3 3 3 2 0 3 1 0 0
550 272 1 7 1 1 1 0 0 1 0 0 0 1005 361 5 19 3 3 3 2 0 3 1 0 0
591 282 1 7 1 1 1 0 0 1 0 0 0 1067 373 5 21 3 3 3 2 0 3 1 0 0
