# scores for worst/random/best/smart move selector strategies. 
# scores are 50% and 95% quantiles (based on 40 games) of: 
# game score, #destroyed, #unlocked, #stripes, #bombs, #zappers
3 3 0 0 0 0 0 0 0 0 0 0 0 15 15 0 0 0 0 0 0 0 0 0 0 0
7 7 0 0 0 0 0 0 0 0 0 0 0 31 25 0 0 0 0 0 0 0 0 0 0 0
15 15 0 0 0 0 0 0 0 0 0 0 0 80 37 0 1 0 0 0 0 0 0 0 0 0
29 22 0 0 0 0 0 0 0 0 0 0 0 147 57 0 1 1 0 0 0 0 0 0 0 0
43 30 0 0 0 0 0 0 0 0 0 0 0 154 69 1 1 1 1 0 0 0 1 0 0 0
50 35 0 0 0 0 0 0 0 0 0 0 0 160 75 1 2 1 1 0 0 0 1 0 0 0
56 45 0 0 0 0 0 0 0 0 0 0 0 199 85 1 3 1 1 1 0 0 1 0 0 0
96 57 0 1 0 0 0 0 0 0 0 0 0 223 93 3 3 1 1 1 0 0 1 0 0 0
115 66 0 1 0 0 0 0 0 0 0 0 0 248 103 3 4 2 1 1 1 0 1 0 0 0
128 76 0 1 0 0 0 0 0 0 0 0 0 263 114 3 4 2 1 1 1 0 1 0 0 0
145 86 0 2 0 0 0 0 0 0 0 0 0 343 138 3 5 2 1 1 1 0 1 0 0 0
171 98 0 2 0 0 0 0 0 0 0 0 0 419 153 3 5 2 1 1 1 0 1 0 0 0
224 111 0 2 0 0 0 0 0 0 0 0 0 431 177 5 5 2 2 1 1 0 1 0 0 0
253 119 0 3 1 0 0 0 0 0 0 0 0 471 184 5 5 2 2 1 1 0 2 0 0 0
273 127 0 3 1 0 0 0 0 0 0 0 0 499 196 5 7 2 2 1 1 0 2 0 0 0
308 141 0 4 1 1 0 0 0 1 0 0 0 510 217 5 8 2 2 1 1 0 2 0 0 0
346 155 1 4 1 1 0 0 0 1 0 0 0 600 224 5 9 2 3 1 1 0 2 0 0 0
359 168 1 4 1 1 0 0 0 1 0 0 0 613 246 5 9 3 3 2 1 0 2 0 0 0
385 180 1 5 1 1 0 0 0 1 0 0 0 669 253 5 10 3 3 2 1 0 2 0 0 0
419 191 1 5 1 1 0 0 0 1 0 0 0 691 262 5 11 4 3 2 1 0 3 0 0 0
462 200 1 6 1 1 1 0 0 1 0 0 0 754 285 5 15 4 4 2 1 0 3 1 0 0
469 207 1 6 1 1 1 0 0 1 0 0 0 788 288 7 15 4 4 2 1 0 4 1 0 0
495 215 1 6 1 1 1 0 0 1 0 0 0 794 298 7 15 4 4 2 2 0 4 1 0 0
503 225 1 7 1 1 1 0 0 1 0 0 0 814 331 7 15 4 4 2 2 0 4 1 0 0
525 238 1 7 2 1 1 0 0 1 0 0 0 850 338 7 15 4 4 2 2 0 4 1 0 0
573 246 1 7 2 1 1 0 0 1 0 0 0 891 348 7 16 4 4 2 2 0 4 1 0 0
591 258 1 7 2 1 1 0 0 1 0 0 0 897 357 7 16 4 4 2 2 0 4 1 0 0
638 269 1 8 2 1 1 0 0 1 0 0 0 903 366 7 18 4 4 3 2 0 4 1 0 0
668 282 1 8 2 1 1 0 0 1 0 0 0 1045 375 7 23 4 4 3 2 0 4 1 0 0
700 293 1 9 2 2 1 0 0 1 0 0 0 1054 395 7 23 5 4 3 2 0 4 1 0 0
723 299 1 10 2 2 1 0 0 1 0 0 0 1096 415 7 23 5 5 3 2 0 4 1 0 0
733 310 1 10 2 2 1 0 0 2 0 0 0 1143 432 7 23 5 5 3 2 0 4 1 0 0
743 323 1 10 2 2 1 0 0 2 0 0 0 1147 438 7 23 5 5 3 2 0 4 1 0 0
791 338 1 11 3 2 1 1 0 2 0 0 0 1160 451 7 24 5 5 3 2 1 4 1 0 0
819 348 1 11 3 2 2 1 0 2 0 0 0 1267 484 7 25 5 5 3 2 1 4 1 0 0
856 366 1 12 3 2 2 1 0 2 0 0 0 1278 493 7 25 5 5 3 2 1 5 1 0 0
901 375 1 12 3 2 2 1 0 2 0 0 0 1295 498 7 26 5 5 3 2 1 5 1 0 0
908 379 1 12 3 2 2 1 0 2 0 0 0 1317 505 7 26 5 5 3 2 1 5 1 0 0
927 389 1 13 3 2 2 1 0 2 0 0 0 1483 528 7 28 5 5 3 2 1 5 1 0 0
967 402 1 13 3 2 2 1 0 2 0 0 0 1487 531 7 28 5 5 3 2 1 5 1 0 0
974 413 1 13 3 2 2 1 0 2 0 0 0 1500 536 7 28 5 5 4 2 1 5 1 0 0
