# scores for worst/random/best/smart move selector strategies. 
# scores are 50% and 95% quantiles (based on 40 games) of: 
# game score, #destroyed, #unlocked, #stripes, #bombs, #zappers
0 0 0 0 0 0 0 0 0 0 0 0 0 9 9 0 0 0 0 0 0 0 0 0 0 0
6 6 0 0 0 0 0 0 0 0 0 0 0 12 12 0 0 0 0 0 0 0 0 0 0 0
9 9 0 0 0 0 0 0 0 0 0 0 0 50 21 0 1 0 0 0 0 0 0 0 0 0
13 13 0 0 0 0 0 0 0 0 0 0 0 53 26 0 1 0 0 0 0 0 0 0 0 0
18 18 0 0 0 0 0 0 0 0 0 0 0 57 31 0 1 0 0 0 0 0 0 0 0 0
22 22 0 0 0 0 0 0 0 0 0 0 0 60 34 0 1 0 0 0 0 0 0 0 0 0
28 28 0 0 0 0 0 0 0 0 0 0 0 111 44 4 1 0 0 0 0 0 0 0 0 0
34 34 0 0 0 0 0 0 0 0 0 0 0 116 52 4 2 0 0 0 0 0 0 0 0 0
40 38 0 0 0 0 0 0 0 0 0 0 0 144 65 4 2 0 0 0 0 0 0 0 0 0
46 42 0 0 0 0 0 0 0 0 0 0 0 173 70 4 2 0 0 0 0 0 0 0 0 0
72 49 0 1 0 0 0 0 0 0 0 0 0 186 75 5 3 1 0 0 0 0 0 0 0 0
79 55 0 1 0 0 0 0 0 0 0 0 0 190 86 5 3 1 0 0 0 0 0 0 0 0
93 61 0 1 0 0 0 0 0 0 0 0 0 227 95 5 3 1 1 0 0 0 1 0 0 0
101 64 0 1 0 0 0 0 0 0 0 0 0 249 102 5 3 1 1 1 0 0 1 0 0 0
106 72 0 1 0 0 0 0 0 0 0 0 0 267 108 5 4 1 1 1 0 0 1 0 0 0
131 79 0 2 0 0 0 0 0 0 0 0 0 301 115 6 4 1 1 1 0 0 1 0 0 0
145 86 0 2 0 0 0 0 0 0 0 0 0 308 124 6 4 1 1 1 0 0 1 0 0 0
164 93 0 2 0 0 0 0 0 0 0 0 0 315 134 6 5 1 1 1 0 0 1 0 0 0
168 99 0 2 0 0 0 0 0 0 0 0 0 321 142 6 6 1 1 2 0 0 1 0 0 0
173 105 0 3 0 0 0 0 0 0 0 0 0 357 147 6 6 1 1 2 0 0 1 0 0 0
185 110 1 3 0 0 0 0 0 0 0 0 0 363 159 6 6 1 1 2 0 0 1 0 0 0
206 119 1 3 0 0 0 0 0 0 0 0 0 388 175 6 6 1 1 2 0 0 1 0 0 0
247 124 1 3 0 0 0 0 0 0 0 0 0 416 185 6 7 1 2 2 0 0 1 0 0 0
260 131 1 3 0 0 0 0 0 0 0 0 0 470 197 6 7 1 2 2 1 0 1 0 0 0
281 139 1 4 0 0 0 0 0 0 0 0 0 504 204 6 7 1 2 2 1 0 2 0 0 0
287 145 1 4 0 0 0 0 0 0 0 0 0 549 213 6 10 1 2 2 1 0 2 0 0 0
315 150 2 4 0 0 0 0 0 0 0 0 0 557 221 6 10 1 2 2 1 0 2 0 0 0
333 157 2 5 0 0 0 0 0 0 0 0 0 561 225 6 10 1 2 2 1 0 2 0 0 0
337 169 2 5 0 0 0 0 0 0 0 0 0 603 234 6 10 2 2 2 1 0 2 0 0 0
348 175 2 5 0 0 0 0 0 0 0 0 0 629 237 6 10 2 2 2 1 0 2 0 0 0
370 183 2 5 1 0 0 0 0 0 0 0 0 635 243 6 11 2 2 2 1 0 2 0 0 0
387 189 2 6 1 0 0 0 0 0 0 0 0 640 257 6 11 2 2 2 1 0 2 0 0 0
390 196 2 6 1 0 0 0 0 0 0 0 0 647 265 6 11 2 2 2 1 0 2 0 0 0
408 200 2 6 1 0 0 0 0 0 0 0 0 672 274 6 11 2 2 2 1 0 2 0 0 0
426 207 2 6 1 0 1 0 0 0 0 0 0 720 281 6 12 2 2 2 1 0 2 0 0 0
429 212 2 6 1 0 1 0 0 0 0 0 0 726 289 6 12 2 2 2 1 0 2 0 0 0
447 220 2 6 1 0 1 0 0 0 0 0 0 740 311 6 12 2 2 2 1 0 2 0 0 0
464 226 2 6 1 0 1 0 0 0 0 0 0 746 317 6 12 2 2 2 1 0 2 0 0 0
473 234 2 7 1 0 1 0 0 0 0 0 0 750 321 6 12 2 2 2 1 0 2 0 0 0
482 239 2 7 1 0 1 0 0 0 0 0 0 774 333 6 12 2 2 2 1 0 2 0 0 0
485 247 2 7 1 0 1 0 0 0 0 0 0 777 337 6 12 2 3 2 1 0 2 0 0 0
