# scores for worst/random/best/smart move selector strategies. 
# scores are 50% and 95% quantiles (based on 40 games) of: 
# game score, #destroyed, #unlocked, #stripes, #bombs, #zappers
5 5 0 0 0 0 0 0 0 0 0 0 0 23 23 0 0 0 0 0 0 0 0 0 0 0
12 12 0 0 0 0 0 0 0 0 0 0 0 1981 292 22 19 23 2 0 0 0 1 0 0 0
69 29 1 0 0 0 0 0 0 0 0 0 0 2493 524 31 27 26 6 1 0 1 1 0 0 0
1643 216 19 16 22 1 0 0 0 0 0 0 0 3348 607 33 39 32 7 1 1 1 1 1 1 0
1854 308 20 18 25 2 0 0 0 0 0 0 0 3520 685 33 41 41 8 1 1 1 2 1 1 0
2021 343 20 21 26 2 0 0 0 1 0 0 0 4140 977 33 48 49 11 1 1 1 2 1 1 0
2370 464 23 24 28 3 0 0 0 1 0 0 0 4508 984 34 53 58 11 1 1 1 3 1 1 0
2879 551 24 28 29 3 0 0 0 1 0 0 0 5814 1136 34 60 77 12 1 1 1 3 1 1 0
3027 617 24 33 31 5 0 0 0 1 0 0 0 7005 1369 34 68 82 16 2 2 1 3 1 1 0
3370 719 24 35 32 5 0 0 0 1 0 0 0 7514 1401 34 69 85 17 2 2 1 4 2 2 0
3694 822 24 38 35 6 0 0 0 2 0 0 0 8033 1837 34 70 88 20 2 2 2 4 2 2 0
4060 893 24 41 36 6 0 0 0 2 0 0 0 8880 1952 34 89 102 22 2 2 2 5 2 2 0
4331 981 24 46 39 7 0 0 0 2 0 0 0 8935 2014 34 93 103 22 2 2 2 5 2 2 1
4867 1116 24 50 45 9 0 1 0 2 0 0 0 8994 2064 34 94 105 22 2 2 2 5 2 2 1
5152 1218 24 50 47 10 1 1 0 3 0 0 0 9348 2119 34 104 113 24 2 2 2 5 2 3 1
5804 1321 24 59 53 11 1 1 1 3 1 0 0 10132 2276 34 107 115 26 2 2 2 5 2 3 1
5943 1410 24 60 55 12 1 1 1 3 1 0 0 10754 2354 34 112 116 27 2 2 3 6 3 3 1
6348 1533 24 62 62 14 1 1 1 4 1 1 0 11417 2579 34 115 122 30 2 2 3 6 3 3 1
6805 1634 24 70 66 14 1 1 1 4 1 1 0 11858 2676 34 126 126 30 2 2 3 6 3 3 1
7105 1691 24 72 70 14 1 1 1 4 1 1 0 11961 2793 34 126 126 30 3 3 3 7 3 3 1
7534 1747 24 72 74 16 1 1 1 4 1 1 0 12197 2823 34 126 135 32 3 3 3 7 3 3 1
7950 1859 24 76 77 17 1 1 1 4 1 1 0 12270 2860 34 128 135 34 3 3 3 7 3 3 2
8159 1950 24 83 84 19 1 1 1 4 1 1 0 12930 2973 34 130 148 38 3 3 3 7 3 3 2
8519 2057 24 86 86 20 1 1 1 5 1 1 0 13060 3104 34 133 150 38 3 3 4 8 3 3 2
9058 2108 24 87 89 21 1 1 1 5 1 1 0 13189 3202 34 136 150 39 3 3 4 8 3 3 2
9168 2204 24 87 95 21 1 1 1 5 1 1 0 13285 3287 34 137 151 41 3 3 4 8 3 3 2
9431 2241 24 89 100 22 1 2 1 5 1 1 0 13753 3380 34 138 159 42 4 3 4 8 3 4 2
9664 2288 24 99 103 23 1 2 1 5 1 2 0 13855 3398 34 143 161 46 4 3 5 8 3 4 2
9897 2381 24 108 105 23 1 2 1 6 1 2 0 14221 3420 34 143 161 46 4 4 5 9 3 4 2
10223 2465 24 111 106 25 1 2 1 6 2 2 0 14381 3519 34 146 163 47 4 4 5 9 3 4 2
10817 2626 24 112 109 26 1 2 1 6 2 2 0 14646 3627 34 162 167 47 4 4 5 10 4 4 2
11123 2719 24 113 110 28 1 2 1 6 2 2 1 15422 3775 34 165 177 47 4 5 5 10 4 4 2
11297 2832 24 115 114 29 2 2 1 6 2 2 1 15714 3807 34 167 185 50 4 5 5 10 4 4 2
11487 2972 24 117 119 29 2 2 1 6 2 2 1 15914 3883 34 167 196 52 4 5 5 10 4 4 2
11573 3041 24 119 120 30 2 2 2 6 2 2 1 16914 4131 34 176 200 52 4 5 5 10 4 5 2
11678 3089 24 121 120 30 2 2 2 6 2 2 1 17268 4196 34 189 200 53 4 5 5 11 4 5 2
12034 3101 24 124 125 31 2 2 2 7 2 2 1 18067 4300 34 190 208 56 4 5 5 11 4 5 2
12681 3110 24 124 131 31 2 2 2 7 2 2 1 18656 4506 34 200 211 62 4 5 5 12 5 5 2
12810 3140 24 127 131 32 2 2 2 7 2 2 1 18751 4550 34 200 221 62 4 5 5 12 5 5 2
12955 3260 24 127 135 33 2 2 2 7 2 2 1 18817 4608 34 206 221 62 4 5 5 12 5 5 2
13143 3348 24 129 136 33 2 3 2 7 2 2 1 19102 4910 34 207 223 63 4 6 5 13 5 5 2
