# scores for worst/random/best/smart move selector strategies. 
# scores are 50% and 95% quantiles (based on 40 games) of: 
# game score, #destroyed, #unlocked, #stripes, #bombs, #zappers
6 6 0 0 0 0 0 0 0 0 0 0 0 16 16 0 0 0 0 0 0 0 0 0 0 0
9 9 0 0 0 0 0 0 0 0 0 0 0 854 105 13 9 12 0 0 0 0 0 0 0 0
14 14 0 0 0 0 0 0 0 0 0 0 0 1526 185 29 16 22 0 0 0 0 0 0 0 0
21 21 0 0 0 0 0 0 0 0 0 0 0 1580 207 30 17 22 0 1 0 0 0 0 0 0
24 23 0 0 0 0 0 0 0 0 0 0 0 1742 290 30 18 24 1 1 0 0 0 0 0 0
29 28 0 0 0 0 0 0 0 0 0 0 0 2209 441 31 22 26 3 1 0 0 0 0 0 0
72 49 2 1 0 0 0 0 0 0 0 0 0 2253 451 31 22 28 3 1 1 0 0 0 0 0
1189 164 13 14 15 0 0 0 0 0 0 0 0 2279 454 34 22 30 3 1 1 0 1 0 0 0
1454 188 21 15 21 0 0 0 0 0 0 0 0 2370 487 34 22 31 3 1 1 0 1 0 0 0
1554 238 23 16 21 0 0 0 0 0 0 0 0 2658 578 34 25 31 4 1 1 0 1 0 0 0
1580 265 23 16 22 0 0 0 0 0 0 0 0 2881 632 34 25 31 5 1 1 0 1 0 0 0
1825 351 24 18 24 1 0 0 0 0 0 0 0 2953 670 34 27 37 7 1 1 0 1 0 0 0
1879 362 24 18 25 1 0 0 0 0 0 0 0 3264 753 34 29 40 8 1 1 0 1 0 0 0
1885 366 24 19 25 1 0 0 0 0 0 0 0 3616 866 34 31 40 10 1 1 0 1 0 0 0
2157 450 25 20 26 1 0 0 0 0 0 0 0 3884 933 34 34 40 11 1 1 0 2 0 0 0
2238 503 26 22 28 2 0 0 0 0 0 0 0 4347 1090 36 36 46 13 1 1 0 2 0 0 0
2590 593 26 23 28 3 0 0 0 0 0 0 0 4350 1094 36 38 47 13 1 1 0 2 0 0 0
2702 649 26 26 31 3 0 0 0 0 0 0 0 4520 1174 36 39 48 14 1 1 0 2 0 0 0
2750 683 26 26 32 3 0 0 0 0 0 0 0 5064 1330 36 40 51 17 1 1 0 2 0 0 0
2986 718 26 27 33 3 0 0 0 0 0 0 0 5092 1373 36 43 51 17 1 1 0 2 0 0 0
3068 798 26 27 34 4 0 0 0 0 0 0 0 5262 1419 36 43 51 18 1 1 0 2 0 0 0
3149 814 26 28 34 4 0 0 0 1 0 0 0 5302 1451 36 53 53 18 1 1 0 3 0 0 0
3243 861 26 29 35 4 0 0 0 1 0 0 0 5305 1454 36 53 53 18 1 1 0 3 0 0 0
3365 893 26 31 35 4 0 0 0 1 0 0 0 5835 1602 36 57 58 18 1 1 1 3 0 0 0
3386 947 26 32 36 4 0 0 0 1 0 0 0 5904 1658 36 57 59 19 1 1 1 3 0 0 0
3601 1003 26 33 37 5 0 0 0 1 0 0 0 7057 2009 36 68 67 19 1 1 1 3 0 0 0
3687 1024 26 34 38 5 0 0 0 1 0 0 0 7371 2038 36 68 71 19 1 1 1 4 0 0 0
3704 1044 26 34 38 5 0 0 0 1 0 0 0 7920 2172 36 68 75 22 1 1 1 4 0 0 0
3900 1064 26 34 41 7 0 0 0 1 0 0 0 7923 2175 36 68 76 22 1 1 1 4 0 0 0
3951 1083 26 35 42 7 0 0 0 1 0 0 0 7934 2236 36 77 76 25 1 1 1 4 1 0 0
3977 1093 26 37 42 7 0 0 0 1 0 0 0 7940 2283 36 77 76 26 1 1 1 4 1 0 0
4339 1152 26 37 44 7 0 0 0 1 0 0 0 8014 2303 36 77 76 26 1 1 1 4 1 0 0
4670 1290 26 39 46 8 0 0 0 1 0 0 0 8768 2388 36 77 76 28 1 1 1 4 1 0 0
4929 1351 26 39 47 8 0 0 0 1 0 0 0 8817 2397 36 79 77 28 1 1 1 4 1 0 0
5011 1416 26 41 50 9 0 0 0 1 0 0 0 9064 2494 36 80 79 29 1 1 1 4 1 0 0
5104 1425 26 42 50 9 0 0 0 1 0 0 0 9085 2515 36 80 79 29 1 1 1 4 1 0 0
5144 1455 26 44 52 10 0 0 0 1 0 0 0 9124 2537 36 82 79 29 1 1 1 5 1 0 0
5372 1565 26 44 55 10 0 0 0 1 0 0 0 9713 2695 36 83 82 31 1 1 1 5 1 0 0
5492 1601 26 44 55 10 0 0 0 1 0 0 0 9824 2719 36 87 82 31 1 1 1 5 1 0 0
5717 1647 26 45 56 11 0 0 0 1 0 0 0 9878 2744 36 87 82 32 1 1 1 5 1 0 0
5742 1690 26 47 56 12 0 0 0 1 0 0 0 10598 2978 36 92 91 38 1 1 1 5 1 1 0
