# scores for worst/random/best/smart move selector strategies. 
# scores are 50% and 95% quantiles (based on 40 games) of: 
# game score, #destroyed, #unlocked, #stripes, #bombs, #zappers
5 5 0 0 0 0 0 0 0 0 0 0 0 23 23 0 0 0 0 0 0 0 0 0 0 0
13 13 0 0 0 0 0 0 0 0 0 0 0 2131 431 31 22 27 4 0 0 0 0 0 0 0
1420 155 17 15 21 0 0 0 0 0 0 0 0 2940 612 32 33 40 6 1 1 0 1 0 1 0
1756 247 25 18 24 1 0 0 0 0 0 0 0 3380 654 32 35 49 9 1 1 1 1 1 1 0
2176 404 26 20 28 2 0 0 0 1 0 0 0 4382 957 35 38 59 12 1 1 1 2 1 1 0
2852 529 26 23 34 4 0 0 0 1 0 0 0 5004 1058 35 46 73 13 1 1 1 2 1 2 1
3733 712 26 29 38 6 0 0 0 1 0 0 0 5974 1294 35 57 75 16 1 1 1 3 1 2 1
4086 785 26 31 42 7 0 0 0 2 0 0 0 6324 1418 35 59 78 17 1 1 2 3 1 2 1
4183 899 26 36 47 8 0 0 0 2 0 0 0 6958 1579 35 64 80 18 1 1 2 3 1 2 1
4762 976 26 39 55 9 0 0 0 2 0 0 0 7958 1902 35 74 82 25 1 1 2 4 2 2 1
5281 1053 26 42 55 10 0 1 0 2 0 1 0 8166 2065 35 91 98 25 1 2 2 4 2 3 1
5744 1190 26 45 60 12 0 1 0 3 0 1 0 8703 2239 35 93 107 28 2 2 2 4 2 3 1
6198 1358 26 49 70 13 0 1 0 3 0 1 0 9537 2338 35 96 125 29 2 2 2 5 2 3 1
6654 1415 26 52 75 13 0 1 0 3 0 1 0 9918 2449 35 112 125 30 2 2 2 6 2 3 1
7219 1573 26 54 78 15 0 1 0 3 0 1 0 10317 2534 35 113 129 30 2 2 2 6 2 3 1
7458 1661 26 63 80 16 0 1 0 4 0 1 0 10466 2627 35 115 136 30 2 2 2 7 2 4 1
8132 1788 26 69 81 17 0 1 0 4 1 1 0 11234 2699 35 118 144 32 2 2 2 7 2 4 1
8342 1918 26 72 88 18 0 1 0 4 1 1 0 11501 2924 35 138 146 33 2 2 2 8 3 4 1
9204 2059 26 77 96 20 0 1 1 4 1 1 0 12389 3013 35 141 151 35 2 3 2 8 3 4 1
9478 2164 26 82 102 22 1 1 1 5 1 2 0 13075 3196 35 143 165 36 2 3 2 8 3 4 1
9971 2254 26 90 110 22 1 1 1 5 1 2 0 14151 3362 35 144 183 39 2 3 2 8 3 4 1
10276 2395 26 92 116 23 1 1 1 5 1 2 0 14557 3432 35 148 183 40 2 3 2 9 3 4 1
10941 2517 26 98 120 24 1 1 1 5 1 2 0 15111 3495 35 150 184 41 2 3 2 9 3 4 1
11671 2603 26 99 123 26 1 1 1 5 2 2 0 15386 3543 35 152 186 41 2 3 2 9 3 5 2
11927 2735 26 105 131 27 1 1 1 6 2 2 0 16097 3631 35 154 192 45 2 3 2 9 3 5 2
12280 2853 26 108 133 28 1 2 1 6 2 2 0 16598 3770 35 155 198 47 2 3 2 9 3 5 2
12919 2993 26 112 139 29 1 2 1 6 2 3 0 17493 3851 35 165 211 50 2 3 3 10 3 5 2
13370 3138 26 117 140 33 1 2 1 6 2 3 0 17810 4132 35 179 216 51 2 4 3 11 4 5 2
14045 3226 26 120 148 34 1 2 1 7 2 3 0 18544 4235 35 184 217 52 2 4 3 11 4 5 2
14317 3374 26 124 150 35 1 2 1 7 2 3 0 19527 4387 35 186 219 53 2 4 3 11 4 5 2
14791 3443 26 126 155 35 1 2 1 7 2 3 0 20497 4669 35 196 226 56 2 4 3 11 4 5 2
15243 3508 26 131 168 36 1 2 1 7 2 3 0 21307 4915 35 199 234 60 2 4 3 12 4 5 2
15748 3641 26 134 175 38 1 2 1 8 2 3 0 21387 5089 35 200 237 62 2 4 3 12 4 6 2
16015 3710 26 138 180 39 1 2 1 8 2 4 0 22617 5267 35 200 249 64 2 4 3 13 4 6 2
16447 3839 26 143 182 40 1 2 1 8 2 4 0 23038 5384 35 208 250 65 3 4 3 13 4 6 2
16987 3978 26 149 197 41 1 2 1 9 2 4 0 23844 5756 35 212 257 68 3 4 3 13 4 6 2
17361 4039 26 156 199 41 1 2 1 9 2 4 0 24715 5837 35 231 269 75 3 4 3 14 5 6 2
18063 4214 26 158 207 42 1 2 1 9 2 4 0 25487 5975 35 238 284 75 3 4 3 14 5 6 2
18385 4378 26 166 213 44 1 3 1 9 3 4 0 25669 6084 35 242 285 77 3 5 3 14 5 7 2
18751 4468 26 169 216 45 2 3 1 9 3 4 1 25922 6322 35 247 286 79 3 5 3 14 5 7 2
19442 4601 26 172 221 46 2 3 1 10 3 4 1 27035 6506 35 252 297 80 3 5 3 14 5 7 2
